MULTICUT
0 9 -0.0963347
0 23 3.62629
0 24 -1.16715
0 29 0.321705
0 36 -1.06109
0 49 -0.0746423
0 60 2.1523
0 123 0.0206035
1 10 -2.78039
1 13 3.43291
1 15 4.62449
1 55 2.80766
1 56 -3.73241
2 12 -4.99503
2 45 -5.73878
3 9 2.62757
3 16 6.66602
3 41 6.09575
3 47 7.97927
4 11 -1.27785
4 16 -6.92555
4 28 -4.8442
4 31 -1.60463
4 35 4.05078
4 43 -4.14515
4 51 -9.44077
4 59 -5.53733
4 66 -5.53733
4 67 -0.578558
4 87 -0.0544849
4 88 -5.53733
5 11 -2.78039
5 17 -2.36822
5 26 4.24072
5 27 2.86203
5 68 0.16399
6 7 4.56623
6 93 -0.0650525
7 14 -11.0879
7 20 -2.02352
7 21 -1.59683
7 33 1.25517
7 37 4.47563
7 38 -7.08472
7 64 0.273099
7 78 0.0512783
7 93 -2.57466
7 95 3.56204
7 99 3.05178
8 21 -9.26974
8 22 -2.71175
8 44 -4.43612
8 64 -4.8442
8 73 -2.71175
8 74 -4.43612
9 29 -0.0713205
9 36 1.95115
9 41 1.87604
9 46 1.10372
10 24 -5.53733
10 34 5.09402
10 56 1.57696
11 26 -4.8442
11 28 -1.60353
11 31 0.0678239
11 32 -12.8548
11 52 2.10698
12 18 -11.0747
12 39 1.06029
12 40 2.53097
12 45 0.287239
12 48 3.57445
12 50 0.354434
12 58 0.119442
12 61 -0.0391934
12 69 -0.0283098
14 19 -2.18405
14 33 -2.78039
14 38 -6.44912
14 63 -21.9784
14 95 -1.44559
14 99 -3.73241
14 106 -3.73241
14 111 -0.55042
14 117 -6.6812
14 118 -1.84714
14 142 -4.43612
14 148 -5.09308
14 168 -7.03179
14 178 -2.06459
14 211 -6.85509
15 22 -7.14891
15 44 -8.74338
15 55 1.57808
15 74 -1.12464
16 47 1.32411
16 51 2.40099
17 27 -10.9843
17 53 -5.53733
17 54 -4.8442
17 57 -11.0747
17 68 -1.32411
17 83 1.81446
18 19 -0.0389131
18 48 -26.3004
18 63 -10.3815
18 72 -13.4255
18 106 -5.53733
18 110 -5.53733
18 117 -5.53733
18 138 -4.43612
18 148 -10.3815
18 149 -0.272101
18 178 -5.94267
18 211 -3.73241
18 225 11.1598
19 63 -10.3815
20 21 1.52308
21 64 -6.13254
22 44 -0.57535
23 24 -3.43706
23 25 -0.83062
23 30 -2.71175
23 42 -4.68371
23 56 -2.31952
23 60 -0.253073
23 65 -0.635286
23 74 -0.849093
23 82 -7.82223
23 107 -7.16946
23 123 -0.0513659
23 135 -1.83972
23 158 0.78718
23 159 -0.0245728
24 25 -4.8442
24 30 -2.41897
24 34 -5.53733
24 42 -9.45578
25 30 -1.60463
26 32 5.00797
26 52 -6.7805
26 62 5.24495
26 68 0.947107
28 31 -0.180125
29 36 -0.312582
30 42 -1.88061
31 35 -3.20605
31 43 1.43685
31 52 9.27513
32 52 -1.49683
33 38 -3.43706
34 42 2.64699
34 56 2.96003
34 65 -3.57445
35 43 -8.85269
36 46 2.73001
36 49 -0.162444
36 70 0.798588
36 86 -0.0178008
36 96 2.12967
36 98 1.78253
36 105 1.05833
36 116 0.357979
36 120 0.667436
37 38 -0.788202
39 50 0.626611
40 45 0.150771
40 58 0.0231055
41 46 0.383691
41 47 7.02519
41 70 2.48767
42 65 -1.39593
43 52 2.52973
43 59 1.11426
44 74 3.15354
45 58 -0.166173
45 61 3.26576
45 71 2.10127
45 77 1.98633
45 79 -2.52745
45 81 0.584119
45 84 -0.97114
46 70 3.36864
47 51 6.89379
47 70 2.81719
47 85 7.78055
47 87 -11.0747
47 113 4.43612
47 121 -1.54979
47 144 1.71637
48 50 3.76787
48 72 0.496945
49 60 -0.029864
49 86 1.02948
50 58 1.62209
50 61 -0.127688
50 69 -0.173675
50 72 -0.984091
51 87 -4.37178
52 59 5.73207
52 62 -0.0422878
52 66 0.000341669
52 68 -0.176082
52 76 4.57012
52 100 -0.878417
53 54 2.78538
53 57 8.23642
53 101 0.62762
54 57 0.0834599
54 101 2.00458
54 114 -9.5346
55 56 -6.40074
55 74 -9.68249
55 82 -3.31536
55 107 -10.207
56 65 -0.023346
56 82 -7.14912
57 83 -11.0747
57 101 4.63476
57 104 2.85347
58 61 -0.332345
58 69 -0.108769
58 72 -0.330053
59 66 -0.00702171
59 67 0.117338
59 88 0.00185534
59 92 3.22585
59 100 -0.878417
59 119 3.51538
59 132 0.731634
60 86 -1.54924
60 123 2.71931
60 158 -0.012827
60 159 0.179264
61 69 0.213979
61 80 3.08563
61 84 -0.110098
61 89 -0.0327944
62 68 4.75914
62 76 -0.154696
63 106 1.47101
64 73 -0.517023
64 78 0.655225
64 93 -0.156754
64 99 0.267871
66 67 -5.18333
67 88 -8.1022
67 92 0.180957
68 76 -0.406416
68 83 -10.9341
68 94 4.21066
68 100 0.944296
68 128 1.05435
68 139 -1.72077
69 72 -0.0962261
69 80 0.426391
70 96 2.77382
70 109 2.47197
70 120 -0.0171771
70 126 3.09964
70 127 5.64656
70 144 2.63284
70 156 -0.0141597
70 162 1.84763
70 185 -0.117622
70 204 -2.71175
71 77 1.54979
71 79 -1.72077
72 80 -1.10501
72 102 -0.794874
72 110 0.526443
73 74 -0.905358
73 75 -1.23277
73 78 -0.305845
73 91 -0.55042
74 75 0.83062
74 91 -6.3794
74 107 -2.37921
74 135 2.60445
76 100 -1.95639
77 79 -3.14134
77 81 0.642622
77 84 -4.63947
77 89 -1.71172
77 90 -1.68095
77 102 -6.0536
77 108 -5.8692
78 91 -9.97346
78 93 -0.360557
78 97 0.22635
78 99 -0.0376821
78 103 1.89996
80 89 -4.8326
80 102 -2.18405
81 84 -0.305845
82 107 2.64699
83 101 -16.612
83 124 -5.53733
83 139 3.91844
83 143 -4.8442
83 146 -2.58569
83 152 -7.95095
83 174 -0.924411
83 186 -11.0747
83 190 -1.88061
83 200 -0.114521
83 224 1.02457
83 233 8.73049
83 237 -0.739921
83 249 0.0420122
83 256 -0.319477
83 261 -9.68249
83 265 -0.0375868
83 272 1.25309
83 277 0.00654081
83 280 2.83625
83 287 -12.7174
83 294 0.588234
83 339 -4.14515
83 348 -7.65085
83 364 -2.41897
83 374 -2.22758
84 89 -0.179458
84 90 -0.867703
86 116 0.617913
86 123 -0.339234
86 130 -0.132481
87 88 -5.53733
87 92 -14.1245
87 112 -8.64408
87 121 -3.57445
87 131 -5.53733
87 136 -0.148121
88 92 0.00938902
89 102 -0.722426
91 103 -8.76265
91 134 -3.44728
91 135 -4.2483
92 112 2.88641
92 119 2.71175
92 132 0.215993
93 95 -0.475567
93 97 -6.06094
93 99 -2.25465
93 125 -0.101248
94 100 1.9081
95 99 1.33515
96 98 2.7774
96 105 2.72996
96 109 0.601089
96 126 0.216845
97 103 4.97827
97 125 -5.53733
98 105 1.20761
99 111 2.09479
99 125 -5.53733
99 142 10.3755
100 128 0.0241985
100 132 1.40387
100 139 -2.58569
100 152 -0.55042
101 104 3.43706
101 114 -5.75657
101 124 5.7585
101 143 -4.18859
102 108 0.385989
102 110 -1.39357
102 115 -8.3161
103 125 -4.43612
103 129 4.79447
103 134 1.71277
103 135 3.9009
103 158 -2.29604
103 170 0.341388
105 120 0.266738
105 126 0.354496
106 117 -0.54989
106 118 -1.2479
108 115 -0.799538
108 122 0.78878
108 133 -5.54659
110 115 -0.652519
110 122 -4.46306
110 138 -0.226632
111 142 0.195158
112 119 3.86068
112 131 2.41897
113 121 -0.982543
113 136 -1.51155
113 144 0.209213
114 143 -18.6031
114 146 -0.618144
114 163 -6.45278
115 122 -9.3317
116 120 3.05014
116 130 -2.06826
116 147 3.57056
116 155 0.516046
116 156 1.98318
116 171 0.305286
117 118 1.00317
117 148 0.388334
119 131 2.00663
119 132 5.98825
119 137 5.13038
119 152 -1.06888
119 169 4.80032
120 126 -1.78002
120 156 0.366496
120 162 -0.065072
121 136 0.195158
122 133 -7.64217
122 138 -8.48268
122 141 -5.88714
123 130 -1.40409
123 150 2.52184
123 158 -0.0127637
123 159 2.0187
123 161 -3.60463
123 165 2.51645
123 182 -0.926025
125 129 -11.0747
125 142 -11.0747
125 168 -3.20605
125 170 -2.18405
125 195 -8.97439
128 139 -2.532
129 170 1.20029
130 147 -0.00339736
130 155 0.0342797
130 161 -1.04044
130 162 0.763445
130 171 0.0279008
131 136 -0.495525
131 137 4.04648
131 160 3.57445
131 173 1.82056
131 181 2.02342
131 189 2.84492
132 152 -0.0236271
133 140 -0.309256
133 141 0.132481
133 145 -6.88237
134 135 1.30367
135 158 -0.652519
136 144 -5.51678
136 153 -2.11347
136 160 -0.175212
136 172 6.52397
136 173 -2.19285
136 192 2.39795
136 194 0.257567
136 202 -0.00159876
137 169 0.982711
137 181 0.442552
137 189 1.82823
138 141 0.56723
138 145 -13.824
138 149 -7.14891
138 154 -0.867703
139 152 -10.7106
140 145 0.0166526
140 151 -1.17347
140 157 -0.00340423
140 164 -0.00492208
140 166 -2.64699
141 145 -4.99346
142 168 3.0205
143 146 -8.21301
143 174 -2.84266
144 153 1.40108
144 180 0.808204
144 185 -0.12876
144 194 -7.73696
145 149 -3.91844
145 151 -4.00103
145 154 -2.64699
145 157 -0.318116
145 164 -9.89613
145 167 -6.77762
145 177 -3.77287
146 163 -4.28237
146 174 -0.758016
146 186 -1.44559
147 155 0.425945
148 178 -0.386023
149 154 -4.43612
149 177 -5.53733
149 193 -4.43612
149 201 -4.43612
149 214 -3.91844
149 225 -0.21699
149 230 -3.57445
149 244 -6.93417
149 253 -4.43612
149 257 -3.91844
149 258 0.134404
149 268 -2.36822
149 276 -3.31536
149 282 -18.3648
149 283 -27.6867
149 295 -2.22758
149 302 -2.22758
149 309 -4.43612
151 157 -0.180263
151 164 -0.360527
152 169 -0.116857
152 189 -0.479728
152 200 0.431257
155 156 0.338278
155 162 0.0657815
155 171 2.86448
156 162 -0.189624
156 171 0.116425
157 164 1.06578
158 159 -0.00657535
158 170 -4.8442
158 182 -0.904577
158 195 -2.91067
158 205 2.95622
159 182 -3.19008
160 172 -0.0738737
160 173 0.0605264
161 162 -1.20457
161 165 -2.02352
161 182 -2.83542
161 183 -3.43304
161 184 0.139126
161 191 -0.412588
162 171 -0.168504
162 184 -0.0297188
162 191 2.27083
162 204 -14.5267
162 222 0.639692
162 227 0.421534
163 186 4.85184
164 166 -0.321795
164 167 3.37359
164 175 -1.21064
164 176 -2.27269
164 179 -9.1427
165 182 -0.926025
166 175 -2.56872
167 177 1.77824
167 179 -2.85347
168 195 0.226632
168 216 1.47101
168 226 0.83062
168 236 -8.31773
169 189 4.60522
170 195 -1.57696
171 191 0.0643719
172 173 -0.0445614
172 192 4.23635
172 199 1.33939
172 202 0.0491772
172 215 1.74591
172 217 2.57543
172 240 3.13213
172 242 0.146644
172 254 0.0151879
172 281 -0.101446
173 189 1.87622
173 215 1.03882
173 217 3.40615
173 220 0.549503
175 176 -0.179458
175 187 0.663345
175 188 -2.52745
176 179 -1.08303
176 188 -4.89744
177 179 -7.06146
177 193 -0.111535
178 211 -2.02352
179 188 -8.17691
179 193 0.222788
180 185 -0.12876
180 194 -7.12049
180 202 0.00176984
180 204 0.0157713
181 189 1.70318
182 184 -7.04777
182 196 -2.76571
182 198 0.310278
182 203 -3.10675
182 205 -0.433967
182 208 -4.50357
182 218 0.225163
182 231 -0.237929
183 184 -0.246117
184 191 -0.120422
184 203 1.57057
184 209 -4.00647
184 219 1.20133
185 204 0.0570823
186 190 -5.01026
186 212 1.78679
186 237 -5.53733
187 188 -10.1639
187 197 -0.320973
187 201 -0.12877
187 207 -4.02443
187 210 1.39593
187 213 1.49132
187 214 1.67349
187 228 -3.99225
187 230 -1.91493
187 235 -0.483906
188 193 -0.111253
188 197 -1.75131
189 200 -1.55491
189 206 1.11241
189 217 0.378729
189 220 3.5328
189 223 5.40271
189 232 0.267901
191 209 -1.69086
191 227 1.47323
192 194 0.0128432
192 199 3.91076
192 202 0.747436
192 204 0.502452
192 240 1.41381
192 242 2.68795
192 248 -0.0877863
192 254 1.92974
192 255 2.94344
192 267 -0.0471428
192 281 -2.75919
192 293 2.50504
192 304 -0.822155
192 311 -0.0429425
193 201 -1.12464
194 202 0.01392
194 204 0.0117663
195 205 -2.85347
195 231 -2.67478
195 236 -11.0747
196 198 -0.325725
196 208 -1.60983
196 231 0.0985194
196 238 -0.128057
196 239 4.59587e-05
196 251 -0.000473455
198 218 0.0344732
198 221 4.65877
198 238 2.16403
198 239 0.95768
198 251 9.58294e-05
198 259 0.331941
199 215 1.5456
199 254 0.0101253
199 281 -0.0676349
200 206 -0.46714
200 233 -0.117659
201 214 -0.0643851
202 204 0.979398
202 254 0.00506265
202 281 -0.0338174
203 218 -3.01573
203 219 0.0394445
203 221 -2.97628
203 241 -4.8442
204 222 -6.90899
204 248 0.121132
204 254 0.0101253
204 255 0.496593
204 281 -0.0822685
205 231 1.404
206 232 0.0247818
206 233 -6.50548
206 249 -0.482564
207 210 -0.467445
207 228 0.210882
207 245 -3.39715
207 250 -5.63921
209 219 -3.23042
209 227 -0.6853
211 216 -1.47101
211 225 -6.06043
211 226 -4.43612
212 237 -9.11179
212 243 -3.57445
212 252 -3.52433
212 260 0.22138
212 275 -1.69086
212 279 -0.434708
212 301 -5.53733
213 228 -6.94727
213 229 -2.22758
214 230 -0.56723
215 217 0.937746
216 226 2.22758
217 220 5.92083
217 234 0.591892
217 240 5.70974
217 246 6.77191
218 221 0.0361249
219 227 0.973925
219 241 -9.97346
220 223 6.73724
220 232 0.0376327
220 234 3.69001
220 240 5.4954
220 246 4.54078
220 274 2.14198
220 286 0.982543
221 239 0.0569513
221 241 -15.9189
221 259 0.172376
222 227 2.33643
222 248 -3.09529
222 278 -3.73241
222 281 2.38385
223 232 0.0789345
223 249 -5.16444
223 256 -0.55042
223 264 -0.0356448
223 265 -1.63282
223 274 3.01939
224 237 -0.739921
224 261 -9.97346
224 275 -4.14515
224 279 -5.53733
224 287 -17.6334
224 301 0.83062
224 321 -9.26974
224 322 -5.53733
224 330 -1.47101
224 348 -3.91844
225 226 -22.1493
225 257 -5.53733
225 258 -0.124689
226 236 -20.7706
226 257 6.64729
226 262 0.0148674
227 241 -12.3871
227 248 -0.245533
227 278 -5.19237
228 229 -1.44559
228 230 2.31662
228 235 -1.18877
228 247 -3.79926
228 250 -0.704796
230 244 -0.292167
230 247 -0.0584215
231 236 -5.53733
231 238 0.00162402
231 239 0.00490391
231 251 1.12035
231 259 0.0037597
231 270 0.151773
232 249 -0.591134
233 249 1.61863
233 256 -0.0304519
233 265 -0.018455
233 277 0.0377348
236 251 -16.612
236 257 -5.53733
236 285 -3.91844
236 290 -5.53733
236 298 -0.740165
236 310 -3.20605
236 318 -8.39081
237 243 -1.32411
237 260 -2.52745
237 275 -5.53733
238 239 0.0456203
238 251 0.00158291
238 259 0.189513
239 251 0.0141096
239 259 0.855403
239 271 0.0423395
240 254 0.0174514
240 269 5.59075
240 277 -8.15956
240 281 -0.0676349
240 286 2.10127
240 293 1.66916
240 296 5.14052
240 323 -0.794069
240 326 -1.27785
241 259 -5.53733
241 278 -15.9189
241 292 -16.612
241 308 -4.8442
243 252 -0.210882
243 260 -3.10675
244 247 -0.358266
244 253 -2.68503
245 250 -0.515605
247 250 -0.500431
247 253 -3.41559
248 254 -0.00759851
248 255 -0.050907
248 281 1.16582
249 256 -0.0812826
249 265 -0.0194868
249 272 0.0425822
249 277 0.0336583
250 253 0.821264
251 259 0.0896696
251 263 -0.799378
251 270 2.67171
251 271 0.447913
251 290 -0.583528
251 299 -0.423158
252 260 -0.11069
253 266 -6.66451
253 268 -1.30083
254 255 0.0174514
254 267 -0.98923
254 281 -0.181569
254 293 0.0174514
254 304 -0.0774492
255 281 -0.0849127
256 265 -1.27583
257 258 -5.53733
257 262 0.074369
257 283 1.32411
257 285 -7.48408
257 289 0.571508
257 306 -3.57445
259 271 0.180207
259 292 1.776
259 297 -3.73241
261 287 0.305845
263 270 -0.81228
264 265 -0.443701
264 274 -0.142475
264 277 0.183874
265 272 -0.0196589
265 277 -0.512263
265 280 -0.00881633
265 294 -0.00881634
266 268 0.038913
266 273 -2.64699
266 276 -7.18326
267 281 -0.0918767
267 304 -0.0947718
268 276 -2.41897
270 271 0.0823748
270 290 -2.31952
270 299 -0.455084
270 316 0.146237
270 318 -0.962998
270 327 -3.91844
270 334 -0.163779
270 335 -1.44559
270 338 -5.53733
270 347 -16.612
270 356 -6.74813
270 362 1.44559
270 380 4.1243
270 406 -0.188488
270 429 0.637097
270 431 3.40528
271 297 -8.55459
271 299 -0.110261
271 316 1.54694
271 324 1.0101
272 277 0.118745
272 294 0.0125108
273 276 -0.258219
274 277 -3.71682
274 286 0.00778166
275 279 -1.15137
276 282 -10.1445
276 284 0.0339943
276 288 -6.1554
276 291 -3.31536
277 280 0.0176521
277 286 -4.14515
277 294 0.0344184
277 303 -0.775982
277 305 -5.23462
277 313 0.197134
277 323 -1.55566
277 326 0.0950196
278 281 -27.6867
278 308 -1.32411
279 301 -25.1992
279 321 -1.88061
280 294 6.69761
280 374 -2.18405
280 383 1.66155
280 403 -3.91844
280 409 3.41265
280 420 -0.758016
280 430 -0.113478
280 437 2.91945
280 439 -4.8442
280 449 -0.267588
280 469 -5.53733
280 498 2.92206
280 507 -6.5214
280 514 0.289549
280 520 0.0365019
280 521 -5.53733
281 293 -0.29399
281 296 -0.00786322
281 304 4.73149
281 308 0.0254335
281 311 -6.08608
281 319 -0.0859262
281 320 1.9386
281 325 0.321673
281 331 6.19435
281 341 0.000413011
281 343 -2.37057
281 358 -0.347234
281 368 -1.66129
282 291 0.521879
282 295 -8.39072
283 306 -5.53733
283 309 -2.06181
283 312 -7.56548
283 337 1.75538
283 342 -3.01573
283 346 -0.18011
283 357 -0.758016
284 288 -0.271748
285 289 -3.87936
285 306 -10.0689
285 310 -0.12273
285 318 -7.83689
287 322 1.94658
287 339 -8.71684
287 348 -0.545909
288 291 2.63853
288 295 0.00408575
288 300 0.010883
288 314 -1.82168
288 315 1.09579
288 317 0.321795
290 298 -1.28917
291 295 0.0132597
291 300 -0.050159
291 314 -1.52308
292 297 -4.8442
292 307 5.47418
292 308 -4.43612
293 296 10.5853
293 311 -0.152436
294 303 1.10372
294 305 -7.64217
294 313 -3.22631
294 354 -4.8818
294 373 -6.42853
294 391 1.69086
294 408 -2.85347
294 409 0.659691
294 422 -0.924103
294 427 -3.73241
294 435 -2.27269
294 439 -5.53733
294 445 3.31981
295 300 -6.50143
295 302 -7.13662
296 311 -0.00562968
296 326 -1.04226
296 341 3.79395
297 307 -3.07287
297 324 -8.18433
298 318 -3.43706
299 316 -0.15595
300 302 0.490906
300 312 -0.319418
300 314 -1.54979
300 315 0.049738
301 321 -10.7093
301 330 -2.41897
301 336 4.68682
301 348 -5.53733
301 364 -4.8442
301 369 -4.8442
301 375 -4.8442
301 390 1.25517
302 309 -0.132481
302 312 -0.543713
305 313 -2.65428
305 326 -0.321795
305 345 -1.00747
305 354 0.423631
306 318 -5.53733
306 328 -11.0747
306 346 -9.97346
306 347 7.21651
306 385 -3.18631
306 394 -0.32312
306 402 1.15425
306 411 5.94366
306 431 -9.97346
306 444 -0.613724
306 465 0.41229
306 478 1.71039
306 492 0.00133801
307 308 -0.0700634
307 319 -8.52139
307 324 1.93163
308 319 0.133601
309 312 -5.12948
310 318 1.17729
312 315 3.70942
312 329 -3.21106
312 342 -0.116857
314 315 -1.32068
315 317 3.22849
315 329 -17.6561
315 333 -0.561446
316 324 2.07851
316 335 -5.52247
317 329 -2.58569
317 333 -3.3301
317 349 0.740165
317 355 -2.50563
318 327 -0.695589
318 328 -0.321795
318 338 -11.0747
319 320 -0.0481099
319 324 -4.8442
319 325 -0.221179
319 332 -4.23445
319 344 -21.8233
319 353 1.96626
319 359 1.79365
320 325 0.153607
321 330 -0.886457
323 326 -0.0950197
324 335 -1.66668
324 352 -2.44887
324 359 -3.57445
324 363 -2.85347
325 331 0.050514
325 343 -0.0175982
325 353 -2.36822
326 341 -7.94729e-08
326 345 -3.57445
326 354 -3.57628e-07
327 338 -0.56723
328 338 -3.43706
328 347 -7.02181
329 333 0.669846
329 340 -2.31865
329 342 -0.00487536
329 349 -11.7627
329 350 -2.33433
331 341 -0.00234823
331 343 -4.46444
331 353 -5.53733
331 358 -1.21709
331 368 -1.2409
332 344 1.47101
334 335 -1.34772
334 356 -4.43612
335 356 -9.70349
335 363 -3.36427
336 390 3.87551
337 346 -1.34983
338 347 4.41908
338 362 -5.53733
339 348 -2.72076
340 349 -2.36822
341 354 0.41407
341 368 -0.0347004
341 373 -1.758
342 350 0.0481949
342 351 1.06634
342 357 -4.5958
342 366 -0.263788
342 367 -0.434708
343 353 -0.536697
344 353 -4.8442
344 359 -0.342282
344 370 -0.136335
344 386 -5.53733
344 419 2.94217
344 424 -10.7465
344 436 -14.867
344 441 -9.26974
344 456 -0.186023
345 354 -0.22286
346 357 -0.181261
346 378 0.584167
346 385 -6.40379
346 393 -2.41897
347 362 -5.53733
347 394 -0.274059
347 431 -4.43612
348 364 -0.962998
349 350 -0.924411
349 351 -1.39427
349 355 -3.01573
349 360 -6.8593
349 361 0.687271
349 366 0.101247
349 367 -4.66709
350 351 0.012629
351 366 -0.368578
352 356 -2.71175
352 359 -2.83586
352 363 -1.49683
352 370 0.0241913
353 368 0.0963034
353 386 -0.0379067
354 373 -0.117196
354 391 -1.08303
355 360 0.894655
355 365 0.410979
356 363 -0.116857
356 370 -3.73885
356 380 -5.53733
356 406 -5.53733
356 412 -3.91844
356 415 -4.14515
356 429 -9.45578
356 448 -10.3815
357 367 -2.22758
357 371 -4.12146
357 378 -0.0400902
357 393 -0.0791328
357 396 -1.25307
358 368 -0.148121
359 370 -0.144061
359 419 -0.0986926
360 361 -0.101248
360 365 1.36311
360 367 -0.195158
360 377 -0.541824
360 379 -0.222232
360 388 -1.93434
360 389 1.98633
360 399 -3.50365
364 369 -2.31952
364 374 -2.41897
364 375 0.920923
364 381 -0.368405
365 377 -1.57696
365 382 1.12464
365 388 -4.43612
366 367 -0.677119
367 371 -11.0747
367 372 0.224379
367 376 -0.478862
367 379 -0.56723
368 373 -0.310584
368 386 -10.9501
368 387 -0.511545
368 408 -4.9751
369 375 -5.02643
370 419 -0.701993
370 438 -3.02405
370 448 -8.11898
370 473 2.18405
370 476 -1.60463
371 376 -1.23277
371 384 -1.98633
371 393 -0.152609
371 396 -0.00448757
371 404 2.6246
372 376 -0.141076
372 379 -1.98633
373 386 0.122399
373 391 -0.617288
373 408 0.468575
373 422 -0.178453
374 381 -0.635286
374 383 -1.91493
374 397 -0.905358
375 381 -1.1026
375 390 -3.73241
375 392 -8.6199
375 397 -0.00778178
375 398 -0.484447
375 403 -5.94737
375 410 -2.58569
376 379 -0.930404
376 384 -0.0474817
377 388 -2.02352
378 393 -3.59597
379 384 0.0474817
379 399 0.165286
379 400 -4.57055
380 406 -0.00249522
380 412 -2.71175
381 397 -0.418426
382 388 -1.78253
382 395 -3.86505
382 407 -1.63282
383 397 -3.10675
383 403 -8.87224
384 400 -0.101248
384 404 -7.4912
385 393 0.0182752
385 401 -0.305146
385 411 -0.177229
386 408 0.907481
386 424 0.0317209
387 408 -4.8442
388 395 -0.924411
388 399 -3.01573
389 399 -1.44559
390 392 -2.85347
390 405 -10.8569
390 426 -4.14515
390 433 -4.8442
390 457 -0.325348
390 464 5.04997
390 482 0.139168
390 493 -0.0995614
390 494 2.12246
390 504 0.069584
392 398 0.0592625
392 405 -4.14838
393 396 0.0225955
393 401 -0.140622
393 404 -1.79717
393 411 -0.962998
393 414 -2.68372
394 402 -0.16156
394 431 -4.8442
395 399 -0.353819
395 407 -0.623187
397 403 0.148121
398 405 -0.0390611
398 410 0.00778174
398 413 -6.46467
399 400 -0.441647
399 404 -4.14515
399 407 0.0905349
399 417 -0.152917
399 418 -3.12854
399 423 -4.43612
400 404 -1.27758
401 411 2.66866
402 431 -11.0747
403 410 0.280363
403 416 -1.52308
403 420 -4.8442
404 411 4.78636
404 414 2.30266
404 418 -6.61745
404 421 2.22758
404 432 2.27269
404 440 -2.27269
405 413 -13.8691
405 416 -1.27785
405 420 -6.247
405 426 -5.39086
405 430 -4.14515
405 433 -0.483906
406 412 -0.0700634
406 415 0.0163389
406 429 -0.98393
407 417 -1.12368
408 422 -1.36646
408 424 0.887425
408 427 0.606764
408 435 -1.83762
409 439 -2.58569
410 413 -2.70139
410 416 -0.210882
411 414 5.13717
411 421 3.19884
411 440 -2.31952
411 444 -0.306862
411 454 -8.87224
411 465 0.337616
412 415 -2.52745
413 416 -0.210882
416 420 -1.18877
417 423 -14.1617
418 423 -1.42058
418 425 0.131307
418 432 -9.80241
419 438 0.024814
419 441 -0.096618
420 430 2.6234
420 446 -0.00430432
420 455 -0.0840451
422 427 -0.391769
423 425 -0.116857
423 428 -8.81798
423 434 -2.31242
424 435 -2.0283
424 436 0.552212
424 468 1.60024
424 501 0.275501
425 428 -0.0389525
425 432 -0.525186
425 434 -0.131285
426 430 -10.3815
426 433 -2.47197
426 455 -8.87224
426 457 -6.72482
428 434 -2.03155
429 431 1.40504
429 448 3.53596
429 458 4.20097
429 463 1.94403
429 475 -0.323913
429 485 2.13382
430 437 -0.00171888
430 446 -0.3095
430 449 0.888522
430 455 -0.638658
430 460 3.5325
430 469 -6.93417
430 470 0.92323
430 471 -4.60487
431 463 0.557841
431 475 -0.134854
431 478 -1.72077
432 434 1.89222
432 440 -7.62738
432 442 -4.43612
432 443 -9.97346
434 443 -9.95486
434 450 -0.258219
434 451 1.02216
434 459 -6.22177
435 445 -0.441772
435 468 -0.209745
436 441 3.33829
436 456 0.849604
436 467 -0.924411
436 468 2.6626
436 486 -3.73241
436 489 0.0212005
436 491 1.5683
436 495 -0.163779
436 501 0.357723
437 449 -0.147899
438 441 -0.385324
438 452 -0.242381
438 466 0.803068
438 472 -0.0484618
438 473 -11.0703
438 486 3.77783
438 495 0.145283
439 445 -9.75212
439 479 -0.369888
439 490 -9.04875
439 505 0.138269
439 507 0.422673
439 509 -2.3939
440 442 -3.04734
440 454 -0.635286
441 452 2.08999
441 461 -0.618245
441 466 -2.70213
441 467 -4.65602
441 489 0.311126
441 495 -2.21829
441 501 0.0876118
442 443 1.49683
442 447 -2.64699
442 450 -1.63282
442 453 -2.32108
442 454 -0.180964
443 450 -14.1294
445 468 -7.04337
445 479 -1.27785
445 486 2.52745
445 490 -0.132481
446 449 -0.00430432
446 455 -0.0336357
446 460 -0.0394985
446 462 -0.534651
446 471 0.937678
446 482 -0.412633
447 450 0.565855
447 453 -0.72224
448 476 -2.21889
448 485 2.40235
448 497 2.63038
449 455 -0.0840451
450 451 -0.0544849
450 453 -1.4368
450 459 -2.68655
451 459 -2.31952
452 461 -0.618245
452 466 -3.57091
452 472 -1.71683
453 454 2.6802
453 459 0.467445
453 474 -3.16676
454 465 -1.66155
454 474 -0.37611
454 478 -3.31536
455 457 1.27746
455 462 0.0710906
456 501 0.039841
457 462 2.37196
457 464 -6.9584
459 474 -2.37981
459 480 -0.0153809
459 483 -1.83754
459 487 -5.53733
460 471 -0.866673
461 466 -0.924411
462 464 -0.0131708
462 477 0.179797
462 482 0.306605
463 475 -0.662119
464 477 -0.0210056
464 482 1.98672
464 493 -0.796247
464 499 2.12161
465 478 0.590709
465 492 0.00133801
466 472 -3.31749
466 486 3.98869
466 495 0.0906531
468 486 -10.0806
469 470 -5.84139
469 498 -2.64699
470 471 -0.66116
470 482 4.32722
470 498 9.54327
470 520 0.132566
471 482 -6.88266
473 476 -9.88682
473 486 -1.75131
473 512 4.85084
474 478 -2.71175
474 480 -0.172404
474 481 -10.9262
474 484 0.271037
474 487 -8.41866
475 478 -3.91844
475 485 -0.14671
475 488 -13.0022
475 497 -0.309616
475 502 1.0635
475 503 -0.175789
476 512 -3.94603
478 481 1.80653
478 487 0.847489
478 488 2.88853
478 492 -2.13505
478 497 -1.39593
478 508 7.54086
478 510 -0.924411
478 512 2.72343
478 516 0.137373
478 527 -0.436685
478 535 0.0710739
478 542 0.0248854
478 548 2.66305
478 549 0.0229271
478 550 0.024802
478 551 0.391658
479 490 1.24483
480 483 0.0587299
480 484 -0.166811
481 487 2.17469
481 492 -0.314078
481 496 1.44559
481 500 -23.8752
481 508 0.0330805
481 510 -3.55499
482 494 4.86758
482 498 11.4464
482 499 1.84859
482 504 2.07493
482 520 0.41511
482 522 2.36122
482 523 2.06181
482 526 1.84714
482 528 12.9205
482 532 -1.51168
482 533 2.05264
482 540 3.47527
483 484 -1.12021
483 487 -3.90895
484 487 -5.53733
485 497 1.26636
486 490 -1.27386
486 495 2.56447
486 501 -10.3815
486 509 -0.320788
486 512 -5.53733
486 513 5.19597
486 518 2.31952
486 520 -16.2418
486 524 -3.57445
486 537 -1.91493
486 539 -6.20125
486 565 4.29279
486 567 -4.43612
486 577 -11.982
486 579 -8.15956
486 590 -3.57445
487 492 -0.545824
487 500 -3.73241
487 506 2.47197
487 508 0.194381
487 510 -7.45185
487 515 -8.87224
487 517 -11.0747
487 519 -4.6225
487 535 0.195992
488 492 -0.2065
488 502 -7.65173
488 508 0.194381
488 516 1.16505
489 495 -3.07479
489 501 0.075119
490 509 2.50972
491 501 0.0385126
492 508 -0.441962
492 516 -0.0320257
492 535 -0.0618983
492 542 -0.0159195
493 494 -0.398245
493 499 -0.195158
494 499 2.50973
495 501 -3.91844
495 513 0.775982
495 524 -2.58569
496 500 -0.704796
497 503 -3.10334
497 511 5.13071
497 512 -7.95095
497 527 -1.88061
498 520 11.9516
498 521 -5.53733
498 525 -8.54144
498 528 7.18356
498 538 3.22169
498 543 0.169385
498 545 -2.71175
498 546 4.04339
498 547 0.522968
498 557 9.79074
498 570 4.83979
498 576 -0.0893179
498 578 6.09556
498 582 0.157903
498 591 5.28353
498 592 5.3539
498 599 1.06446
498 604 6.58991
498 605 0.16043
498 620 0.0780532
498 624 0.0394417
498 633 -0.993982
500 506 -2.14198
500 510 -0.56723
501 513 -8.64408
501 518 -7.85993
502 503 -0.993528
502 516 -5.53501
503 511 -1.54979
503 516 -1.12464
505 507 -0.768066
505 509 -0.530141
507 509 -2.6851
507 514 -5.8686
507 520 -0.425963
507 525 -0.00330918
507 529 -0.148466
507 531 -0.149459
508 516 0.0961797
508 535 0.182706
508 542 7.48335
508 548 2.06181
509 520 2.7087
509 529 0.0239313
509 531 0.0785054
511 516 -2.93164
511 527 -2.41897
512 539 10.2134
512 548 3.5923
512 549 0.0470167
512 550 0.0222142
512 552 4.35478
512 558 0.840935
512 564 -0.0305482
512 574 0.00620962
513 524 -5.21434
514 521 -4.71104
514 525 -0.47248
515 517 0.404698
515 519 -0.40792
515 541 -0.0116449
516 527 -5.48701
517 519 -0.573184
517 534 -1.42058
517 535 -4.96243
517 536 -2.31952
517 541 -0.0481888
517 544 -3.57445
519 541 -0.018035
520 525 -2.51719
520 528 0.323019
520 529 1.60452
520 531 9.72634
520 537 5.05318
520 538 0.0365019
520 543 1.04848
520 545 -2.71175
520 546 4.18636
520 547 0.307823
520 553 1.34772
520 556 2.85347
520 557 0.457999
520 570 0.392699
520 576 -0.0893179
520 577 10.5236
520 578 0.331395
520 582 3.94733
520 591 0.454161
520 592 0.372482
520 595 4.04095
520 599 0.0756923
520 602 2.93164
520 604 0.549311
520 605 0.13489
520 617 6.07595
520 620 0.22699
520 623 0.303119
520 624 0.15308
520 628 2.10127
520 632 1.71902
520 633 -1.19297
521 525 0.236242
522 532 -1.78305
523 528 1.47101
525 529 -0.0444674
526 528 8.75025
526 530 -0.0541136
528 530 -0.0361464
528 532 -0.382213
528 533 11.5306
528 540 0.17962
528 557 3.49038
528 561 1.54979
529 531 0.0444877
532 533 -0.455368
532 540 -0.0799963
534 536 -0.467445
534 541 -2.93164
535 541 -0.163779
535 542 6.13882
536 541 -1.57696
539 558 2.06181
539 565 -1.08303
539 567 2.00464
541 542 -2.64699
541 544 -3.73241
542 544 3.7537
542 548 5.88814
542 554 5.30787
542 560 0.116857
542 562 1.45825
542 563 0.0700632
543 545 -1.34772
543 546 1.63158
544 554 0.988873
544 555 0.768477
546 547 1.87642
548 549 1.59075
548 550 0.0815245
548 551 0.195107
548 552 0.0163854
548 560 1.16931
548 562 2.34865
548 563 8.49049
548 564 -0.416076
548 566 3.20604
548 568 -2.36453
548 569 2.10127
548 571 5.74014
548 573 2.52745
548 574 3.57789
548 575 -0.174847
548 588 2.5678
548 594 1.38063
548 597 0.0645999
548 598 0.03933
549 550 0.0292502
549 551 0.0716127
550 551 0.0325548
552 564 -0.0176934
552 574 0.00859637
552 575 -0.00146691
554 555 3.68584
554 562 3.12021
555 559 1.13474
555 562 2.01408
557 561 1.00226
557 591 2.59698
557 600 2.89262
557 603 -1.2308
557 605 0.336966
557 606 0.016638
557 618 2.69289
557 620 2.28779
557 624 0.536859
557 626 -0.060351
557 629 1.2462
557 633 -0.263808
558 564 -0.10593
558 567 2.28591
558 572 0.42504
558 575 -0.237057
558 581 -5.20405
558 583 2.83282
558 585 -1.37165
559 562 8.80129
560 562 1.17183
560 563 3.16218
562 571 3.54573
562 586 1.29579
562 589 2.81643
562 593 0.424325
562 601 3.31814
562 607 0.0726526
562 611 0.0665386
563 568 -1.03517
563 569 2.36822
563 573 4.09899
564 574 -0.136472
564 575 0.638244
565 567 -8.41866
566 568 -0.584119
567 579 0.0906019
567 580 -6.03342
567 583 1.78223
568 569 -0.0389131
571 586 1.08775
571 587 2.5598
571 594 2.29194
571 596 0.0103801
571 597 3.56263
571 598 0.28237
571 607 0.0363263
571 609 -0.8694
571 615 -4.30849
571 621 -0.0259071
572 575 -12.9604
572 581 -6.76376
572 585 -0.500431
574 575 -7.59252
574 584 0.258723
574 588 2.50108
574 598 -0.138647
575 584 -2.58569
575 585 1.69086
577 590 4.76841
577 595 0.522532
577 610 0.274059
577 613 2.38172
577 630 0.00658902
579 580 -3.47537
579 590 -2.6736
580 583 -1.14578
580 585 1.49683
580 590 2.46798
581 585 1.52308
583 585 -7.28943
584 585 -4.43509
584 588 0.173064
584 598 -0.825343
584 613 -0.669846
585 590 3.73384
585 613 5.41943
586 607 0.0363263
586 609 -0.113848
587 596 0.00648149
587 597 0.146577
587 609 -0.302594
588 598 -0.229225
589 601 0.130753
590 613 0.483906
591 603 -0.823304
591 605 0.393927
593 601 1.22354
593 607 0.377942
594 598 0.104473
594 615 -2.31625
594 616 0.0918248
594 621 0.417415
595 602 2.78039
595 612 3.73241
595 613 0.521115
595 617 1.34907
595 622 2.67442
595 623 2.62676
595 630 0.0310122
595 631 -0.304963
596 597 0.0965307
596 608 0.0110054
596 609 -0.0324357
597 608 0.0119011
597 609 -0.884653
597 615 -1.98633
597 616 -1.88061
598 613 -0.0544849
598 621 -1.22768
600 605 0.0704167
600 606 0.01662
601 607 1.07548
601 611 0.768796
601 619 -3.12531
604 620 1.51413
604 624 0.280327
604 633 -0.527616
605 606 0.0996932
605 618 4.865
605 620 0.194393
605 624 0.27092
605 626 -0.222026
605 629 0.125962
606 618 0.0331928
607 609 -0.000947528
607 614 1.35116
607 616 0.0224129
607 619 -21.6103
607 621 1.08015
607 625 -0.944143
608 609 -0.00186837
609 616 0.00505324
609 621 0.00157918
611 619 -0.0729502
611 625 -5.53733
613 621 -11.5782
613 630 -2.65242
613 631 -3.7058
614 621 0.0363533
615 616 -4.14269
616 621 0.339016
617 623 4.22389
617 630 0.0147049
617 631 -0.153818
617 632 2.70381
618 624 0.0426744
618 626 -1.54114
618 634 0.0702298
619 625 -18.1346
619 627 -1.30083
620 624 0.770782
620 633 -0.462978
624 626 -0.0136789
624 629 0.260351
624 633 -0.954813
625 627 -7.45185
626 634 -0.00602359
628 632 0.321795
630 631 -0.0863221
632 633 -0.0424072
