MULTICUT
0 7 2.985
0 10 1.92702
0 39 6.95697
0 77 -2.64699
0 90 3.31536
0 98 0.195158
0 104 15.0937
0 109 3.87979
0 169 1.05517
0 177 2.3314
0 178 -4.43612
0 200 0.451047
1 8 -3.44852
1 13 -2.1034
1 25 0.344119
1 30 -1.54812
1 32 -1.29321
2 12 -4.76117
2 13 -1.87126
3 8 -10.3815
3 18 -3.43706
3 29 1.06254
3 35 -0.132481
4 14 1.84714
4 15 -1.02216
4 18 -8.58127
4 21 -8.28126
4 29 -0.188515
4 46 4.72189
4 63 -4.8442
4 64 0.369897
4 65 -4.37051
4 70 -0.195192
4 72 -8.64408
4 74 0.905357
4 75 1.71142
4 76 2.61502
4 93 4.62668
4 94 1.67145
4 114 -11.0747
5 11 -19.3581
5 16 -3.10675
5 17 6.3084
5 28 -0.284966
5 40 -5.53733
5 49 0.56723
6 9 1.54614
6 22 2.15194
6 23 2.14198
6 40 0.0459582
6 54 -4.14515
6 56 -4.43612
6 60 0.353819
6 62 2.98798
6 68 3.0683
6 69 0.0498413
7 10 0.650507
7 19 -3.53614
7 34 0.11846
7 39 5.8411
8 20 -0.168929
8 29 -9.28032
8 30 -2.85347
8 31 -6.1488
8 33 -2.14198
8 35 -3.01573
8 38 -4.00654
8 41 -4.16282
8 42 -4.76704
9 17 -5.53733
9 22 0.184565
9 37 -0.0965207
9 40 0.192225
11 14 -3.91844
11 27 -4.48294
11 36 -9.88728
11 49 -3.31536
12 13 -2.78039
12 19 -3.91844
12 24 -1.95524
13 24 -4.25656
13 26 -5.79173
13 32 -7.57679
13 43 0.00846248
13 45 0.120896
13 47 -0.781408
13 48 -4.43612
14 21 -7.35179
14 27 -12.0507
14 46 2.06181
15 18 -2.93164
16 17 -5.63488
17 28 -0.248211
17 37 -4.14515
17 40 -18.0061
18 29 -2.58569
19 24 -3.49963
19 34 -2.2771
19 39 -1.41215
19 43 -0.00199955
19 45 -0.043342
19 66 -9.18785
19 77 0.433031
19 81 -0.0167103
19 83 -4.14515
19 130 0.0325932
21 46 -2.14198
22 40 -0.126852
22 56 -1.81446
23 54 -2.93164
24 43 -0.0389131
25 30 -0.961263
25 32 -1.40117
26 32 1.52308
27 36 1.70342
27 46 -4.43612
27 51 -0.321795
27 53 -3.33232
29 31 0.0480206
29 33 -0.132356
29 35 -0.181879
29 41 0.0455931
29 55 -0.0906818
29 57 -9.26974
29 63 -4.14515
30 32 -0.365243
30 42 1.36704
30 58 -0.0472771
31 33 -0.0114512
31 35 -0.344779
32 45 -0.0111659
32 48 1.60463
32 52 3.5718
32 58 2.68445
34 39 0.23692
36 44 1.02373
36 49 4.74466
36 50 5.68767
36 51 -1.32411
36 53 -11.0263
36 67 -5.53733
37 40 -0.0676447
38 41 -2.22019
38 42 -4.67085
38 61 -1.37165
39 77 -0.728097
39 90 0.336928
40 49 -23.8129
40 56 -10.0561
40 60 2.43769
41 55 -0.0970916
41 61 -0.601089
41 64 -3.73241
42 58 -0.483539
42 59 -0.0428059
43 45 0.0516506
43 47 -0.0568795
43 52 -0.00240325
43 66 -0.00289952
44 50 1.08418
45 47 -0.607125
45 48 -0.0513477
45 52 -0.285913
45 58 -0.0433488
45 59 -0.0216744
45 66 -0.0306711
46 51 -11.0707
46 67 2.93164
46 70 -5.8077
47 48 -2.34886
48 52 1.03701
49 60 -5.8072
49 67 -19.9469
49 68 -5.53733
51 53 -5.86862
51 67 -7.9563
52 58 5.50713
52 59 3.11043
52 66 1.36061
52 81 -16.612
52 84 -4.26952
52 91 0.24241
52 101 2.17457
52 113 0.237746
55 57 -0.00778178
55 64 -3.01573
56 60 -1.66155
57 63 0.0544848
57 64 -2.18405
58 59 6.53693
59 61 -6.21211
59 71 -8.87224
59 78 -4.8442
59 84 -4.12751
59 86 -0.867703
59 92 -0.217827
59 97 3.14543
59 101 3.95265
60 68 0.669846
61 64 -6.78856
61 71 -3.43706
62 68 2.71575
62 69 1.55547
62 73 5.51884
63 64 -3.91844
63 72 -1.21064
64 71 -4.14515
64 72 -5.53733
64 86 1.10372
64 93 3.15015
64 95 -2.27269
64 99 -4.0876
66 81 -5.53733
67 68 0.0172834
67 70 -1.75131
67 75 6.26345
67 82 -1.30083
67 87 0.04118
67 88 0.00988758
67 94 0.0105924
68 73 12.3612
68 79 3.28514
68 80 6.26478
68 82 -6.06043
68 85 -0.0394494
68 87 0.216093
68 88 0.00538705
68 100 3.82239
68 102 3.64754
68 105 4.98858
68 108 3.20604
69 73 5.47065
70 75 -2.78039
70 76 -4.1995
71 78 -0.874053
71 86 -7.69767
72 74 -4.43612
73 102 1.66155
73 105 9.09294
75 76 1.5928
75 87 0.0130023
75 94 0.0204985
77 81 -0.380673
77 83 -5.39935
77 90 -1.34762
77 109 -4.30273
77 115 -2.10127
77 130 0.262592
77 152 -9.64434
77 176 -2.71175
77 178 -0.0144006
77 189 0.348367
78 86 -2.27269
79 85 -0.0394421
79 87 0.449661
79 100 4.16822
81 83 -3.50485
81 91 -4.8442
81 110 -1.88061
81 113 -8.74338
81 115 0.0560654
81 130 -2.54181
81 138 -2.82158
81 152 -2.78039
82 85 -0.163779
82 87 -8.99337
83 115 -0.0560656
85 87 -0.436678
85 100 -0.243028
86 89 -0.0172214
86 92 -0.183457
86 95 -14.6355
86 96 0.109779
87 88 0.597951
87 94 0.239312
87 100 3.56814
88 94 0.104644
88 100 1.91749
88 103 0.207545
88 107 -4.8442
88 111 -0.961828
88 122 -0.10707
89 92 -0.366914
89 96 -0.604868
92 95 -4.43612
92 96 -0.116857
92 97 -0.153538
92 101 -0.251869
92 110 -3.10675
93 99 -4.61507
93 114 -15.9189
94 107 -13.6021
94 112 4.63161
94 114 -2.71175
95 96 -7.01151
95 99 -4.96445
95 106 -2.11077
95 110 0.449277
97 101 2.25581
97 110 -13.8276
98 104 2.04961
99 106 -14.3
99 114 -1.69477
99 127 0.00778166
100 103 5.36034
100 105 0.394028
100 108 3.78864
100 118 0.486146
100 122 0.0368208
100 123 1.74376
101 110 -4.8442
101 113 0.913635
102 105 3.73241
103 111 -0.557971
103 121 -0.031627
103 122 -0.219961
104 129 3.7728
104 154 8.9075
104 177 8.05068
104 200 3.06933
104 217 -2.41897
104 223 12.8764
104 225 1.19224
104 234 1.27527
104 238 0.00197622
104 243 -0.0057951
104 245 1.36771
104 253 2.41638
105 108 0.665129
105 117 0.9634
105 118 0.1081
105 120 14.6904
105 123 1.24023
105 128 0.553229
106 110 -3.43706
106 124 -11.4693
106 127 -16.3637
106 135 -3.68821
106 161 -4.14515
106 166 -9.97346
106 167 0.451047
107 111 -1.63282
107 112 -2.14198
107 116 -10.1946
108 122 0.0152471
108 123 0.42717
109 169 0.603967
109 178 -6.10249
110 113 -11.0747
110 124 0.618144
110 126 -5.05308
110 131 -15.3641
110 138 -1.27785
110 143 -1.25517
111 116 -0.498824
111 121 -3.28969
112 114 -5.20802
112 116 -3.39515
112 119 -2.58569
112 121 0.184886
112 125 -0.289934
112 132 3.18742
114 119 -5.70187
114 127 -5.08559
115 130 -0.418426
116 121 -1.12464
117 120 1.70472
117 123 0.261896
117 128 0.860043
118 122 0.109158
118 123 1.40795
119 125 -5.01268
119 127 -3.91844
120 128 7.87832
120 136 10.7875
120 140 3.10675
120 147 2.93164
120 149 4.33844
120 156 -1.32411
120 159 3.91844
121 122 4.48472
121 132 0.905073
121 142 -11.0747
122 123 1.27502
122 134 0.0656933
122 137 -16.612
122 142 -4.14515
122 145 0.758015
122 153 -5.53733
123 128 3.52505
123 133 0.514582
123 134 0.733275
123 146 1.51106
124 126 -4.86514
124 135 -5.14861
124 144 -1.40819
124 161 -0.56723
125 127 -0.148121
125 132 -3.44751
125 139 -5.35199
125 142 -4.8442
126 131 0.344733
126 144 -1.75131
126 161 -2.93164
126 162 0.0448179
127 139 -10.3815
127 141 -11.4092
127 155 -6.92555
127 164 -0.0441741
127 166 0.0883482
128 133 0.705358
128 146 3.54549
128 147 2.28135
128 148 9.01082
131 143 -0.115812
131 152 0.0950697
131 162 4.53513
131 163 3.03319
132 142 -31.4297
134 137 -1.08303
134 146 1.13812
136 140 1.78253
136 149 1.32509
136 159 2.53361
137 145 -5.53733
137 146 -15.5108
137 151 3.21552
137 157 -0.305845
138 143 -2.06557
138 152 0.867703
139 141 1.14578
139 142 2.73001
139 150 0.00847269
139 153 -0.00586399
139 155 1.94586
139 165 -0.16188
142 150 2.01748
142 153 -0.387119
143 152 -2.39056
144 161 -1.25517
145 153 -5.53733
145 157 -0.635286
146 148 0.394423
146 151 -6.2862
146 153 -8.87224
146 157 -0.687271
146 158 0.514708
146 168 2.04545
147 148 0.568621
147 156 -1.21651
148 156 -0.683761
148 158 0.301911
148 159 0.60432
149 159 2.50526
149 170 3.57445
149 171 0.897576
149 172 -0.183862
150 153 -4.76827
150 160 -1.44559
150 165 -0.601089
150 175 -8.05025
150 181 2.2501
150 182 -2.43191
150 183 -0.421868
150 186 -0.83062
150 196 -1.30083
150 198 -0.263866
150 214 -0.0327689
150 219 2.23602
152 162 2.73959
152 163 1.66155
152 173 1.66155
152 176 -2.26875
153 157 -4.14515
153 168 -13.2888
153 183 -1.03468
153 196 -1.84714
153 202 -5.53733
153 216 -9.37057
153 218 -3.91844
153 229 0.951478
153 232 -0.758016
155 164 -5.53733
155 165 -6.322
155 180 0.103232
155 190 -0.136931
156 159 -2.41088
158 159 2.24116
158 168 1.04962
158 172 -0.836766
158 184 -4.64372
158 185 1.40788
158 188 4.8958
159 172 -0.808508
160 165 4.83607
160 175 2.93167
160 186 0.488796
160 203 1.43659
160 204 7.2496
160 212 3.00382
160 240 0.0102928
161 162 -12.7907
161 163 -4.8442
161 167 -3.57445
161 174 -21.8292
161 193 -1.63282
162 163 6.96143
163 173 0.83062
163 176 -1.60463
163 178 -3.43706
163 189 -4.8442
163 193 -1.76094
163 199 -0.56723
164 166 -4.09061
164 190 -4.14515
164 209 0.81228
165 180 -0.656937
165 190 0.137101
165 201 2.42605
165 203 7.12508
166 167 -3.57445
166 174 -2.22758
166 179 -6.59018
166 192 -2.52745
166 209 -2.41897
167 174 0.305845
168 185 1.18362
168 188 3.14559
168 202 3.9828
170 171 1.72077
170 172 -0.982543
171 172 -0.652519
171 188 2.58569
171 191 1.436
171 195 -0.83062
171 197 1.92363
172 188 -1.95015
173 176 -0.924411
174 179 -9.97492
174 192 0.871823
174 193 -0.122826
174 208 0.629907
174 209 -0.314954
174 215 -0.292729
175 186 0.657684
175 204 5.37278
176 189 -2.27269
177 200 2.02494
178 189 -0.00586011
178 194 -2.04687
178 199 -2.31952
178 200 -4.14515
178 207 -2.06181
179 192 -8.58127
180 190 -0.274033
181 182 -0.0352467
181 186 -3.2377
181 187 -1.283
181 205 -0.241978
182 187 -6.6278
182 198 1.27785
183 196 -4.63317
184 185 -0.163779
184 188 -3.10675
185 188 0.81228
186 204 1.63318
186 205 4.16042
186 247 3.08263
186 256 1.44559
187 198 -3.04662
187 205 -18.7361
187 206 2.14198
188 195 -7.07059
188 202 6.10039
188 218 -0.000508164
188 221 -0.292784
188 222 0.00642591
188 224 -3.43706
188 231 -0.000406325
190 201 0.341649
190 209 -4.14515
190 210 0.115174
191 197 2.27505
191 227 -1.95015
191 241 -1.78253
191 270 0.96768
191 273 -4.21157
191 287 -4.78718
191 291 -3.81381
191 295 -3.48773
192 209 3.73342
193 199 -0.274059
193 208 -0.061413
194 200 -5.1051
194 207 -5.03721
195 197 -3.66773
195 221 1.28656
195 227 8.30152
195 263 0.136666
196 216 0.0679108
196 219 -6.82072
197 227 -1.21064
198 206 -6.92917
198 214 0.891759
198 219 0.0490293
199 207 -2.02352
199 208 -1.88061
200 207 0.401822
200 225 2.26312
200 233 0.698705
200 234 4.19348
200 238 0.0123434
200 239 0.204777
200 243 -0.00208634
200 244 -0.184955
200 245 0.41915
200 251 -0.0387711
201 203 0.893682
201 210 1.15159
202 218 0.0415047
202 220 -0.329191
202 222 -0.0207524
202 231 -0.00064975
203 210 0.659675
203 211 1.59489
203 212 1.92356
203 213 0.770186
204 212 0.512244
204 240 -0.104406
204 247 2.96468
204 264 3.00056
204 276 0.105337
205 206 -11.0747
205 246 -8.05025
205 256 5.89752
205 279 0.92356
206 214 -3.49436
206 219 0.0788781
206 230 0.5797
206 246 11.8301
206 279 -8.69742
206 290 0.197295
206 299 0.410071
206 307 -5.11498
206 313 0.125794
207 208 -6.48772
207 226 1.22537
207 234 0.196402
207 239 0.915025
207 244 -0.188096
207 251 -0.602584
208 209 -3.50243
208 215 -0.200442
208 226 -1.22264
208 237 -3.57445
209 210 -1.45338
209 215 -6.35106
209 235 -5.57542
209 237 -3.37475
209 249 -2.47197
210 211 0.0266829
210 212 2.64056
210 249 -3.10675
210 252 -4.43612
210 257 0.511696
210 261 -1.37165
211 212 0.122785
211 213 0.317211
211 257 0.0125393
212 213 0.337069
212 240 -0.153349
212 255 1.06988
212 257 0.545757
212 266 3.22958
212 274 -0.0315312
212 276 0.0598323
212 278 2.10062
214 219 0.764584
214 230 0.147331
216 219 -0.604378
216 228 -12.1196
216 232 -0.989758
216 267 1.45273
216 290 -0.669846
217 223 -4.02671
218 220 -1.35732
218 222 -1.03365
218 229 -13.3084
218 231 -1.5759
219 228 0.471868
219 230 1.61449
219 246 0.0180346
219 290 0.0301541
219 299 0.0254094
220 222 -0.0191719
221 224 -5.0549
221 227 1.19587
221 236 -0.81228
222 224 -4.14515
222 231 0.146512
224 231 -4.73055
224 236 -3.73241
225 233 5.23448
225 238 0.00681134
225 242 0.172262
225 243 -0.0277345
225 245 0.888839
225 250 -1.46285
225 253 1.81622
225 254 0.579684
226 237 -3.73241
226 248 -10.5586
226 251 -9.37792
227 236 -1.49177
227 241 6.7638
227 258 1.79644
227 259 0.738654
227 263 2.48235
227 269 0.294732
227 270 -0.209278
228 230 1.83665
228 290 0.533685
229 231 -8.2903
229 232 -9.49091
229 236 -11.0747
229 262 -4.4776
229 283 -10.3815
229 286 -0.369897
229 295 -4.43612
229 300 -2.71175
229 302 -2.62557
229 308 0.704796
229 312 -1.84714
230 246 0.0831623
230 290 0.122014
230 299 0.0557632
231 236 -3.1173
232 262 0.176205
232 267 -0.477195
233 234 1.51499
233 238 0.00984678
233 250 -0.487891
234 238 0.0146639
234 239 0.0906426
234 243 -0.00302535
234 244 -1.99146
234 250 -1.46461
234 253 4.47776
234 260 0.500804
234 268 -0.021001
234 280 3.83724
234 281 3.57445
234 284 0.332137
234 288 0.198503
234 293 3.26467
234 294 0.000578642
234 297 -17.1501
234 298 2.27269
235 237 2.75263
235 249 -4.48835
235 252 -2.85347
235 275 1.90662
235 282 0.0411544
235 285 0.163779
236 241 -0.169669
236 258 -0.153284
236 259 -0.0848343
236 263 -0.412598
236 269 -0.0330871
236 283 -7.40757
237 248 7.35928
237 282 2.62168
238 239 0.00525344
238 245 0.00345602
239 244 -0.33291
239 251 1.61613
239 260 -0.312361
239 268 -0.0275206
239 277 -8.24095
240 255 0.963558
240 264 -0.342276
240 274 -5.07174
240 276 -4.26175
240 304 -0.106076
241 263 0.373633
241 269 0.0285499
241 270 -5.45909
242 243 -0.010827
242 245 0.0720195
242 253 0.129278
243 245 -0.0192655
243 253 -0.0532552
244 260 -0.113582
245 253 4.25703
246 279 -0.83062
247 256 0.00874148
247 264 2.64699
247 265 1.4407
248 251 0.122967
248 271 2.41969
248 282 3.091
249 252 -2.55232
250 253 -1.75131
250 254 -3.8604
251 271 3.15931
251 277 -2.41897
252 261 -2.5312
252 272 -0.982543
252 275 -2.14198
253 254 4.10458
255 274 -0.178495
256 264 -0.615135
256 265 -0.671787
256 276 0.639632
256 279 2.6676
257 261 -1.08303
257 272 -14.8071
257 274 3.8475
257 278 0.786936
257 349 -5.53733
258 263 0.136354
258 269 0.0266763
259 263 0.145289
259 269 0.00887549
260 268 0.000309963
261 272 -7.64217
262 267 0.210525
262 286 -0.584119
263 269 0.0918611
263 270 -0.418555
263 283 -0.401185
263 287 -0.455547
264 265 4.29316
264 276 3.12157
266 274 0.140998
266 278 0.0706783
267 286 -7.77585
267 290 -2.58569
267 299 -15.9189
267 300 0.357345
267 305 6.92165
267 315 -4.8442
267 328 1.34772
268 277 0.147627
268 280 -0.083182
270 287 -1.18877
271 277 -7.12196
271 282 2.54164
271 284 -4.63332
271 289 1.11765
271 296 -2.41897
271 301 0.683568
272 275 -9.68249
272 285 -15.5108
272 324 -14.4096
272 335 -1.95015
272 342 -4.43612
272 349 -0.226632
272 366 -1.60463
274 278 4.16085
274 304 -0.12711
274 334 -11.0747
274 349 -5.53733
275 285 0.669846
276 279 3.90756
276 304 0.124418
276 311 -0.0201893
277 280 -1.18768
277 284 -0.0779963
277 288 -3.94451
277 289 -1.84714
279 307 2.57534
279 311 -0.0581892
280 288 0.181749
281 297 -4.8442
282 285 4.34477
282 301 0.548413
282 318 -5.53733
283 287 -0.179458
283 295 7.22336
284 288 6.97854
284 289 -2.93164
284 296 -0.533685
284 297 -3.08293
284 301 -3.79544
284 314 -0.0896527
284 317 -0.232331
284 319 0.731986
285 318 -13.2888
285 324 1.44559
285 333 -4.8442
286 300 -1.52174
287 292 -0.73961
287 295 -1.02201
289 296 -0.81228
290 299 0.278712
291 295 2.52745
292 295 3.90478
293 294 0.00136971
293 297 -7.14787
295 308 -3.01573
295 310 -5.85602
297 298 -2.52745
297 303 0.476955
297 306 -0.0292697
297 309 -5.72915
297 314 0.00912027
297 317 0.0432113
297 319 -15.2012
299 313 0.600719
299 315 1.87537
300 302 3.73241
300 305 1.972
301 318 -5.53733
301 319 -2.71175
302 305 0.848978
302 308 -3.48773
302 312 6.45965
302 338 2.07878
302 340 6.54903
302 362 0.114826
303 306 2.76452
303 309 -0.473291
303 316 -7.90555
304 311 -1.51157
304 334 -1.78253
305 313 -4.44249
305 315 -5.01521
305 328 3.81396
305 340 2.91463
305 362 0.247581
305 367 7.95095
305 371 2.97917
306 309 3.18954
306 316 -7.68204
306 320 1.33959
306 321 -0.16915
306 329 2.31343
307 311 2.35131
307 313 0.0401919
308 310 -3.91844
308 312 -1.34772
308 323 -4.86755
308 338 -1.08303
309 319 2.78039
309 321 -10.2037
310 323 -7.12816
310 325 -2.85347
311 313 1.52308
311 334 -5.53733
311 343 3.3266
311 351 0.758015
313 315 1.534
313 351 2.13505
313 367 -2.47197
313 379 -3.43706
314 317 0.145044
314 319 -0.157755
315 328 -20.064
316 322 -12.8409
316 329 -10.3626
316 332 -8.07038
316 347 2.85347
317 319 -2.41932
318 319 -5.53733
318 333 0.24241
318 336 -5.53733
318 345 -5.53733
319 321 -6.86379
319 326 4.07334
319 327 -1.60264
319 330 12.3002
319 331 -0.35928
319 336 -5.53733
319 337 -3.43706
319 348 -4.8442
319 352 -1.03703
319 359 1.55017
319 361 2.18405
319 364 -5.53733
319 369 7.40557
319 378 -2.93164
319 381 -5.53733
319 386 -2.41897
319 396 3.8674
320 321 -0.151999
320 329 0.170643
321 329 -0.0194428
321 337 2.81079
323 325 1.5668
323 338 -3.73241
323 346 -6.47843
324 333 -18.7361
324 335 -4.3345
324 341 1.10372
325 339 -0.000874996
325 344 1.91217
325 346 -2.05662
326 327 -0.652519
326 331 -0.240213
327 330 -0.529017
329 337 -0.0701188
329 347 -3.10675
329 358 8.08131
330 352 -0.175679
332 347 -4.36822
332 353 -2.93164
333 341 -13.1767
333 345 -15.7212
333 372 -3.73241
334 343 -10.3815
334 349 5.05765
334 351 -5.53733
334 366 -14.8177
334 376 5.87037
334 388 -5.53733
335 341 -16.3651
335 342 -4.23658
335 365 -2.52745
335 372 -3.20605
335 373 -0.467445
336 345 -0.0104805
336 348 -0.38146
337 358 -2.17002
337 375 -3.1751
337 385 -5.48372
337 396 -3.74308
337 410 -5.81757
338 340 0.217135
338 346 -4.43612
338 355 -0.0431813
338 362 0.0172557
339 344 0.407213
339 346 0.204239
339 350 0.162472
340 362 0.165466
341 372 -2.31952
342 365 -2.06181
342 366 -1.30083
343 351 1.28569
344 346 0.922955
344 350 4.41043
344 368 -0.22828
345 348 0.107811
345 356 -0.150918
345 372 -3.05719
345 382 -0.299942
345 384 -0.0244957
345 421 -0.0265842
346 350 0.464345
346 355 -3.73241
346 357 1.66005
346 363 1.4339
346 374 -5.53733
347 353 6.84439
347 358 -8.86526
347 385 -0.904458
348 352 -2.31952
348 354 -10.952
348 356 -1.04563
348 360 -3.39692
348 370 -1.37165
349 366 -5.53733
350 357 4.48584
350 368 -0.522645
350 377 3.63193
350 389 4.65003
351 376 -11.0747
351 379 -3.10498
351 383 -7.75148
352 359 -0.247021
352 360 2.2001
354 356 -0.477557
354 370 -5.39462
354 384 -3.31536
355 362 0.0863627
355 374 -3.57445
356 382 -0.00300028
356 384 0.000345261
356 421 -0.000307266
357 363 4.66323
357 377 2.88539
358 375 2.25422
358 385 2.58198
359 360 -0.13219
359 364 -4.43612
360 364 -4.024
360 370 3.91311
360 382 0.162943
360 384 0.716164
360 421 0.0380988
362 371 6.73351
362 374 -33.224
363 374 -7.28865
363 377 3.14177
363 389 3.19069
363 395 -10.3815
364 370 -5.53733
364 378 -1.95015
365 366 3.44698
365 373 -3.20605
366 373 -0.569288
366 388 4.66237
366 391 3.11081
366 414 -11.0747
367 371 1.51355
367 379 3.47341
367 393 0.032833
367 405 -5.53733
367 407 -16.612
369 386 -0.943623
369 390 -11.0663
369 396 5.07846
369 399 -2.31952
369 400 2.36822
370 378 -0.177664
370 380 0.6319
370 382 0.37323
370 384 2.01546
370 386 2.6319
370 387 -0.767935
370 394 -4.8442
370 421 0.167337
371 374 -5.53733
371 379 0.062238
371 393 2.4568
371 403 -11.0747
372 373 -10.3815
372 382 2.85622
372 384 0.0729344
372 392 3.02481
372 402 -1.34772
372 421 0.0246551
373 391 -0.22197
373 392 -2.93164
374 395 -1.27785
374 403 2.58569
374 404 -15.4484
374 408 1.81446
375 385 0.386541
376 379 -7.3512
376 383 -0.611845
376 388 -13.0174
376 398 -2.64699
377 389 3.91844
378 381 -0.517023
378 386 -0.088832
379 383 -5.53733
379 392 2.47493
379 398 -5.53733
379 407 -5.53733
379 413 -0.333605
379 416 1.23042
379 417 -6.44883
379 418 -11.0747
380 382 0.0814691
380 384 2.92169
380 421 0.0557789
381 386 -5.89397
382 384 2.6555
382 392 0.139249
382 397 0.428639
382 402 -5.87439
382 415 0.385826
382 421 0.587584
382 435 0.0962354
384 387 -2.35124
384 392 0.196008
384 394 -8.76265
384 397 0.103743
384 415 6.28336
384 421 3.75022
384 423 -5.87119
384 429 -3.73241
384 435 0.631046
384 438 -3.85715
384 439 -3.88781
385 410 -3.69364
386 390 0.37407
386 394 -13.4883
386 401 0.662678
387 394 -0.289934
388 391 0.397747
388 392 -2.22758
388 398 -2.18405
388 406 -3.36357
388 414 -5.53733
389 395 -4.8442
389 404 -10.3815
389 409 8.05025
389 411 6.99862
389 428 3.01573
389 430 4.4299
389 431 2.52745
389 432 -4.8442
390 399 0.0199058
390 401 -0.713287
391 392 -7.04777
391 414 -3.73241
392 398 -3.10675
392 402 -10.9365
392 406 -4.8442
392 413 -2.30735
392 414 -11.0747
392 421 0.0557789
392 426 3.35417
392 433 9.07456
392 438 -0.726308
393 403 -5.53733
393 405 -4.8442
394 401 -3.01573
394 412 1.39593
395 404 0.578142
395 424 0.0530826
396 400 2.4403
396 410 0.581752
397 421 0.0557789
399 400 -4.4312
399 401 -0.180665
400 401 -0.19063
400 410 0.451186
400 412 -4.8442
400 419 -9.75255
400 420 0.0949267
401 412 -13.7893
402 426 -1.72077
403 405 -1.66155
403 407 -3.28277
403 408 3.13294
403 424 -21.0766
404 422 -0.0194096
404 424 0.512342
404 425 0.429734
404 432 1.71736
405 407 2.17958
406 414 -0.517023
407 418 -0.867703
407 424 -4.8442
408 424 -5.53733
410 419 -2.27269
410 420 0.734767
412 419 1.12464
412 421 -12.2984
413 416 -4.59026
413 427 -5.05051
413 433 -0.163779
413 446 -0.905358
415 421 0.112837
415 423 -0.136607
415 439 -2.91419
416 417 -9.45578
416 418 -16.612
416 427 11.4178
416 441 1.21064
417 418 1.88061
418 424 -20.7572
418 441 -1.75131
419 420 -6.33108
419 421 -9.72496
419 440 -3.82419
421 429 -36.6772
421 435 1.40727
421 439 -0.0379585
421 440 2.06181
421 449 -0.0188243
421 451 6.71194
421 452 3.19249
421 458 2.50183
421 459 -0.0126605
421 462 0.91925
421 464 2.46916
421 465 2.04549
421 467 0.00726289
422 424 0.0728441
422 425 -2.48393
422 432 -3.92065
422 437 0.687587
424 425 0.0179303
424 432 -0.22431
424 434 0.605041
424 436 -0.879984
424 437 2.25773
424 441 -0.162741
424 442 -6.54381
424 444 -2.85347
424 450 -0.742049
425 432 0.268858
427 441 0.704796
427 446 -3.33075
427 450 7.85846
427 457 1.88061
428 430 4.88917
428 431 3.43706
428 443 4.32445
428 460 4.98444
430 432 -9.28032
430 443 3.43417
430 445 -11.0747
432 437 -2.83938
432 445 0.285051
432 453 -0.00240319
432 454 -6.69297
433 438 -1.75669
433 446 -1.23277
433 455 2.48459
433 461 1.27185
433 474 -0.146364
433 481 5.0752
433 482 9.18121
433 491 -11.0747
434 436 -1.21269
434 437 5.54424
434 442 -0.499636
435 439 -0.0193271
436 437 -0.805288
436 442 -0.499636
437 442 -3.91844
437 448 -0.0616028
437 454 6.84835
437 469 -3.39275
437 477 3.82159
437 483 -0.0520373
437 492 3.5283
437 504 0.090215
438 439 -2.93164
438 447 -8.35456
438 461 -0.188825
439 447 -2.39046
439 449 2.33301
439 458 -0.0814054
439 459 0
439 467 -0.00701124
441 450 0.325482
442 444 -0.185142
442 450 -3.89081
442 463 -0.676545
442 468 1.72494
442 470 -0.768193
442 477 -5.02342
442 495 1.09592
442 503 -0.371256
442 505 0.541757
442 510 1.30917
442 516 0.0191666
442 522 -9.31323e-10
442 530 1.29584
442 533 0.0565951
442 539 0.0158587
442 555 -3.43706
442 556 -3.57445
443 445 -5.53733
443 448 -15.2257
443 456 3.8456
443 460 1.89903
443 485 3.50282
444 450 0.370283
445 448 0.645376
445 453 -0.0048576
446 450 -3.57445
446 455 -1.08303
447 449 0.313518
447 459 0.0112169
447 461 -6.63072
447 471 1.27161
448 453 -0.372351
448 454 -1.51312
448 456 -5.53733
448 469 1.52807
448 483 0.323748
448 485 -15.9189
448 504 -0.234078
448 513 1.27785
449 458 -0.276972
449 459 3.15156
449 467 -0.00992476
449 471 0.051287
450 455 -7.37612
450 457 4.43612
450 463 3.10675
450 470 7.49353
450 473 0.936057
450 480 2.3133
450 488 2.93164
450 489 3.01573
451 462 1.54936
451 466 3.32181
451 472 2.18405
451 478 3.65173
452 462 0.155381
453 454 -0.193262
454 469 -1.64919
455 473 -1.30083
455 474 -0.082516
458 459 -0.407257
458 464 1.32547
458 465 6.51676
458 467 6.25234
458 471 0.012396
458 478 1.56637
458 479 2.42836
458 487 1.02428
458 490 0.14411
458 496 7.4936
458 498 0.38017
458 521 -11.0747
458 526 -3.31536
459 464 -0.0126605
459 465 -0.0498739
459 467 -0.146364
459 471 0.0519379
459 478 -0.0249369
459 479 -0.0249369
459 487 -0.0249369
459 498 -0.0249369
461 471 -7.26317
461 481 0.775982
461 491 -6.70449
462 464 0.44021
462 465 12.0145
462 466 2.75675
462 475 3.19371
462 478 8.50081
463 470 0.456695
464 465 1.9953
464 467 0.00726289
465 467 0.0205814
465 478 2.85347
465 479 1.95335
465 487 1.52308
466 478 3.57445
467 471 -0.513423
467 478 0.0133185
467 479 0.0133185
467 487 0.0133185
467 498 0.0133185
468 503 -0.0263765
469 483 0.072167
470 476 -8.28126
470 480 1.44559
470 484 -0.466341
470 493 -7.02181
470 495 0.0255277
470 502 -0.00181531
470 503 1.40407
470 505 0.0510554
470 508 0.0137838
470 509 0.0118897
470 512 -5.34825
470 537 0.019741
471 490 1.14976
471 491 -4.8442
471 496 1.54091
472 478 -7.94729e-08
473 474 -0.116857
473 488 0.116857
474 482 -0.127697
474 488 -3.81024
476 480 -3.70755
476 484 -6.11164
477 483 -1.43476
477 492 3.0128
477 504 4.40262
477 533 -0.215526
477 545 -5.53733
478 486 9.58606
478 487 0.905357
478 498 0.728671
478 506 -0.428982
478 519 3.09011
478 523 0.344003
478 527 0.0372531
480 484 0.55042
480 488 0.594942
480 489 0.645106
480 494 0.281556
480 497 -4.84221
480 499 -1.98633
481 491 -22.1493
482 488 -4.14515
482 491 -5.53733
482 511 -2.81926
482 524 -14.9931
483 504 -0.0245591
484 493 -2.71175
484 497 -2.95036
484 501 -0.163779
484 502 -4.14937
485 513 -4.43612
485 545 -1.81446
486 506 -0.463552
486 514 2.55832
486 517 0.0479914
486 518 -0.581313
486 519 9.28014
488 489 2.01805
488 494 0.513705
488 499 -0.519249
488 500 3.37661
488 507 -4.73789
488 511 -4.8442
488 520 2.84999
488 528 0.966794
490 491 -11.0747
490 496 0.300381
491 496 -4.14515
491 524 3.35262
491 529 -22.1493
492 504 0.21808
493 502 -3.73241
494 499 -3.98647
494 500 0.00659214
495 503 0.0264948
495 505 0.529089
495 510 1.8703
495 522 0
496 526 -6.37273
496 529 -7.87318
496 532 -0.369897
496 534 -7.75148
496 543 -4.43612
496 550 0.195158
497 499 -0.00681557
497 501 -0.00135859
498 521 -1.21064
498 523 0.010846
499 500 -0.0643788
499 501 0.175366
499 502 0.230883
499 508 0.191439
499 520 -0.815312
499 537 -0.0139295
500 520 1.78887
500 593 -0.0118547
501 502 0.00711069
502 508 1.12956
502 537 -0.0138271
503 505 0.0799149
503 509 0.0631784
503 510 0.0134626
503 512 -1.91493
503 515 -1.84714
503 516 -0.0191666
503 522 -0.0196641
503 530 -0.0440815
503 533 -0.0527765
503 539 -0.0158587
504 513 -2.71175
504 525 -2.02874
504 533 -1.03447
504 545 -24.4689
504 571 -0.62456
505 509 0.0437463
505 510 3.68492
505 522 -0.120945
505 530 1.2331
506 517 -0.047983
506 519 -0.400375
506 523 -0.283957
506 527 -0.0611183
507 520 -1.44559
508 512 -0.334119
508 520 -0.0358157
508 537 -0.0123502
508 593 -0.014504
509 515 -2.78039
509 522 -0.0246012
509 530 0.0342955
510 516 0.0383389
510 522 -0.0155534
510 530 4.25828
510 535 1.82824
511 524 -0.55042
511 528 -5.53733
512 515 -2.55559
512 537 -2.22797
512 538 -0.289934
512 546 -0.445594
512 552 -1.41652
512 567 -0.0155751
513 525 0.0700632
513 545 -1.27785
514 518 -1.29993
514 519 5.57955
515 522 -4.48719
515 538 -0.00824559
516 530 0.153344
517 519 0.0966347
519 523 2.183
519 527 4.14061
519 536 7.86715
519 541 0.932982
519 563 14.1185
520 528 1.38962
520 537 1.5598
520 544 -4.14515
520 559 -14.3
520 564 2.86287
520 593 -0.0883324
520 594 -0.0279252
520 611 -0.0196556
520 648 0.00238254
521 523 -5.53733
521 526 2.33055
521 540 -4.43612
522 530 -1.22549
522 538 -0.0174418
522 542 -1.45972
523 527 3.01461
523 540 0.421794
524 528 -4.8442
524 529 -5.53733
524 548 -7.21242
524 551 -10.3815
525 545 -4.43612
526 531 2.70782
526 532 -1.16649
526 540 -15.2257
526 543 1.81446
527 536 7.06184
527 540 7.11387
527 541 0.932236
528 544 -2.85347
528 548 -0.517023
528 549 0.485092
529 550 -2.47197
529 551 1.66664
529 560 -1.84862
530 535 1.7939
530 542 -14.1509
530 554 0.299668
530 555 -8.16853
530 558 0.72736
530 562 -0.339803
530 570 0.539899
532 534 0.0944701
532 543 -2.01825
533 539 0.0317174
533 555 -3.50246
533 556 -15.6314
533 569 -0.0261511
533 571 1.96365
533 581 0.694323
533 585 5.81927
533 617 0.896975
534 543 -0.18894
536 540 2.85347
536 541 1.86522
536 563 7.4557
536 572 1.32411
536 573 2.31952
536 576 2.58911
536 578 0.339113
536 597 0.363808
537 546 2.91057
537 564 4.36149
537 567 2.85433
537 580 1.68463
537 588 -2.6734
537 589 -0.274059
537 593 -0.261154
537 594 -0.0858639
537 611 -0.0610549
537 648 -0.0015864
537 667 -0.0127029
538 542 0.0699087
538 547 0.0700503
538 552 -0.800895
539 556 -2.93164
540 543 -20.064
540 565 0.274991
540 572 3.60048
540 573 0.549983
542 547 0.607759
542 553 -0.81228
542 554 -1.88061
543 550 -3.31536
543 557 -2.27269
543 561 -0.353819
543 565 -4.8442
544 549 -1.54979
544 559 -0.618144
544 566 -1.57696
545 571 -11.0747
545 577 1.76645
545 587 -11.0747
545 591 -8.76265
546 593 -0.0230619
547 552 -0.373866
547 553 -5.46927
548 549 -2.90798
548 551 -2.90998
549 551 -2.07191
549 560 -3.10675
549 566 2.3571
549 579 -0.515589
549 582 0.210809
549 584 -5.03126
549 586 4.51997
550 560 -2.43505
550 561 -4.85373
551 560 -7.95095
552 553 -3.20605
552 567 0.0699272
552 568 -2.64699
552 580 0.743181
552 581 2.99063
553 554 -5.62501
553 568 -0.809641
554 562 -0.148509
554 568 -1.04226
554 570 -0.400885
554 581 -0.0430133
555 556 -3.29444
555 558 -7.37165
555 569 0.0487201
555 581 -0.364719
557 561 -0.418426
557 565 -0.184609
558 562 -0.924411
558 569 -0.00214141
558 570 0.269983
559 564 -4.8442
559 566 -12.8948
560 561 2.4586
560 574 -5.00147
560 575 -5.53733
560 582 -4.8442
561 565 -9.2776
561 573 -9.68841
561 574 -8.97439
561 604 1.81446
562 570 -0.142845
563 595 0.421291
563 597 0.533815
564 566 0.702296
564 583 -5.53733
564 589 -2.28298
564 593 -0.502586
564 594 -0.800366
564 605 5.42458
564 611 -0.535828
564 613 1.07076
564 622 -2.85347
564 623 -3.10675
564 633 4.41084
564 640 2.48234
564 642 1.22662
564 648 -0.0206689
564 649 -0.867703
564 657 0.576725
564 662 1.61545
564 667 -0.171206
564 674 0.739908
564 682 1.04033
564 694 0.317742
564 699 -1.11501
565 573 2.62129
566 579 -0.515589
566 583 -8.76947
566 593 -0.0212675
566 594 -0.0279252
566 611 -0.0196556
566 648 0.00238254
567 580 0.901854
567 593 -0.0202747
568 581 -4.54812
569 570 -0.022661
569 581 -0.0356326
570 581 4.07386
571 577 -11.0747
571 598 -2.21839
571 600 -17.2882
571 606 -3.5379
571 612 -0.553861
571 617 0.615856
571 625 2.13735
572 573 4.71734
573 576 3.91844
573 578 1.41053
573 603 2.93621
573 604 -10.3815
573 610 0.0855258
574 575 2.11144
574 608 -6.85009
574 610 5.21972
574 619 3.73241
574 621 -18.9581
574 651 -3.75646
574 660 -24.7911
575 582 0.210822
575 586 4.06476
575 590 -0.254303
575 608 -5.03925
575 621 -5.32577
576 578 0.0616043
576 597 6.04413
576 603 7.48573
576 620 3.41682
576 629 3.66647
577 591 -0.81228
577 598 -2.02352
578 597 0.243963
579 583 -7.58405
579 584 -5.1868
579 593 0.359914
579 599 -0.0694946
579 601 -0.0750025
580 581 0.652977
580 585 1.19508
580 588 -10.9488
580 593 -0.0113358
580 609 -0.0315297
580 615 -9.98169
580 624 -3.36733
580 639 -0.0700634
581 585 10.755
581 596 2.85347
582 586 0.843263
583 593 -0.722426
584 586 -1.69086
584 592 -1.26518
584 599 0.0232063
585 596 4.93066
585 609 -0.740165
585 617 1.9005
585 626 4.14515
585 632 3.31536
585 636 3.7048
585 645 2.36822
586 590 -0.0337342
586 592 -1.81446
586 607 -19.4292
587 591 -0.467445
587 598 -9.35742
587 602 -5.14195
588 589 -0.0544849
588 605 -1.29597
588 615 -0.415319
589 605 -0.0735524
591 598 -2.72959
592 599 -0.905358
592 607 -2.10127
592 613 -3.10675
593 594 0.0311942
593 601 -0.139935
593 611 0.0894863
593 613 -0.13266
593 633 -0.0885748
593 640 -0.0438494
593 642 -0.0438494
593 648 -0.00243117
593 657 -0.0441925
593 662 -0.0438494
593 667 0
593 674 -0.0438494
593 682 -0.0438494
593 694 -0.0443727
594 613 -0.111878
594 633 -0.0888533
594 640 -0.0559389
594 642 -0.0559389
594 648 0
594 657 -0.0551866
594 662 -0.0559389
594 674 -0.0558388
594 682 -0.0559389
594 694 -0.053209
595 597 2.45338
595 614 6.31384
595 629 2.36822
597 614 6.21781
597 629 0.702395
598 602 -8.55306
598 606 -0.0188777
598 612 -0.245598
598 625 -0.55669
598 628 -10.8639
599 601 -0.0335825
599 613 -2.27269
600 617 -11.0747
600 618 -5.29743
600 625 -4.8442
600 634 -2.36822
601 611 -0.210882
601 613 -2.36822
602 628 -0.348708
602 631 -0.518995
603 610 0.587495
603 619 0.669365
603 620 0.213926
604 610 -12.8811
605 615 -0.335264
605 630 0.614612
605 633 2.77363
605 635 1.07225
606 612 0.0377555
606 625 -0.504124
607 613 -8.58127
607 621 -0.407622
607 622 -1.30083
607 627 -0.0776485
607 638 -4.8442
607 640 -10.1766
607 647 -1.00226
608 621 -1.37165
609 624 0.0219996
609 626 -0.0612472
610 619 3.8473
611 613 -0.994435
611 633 -0.0714768
611 640 -0.0385623
611 642 -0.0385623
611 648 0
611 657 -0.0385166
611 662 -0.0385623
611 674 -0.0385623
611 682 -0.0385623
611 694 -0.0385623
612 625 -3.18121
612 628 0.0104594
613 622 -1.60463
613 623 -5.08877
613 648 -0.0116309
613 667 -0.0252618
614 629 15.04
614 637 2.0047
615 630 -0.127781
615 635 -1.52752
615 639 0.316036
615 644 -0.344366
616 617 -1.00423
617 618 0.905357
617 631 1.22928
617 632 0.775982
617 634 0.312201
617 636 4.59135
617 665 0.00356024
617 670 -0.366608
617 671 -0.000672029
617 672 1.47518
617 676 -3.31536
617 679 0.953446
617 681 -1.66155
617 683 -0.0404993
617 684 -0.0204559
617 688 2.25873
617 700 -2.87507
617 714 -0.0442722
617 717 0.000281235
617 719 -8.7173e-06
619 620 7.29756
619 646 1.9567
619 652 0.00175064
619 660 -2.41897
619 664 -11.0747
620 629 3.10675
620 646 4.04533
620 652 0.0029564
621 627 2.07801
621 640 -2.85347
621 647 -3.91844
621 651 -10.36
622 638 -0.00778178
622 640 -1.29058
624 626 -1.80304
624 639 0.000927687
624 641 -0.298413
624 644 -0.122941
625 628 -2.05879
625 631 0.0996291
625 634 3.92626
625 643 0.159292
626 639 0.133033
626 641 3.52962
626 644 0.266066
626 645 1.14267
628 631 0.0570707
628 643 0.0285353
629 637 0.467445
629 646 3.20604
629 656 9.44037
629 664 -9.97346
630 635 0.37438
631 634 3.25854
631 643 3.75631
631 655 5.28521
631 666 2.45541
631 670 -0.52954
632 636 1.98633
633 635 2.52244
633 648 0.969699
633 667 -0.133743
633 682 0.00803071
634 643 0.777752
634 670 -0.310507
635 644 0.626934
635 648 0.364101
635 650 1.71831
635 653 1.25218
635 659 -2.58569
635 667 1.0974
636 645 1.52817
636 654 0.798487
636 665 0.0999942
636 671 0.011981
636 688 1.45352
636 700 -0.293308
638 640 1.83461
639 641 -0.000725776
639 644 0.837163
640 642 2.19753
640 647 0.73772
640 648 -0.00614878
640 649 -5.58209
640 651 2.28073
640 658 5.72326
640 661 -2.85347
640 663 2.62704
640 667 -0.0122976
640 669 0.104458
641 644 1.87138
641 645 3.29826
642 648 -0.00614878
642 649 -0.386023
642 667 -0.0122976
644 645 3.04606
644 653 6.10142
644 659 -2.93164
644 671 -1.92206
644 704 2.93164
644 705 0.951517
644 710 0.143858
645 654 0.798487
645 665 0.793978
645 671 0.601609
645 688 0.00735532
646 652 0.00995096
646 664 -15.2257
648 657 -0.00581536
648 662 -0.00581536
648 667 0.22429
648 674 -0.0116434
648 682 0.00175353
648 694 -0.0116434
649 657 -0.874245
649 658 -0.643127
649 662 -0.634724
650 653 1.12464
651 660 -0.220873
651 661 -0.232783
653 659 -1.75131
653 667 12.7901
653 704 3.03482
656 664 -1.18877
656 678 -16.1383
656 685 -2.02352
657 662 0.242325
657 667 -0.0116307
658 662 3.36667
658 669 0.550033
660 661 -0.0694438
660 664 0.740165
660 668 -5.75851
660 673 -0.305845
660 677 -2.85347
661 663 -1.60463
661 668 -3.73241
661 669 -4.19507
662 667 -0.0116307
662 668 2.8017
662 669 2.38396
662 674 4.31824
662 675 4.70961
662 692 3.66871
662 694 3.61198
662 697 2.41897
663 669 0.0521037
664 673 -14.5267
664 678 1.66155
664 686 -8.58127
664 687 -5.53733
664 689 -8.58127
665 671 0.00753805
665 688 0.0197511
666 670 0.0276424
666 680 4.02762
667 674 -0.027759
667 682 -0.0559522
667 694 -0.027759
667 699 -1.22472
667 704 1.8233
668 669 10.4538
668 677 7.71491
668 691 1.74544
668 694 1.64709
668 697 0.247879
668 702 4.57424
668 709 0.825532
668 730 0.312109
670 676 -1.34772
670 680 0.0552849
671 688 0.0151523
671 700 2.20545
671 710 -0.131298
671 714 0.484949
673 677 4.4663
673 687 4.07659
673 690 3.62338
673 695 1.12109
673 698 9.07859
673 701 4.16551
673 708 3.54686
674 694 2.42774
674 699 -0.106915
676 680 -5.33535
676 681 -0.704796
676 684 -5.99572
676 696 -0.142801
676 703 -6.12248
676 713 1.8393
676 718 -0.197956
677 691 0.849885
677 698 6.1256
677 702 3.91844
678 685 -0.132481
678 689 -9.68249
678 693 -9.68249
679 683 7.76498
679 684 -0.359321
679 711 -0.799407
679 712 -0.111281
679 719 -0.333651
680 696 4.86652
680 713 0.0334291
680 723 -0.202722
681 684 -1.60463
683 684 -0.144257
683 700 0.0367266
683 711 -1.38966
683 712 -0.223263
683 714 0.201268
683 717 0.64028
683 719 -0.45239
684 711 0.131954
684 712 1.1759
684 714 -0.0624312
684 718 -2.85347
684 719 0.108844
684 720 1.50797
685 693 -3.57445
686 687 1.97928
686 689 4.30998
686 693 4.51241
686 695 6.14353
686 706 1.18888
686 715 0.722797
687 695 3.36069
688 700 -2.55437
689 693 5.17625
692 694 4.89857
693 695 4.43612
693 698 2.58569
693 706 5.74691
693 715 0.361011
693 732 1.06254
693 742 1.72075
693 748 4.07033
693 749 -0.651032
693 757 0.55042
694 697 4.18721
694 699 -0.823546
694 704 -0.122726
694 709 1.77085
694 721 -0.498115
694 725 -6.22347
694 730 3.31236
695 698 5.86592
695 706 14.0212
695 707 5.17444
695 708 1.98633
695 732 2.41897
696 703 -8.05025
696 713 0.0827275
696 723 -0.11275
698 701 1.37165
698 702 4.18624
698 708 8.17747
698 726 1.00226
698 732 2.14198
698 733 1.69086
698 744 5.56078
698 747 4.54469
698 757 1.23277
699 704 -1.62434
700 714 3.57249
700 717 0.0655292
700 719 -0.0174454
701 708 2.59075
702 716 8.54649
702 726 0.81228
702 730 3.20604
703 713 -12.7471
704 705 8.13351
704 721 -3.983
704 729 -13.6282
704 730 3.43706
704 731 2.52745
704 738 2.43441
704 740 1.34772
704 753 2.24794
704 755 0.0127817
704 756 0.338483
704 758 2.68872
704 762 -0.0434604
705 710 8.03303
705 738 3.10675
706 715 0.509907
706 749 -0.123919
709 730 2.27269
710 714 2.53409
710 738 1.37883
711 712 2.94367
711 714 -0.0370151
711 719 0.166089
711 751 0.0995056
712 714 -0.0370151
712 718 -5.38092
712 719 0.0686146
712 720 1.03132
712 722 0.351149
712 746 0.877099
712 751 0.0383854
712 769 3.27732
713 718 -7.14942
713 722 0.318388
713 723 -0.320963
713 724 -3.83347
713 735 -4.43612
713 739 4.73546
714 717 0.989019
714 719 0.0550727
714 727 -2.81261
714 738 4.42302
714 751 5.31809
716 726 0.485217
716 728 1.72449
716 730 1.57696
716 734 1.12464
716 737 0.253981
716 741 0.628915
716 744 7.12694
717 719 -0.0914546
718 722 -0.318388
719 720 0.0913522
719 722 0.0428057
719 727 -1.95015
719 746 0.0683763
719 751 6.77491
719 769 3.90038
719 778 0.227739
721 725 0.495044
721 729 6.21733
722 724 -3.19126
722 736 0.548493
722 769 0.126514
724 735 0.274059
724 736 -3.73241
725 729 0.179457
725 730 -11.4404
726 744 2.0663
727 751 -5.53733
728 744 3.86571
729 730 -3.90895
729 731 -2.18405
729 740 -1.91493
730 734 3.46377
730 743 4.46617
730 750 4.73643
730 758 5.65503
730 759 2.93164
731 740 0.0233459
733 744 12.6488
734 737 4.43612
734 743 4.14145
735 736 -27.6867
735 739 -21.4562
735 766 -14.8177
735 788 -0.199852
735 793 0.799409
736 769 4.36317
736 776 0.353819
736 788 -2.27269
736 793 -1.84714
737 741 1.81058
737 743 10.8585
737 744 14.1735
737 761 8.78109
737 763 7.87318
737 779 5.41994
737 795 4.8442
737 796 -6.50413
738 751 3.69747
738 760 9.33483
738 762 -0.234477
738 765 7.035
739 766 1.72077
741 744 7.54682
742 749 -0.0632856
742 752 -0.0545377
743 750 11.703
743 779 1.18877
744 745 4.14515
744 747 5.05212
744 754 3.84178
744 761 1.34772
744 770 15.2543
744 771 2.64699
744 773 11.043
744 777 -0.0968682
744 781 2.28211
744 782 11.5805
744 790 0.895883
744 794 1.48931
744 795 3.73241
744 796 -2.50137
744 798 6.63019
744 807 0.686057
744 808 6.02577
744 812 5.23268
744 814 -15.5108
746 751 0.0681402
747 757 6.44574
747 774 4.41172
747 781 2.04854
747 784 0.252932
747 787 0.148907
747 790 0.160828
748 749 -0.295548
748 752 0.608081
748 757 8.65416
749 752 -0.0296035
749 757 -0.014895
750 758 2.64699
750 772 6.12958
750 779 7.2519
751 764 -1.07294
751 765 3.12338
751 768 6.08084
751 769 0.930287
751 778 1.08101
751 791 1.8243
751 793 -4.43612
751 802 -3.91844
752 757 6.25667
752 774 2.85347
753 758 2.69683
755 756 0.0128063
755 758 0.0154192
756 758 1.76992
756 762 -0.043928
757 767 4.92217
757 774 7.73916
758 759 1.12464
758 760 2.63352
758 762 -0.517101
758 772 4.47661
758 779 0.296008
758 780 5.91416
758 783 0.0749446
758 786 0.325622
760 762 -0.366136
760 765 5.31214
760 775 0.245838
760 780 0.265401
760 785 1.38384
764 768 -0.957258
765 768 4.59682
765 780 1.55913
765 785 2.90128
765 791 6.66392
766 793 -5.53733
768 791 1.87645
769 776 3.10675
769 778 4.20971
769 792 -5.53733
769 793 -12.0183
771 773 0.258219
772 779 3.06407
773 777 -0.677767
773 781 2.11009
773 782 0.701808
774 787 1.02708
774 789 -0.00863357
774 790 3.92742
775 780 5.1562
777 782 -0.386816
779 780 1.86198
779 796 -1.60463
780 783 3.92647
780 785 0.476565
780 786 2.31635
780 791 3.01573
780 796 -6.54381
780 801 12.5504
780 803 8.35943
780 809 3.31536
780 810 1.39593
780 811 3.0377
780 813 7.24243
780 815 11.3813
780 818 -4.14515
780 819 1.54773
780 820 3.91844
781 782 1.02216
781 784 1.29828
781 790 1.53656
782 790 4.69909
782 794 0.373101
784 790 1.86899
787 789 -0.0554237
787 790 0.551293
788 793 -1.72616
789 790 -1.79164
790 794 0.648299
790 799 -0.83062
790 807 3.69601
790 817 2.78861
791 800 2.54825
791 801 7.71961
791 802 -14.6825
792 793 1.8088
793 797 7.42496
793 802 0.411488
793 804 -7.83689
793 805 0.700999
793 806 -0.351384
794 799 -1.23277
794 807 1.58169
795 796 -2.14198
796 809 -6.14191
796 814 0.226632
797 804 -8.15956
797 805 1.75958
797 806 -2.22671
797 816 2.16212
799 807 -0.210882
800 802 -6.04642
801 802 -3.91844
801 818 -7.83689
802 805 -0.350608
802 816 -2.84705
802 818 1.25517
803 815 2.58569
804 806 -4.18762
804 816 -3.10675
805 816 6.76536
808 814 -11.0747
809 813 2.85347
809 814 -12.5022
810 813 4.48251
811 813 4.68371
813 819 1.94204
815 819 1.7393
816 818 -5.12834
