MULTICUT
0 7 -3.10675
0 18 12.7813
0 21 7.14
0 24 0.353819
0 28 2.85347
0 31 1.81446
1 4 0.488835
1 14 17.247
1 33 1.39899
2 10 -0.154377
3 7 -4.43612
3 15 6.7805
3 21 4.94017
4 12 0.345928
4 14 11.4438
4 19 0.0793415
4 29 0.0788494
4 33 0.167607
4 41 0.241788
4 49 0.151533
4 52 0.0712888
4 57 0.481493
4 59 0.58581
4 76 0.148441
4 89 0.0011658
4 106 0.0925252
4 132 0.00674722
4 142 0.000302253
5 20 3.482
6 8 6.23386
6 14 5.1771
6 16 -15.9189
6 42 0.349412
6 53 1.91493
6 56 1.43886
6 60 -21.3509
6 61 -11.0747
6 67 2.31952
6 98 5.2392
6 99 -5.53733
6 104 -11.0747
6 106 0.0682116
6 116 -5.53733
6 132 0.00677988
6 142 0.000302253
7 21 -1.60463
8 14 0.638788
8 106 0.0441596
8 132 0.00678133
8 142 0.000302253
9 20 9.06568
10 13 1.38736
10 22 10.7748
10 25 0.924411
11 12 0.905357
11 20 3.01573
12 14 12.4745
12 20 1.78253
12 39 1.43072
12 41 0.850418
13 18 9.04157
13 22 -1.75622
13 24 3.01573
13 32 -1.19787
13 34 4.45895
13 36 -1.1442
13 47 0.244453
14 19 1.40773
14 29 5.89369
14 33 2.64741
14 40 2.10959
14 41 3.71962
14 42 3.48824
14 49 2.00954
14 52 1.22801
14 56 0.640844
14 57 4.37023
14 59 3.97634
14 73 0.768405
14 76 1.96984
14 80 7.67827
14 82 -1.88742
14 83 2.14327
14 85 0.764392
14 86 4.96261
14 89 -0.160098
14 91 0.236485
14 92 3.2549
14 101 1.72208
14 102 0.763298
14 106 0.240542
14 108 0.693057
14 109 0.688052
14 110 0.0553053
14 116 -11.0747
14 123 5.79724
14 124 -0.244002
14 127 3.27322
14 128 -15.9189
14 132 2.19838
14 142 0.00413495
14 163 -0.0885456
14 175 0.0051585
15 16 7.11924
15 17 15.3466
15 21 4.14515
15 27 1.78253
15 28 0.369897
15 30 3.57445
16 17 8.88967
16 53 -3.91844
16 61 -0.122972
17 27 1.52308
17 30 3.94621
17 37 11.9507
17 51 0.696565
17 60 2.44793
17 61 -0.373929
18 22 -0.18947
18 24 6.29053
19 89 0.000826453
19 106 0.0595158
19 132 0.00674473
19 142 0.000302253
20 23 3.55169
20 26 6.34091
20 39 6.81622
21 28 4.93146
21 31 1.32075
22 25 0.00778166
22 32 5.48072
22 36 3.82044
24 28 5.63209
24 34 13.1343
24 36 2.98441
24 45 3.64823
24 46 4.43043
24 47 0.813187
24 54 4.72913
27 30 1.21314
28 30 2.75619
28 31 5.26786
28 38 0.41328
28 44 0.28517
28 46 5.64734
28 48 3.04732
28 50 6.34004
28 54 1.99601
29 40 2.05685
29 89 0.000826453
29 106 0.159667
29 132 0.0138401
29 142 0.000906758
30 35 5.64339
30 37 4.43612
30 38 5.48081
30 48 3.57445
32 34 -1.44412
32 36 2.76955
34 36 0.39506
34 45 5.10406
34 47 4.82482
36 47 1.16676
36 54 1.10513
36 55 6.65636
36 62 0.280649
36 63 0.0710085
36 68 6.39795
36 69 0.257563
36 94 -0.0464373
37 48 6.46563
37 51 1.62308
38 44 1.56873
38 48 12.696
39 41 2.46868
39 43 1.95743
39 73 4.37814
39 74 3.67689
40 106 0.084077
40 132 0.00713253
40 142 0.000604506
41 43 0.417898
41 49 4.50474
41 59 1.75829
41 73 5.33517
42 106 0.0441596
42 132 0.00678133
42 142 0.000302253
44 48 1.02216
48 50 6.87316
48 51 6.34339
48 58 6.19113
48 60 1.42058
48 64 3.43706
48 65 6.07026
48 66 5.96168
48 71 2.32729
48 72 1.37498
49 59 8.24631
50 54 0.0455703
50 62 2.9706
50 64 1.60463
50 65 2.64228
50 70 2.18405
50 79 5.07418
51 60 0.499795
51 61 -0.252103
53 61 -3.57445
54 62 0.277016
55 62 0.330459
55 63 5.32523
55 69 0.103874
56 106 0.0441596
56 132 0.00678133
56 142 0.000302253
57 82 -0.665406
57 89 0.00259793
57 106 0.202923
57 132 0.0141425
57 142 0.00120901
59 73 1.73647
59 83 3.84488
59 89 0.00165291
59 106 0.105379
59 132 0.0070619
59 142 0.000604506
60 61 -0.252104
60 66 1.97311
60 88 0.235043
60 90 0.0853196
60 99 -12.2236
61 67 -5.53733
62 63 1.42889
62 69 0.406617
62 75 1.86325
62 79 4.28215
63 68 2.39493
63 69 2.78832
63 75 4.20798
63 79 4.29271
63 94 -16.9749
63 103 1.31907
63 114 7.77185
64 65 1.88061
65 70 11.5481
65 71 2.41897
65 77 2.41897
65 81 0.722426
65 84 1.47101
66 70 0.811928
66 72 0.777129
66 78 1.21145
66 88 3.01204
66 90 0.297812
68 94 -1.2634
69 75 0.0756679
69 79 0.0722231
70 78 2.41897
70 79 5.80777
70 81 4.96517
70 84 3.20604
70 87 4.3663
70 88 6.21923
70 90 6.41588
71 72 0.320053
71 77 1.14578
72 77 1.66155
72 78 0.806871
73 74 0.762896
73 83 2.54854
73 86 2.75088
73 91 1.47756
73 93 0.73878
73 106 0.0544037
73 132 0.00677178
73 142 0.000302253
74 91 3.28659
75 79 3.10675
76 89 0.000826453
76 106 0.0504018
76 132 0.00675391
76 142 0.000302253
77 78 2.27269
77 81 2.31952
78 81 1.81446
79 87 14.9061
79 90 4.1709
79 95 14.9167
79 96 3.46034
79 105 5.04303
79 111 9.86669
79 114 13.0159
79 118 1.41862
79 138 7.02519
80 106 0.117848
80 132 0.0139336
80 142 0.000906758
82 85 -0.0577566
82 106 -0.0353814
83 106 0.0530762
83 132 0.00676605
83 142 0.000302253
85 106 0.0337706
85 132 0.00680107
85 142 0.000302253
86 91 5.95786
86 106 0.138354
86 132 0.0139113
86 142 0.000906758
87 90 2.1304
88 90 3.61321
89 106 -0.0775203
89 132 -0.0818661
89 142 0.000599999
90 96 8.98819
90 97 3.675
90 99 -1.06314
91 93 9.26405
91 100 8.37687
91 106 -0.000683356
91 108 3.31536
91 109 8.01058
91 132 -0.0534318
91 133 2.78039
91 142 0.000302253
91 143 3.15199
91 150 2.52745
91 151 -0.0434131
91 163 -0.83738
92 106 0.0337706
92 132 0.00680107
92 142 0.000302253
94 103 -9.98009
96 97 4.68908
96 99 -0.578468
96 111 2.71175
96 119 4.69533
96 120 3.57445
96 122 -4.8442
97 99 -2.43096
97 112 0.225892
97 122 -2.78039
98 104 -5.53733
99 104 3.06936
99 107 6.31809
99 112 -0.225892
99 113 3.60773
99 117 -1.22001
101 106 0.0337706
101 132 0.00680107
101 142 0.000302253
102 106 0.443746
102 109 9.83122
102 124 -0.0644049
102 132 0.00875592
102 142 0.000302253
102 175 0.00807201
103 114 7.4445
103 140 6.95976
104 107 11.61
104 116 2.02352
106 108 0.0651818
106 109 0.852876
106 110 1.08744
106 123 0.0651818
106 124 -0.081351
106 126 1.57133
106 127 0.122768
106 132 0.31746
106 142 0.013469
106 163 0.00120501
106 175 0.0478264
107 113 3.20604
107 115 6.35106
107 116 8.86662
107 117 -3.46766
107 128 2.64699
107 130 -3.91844
107 131 -1.4601
107 136 -4.43612
108 109 2.85347
108 132 0.00689621
108 142 0.000302253
109 124 -0.00510113
109 126 5.67229
109 132 0.00801934
109 133 9.53637
109 142 0.000302253
109 151 1.88061
109 158 1.98633
109 175 0.0102023
110 124 -0.0293696
110 132 0.00698388
110 142 0.000302253
110 175 0.00158774
111 114 2.48977
111 118 1.83354
111 119 0.0828479
111 120 1.76466
112 117 -0.405964
112 121 -0.812059
112 122 -2.71175
113 117 -2.71175
114 118 4.79761
114 120 2.00587
114 138 3.57445
114 140 13.1944
114 141 10.4601
114 146 3.57445
114 156 7.45785
114 164 -5.53733
114 166 6.73916
114 184 4.70877
114 188 6.85509
114 200 9.66791
114 201 2.71175
114 206 9.35308
114 208 -0.0130188
114 221 -0.0104635
114 235 0.383174
116 128 2.79331
117 121 -0.353051
117 130 -3.91844
119 120 3.10965
120 122 -5.53733
120 125 7.18616
120 141 6.45278
121 122 -7.68474
121 130 -8.67173
122 125 -2.70691
122 129 -0.291348
122 130 -0.582696
123 132 0.00689621
123 142 0.000302253
124 126 -0.0160658
124 132 -0.245582
124 137 -0.0461038
124 142 -0.118367
124 163 0.00123906
124 175 -0.168558
125 129 -4.14515
125 130 -9.26974
125 141 4.73957
125 146 2.06181
126 132 0.530512
126 158 2.31952
126 175 0.176283
127 128 -10.3815
127 132 0.007347
127 142 0.000604506
128 131 -1.48965
128 134 0.00962375
128 135 0.0392917
128 139 0.010022
128 142 -3.57445
128 144 -0.86299
128 145 -3.44983
128 148 -0.752344
128 154 -11.0747
128 155 -2.38737
128 169 -4.8442
128 179 -1.7995
128 183 -9.28032
128 191 -0.704449
128 195 -3.91844
128 197 -1.78253
128 198 3.01573
129 130 2.76658
130 136 -0.685765
130 146 -4.43612
130 147 4.94082
130 159 0.982543
130 164 0.175202
130 170 0.39878
130 192 2.86059
130 209 0.00958234
131 134 -0.0268767
131 135 -0.196538
131 136 -0.764923
132 137 0.162678
132 142 0.682556
132 149 0.0069058
132 151 6.43639
132 158 3.3701
132 160 0.0175907
132 161 0.00235417
132 163 0.795617
132 165 2.42478
132 168 0.000882485
132 169 0.0869863
132 172 4.31649
132 173 0.0895847
132 175 3.30496
132 182 3.79319
132 268 0.904129
132 281 -0.0311265
132 298 -0.0622529
132 304 -0.111477
132 316 1.60421
133 150 3.31536
133 151 2.36337
134 135 2.59342
134 136 -2.05582
134 139 0.876181
134 153 -0.147636
134 162 6.66064
135 136 -0.0822364
135 139 7.40858
136 147 -1.20144
136 157 -0.488477
136 162 -0.101578
136 167 2.40267
137 175 0.0699938
139 144 2.63608
139 152 -0.0115184
139 153 -0.22614
139 162 2.804
139 177 -3.31536
141 146 3.31536
142 149 -0.00751538
142 154 9.71886
142 163 0.337755
142 168 -0.0311195
142 169 1.43559
142 175 0.102759
144 145 4.65943
144 152 -0.415091
145 148 8.58098
145 152 -0.362512
145 155 2.10127
145 176 -2.19318
145 178 0.48762
145 180 2.03785
146 159 -5.53733
146 164 -5.53733
147 157 0.568331
147 162 -0.00961318
147 167 -2.28819
147 185 -2.38071
147 189 0.865589
147 190 -4.28643
147 192 1.21812
147 193 -1.70016
147 205 -15.9189
147 210 -4.43612
148 155 5.84151
149 161 3.60382
149 168 0.0300259
149 169 -0.00749759
149 175 0.0138116
150 151 3.62035
151 158 0.962998
151 163 1.68935
151 175 0.133004
152 174 -6.44641
152 176 -3.91844
152 177 -5.53733
153 162 -0.801436
154 169 1.73128
155 178 0.683831
155 179 1.11031
156 166 4.24631
156 184 0.0212527
157 162 -2.10546
157 167 -1.56238
157 171 1.02061
157 181 -21.9313
157 189 0.0417463
157 193 -0.218717
157 199 -0.321795
157 204 -7.27595
157 205 -5.53733
157 215 -4.43612
158 175 0.0443346
159 164 2.14198
160 161 3.24652
160 172 2.45032
160 175 0.0351814
160 183 -0.414247
161 168 1.53768
161 175 0.00470834
161 183 -0.414247
162 167 -0.0803692
162 171 -0.0100091
162 177 -1.28865
162 181 0.924851
162 189 -0.00748614
163 175 0.116506
164 166 -26.9935
164 170 1.04306
164 192 4.99931
164 203 -5.53733
164 208 -5.53733
165 175 0.0443349
166 184 3.26504
166 206 3.16945
166 208 -0.00818987
167 189 -0.832035
168 169 -0.0229218
168 175 -0.0308678
168 183 -1.60448
169 183 -0.949059
170 192 0.517063
172 173 1.39442
172 175 2.69411
172 183 12.4363
172 195 10.8272
172 196 7.83689
172 245 4.3732
172 281 0.102436
172 298 0.0935243
173 175 0.581549
174 176 -2.19966
174 177 -17.1662
174 180 5.6311
174 181 2.82205
174 187 -2.6017
174 194 0.772462
175 182 0.0893928
175 195 0.54399
175 268 0.0893928
175 281 0.523505
175 298 0.0843279
175 316 0.0893928
176 180 -0.383518
177 181 -10.7075
177 187 -0.83062
178 179 2.50797
178 180 3.68748
178 186 6.68308
179 186 5.10807
179 191 2.59248
180 186 1.38477
180 194 0.161054
180 197 3.73241
180 202 -8.85269
181 194 0.572843
181 199 -0.0700634
183 195 1.39593
185 190 0.167097
185 193 0.694531
185 205 -5.53733
186 191 1.98079
186 197 2.52745
188 200 11.6699
188 201 1.54979
188 207 3.10675
188 224 3.73241
188 242 14.9215
188 275 3.43706
188 288 2.36822
188 309 4.88841
188 313 2.36296
188 319 10.6387
188 332 0.171369
188 338 10.3861
188 342 0.501615
188 343 4.53737
188 356 4.85119
188 374 6.44037
188 381 7.75811
188 387 3.57445
188 389 3.94329
188 402 1.54979
188 421 4.43612
188 423 -3.57445
188 425 0.959201
188 436 -1.82895
188 446 -1.47101
188 448 3.91844
189 193 -0.908516
191 197 10.362
192 203 -15.9189
192 209 1.45106
192 210 -4.46002
192 214 -0.256192
192 238 -4.14515
192 251 -21.4562
192 253 0.272
192 259 -3.10675
192 274 -2.58569
192 276 -11.0747
192 284 -5.53733
192 290 -5.53733
192 294 -3.53075
192 296 2.8716
193 205 -6.98619
194 199 -4.59715
194 202 -1.81446
195 198 -8.85269
195 217 -11.0747
195 231 -4.06542
195 240 -19.2538
195 245 0.849093
195 281 0.849685
195 298 0.0423064
197 198 -6.26351
197 202 -5.53733
197 216 -5.56079
197 220 1.81446
197 223 -1.22171
198 211 1.21237
198 213 5.80566
198 217 4.01465
198 223 2.22245
198 230 4.37376
198 240 0.222446
198 246 -0.00460769
198 248 -0.0423211
198 249 -2.35888
198 255 0.0831868
198 267 0.117444
198 295 -0.712432
198 297 1.13646
198 314 0.182378
198 330 2.22758
199 202 -5.53733
199 204 -0.0544849
200 201 3.57445
200 206 3.88582
200 221 -0.02241
200 235 2.34204
200 242 2.58569
202 204 -9.85218
202 212 1.95616
202 215 -8.60301
202 216 1.16715
202 218 -3.43706
202 228 -1.39593
203 208 6.24313
203 221 4.73617
203 238 3.88412
203 247 6.3794
203 251 5.4109
203 272 -0.00322384
204 215 -0.517023
205 210 -0.023346
205 214 -20.5056
205 215 -0.758016
205 225 -1.34772
205 226 -0.023346
206 208 -0.0268414
206 221 -0.015057
206 235 0.381182
208 221 0.727751
210 214 0.729254
211 213 0.0321298
212 215 -4.14515
212 218 -9.97346
214 222 -4.83776
214 225 -1.02216
214 227 -3.05214
214 232 0.185906
214 253 -0.0894266
214 259 -0.226632
215 218 0.00527169
215 219 -4.51063
215 226 -7.75148
215 229 -1.92787
215 234 -2.74715
215 236 -0.0843065
216 218 -7.2519
216 220 -3.73241
216 223 -4.20576
216 228 -0.369897
216 252 0.444652
216 258 -4.14515
216 261 -8.53217
216 263 -16.4746
216 287 -1.81446
217 230 3.31536
217 231 -3.73241
218 219 0.18583
218 228 -2.32706
218 229 0.0983229
218 233 8.7229
218 241 0.458975
218 252 -0.162094
219 229 0.432839
219 233 -0.14935
219 241 0.0876697
220 223 -2.7786
221 235 -0.11524
221 272 0.00373329
221 275 1.65419
221 282 -0.791753
221 299 0.00402506
221 309 0.21508
222 227 -1.84714
222 232 0.195794
222 259 -8.24908
222 260 -0.414384
222 269 -11.0747
223 246 3.05146
223 249 -1.99243
223 258 0.666672
223 262 0.0216967
223 263 0.188171
225 226 -8.41866
225 232 -1.42058
225 237 -0.669846
226 234 1.09698
226 237 -0.083487
226 254 -0.048856
227 232 -6.7805
229 236 -2.14198
229 239 -4.63947
229 241 0.156114
230 231 -6.69884
230 240 4.85936
230 248 -0.0729488
230 255 0.118362
231 240 -8.64408
232 237 -3.85088
232 243 0.405506
232 256 -4.01037
232 260 -0.561956
232 264 -5.42739
233 241 7.83305
233 252 -0.340825
233 257 2.47197
233 261 5.85373
233 265 3.01573
234 236 0.0843065
234 237 -3.60975
234 243 -3.50543
234 244 -2.52745
234 250 1.17025
234 254 -7.41095
234 273 -8.30465
235 242 7.3296
235 275 1.53886
235 277 1.67618
235 282 0.242919
236 239 0.0544848
236 244 -1.44559
237 243 -1.49758
237 254 -0.384396
238 251 0.467445
239 241 -3.81968
239 244 -1.82827
240 248 -0.476538
240 255 0.187305
240 267 10.2165
240 281 -5.53733
240 297 0.495058
241 244 1.162
241 250 -1.72077
241 257 3.77089
241 266 -2.10127
242 271 6.03839
242 275 2.93164
242 277 0.72448
243 254 1.49681
243 256 -0.371673
243 264 -3.43706
243 273 -0.337785
243 279 2.91067
243 280 -1.81446
244 250 -1.37598
246 249 3.61037
246 262 1.10166
246 270 3.41677
246 295 -0.0465539
248 255 -0.0683268
248 267 -0.129096
248 297 -0.168579
249 270 3.14974
249 295 -0.0444649
250 266 0.383821
250 273 -4.49413
250 278 -0.584119
251 272 -3.2943
251 284 12.2363
252 261 -0.972682
253 259 -3.31536
255 267 1.14538
255 297 0.232921
256 264 -0.483906
257 261 2.73892
257 265 2.85347
257 266 -5.90902
257 293 0.306478
258 262 0.0127472
258 263 1.46165
259 269 -0.354228
259 274 -1.70948
260 264 -2.93164
260 269 -3.91844
261 263 1.29488
261 265 3.91844
261 287 2.41809
261 293 2.7454
261 302 0.337574
261 311 -4.8442
261 334 2.05883
261 339 0.0442123
261 340 0.270217
261 346 -0.515067
262 263 0.0178989
262 270 0.0690987
263 270 -0.306008
263 287 1.60399
263 302 4.29955
263 323 0.0119303
263 340 0.0238606
264 269 2.02098
264 279 -4.43612
264 283 -0.195158
264 285 -4.8442
266 278 -3.39638
266 286 0.150021
266 292 -0.563121
266 293 -4.8442
266 301 -1.2545
266 308 -0.195158
266 310 -0.77449
267 281 -3.57445
267 297 4.58343
267 314 0.176816
269 283 -0.423705
269 289 2.57915
269 291 1.78243
270 295 -0.121489
270 302 -0.254237
270 303 1.48138
270 312 -0.252308
270 323 1.69189
272 284 -5.70722
272 299 0.00925293
272 309 0.00344153
273 278 -2.36822
273 280 -3.25545
273 286 -0.483906
274 276 -2.49689
274 291 -2.45847
275 282 -0.772941
275 299 0.300136
275 309 9.15623
276 290 4.75583
276 291 1.72797
276 305 -4.44249
278 286 -0.924411
279 280 -7.69767
279 285 1.14399
279 292 0.369897
279 300 7.4446
279 301 -11.7664
279 341 0.339962
279 347 0.22083
280 286 0.0745961
280 292 -2.23592
281 297 -31.0216
281 298 1.27939
281 307 3.91844
281 320 1.06254
283 285 -5.53733
283 289 -0.84741
283 300 -5.53733
284 296 -3.20605
284 299 -0.807991
284 306 9.54429
284 309 -0.118692
284 324 1.60914
284 333 -0.00379795
285 300 3.2674
285 347 0.146493
286 292 -0.298267
287 293 0.0275655
289 291 1.30083
289 300 -5.53733
290 294 -2.10127
290 296 -8.41866
290 300 -5.53733
290 305 -9.78415
290 317 -2.06181
290 325 -4.14185
290 328 0.753562
290 329 -3.57445
290 350 -5.53733
291 300 -11.0747
291 305 -5.53733
291 321 -9.97346
291 326 3.26572
291 329 -1.23477
292 301 -0.56723
293 310 -11.0747
293 311 -5.95961
293 318 -4.43612
294 296 -0.0798316
295 303 -0.107433
295 312 -4.71592
295 330 -1.49668
295 336 -0.905358
295 351 -0.83062
296 306 -10.3815
296 317 -1.76531
296 324 -5.53733
297 314 6.42658
297 320 -7.28959
297 331 4.71138
297 344 1.48078
298 304 0.0574081
298 307 1.88061
299 309 0.941022
300 321 3.97368
300 326 -4.69824
300 329 -0.332763
300 341 1.16715
300 347 0.525054
300 348 3.44441
300 350 1.81675
300 361 3.18869
300 363 0.626483
300 380 0.180785
301 308 0.0343199
301 310 -8.16853
301 318 -7.12449
301 322 -5.53733
301 341 -0.675118
301 348 -2.70162
302 323 -0.688586
302 339 -0.106419
302 340 0.893515
302 346 0.247952
303 312 -0.102238
304 307 1.48404
304 315 1.79329
304 316 -0.108137
304 327 0.333863
305 328 -4.43612
305 329 -0.81228
306 309 -0.328979
306 324 4.93396
306 333 -0.00741186
307 315 5.17628
307 320 5.30964
307 327 2.92995
307 335 8.43219
307 344 -15.9189
307 349 1.54979
307 358 5.14824
307 365 -0.524775
308 310 -0.195158
309 324 0.0905611
309 332 -0.00992405
309 333 0.48342
309 338 1.13768
309 342 0.412252
310 318 0.00147152
310 322 0.00334733
311 318 -20.7631
311 334 -5.53733
311 352 -6.8811
311 357 -2.85347
311 364 1.57696
312 323 -0.315506
312 336 0.933782
314 330 3.30259
314 331 2.95985
315 327 1.13056
316 327 -6.65866
317 324 -0.326515
317 325 -0.340488
317 345 -0.609694
318 322 -0.527298
318 348 -5.53733
318 357 -1.30083
320 344 -3.10675
321 326 -3.91844
321 347 0.0722968
323 336 1.32194
323 337 0.303619
323 340 0.495993
323 353 1.24337
324 332 2.86275
324 333 -0.0327317
324 338 0.878049
324 345 6.14828
324 373 5.19978
325 345 -7.26181
325 350 4.49413
325 375 -2.85347
326 329 -0.999972
327 335 1.25517
327 349 2.67444
328 329 -10.3815
330 331 5.14645
330 351 3.34435
330 354 3.91844
330 359 0.116857
331 344 1.20906
331 354 2.99662
332 333 -0.109298
332 338 9.62252
332 342 0.657035
333 338 -0.113097
333 342 -0.0525555
334 339 0.0922418
334 340 -0.05598
334 346 -8.77901
334 352 -7.50404
334 370 -3.10675
334 372 -5.53733
336 337 1.43493
336 351 -7.78395
336 353 0.189178
338 342 0.933499
338 373 1.15375
338 381 2.44967
338 385 0.595333
339 340 -0.167531
339 346 -0.387546
340 346 0.283984
340 353 2.92258
340 355 -1.31422
341 348 1.88789
344 354 3.89573
344 359 1.69086
344 360 7.70859
344 362 3.43706
344 365 -6.29053
345 373 2.33607
345 375 4.56257
346 355 -0.410294
346 368 0.0245494
346 370 0.170178
346 379 2.14671
346 383 0.30323
347 350 1.22229
347 361 0.5484
347 369 -0.36566
347 377 0.0119391
347 380 0.117837
348 357 -4.78139
348 363 1.6026
348 366 0.365233
348 376 -5.53733
349 358 1.06254
349 365 -6.87411
349 371 -4.43612
349 382 2.52745
350 369 -3.45148
350 375 -12.0035
350 380 -0.0443024
350 386 -0.207981
350 391 -0.0449269
350 404 1.38974
350 408 -1.95974
350 410 0.348465
351 353 -3.00056
351 359 6.5214
352 364 -2.54078
352 366 0.0818896
352 372 -9.04206
352 376 -9.60003
353 355 -0.945425
353 359 -1.99601
353 368 -0.830258
353 379 0.0459215
353 383 0.0424993
354 359 8.68144
355 368 -0.0111301
355 379 -0.233926
355 383 -0.0720994
357 364 -2.46283
357 366 -0.154351
358 365 -0.886457
359 360 12.8079
359 367 5.62111
359 368 -15.9189
359 384 -0.15753
359 394 -4.14515
359 395 2.989
359 397 0.0257039
359 398 -0.202662
360 362 2.18405
360 365 -2.18405
360 384 -0.76478
360 397 0.0267058
360 398 -0.109992
361 363 2.47307
361 378 -13.2026
361 380 1.18086
361 393 -4.29483
361 401 -1.08303
363 376 -11.0747
363 378 -2.3109
364 366 -0.767203
365 371 -3.21039
365 384 -1.44559
366 376 -0.584119
368 370 0.00191256
368 372 -0.145352
368 379 0.604718
368 383 0.00181066
368 390 1.08703
368 394 -0.116857
368 395 -16.612
368 399 1.04274
368 407 -5.53733
368 413 0.0314243
368 416 -5.53733
368 427 0.119155
368 433 -4.8442
368 444 -5.53733
369 377 -8.81235
369 380 -0.260573
369 386 -1.38957
370 372 -0.0927686
370 379 2.43445
371 382 -17.3565
371 384 4.05956
371 412 -2.15866
371 416 0.553924
372 376 -5.53733
372 379 -0.254246
372 390 0.22949
372 396 0.451611
372 399 1.87405
372 400 -6.83916
372 427 0.0353729
373 375 2.39592
373 381 1.22537
373 385 3.38642
373 388 1.77323
373 389 1.98296
373 405 2.06346
373 414 5.47706
373 415 -5.53733
374 381 0.321795
375 391 0.0449268
375 404 -4.14515
375 405 1.74626
376 378 -26.3004
376 399 -18.2547
376 424 -5.53733
376 432 -4.8442
376 438 -1.52308
376 449 -4.5471
377 380 0.0238781
378 401 -14.8177
378 438 -5.53733
378 440 -2.3574
378 442 -5.53733
379 383 2.66039
379 390 0.897086
379 396 -0.0123975
380 386 1.6555
380 393 -2.97702
380 408 -0.457389
380 411 0.412637
381 385 4.09677
381 389 6.14056
382 412 4.42218
382 416 -0.680622
382 419 -0.116857
383 390 0.0945285
384 395 -0.182146
384 397 -0.0238515
384 398 0.876269
384 407 -1.90395
384 416 9.39663
384 433 2.45804
385 389 5.56309
388 389 0.209503
388 403 0.096146
388 414 1.12328
389 392 6.77191
389 402 6.0953
389 403 7.50379
389 409 14.4717
389 414 3.26687
389 423 -2.93164
390 396 0.40017
390 399 2.77261
393 401 -20.5304
393 406 -5.53733
393 411 -5.99229
393 452 -4.43612
393 458 -10.3815
394 395 -4.43612
395 398 -0.269078
395 407 1.89404
395 413 -5.53733
396 399 2.08997
397 398 -0.0551843
399 400 -3.08899
399 424 -0.626847
399 427 2.73169
399 432 -0.132538
399 435 2.05
399 444 -5.53733
399 451 -5.53733
399 454 -5.53733
401 406 -0.999754
401 442 -2.90521
401 452 -1.63282
403 414 3.44568
404 405 -3.93751
404 410 -0.0129312
404 417 -0.141474
405 414 0.035061
405 415 -2.17627
405 417 0.110286
405 429 -0.597052
405 437 0.140381
405 441 -8.943
407 413 -8.83843
407 433 -0.0568592
408 410 -2.93164
408 411 -0.290229
408 418 -0.0494051
409 414 8.46454
409 423 -2.47037
409 431 -0.446222
409 434 -1.14578
409 439 -3.73241
410 417 0.0615037
410 418 -1.00226
410 420 0.0296786
410 422 -0.0188366
410 426 -0.00326822
411 418 0.393751
411 420 -1.23277
411 426 -1.04325
411 437 -2.41178
411 458 -5.53733
411 465 -11.0747
411 467 -5.53733
412 416 -1.10798
414 429 0.0990278
414 431 -2.06509
416 419 5.85602
416 433 4.40337
416 444 3.01573
416 445 4.8442
416 451 7.3433
416 456 3.20604
416 459 14.3912
416 493 -2.85347
417 420 -0.101368
417 422 2.48534
417 426 0.0819383
417 437 0.666673
418 420 -0.943623
420 422 -0.48508
420 426 -0.023739
422 426 0.0169476
423 425 -0.321795
423 428 0.864563
423 430 -4.8442
423 434 3.99846
424 432 0.0639884
425 428 -1.69902
425 430 -0.242411
425 436 -1.89061
426 437 0.164199
428 430 -7.6386
428 434 4.43612
428 436 -3.31536
428 443 -11.2912
429 431 -0.464129
429 439 -15.9189
429 441 -16.612
429 461 -1.88061
431 439 -2.93164
432 435 -0.137099
432 449 -5.53733
434 439 -16.612
434 443 -3.73241
434 447 -14.8177
434 461 -10.3815
435 449 -5.53733
435 454 -4.8442
436 443 -0.0358313
436 446 -0.0636696
436 450 0.0511145
437 441 -3.8978
437 465 -8.35456
438 440 -4.14515
438 449 1.25517
439 461 1.14578
440 442 -9.97346
440 449 -2.02352
440 453 -3.73241
441 461 1.39593
441 465 -5.53733
442 449 0.758015
442 452 -2.96897
442 453 2.71175
442 455 2.78039
442 458 9.20267
442 467 2.31952
443 447 -2.91159
443 450 -2.14766
443 457 -3.17433
443 460 -5.88998
444 451 4.14515
445 451 3.10675
446 448 -1.72261
446 450 -0.379834
446 460 -2.11601
446 462 -1.18408
446 463 -0.0224936
447 460 0.454293
447 461 2.2865
448 462 -3.43706
448 468 -0.867703
449 451 4.8442
449 453 2.67572
449 454 2.36822
449 464 3.91844
449 466 8.27562
449 467 4.35222
449 491 0.0144865
449 502 0.0644611
450 460 0.932695
451 454 3.43706
451 456 3.43706
451 459 6.90549
451 466 0.404958
451 470 2.42844
451 474 9.53454
451 476 6.27092
451 486 -0.0139704
451 491 5.31694
451 493 -1.00152
451 497 2.56282
451 498 2.29136
451 499 -0.128397
451 502 0.0644611
451 506 3.19156
452 455 -2.93164
452 458 -2.31952
455 458 2.64699
457 460 1.22745
458 467 11.0793
459 493 -1.42058
459 506 0.30773
460 461 4.57976
460 463 0.113065
460 471 0.675417
460 472 -5.53733
461 465 -5.53733
461 469 0.758015
461 471 0.128212
461 472 -26.9935
462 463 -0.112792
462 468 -0.123708
463 468 4.52163
463 471 4.63115
463 478 3.01573
463 490 -4.43612
464 466 6.11347
464 467 2.25771
464 477 -2.92847
464 483 0.546461
465 467 10.8264
465 472 4.14515
465 475 10.8391
465 482 2.21082
465 488 -3.01573
465 494 -1.10541
466 470 1.69553
466 476 3.32308
466 483 2.50561
466 491 1.03138
466 495 0.258719
466 502 0.620906
467 473 10.6048
467 475 0.148121
467 477 -12.1028
467 479 6.35969
467 480 8.79756
467 481 7.07178
467 492 -4.67117
467 501 -0.231263
467 507 -3.1559
467 511 -0.22748
469 472 -10.3815
470 476 0.44941
470 491 0.0583713
470 502 0.0653432
471 472 -4.43612
471 484 -7.6386
471 490 -5.53733
472 482 0.867703
472 484 1.15577
472 487 -1.06392
472 488 -5.18826
472 503 -0.00544774
474 506 0.153865
475 479 6.31279
475 488 -2.58569
475 492 -0.81121
475 505 -4.8442
476 491 8.29272
476 502 0.123108
477 481 -6.72436
477 483 -0.300738
477 485 2.14198
477 489 3.23262
477 496 1.37956
477 515 -1.56549
478 490 -3.73241
479 492 -2.41897
481 485 -1.33979
481 489 -1.81162
481 504 -0.418426
481 507 -3.47228
481 515 5.72054
481 524 -0.453514
481 536 -2.98882
482 488 -4.14515
482 494 -2.55481
483 491 0.715433
483 495 0.917363
483 496 -1.62559
484 487 -3.95559
484 488 -16.6586
484 490 5.50433
484 500 0.895845
484 503 -0.0432658
484 521 4.91629
484 529 -0.997374
484 532 -0.354443
484 535 1.97701
484 537 1.79535
486 491 -0.0139685
486 497 -0.0265952
486 506 -0.0292827
487 488 1.99151
488 494 -3.28228
488 505 -0.0181298
488 508 -0.134448
488 513 4.85478
488 519 3.43706
488 520 0.349996
488 528 -4.8442
488 529 -4.8442
490 500 7.04059
490 503 -0.0699317
490 517 8.61901
490 532 -0.870898
490 535 0.338053
491 495 4.31501
491 497 0.949228
491 502 1.90695
491 506 2.07128
491 509 1.27631
491 515 4.43612
491 516 3.64922
491 518 0.65401
491 522 0.65899
491 533 4.82549
491 546 -7.75148
491 555 0.0411599
491 566 0.647136
492 501 5.31078
492 505 -0.0537648
492 508 -0.251971
492 514 -0.0625634
492 520 0.23703
492 527 0.743648
493 499 -0.0471762
493 506 -6.87411
495 496 -2.20252
495 509 1.54325
495 515 8.06359
496 515 -1.05945
497 506 1.94249
498 506 0.155135
499 506 -3.41952
500 503 -0.0126156
501 511 11.1423
501 514 -0.00930966
501 527 0.0873949
503 517 -0.011978
504 507 3.20604
505 508 -0.00373546
505 513 -0.0181298
505 520 -0.102055
506 510 3.038
506 512 -11.7827
506 522 2.81081
506 523 3.46534
506 525 2.36822
506 530 1.30083
507 511 8.40103
507 524 4.64545
507 536 8.95683
507 543 0.0548007
507 545 0.384972
507 553 -6.15689
508 513 -0.180838
508 520 -0.782057
509 515 5.00205
510 522 3.24661
511 527 6.64188
511 540 -2.57291
511 543 0.10764
511 553 -0.417345
511 558 1.21997
511 563 5.73632
511 564 2.66544
511 574 -0.163969
512 530 -8.85269
512 531 -0.24809
513 519 0.200228
513 520 5.4036
513 528 -8.98936
514 520 -0.352366
514 527 -0.0340718
515 536 -1.26939
515 545 -5.07214
515 546 -1.48261
517 532 -1.82227
518 522 10.1911
518 534 1.49778
518 538 3.43706
518 547 5.28843
518 554 -0.299944
518 566 10.8942
519 528 -9.45578
520 527 4.90546
520 528 -4.43612
520 540 -3.20605
521 529 -2.1139
521 537 -0.132504
522 523 0.577037
522 525 0.888229
522 526 3.03469
522 530 3.92725
522 534 5.5717
522 539 7.08438
523 525 0.787156
525 530 1.08109
527 540 -9.41676
528 529 12.026
528 540 -5.42739
528 541 1.06254
528 551 3.73241
529 537 8.9313
529 541 4.4026
529 548 3.43706
529 550 5.71191
529 551 2.78039
529 552 2.93164
530 531 -5.53733
530 539 5.74016
530 557 -5.38891
530 562 0.869917
530 567 1.57696
530 579 -3.20605
531 557 -2.42394
531 567 -5.53733
532 535 -4.17798
532 549 -0.467445
533 544 -3.23291
533 546 -11.688
533 555 0.17794
533 566 3.75036
534 539 3.98739
534 547 0.893212
535 537 1.46325
535 542 1.60463
535 549 5.54687
535 550 3.91844
536 545 3.02921
536 553 -4.43797
536 559 3.07014
536 563 1.80594
537 542 3.87525
537 550 3.69087
538 566 3.73241
539 547 2.93017
539 562 5.16641
539 575 0.473482
539 577 -0.0244061
540 551 -4.62509
540 556 -4.19534
540 558 -0.590811
540 561 0.0346854
540 563 -0.00754631
540 564 -0.345475
540 574 1.99734
543 553 -0.10568
544 555 -0.0105407
544 566 -0.0648566
545 546 2.18117
545 559 3.08806
545 572 2.70809
546 555 -0.147629
546 559 -1.44946
546 566 -7.20862
546 572 -1.80539
547 566 8.76265
547 575 4.539
548 550 7.11794
549 550 9.62986
549 568 -6.21178
549 571 1.27785
549 573 5.31767
549 578 4.14515
549 583 4.98373
550 552 5.12849
550 565 3.20604
550 571 3.91844
550 573 3.73241
550 578 6.16014
551 552 3.83989
551 560 5.90764
551 561 -0.0749582
551 565 2.62612
551 569 9.22744
552 565 4.5958
553 563 -0.956845
553 564 -6.3687
554 566 -0.599889
555 566 0.104063
556 561 -0.248179
556 574 -0.176555
557 567 -4.8442
558 563 2.88626
558 574 -0.137602
559 563 5.96526
559 566 3.12858
559 572 5.49672
559 581 8.28126
559 587 1.59736
560 561 -1.78021
560 569 0.634866
560 570 -1.12547
560 576 0.652519
561 569 0.047561
561 570 0.69805
561 574 0.126362
561 576 -0.190446
561 580 0.191826
561 582 -1.10372
562 575 -1.46174
562 577 -0.120938
562 579 -1.85091
562 584 3.02839
563 564 2.26025
563 574 -0.146973
563 581 2.93164
564 574 -0.15095
565 569 7.67016
565 578 6.10365
565 580 1.97706
566 575 2.85347
566 585 11.9141
566 586 4.14515
566 587 0.39388
567 579 -4.43612
568 583 -0.13442
569 570 -1.15244
569 576 2.06181
569 580 3.54437
570 576 -2.03713
574 580 0.266138
574 582 -0.0217508
575 577 -9.01954
575 584 -1.10372
579 584 -11.0317
580 582 -0.108657
581 587 0.258219
585 586 3.31536
