MULTICUT
0 13 2.5856857384930256
0 1 2.2726891994400433
1 3 1.6328169387983074
2 3 2.2275794437459226
3 74 -0.353818619728701
2 74 1.986327796610479
3 74 1.7513136084096503
0 3 1.210635526973574
4 74 1.8471390342477205
3 6 1.4968293639808472
6 74 2.7117470592609445
0 6 1.8471390342477205
5 74 -2.418966560561031
11 74 2.141984057957801
6 11 2.368217406966919
6 13 2.2726891994400433
7 74 -3.732408358890588
5 7 0.369896870073811
7 74 -2.5274489963885465
8 74 -2.8534722097520193
7 8 0.5336849977291656
9 13 1.9501526258096291
6 9 3.10674997290245
8 74 -2.418966560561031
10 74 -2.6469936768108107
8 10 1.103724552883528
10 74 -2.4719661045957224
9 12 0.6698459156176995
12 13 0.4347078707200993
12 14 -2.4719661045957224
9 14 -5.53733426701854
17 74 -4.43612156009328
13 14 -3.732408358890588
10 17 -1.3959339919795308
14 15 1.188767543534301
13 15 -2.319517101482562
6 16 0.054484828546315534
14 16 -2.7117471225450083
14 51 1.4968293639808472
18 74 -5.53733426701854
19 74 -5.53733426701854
20 74 -4.145152083743929
17 20 2.646993557188065
15 51 3.10674997290245
18 19 2.93164334365634
17 74 -2.023524054927849
15 21 2.5856857384930256
13 21 -3.732408358890588
17 27 0.9244109312539295
16 51 -2.9316434205780437
27 74 -2.8534722097520193
24 74 -4.43612156009328
25 74 -5.53733426701854
18 24 -3.106750063060895
19 25 2.7117470592609445
18 23 1.0830275858277314
6 51 -4.43612156009328
23 24 -1.371652884404361
21 51 1.9149341938214999
30 74 -3.732408358890588
25 30 -0.5004308444200505
22 74 -0.33778538326100627
18 26 1.103724552883528
33 74 -3.5744537730315336
20 33 -2.5856858519456853
22 24 -4.43612156009328
19 26 0.5170228985401271
30 33 -0.13248112001244716
22 36 -4.43612156009328
24 36 -0.007781779532672672
22 29 2.0618119072200103
19 32 0.3217949194737102
29 74 -0.27405945275533616
17 33 -1.690856787854381
35 74 0.07006324471763459
24 28 0.274059332246233
18 31 -0.21088196663715686
17 34 -0.533685124626992
29 35 0.6872705278045488
23 28 -2.1840514594677467
23 31 -0.13248112001244716
27 34 2.184051378192568
26 31 -1.1037246319352672
26 37 0.48390574875928927
19 38 -1.4968294629075651
28 36 2.418966462073592
32 38 -2.7117471225450083
25 38 -1.690856787854381
21 40 2.0618119072200103
36 45 1.445594446330888
19 46 -0.9244110766470177
13 40 -5.53733426701854
22 45 -3.106750063060895
26 46 -0.13248112001244716
32 46 -3.9184428135768994
22 44 -3.9184428135768994
33 39 -0.17945749696390423
17 39 -2.0618119810484816
29 44 -1.8806142848807943
44 45 1.5769599644200505
28 31 2.2726891994400433
31 37 -2.8534722097520193
30 43 -0.19515772478657212
33 43 -1.4710064589046166
37 46 -3.2060451019615273
41 51 3.3153580262671256
40 51 4.436121480203944
6 41 -5.53733426701854
34 39 -2.4719661045957224
25 42 -1.371652884404361
30 42 -2.368217501379304
38 42 -3.3153581355547077
39 43 0.19515760538251437
28 46 3.4370554399806776
32 47 -1.5230824363372633
46 47 3.015725255756913
38 47 0.8306197427665889
31 46 0.4347078707200993
34 50 -1.167151619412428
35 44 -2.8534722097520193
42 43 -2.1012697910023577
39 50 0.6352858046593717
43 52 3.9184427168471876
39 52 0.07006324471763459
27 50 -1.2106356105583946
6 51 -4.43612156009328
50 52 -2.7803933790295874
28 45 0.652518806521984
42 49 0.7224263377855422
45 46 1.5497853865743236
38 49 -1.1037246319352672
42 52 -1.1887676261434261
44 74 -3.9184428135768994
49 52 1.124638707269666
47 49 0.7940688968903633
45 48 2.8534721380276795
13 51 -5.53733426701854
50 74 -4.43612156009328
46 48 3.574453703354731
44 53 -0.16377929735639296
45 53 2.2275794437459226
53 74 -2.1840514594677467
48 53 4.145152023550564
49 54 1.5230823357393546
52 54 3.9184427168471876
52 55 0.5841188470777665
50 55 0.7580154487445683
47 54 1.880614156109223
56 74 1.8471390342477205
60 74 -4.844202616288199
53 60 2.8534721380276795
47 59 1.9501526258096291
54 59 1.210635526973574
51 58 4.844202556684481
55 74 -2.319517101482562
51 57 4.844202556684481
6 57 -5.53733426701854
6 74 1.6328169387983074
48 61 2.101269714871794
46 61 1.6908566753683048
46 59 2.418966462073592
53 61 3.9184427168471876
54 63 1.2778513804684322
55 64 -1.5769600686022973
64 74 -1.847139159904398
52 63 2.2275794437459226
66 74 -0.023346044556825873
59 62 0.13248100121840833
54 62 0.7047961364960313
60 66 -5.53733426701854
62 63 2.5856857384930256
59 65 0.8864565510992328
62 65 -0.40219829746062086
60 69 0.40219817433836536
60 61 2.0618119072200103
66 69 0.35381849771398977
46 67 -3.732408358890588
59 67 -2.22757952790676
65 67 -4.43612156009328
61 70 -1.690856787854381
64 72 0.7224263377855422
72 74 0.19515760538251437
46 70 -0.4839058740936957
46 68 2.7117470592609445
68 70 -1.371652884404361
67 68 -2.6469936768108107
55 63 -0.33778538326100627
63 71 2.646993557188065
55 71 -0.722426472174637
71 72 -4.43612156009328
60 74 -2.7117471225450083
67 75 -0.08565028243590467
69 74 -1.5230824363372633
68 75 -2.1419841365639445
63 73 2.2726891994400433
74 76 1.4205758640846524
62 73 1.0022628750411067
72 76 2.7117470592609445
61 77 -0.8306198826413334
60 77 -1.914934325902037
74 77 -4.43612156009328
65 75 -1.083027742309897
65 73 -0.24241052705099042
63 78 -0.618143736811748
73 78 -1.2551670218420983
71 78 -2.1012697910023577
61 85 -1.0022630255891705
70 85 -1.6615502176829433
75 79 1.471006361575077
65 79 -0.867703438765498
57 83 2.368217406966919
6 83 -4.844202616288199
73 80 1.124638707269666
77 85 2.0618119072200103
73 79 -0.6872706606037844
78 80 0.13248100121840833
79 81 1.2551669361900215
73 81 -0.4510470176203887
68 85 -1.1037246319352672
80 81 -0.19515772478657212
51 82 4.436121480203944
74 84 2.2726891994400433
71 86 0.35381849771398977
72 86 -4.43612156009328
75 85 -2.1840514594677467
51 83 4.844202556684481
84 87 0.7580154487445683
74 87 -0.14812115655181013
72 98 -2.7803933790295874
74 88 -3.0157253387444354
74 89 -2.5274489963885465
86 98 -1.1037246319352672
88 89 1.124638707269666
51 94 3.7324082779400585
74 91 -1.6615502176829433
77 92 -3.0157253387444354
75 95 -1.5769600686022973
75 103 -0.7401649710893459
78 90 -2.8534722097520193
71 90 -1.1887676261434261
13 94 -5.53733426701854
91 92 -4.844202616288199
85 95 4.436121480203944
95 103 3.4370554399806776
79 103 -1.1457782950449733
80 90 -0.7940690348095123
86 90 0.7940688968903633
81 103 -1.0221649697100497
74 100 -4.43612156009328
85 92 -3.3153581355547077
81 96 -1.3008300007371676
80 96 -0.5841189757308616
86 97 1.3008299128497565
89 100 -3.732408358890588
74 99 -3.0157253387444354
96 103 1.2778513804684322
90 96 -1.5230824363372633
97 98 1.188767543534301
99 100 -0.9436227297103521
76 98 -1.4968294629075651
6 93 2.7117470592609445
74 102 -5.53733426701854
74 107 -4.844202616288199
83 93 -4.844202616288199
74 87 -0.22663222628581936
99 102 1.0625402297313233
74 106 1.7825318837304605
91 106 0.2899341161553104
102 107 2.2726891994400433
74 98 -1.986327866288225
98 104 0.9053573740495944
89 101 0.1168571278983801
74 104 -2.4719661045957224
88 101 -2.0618119810484816
86 96 -2.319517101482562
87 105 0.5841188470777665
74 105 -1.2778514672160726
92 106 -5.53733426701854
100 101 -5.53733426701854
74 114 -4.844202616288199
74 115 -4.43612156009328
74 111 -4.43612156009328
88 111 -2.9316434205780437
105 106 -0.8864566941706382
114 115 1.9149341938214999
100 112 2.4719660016221714
101 112 -5.53733426701854
100 102 3.015725255756913
97 103 -2.5856858519456853
98 103 -2.023524054927849
74 105 -1.371652884404361
103 104 -0.618143736811748
111 115 4.436121480203944
85 106 -5.53733426701854
85 108 1.9149341938214999
95 108 0.6872705278045488
86 103 -4.43612156009328
74 109 -0.6872706606037844
104 109 0.1168571278983801
101 111 -4.43612156009328
74 110 0.1168571278983801
111 112 0.9629978960423582
109 114 -5.53733426701854
105 113 0.242410407030617
104 117 -0.4184259027266788
104 118 0.08565016394454328
109 118 -0.17945749696390423
102 119 -0.007781779532672672
107 119 2.2275794437459226
74 113 1.7513136084096503
117 118 -0.9436227297103521
100 119 0.8306197427665889
106 116 -0.7047962700763302
85 116 -3.0157253387444354
105 116 -1.2106356105583946
105 155 -3.732408358890588
85 122 -1.914934325902037
116 155 -4.43612156009328
116 122 -5.53733426701854
108 122 -0.21088196663715686
95 120 -1.324114566604422
108 120 -0.17945749696390423
109 125 -4.145152083743929
103 117 -1.5230824363372633
114 125 -0.8122801326543725
111 121 3.10674997290245
118 125 -1.1457782950449733
111 123 3.7324082779400585
112 123 -0.27405945275533616
100 123 3.4370554399806776
113 155 -3.9184428135768994
120 122 -0.19515772478657212
103 128 3.2060450031958343
100 126 1.5769599644200505
119 126 2.7117470592609445
6 83 -3.2060451019615273
116 124 -3.732408358890588
122 124 1.9501526258096291
121 123 2.5274488884529975
120 127 1.9501526258096291
118 132 -1.3477177614522067
115 125 2.646993557188065
122 127 -0.4839058740936957
117 132 0.1637791782871667
125 132 0.4347078707200993
116 133 -1.3959339919795308
103 136 1.6908566753683048
133 155 -1.4968294629075651
117 136 -1.3959339919795308
123 126 1.0830275858277314
74 148 -4.844202616288199
122 130 -0.8490927706325437
6 148 -4.43612156009328
124 133 -0.9825428039459942
124 130 -0.722426472174637
127 130 2.023523983245292
51 131 3.4370554399806776
6 150 -3.732408358890588
111 125 2.184051378192568
126 129 3.3153580262671256
148 150 2.7803933118077264
132 136 -2.418966560561031
121 125 2.368217406966919
74 143 -4.145152083743929
103 135 3.2060450031958343
123 134 2.368217406966919
95 135 2.2726891994400433
94 131 3.574453703354731
74 155 -4.145152083743929
125 137 1.6908566753683048
125 138 0.982542654754837
123 140 0.8306197427665889
128 135 0.9629978960423582
132 137 0.7940688968903633
121 139 1.6615501074318497
126 146 2.8534721380276795
137 138 -0.867703438765498
121 134 -0.13248112001244716
140 146 2.7803933118077264
74 144 -3.9184428135768994
144 155 3.574453703354731
143 148 -0.11685724657693086
113 144 -3.732408358890588
95 127 -0.6010891274007599
134 139 1.8144599138640842
6 149 -3.3153581355547077
74 147 -2.6469936768108107
149 150 1.3716527928075883
144 147 -1.1246387871621042
124 145 0.3217949194737102
130 145 0.9436225830949259
127 135 -1.8144600365838361
134 140 1.4968293639808472
131 142 2.31951701078773
130 141 1.6328169387983074
103 160 3.574453703354731
125 152 0.2582187931706581
121 152 -2.023524054927849
141 145 3.2060450031958343
127 141 1.72076695640305
136 160 0.6352858046593717
6 157 -3.9184428135768994
129 154 1.0422550037182607
147 155 -1.042255157127819
138 152 2.4719660016221714
139 152 0.35381849771398977
136 168 1.5769599644200505
126 154 3.2060450031958343
128 160 -1.751313725733529
132 168 -1.7825320036768968
146 154 -0.2899342369326745
83 156 3.4370554399806776
160 168 1.3008299128497565
139 153 0.8677032967963991
134 153 1.471006361575077
138 151 2.31951701078773
137 151 -0.4510470176203887
51 156 2.368217406966919
74 163 -3.43705550120135
137 158 0.8122799937741847
131 156 5.537334267018537
83 157 -0.7940690348095123
155 163 2.7803933118077264
135 141 -2.22757952790676
132 158 -0.635285935274005
151 158 1.4205758640846524
156 157 -1.7825320036768968
133 145 -1.1457782950449733
143 159 2.2726891994400433
74 159 -1.3959339919795308
141 167 -4.145152083743929
134 161 0.242410407030617
140 161 -1.690856787854381
135 167 1.0625402297313233
152 153 -2.22757952790676
94 162 4.145152023550564
150 165 1.347717671142901
144 164 3.015725255756913
131 162 1.0221648177565306
149 157 -0.635285935274005
149 165 3.7324082779400585
148 159 1.9149341938214999
159 163 -0.11685724657693086
147 164 0.054484828546315534
156 175 -0.9053575182618498
149 181 -1.420575958424365
153 166 2.5274488884529975
161 169 3.4370554399806776
140 169 -2.22757952790676
157 175 0.9629978960423582
157 181 0.9436225830949259
152 166 -1.847139159904398
146 169 -2.023524054927849
155 164 3.574453703354731
146 173 -0.353818619728701
156 162 1.210635526973574
153 161 3.4370554399806776
169 173 0.9436225830949259
149 176 1.2778513804684322
148 165 -0.2899342369326745
159 185 3.574453703354731
146 170 -2.2726892867301896
154 170 -0.038913137770452355
176 181 2.5856857384930256
163 185 1.471006361575077
145 167 -4.43612156009328
148 171 -1.371652884404361
133 178 -0.2899342369326745
165 171 3.3153580262671256
145 178 -0.33778538326100627
170 173 1.5769599644200505
155 185 1.445594446330888
155 177 0.5504197869721676
158 172 0.9053573740495944
154 179 1.8144599138640842
132 172 1.3008299128497565
177 185 2.31951701078773
13 174 1.6328169387983074
156 188 4.844202556684481
94 174 -5.53733426701854
162 188 4.436121480203944
165 176 3.7324082779400585
151 172 3.7324082779400585
170 179 -2.2726892867301896
13 183 -2.319517101482562
174 183 -1.690856787854381
152 189 0.2582187931706581
166 189 2.101269714871794
157 180 -1.7825320036768968
145 182 -2.5856858519456853
145 191 -3.732408358890588
161 170 1.8471390342477205
159 171 0.7580154487445683
182 191 -1.3008300007371676
167 191 -1.4968294629075651
132 186 0.1168571278983801
175 180 -3.2060451019615273
178 182 1.188767543534301
168 186 0.1168571278983801
169 170 2.7117470592609445
165 184 4.145152023550564
165 187 2.418966462073592
160 193 2.4719660016221714
168 193 1.986327796610479
180 181 -3.3153581355547077
176 184 2.93164334365634
184 187 3.7324082779400585
171 187 2.5274488884529975
172 186 0.6872705278045488
153 170 5.537334267018537
177 190 3.10674997290245
155 190 2.31951701078773
138 192 2.7803933118077264
151 192 2.023523983245292
179 194 1.7825318837304605
159 187 1.4205758640846524
128 193 -0.9825428039459942
152 192 0.40219817433836536
170 194 -1.4968294629075651
13 200 -5.53733426701854
13 201 -3.9184428135768994
13 195 -3.106750063060895
152 196 0.8677032967963991
183 195 -1.2327653271421226
185 187 3.574453703354731
192 196 -1.3008300007371676
189 196 -1.324114566604422
196 205 0.9053573740495944
195 201 1.124638707269666
189 205 -1.7207670712436016
13 212 -2.6469936768108107
182 207 -0.023346044556825873
182 199 -1.0221649697100497
135 191 -2.9316434205780437
201 212 -2.2726892867301896
175 181 2.5856857384930256
178 207 -3.732408358890588
191 199 1.2778513804684322
153 189 1.188767543534301
174 202 -1.2551670218420983
176 197 1.8471390342477205
133 204 0.007781661256567096
200 212 -0.07006336313715722
195 202 -1.1246387871621042
155 204 4.436121480203944
185 211 -0.10124760698692858
199 207 2.0618119072200103
156 203 4.436121480203944
178 198 0.9244109312539295
191 221 -0.9436227297103521
135 221 -3.2060451019615273
184 197 -0.722426472174637
133 198 0.33778526158074773
201 213 0.7047961364960313
190 204 1.347717671142901
208 221 0.1481210376275779
135 208 2.368217406966919
212 213 2.31951701078773
94 202 -1.420575958424365
177 204 -0.10124760698692858
198 207 -0.9629980439232386
199 221 -3.0157253387444354
181 210 1.0830275858277314
176 210 1.9149341938214999
177 211 -0.305845384176723
204 211 4.145152023550564
179 209 1.604628978813839
186 193 0.1168571278983801
194 209 3.4370554399806776
195 206 2.646993557188065
195 214 -1.986327866288225
202 214 -0.038913137770452355
133 215 -1.3008300007371676
198 215 1.0022628750411067
153 216 2.7117470592609445
170 216 3.9184427168471876
201 206 1.986327796610479
206 214 -1.4710064589046166
156 162 5.537334267018537
197 210 0.5504197869721676
175 210 1.6328169387983074
207 215 -2.6469936768108107
189 216 3.3153580262671256
184 217 1.7513136084096503
187 217 2.184051378192568
187 218 2.4719660016221714
187 220 4.436121480203944
172 192 1.3241144775306468
218 220 2.646993557188065
200 219 2.646993557188065
203 231 2.93164334365634
186 230 -1.1457782950449733
156 231 4.436121480203944
184 210 4.844202556684481
217 218 2.184051378192568
172 230 2.93164334365634
201 223 -2.368217501379304
201 224 1.72076695640305
206 224 2.31951701078773
208 228 0.5336849977291656
135 228 0.7224263377855422
214 224 -3.43705550120135
187 225 4.844202556684481
133 226 1.7513136084096503
221 228 2.646993557188065
170 222 4.844202556684481
212 219 2.2275794437459226
213 223 1.6328169387983074
204 226 -2.0618119810484816
133 227 -1.751313725733529
215 227 0.9244109312539295
196 234 -0.24241052705099042
205 234 -0.33778538326100627
170 232 1.3959338990403656
94 214 -3.43705550120135
189 234 0.1637791782871667
216 232 2.2275794437459226
187 211 1.9501526258096291
211 237 0.6352858046593717
211 239 3.7324082779400585
215 229 0.023345926266394867
222 232 2.368217406966919
226 227 -0.9053575182618498
227 229 0.8306197427665889
211 233 4.145152023550564
228 235 3.7324082779400585
94 224 -1.6615502176829433
233 237 1.0022628750411067
237 239 1.9501526258096291
135 235 1.0422550037182607
184 218 4.436121480203944
186 248 -1.3477177614522067
172 238 2.418966462073592
192 238 -0.21088196663715686
207 229 -0.9629980439232386
230 248 1.445594446330888
220 236 2.7803933118077264
204 239 3.7324082779400585
223 224 -2.1840514594677467
218 236 3.9184427168471876
219 240 1.1671515377428254
196 238 -3.2060451019615273
193 248 -3.2060451019615273
219 244 0.982542654754837
212 244 0.274059332246233
212 241 -0.22663222628581936
213 241 1.8471390342477205
223 241 3.015725255756913
241 244 2.184051378192568
234 238 -1.3477177614522067
170 232 1.103724552883528
224 250 -2.5856858519456853
203 242 -0.4184259027266788
156 242 0.19515760538251437
210 243 2.101269714871794
240 244 3.4370554399806776
223 250 3.7324082779400585
170 209 0.5336849977291656
210 251 1.1671515377428254
220 225 3.9184427168471876
204 245 -1.2778514672160726
226 245 0.5336849977291656
229 246 0.274059332246233
234 249 -0.305845384176723
189 249 0.7940688968903633
175 243 1.210635526973574
243 251 2.5856857384930256
207 246 2.101269714871794
216 254 4.145152023550564
184 251 0.9436225830949259
230 238 1.188767543534301
189 254 2.2726891994400433
227 246 -3.0157253387444354
207 247 -1.3477177614522067
199 247 0.7580154487445683
189 256 1.72076695640305
175 242 -0.2899342369326745
238 249 3.015725255756913
249 256 0.5336849977291656
211 225 1.5230823357393546
239 245 -1.4710064589046166
227 245 -1.4968294629075651
156 252 3.015725255756913
236 253 1.2551669361900215
233 239 3.10674997290245
207 255 -2.4719661045957224
247 255 1.72076695640305
231 242 -0.6525189378391278
220 253 3.9184427168471876
254 256 1.9149341938214999
225 259 3.10674997290245
211 259 4.436121480203944
246 255 0.5841188470777665
221 247 0.9436225830949259
238 248 1.72076695640305
242 271 2.184051378192568
243 257 3.574453703354731
225 253 2.184051378192568
239 258 4.436121480203944
231 271 -1.8144600365838361
242 243 2.2275794437459226
224 274 -0.24241052705099042
211 261 -0.08565028243590467
233 261 0.7401648358628796
239 260 2.7117470592609445
239 266 -2.023524054927849
245 266 1.6328169387983074
235 262 3.9184427168471876
170 216 4.145152023550564
223 244 1.232765242543629
94 274 0.9053573740495944
251 257 3.2060450031958343
239 261 2.5274488884529975
258 260 4.145152023550564
135 262 1.445594446330888
251 264 2.4719660016221714
184 264 0.7401648358628796
218 265 0.6698459156176995
236 265 -0.07006336313715722
218 264 1.0625402297313233
253 265 1.7825318837304605
244 267 3.4370554399806776
216 249 -0.9629980439232386
223 267 2.368217406966919
250 274 2.0618119072200103
253 259 0.982542654754837
259 261 1.4968293639808472
216 256 1.9149341938214999
248 269 0.8864565510992328
238 270 3.10674997290245
260 266 -1.1037246319352672
221 255 0.38602265684584536
193 269 -2.6469936768108107
223 299 0.5841188470777665
250 299 0.5170228985401271
252 268 0.6010889981175147
156 263 0.007781661256567096
231 263 0.9436225830949259
238 269 1.8144599138640842
263 268 2.2726891994400433
221 246 -1.3477177614522067
216 238 1.6328169387983074
221 273 0.10124748840924536
227 266 -1.2106356105583946
216 256 2.93164334365634
239 259 3.015725255756913
246 279 0.3058452631148958
228 273 -2.319517101482562
239 253 0.6872705278045488
221 279 0.9244109312539295
228 262 3.9184427168471876
266 308 -1.8144600365838361
227 272 1.5230823357393546
246 272 -1.2778514672160726
228 289 -3.9184428135768994
238 276 4.436121480203944
267 299 0.054484828546315534
156 268 -2.023524054927849
227 308 -0.635285935274005
273 289 1.7825318837304605
231 277 -0.5504199144331001
271 277 2.101269714871794
242 278 2.5856857384930256
216 284 4.145152023550564
170 284 1.9149341938214999
243 278 2.8534721380276795
272 308 -1.0625403846496646
156 275 2.5856857384930256
256 280 1.445594446330888
170 285 2.023523983245292
269 276 0.7940688968903633
216 280 3.015725255756913
244 336 -1.9501526936104758
271 283 2.184051378192568
242 283 2.646993557188065
264 286 3.3153580262671256
218 286 0.5004307185850176
253 287 -1.1246387871621042
265 286 -0.6698460476628039
239 287 2.7117470592609445
272 279 0.48390574875928927
221 289 1.471006361575077
270 276 2.2275794437459226
244 281 0.9244109312539295
267 281 -0.22663222628581936
263 282 1.3241144775306468
231 282 -0.11685724657693086
221 288 0.6352858046593717
269 290 1.880614156109223
268 282 1.124638707269666
277 282 2.5856857384930256
279 288 1.188767543534301
276 290 0.9629978960423582
284 285 3.7324082779400585
251 286 2.93164334365634
253 294 -0.8864566941706382
289 292 1.986327796610479
228 292 -2.8534722097520193
277 283 1.6908566753683048
156 296 -0.8122801326543725
268 296 -0.533685124626992
258 266 -3.43705550120135
238 276 2.418966462073592
170 298 3.10674997290245
275 296 -0.21088196663715686
282 296 0.1794573777347761
257 286 1.3241144775306468
287 294 2.8534721380276795
193 290 -1.0022630255891705
276 293 3.9184427168471876
265 294 -3.3153581355547077
244 291 -2.368217501379304
267 301 -2.8534722097520193
156 295 0.48390574875928927
239 297 4.145152023550564
170 338 -1.2106356105583946
291 336 1.124638707269666
281 291 0.054484828546315534
299 301 0.6352858046593717
162 295 -0.533685124626992
275 295 0.7401648358628796
243 286 2.101269714871794
258 297 2.7803933118077264
135 228 -0.36989699244014895
128 290 -1.4455945421327967
290 293 1.72076695640305
298 338 -0.7047962700763302
162 332 2.141984057957801
239 300 3.574453703354731
272 316 0.41842577919951873
135 357 2.184051378192568
295 332 2.31951701078773
287 300 3.015725255756913
279 316 -1.8806142848807943
128 357 0.7401648358628796
281 301 -1.2327653271421226
277 304 1.347717671142901
238 290 1.7825318837304605
282 304 3.9184427168471876
238 293 3.9184427168471876
281 309 -1.2551670218420983
94 302 0.6352858046593717
162 302 0.9629978960423582
275 303 -0.17945749696390423
283 313 2.0618119072200103
289 305 2.646993557188065
292 305 3.7324082779400585
228 306 2.31951701078773
290 307 2.2726891994400433
301 309 1.7513136084096503
296 303 -0.17945749696390423
304 313 2.31951701078773
242 313 2.141984057957801
288 316 -2.319517101482562
292 306 -0.6698460476628039
135 306 -0.08565028243590467
238 307 3.3153580262671256
94 310 0.1168571278983801
265 315 -4.145152083743929
294 315 2.7117470592609445
292 317 -1.751313725733529
274 310 0.41842577919951873
302 310 1.2551669361900215
306 317 1.8144599138640842
275 311 0.2899341161553104
286 314 2.368217406966919
265 330 -3.732408358890588
170 318 2.368217406966919
295 311 0.5672301020452246
315 330 2.141984057957801
266 297 -2.5274489963885465
128 307 -3.3153581355547077
298 318 1.445594446330888
286 319 1.3716527928075883
286 320 2.93164334365634
265 320 -3.9184428135768994
288 321 2.7803933118077264
238 327 2.646993557188065
216 327 3.10674997290245
291 309 0.21088184704301205
314 319 1.72076695640305
320 330 2.5274488884529975
316 321 -2.6469936768108107
250 328 2.5274488884529975
274 328 3.4370554399806776
296 322 -0.21088196663715686
282 322 3.9184427168471876
287 315 1.6615501074318497
288 323 3.10674997290245
221 323 0.7759821143416219
289 326 1.4968293639808472
305 326 1.0221648177565306
303 311 2.2275794437459226
243 319 -0.07006336313715722
250 347 1.471006361575077
295 329 0.8490926297285697
311 329 2.31951701078773
304 312 2.646993557188065
243 325 0.6872705278045488
319 325 3.2060450031958343
239 331 1.6328169387983074
298 335 0.13248100121840833
309 336 -0.007781779532672672
299 347 1.347717671142901
329 332 1.3241144775306468
303 322 1.1457782142804072
312 313 1.8471390342477205
300 331 3.574453703354731
221 326 -1.4710064589046166
284 327 3.7324082779400585
335 338 3.4370554399806776
309 337 1.124638707269666
297 343 1.5497853865743236
336 337 0.8306197427665889
302 332 -0.533685124626992
278 313 -1.042255157127819
297 331 0.3217949194737102
318 335 2.2726891994400433
306 324 2.4719660016221714
328 347 2.5274488884529975
278 325 2.184051378192568
331 343 4.436121480203944
301 337 0.13248100121840833
304 313 2.93164334365634
313 342 4.844202556684481
330 333 2.2726891994400433
315 333 1.9501526258096291
272 334 1.3241144775306468
316 334 1.0830275858277314
305 339 -0.36989699244014895
292 339 0.023345926266394867
170 327 2.7803933118077264
299 337 0.03891301945135828
278 342 1.9149341938214999
314 320 1.445594446330888
300 315 -0.023346044556825873
285 327 3.2060450031958343
318 327 3.2060450031958343
317 339 4.844202556684481
306 339 0.242410407030617
321 323 0.5504197869721676
324 339 2.7117470592609445
135 324 -0.4839058740936957
310 340 1.7513136084096503
308 344 1.8471390342477205
321 346 2.101269714871794
323 346 2.7803933118077264
238 351 2.141984057957801
274 340 0.5004307185850176
310 332 -0.9244110766470177
272 344 -2.22757952790676
326 339 -2.023524054927849
327 351 2.184051378192568
311 341 3.9184427168471876
311 353 1.72076695640305
303 353 0.9053573740495944
322 353 1.9501526258096291
316 345 -0.9825428039459942
321 345 2.8534721380276795
332 340 -1.5497854889223055
329 341 3.9184427168471876
319 348 1.4205758640846524
314 348 2.101269714871794
323 349 -0.9629980439232386
221 349 0.9436225830949259
307 350 2.418966462073592
238 350 2.5274488884529975
337 347 -0.3860227795812654
266 343 -3.5744537730315336
334 344 -2.6469936768108107
327 352 4.436121480203944
325 348 1.232765242543629
320 333 2.141984057957801
332 341 1.0625402297313233
278 348 -0.10124760698692858
320 358 2.101269714871794
326 349 -0.9436227297103521
326 356 -2.023524054927849
339 356 0.9053573740495944
238 365 0.3217949194737102
342 348 1.6328169387983074
314 358 2.5274488884529975
345 346 0.45104689322786395
351 365 1.103724552883528
314 354 2.5856857384930256
345 367 -0.07006336313715722
307 355 1.0022628750411067
348 354 3.7324082779400585
315 331 -2.4719661045957224
316 367 -1.690856787854381
350 365 1.6615501074318497
282 369 1.6328169387983074
334 362 -1.2778514672160726
339 359 1.1457782142804072
135 372 4.844202556684481
357 372 4.145152023550564
282 353 0.2899341161553104
313 369 1.604628978813839
344 362 3.10674997290245
334 367 -1.8144600365838361
349 356 0.13248100121840833
128 355 -1.6328170469254393
350 355 1.986327796610479
337 360 1.604628978813839
328 361 2.023523983245292
353 369 1.5497853865743236
308 362 2.7803933118077264
323 364 -2.2726892867301896
349 364 1.7513136084096503
315 320 2.7117470592609445
346 364 -1.0625403846496646
356 359 0.982542654754837
337 363 2.31951701078773
336 363 1.0022628750411067
347 360 -0.33778538326100627
345 364 -0.13248112001244716
324 359 1.4968293639808472
336 371 0.4347078707200993
274 361 0.8306197427665889
340 368 -2.6469936768108107
332 368 -0.023346044556825873
341 369 1.103724552883528
311 369 1.5497853865743236
274 368 0.1481210376275779
341 380 3.10674997290245
354 366 1.6328169387983074
314 366 0.8490926297285697
343 374 1.4205758640846524
327 370 3.2060450031958343
360 363 0.5504197869721676
347 361 3.9184427168471876
369 380 3.7324082779400585
331 374 1.4968293639808472
358 373 2.646993557188065
320 373 0.19515760538251437
266 379 -2.0618119810484816
308 379 2.5856857384930256
334 384 -4.43612156009328
367 384 0.9244109312539295
363 371 0.7224263377855422
358 366 1.3241144775306468
315 373 0.41842577919951873
359 372 2.4719660016221714
347 363 0.9629978960423582
362 384 -4.43612156009328
363 376 0.7759821143416219
274 377 -0.9053575182618498
338 408 0.40219817433836536
371 376 2.0618119072200103
361 377 -2.1840514594677467
368 377 1.471006361575077
351 370 1.7513136084096503
348 375 1.880614156109223
327 383 -1.7207670712436016
318 383 -1.5769600686022973
332 380 1.2778513804684322
313 348 2.8534721380276795
367 389 -0.13248112001244716
345 389 -2.418966560561031
335 383 -0.5170230248961472
348 369 4.145152023550564
384 389 3.10674997290245
364 389 2.418966462073592
128 350 -3.106750063060895
352 383 -0.635285935274005
348 378 1.3008299128497565
354 378 1.9501526258096291
365 381 4.145152023550564
368 380 3.9184427168471876
375 378 1.5769599644200505
366 373 2.646993557188065
351 381 2.646993557188065
331 385 1.0221648177565306
327 382 0.023345926266394867
352 382 3.574453703354731
350 381 3.10674997290245
370 382 1.5497853865743236
335 408 0.007781661256567096
383 408 2.101269714871794
361 363 3.10674997290245
266 374 -4.43612156009328
368 390 3.3153580262671256
373 386 2.368217406966919
266 388 -2.7117471225450083
379 388 2.4719660016221714
362 387 -5.53733426701854
384 387 1.7513136084096503
349 400 -3.0157253387444354
351 393 -0.6525189378391278
370 393 -1.690856787854381
377 390 2.646993557188065
315 386 1.8471390342477205
364 400 -2.023524054927849
356 400 -0.4184259027266788
369 391 2.7803933118077264
266 399 -1.986327866288225
374 385 -3.732408358890588
388 399 0.9053573740495944
350 392 2.2726891994400433
348 391 1.0830275858277314
359 400 -1.167151619412428
308 388 0.7940688968903633
364 404 -0.007781779532672672
382 394 2.368217406966919
352 394 0.8864565510992328
387 389 2.368217406966919
400 404 -0.038913137770452355
363 397 1.6908566753683048
348 403 2.2726891994400433
315 385 -0.10124760698692858
374 395 0.1794573777347761
370 407 0.3058452631148958
352 418 -0.8122801326543725
128 392 -4.844202616288199
381 393 -1.1887676261434261
382 407 1.188767543534301
394 418 1.103724552883528
383 418 2.93164334365634
361 410 0.007781661256567096
378 411 1.6908566753683048
374 417 -2.1840514594677467
308 396 -2.9316434205780437
362 396 -1.60462908492035
364 420 2.2726891994400433
381 401 2.101269714871794
383 405 3.10674997290245
377 410 1.3008299128497565
354 411 1.6328169387983074
395 417 -1.60462908492035
266 417 -0.21088196663715686
389 420 0.9436225830949259
350 401 1.8471390342477205
393 407 -1.60462908492035
363 412 0.7224263377855422
366 398 3.3153580262671256
385 423 1.8471390342477205
374 423 -5.53733426701854
376 412 1.232765242543629
397 412 0.8122799937741847
375 411 2.2275794437459226
354 398 1.0022628750411067
366 386 3.4370554399806776
388 396 -3.9184428135768994
387 396 -4.145152083743929
371 402 1.8471390342477205
376 402 -1.1887676261434261
348 406 0.7047961364960313
383 419 1.0422550037182607
375 406 0.35381849771398977
395 423 -3.43705550120135
390 413 2.418966462073592
405 419 1.103724552883528
402 412 -0.5504199144331001
377 413 1.2778513804684322
404 420 -0.4839058740936957
405 418 2.023523983245292
363 409 1.8144599138640842
348 414 1.0422550037182607
315 423 4.844202556684481
381 427 -1.042255157127819
397 409 1.0422550037182607
403 414 2.2275794437459226
392 401 2.7803933118077264
401 427 -1.8144600365838361
393 427 1.8144599138640842
412 415 1.1457782142804072
397 415 0.5004307185850176
354 416 0.6181436068748636
354 366 0.35381849771398977
386 434 2.5856857384930256
315 434 1.0830275858277314
411 416 4.145152023550564
366 416 3.9184427168471876
266 424 -1.371652884404361
399 424 -0.21088196663715686
392 421 2.023523983245292
361 409 3.10674997290245
417 424 -1.847139159904398
128 421 -3.3153581355547077
392 427 -2.1840514594677467
408 419 2.4719660016221714
359 451 -2.4719661045957224
393 428 3.3153580262671256
393 425 0.7401648358628796
400 451 -3.2060451019615273
425 428 -0.10124760698692858
397 422 0.4674453385798212
409 422 0.21088184704301205
410 433 -0.007781779532672672
348 430 2.418966462073592
393 437 0.22663210648628773
418 429 1.7513136084096503
405 429 0.1637791782871667
377 433 1.1457782142804072
414 430 2.7803933118077264
427 437 1.5769599644200505
428 437 1.5230823357393546
419 429 1.4205758640846524
406 438 0.982542654754837
375 438 3.10674997290245
423 435 3.2060450031958343
395 435 -0.21088196663715686
399 444 -4.43612156009328
388 444 -5.53733426701854
389 396 -2.7117471225450083
407 431 0.41842577919951873
415 422 0.5841188470777665
368 413 -0.023346044556825873
423 434 0.2582187931706581
396 444 -0.25821891342749526
407 425 -0.40219829746062086
382 431 3.2060450031958343
402 432 -0.07006336313715722
412 432 0.5504197869721676
409 426 1.347717671142901
406 480 1.8471390342477205
407 441 0.45104689322786395
422 426 -0.14812115655181013
348 480 0.9053573740495944
438 480 1.5769599644200505
417 435 -1.914934325902037
425 441 1.3008299128497565
382 418 0.22663210648628773
368 446 3.574453703354731
380 446 3.9184427168471876
391 450 1.880614156109223
391 447 0.7047961364960313
348 447 -0.0544849469084292
404 451 -2.7117471225450083
421 436 1.0830275858277314
392 436 -1.4455945421327967
408 439 1.8471390342477205
361 426 0.8306197427665889
447 450 2.101269714871794
420 451 -1.914934325902037
431 441 2.8534721380276795
419 439 2.141984057957801
434 454 2.184051378192568
424 444 -0.5170230248961472
369 450 1.4968293639808472
403 447 1.5497853865743236
386 454 1.5769599644200505
377 499 2.5856857384930256
433 499 2.4719660016221714
389 444 -2.9316434205780437
415 440 2.101269714871794
422 440 1.880614156109223
377 443 0.35381849771398977
413 443 2.2726891994400433
418 452 0.8122799937741847
429 452 0.1481210376275779
412 440 -0.4839058740936957
443 499 1.124638707269666
368 443 0.5004307185850176
403 430 1.3241144775306468
412 453 0.22663210648628773
357 460 -0.24241052705099042
128 460 -3.0157253387444354
421 460 -1.8806142848807943
427 445 2.93164334365634
428 448 0.9629978960423582
429 442 0.35381849771398977
419 457 -0.11685724657693086
440 453 1.188767543534301
437 448 -0.19515772478657212
425 448 -0.7759822513321553
442 452 3.2060450031958343
419 442 0.45104689322786395
432 458 -0.0544849469084292
412 458 0.8677032967963991
361 499 -0.9436227297103521
410 499 1.5769599644200505
369 449 3.3153580262671256
453 458 -0.17945749696390423
422 499 1.445594446330888
436 460 -1.371652884404361
437 445 -0.0544849469084292
382 452 0.054484828546315534
430 459 4.436121480203944
435 455 -3.732408358890588
437 456 0.8490926297285697
403 459 2.418966462073592
417 455 2.141984057957801
445 456 1.7513136084096503
423 464 -0.19515772478657212
449 450 2.141984057957801
434 464 2.8534721380276795
392 445 -2.5856858519456853
372 460 -0.8864566941706382
447 463 3.574453703354731
403 463 0.7580154487445683
419 461 0.9629978960423582
424 455 -2.5274489963885465
448 456 0.35381849771398977
442 457 1.188767543534301
457 461 0.5170228985401271
392 460 -2.1840514594677467
439 461 2.4719660016221714
440 465 0.41842577919951873
380 467 2.2275794437459226
455 462 -2.6469936768108107
424 462 1.4968293639808472
422 465 1.986327796610479
369 467 3.10674997290245
375 480 0.7047961364960313
453 465 0.45104689322786395
447 472 1.445594446330888
448 466 0.9436225830949259
457 470 1.0221648177565306
461 470 0.242410407030617
450 472 2.8534721380276795
454 464 3.015725255756913
456 466 1.4968293639808472
425 466 1.471006361575077
443 475 0.40219817433836536
446 471 -0.5004308444200505
380 471 0.1794573777347761
444 469 2.184051378192568
392 476 -2.319517101482562
452 474 2.5856857384930256
465 499 2.646993557188065
475 499 4.844202556684481
368 475 3.9184427168471876
467 471 1.9501526258096291
462 469 0.40219817433836536
460 476 -1.6615502176829433
382 474 1.9501526258096291
458 468 1.5230823357393546
459 463 1.2551669361900215
420 482 -3.732408358890588
451 473 -0.9244110766470177
473 482 3.574453703354731
445 476 -3.5744537730315336
452 457 0.9629978960423582
411 488 0.369896870073811
462 484 1.188767543534301
375 488 -0.9244110766470177
455 484 -3.3153581355547077
477 499 1.880614156109223
475 477 3.10674997290245
463 472 0.054484828546315534
389 469 -3.2060451019615273
453 468 -1.420575958424365
459 480 1.0625402297313233
359 460 1.445594446330888
465 468 -2.1419841365639445
430 480 2.2275794437459226
416 488 0.1794573777347761
469 484 1.471006361575077
359 473 -3.2060451019615273
463 479 0.33778526158074773
375 481 0.2899341161553104
435 464 0.8306197427665889
368 471 0.2582187931706581
472 479 2.7803933118077264
480 481 0.7580154487445683
481 488 0.7759821143416219
459 487 1.9501526258096291
456 476 -2.4719661045957224
466 476 -2.8534722097520193
425 476 -4.844202616288199
431 490 0.3217949194737102
382 490 -0.023346044556825873
457 485 1.5230823357393546
369 450 1.604628978813839
480 487 2.7803933118077264
470 485 2.7117470592609445
468 486 -1.986327866288225
465 486 1.8144599138640842
465 478 0.7047961364960313
476 483 3.4370554399806776
425 483 -4.844202616288199
441 483 -4.43612156009328
431 483 -1.2551670218420983
459 479 3.10674997290245
483 490 3.9184427168471876
478 499 2.4719660016221714
454 489 4.145152023550564
474 490 -3.43705550120135
369 493 1.5230823357393546
359 482 -3.43705550120135
470 491 2.418966462073592
478 486 1.5497853865743236
450 493 2.7803933118077264
386 489 1.6908566753683048
485 491 1.8471390342477205
468 495 1.5497853865743236
467 493 1.1671515377428254
464 498 1.445594446330888
435 498 2.5856857384930256
471 492 1.986327796610479
467 492 3.4370554399806776
472 497 1.0625402297313233
454 498 1.124638707269666
476 494 2.2726891994400433
368 492 2.418966462073592
450 497 1.6908566753683048
489 498 1.5769599644200505
460 482 -2.368217501379304
389 506 2.7117470592609445
483 494 3.7324082779400585
474 507 -4.43612156009328
420 506 0.7580154487445683
460 494 -1.1246387871621042
490 507 0.6181436068748636
450 496 3.574453703354731
472 500 1.4205758640846524
497 500 0.8677032967963991
452 507 -3.5744537730315336
468 503 -2.1012697910023577
486 503 3.4370554399806776
366 504 2.141984057957801
457 507 -3.732408358890588
495 503 0.6352858046593717
479 500 0.33778526158074773
386 504 0.8864565510992328
485 507 -2.4719661045957224
479 501 -0.25821891342749526
459 508 1.4968293639808472
480 502 1.3241144775306468
481 502 0.6698459156176995
492 493 0.33778526158074773
496 497 2.101269714871794
500 501 -0.4347079946705643
487 508 3.7324082779400585
366 488 2.141984057957801
483 507 3.9184427168471876
480 509 -2.5856858519456853
488 502 -0.14812115655181013
389 484 -4.844202616288199
486 499 1.0022628750411067
492 505 0.5004307185850176
493 505 2.5856857384930256
479 508 1.7513136084096503
502 511 1.0022628750411067
488 511 1.188767543534301
435 512 -0.353818619728701
460 518 3.7324082779400585
499 503 1.72076695640305
502 509 0.1168571278983801
489 504 0.08565016394454328
491 507 -4.43612156009328
475 513 0.5672301020452246
494 510 2.646993557188065
483 510 2.7803933118077264
475 499 2.646993557188065
368 513 1.8471390342477205
495 515 0.7047961364960313
493 520 4.145152023550564
455 521 1.103724552883528
460 514 3.7324082779400585
450 520 2.8534721380276795
487 509 -2.319517101482562
512 521 -4.844202616288199
507 510 1.880614156109223
493 522 0.03891301945135828
487 524 -3.2060451019615273
509 524 1.9149341938214999
505 522 0.8677032967963991
520 522 1.9149341938214999
499 516 0.5672301020452246
502 517 1.604628978813839
420 535 -1.751313725733529
475 516 0.982542654754837
511 517 0.8490926297285697
482 535 2.2275794437459226
482 518 -1.914934325902037
499 519 2.0618119072200103
470 507 0.1481210376275779
503 519 2.0618119072200103
496 500 0.652518806521984
502 524 0.369896870073811
517 524 -0.40219829746062086
499 523 1.604628978813839
498 527 2.646993557188065
435 527 1.188767543534301
503 515 3.4370554399806776
519 523 0.9436225830949259
492 513 3.2060450031958343
484 521 -2.4719661045957224
508 528 2.5274488884529975
487 528 0.5672301020452246
521 533 -1.7825320036768968
506 550 -3.0157253387444354
420 550 -1.8806142848807943
510 530 2.2275794437459226
507 530 4.145152023550564
516 523 0.242410407030617
524 528 0.33778526158074773
489 527 1.7513136084096503
484 533 0.7580154487445683
488 529 2.5856857384930256
366 529 0.4347078707200993
366 526 0.652518806521984
504 526 1.6328169387983074
482 536 -0.13248112001244716
526 529 1.0830275858277314
518 536 -1.914934325902037
517 525 0.8490926297285697
511 532 1.347717671142901
460 548 -5.53733426701854
524 525 -1.0022630255891705
525 532 0.7401648358628796
529 532 0.2582187931706581
535 550 1.7513136084096503
515 537 0.9053573740495944
516 551 1.3959338990403656
475 551 0.5170228985401271
450 543 0.2582187931706581
496 543 3.574453703354731
520 543 2.7803933118077264
460 510 -2.418966560561031
475 541 0.1637791782871667
513 542 1.124638707269666
492 542 -0.25821891342749526
522 531 0.6181436068748636
520 531 2.31951701078773
504 534 1.124638707269666
514 548 -5.53733426701854
541 551 4.844202556684481
541 542 -0.13248112001244716
526 534 1.9501526258096291
505 520 2.7803933118077264
520 522 1.5230823357393546
479 544 1.7825318837304605
489 540 4.145152023550564
506 558 -0.867703438765498
510 548 -3.106750063060895
508 544 2.4719660016221714
550 558 1.5230823357393546
503 546 1.9149341938214999
519 546 1.0625402297313233
523 546 2.0618119072200103
524 539 2.7117470592609445
528 539 -0.25821891342749526
534 540 0.10124748840924536
535 536 -0.16377929735639296
492 520 1.4205758640846524
528 538 1.880614156109223
528 545 0.6181436068748636
539 545 0.40219817433836536
501 544 2.646993557188065
538 544 -1.3477177614522067
435 521 -2.6469936768108107
500 543 0.5504197869721676
521 549 -2.368217501379304
533 549 0.4347078707200993
503 537 -0.25821891342749526
501 543 0.13248100121840833
538 545 -1.4710064589046166
529 534 2.4719660016221714
389 533 -4.844202616288199
503 553 -0.305845384176723
532 547 -0.5004308444200505
514 563 -4.145152083743929
537 553 2.93164334365634
529 547 -1.7825320036768968
548 563 2.5274488884529975
530 548 -3.9184428135768994
536 557 0.5504197869721676
518 557 -2.8534722097520193
530 552 2.646993557188065
516 546 0.7759821143416219
514 518 1.4205758640846524
525 547 -0.36989699244014895
435 562 -3.9184428135768994
535 556 3.9184427168471876
527 562 -4.145152083743929
521 562 0.369896870073811
536 556 0.8490926297285697
492 555 2.418966462073592
540 554 4.145152023550564
506 564 0.369896870073811
548 560 3.2060450031958343
520 555 0.9053573740495944
489 554 0.6181436068748636
389 549 -3.3153581355547077
558 564 1.3008299128497565
542 555 0.2899341161553104
539 559 1.0625402297313233
546 553 -0.8122801326543725
543 544 -0.21088196663715686
545 559 -0.7047962700763302
529 540 -1.1037246319352672
543 567 1.880614156109223
544 567 2.7117470592609445
545 561 -0.007781779532672672
541 555 0.982542654754837
538 561 1.3959338990403656
559 561 -0.14812115655181013
489 562 -5.53733426701854
546 565 2.184051378192568
516 565 3.4370554399806776
540 547 1.2778513804684322
553 565 -0.8306198826413334
514 557 -1.0221649697100497
520 567 0.9053573740495944
389 521 -0.7940690348095123
524 559 3.2060450031958343
389 562 2.646993557188065
537 610 3.2060450031958343
516 541 1.3008299128497565
541 565 2.7803933118077264
548 552 -2.5856858519456853
520 566 2.7117470592609445
506 568 -1.3477177614522067
548 569 3.015725255756913
564 568 0.7047961364960313
552 571 3.015725255756913
525 570 1.5769599644200505
524 570 0.6181436068748636
547 554 1.3959338990403656
389 554 -5.53733426701854
560 569 3.3153580262671256
514 584 -4.43612156009328
552 572 0.9629978960423582
555 566 0.8864565510992328
566 567 2.141984057957801
547 570 0.7580154487445683
557 584 -3.106750063060895
563 584 3.3153580262671256
544 573 2.7117470592609445
550 574 1.2551669361900215
535 574 1.72076695640305
567 573 1.7825318837304605
559 570 0.45104689322786395
556 557 1.0830275858277314
550 581 0.1794573777347761
552 575 -1.914934325902037
574 581 3.015725255756913
572 575 1.0221648177565306
555 577 0.1637791782871667
558 581 -2.9316434205780437
556 574 -0.7401649710893459
571 572 0.5841188470777665
561 580 -0.13248112001244716
559 580 -2.0618119810484816
506 581 -2.7803933790295874
568 581 -2.22757952790676
556 578 -1.5497854889223055
557 578 -1.2551670218420983
557 581 1.3716527928075883
552 569 -2.1840514594677467
574 578 2.184051378192568
578 581 0.38602265684584536
566 576 3.015725255756913
559 583 -0.08565028243590467
563 582 4.145152023550564
537 565 1.2551669361900215
538 580 0.007781661256567096
580 583 0.2582187931706581
548 582 1.0625402297313233
555 579 1.347717671142901
506 600 -2.2726892867301896
581 600 0.41842577919951873
564 581 -3.106750063060895
563 606 3.4370554399806776
548 586 1.3241144775306468
577 579 -0.6010891274007599
582 606 3.015725255756913
560 586 4.145152023550564
544 580 1.124638707269666
563 595 3.015725255756913
389 547 -4.844202616288199
567 585 -0.19515772478657212
573 585 0.5336849977291656
570 583 2.93164334365634
547 598 -2.5856858519456853
571 593 1.471006361575077
572 596 -1.6615502176829433
573 580 1.72076695640305
389 598 -3.5744537730315336
581 584 -2.7117471225450083
575 596 -2.319517101482562
565 587 2.2726891994400433
541 587 1.72076695640305
555 587 0.9436225830949259
567 588 1.188767543534301
547 591 2.2726891994400433
571 596 2.023523983245292
575 607 -3.2060451019615273
579 587 2.646993557188065
585 588 0.13248100121840833
596 607 4.436121480203944
580 589 0.22663210648628773
583 589 3.015725255756913
389 600 -1.4968294629075651
552 593 -1.8806142848807943
591 598 -2.22757952790676
595 606 2.93164334365634
569 593 -1.9501526936104758
565 590 1.8144599138640842
577 587 0.054484828546315534
547 583 -0.17945749696390423
587 590 1.3959338990403656
537 597 1.103724552883528
581 592 1.188767543534301
581 594 3.3153580262671256
590 597 -0.40219829746062086
555 576 0.9244109312539295
389 605 -3.43705550120135
600 601 3.7324082779400585
581 601 1.4968293639808472
573 588 0.40219817433836536
555 566 1.3008299128497565
563 602 3.574453703354731
569 599 2.7117470592609445
598 605 -0.13248112001244716
584 602 1.880614156109223
587 603 4.436121480203944
580 608 -0.305845384176723
583 611 1.880614156109223
547 611 1.5497853865743236
389 612 -2.9316434205780437
389 609 -2.8534722097520193
592 604 1.72076695640305
597 610 1.986327796610479
566 588 -0.08565028243590467
605 612 0.6010889981175147
609 612 -0.08565028243590467
581 604 0.5504197869721676
548 560 -0.038913137770452355
593 596 2.5274488884529975
555 588 1.1457782142804072
580 588 0.982542654754837
555 587 1.7513136084096503
588 608 0.3058452631148958
589 608 1.6615501074318497
601 604 1.7825318837304605
581 604 -0.08565028243590467
594 604 2.023523983245292
593 607 2.5856857384930256
600 609 0.369896870073811
555 608 1.2778513804684322
589 611 1.347717671142901
555 603 1.9149341938214999
560 599 2.2726891994400433
547 598 -1.7825320036768968
594 614 4.436121480203944
581 614 2.7117470592609445
584 622 1.6908566753683048
595 615 3.10674997290245
548 606 0.023345926266394867
548 619 0.08565016394454328
602 622 2.7117470592609445
606 615 3.9184427168471876
606 619 -0.8306198826413334
587 655 2.023523983245292
601 613 3.2060450031958343
604 613 3.3153580262671256
598 616 -1.9501526936104758
605 616 1.0422550037182607
560 618 4.145152023550564
590 655 3.4370554399806776
608 611 0.19515760538251437
608 621 2.141984057957801
602 617 1.210635526973574
563 617 4.145152023550564
611 621 3.574453703354731
547 616 -3.106750063060895
594 613 2.31951701078773
617 622 0.9629978960423582
560 619 0.007781661256567096
555 620 2.141984057957801
569 607 -2.7117471225450083
603 620 1.604628978813839
595 617 3.4370554399806776
560 569 3.7324082779400585
608 623 3.10674997290245
600 642 -2.5274489963885465
555 623 3.4370554399806776
612 616 -0.07006336313715722
609 642 -1.5769600686022973
584 614 -2.7803933790295874
610 626 2.31951701078773
597 626 -0.25821891342749526
555 611 1.8471390342477205
547 625 1.5230823357393546
600 627 -2.6469936768108107
618 624 2.418966462073592
560 624 3.7324082779400585
590 626 3.2060450031958343
555 621 2.368217406966919
555 625 2.5274488884529975
600 628 -2.8534722097520193
612 642 0.19515760538251437
627 642 4.436121480203944
627 628 3.4370554399806776
601 628 -3.2060451019615273
547 631 2.141984057957801
613 628 -1.1246387871621042
613 629 0.7580154487445683
628 629 1.604628978813839
560 624 0.652518806521984
616 642 -2.22757952790676
594 629 1.0022628750411067
569 632 3.9184427168471876
616 631 -3.106750063060895
614 629 1.2551669361900215
619 630 1.5769599644200505
560 630 1.5497853865743236
607 634 2.141984057957801
625 631 2.7803933118077264
610 655 0.8864565510992328
555 587 1.3716527928075883
621 633 4.436121480203944
619 635 0.03891301945135828
626 655 3.2060450031958343
555 655 4.145152023550564
555 603 1.6615501074318497
608 633 1.9149341938214999
606 635 -0.4839058740936957
624 630 1.8471390342477205
616 636 -2.9316434205780437
636 642 2.7803933118077264
630 635 1.1671515377428254
595 622 2.141984057957801
607 640 -4.43612156009328
560 638 2.101269714871794
607 637 -0.11685724657693086
569 638 2.368217406966919
569 637 -4.145152083743929
637 640 0.274059332246233
606 643 2.8534721380276795
555 608 2.93164334365634
584 629 -4.43612156009328
635 643 0.2582187931706581
560 630 2.5856857384930256
634 640 3.015725255756913
628 642 3.015725255756913
584 639 2.31951701078773
635 646 1.8471390342477205
629 642 2.7117470592609445
643 646 -0.8306198826413334
630 646 2.8534721380276795
607 640 -0.007781779532672672
555 633 3.3153580262671256
622 639 1.3008299128497565
632 641 3.4370554399806776
569 641 1.1457782142804072
629 654 4.436121480203944
637 644 2.31951701078773
569 644 -3.5744537730315336
555 631 2.646993557188065
640 644 -0.6872706606037844
640 648 -0.9825428039459942
640 649 2.418966462073592
644 648 3.015725255756913
560 569 1.0625402297313233
648 649 3.4370554399806776
631 645 -4.145152083743929
616 645 1.6908566753683048
569 658 1.471006361575077
644 658 -5.53733426701854
630 647 3.9184427168471876
560 647 0.982542654754837
642 654 3.9184427168471876
616 657 -2.1419841365639445
595 650 1.9501526258096291
643 651 1.8471390342477205
645 657 -1.986327866288225
636 657 0.8306197427665889
622 650 2.141984057957801
606 651 1.604628978813839
643 652 2.31951701078773
646 652 -0.5841189757308616
651 652 2.31951701078773
630 652 -0.2899342369326745
647 653 0.7224263377855422
560 653 1.124638707269666
649 663 -2.9316434205780437
560 662 -0.32179504083642385
569 662 0.5841188470777665
632 660 4.844202556684481
584 654 -5.53733426701854
653 662 1.3008299128497565
641 660 2.101269714871794
631 656 -3.43705550120135
645 656 0.8490926297285697
569 659 2.2275794437459226
632 659 0.5004307185850176
648 663 1.471006361575077
555 656 -5.53733426701854
630 651 1.4968293639808472
659 660 1.8471390342477205
606 630 0.982542654754837
659 662 2.7117470592609445
645 661 -2.368217501379304
657 661 1.5497853865743236
656 661 -3.106750063060895
642 657 0.5170228985401271
630 665 2.5856857384930256
647 665 1.72076695640305
653 665 1.347717671142901
644 663 2.5856857384930256
642 661 0.274059332246233
606 664 1.188767543534301
630 664 2.31951701078773
630 667 2.2726891994400433
664 667 0.9436225830949259
660 666 1.6908566753683048
641 666 3.10674997290245
642 656 -4.43612156009328
569 666 2.7803933118077264
555 669 -3.9184428135768994
595 668 2.5856857384930256
656 669 0.5170228985401271
650 668 2.8534721380276795
584 642 -5.53733426701854
659 670 3.9184427168471876
662 670 2.5856857384930256
595 672 4.436121480203944
642 669 -2.7117471225450083
668 672 2.368217406966919
659 666 -0.023346044556825873
622 671 1.4205758640846524
639 671 0.07006324471763459
615 672 2.5856857384930256
650 671 1.6328169387983074
665 673 2.368217406966919
630 673 2.023523983245292
669 676 -2.0618119810484816
653 673 1.8144599138640842
642 676 0.6010889981175147
555 674 3.574453703354731
569 659 -0.07006336313715722
639 675 0.7759821143416219
671 675 1.9501526258096291
655 674 1.604628978813839
662 673 1.3241144775306468
658 663 -5.53733426701854
650 675 3.9184427168471876
615 677 1.5769599644200505
569 663 -5.53733426701854
672 677 0.7759821143416219
669 678 -1.986327866288225
676 678 1.5769599644200505
667 673 2.7117470592609445
615 679 0.08565016394454328
606 679 2.418966462073592
677 679 0.652518806521984
664 686 -0.5841189757308616
667 686 3.015725255756913
569 681 4.436121480203944
664 679 2.646993557188065
584 683 2.368217406966919
584 680 0.2582187931706581
639 680 1.9149341938214999
668 684 2.184051378192568
668 685 0.1794573777347761
672 685 3.9184427168471876
642 678 0.274059332246233
642 683 -5.53733426701854
680 683 1.5230823357393546
675 680 1.9149341938214999
650 684 3.015725255756913
684 685 0.2582187931706581
655 688 3.9184427168471876
655 682 0.7047961364960313
674 682 1.471006361575077
659 690 3.2060450031958343
682 688 1.0221648177565306
677 685 -0.36989699244014895
674 689 0.3058452631148958
642 687 2.93164334365634
662 692 0.9436225830949259
682 689 0.5672301020452246
673 692 1.1671515377428254
569 690 0.22663210648628773
569 698 0.5504197869721676
663 698 -5.53733426701854
678 691 0.5504197869721676
642 691 2.5856857384930256
679 695 3.3153580262671256
664 695 1.0625402297313233
686 695 -0.038913137770452355
642 707 -5.53733426701854
683 707 -0.023346044556825873
683 694 2.646993557188065
687 707 -5.53733426701854
694 707 1.72076695640305
650 680 1.7513136084096503
555 689 -1.3477177614522067
642 693 2.7803933118077264
680 694 3.2060450031958343
667 692 0.7224263377855422
689 696 -1.4710064589046166
555 696 -3.2060451019615273
692 697 2.5274488884529975
667 697 3.7324082779400585
659 662 0.982542654754837
642 678 -0.07006336313715722
650 685 0.982542654754837
689 699 1.1457782142804072
555 702 -2.6469936768108107
696 699 2.368217406966919
669 702 1.6615501074318497
682 699 -0.8490927706325437
642 703 1.5497853865743236
692 700 1.9501526258096291
662 700 2.023523983245292
569 701 0.41842577919951873
693 703 2.184051378192568
681 701 0.45104689322786395
698 701 0.7759821143416219
659 700 0.5841188470777665
642 706 1.9149341938214999
695 708 2.7803933118077264
695 704 -0.3860227795812654
686 704 1.9501526258096291
659 705 2.5274488884529975
690 705 2.023523983245292
678 702 -1.7207670712436016
704 708 -0.14812115655181013
642 710 -0.27405945275533616
706 710 3.7324082779400585
679 708 2.2726891994400433
686 715 0.369896870073811
704 715 1.4968293639808472
667 715 3.10674997290245
682 712 -1.2106356105583946
699 712 0.45104689322786395
678 709 0.8122799937741847
642 716 -0.5004308444200505
642 713 0.369896870073811
642 711 1.124638707269666
681 721 0.5841188470777665
696 712 2.7803933118077264
702 709 -1.8144600365838361
713 716 1.6908566753683048
687 711 0.1637791782871667
569 721 0.6181436068748636
642 723 1.8144599138640842
642 714 1.347717671142901
687 714 3.3153580262671256
690 719 -0.32179504083642385
569 719 1.3241144775306468
710 723 3.2060450031958343
706 714 2.5274488884529975
711 714 1.6908566753683048
705 719 2.368217406966919
642 720 2.646993557188065
642 717 4.145152023550564
719 721 0.5004307185850176
716 720 2.8534721380276795
682 722 0.7224263377855422
678 720 -1.1887676261434261
709 720 -0.19515772478657212
702 718 -1.6328170469254393
709 718 1.6615501074318497
712 722 0.2899341161553104
707 714 -5.53733426701854
650 724 1.5769599644200505
685 724 -0.25821891342749526
685 725 3.7324082779400585
724 725 1.232765242543629
709 735 -0.33778538326100627
713 720 2.93164334365634
704 728 2.418966462073592
704 727 0.274059332246233
715 727 2.31951701078773
715 730 1.188767543534301
718 735 0.1637791782871667
720 735 0.9244109312539295
642 720 2.0618119072200103
708 728 0.7047961364960313
727 728 2.646993557188065
667 730 1.5497853865743236
702 731 -1.042255157127819
718 731 1.4968293639808472
714 747 -5.53733426701854
697 734 1.986327796610479
707 747 1.4968293639808472
677 725 0.07006324471763459
692 734 1.604628978813839
708 736 0.7224263377855422
667 734 2.7117470592609445
700 734 1.880614156109223
728 736 0.8306197427665889
727 730 2.2726891994400433
659 734 2.184051378192568
712 726 1.0830275858277314
555 729 0.007781661256567096
720 732 -0.5004308444200505
720 739 1.1457782142804072
680 707 0.5672301020452246
680 733 1.6615501074318497
650 733 2.7803933118077264
698 721 1.0422550037182607
696 726 -0.7940690348095123
732 739 1.986327796610479
698 719 1.880614156109223
681 698 1.232765242543629
710 748 -0.023346044556825873
706 748 -0.3860227795812654
722 726 1.445594446330888
696 729 -0.9436227297103521
732 735 2.8534721380276795
696 738 1.7513136084096503
731 735 -0.8306198826413334
677 708 2.646993557188065
701 740 1.0221648177565306
729 738 -0.7759822513321553
680 747 1.124638707269666
681 740 0.6352858046593717
726 737 -1.0625403846496646
696 737 1.0422550037182607
738 743 2.31951701078773
737 738 1.9149341938214999
729 743 -0.24241052705099042
714 748 1.4205758640846524
727 736 1.3008299128497565
726 746 0.9436225830949259
720 744 -2.418966560561031
737 746 0.3217949194737102
723 748 -0.9629980439232386
698 740 3.3153580262671256
702 742 0.3217949194737102
731 742 2.2726891994400433
732 741 1.471006361575077
739 741 1.604628978813839
722 746 -0.40219829746062086
731 741 -0.5672302300910688
735 741 2.2726891994400433
642 750 -0.618143736811748
733 745 2.2726891994400433
650 745 1.9501526258096291
642 748 -3.9184428135768994
725 755 0.6698459156176995
739 744 -0.14812115655181013
642 744 0.1168571278983801
677 755 2.5856857384930256
737 743 2.368217406966919
743 746 0.982542654754837
741 742 0.007781661256567096
680 745 4.436121480203944
739 749 1.0830275858277314
744 749 3.3153580262671256
748 750 4.844202556684481
702 752 -0.5841189757308616
742 752 1.0830275858277314
741 749 -0.0544849469084292
642 749 0.7940688968903633
708 755 2.646993557188065
743 751 3.9184427168471876
729 751 -1.4455945421327967
741 753 -0.5672302300910688
714 756 0.3058452631148958
708 762 2.418966462073592
727 759 2.101269714871794
749 753 2.418966462073592
736 762 0.38602265684584536
736 759 2.4719660016221714
659 719 2.31951701078773
719 758 1.880614156109223
748 756 1.604628978813839
746 766 0.7580154487445683
743 766 1.72076695640305
748 754 3.4370554399806776
725 757 2.184051378192568
555 751 -1.6328170469254393
752 753 -1.8144600365838361
724 757 1.188767543534301
730 759 0.6352858046593717
730 763 1.9501526258096291
751 766 3.4370554399806776
759 763 2.2275794437459226
555 761 -1.5497854889223055
702 761 2.2275794437459226
642 764 -0.4674454634335292
725 765 -0.08565028243590467
730 760 0.242410407030617
667 760 3.574453703354731
734 760 3.9184427168471876
757 765 3.7324082779400585
755 765 3.574453703354731
760 763 0.8122799937741847
719 734 2.31951701078773
642 748 -0.5841189757308616
749 764 1.6615501074318497
749 767 -0.24241052705099042
748 764 1.986327796610479
749 768 0.13248100121840833
764 768 1.8144599138640842
752 761 -0.4347079946705643
767 768 1.7825318837304605
754 756 -1.5769600686022973
762 774 2.141984057957801
708 765 3.9184427168471876
753 767 1.1457782142804072
763 769 0.8490926297285697
760 769 4.145152023550564
752 767 -3.2060451019615273
708 774 3.3153580262671256
748 756 -1.1457782950449733
745 777 1.880614156109223
555 766 -4.145152083743929
724 765 2.31951701078773
650 778 1.7513136084096503
734 772 3.574453703354731
719 772 1.604628978813839
777 778 2.93164334365634
758 772 3.574453703354731
756 783 1.72076695640305
756 776 1.604628978813839
769 770 2.418966462073592
719 772 1.3241144775306468
776 783 2.2275794437459226
747 756 -2.8534722097520193
736 763 0.35381849771398977
763 770 -0.11685724657693086
756 773 2.418966462073592
756 771 0.6698459156176995
756 764 -2.7117471225450083
771 773 1.5769599644200505
734 769 2.2275794437459226
769 775 2.2275794437459226
724 778 2.418966462073592
770 775 3.015725255756913
734 780 1.445594446330888
752 768 -2.1840514594677467
756 768 1.103724552883528
747 776 -3.43705550120135
775 780 1.880614156109223
756 779 1.0625402297313233
773 779 0.9244109312539295
765 778 0.48390574875928927
756 781 1.1457782142804072
778 784 2.7117470592609445
765 784 2.141984057957801
734 789 0.9244109312539295
771 783 -1.5497854889223055
780 789 0.8490926297285697
555 785 -1.2106356105583946
761 785 1.880614156109223
736 786 0.5841188470777665
763 786 1.8144599138640842
779 781 1.5497853865743236
773 783 -0.22663222628581936
747 783 -2.9316434205780437
708 762 2.7117470592609445
756 782 1.1671515377428254
773 788 0.41842577919951873
752 756 -2.6469936768108107
783 788 2.418966462073592
747 792 1.2551669361900215
734 790 0.8864565510992328
772 794 1.9501526258096291
719 795 2.184051378192568
698 795 1.3008299128497565
781 782 0.6698459156176995
770 786 -0.24241052705099042
789 790 1.6328169387983074
734 794 0.45104689322786395
756 787 0.9244109312539295
752 785 -0.6698460476628039
782 787 0.8677032967963991
680 792 0.48390574875928927
790 794 0.4674453385798212
756 791 2.8534721380276795
779 788 -0.8864566941706382
680 796 1.0422550037182607
792 796 1.210635526973574
781 793 -0.17945749696390423
779 793 -0.533685124626992
777 801 1.471006361575077
762 797 -0.9436227297103521
736 797 0.5841188470777665
772 795 -0.10124760698692858
787 791 0.982542654754837
788 793 2.023523983245292
745 801 0.1794573777347761
765 803 2.2275794437459226
782 793 0.1637791782871667
778 801 1.0422550037182607
783 805 2.023523983245292
780 798 2.2275794437459226
789 798 0.982542654754837
708 803 1.880614156109223
790 799 0.9053573740495944
794 799 2.5274488884529975
787 793 1.8144599138640842
765 778 3.10674997290245
708 797 -1.4710064589046166
791 805 1.347717671142901
752 791 -2.1012697910023577
787 805 2.101269714871794
793 800 1.6908566753683048
783 813 -2.8534722097520193
790 798 1.3241144775306468
788 800 3.3153580262671256
805 813 -1.60462908492035
747 813 -1.083027742309897
770 780 0.48390574875928927
736 807 0.07006324471763459
794 804 -0.07006336313715722
788 805 3.015725255756913
797 807 0.7940688968903633
786 807 0.8864565510992328
798 799 1.3008299128497565
799 804 1.8144599138640842
772 804 1.7825318837304605
793 802 1.232765242543629
800 802 2.141984057957801
765 809 2.646993557188065
803 809 1.7513136084096503
680 806 0.7940688968903633
778 811 2.2275794437459226
778 809 0.8677032967963991
798 812 1.9501526258096291
663 810 3.7324082779400585
787 802 0.369896870073811
745 806 -0.6525189378391278
809 811 2.368217406966919
799 812 1.3241144775306468
795 804 0.6698459156176995
555 808 -0.11685724657693086
766 808 -1.6328170469254393
802 805 2.0618119072200103
752 805 -3.0157253387444354
698 826 -2.1840514594677467
663 826 -1.3477177614522067
796 815 0.8677032967963991
788 802 0.023345926266394867
680 815 1.6615501074318497
810 826 2.184051378192568
805 814 3.3153580262671256
803 823 3.10674997290245
708 823 2.31951701078773
804 820 1.6908566753683048
795 820 1.188767543534301
807 817 1.72076695640305
807 818 0.6872705278045488
786 818 1.210635526973574
806 815 1.4205758640846524
797 817 2.0618119072200103
817 818 0.19515760538251437
799 820 2.7803933118077264
801 816 1.986327796610479
778 816 2.31951701078773
745 816 0.9436225830949259
811 816 3.015725255756913
797 823 -1.690856787854381
770 818 -0.5841189757308616
809 816 1.9501526258096291
698 820 0.08565016394454328
770 821 1.103724552883528
780 821 1.5230823357393546
796 819 0.8306197427665889
815 819 2.023523983245292
818 825 0.6872705278045488
770 825 -0.5504199144331001
806 819 0.7940688968903633
821 825 -0.4347079946705643
805 834 -0.36989699244014895
806 824 0.41842577919951873
745 824 2.023523983245292
813 834 -1.0022630255891705
796 822 0.5170228985401271
819 822 0.6698459156176995
816 824 3.3153580262671256
785 833 -1.1887676261434261
810 828 -0.038913137770452355
752 833 0.1168571278983801
806 822 0.023345926266394867
752 829 4.436121480203944
805 830 2.368217406966919
747 834 -1.5497854889223055
663 828 -2.7117471225450083
829 833 3.2060450031958343
830 834 0.9244109312539295
817 825 -0.9053575182618498
663 832 -1.2778514672160726
555 766 -1.690856787854381
826 828 0.274059332246233
828 832 2.7803933118077264
809 827 1.4205758640846524
803 827 0.652518806521984
792 834 -2.5856858519456853
816 827 1.8144599138640842
698 831 -2.5274489963885465
826 831 0.19515760538251437
820 831 -1.8144600365838361
826 836 1.124638707269666
828 836 -1.5230824363372633
834 844 1.5230823357393546
792 844 -2.418966560561031
812 835 0.5336849977291656
799 835 -0.305845384176723
820 845 -1.7825320036768968
799 845 -1.3959339919795308
796 844 -3.732408358890588
798 839 0.7047961364960313
812 839 0.21088184704301205
822 824 -0.40219829746062086
835 839 -1.1457782950449733
831 845 -1.4455945421327967
780 839 0.7940688968903633
826 842 -2.418966560561031
835 845 -2.368217501379304
831 842 -1.5497854889223055
836 842 2.368217406966919
796 846 -2.5274489963885465
822 846 -1.847139159904398
803 837 1.0830275858277314
823 837 1.0625402297313233
825 838 -0.6010891274007599
821 838 -1.1246387871621042
780 838 -1.8144600365838361
780 840 -1.3477177614522067
844 846 1.7513136084096503
838 840 -2.9316434205780437
839 840 -0.9825428039459942
817 841 -1.371652884404361
825 841 -0.9053575182618498
824 846 -1.986327866288225
827 837 -0.0544849469084292
805 829 -1.751313725733529
797 837 0.22663210648628773
832 836 0.8864565510992328
805 846 0.7759821143416219
805 824 -1.2778514672160726
838 841 -1.847139159904398
841 847 -0.6010891274007599
838 847 -1.5497854889223055
816 837 1.210635526973574
797 849 -0.9825428039459942
838 843 0.274059332246233
840 843 -3.5744537730315336
835 854 -1.2778514672160726
837 849 -0.305845384176723
839 854 2.184051378192568
845 854 4.844202556684481
785 829 0.054484828546315534
830 850 3.015725255756913
830 844 -0.6010891274007599
824 860 -2.22757952790676
797 851 -2.4719661045957224
839 848 1.0422550037182607
844 850 3.9184427168471876
805 860 -1.371652884404361
817 851 -1.324114566604422
840 848 0.8122799937741847
836 855 2.141984057957801
841 851 0.5004307185850176
849 851 -1.3008300007371676
843 847 -2.5274489963885465
843 848 -5.53733426701854
832 857 -0.023346044556825873
816 860 -2.5274489963885465
842 845 -5.53733426701854
816 856 -1.8806142848807943
837 856 -1.1887676261434261
847 852 0.7401648358628796
843 852 -2.4719661045957224
805 850 3.574453703354731
849 856 1.0625402297313233
843 853 2.2275794437459226
848 853 -3.9184428135768994
846 850 3.574453703354731
856 860 -3.0157253387444354
836 857 1.4968293639808472
847 851 0.5504197869721676
856 858 -0.6698460476628039
842 867 1.9149341938214999
836 867 0.3217949194737102
858 860 -3.0157253387444354
851 852 0.2582187931706581
852 853 -1.60462908492035
855 867 1.6328169387983074
849 862 0.7047961364960313
851 862 2.93164334365634
853 859 0.6010889981175147
848 859 -1.420575958424365
855 863 4.145152023550564
836 867 0.6352858046593717
845 867 -4.844202616288199
863 867 3.4370554399806776
857 867 3.3153580262671256
852 862 0.6872705278045488
852 859 -0.5504199144331001
829 864 -3.9184428135768994
862 871 4.436121480203944
852 871 1.3008299128497565
805 864 -1.0221649697100497
785 861 -0.7759822513321553
858 865 -3.5744537730315336
555 861 -1.5769600686022973
829 861 -0.8864566941706382
860 865 3.10674997290245
849 858 0.3058452631148958
855 867 3.2060450031958343
859 871 0.21088184704301205
846 869 1.232765242543629
849 866 0.2899341161553104
805 869 4.844202556684481
858 866 1.188767543534301
849 868 -0.8864566941706382
862 872 0.8490926297285697
866 868 1.8144599138640842
868 872 2.31951701078773
850 869 0.41842577919951873
861 870 -0.9825428039459942
829 870 1.5497853865743236
865 866 -3.5744537730315336
871 872 0.9629978960423582
860 874 1.0625402297313233
766 861 -5.53733426701854
805 874 2.141984057957801
865 868 -4.145152083743929
848 871 -1.2327653271421226
829 873 -2.319517101482562
864 873 1.3008299128497565
805 873 0.2899341161553104
865 877 2.418966462073592
868 877 -2.2726892867301896
839 845 -0.353818619728701
872 877 -3.0157253387444354
845 848 -1.420575958424365
860 877 -0.533685124626992
848 875 1.4205758640846524
845 875 0.1794573777347761
861 876 -4.43612156009328
870 876 0.8306197427665889
874 877 2.7803933118077264
871 875 -1.5769600686022973
871 877 -3.0157253387444354
870 879 0.8864565510992328
829 879 -0.038913137770452355
871 878 -0.7940690348095123
876 879 -0.7401649710893459
805 877 2.7803933118077264
877 878 -3.106750063060895
805 829 -1.690856787854381
861 881 -5.53733426701854
876 881 1.3716527928075883
877 882 3.3153580262671256
845 884 1.232765242543629
878 882 -3.732408358890588
867 884 -2.7803933790295874
766 880 -5.53733426701854
861 880 2.368217406966919
879 881 -2.2726892867301896
861 883 -3.2060451019615273
880 883 -4.145152083743929
881 883 2.368217406966919
805 882 3.9184427168471876
881 885 1.210635526973574
879 885 -1.5497854889223055
883 885 1.9501526258096291
871 882 -3.0157253387444354
829 889 -1.371652884404361
882 886 1.9149341938214999
871 886 -4.43612156009328
805 889 -0.9825428039459942
879 887 0.4347078707200993
829 887 -1.371652884404361
885 887 -0.9053575182618498
805 886 3.015725255756913
889 893 -1.60462908492035
805 893 3.574453703354731
805 880 -4.145152083743929
805 883 3.015725255756913
805 885 2.93164334365634
845 888 -0.8122801326543725
805 887 -1.3477177614522067
875 888 -1.7207670712436016
845 890 -0.40219829746062086
884 892 0.45104689322786395
888 890 0.8490926297285697
845 892 0.9053573740495944
766 891 -5.53733426701854
880 891 0.982542654754837
867 892 -2.023524054927849
871 888 -3.9184428135768994
892 894 2.0618119072200103
867 894 -2.7803933790295874
887 895 -1.60462908492035
805 891 -5.53733426701854
805 895 2.418966462073592
890 892 0.10124748840924536
871 898 -0.722426472174637
888 892 0.5504197869721676
888 898 -0.40219829746062086
886 897 -2.8534722097520193
871 896 -1.0221649697100497
896 897 1.604628978813839
888 894 -1.083027742309897
829 895 -1.1037246319352672
805 889 -0.7759822513321553
805 897 -3.9184428135768994
871 907 -0.6698460476628039
888 899 -0.16377929735639296
894 901 1.9501526258096291
867 901 -3.3153581355547077
898 899 -2.1419841365639445
871 906 -0.9244110766470177
871 904 -2.418966560561031
898 904 0.40219817433836536
888 902 1.471006361575077
888 900 -0.9436227297103521
894 900 2.184051378192568
896 906 0.7940688968903633
904 907 -1.6615502176829433
900 902 0.7224263377855422
906 907 1.8471390342477205
805 903 1.124638707269666
897 905 -1.914934325902037
805 829 -1.986327866288225
805 905 -3.2060451019615273
899 902 -1.1457782950449733
900 901 2.5274488884529975
896 909 0.4347078707200993
896 905 -3.732408358890588
906 909 0.2899341161553104
899 904 -3.106750063060895
829 910 -1.60462908492035
829 917 -1.4968294629075651
805 917 3.10674997290245
805 916 -2.6469936768108107
910 917 4.436121480203944
905 916 -2.7117471225450083
895 912 0.242410407030617
829 912 0.1481210376275779
899 908 -0.007781779532672672
904 908 0.5504197869721676
899 911 -2.1012697910023577
902 911 0.4674453385798212
910 912 3.574453703354731
905 909 -0.5504199144331001
908 911 0.21088184704301205
900 914 -0.16377929735639296
902 914 -0.353818619728701
903 916 -0.023346044556825873
911 914 1.72076695640305
907 913 1.8471390342477205
904 913 -2.2726892867301896
901 914 -0.5841189757308616
805 912 0.21088184704301205
906 915 -0.353818619728701
904 921 0.8122799937741847
909 915 1.347717671142901
907 915 -1.420575958424365
913 921 0.9629978960423582
805 916 -2.5274489963885465
905 915 0.8306197427665889
901 919 2.0618119072200103
914 919 -1.3959339919795308
907 920 1.3959338990403656
913 920 1.3241144775306468
914 922 -1.2327653271421226
919 922 1.8144599138640842
867 919 -3.106750063060895
905 925 1.0221648177565306
915 918 -0.4510470176203887
907 918 0.6352858046593717
915 925 3.3153580262671256
805 910 3.9184427168471876
920 921 0.33778526158074773
918 920 0.4674453385798212
911 922 -1.3008300007371676
916 927 -0.5504199144331001
905 927 -2.6469936768108107
911 924 0.2899341161553104
922 924 0.1637791782871667
805 927 1.3716527928075883
908 921 2.023523983245292
918 923 0.054484828546315534
920 923 2.023523983245292
925 927 -2.5274489963885465
918 925 -0.722426472174637
908 926 2.141984057957801
911 926 1.4968293639808472
923 925 -1.4968294629075651
924 928 0.40219817433836536
911 928 -1.0625403846496646
921 923 -0.07006336313715722
921 929 1.124638707269666
921 926 2.5856857384930256
867 922 -2.1012697910023577
923 929 0.023345926266394867
924 930 -0.40219829746062086
922 930 -0.038913137770452355
926 928 -0.7580155848378691
928 930 0.5504197869721676
867 930 -4.844202616288199
923 931 3.2060450031958343
925 931 -1.8806142848807943
926 932 -0.6525189378391278
928 932 -0.17945749696390423
921 935 0.2582187931706581
926 935 1.188767543534301
805 925 -2.9316434205780437
930 932 -0.722426472174637
925 933 0.1794573777347761
931 933 -0.5504199144331001
929 934 -1.5769600686022973
923 934 0.9436225830949259
932 935 -0.7940690348095123
805 936 -2.4719661045957224
925 936 -1.4710064589046166
925 937 -1.4710064589046166
936 937 -0.353818619728701
921 934 -1.847139159904398
933 937 0.242410407030617
931 938 0.7401648358628796
923 938 -0.10124760698692858
930 940 1.3959338990403656
934 938 -2.0618119810484816
932 940 -0.27405945275533616
933 939 2.5274488884529975
931 939 0.21088184704301205
867 940 -3.5744537730315336
937 939 -3.106750063060895
938 939 2.418966462073592
935 940 -0.6872706606037844
805 937 -2.8534722097520193
935 941 0.48390574875928927
940 941 -0.9053575182618498
934 942 0.8677032967963991
921 946 1.0022628750411067
921 942 -0.353818619728701
935 946 0.9244109312539295
938 945 2.0618119072200103
934 945 -1.8806142848807943
942 945 -2.5856858519456853
921 944 0.3058452631148958
939 945 2.418966462073592
944 946 -0.25821891342749526
921 943 0.8864565510992328
805 939 -2.22757952790676
943 944 0.7047961364960313
942 947 -0.6872706606037844
945 947 0.7047961364960313
935 940 -1.324114566604422
805 945 -2.22757952790676
942 943 3.3153580262671256
940 946 -0.305845384176723
946 948 -0.6698460476628039
940 948 -0.7580155848378691
944 950 -0.038913137770452355
805 955 -3.0157253387444354
945 949 -0.6872706606037844
947 949 2.141984057957801
945 955 -2.5274489963885465
942 949 1.0022628750411067
943 950 0.35381849771398977
944 948 -0.5841189757308616
948 951 -1.042255157127819
940 951 -4.844202616288199
948 950 -2.4719661045957224
949 955 0.5841188470777665
950 951 -4.844202616288199
867 951 -3.5744537730315336
949 953 0.7940688968903633
942 953 0.369896870073811
951 952 1.9149341938214999
953 955 4.844202556684481
950 952 -3.5744537730315336
943 953 -0.2899342369326745
950 953 1.986327796610479
952 954 0.7580154487445683
951 957 1.6615501074318497
867 957 2.7803933118077264
950 954 -3.732408358890588
805 956 -3.3153581355547077
955 956 3.9184427168471876
951 954 2.5856857384930256
950 955 2.7803933118077264
950 958 -3.9184428135768994
954 958 3.015725255756913
950 959 -4.844202616288199
958 959 3.2060450031958343
950 960 -5.53733426701854
959 960 2.5856857384930256
955 960 -4.844202616288199
805 963 -2.1012697910023577
805 962 2.5856857384930256
955 961 -5.53733426701854
960 961 2.101269714871794
962 963 -3.5744537730315336
956 964 -2.6469936768108107
955 964 -2.6469936768108107
962 965 2.646993557188065
805 965 1.445594446330888
805 966 0.22663210648628773
805 964 -2.319517101482562
955 967 -5.53733426701854
955 968 -2.418966560561031
960 970 0.38602265684584536
960 969 0.2582187931706581
959 969 0.7401648358628796
958 969 2.368217406966919
954 969 3.015725255756913
951 969 3.10674997290245
964 968 2.5274488884529975
967 968 1.5230823357393546
961 967 1.72076695640305
961 970 1.7825318837304605
969 970 3.4370554399806776
965 973 -1.8806142848807943
805 973 -0.8122801326543725
805 971 2.023523983245292
964 971 -2.1419841365639445
867 951 2.5274488884529975
967 970 2.5856857384930256
968 971 -0.6010891274007599
805 972 -3.3153581355547077
967 971 -1.371652884404361
966 972 -3.5744537730315336
970 971 -0.9825428039459942
970 974 1.0221648177565306
966 973 -4.844202616288199
971 974 1.9501526258096291
969 975 3.7324082779400585
951 975 2.184051378192568
867 975 3.10674997290245
970 976 3.7324082779400585
974 976 0.5504197869721676
805 978 -3.732408358890588
966 979 -3.732408358890588
972 979 1.1671515377428254
971 981 2.023523983245292
974 981 1.0830275858277314
976 981 0.5504197869721676
965 977 2.368217406966919
976 980 2.7803933118077264
980 981 -0.0544849469084292
970 980 3.2060450031958343
973 977 -2.1840514594677467
805 979 -4.145152083743929
965 973 -0.8122801326543725
970 971 1.0022628750411067
970 981 2.2275794437459226
