MULTICUT
0 1 -2.1012697910023577
0 2 -0.618143736811748
0 3 -0.07006336313715722
0 4 2.141984057957801
3 4 -0.007781779532672672
2 5 0.5841188470777665
0 5 -2.7117471225450083
0 5 -2.5274489963885465
0 6 -1.2778514672160726
5 6 1.0625402297313233
0 6 -1.7825320036768968
3 7 -0.6698460476628039
4 7 -2.7803933790295874
0 7 -2.22757952790676
0 7 -2.1419841365639445
0 11 2.7117470592609445
0 9 1.880614156109223
6 9 -1.1037246319352672
6 8 -0.08565028243590467
8 9 -1.0022630255891705
0 8 -1.420575958424365
0 10 -0.7047962700763302
0 12 1.986327796610479
9 12 0.41842577919951873
9 13 -5.53733426701854
8 13 -2.5856858519456853
12 13 -5.53733426701854
8 15 -0.7759822513321553
13 15 1.8144599138640842
8 16 -2.1419841365639445
0 16 -4.844202616288199
15 16 2.368217406966919
0 14 0.9629978960423582
12 14 1.445594446330888
10 17 0.1481210376275779
0 17 -1.986327866288225
0 17 -1.8806142848807943
11 12 0.35381849771398977
0 12 1.4968293639808472
13 19 -3.106750063060895
7 18 0.4347078707200993
15 19 -3.5744537730315336
0 18 -5.53733426701854
0 20 -1.324114566604422
7 20 -0.8864566941706382
18 20 -0.4347079946705643
13 21 -1.690856787854381
12 21 -1.6615502176829433
19 21 2.7117470592609445
16 20 -2.1419841365639445
18 22 2.7117470592609445
20 22 -0.4184259027266788
20 26 0.652518806521984
0 22 -5.53733426701854
0 23 2.141984057957801
22 26 -0.0544849469084292
17 24 0.5170228985401271
0 24 -2.2726892867301896
0 28 2.646993557188065
24 28 -1.8806142848807943
20 25 -0.9629980439232386
16 25 2.8534721380276795
25 26 -2.023524054927849
22 23 -5.53733426701854
21 27 2.101269714871794
22 31 3.10674997290245
26 31 -1.847139159904398
12 27 -1.5230824363372633
19 27 -0.722426472174637
15 27 -5.53733426701854
15 25 0.1637791782871667
12 29 -3.0157253387444354
27 29 -0.27405945275533616
27 30 1.72076695640305
29 30 -0.9629980439232386
15 32 1.8471390342477205
27 33 -3.43705550120135
15 33 -0.5672302300910688
30 33 -5.53733426701854
0 22 -5.53733426701854
28 35 2.7117470592609445
28 34 -1.60462908492035
32 33 1.347717671142901
34 35 -2.319517101482562
24 34 1.0625402297313233
0 34 -2.5274489963885465
29 38 -0.0544849469084292
12 36 -5.53733426701854
26 40 0.2582187931706581
31 40 0.07006324471763459
22 42 3.10674997290245
0 42 -5.53733426701854
0 35 2.646993557188065
30 38 -2.023524054927849
25 32 -0.5841189757308616
12 39 -2.2726892867301896
0 39 -2.319517101482562
35 37 -3.43705550120135
33 38 1.3241144775306468
25 40 1.880614156109223
34 37 1.6615501074318497
12 41 -3.732408358890588
29 41 -0.13248112001244716
1 53 -2.5856858519456853
1 119 -2.6469936768108107
0 53 -2.1012697910023577
53 119 0.2899341161553104
12 49 -0.305845384176723
25 45 2.4719660016221714
36 49 -1.7207670712436016
38 41 0.08565016394454328
32 45 -0.7759822513321553
0 50 -3.106750063060895
50 53 1.0625402297313233
31 44 2.31951701078773
0 48 -3.0157253387444354
40 44 2.2275794437459226
0 43 1.471006361575077
35 43 1.1671515377428254
36 51 -1.847139159904398
48 50 -0.24241052705099042
12 51 -0.618143736811748
0 22 -4.844202616288199
12 38 -2.7117471225450083
22 43 -5.53733426701854
25 46 4.145152023550564
40 46 -0.0544849469084292
34 56 -1.914934325902037
38 49 0.08565016394454328
44 46 3.7324082779400585
37 56 -1.6615502176829433
33 47 0.982542654754837
32 47 2.368217406966919
45 47 -0.7940690348095123
0 56 -5.53733426701854
45 54 -0.2899342369326745
49 51 1.3959338990403656
47 54 1.3241144775306468
45 46 2.023523983245292
37 66 -1.914934325902037
56 66 2.4719660016221714
0 61 -3.106750063060895
48 61 -2.5274489963885465
35 66 -4.844202616288199
0 52 0.652518806521984
12 55 -5.53733426701854
39 55 0.5004307185850176
49 64 -0.5504199144331001
43 60 -3.732408358890588
35 60 -4.43612156009328
50 61 0.03891301945135828
38 64 2.5274488884529975
53 61 2.5274488884529975
31 46 1.3959338990403656
12 69 -4.43612156009328
45 58 -1.5497854889223055
43 68 -1.4710064589046166
55 69 1.0830275858277314
54 58 0.7940688968903633
22 68 -0.618143736811748
51 69 -4.145152083743929
45 59 -2.1012697910023577
46 59 -3.9184428135768994
53 75 4.436121480203944
75 119 1.232765242543629
0 62 -1.6328170469254393
39 62 1.103724552883528
58 59 0.242410407030617
39 57 -0.27405945275533616
52 62 0.48390574875928927
55 57 -3.3153581355547077
33 63 -2.319517101482562
47 63 -0.17945749696390423
54 65 -0.007781779532672672
57 62 -1.751313725733529
47 65 -2.418966560561031
60 68 -0.27405945275533616
49 69 -3.43705550120135
0 80 -3.732408358890588
0 81 -3.732408358890588
58 65 1.103724552883528
61 81 2.141984057957801
60 72 0.2582187931706581
68 72 -0.8864566941706382
80 81 -0.9436227297103521
35 84 -2.2726892867301896
64 69 0.242410407030617
63 65 1.0022628750411067
60 84 -1.6328170469254393
38 67 -1.847139159904398
58 70 -0.9436227297103521
59 70 -2.2726892867301896
61 73 3.9184427168471876
58 77 0.8864565510992328
59 71 1.7513136084096503
68 79 0.5004307185850176
72 79 2.0618119072200103
53 73 2.31951701078773
64 67 -2.1012697910023577
65 77 1.210635526973574
70 77 0.8677032967963991
70 71 -1.0022630255891705
46 71 -3.106750063060895
55 87 -1.0221649697100497
38 74 -1.5230824363372633
38 76 0.9629978960423582
0 62 -1.167151619412428
57 87 0.5672301020452246
67 74 -1.3477177614522067
74 76 0.3217949194737102
72 84 1.5769599644200505
70 78 -0.08565028243590467
71 78 2.0618119072200103
61 82 2.368217406966919
69 87 -2.418966560561031
77 78 1.3959338990403656
73 82 2.8534721380276795
73 75 4.145152023550564
84 86 -0.5841189757308616
35 86 -2.6469936768108107
64 83 2.7803933118077264
67 83 -0.867703438765498
33 76 0.08565016394454328
62 91 0.7940688968903633
33 98 1.9501526258096291
68 89 -0.6872706606037844
79 89 5.537334267018537
63 98 -1.2106356105583946
31 68 -1.0625403846496646
81 82 2.4719660016221714
69 88 2.418966462073592
74 85 0.22663210648628773
76 85 -0.867703438765498
76 113 -0.14812115655181013
63 93 0.1168571278983801
65 93 -1.4710064589046166
77 93 -0.4347079946705643
33 113 -1.2778514672160726
93 98 -3.0157253387444354
77 95 0.48390574875928927
71 95 0.5841188470777665
35 90 -1.8806142848807943
35 94 0.5504197869721676
57 91 -2.1419841365639445
67 85 -0.0544849469084292
98 113 3.015725255756913
93 95 3.015725255756913
78 95 0.7940688968903633
90 94 -0.4347079946705643
66 94 -3.5744537730315336
57 96 1.9501526258096291
83 92 -0.22663222628581936
67 97 -0.25821891342749526
80 101 -0.9244110766470177
91 96 -2.5856858519456853
87 96 1.7513136084096503
67 92 -0.8864566941706382
85 97 -3.43705550120135
31 89 0.4674453385798212
81 101 2.368217406966919
35 103 2.2726891994400433
80 110 -0.722426472174637
87 88 -2.418966560561031
92 97 -4.844202616288199
90 103 -0.9825428039459942
101 110 1.7825318837304605
69 106 0.7047961364960313
64 106 2.2275794437459226
98 102 -4.844202616288199
46 95 -3.5744537730315336
86 100 1.880614156109223
35 100 -3.9184428135768994
93 102 1.7825318837304605
100 103 -4.844202616288199
0 110 -2.7117471225450083
87 105 0.8864565510992328
84 99 1.4968293639808472
86 99 -1.042255157127819
88 105 -2.4719661045957224
88 106 2.2275794437459226
62 118 -0.9436227297103521
81 104 1.8471390342477205
0 118 -1.1246387871621042
91 118 0.7401648358628796
85 113 -0.6525189378391278
99 100 -0.6525189378391278
101 104 3.9184427168471876
82 104 0.6698459156176995
83 106 1.445594446330888
90 109 -0.4510470176203887
72 99 2.7117470592609445
94 109 -0.6525189378391278
73 104 3.10674997290245
87 108 0.35381849771398977
66 107 1.210635526973574
96 108 -0.7047962700763302
105 108 1.4205758640846524
103 109 -1.0625403846496646
56 107 0.9436225830949259
0 112 -1.1887676261434261
106 117 2.418966462073592
83 117 1.6908566753683048
56 111 1.4968293639808472
56 115 -4.145152083743929
0 115 -1.324114566604422
0 125 -3.3153581355547077
110 125 1.3959338990403656
111 115 -5.53733426701854
115 125 -2.1419841365639445
96 116 -0.9825428039459942
99 114 -0.9825428039459942
100 114 1.5230823357393546
96 118 0.5841188470777665
108 116 2.418966462073592
92 117 1.986327796610479
103 114 -4.43612156009328
0 139 -5.53733426701854
98 135 -4.844202616288199
102 135 0.6181436068748636
73 121 3.4370554399806776
75 121 2.101269714871794
105 123 1.210635526973574
95 130 -2.5856858519456853
66 161 0.2582187931706581
93 130 -1.914934325902037
94 161 -3.3153581355547077
95 136 0.652518806521984
46 131 -4.43612156009328
31 124 3.574453703354731
89 132 -0.11685724657693086
115 120 2.2275794437459226
101 126 2.184051378192568
75 127 2.8534721380276795
108 123 -0.6525189378391278
95 131 -0.038913137770452355
107 111 2.93164334365634
120 125 -1.751313725733529
110 126 2.141984057957801
119 127 1.7825318837304605
96 122 0.6010889981175147
118 122 -0.08565028243590467
116 122 1.604628978813839
131 136 -0.6698460476628039
79 132 0.8122799937741847
118 128 0.023345926266394867
85 145 -1.0022630255891705
115 162 -4.43612156009328
125 155 2.646993557188065
122 128 1.6615501074318497
116 123 -0.7047962700763302
88 123 -1.8806142848807943
97 145 0.1794573777347761
130 136 -3.732408358890588
107 161 1.6908566753683048
111 162 1.7513136084096503
120 162 -5.53733426701854
120 155 -1.4710064589046166
116 129 -0.618143736811748
123 129 2.2726891994400433
119 168 4.844202556684481
31 131 -3.732408358890588
125 126 1.347717671142901
139 147 2.101269714871794
0 147 -4.844202616288199
118 133 -0.14812115655181013
116 134 -0.6525189378391278
129 134 3.015725255756913
88 140 -0.618143736811748
92 159 -3.3153581355547077
124 131 -2.1840514594677467
128 133 1.445594446330888
122 134 -0.33778538326100627
123 140 -0.5841189757308616
117 159 -2.5274489963885465
97 159 1.3008299128497565
113 145 -2.7803933790295874
102 130 -3.0157253387444354
31 132 -2.023524054927849
121 127 3.7324082779400585
118 137 1.4205758640846524
122 138 0.6010889981175147
134 138 2.7803933118077264
113 150 0.48390574875928927
98 141 -4.844202616288199
79 142 0.2899341161553104
72 142 -0.5004308444200505
72 158 0.9436225830949259
104 143 0.7047961364960313
73 143 1.0022628750411067
0 137 -2.0618119810484816
133 137 -0.17945749696390423
145 150 -3.2060451019615273
135 141 2.5274488884529975
121 143 0.13248100121840833
72 151 -0.19515772478657212
99 151 -2.023524054927849
113 141 -5.53733426701854
124 132 -2.9316434205780437
142 158 1.9501526258096291
151 158 3.4370554399806776
120 154 -2.023524054927849
154 155 -0.2899342369326745
101 146 1.9149341938214999
104 146 1.9501526258096291
128 138 0.7047961364960313
141 150 -3.43705550120135
132 142 -1.6328170469254393
143 146 2.7803933118077264
127 168 1.0830275858277314
88 149 2.2275794437459226
125 157 1.103724552883528
126 157 -0.007781779532672672
133 138 0.22663210648628773
140 149 -0.40219829746062086
106 149 2.368217406966919
154 162 -2.1419841365639445
133 144 0.5336849977291656
129 148 0.2582187931706581
123 148 0.41842577919951873
137 144 -1.1037246319352672
138 144 2.8534721380276795
134 148 -0.08565028243590467
138 152 0.22663210648628773
134 152 0.8122799937741847
117 149 1.0221648177565306
97 164 -1.751313725733529
131 160 -1.8144600365838361
132 167 -2.7803933790295874
125 156 3.015725255756913
148 152 1.5769599644200505
145 164 0.7401648358628796
136 160 -3.43705550120135
124 167 2.646993557188065
109 114 -3.0157253387444354
156 157 1.986327796610479
135 153 1.8144599138640842
135 165 -3.3153581355547077
109 175 -0.11685724657693086
94 175 -0.5841189757308616
101 157 -0.007781779532672672
143 163 2.31951701078773
121 163 1.210635526973574
121 171 1.3008299128497565
127 171 2.4719660016221714
159 164 0.054484828546315534
146 157 1.2778513804684322
132 174 -1.042255157127819
167 174 2.7117470592609445
114 175 -1.7825320036768968
161 175 -0.5504199144331001
155 156 1.4205758640846524
168 171 1.0022628750411067
130 166 0.08565016394454328
124 173 -1.324114566604422
141 153 0.5841188470777665
153 165 -2.7117471225450083
102 165 -4.844202616288199
102 166 -4.43612156009328
131 173 3.4370554399806776
163 171 3.574453703354731
144 177 -1.751313725733529
138 177 -0.9825428039459942
123 169 0.9436225830949259
131 180 1.124638707269666
124 187 -0.33778538326100627
132 192 2.7803933118077264
152 177 0.45104689322786395
148 169 0.1637791782871667
136 166 -4.145152083743929
160 180 -4.844202616288199
173 187 2.93164334365634
142 192 -2.023524054927849
147 199 -0.17945749696390423
0 199 -3.9184428135768994
140 170 1.6615501074318497
159 178 -0.08565028243590467
141 179 -0.7940690348095123
114 205 0.1168571278983801
175 205 -4.145152083743929
155 176 0.5841188470777665
123 170 -2.368217501379304
149 159 -2.319517101482562
164 178 2.31951701078773
153 179 -0.8122801326543725
154 176 1.2551669361900215
148 172 0.7224263377855422
169 172 0.38602265684584536
149 209 -0.40219829746062086
153 183 1.1671515377428254
131 184 -0.6872706606037844
143 185 -0.4184259027266788
163 185 0.07006324471763459
171 186 1.7513136084096503
152 172 0.48390574875928927
169 170 -2.7117471225450083
180 184 -2.368217501379304
173 184 -0.16377929735639296
174 192 -0.305845384176723
168 186 2.93164334365634
152 181 0.7224263377855422
140 189 -0.533685124626992
140 182 0.054484828546315534
149 182 0.2899341161553104
165 183 -4.844202616288199
102 190 -4.43612156009328
161 206 1.72076695640305
168 193 3.7324082779400585
177 181 -1.6615502176829433
172 181 0.9629978960423582
170 189 -4.145152083743929
182 189 -3.5744537730315336
179 183 -1.751313725733529
165 190 -0.4347079946705643
107 206 2.7117470592609445
147 198 0.7580154487445683
144 200 0.41842577919951873
144 188 1.5769599644200505
149 197 0.369896870073811
124 191 -3.5744537730315336
198 199 0.6010889981175147
137 200 -0.4510470176203887
177 188 0.6872705278045488
197 209 3.3153580262671256
187 191 1.7513136084096503
139 198 -1.8806142848807943
150 195 -4.844202616288199
141 195 1.6328169387983074
102 210 0.22663210648628773
162 202 2.418966462073592
183 190 -5.53733426701854
190 210 -1.6615502176829433
166 210 -2.418966560561031
99 205 -2.9316434205780437
176 202 -1.2106356105583946
144 196 -0.6525189378391278
145 195 0.35381849771398977
136 211 -0.07006336313715722
157 207 0.9244109312539295
196 200 0.007781661256567096
188 196 0.8306197427665889
159 197 -5.53733426701854
166 211 -2.5856858519456853
160 211 -1.6615502176829433
167 191 -2.6469936768108107
175 206 -1.2106356105583946
156 207 3.7324082779400585
172 194 0.7580154487445683
169 194 0.8306197427665889
167 253 -2.7117471225450083
176 203 -3.732408358890588
155 203 -3.5744537730315336
181 194 1.2551669361900215
170 194 -1.6615502176829433
182 209 -2.2726892867301896
179 195 -1.371652884404361
191 253 2.5856857384930256
156 203 -3.5744537730315336
186 193 3.574453703354731
179 201 0.10124748840924536
174 204 -2.418966560561031
195 201 -1.2778514672160726
183 201 -2.1840514594677467
174 253 -2.418966560561031
137 237 -0.6872706606037844
192 204 4.436121480203944
157 221 0.35381849771398977
146 221 1.8144599138640842
185 208 1.6328169387983074
204 253 3.2060450031958343
111 202 -0.14812115655181013
207 221 3.7324082779400585
143 208 -2.1840514594677467
0 237 -4.145152083743929
173 218 1.4205758640846524
99 158 -1.690856787854381
205 206 2.2275794437459226
163 208 -1.4968294629075651
164 195 -0.353818619728701
210 211 1.5769599644200505
184 218 -0.722426472174637
107 202 1.9501526258096291
143 221 3.9184427168471876
187 218 2.7803933118077264
202 203 -3.43705550120135
171 208 -1.1887676261434261
195 213 1.188767543534301
156 225 -1.847139159904398
203 225 -3.732408358890588
207 225 -3.0157253387444354
139 219 -1.2106356105583946
198 219 3.574453703354731
196 214 0.7401648358628796
177 215 1.2778513804684322
194 216 0.242410407030617
194 217 0.6010889981175147
195 212 1.4968293639808472
143 226 0.48390574875928927
188 214 1.986327796610479
188 215 -1.60462908492035
181 215 -2.1419841365639445
181 216 -0.038913137770452355
216 217 0.007781661256567096
170 217 0.13248100121840833
212 213 1.6615501074318497
142 204 -1.420575958424365
208 226 0.3058452631148958
199 219 0.652518806521984
200 214 0.8864565510992328
202 220 2.5274488884529975
200 237 -3.9184428135768994
203 220 -2.9316434205780437
197 224 1.103724552883528
178 222 2.0618119072200103
164 222 1.72076695640305
187 229 -1.3008300007371676
191 229 -2.5274489963885465
209 224 1.3959338990403656
159 224 -5.53733426701854
195 222 -0.32179504083642385
180 218 2.2726891994400433
182 242 -1.042255157127819
190 228 -4.145152083743929
210 228 -1.5230824363372633
160 248 -2.1012697910023577
193 332 0.1637791782871667
189 242 0.6698459156176995
159 222 -0.4347079946705643
211 248 0.1794573777347761
180 248 2.7117470592609445
220 225 -0.6698460476628039
199 257 -0.9629980439232386
0 257 -2.9316434205780437
200 223 -0.7759822513321553
214 223 1.1671515377428254
159 227 -2.368217501379304
222 227 1.232765242543629
204 235 -1.8144600365838361
158 230 1.0221648177565306
205 236 -2.368217501379304
208 241 -1.083027742309897
186 231 2.7117470592609445
219 257 -2.5274489963885465
223 237 -3.5744537730315336
209 242 -4.145152083743929
183 228 3.2060450031958343
99 230 -4.844202616288199
99 236 2.646993557188065
226 241 0.9629978960423582
171 241 0.8122799937741847
212 233 -0.5004308444200505
212 239 0.4674453385798212
210 240 -0.13248112001244716
210 245 -1.847139159904398
211 245 -2.5856858519456853
195 233 -0.2899342369326745
213 239 -0.11685724657693086
183 195 0.652518806521984
235 253 -5.53733426701854
107 205 0.7759821143416219
107 220 0.1168571278983801
171 231 2.023523983245292
193 231 4.145152023550564
215 232 1.0221648177565306
213 234 1.188767543534301
195 234 1.5230823357393546
188 223 0.8490926297285697
188 232 -0.7047962700763302
181 232 -1.847139159904398
234 239 0.40219817433836536
228 240 0.1481210376275779
245 248 -0.4347079946705643
218 229 -3.0157253387444354
229 253 -4.844202616288199
189 247 1.3241144775306468
209 243 1.4968293639808472
170 247 -1.8806142848807943
224 243 1.9501526258096291
233 239 -1.751313725733529
183 234 1.8471390342477205
240 245 0.6872705278045488
188 238 2.4719660016221714
204 253 1.6615501074318497
232 238 -2.1012697910023577
242 243 -2.7117471225450083
142 253 -5.53733426701854
222 244 1.4205758640846524
107 250 -3.0157253387444354
227 244 0.6698459156176995
195 244 -1.847139159904398
219 255 -0.5170230248961472
188 246 0.8864565510992328
181 249 1.0625402297313233
216 249 0.6872705278045488
189 256 -1.1246387871621042
107 254 -2.9316434205780437
220 254 -3.9184428135768994
143 251 3.7324082779400585
226 251 1.0221648177565306
223 246 0.8122799937741847
238 246 1.6615501074318497
217 249 1.3008299128497565
247 256 -0.21088196663715686
242 256 0.13248100121840833
250 254 1.3716527928075883
241 251 3.10674997290245
232 249 1.3716527928075883
236 250 1.2778513804684322
224 266 -3.106750063060895
227 252 0.5672301020452246
244 252 1.7825318837304605
241 260 3.7324082779400585
171 260 1.986327796610479
159 266 -0.353818619728701
159 252 -0.40219829746062086
225 254 0.2899341161553104
159 261 2.5274488884529975
158 258 2.368217406966919
230 258 1.0422550037182607
252 261 -0.5504199144331001
99 258 -1.371652884404361
228 262 -2.6469936768108107
240 262 -1.0022630255891705
143 264 1.9501526258096291
251 264 1.347717671142901
231 265 1.2551669361900215
193 265 1.5497853865743236
183 262 -2.7803933790295874
231 260 1.7513136084096503
219 272 0.1637791782871667
183 267 -0.8490927706325437
245 268 -5.53733426701854
248 268 -0.8122801326543725
236 269 -2.5274489963885465
250 259 2.368217406966919
221 264 3.9184427168471876
255 272 0.652518806521984
232 246 1.72076695640305
261 266 0.3058452631148958
262 267 2.101269714871794
245 262 -2.8534722097520193
99 269 -2.7117471225450083
254 259 1.8144599138640842
219 284 1.604628978813839
217 281 0.7580154487445683
170 281 -0.4347079946705643
247 281 1.8471390342477205
183 271 0.07006324471763459
254 263 3.574453703354731
272 284 3.2060450031958343
267 271 0.3058452631148958
225 263 0.8306197427665889
265 332 2.4719660016221714
224 280 -4.145152083743929
183 275 -0.22663222628581936
271 275 2.368217406966919
180 277 -2.22757952790676
255 257 0.7580154487445683
266 280 0.8306197427665889
262 268 0.8306197427665889
180 268 -1.1246387871621042
218 253 1.9149341938214999
221 225 -3.732408358890588
237 246 -2.023524054927849
252 274 1.9501526258096291
233 270 -3.2060451019615273
239 270 1.445594446330888
180 276 -3.0157253387444354
236 278 -1.690856787854381
250 289 -1.8144600365838361
243 280 -4.844202616288199
261 274 -1.6615502176829433
183 270 1.6908566753683048
268 276 1.6328169387983074
276 277 2.101269714871794
142 258 3.015725255756913
259 289 -1.4710064589046166
0 273 -1.1246387871621042
249 285 -1.2778514672160726
256 279 2.0618119072200103
254 286 -1.60462908492035
231 283 1.604628978813839
265 283 2.368217406966919
281 285 0.4347078707200993
279 281 -0.32179504083642385
244 274 2.141984057957801
250 278 -2.1840514594677467
259 286 -1.2551670218420983
263 286 -2.4719661045957224
259 282 1.5497853865743236
242 279 1.210635526973574
282 286 -4.43612156009328
232 285 -4.145152083743929
243 292 -2.023524054927849
243 288 -5.53733426701854
218 277 -0.007781779532672672
242 292 0.45104689322786395
280 288 2.8534721380276795
251 260 3.2060450031958343
195 270 1.188767543534301
0 295 -2.1840514594677467
142 299 -1.420575958424365
250 300 1.210635526973574
264 290 0.8677032967963991
251 290 3.2060450031958343
237 295 -0.11685724657693086
246 285 -2.319517101482562
244 270 -2.22757952790676
270 275 -1.8144600365838361
253 299 3.4370554399806776
258 299 -3.106750063060895
282 289 -3.106750063060895
246 296 -1.4455945421327967
244 261 -2.1840514594677467
262 298 2.5274488884529975
268 298 2.141984057957801
285 296 3.7324082779400585
288 292 1.9149341938214999
267 298 2.2275794437459226
276 298 0.6872705278045488
273 295 0.242410407030617
266 294 0.8864565510992328
266 287 -0.7047962700763302
261 287 1.6328169387983074
244 287 -1.914934325902037
270 298 -1.914934325902037
264 297 1.72076695640305
280 294 -0.8490927706325437
287 294 -0.618143736811748
275 298 3.015725255756913
278 300 -2.8534722097520193
221 297 3.574453703354731
255 284 2.5856857384930256
242 291 1.8144599138640842
280 302 0.9436225830949259
277 304 3.9184427168471876
291 292 1.1671515377428254
298 304 2.0618119072200103
289 300 -1.2778514672160726
290 297 3.2060450031958343
0 295 -4.844202616288199
271 298 1.6615501074318497
231 251 1.6615501074318497
281 301 2.418966462073592
288 293 0.5672301020452246
277 309 3.2060450031958343
218 309 -1.1887676261434261
253 309 -3.106750063060895
279 301 -1.751313725733529
279 291 0.33778526158074773
293 302 -1.3959339919795308
294 302 -2.5274489963885465
244 306 -1.3008300007371676
270 306 2.023523983245292
99 310 2.141984057957801
269 310 -0.8490927706325437
231 307 -0.8864566941706382
283 307 0.369896870073811
236 310 3.2060450031958343
0 255 -3.5744537730315336
0 315 -1.1246387871621042
295 315 -0.4674454634335292
237 320 -1.6615502176829433
285 308 -2.1419841365639445
281 308 -0.8122801326543725
287 305 1.103724552883528
253 314 -4.145152083743929
295 320 0.023345926266394867
301 308 -1.2778514672160726
294 305 0.3217949194737102
244 305 0.5336849977291656
309 314 3.7324082779400585
265 307 0.45104689322786395
292 303 0.982542654754837
288 316 0.19515760538251437
99 299 3.10674997290245
291 303 0.41842577919951873
299 310 2.7803933118077264
284 313 -0.6698460476628039
285 311 -3.732408358890588
253 322 -5.53733426701854
278 317 -1.7825320036768968
300 317 3.4370554399806776
289 317 -2.319517101482562
282 317 1.604628978813839
221 318 2.4719660016221714
231 312 3.2060450031958343
308 311 1.7825318837304605
292 316 -0.9244110766470177
293 316 -1.1457782950449733
314 322 3.574453703354731
236 317 2.646993557188065
225 318 -3.9184428135768994
290 312 2.8534721380276795
270 325 -5.53733426701854
298 325 -1.1887676261434261
303 316 -3.9184428135768994
225 337 -0.17945749696390423
296 311 -2.319517101482562
306 325 -4.145152083743929
263 337 -0.14812115655181013
284 319 0.5841188470777665
112 333 0.4674453385798212
0 333 -2.4719661045957224
244 321 -4.844202616288199
306 321 1.210635526973574
253 336 -2.023524054927849
282 323 1.72076695640305
286 323 -2.1419841365639445
231 331 -0.07006336313715722
307 331 3.015725255756913
255 319 1.604628978813839
299 336 -3.3153581355547077
312 331 2.2275794437459226
305 328 0.08565016394454328
263 323 1.6615501074318497
297 331 3.574453703354731
290 331 4.145152023550564
246 320 -2.9316434205780437
302 305 -0.4674454634335292
321 328 1.471006361575077
322 336 3.9184427168471876
311 320 -0.3860227795812654
246 311 -0.9629980439232386
298 329 -0.14812115655181013
298 330 1.0625402297313233
302 328 2.8534721380276795
304 309 1.3959338990403656
323 337 0.7759821143416219
297 318 0.5336849977291656
315 324 1.124638707269666
308 327 -0.023346044556825873
301 327 1.5230823357393546
303 334 0.8864565510992328
299 314 -3.3153581355547077
295 324 -0.8306198826413334
291 334 -0.5004308444200505
316 334 -3.9184428135768994
329 330 2.5274488884529975
314 336 3.015725255756913
317 323 1.3959338990403656
311 327 0.4347078707200993
298 335 -2.0618119810484816
265 332 1.6615501074318497
265 326 2.4719660016221714
313 319 -2.368217501379304
329 335 0.21088184704301205
331 332 0.023345926266394867
326 332 1.9501526258096291
298 339 0.369896870073811
299 343 -5.53733426701854
318 337 -3.0157253387444354
318 338 2.93164334365634
330 339 1.0022628750411067
314 343 4.145152023550564
337 338 -4.43612156009328
310 343 -2.1012697910023577
320 324 -2.2726892867301896
321 325 -4.43612156009328
304 339 -0.305845384176723
298 351 -1.751313725733529
304 357 -0.16377929735639296
236 343 -1.0625403846496646
236 346 -1.0221649697100497
315 333 -1.690856787854381
302 316 2.7117470592609445
335 351 2.646993557188065
339 357 4.436121480203944
343 346 3.9184427168471876
319 341 -1.3008300007371676
255 341 -0.13248112001244716
315 369 -4.844202616288199
317 346 -2.5274489963885465
313 341 0.8122799937741847
333 369 0.6872705278045488
324 369 -2.5856858519456853
318 331 0.08565016394454328
327 344 0.8122799937741847
317 352 -2.1840514594677467
317 353 -1.751313725733529
317 354 -1.9501526936104758
331 340 4.436121480203944
311 344 1.124638707269666
325 328 -4.43612156009328
309 357 -1.3959339919795308
323 354 -1.5230824363372633
320 365 -2.1840514594677467
311 347 0.9053573740495944
327 342 -0.08565028243590467
328 356 -5.53733426701854
325 356 2.31951701078773
325 350 -1.847139159904398
298 350 -0.7580155848378691
335 345 0.5170228985401271
329 345 1.3716527928075883
329 364 -4.145152083743929
323 358 -3.9184428135768994
0 341 -5.53733426701854
324 365 1.1457782142804072
344 347 0.7580154487445683
301 342 -1.5230824363372633
330 364 -3.9184428135768994
352 353 1.1671515377428254
353 354 1.445594446330888
354 358 3.4370554399806776
331 338 1.232765242543629
350 351 -1.324114566604422
346 352 1.8144599138640842
333 359 -0.5170230248961472
320 360 3.2060450031958343
311 362 -0.023346044556825873
112 359 -2.9316434205780437
360 365 -2.6469936768108107
347 362 0.652518806521984
337 358 -1.60462908492035
344 355 0.274059332246233
327 348 0.6010889981175147
342 348 -2.418966560561031
301 349 -1.7207670712436016
279 349 1.347717671142901
291 363 1.5230823357393546
334 363 -1.986327866288225
337 374 -1.4455945421327967
338 374 1.6328169387983074
347 355 0.242410407030617
344 348 -0.4839058740936957
316 363 2.184051378192568
345 364 -4.844202616288199
324 367 0.7047961364960313
311 361 0.13248100121840833
367 369 -5.53733426701854
361 362 2.368217406966919
358 374 -0.4510470176203887
320 372 -3.5744537730315336
311 372 -0.4184259027266788
361 372 -0.5004308444200505
361 370 2.2275794437459226
301 366 0.4347078707200993
302 356 -4.844202616288199
365 367 1.9149341938214999
370 372 1.3241144775306468
342 366 0.7224263377855422
349 366 1.103724552883528
279 363 -0.8122801326543725
309 381 -0.023346044556825873
359 369 -4.145152083743929
349 363 -2.319517101482562
345 351 0.242410407030617
357 381 -1.914934325902037
332 340 -0.8864566941706382
341 371 2.418966462073592
112 390 1.8144599138640842
302 379 -4.43612156009328
330 375 0.8306197427665889
352 368 0.652518806521984
0 371 -4.844202616288199
356 379 3.015725255756913
364 375 -5.53733426701854
320 376 -4.844202616288199
325 377 -0.8490927706325437
353 368 0.48390574875928927
354 368 1.188767543534301
0 390 -4.844202616288199
360 376 -4.844202616288199
372 376 1.0422550037182607
350 377 1.7825318837304605
346 368 1.6328169387983074
313 371 1.9501526258096291
360 380 -3.9184428135768994
361 373 0.8490926297285697
316 379 -5.53733426701854
330 357 -0.9629980439232386
314 381 -0.5672302300910688
376 380 1.5769599644200505
362 373 1.0022628750411067
357 375 -0.9244110766470177
314 346 4.145152023550564
370 373 0.4347078707200993
356 377 -1.4710064589046166
363 366 -0.618143736811748
350 407 0.3058452631148958
338 397 0.5170228985401271
331 397 0.19515760538251437
331 389 2.141984057957801
340 439 3.4370554399806776
363 379 -3.9184428135768994
351 407 2.646993557188065
389 397 3.9184427168471876
367 378 1.232765242543629
360 382 -1.5497854889223055
348 391 1.232765242543629
342 383 -1.324114566604422
366 383 0.07006324471763459
363 392 -5.53733426701854
365 378 0.22663210648628773
365 382 2.31951701078773
342 391 -2.7117471225450083
379 392 2.7803933118077264
374 397 2.5274488884529975
344 391 -1.4968294629075651
356 384 -1.371652884404361
345 387 0.4674453385798212
364 387 -1.420575958424365
314 385 1.3716527928075883
368 388 -1.420575958424365
368 386 -2.5856858519456853
354 386 -0.7759822513321553
383 391 1.347717671142901
363 383 1.6615501074318497
377 384 2.31951701078773
375 387 0.369896870073811
358 386 -2.1419841365639445
360 400 -2.6469936768108107
351 393 3.9184427168471876
345 393 -0.14812115655181013
314 395 -0.14812115655181013
380 400 1.1671515377428254
355 391 1.103724552883528
393 407 0.023345926266394867
387 393 -0.14812115655181013
385 395 1.0830275858277314
360 403 -2.6469936768108107
360 404 -2.7803933790295874
355 362 0.5336849977291656
314 396 1.2551669361900215
378 382 1.1457782142804072
403 404 0.48390574875928927
400 404 0.03891301945135828
385 396 1.0625402297313233
382 402 1.6328169387983074
360 402 -5.53733426701854
362 391 1.0221648177565306
356 399 -3.106750063060895
357 406 3.9184427168471876
402 403 1.0022628750411067
381 406 -0.4347079946705643
386 388 0.652518806521984
378 394 1.6328169387983074
377 405 -0.19515772478657212
314 368 -0.9053575182618498
367 394 0.9053573740495944
382 394 2.141984057957801
384 399 2.2726891994400433
314 388 0.1168571278983801
374 386 -2.319517101482562
380 398 1.6615501074318497
331 401 1.188767543534301
340 401 1.1671515377428254
398 400 0.3058452631148958
379 399 -2.5856858519456853
350 405 -2.1840514594677467
373 391 -1.371652884404361
314 415 -0.4839058740936957
405 407 -4.844202616288199
401 439 4.436121480203944
0 422 -4.844202616288199
314 411 -0.7940690348095123
390 422 0.35381849771398977
383 392 -4.844202616288199
411 415 -1.083027742309897
389 401 -1.9501526936104758
376 398 1.0830275858277314
387 408 -2.319517101482562
381 418 3.574453703354731
314 409 -1.7207670712436016
388 416 -2.1012697910023577
386 416 -1.420575958424365
370 391 1.210635526973574
391 392 -5.53733426701854
384 405 0.023345926266394867
375 408 -4.844202616288199
409 418 -2.0618119810484816
395 409 2.0618119072200103
112 422 -0.023346044556825873
372 391 -0.7759822513321553
314 413 1.8471390342477205
314 420 -0.305845384176723
396 413 -1.3477177614522067
413 415 0.4674453385798212
411 420 -3.43705550120135
388 420 0.2899341161553104
405 412 3.7324082779400585
396 410 1.3008299128497565
392 399 -1.7825320036768968
407 412 -3.5744537730315336
385 409 0.9244109312539295
385 410 3.574453703354731
410 413 -1.083027742309897
416 420 3.10674997290245
391 398 1.0830275858277314
376 391 0.21088184704301205
392 414 -3.43705550120135
389 421 -2.2726892867301896
401 421 3.7324082779400585
399 414 2.2726891994400433
399 424 -1.3477177614522067
384 424 -0.9436227297103521
359 417 1.986327796610479
369 417 -1.9501526936104758
400 419 -1.4455945421327967
398 419 0.5504197869721676
359 422 -3.9184428135768994
367 417 1.604628978813839
391 419 1.9149341938214999
400 423 -0.9825428039459942
389 425 1.3008299128497565
419 423 2.141984057957801
393 408 -4.145152083743929
385 418 -0.5672302300910688
421 425 -0.14812115655181013
404 423 1.3241144775306468
389 426 1.3959338990403656
425 426 0.9436225830949259
403 423 -0.5841189757308616
405 424 -3.2060451019615273
367 427 1.4205758640846524
394 427 1.210635526973574
414 424 -1.3959339919795308
386 445 -0.618143736811748
401 430 1.124638707269666
430 439 1.0022628750411067
402 423 1.0022628750411067
374 445 -4.43612156009328
397 426 -0.17945749696390423
371 436 2.368217406966919
382 423 0.4347078707200993
393 462 -1.0022630255891705
0 436 -5.53733426701854
408 462 -0.7580155848378691
382 427 1.6908566753683048
393 428 3.4370554399806776
416 445 3.10674997290245
374 429 3.2060450031958343
313 436 1.188767543534301
407 428 0.7401648358628796
414 435 -0.3860227795812654
412 424 -4.145152083743929
401 425 0.5336849977291656
422 433 -2.418966560561031
385 431 2.31951701078773
410 431 0.3058452631148958
397 442 -0.9825428039459942
426 442 -0.007781779532672672
359 433 1.6615501074318497
374 442 -2.5274489963885465
417 434 0.9053573740495944
367 434 0.1168571278983801
392 440 -2.5274489963885465
385 437 -0.6872706606037844
410 438 0.369896870073811
392 419 -4.43612156009328
428 462 -0.8490927706325437
431 437 -1.8144600365838361
429 445 -5.53733426701854
422 432 1.6615501074318497
419 443 -2.8534722097520193
429 441 2.4719660016221714
374 446 0.5336849977291656
423 443 -3.43705550120135
392 443 2.4719660016221714
414 440 2.7803933118077264
431 438 -0.305845384176723
413 438 -4.844202616288199
441 446 2.5274488884529975
442 446 -1.7207670712436016
423 449 -4.844202616288199
443 449 2.418966462073592
412 444 1.1457782142804072
381 385 -1.690856787854381
407 444 -4.844202616288199
381 437 -5.53733426701854
417 433 0.19515760538251437
414 454 0.369896870073811
401 439 3.3153580262671256
340 455 0.6872705278045488
433 434 0.4347078707200993
422 447 -1.371652884404361
433 447 1.8471390342477205
433 451 1.6328169387983074
427 448 -0.635285935274005
416 453 2.5856857384930256
434 451 1.188767543534301
382 448 1.347717671142901
424 444 -4.145152083743929
425 442 -2.1012697910023577
422 457 -1.986327866288225
407 456 -0.13248112001244716
447 457 1.6328169387983074
367 448 1.3959338990403656
428 456 -0.24241052705099042
420 453 1.2778513804684322
425 439 1.232765242543629
313 450 1.188767543534301
436 450 2.023523983245292
414 452 -0.25821891342749526
435 452 2.101269714871794
432 457 -1.6615502176829433
447 451 1.210635526973574
382 449 -1.8144600365838361
452 454 -3.2060451019615273
414 452 -0.5672302300910688
340 467 -0.17945749696390423
424 452 -2.1012697910023577
455 467 3.574453703354731
382 461 -4.43612156009328
392 458 -2.7803933790295874
0 432 -3.0157253387444354
449 461 2.7117470592609445
440 458 2.2726891994400433
375 462 0.38602265684584536
439 467 -0.21088196663715686
440 459 1.72076695640305
367 451 -0.3860227795812654
448 461 -4.145152083743929
432 473 -3.0157253387444354
451 460 1.6615501074318497
448 464 -4.145152083743929
461 464 1.6615501074318497
443 458 -2.4719661045957224
439 465 3.7324082779400585
0 450 -3.43705550120135
457 473 1.0022628750411067
367 460 1.2778513804684322
432 478 -2.7117471225450083
449 458 -1.420575958424365
424 474 -4.43612156009328
429 463 2.5274488884529975
441 463 2.0618119072200103
0 478 -1.8806142848807943
414 459 0.274059332246233
444 474 2.5274488884529975
425 465 0.7047961364960313
440 466 -0.6872706606037844
446 463 2.368217406966919
447 460 0.9053573740495944
367 464 -3.9184428135768994
459 466 0.274059332246233
416 429 -5.53733426701854
367 469 -4.145152083743929
464 469 2.2726891994400433
357 462 -1.5230824363372633
357 470 -1.0022630255891705
442 471 1.0830275858277314
462 470 -0.22663222628581936
446 471 0.023345926266394867
425 471 -1.2551670218420983
447 468 0.8677032967963991
460 468 2.646993557188065
406 470 0.08565016394454328
458 466 -0.9436227297103521
367 476 -2.8534722097520193
458 472 1.188767543534301
381 470 -0.21088196663715686
381 479 0.40219817433836536
457 468 1.232765242543629
469 476 2.646993557188065
466 472 0.6872705278045488
456 462 -0.36989699244014895
437 479 -2.0618119810484816
416 420 0.8490926297285697
473 478 0.9053573740495944
460 476 -1.420575958424365
465 467 0.35381849771398977
456 475 2.418966462073592
411 483 -0.7401649710893459
420 483 3.9184427168471876
455 497 2.101269714871794
454 459 -1.042255157127819
462 475 0.9629978960423582
470 479 1.0625402297313233
0 500 -2.8534722097520193
460 480 -1.4968294629075651
464 477 -1.8806142848807943
461 477 -3.0157253387444354
449 502 -1.2778514672160726
458 502 -0.32179504083642385
459 485 2.31951701078773
313 500 -3.732408358890588
476 480 1.9501526258096291
449 477 0.242410407030617
407 474 -4.844202616288199
416 483 3.015725255756913
429 446 4.436121480203944
431 481 0.7940688968903633
466 485 -2.4719661045957224
437 481 -0.9825428039459942
438 481 -0.038913137770452355
469 477 -0.8306198826413334
462 492 -1.7207670712436016
471 482 -0.07006336313715722
468 480 -2.5856858519456853
407 475 -0.4674454634335292
446 482 3.574453703354731
425 482 5.537334267018537
468 484 -2.6469936768108107
480 484 1.445594446330888
407 487 -0.6698460476628039
462 488 -0.305845384176723
474 487 0.03891301945135828
488 492 0.5336849977291656
470 488 -0.8490927706325437
472 493 3.015725255756913
472 486 -0.4184259027266788
466 486 1.604628978813839
424 498 -1.1037246319352672
462 503 -1.420575958424365
470 489 0.5004307185850176
477 502 -2.023524054927849
486 493 1.0022628750411067
485 486 -1.0625403846496646
474 498 1.2551669361900215
492 503 2.7117470592609445
488 489 1.2778513804684322
457 484 -0.22663222628581936
425 490 2.141984057957801
473 484 -3.5744537730315336
472 502 -2.0618119810484816
479 489 -2.5274489963885465
416 446 -5.53733426701854
475 487 2.184051378192568
438 494 -0.08565028243590467
493 502 -1.5230824363372633
475 503 -1.420575958424365
413 494 0.9244109312539295
465 490 -2.2726892867301896
0 510 -2.0618119810484816
477 491 1.9149341938214999
416 504 -0.9436227297103521
500 510 1.0830275858277314
446 504 -4.844202616288199
467 497 2.184051378192568
478 484 -2.319517101482562
415 494 0.007781661256567096
465 505 3.4370554399806776
467 505 0.4674453385798212
469 491 -0.17945749696390423
479 481 1.347717671142901
481 494 2.368217406966919
479 507 -0.533685124626992
494 496 0.6181436068748636
415 496 -0.8306198826413334
476 484 -0.305845384176723
476 491 -0.7580155848378691
491 502 -2.5856858519456853
487 503 -0.9244110766470177
489 507 0.5841188470777665
484 501 1.471006361575077
476 501 0.40219817433836536
476 513 -3.5744537730315336
491 513 -3.3153581355547077
488 499 3.574453703354731
411 496 -0.19515772478657212
467 495 2.7803933118077264
489 499 -0.17945749696390423
424 514 -0.7047962700763302
452 514 2.101269714871794
495 497 0.023345926266394867
483 504 0.242410407030617
483 496 -0.9629980439232386
481 507 -2.2726892867301896
425 465 1.5769599644200505
505 508 1.9501526258096291
496 504 -0.4839058740936957
465 508 2.141984057957801
0 484 -2.1840514594677467
501 509 2.101269714871794
476 509 -0.7401649710893459
493 506 3.10674997290245
494 507 -1.5497854889223055
509 513 -3.9184428135768994
502 506 -1.0221649697100497
474 503 -3.9184428135768994
459 486 0.023345926266394867
425 508 2.31951701078773
486 511 1.445594446330888
497 512 2.646993557188065
493 511 -1.3477177614522067
484 520 -2.1840514594677467
484 534 -1.914934325902037
494 515 -1.2106356105583946
495 512 -0.07006336313715722
0 520 -2.9316434205780437
501 534 -2.5274489963885465
459 511 0.1637791782871667
507 515 3.2060450031958343
496 515 -0.36989699244014895
454 514 -1.324114566604422
498 503 -1.60462908492035
496 519 -0.5504199144331001
492 499 0.7401648358628796
515 519 0.6010889981175147
498 514 1.0221648177565306
504 523 0.08565016394454328
484 528 -1.6615502176829433
520 528 0.652518806521984
528 534 1.188767543534301
496 532 1.4968293639808472
504 516 -4.43612156009328
446 516 2.7803933118077264
425 505 3.4370554399806776
519 532 0.07006324471763459
510 536 1.0625402297313233
0 536 -0.7401649710893459
498 530 -1.6328170469254393
496 523 -2.368217501379304
495 525 0.6010889981175147
512 525 2.2275794437459226
459 514 0.1481210376275779
503 530 3.574453703354731
500 545 -1.7207670712436016
500 526 0.7224263377855422
510 526 0.1794573777347761
511 517 1.0830275858277314
459 517 -0.305845384176723
503 521 -0.8306198826413334
492 521 -0.8490927706325437
492 518 -3.106750063060895
499 518 -1.751313725733529
499 522 -2.0618119810484816
489 522 -0.4510470176203887
425 524 3.9184427168471876
313 545 2.7117470592609445
518 521 -0.6525189378391278
518 522 1.0022628750411067
523 532 -1.9501526936104758
467 525 3.9184427168471876
459 529 0.6872705278045488
459 527 2.368217406966919
504 546 2.101269714871794
493 517 0.45104689322786395
517 529 1.8144599138640842
514 527 1.445594446330888
523 546 0.7401648358628796
482 516 2.646993557188065
507 531 0.982542654754837
527 529 2.5274488884529975
507 522 0.8490926297285697
425 467 -0.8306198826413334
514 530 -3.3153581355547077
522 531 1.1671515377428254
514 538 -1.9501526936104758
526 545 -2.418966560561031
526 536 -1.1457782950449733
530 538 1.9501526258096291
482 524 0.3058452631148958
518 535 -1.8806142848807943
531 533 0.9436225830949259
507 533 0.19515760538251437
482 539 3.7324082779400585
524 539 3.2060450031958343
518 541 -2.8534722097520193
521 541 -1.3477177614522067
535 541 -0.618143736811748
522 540 0.08565016394454328
467 537 1.9149341938214999
516 546 -4.43612156009328
425 537 0.6872705278045488
522 535 -1.7207670712436016
531 540 0.1637791782871667
522 542 -1.986327866288225
535 542 2.418966462073592
540 542 1.0022628750411067
531 548 -0.36989699244014895
507 550 -2.6469936768108107
540 548 3.7324082779400585
533 550 -0.24241052705099042
545 551 2.101269714871794
526 551 0.21088184704301205
515 543 0.2899341161553104
515 544 -0.6698460476628039
519 544 -1.5230824363372633
543 550 -1.1246387871621042
543 544 1.3241144775306468
529 538 -3.732408358890588
527 538 -2.9316434205780437
531 557 0.48390574875928927
543 554 0.21088184704301205
532 544 0.5336849977291656
493 529 -0.7759822513321553
548 557 1.6615501074318497
550 554 2.101269714871794
493 538 -2.9316434205780437
533 557 0.35381849771398977
533 560 0.8306197427665889
550 560 1.6328169387983074
523 547 -0.6010891274007599
536 551 -3.0157253387444354
491 506 1.124638707269666
523 544 -1.1457782950449733
530 549 -1.5769600686022973
503 549 -2.8534722097520193
521 549 1.2778513804684322
521 556 -0.0544849469084292
541 559 -3.732408358890588
541 556 0.7940688968903633
535 559 -2.9316434205780437
544 547 -1.083027742309897
546 547 1.210635526973574
516 539 1.72076695640305
513 555 -0.533685124626992
539 553 3.015725255756913
491 555 0.369896870073811
542 559 -4.43612156009328
541 552 3.3153580262671256
506 538 -2.023524054927849
524 553 0.41842577919951873
506 558 -1.4455945421327967
538 558 4.145152023550564
548 563 2.8534721380276795
425 467 -1.986327866288225
557 563 3.4370554399806776
509 555 0.5004307185850176
552 559 -4.43612156009328
538 549 -1.986327866288225
544 599 0.8864565510992328
425 564 1.3716527928075883
467 564 1.72076695640305
547 571 -1.0221649697100497
546 571 -0.5170230248961472
524 561 0.7580154487445683
425 561 2.7803933118077264
542 548 1.188767543534301
516 553 3.2060450031958343
491 558 -3.3153581355547077
549 567 2.8534721380276795
521 567 -0.8864566941706382
544 570 0.8490926297285697
544 568 -2.5856858519456853
547 568 0.07006324471763459
556 567 -2.9316434205780437
543 599 -0.21088196663715686
570 599 4.145152023550564
551 574 -3.2060451019615273
538 573 -4.844202616288199
549 573 2.101269714871794
536 574 -0.27405945275533616
555 558 -1.042255157127819
568 570 -1.371652884404361
568 571 1.6328169387983074
0 574 -1.751313725733529
534 562 -1.986327866288225
501 562 1.8144599138640842
538 566 -1.1246387871621042
549 569 -1.1457782950449733
553 561 -0.7047962700763302
534 565 0.6698459156176995
528 565 2.4719660016221714
562 565 0.3058452631148958
566 573 1.124638707269666
520 565 -0.6010891274007599
543 550 -1.371652884404361
520 572 -0.5504199144331001
565 572 0.19515760538251437
555 577 -0.722426472174637
569 579 3.7324082779400585
549 579 -2.023524054927849
558 577 2.8534721380276795
0 572 -1.420575958424365
509 577 -3.732408358890588
501 577 -1.6328170469254393
567 579 -2.368217501379304
557 560 -3.3153581355547077
516 571 -5.53733426701854
538 586 -2.418966560561031
425 576 3.3153580262671256
564 576 1.8144599138640842
566 586 1.6328169387983074
541 559 -2.5274489963885465
538 585 -2.22757952790676
560 575 1.1671515377428254
585 586 3.10674997290245
557 575 -1.8806142848807943
550 575 3.10674997290245
0 593 -5.53733426701854
538 589 -3.0157253387444354
567 581 2.2726891994400433
553 576 1.0022628750411067
561 576 2.2275794437459226
564 578 2.141984057957801
574 593 -3.106750063060895
562 577 -1.60462908492035
585 589 1.5230823357393546
579 581 -2.5274489963885465
543 575 -1.0022630255891705
576 578 4.436121480203944
313 551 -2.5856858519456853
0 603 -5.53733426701854
572 603 -3.106750063060895
562 584 0.6010889981175147
558 589 -3.43705550120135
566 587 -0.007781779532672672
541 596 1.5230823357393546
559 596 -2.9316434205780437
313 574 -4.145152083743929
565 584 0.023345926266394867
577 584 -0.8490927706325437
569 573 -1.4968294629075651
467 578 -0.5672302300910688
565 583 0.07006324471763459
558 580 0.6010889981175147
553 582 4.145152023550564
593 603 0.5336849977291656
583 584 -1.751313725733529
580 589 -0.4674454634335292
573 587 -3.43705550120135
542 596 2.023523983245292
553 571 -4.844202616288199
574 603 -3.732408358890588
572 588 0.023345926266394867
313 603 0.982542654754837
556 591 0.40219817433836536
541 591 -1.0022630255891705
565 588 0.5004307185850176
548 557 1.4205758640846524
576 582 2.184051378192568
558 597 -3.43705550120135
575 592 1.0022628750411067
575 590 1.5497853865743236
580 597 0.9053573740495944
590 592 -0.6698460476628039
577 594 0.45104689322786395
577 597 -2.4719661045957224
586 587 -0.867703438765498
557 592 -3.732408358890588
567 595 0.4347078707200993
594 597 0.3058452631148958
581 595 0.982542654754837
556 595 -1.690856787854381
548 596 -0.17945749696390423
573 579 -0.9053575182618498
580 601 0.369896870073811
588 603 -4.844202616288199
568 599 -3.5744537730315336
583 598 1.3008299128497565
584 598 -1.690856787854381
577 602 -3.0157253387444354
595 606 1.880614156109223
565 598 0.369896870073811
584 602 2.101269714871794
594 602 0.023345926266394867
581 606 0.22663210648628773
553 576 2.368217406966919
588 600 0.7047961364960313
586 589 0.45104689322786395
600 603 -5.53733426701854
565 600 0.9436225830949259
597 601 -3.43705550120135
589 601 -2.5274489963885465
589 604 1.0022628750411067
575 608 2.0618119072200103
576 607 2.0618119072200103
601 604 -2.023524054927849
590 608 1.3716527928075883
579 606 -2.5274489963885465
543 608 -2.22757952790676
578 607 2.141984057957801
594 609 0.38602265684584536
573 605 1.124638707269666
597 609 -3.3153581355547077
541 556 1.0625402297313233
602 609 -3.9184428135768994
571 599 -1.3477177614522067
553 607 4.844202556684481
467 607 5.537334267018537
587 605 -1.3477177614522067
600 611 0.9436225830949259
600 610 -0.038913137770452355
565 610 2.4719660016221714
610 611 0.7580154487445683
598 610 -0.023346044556825873
579 605 -1.751313725733529
584 613 0.7401648358628796
584 614 0.33778526158074773
603 611 -5.53733426701854
598 613 -2.6469936768108107
613 614 0.3217949194737102
604 612 2.5274488884529975
602 614 -0.14812115655181013
603 622 2.101269714871794
541 615 -3.9184428135768994
596 615 -3.732408358890588
313 622 3.9184427168471876
589 612 0.7759821143416219
596 620 -5.53733426701854
548 620 -4.145152083743929
548 618 -3.9184428135768994
571 590 -3.3153581355547077
571 623 -3.732408358890588
615 620 0.6352858046593717
618 620 2.2726891994400433
590 623 -1.4455945421327967
553 623 1.8471390342477205
586 617 1.3008299128497565
557 618 -0.618143736811748
601 612 -2.1840514594677467
587 617 -0.5504199144331001
603 685 1.232765242543629
541 595 -3.106750063060895
557 590 0.6872705278045488
611 685 -5.53733426701854
589 617 0.10124748840924536
595 615 0.6698459156176995
597 616 1.347717671142901
601 616 -1.914934325902037
612 621 1.6908566753683048
612 619 -0.13248112001244716
589 619 1.8471390342477205
619 621 1.347717671142901
617 619 0.9053573740495944
543 590 2.368217406966919
609 616 -0.9825428039459942
579 626 -0.6872706606037844
607 624 4.145152023550564
606 626 0.6352858046593717
557 625 -1.0221649697100497
590 599 -0.6698460476628039
618 625 2.141984057957801
467 624 2.0618119072200103
590 625 1.2778513804684322
467 630 2.141984057957801
622 685 0.7759821143416219
525 630 1.604628978813839
617 628 1.8471390342477205
615 627 1.3959338990403656
607 623 2.5274488884529975
587 628 -1.4710064589046166
467 629 3.2060450031958343
619 628 2.023523983245292
605 626 1.347717671142901
620 627 -0.14812115655181013
624 629 2.0618119072200103
640 685 3.574453703354731
612 619 1.2551669361900215
618 632 0.5504197869721676
601 619 -1.2778514672160726
625 632 -0.038913137770452355
590 631 0.7047961364960313
623 631 -1.986327866288225
624 636 1.3241144775306468
605 628 1.3716527928075883
620 632 1.3716527928075883
595 634 -1.4455945421327967
620 644 1.6615501074318497
590 632 0.5004307185850176
590 641 0.8864565510992328
615 634 -2.6469936768108107
632 644 2.368217406966919
607 636 1.2551669361900215
595 652 -3.0157253387444354
616 619 1.5769599644200505
606 652 -2.5856858519456853
634 652 3.574453703354731
626 651 -0.5841189757308616
615 635 -2.22757952790676
611 640 -4.43612156009328
602 613 -0.40219829746062086
651 652 2.101269714871794
634 635 0.22663210648628773
623 636 0.22663210648628773
629 636 0.9629978960423582
613 633 2.141984057957801
626 643 -1.5497854889223055
627 635 -1.847139159904398
590 663 0.007781661256567096
590 648 -0.007781779532672672
602 633 1.8471390342477205
643 651 2.7117470592609445
632 663 2.646993557188065
641 648 -0.2899342369326745
631 648 3.3153580262671256
611 646 -1.1037246319352672
611 637 -4.43612156009328
610 637 0.33778526158074773
598 638 1.3241144775306468
613 638 -0.6872706606037844
605 642 -2.22757952790676
626 647 -1.4968294629075651
627 639 1.72076695640305
620 639 1.604628978813839
640 646 -4.844202616288199
602 616 1.8471390342477205
642 647 2.2275794437459226
643 647 3.015725255756913
639 644 2.5274488884529975
641 663 2.5856857384930256
623 649 0.9244109312539295
636 649 3.015725255756913
637 646 2.31951701078773
637 638 -0.25821891342749526
633 638 0.5504197869721676
635 639 -0.6872706606037844
605 661 -2.2726892867301896
642 661 1.8471390342477205
619 653 -1.5497854889223055
628 653 -2.319517101482562
605 653 -2.1012697910023577
653 661 1.232765242543629
619 656 -0.9053575182618498
636 645 2.8534721380276795
653 656 0.4347078707200993
629 630 -1.914934325902037
650 685 2.7803933118077264
616 660 -1.2327653271421226
619 660 -0.618143736811748
619 665 -1.5230824363372633
640 650 2.7803933118077264
656 665 1.0022628750411067
602 658 -2.4719661045957224
616 659 -1.1246387871621042
653 670 1.5230823357393546
635 654 -1.60462908492035
633 658 -1.371652884404361
602 659 -2.1840514594677467
660 665 1.445594446330888
656 670 0.5336849977291656
616 668 -0.5170230248961472
639 655 2.368217406966919
658 659 1.0830275858277314
659 668 2.141984057957801
660 668 1.0830275858277314
639 654 -0.6010891274007599
645 649 4.145152023550564
634 654 -1.6615502176829433
654 655 -0.5004308444200505
623 648 -2.319517101482562
629 645 1.8144599138640842
637 664 -2.1840514594677467
638 664 0.7580154487445683
633 664 -1.3959339919795308
633 677 1.2551669361900215
660 669 1.8144599138640842
632 667 3.9184427168471876
664 677 -1.7207670712436016
658 677 -0.7047962700763302
668 669 0.9436225830949259
644 655 3.2060450031958343
642 662 1.6615501074318497
646 657 0.2899341161553104
637 657 1.7825318837304605
634 666 0.3058452631148958
623 671 0.9244109312539295
649 671 0.982542654754837
654 666 0.7759821143416219
630 673 -0.7401649710893459
661 662 0.2582187931706581
642 643 0.8122799937741847
655 666 -1.3008300007371676
630 676 -0.40219829746062086
525 676 -1.60462908492035
640 657 -4.145152083743929
657 664 -2.023524054927849
648 771 0.6698459156176995
648 674 2.7803933118077264
623 674 -1.2106356105583946
645 672 0.5841188470777665
673 675 -0.10124760698692858
630 675 -1.3477177614522067
641 771 -0.6872706606037844
671 674 0.007781661256567096
629 672 -0.24241052705099042
629 673 -0.722426472174637
675 676 -0.038913137770452355
632 680 1.0221648177565306
629 681 -0.353818619728701
649 672 0.7047961364960313
673 681 3.3153580262671256
657 686 0.21088184704301205
664 686 1.9149341938214999
652 679 -1.8806142848807943
651 679 -1.5769600686022973
662 678 -1.1887676261434261
642 678 -1.690856787854381
667 680 1.5497853865743236
659 682 -0.6010891274007599
671 683 1.0625402297313233
671 689 0.8490926297285697
649 689 -0.13248112001244716
676 684 0.6010889981175147
674 683 1.0830275858277314
675 684 1.3959338990403656
657 716 -0.635285935274005
642 691 0.982542654754837
666 687 0.13248100121840833
640 716 -2.5274489963885465
678 691 -0.17945749696390423
672 681 1.8471390342477205
666 693 2.141984057957801
655 688 -2.1012697910023577
655 695 1.9149341938214999
673 684 -0.11685724657693086
313 685 1.1457782142804072
687 693 -0.5170230248961472
666 688 -0.5004308444200505
644 695 1.72076695640305
681 684 1.5230823357393546
658 753 1.3959338990403656
659 753 0.10124748840924536
659 696 1.5769599644200505
679 692 -0.6698460476628039
679 697 -0.8122801326543725
652 697 0.40219817433836536
686 716 -3.9184428135768994
677 753 2.368217406966919
682 753 0.9629978960423582
682 696 0.5170228985401271
651 692 0.33778526158074773
634 697 0.6352858046593717
687 688 0.3217949194737102
688 695 -0.5004308444200505
686 690 0.38602265684584536
643 691 -0.13248112001244716
664 690 -0.4839058740936957
648 683 -0.038913137770452355
683 689 1.188767543534301
672 689 0.5841188470777665
632 706 0.982542654754837
648 694 0.3058452631148958
692 697 1.986327796610479
683 694 1.986327796610479
650 715 -1.9501526936104758
640 715 -1.3477177614522067
659 708 0.7401648358628796
668 702 1.1457782142804072
669 702 -0.17945749696390423
660 709 -0.4839058740936957
665 709 -2.6469936768108107
665 703 -1.3959339919795308
656 703 0.8864565510992328
670 704 -0.07006336313715722
653 704 0.13248100121840833
661 710 -0.36989699244014895
691 705 1.471006361575077
643 712 -1.2778514672160726
651 713 -0.023346044556825873
667 698 -0.24241052705099042
680 699 0.1637791782871667
632 699 0.7759821143416219
663 707 2.5856857384930256
641 707 0.9629978960423582
648 700 0.8677032967963991
685 715 -2.368217501379304
715 716 -1.0022630255891705
696 708 2.5856857384930256
702 708 2.4719660016221714
660 702 -0.353818619728701
703 704 2.184051378192568
661 704 -0.8122801326543725
662 710 2.93164334365634
662 691 3.015725255756913
705 712 3.7324082779400585
643 713 -1.4710064589046166
666 697 1.5769599644200505
680 698 -1.1457782950449733
661 730 -2.0618119810484816
632 698 1.347717671142901
699 706 2.101269714871794
632 733 0.19515760538251437
663 733 -0.22663222628581936
689 721 -0.5672302300910688
672 721 -0.25821891342749526
676 701 -0.6698460476628039
702 709 2.7803933118077264
703 709 1.6328169387983074
704 730 3.9184427168471876
710 730 3.9184427168471876
712 713 2.368217406966919
692 713 3.10674997290245
698 699 0.3217949194737102
694 700 0.6698459156176995
684 701 0.369896870073811
687 714 -0.07006336313715722
688 714 0.1481210376275779
672 725 -2.368217501379304
681 725 -2.4719661045957224
696 753 1.9501526258096291
706 733 3.9184427168471876
707 733 1.3241144775306468
641 727 1.880614156109223
684 723 -1.3008300007371676
707 727 4.145152023550564
721 725 -3.2060451019615273
701 723 -0.3860227795812654
685 722 2.7117470592609445
644 724 2.5856857384930256
632 724 1.3241144775306468
683 720 -1.914934325902037
681 728 -0.9629980439232386
695 714 -0.21088196663715686
698 724 0.08565016394454328
700 771 -2.6469936768108107
689 720 1.6615501074318497
684 728 -1.0625403846496646
690 717 0.8490926297285697
664 711 2.4719660016221714
698 706 3.10674997290245
686 717 0.4674453385798212
711 717 0.1168571278983801
725 728 4.844202556684481
723 728 2.368217406966919
691 726 0.9244109312539295
697 719 1.7825318837304605
700 720 3.015725255756913
694 720 -0.10124760698692858
705 726 3.10674997290245
666 719 1.103724552883528
703 718 1.72076695640305
727 733 3.9184427168471876
701 775 2.141984057957801
677 711 -1.986327866288225
709 718 1.5497853865743236
703 730 2.368217406966919
662 726 1.3959338990403656
692 719 0.242410407030617
693 719 1.6328169387983074
693 714 -1.5497854889223055
706 724 0.1481210376275779
715 722 -2.4719661045957224
720 721 1.210635526973574
708 753 2.646993557188065
702 718 2.4719660016221714
718 730 2.2726891994400433
719 729 3.2060450031958343
714 738 1.6615501074318497
693 729 -0.08565028243590467
693 738 -1.5497854889223055
692 712 1.9149341938214999
693 731 3.9184427168471876
720 732 3.574453703354731
701 737 0.19515760538251437
712 719 0.6010889981175147
729 731 0.9244109312539295
737 775 -0.305845384176723
641 733 -0.5504199144331001
641 734 3.7324082779400585
712 729 1.5497853865743236
733 734 2.101269714871794
734 771 0.6181436068748636
695 738 -2.1012697910023577
723 735 0.8490926297285697
708 718 1.188767543534301
712 726 0.8490926297285697
644 738 -5.53733426701854
701 735 1.2778513804684322
706 736 3.7324082779400585
728 735 1.471006361575077
722 744 -1.60462908492035
662 712 0.19515760538251437
700 732 2.7117470592609445
715 744 2.418966462073592
710 712 2.7117470592609445
724 736 -1.324114566604422
732 771 -2.319517101482562
721 732 2.101269714871794
729 739 2.2726891994400433
725 732 -1.042255157127819
731 739 1.3959338990403656
742 753 1.2778513804684322
725 740 -0.7580155848378691
728 740 -0.7759822513321553
708 742 -0.36989699244014895
716 745 -0.0544849469084292
686 745 1.1457782142804072
717 747 -0.5004308444200505
711 748 -1.690856787854381
677 748 0.7940688968903633
718 742 -0.0544849469084292
711 747 -1.4968294629075651
722 749 -2.7117471225450083
686 747 -0.618143736811748
725 743 0.7580154487445683
740 743 1.986327796610479
735 741 0.2582187931706581
701 741 -0.8122801326543725
737 741 2.93164334365634
685 749 -1.7825320036768968
745 747 1.6908566753683048
747 748 1.880614156109223
712 739 0.41842577919951873
735 740 -0.4184259027266788
722 750 -1.7207670712436016
748 753 0.4674453385798212
730 742 0.21088184704301205
725 746 -1.2327653271421226
744 750 1.1671515377428254
732 746 4.844202556684481
743 746 -3.106750063060895
685 772 0.7580154487445683
730 753 2.4719660016221714
749 772 -0.4184259027266788
749 750 0.8306197427665889
710 753 -0.305845384176723
712 754 1.7513136084096503
712 753 -0.533685124626992
739 754 -0.27405945275533616
712 760 -0.7940690348095123
753 760 1.8471390342477205
746 771 -0.7940690348095123
741 775 -1.371652884404361
740 755 0.8122799937741847
754 760 1.72076695640305
644 736 0.274059332246233
741 755 0.007781661256567096
744 751 3.9184427168471876
743 755 1.347717671142901
750 751 3.7324082779400585
716 758 0.982542654754837
716 756 -0.24241052705099042
748 752 2.4719660016221714
741 757 2.2726891994400433
749 751 1.986327796610479
744 758 -0.305845384176723
745 756 -0.13248112001244716
752 753 -0.5004308444200505
757 775 -0.25821891342749526
746 759 4.844202556684481
756 758 1.0022628750411067
759 771 -1.4968294629075651
745 762 0.6872705278045488
747 762 1.2551669361900215
748 762 1.124638707269666
754 766 3.7324082779400585
739 766 -0.21088196663715686
731 761 2.31951701078773
693 761 1.2778513804684322
755 764 1.5230823357393546
741 764 -0.11685724657693086
757 764 1.3008299128497565
752 762 2.7117470592609445
743 759 -3.9184428135768994
756 762 1.103724552883528
731 766 -1.083027742309897
755 759 -4.844202616288199
753 763 1.6908566753683048
733 771 2.5274488884529975
753 762 -2.023524054927849
738 766 0.6872705278045488
706 767 1.210635526973574
706 780 1.2778513804684322
733 780 1.0625402297313233
755 765 0.5841188470777665
761 766 0.3217949194737102
767 780 3.015725255756913
771 780 2.418966462073592
753 768 0.7224263377855422
706 769 0.8677032967963991
762 768 -0.2899342369326745
759 765 -2.319517101482562
764 765 1.103724552883528
751 772 0.33778526158074773
756 773 -0.14812115655181013
762 773 0.9053573740495944
738 782 0.08565016394454328
706 770 0.6698459156176995
758 773 1.8471390342477205
769 770 0.40219817433836536
767 769 0.8864565510992328
753 776 0.007781661256567096
760 763 -0.7580155848378691
738 786 -0.27405945275533616
736 770 1.604628978813839
768 776 1.6615501074318497
760 766 0.38602265684584536
766 786 2.368217406966919
744 772 1.1671515377428254
762 774 3.015725255756913
764 775 0.9244109312539295
762 777 1.9501526258096291
753 778 0.5170228985401271
763 778 -0.7940690348095123
644 779 1.3008299128497565
736 779 0.007781661256567096
768 777 0.4674453385798212
776 778 1.3008299128497565
770 779 0.982542654754837
782 786 3.4370554399806776
763 766 1.5497853865743236
759 788 -0.8306198826413334
759 789 -0.7401649710893459
744 773 -0.867703438765498
774 777 1.9501526258096291
779 782 -3.9184428135768994
771 788 3.10674997290245
788 789 4.145152023550564
768 781 2.7117470592609445
769 780 1.6908566753683048
759 792 -1.60462908492035
764 784 0.5004307185850176
777 781 -0.305845384176723
765 792 0.45104689322786395
765 784 -1.0625403846496646
768 785 0.3217949194737102
770 780 1.9149341938214999
764 787 -0.9244110766470177
773 774 -1.2778514672160726
781 785 1.0422550037182607
789 792 -0.40219829746062086
784 787 3.3153580262671256
784 792 0.274059332246233
775 787 -2.0618119810484816
778 783 2.31951701078773
771 790 3.574453703354731
776 785 -0.533685124626992
776 783 1.3716527928075883
779 780 1.0022628750411067
776 791 0.369896870073811
785 791 2.368217406966919
774 793 3.015725255756913
776 794 0.2899341161553104
776 795 -1.1246387871621042
763 796 -3.732408358890588
773 793 -4.145152083743929
791 794 1.6615501074318497
794 795 1.72076695640305
778 796 -0.007781779532672672
780 799 0.35381849771398977
777 793 -0.40219829746062086
783 795 -1.8806142848807943
795 797 1.471006361575077
783 797 -3.2060451019615273
763 798 -2.5856858519456853
796 798 1.347717671142901
781 807 1.6615501074318497
778 800 0.3058452631148958
763 801 -2.9316434205780437
789 802 1.8144599138640842
792 803 0.33778526158074773
784 803 -0.6872706606037844
785 807 0.5841188470777665
783 800 -1.4710064589046166
766 801 -1.2106356105583946
771 799 -0.27405945275533616
771 813 0.41842577919951873
771 805 1.0625402297313233
787 803 -2.9316434205780437
775 803 -0.32179504083642385
798 801 1.0422550037182607
799 813 0.6698459156176995
792 802 -1.083027742309897
780 809 -0.32179504083642385
790 804 0.7224263377855422
790 805 1.3959338990403656
797 800 0.07006324471763459
779 809 0.33778526158074773
799 809 1.347717671142901
804 813 2.4719660016221714
773 808 1.9149341938214999
786 801 -0.867703438765498
744 808 0.8864565510992328
777 807 0.38602265684584536
782 809 -1.60462908492035
804 805 3.574453703354731
788 805 1.3716527928075883
793 806 1.880614156109223
778 798 -0.11685724657693086
782 810 -1.8806142848807943
809 810 -2.0618119810484816
791 807 1.5769599644200505
794 807 -0.19515772478657212
802 803 -0.4839058740936957
778 801 1.188767543534301
782 811 -1.2327653271421226
801 811 0.982542654754837
810 811 -0.33778538326100627
810 821 2.101269714871794
805 816 -1.5230824363372633
788 816 -2.4719661045957224
789 817 0.5672301020452246
803 812 1.210635526973574
795 807 -0.33778538326100627
811 821 3.3153580262671256
816 817 0.652518806521984
793 815 1.8144599138640842
797 807 -2.9316434205780437
797 824 -3.9184428135768994
802 817 1.232765242543629
777 815 -0.9244110766470177
807 824 4.844202556684481
744 829 2.8534721380276795
800 824 1.188767543534301
804 814 1.5497853865743236
803 818 -0.0544849469084292
808 829 1.3241144775306468
812 818 1.6615501074318497
806 815 0.2899341161553104
800 820 1.604628978813839
804 823 0.7224263377855422
803 832 -0.24241052705099042
809 813 1.2778513804684322
813 823 2.101269714871794
803 817 -0.533685124626992
818 832 -0.3860227795812654
773 829 -1.167151619412428
806 819 1.4205758640846524
809 822 2.646993557188065
805 826 2.0618119072200103
812 827 1.2778513804684322
793 829 -5.53733426701854
815 819 1.2778513804684322
810 822 -1.6328170469254393
813 822 2.2726891994400433
814 823 2.141984057957801
803 827 1.0022628750411067
793 819 1.9501526258096291
810 839 1.0830275858277314
817 827 -0.6010891274007599
821 839 4.145152023550564
822 839 -1.9501526936104758
778 830 0.3058452631148958
813 825 2.7803933118077264
819 829 -4.844202616288199
800 830 4.145152023550564
818 827 -0.32179504083642385
800 834 0.07006324471763459
820 834 1.0830275858277314
801 821 2.368217406966919
813 828 2.141984057957801
816 831 2.368217406966919
824 834 4.844202556684481
816 826 -1.3477177614522067
817 831 2.5856857384930256
829 847 -4.844202616288199
777 833 1.124638707269666
800 834 0.9436225830949259
822 828 1.6328169387983074
819 847 1.124638707269666
807 833 0.8306197427665889
778 821 1.604628978813839
825 828 1.7513136084096503
804 826 -0.21088196663715686
826 831 -0.5672302300910688
827 832 2.4719660016221714
814 836 0.33778526158074773
804 836 1.3959338990403656
821 830 2.5274488884529975
823 836 0.9436225830949259
807 835 2.8534721380276795
834 842 4.844202556684481
822 843 -1.0221649697100497
823 825 1.8144599138640842
826 836 3.4370554399806776
817 837 0.2582187931706581
827 837 2.646993557188065
815 833 -0.6872706606037844
800 842 1.5497853865743236
839 843 -0.14812115655181013
825 836 4.844202556684481
744 840 4.436121480203944
827 851 3.4370554399806776
837 851 2.93164334365634
772 860 0.4674453385798212
744 841 1.3008299128497565
807 848 1.3008299128497565
824 838 4.145152023550564
828 844 -0.22663222628581936
828 845 0.2899341161553104
831 846 2.418966462073592
840 841 2.023523983245292
807 838 3.574453703354731
817 846 4.844202556684481
772 850 0.3058452631148958
744 850 1.880614156109223
807 849 3.9184427168471876
822 844 0.054484828546315534
832 851 1.3959338990403656
840 850 2.4719660016221714
835 848 0.7580154487445683
848 849 1.3959338990403656
843 844 1.232765242543629
844 845 1.3959338990403656
825 845 1.347717671142901
836 852 2.7803933118077264
826 852 1.0830275858277314
850 860 1.604628978813839
829 841 3.574453703354731
815 847 -0.533685124626992
846 852 -0.8306198826413334
807 854 1.5230823357393546
830 858 0.9053573740495944
849 854 2.8534721380276795
800 858 1.1671515377428254
851 853 4.145152023550564
821 858 -0.22663222628581936
821 864 -0.22663222628581936
825 844 0.5504197869721676
807 848 1.986327796610479
858 864 4.145152023550564
837 853 3.10674997290245
824 855 1.4968293639808472
839 861 0.6872705278045488
846 865 4.844202556684481
843 861 -2.319517101482562
825 843 -0.533685124626992
852 865 -0.4184259027266788
807 863 1.6908566753683048
843 859 0.38602265684584536
854 863 1.8471390342477205
839 864 -0.4347079946705643
825 859 3.9184427168471876
829 862 3.015725255756913
849 856 2.418966462073592
863 866 1.2778513804684322
807 866 1.0422550037182607
834 857 4.145152023550564
841 850 2.5856857384930256
848 856 1.880614156109223
854 856 2.8534721380276795
838 855 0.8306197427665889
834 855 -0.3860227795812654
861 864 -0.7759822513321553
815 867 1.188767543534301
841 862 3.574453703354731
847 862 -3.3153581355547077
847 867 0.07006324471763459
855 857 2.0618119072200103
833 867 0.2582187931706581
838 868 0.41842577919951873
807 868 0.652518806521984
833 869 0.9436225830949259
807 869 -0.9244110766470177
855 868 1.8471390342477205
867 869 -0.4839058740936957
807 870 -0.8864566941706382
837 851 3.4370554399806776
869 870 1.2551669361900215
859 861 -3.0157253387444354
859 872 -3.106750063060895
800 834 3.574453703354731
861 872 2.4719660016221714
860 881 2.418966462073592
850 881 2.0618119072200103
807 871 -0.6872706606037844
848 871 -2.8534722097520193
857 868 1.103724552883528
807 879 -2.1419841365639445
870 879 0.6872705278045488
871 879 -0.24241052705099042
856 871 -1.6328170469254393
847 875 0.7940688968903633
856 873 0.13248100121840833
862 875 -4.844202616288199
871 873 1.5230823357393546
867 876 1.4205758640846524
857 874 1.347717671142901
834 874 0.9053573740495944
847 876 -1.0221649697100497
869 877 0.5672301020452246
865 910 1.103724552883528
869 876 -2.6469936768108107
870 877 1.0022628750411067
834 878 2.184051378192568
841 885 -4.145152083743929
862 885 -4.844202616288199
873 882 -0.4510470176203887
856 882 -1.3477177614522067
861 891 0.5170228985401271
872 891 -0.6698460476628039
846 910 -0.305845384176723
850 885 -3.2060451019615273
876 877 -4.145152083743929
854 882 -1.6615502176829433
854 880 -0.4510470176203887
880 882 -2.0618119810484816
871 886 1.8471390342477205
817 910 -0.722426472174637
863 880 -0.4184259027266788
858 861 0.1637791782871667
861 889 3.10674997290245
873 886 1.445594446330888
889 891 4.436121480203944
852 910 -0.16377929735639296
832 837 2.418966462073592
850 884 -0.9436227297103521
884 885 -4.43612156009328
807 863 0.982542654754837
837 910 -0.8864566941706382
881 884 2.31951701078773
862 959 -1.5769600686022973
847 883 1.103724552883528
863 890 -1.2106356105583946
834 888 2.101269714871794
885 959 0.38602265684584536
875 883 0.19515760538251437
879 886 -0.24241052705099042
880 890 -0.19515772478657212
834 857 4.145152023550564
876 883 -1.2551670218420983
875 959 -2.4719661045957224
800 888 0.5336849977291656
807 890 -0.9825428039459942
859 891 1.5230823357393546
893 910 3.7324082779400585
837 893 -2.9316434205780437
882 886 -0.5504199144331001
877 887 1.124638707269666
876 887 -2.9316434205780437
870 887 2.023523983245292
807 894 -1.1037246319352672
861 897 -0.007781779532672672
890 894 4.436121480203944
868 894 -0.21088196663715686
858 897 0.5004307185850176
875 892 1.0422550037182607
883 892 1.5230823357393546
858 895 2.141984057957801
889 897 3.4370554399806776
876 892 -0.7580155848378691
894 899 1.3008299128497565
868 899 -0.08565028243590467
800 895 1.2551669361900215
825 891 3.3153580262671256
857 899 1.986327796610479
888 895 2.5856857384930256
834 896 1.2551669361900215
893 909 2.368217406966919
878 896 1.347717671142901
890 898 2.2275794437459226
890 900 1.8144599138640842
880 898 -1.8806142848807943
898 900 2.023523983245292
888 896 -0.023346044556825873
879 887 3.2060450031958343
895 896 1.3241144775306468
899 906 1.880614156109223
857 906 0.7047961364960313
884 959 -1.2551670218420983
887 903 3.015725255756913
880 901 3.015725255756913
876 903 -2.6469936768108107
898 901 -3.43705550120135
892 902 1.3241144775306468
876 905 1.232765242543629
834 906 0.242410407030617
875 902 1.880614156109223
902 905 -0.14812115655181013
903 905 -2.1012697910023577
882 901 -4.844202616288199
878 906 0.8864565510992328
894 904 3.574453703354731
858 908 1.5497853865743236
897 908 2.7803933118077264
825 889 2.7117470592609445
825 908 3.9184427168471876
896 906 1.3241144775306468
898 907 0.7401648358628796
900 907 1.6615501074318497
901 907 -3.43705550120135
836 910 3.2060450031958343
890 907 3.9184427168471876
899 904 0.19515760538251437
895 906 0.21088184704301205
895 908 1.5497853865743236
906 911 1.347717671142901
886 887 1.124638707269666
886 903 1.210635526973574
895 916 -0.6525189378391278
906 916 2.31951701078773
906 912 4.436121480203944
901 930 2.7117470592609445
882 930 1.6615501074318497
884 918 0.07006324471763459
825 917 -0.10124760698692858
836 917 0.5336849977291656
918 959 0.7047961364960313
899 911 -1.2778514672160726
910 917 3.10674997290245
895 914 1.6328169387983074
825 910 3.3153580262671256
914 916 -0.36989699244014895
910 917 1.2551669361900215
905 913 1.8471390342477205
903 913 -0.9244110766470177
902 913 2.4719660016221714
911 912 0.8306197427665889
903 915 0.982542654754837
913 915 -0.5504199144331001
912 916 0.5672301020452246
886 915 1.9149341938214999
907 930 1.1671515377428254
852 920 0.9053573740495944
886 930 5.537334267018537
908 914 2.368217406966919
910 920 -1.4968294629075651
910 920 1.8144599138640842
836 920 0.7580154487445683
875 921 -0.533685124626992
921 959 -1.9501526936104758
902 921 -0.4184259027266788
825 914 2.101269714871794
886 919 3.4370554399806776
915 919 0.5170228985401271
915 922 2.5274488884529975
919 922 -1.167151619412428
890 930 0.13248100121840833
899 924 1.3716527928075883
904 924 1.0625402297313233
894 930 1.6908566753683048
919 925 -0.19515772478657212
886 925 1.4968293639808472
917 923 2.93164334365634
926 930 3.574453703354731
886 926 0.6872705278045488
904 930 1.3008299128497565
911 924 1.1671515377428254
925 926 -0.14812115655181013
924 930 3.574453703354731
825 927 -0.6525189378391278
910 923 0.5672301020452246
902 959 -3.5744537730315336
914 927 2.31951701078773
914 930 3.9184427168471876
916 930 1.1457782142804072
825 929 0.5004307185850176
927 929 3.7324082779400585
912 930 2.5274488884529975
911 930 2.5856857384930256
910 929 3.3153580262671256
928 959 1.6615501074318497
881 918 -0.8864566941706382
902 928 -4.43612156009328
927 930 1.0422550037182607
930 931 1.3959338990403656
926 931 0.5170228985401271
881 959 -2.9316434205780437
902 932 3.4370554399806776
913 932 2.31951701078773
930 936 -0.5004308444200505
931 936 3.9184427168471876
915 932 0.3058452631148958
928 932 -4.844202616288199
922 932 3.015725255756913
930 933 3.4370554399806776
933 936 2.7803933118077264
917 934 3.574453703354731
923 934 4.436121480203944
910 934 4.145152023550564
928 935 -4.145152083743929
932 935 -0.7580155848378691
935 959 -1.2778514672160726
919 936 1.8471390342477205
922 936 4.145152023550564
909 910 -0.5672302300910688
925 936 2.5856857384930256
910 927 -0.5841189757308616
926 936 1.4968293639808472
922 937 3.9184427168471876
932 937 3.9184427168471876
910 933 1.5230823357393546
910 930 1.2778513804684322
927 942 3.9184427168471876
910 942 2.418966462073592
931 936 4.145152023550564
931 939 2.368217406966919
936 939 3.9184427168471876
935 938 -0.16377929735639296
932 938 2.8534721380276795
938 959 -2.9316434205780437
936 937 1.7513136084096503
936 940 3.574453703354731
937 940 5.537334267018537
930 942 4.145152023550564
920 943 3.7324082779400585
937 938 0.1481210376275779
910 943 3.7324082779400585
937 941 1.124638707269666
930 944 2.0618119072200103
938 941 1.6615501074318497
937 945 1.72076695640305
941 945 2.5856857384930256
910 936 2.4719660016221714
941 959 -1.1246387871621042
910 940 3.9184427168471876
910 946 4.145152023550564
945 947 1.880614156109223
937 947 0.13248100121840833
945 959 -0.7759822513321553
947 959 0.5004307185850176
910 936 2.7117470592609445
930 950 4.145152023550564
930 948 -0.4510470176203887
944 948 2.646993557188065
948 950 1.188767543534301
930 948 -0.5841189757308616
952 959 0.9436225830949259
936 949 2.31951701078773
910 949 1.9149341938214999
881 952 -0.6872706606037844
910 950 2.4719660016221714
937 951 0.22663210648628773
947 951 1.232765242543629
951 953 -0.32179504083642385
937 953 -0.5504199144331001
937 954 0.023345926266394867
940 954 3.015725255756913
910 955 3.4370554399806776
910 948 2.141984057957801
953 954 -0.17945749696390423
940 957 4.145152023550564
910 956 0.22663210648628773
955 956 0.8306197427665889
942 958 4.436121480203944
910 958 -0.2899342369326745
956 958 1.347717671142901
881 959 -0.4347079946705643
942 948 -1.1246387871621042
954 960 2.5856857384930256
940 960 3.2060450031958343
947 953 -0.9629980439232386
910 942 -0.4839058740936957
881 962 2.8534721380276795
910 957 2.7803933118077264
959 962 2.31951701078773
953 959 1.4968293639808472
954 959 -1.1457782950449733
942 961 3.4370554399806776
959 960 0.10124748840924536
910 961 1.1457782142804072
955 958 0.6181436068748636
940 959 -0.36989699244014895
957 959 -1.420575958424365
910 958 1.347717671142901
910 942 1.3241144775306468
910 963 3.9184427168471876
961 963 0.023345926266394867
942 963 2.5856857384930256
881 965 2.368217406966919
959 965 3.015725255756913
957 964 -0.07006336313715722
959 964 -0.618143736811748
910 964 2.368217406966919
910 966 3.4370554399806776
966 967 3.015725255756913
910 959 -2.22757952790676
910 967 1.0422550037182607
910 968 0.5672301020452246
966 968 0.5504197869721676
966 969 0.38602265684584536
968 969 -0.13248112001244716
967 969 0.6698459156176995
910 973 -1.0625403846496646
967 971 1.880614156109223
910 971 0.08565016394454328
959 973 0.274059332246233
910 972 1.9501526258096291
910 970 0.4347078707200993
968 970 0.40219817433836536
972 973 0.13248100121840833
910 974 3.10674997290245
969 970 0.4674453385798212
910 975 0.5170228985401271
971 975 0.9244109312539295
969 971 2.7117470592609445
910 976 2.101269714871794
969 974 1.8471390342477205
910 969 -0.7401649710893459
975 976 0.4347078707200993
910 973 -0.533685124626992
976 977 0.9244109312539295
910 977 0.10124748840924536
910 969 0.9629978960423582
910 969 -1.8144600365838361
910 979 1.1671515377428254
910 980 2.4719660016221714
969 980 0.3058452631148958
910 959 -1.042255157127819
969 975 0.1637791782871667
969 976 -1.042255157127819
910 978 2.2726891994400433
959 979 -0.4347079946705643
969 977 0.45104689322786395
977 978 1.5497853865743236
909 978 1.2551669361900215
910 982 2.184051378192568
910 959 1.3008299128497565
978 981 1.3241144775306468
969 982 0.48390574875928927
969 978 -0.618143736811748
969 981 2.141984057957801
909 981 0.22663210648628773
909 969 -0.4674454634335292
910 969 -0.24241052705099042
982 983 1.0422550037182607
969 983 1.1671515377428254
910 983 0.4347078707200993
910 984 2.5856857384930256
910 986 2.5856857384930256
969 986 2.7803933118077264
959 984 2.023523983245292
910 985 2.184051378192568
983 987 1.3008299128497565
985 987 2.2726891994400433
969 987 3.3153580262671256
910 959 1.3959338990403656
985 988 4.145152023550564
969 985 -0.08565028243590467
969 988 1.6908566753683048
959 989 -3.43705550120135
910 988 3.2060450031958343
959 990 2.93164334365634
910 990 2.368217406966919
910 969 1.9149341938214999
910 959 1.3008299128497565
959 991 -3.0157253387444354
959 993 -3.732408358890588
910 992 3.10674997290245
959 992 0.007781661256567096
959 994 0.40219817433836536
993 994 -1.2106356105583946
992 994 0.21088184704301205
959 994 -1.083027742309897
