MULTICUT
0 2 0.116857
0 12 1.30083
0 13 2.36264
0 15 6.03905
0 28 0.794069
0 32 0.55042
1 4 2.91347
1 9 3.73241
1 11 0.263432
1 16 11.9995
1 19 -0.910883
1 20 8.23546
1 23 0.905357
2 7 0.234071
2 12 6.2862
2 26 2.78039
2 28 0.943623
2 32 1.16715
2 41 3.6576
2 43 1.10468
3 4 0.175746
3 18 6.78639
4 11 0.922824
4 18 0.16797
4 19 -1.28809
4 22 2.24434
5 13 5.47583
5 14 0.869926
5 15 1.00907
5 18 13.073
5 27 0.213868
5 34 5.09789
5 36 3.10675
5 44 -4.8442
5 48 -3.01573
5 49 4.66048
5 55 -2.56262
5 62 4.13976
5 68 -1.72077
6 8 3.57445
6 9 -0.0274324
6 10 -0.110135
6 17 -0.826645
8 17 -3.10675
8 21 3.91844
8 25 4.57672
8 29 8.95401
8 54 2.10127
9 10 5.80701
9 20 4.02092
9 23 2.93164
9 24 -2.50527
9 29 0.328532
9 42 3.82151
9 66 -0.132045
9 76 -0.144999
10 17 0.11054
10 24 -2.34385
11 19 -1.05343
13 15 2.65351
14 18 7.15574
15 32 2.56857
15 33 6.25756
15 36 1.75131
15 44 -1.54979
16 19 -0.435315
16 20 1.61267
16 30 3.46597
16 35 6.62807
16 47 -0.107857
16 52 0.778179
17 21 -1.27785
17 24 -0.533685
18 22 4.32399
18 27 1.73288
18 34 6.28714
18 49 2.07779
19 22 -1.78563
19 27 -0.235341
19 30 -0.595338
19 31 -0.194374
20 23 0.483906
20 35 15.2718
20 42 2.74277
20 47 -0.15143
20 52 2.21716
20 59 4.44249
20 66 -0.159267
20 67 5.98158
20 72 0.101435
20 73 1.08308
20 89 9.4574
21 24 -0.451047
21 29 4.78509
22 27 4.61095
22 31 0.0857407
22 45 0.140769
24 29 -6.28046
25 29 1.60463
27 30 0.121203
27 31 0.817645
27 37 -0.819195
27 45 1.12288
27 49 1.12617
27 58 2.26803
27 69 1.70635
28 32 3.73241
29 40 5.95999
29 42 0.0207253
29 46 2.81682
29 51 5.07153
29 54 3.73987
29 57 0.759433
29 71 17.2655
29 76 0.536644
29 88 2.93164
30 31 0.888761
30 35 1.22712
30 38 1.52012
30 39 5.36706
30 45 0.745819
30 47 0.411515
30 52 -0.0126114
30 56 -0.453863
31 37 -0.440157
31 38 0.0250112
31 45 3.08228
31 65 0.146209
32 33 5.20727
32 41 2.85347
32 43 4.14515
32 48 0.0700023
32 50 5.27564
32 60 4.58605
32 61 4.80484
32 64 3.11502
32 75 -0.00691373
32 84 -0.0201466
32 85 2.6675
33 44 -0.715223
33 48 -0.0541002
33 53 -5.90902
33 60 1.60738
35 47 -0.108443
35 52 1.62162
36 44 -2.98478
37 45 -1.80302
38 39 0.986156
38 45 0.174924
38 56 -0.504061
38 65 0.0480559
39 47 1.69914
39 56 -1.11808
39 63 -0.151143
41 43 2.23698
42 66 -0.330243
42 67 0.847738
42 72 0.109159
42 76 -0.276243
43 61 0.46996
43 74 0.784169
43 77 4.5317
43 79 -0.0966798
44 48 0.0860487
45 56 -0.0368794
45 65 1.41793
45 69 5.92948
45 73 0.008229
45 130 0.0211192
47 52 -0.142352
47 63 -0.00956151
47 73 -1.79769
48 53 -0.152416
48 55 -5.54042
48 60 0.438072
49 58 -0.105173
49 62 7.51829
49 68 -1.88061
49 78 1.28857
49 80 2.11121
49 82 -0.153713
49 83 0.528651
49 86 0.219763
49 92 -0.165677
50 64 1.09519
50 75 0.394612
50 81 1.83534
50 85 0.977653
50 93 -0.304574
53 60 -2.49017
55 60 -2.97757
55 68 2.0775
55 78 -0.202463
55 85 -3.14484
55 92 0.0119863
55 94 0.0598532
55 96 -3.10675
55 103 -2.85347
55 105 -8.58127
56 63 -0.0215803
56 65 0.00185474
56 73 0.00393413
58 69 5.34184
58 83 -1.69401
58 86 -0.136068
59 67 1.54979
60 85 1.08529
61 64 0.147743
61 74 0.460015
61 75 -0.00691373
61 79 -0.0462544
61 84 -0.0105903
62 68 -1.81446
63 65 -0.01179
63 70 -0.0118007
63 73 -0.117726
64 75 1.39193
64 84 -0.00778715
65 69 1.3566
65 70 0.201969
65 73 9.17806
65 99 -0.195079
65 130 0.0272491
66 67 -0.487833
66 72 -0.647995
67 72 2.5183
67 76 -4.52358
67 89 0.0357492
67 91 0.214685
67 97 0.56723
68 78 -0.202463
69 73 0.691017
69 86 -3.46281
69 90 -2.06181
69 99 -0.194286
69 130 0.0244813
70 73 3.61547
71 76 2.31098
71 88 2.46564
71 124 0.0852416
71 127 0.170483
73 86 -2.93164
73 89 2.75907
73 99 -0.0587793
73 102 3.20487
73 115 3.2899
73 118 4.97847
73 126 0.879207
73 130 0.323888
73 131 0.00659738
73 132 0.0142399
73 134 -4.14515
73 135 -3.57445
73 139 0.0539106
73 146 0.0161252
74 77 0.783274
74 79 -0.0504255
74 84 -0.00624003
75 79 3.30864
75 81 6.571
75 84 0.581289
75 106 3.20604
75 116 3.31536
76 97 -0.55042
76 110 -4.01467
76 124 -2.6625
76 127 -1.25813
77 79 3.53056
77 95 3.31319
77 113 0.0844736
78 82 -1.12464
78 92 -0.0446251
79 84 3.44028
79 95 7.50143
79 116 3.4619
79 128 -1.10372
80 82 -0.0425969
80 86 0.0367638
81 85 0.0851654
81 93 -9.33225
81 106 10.025
81 107 6.11416
81 112 1.49683
81 121 -2.54809
82 83 -0.0048983
82 86 -0.103909
82 87 2.03191
82 92 6.17488
83 86 2.18308
85 93 -1.38627
85 103 -1.24647
85 121 -0.102947
86 90 3.77429
86 92 0.15079
86 99 0.327648
86 100 0.0949376
86 101 0.532847
86 132 -2.58569
86 141 -0.763705
86 144 0.457786
87 92 3.01095
88 98 2.58999
88 109 -3.71618
88 127 4.41483
88 165 4.094
88 229 0.405026
88 257 -1.17487
89 91 0.406022
89 97 5.10616
89 118 1.0274
89 119 3.1225
91 97 3.73241
92 94 3.39807
92 100 4.26094
92 101 1.20997
92 105 -1.70558
92 129 8.21005
92 133 -0.0858239
93 103 0.826142
93 104 2.91655
93 114 -0.014325
93 121 1.80554
94 105 -2.70419
95 113 2.88748
95 128 -0.164889
95 154 0.810515
95 163 -1.54459
96 103 0.038913
96 105 -0.402198
97 110 6.12639
97 119 5.43916
97 161 2.02352
97 169 -11.379
97 187 0.0233545
97 192 -7.6729
97 205 -0.652519
98 109 -0.772519
100 101 2.97276
100 129 2.18405
100 153 -4.43612
100 155 -0.95549
100 160 -10.4245
101 144 0.313973
101 155 -0.312601
101 156 0.892258
102 130 0.0209337
103 105 -0.556617
103 108 -0.949811
103 114 1.95659
103 121 0.031821
103 122 0.0404006
103 125 0.0826648
104 114 0.00144948
104 121 -0.00072474
105 108 0.0911115
105 111 -2.59748
105 123 -5.06308
105 129 -0.0905773
105 133 0.411226
106 107 0.039795
106 112 2.38014
106 116 1.14995
106 121 -2.1126
106 164 -1.21476
106 168 0.722426
106 182 -3.77613
107 112 0.0399356
108 111 -2.22758
108 117 -4.43612
108 120 0.826745
108 122 -2.36604
108 125 -0.126117
110 124 4.24569
110 205 -3.31536
111 117 -0.289934
111 120 -2.93164
111 123 -3.01573
113 163 -2.96887
113 164 -2.29567
113 186 -5.3627
113 209 0.0719669
114 120 -0.00276506
114 121 -0.0430164
114 125 0.00872499
114 136 -0.0781772
114 137 -0.0918123
115 130 0.0209337
116 128 -0.985797
116 164 -0.241878
117 120 -10.3815
118 119 2.81534
118 130 0.121227
118 131 0.020699
118 146 0.926609
118 151 -3.70052
119 151 -1.48895
119 161 1.63862
119 169 -4.8442
120 122 -3.49567
120 123 3.27357
120 125 -4.29862
120 137 4.46578
120 145 6.41102
120 176 0.778013
121 136 3.77675
121 137 0.128815
121 157 1.79259
121 168 -1.44559
122 125 0.0119317
123 133 -2.82906
123 138 -0.764259
123 145 1.20497
123 147 0.0146214
123 152 3.02121
123 159 0.00158924
124 127 4.85531
124 165 5.33911
124 201 3.79446
124 205 -4.59236
124 218 0.0156407
124 226 -1.95015
124 253 0.861999
124 257 -1.06653
125 137 -0.532091
126 130 0.0215347
126 131 0.412055
126 134 -0.467445
126 135 -1.41725
126 142 2.63816
126 143 2.82833
127 165 3.9782
128 154 -0.0111608
128 164 0.22862
129 133 -0.220429
129 147 0.0562135
129 148 -7.63678
129 153 -4.43612
129 159 0.0529415
130 131 0.00165275
130 132 0.0339376
130 135 -1.12464
130 139 0.0635727
130 140 1.31706
130 142 0.193489
130 146 0.030918
130 149 1.89367
130 171 0.0586268
130 173 1.21064
131 134 -2.36822
131 143 2.65637
131 146 -0.602697
131 174 0.0307847
131 181 -0.0403675
132 139 0.0651925
132 140 0.0555212
132 141 0.700738
133 147 -0.00160037
133 159 -0.0015893
134 143 -4.14515
135 142 -2.14198
136 137 0.436817
136 157 0.216898
137 157 0.957201
137 176 0.932595
138 145 -0.76928
138 152 -0.0436699
138 158 -0.045506
139 140 0.175588
139 141 0.0719984
140 141 7.06666
140 156 0.671105
140 173 5.03292
140 184 0.0311317
140 207 2.03119
140 213 -0.109487
140 233 -0.109002
141 144 -0.0729185
141 150 0.0213864
141 156 2.7121
141 162 0.404055
141 184 0.0706115
141 207 0.147437
141 233 -0.0698588
142 143 3.92401
142 149 0.121661
142 171 -0.0603557
142 189 4.60643
142 198 -0.160189
143 181 -0.0559593
143 185 1.4195
143 190 -0.621581
143 197 0.871124
143 198 -1.24402
144 150 -0.020472
144 155 0.0297348
144 156 0.649057
144 162 -0.0681138
145 152 1.65928
145 158 3.13294
145 176 0.887028
145 195 3.25413
146 151 -1.66155
146 174 -5.38394
147 148 -0.914027
147 159 0.559995
147 167 0.104945
147 177 -5.042
147 188 -0.0385527
147 203 0.0614876
147 210 0.315677
147 219 -0.000711549
148 153 0.161754
148 167 -1.31048
148 170 1.55858
149 171 -0.566397
149 173 1.46401
149 189 0.0721744
149 213 -2.85462
149 224 0.442611
150 156 -0.0989789
150 162 0.0214087
151 166 -0.148356
151 169 -0.0494913
151 174 -0.87855
151 175 -0.0358532
151 180 0.477255
151 191 1.20201
152 158 2.19002
152 159 0.643721
152 188 0.0133931
152 195 2.98435
153 160 1.57696
153 170 1.29476
154 163 -1.54459
154 164 -0.118534
155 156 0.495069
155 160 1.47101
155 172 0.389653
155 178 0.5814
155 179 2.21924
155 183 2.28458
156 162 0.220491
156 179 5.57715
156 184 1.38228
156 202 -0.0493958
156 206 0.465077
156 212 0.847816
156 214 -0.00469412
156 222 -0.0551048
157 168 -8.16853
157 176 0.122625
157 182 -9.28032
157 196 -3.91844
159 188 -0.0904472
159 195 -0.040039
159 210 0.101745
160 170 1.98633
160 172 3.30867
161 169 -4.14515
163 164 -4.14515
164 182 3.08798
164 186 2.61254
164 209 -0.0719666
165 257 -1.46147
166 174 -0.012598
166 175 -0.28836
166 191 -0.199328
166 194 -1.08303
167 170 -0.63949
167 177 -2.86287
167 193 -0.157371
167 203 0.00147486
167 219 -2.57955
167 221 0.00125237
167 235 -1.29483
168 182 -3.10675
169 187 -2.69577
169 191 -0.310986
169 200 -5.9966
170 172 4.67525
170 193 1.91547
170 211 0.674965
170 221 0.000797468
171 189 -2.10674
171 224 -1.93172
171 230 -0.210315
171 244 -17.6711
171 247 -3.29926
172 178 1.74308
172 183 1.84962
172 199 0.261852
172 211 2.92464
172 236 -0.160192
172 249 0.119352
172 252 0.346788
173 213 -0.59792
174 175 -1.37069
174 181 -1.94962
176 195 3.67918
176 196 -0.386023
178 183 1.42058
179 183 2.12511
179 212 0.282847
179 222 -0.148732
180 191 4.10662
181 194 0.02855
181 197 -0.0172648
181 204 -0.465661
181 208 -0.023346
181 215 -1.44205
181 216 -0.158708
181 217 -1.53682
182 186 4.74144
182 196 0.943623
182 227 -5.53733
182 234 1.18877
182 248 -3.73241
182 280 3.40416
182 290 -2.58569
182 297 0.0252219
182 303 2.28559
182 331 3.26158
182 338 0.0432546
182 347 2.80786
182 376 0.417077
182 379 -0.452704
182 402 -0.152132
183 199 1.72463
183 222 -1.95761
183 236 -2.08395
183 243 1.04226
184 202 -0.833555
184 207 0.023365
184 214 -0.00861822
184 233 -1.98544
184 240 0.0728493
184 250 -0.41783
185 190 -0.536542
185 198 -2.09593
185 208 0.257564
186 209 -0.136552
186 246 3.99106
186 254 4.43612
186 272 2.38711
186 279 1.80498
186 284 -5.94737
186 285 -3.13256
186 287 -4.52876
186 299 3.73241
186 302 -5.75657
186 319 -2.57195
186 322 -3.25098
186 328 -2.52745
186 331 6.20202
186 344 -2.77406
186 356 -3.57445
187 192 -8.30085
187 200 1.88061
187 232 2.58569
187 239 -14.8071
188 195 0.0802994
188 203 -0.00297545
188 210 -0.250346
189 198 -0.00798236
189 220 -0.00900185
189 230 1.13721
190 197 -1.27785
190 204 -1.42864
190 208 -0.225951
191 194 5.72901
191 200 3.2213
191 225 -1.15114
191 238 -0.204983
191 239 -1.98633
192 205 -1.78253
192 232 -2.93164
193 211 2.58907
193 221 0.301338
193 235 -0.00540101
193 259 0.213698
194 217 -1.99211
194 225 -0.14789
195 196 -20.3866
195 203 -0.0143427
195 210 -0.0553113
195 234 -9.97346
196 227 -6.21437
196 234 0.771661
197 204 -0.0341362
198 208 -0.0625048
198 215 -12.2558
198 220 0.498287
198 230 -0.0283644
198 247 -3.69103
199 236 -0.135957
200 239 -15.5108
201 218 1.79765
201 253 5.08836
201 257 0.0249982
201 262 -3.20605
201 266 -13.1773
201 271 0.136883
201 276 -3.43706
202 206 -5.31118
202 214 2.76518
202 240 -0.0158605
203 210 0.0533842
203 219 1.44843
203 234 -8.31773
204 208 -0.0946705
205 223 -3.92914
205 226 -1.33853
205 232 -6.6923
206 212 0.403865
206 214 -8.14368
206 222 -14.5267
206 228 -5.66001
206 237 1.21064
206 267 -3.10675
207 213 -0.304806
207 233 -0.145381
207 240 0.028307
208 215 -7.26159
209 246 -0.231993
211 221 0.00243211
211 252 4.73223
211 259 0.342198
212 222 -0.75919
212 228 -1.04212
212 237 -0.0700634
213 224 -0.587517
213 233 -5.1403
213 241 3.72544
213 244 -3.31536
214 240 -0.0058205
214 244 0.0162431
214 267 0.0232415
215 216 1.09269
215 217 -1.42058
215 244 2.08604
215 245 1.0051
215 247 0.654327
215 255 -0.296875
215 264 -0.0264311
216 217 -2.71175
217 225 -0.0962979
217 231 -5.30852
217 245 -0.116857
217 258 1.95015
218 226 -2.82341
218 242 -10.9116
218 262 -2.52745
219 234 -5.19978
219 235 2.18019
219 248 -0.601089
220 230 -0.0407071
220 247 -1.00584
221 235 -0.0538196
221 248 0.152442
221 251 0.0684218
221 252 0.0098963
221 259 0.162537
222 237 -8.12302
222 243 -8.16853
222 267 0.905357
222 268 0.451047
222 273 -0.148121
222 292 -4.43612
223 232 1.12458
224 241 -0.0739986
224 244 0.147997
225 231 3.7447
225 238 -6.58555
225 260 0.362237
226 232 2.85347
226 239 -14.1814
226 242 -4.65879
226 262 -3.57445
226 266 -0.155827
227 234 -5.62018
228 237 -1.78253
229 257 -2.73065
230 247 0.0206075
231 258 -3.48397
231 260 0.542493
232 239 -16.612
233 240 -1.2902
233 244 1.47321
234 248 -12.6047
235 248 -10.4122
236 243 -1.42058
236 249 0.00976546
236 252 0.0416476
236 259 0.0813478
236 263 0.139236
236 268 -0.87487
238 239 -1.78253
238 256 -8.05025
238 258 0.23761
238 260 -0.0516111
238 261 -4.43612
238 269 -0.600743
239 256 -11.7916
239 266 -10.8744
239 270 -0.0856503
239 274 -20.355
239 288 -11.0747
239 300 -3.91844
240 244 -6.52638
240 250 -0.121539
241 244 -9.08415
243 268 -5.61302
244 245 -0.0144856
244 247 1.30865
244 264 -2.18566
244 267 1.85347
244 273 -2.85347
244 282 -4.8442
245 255 -0.489952
245 258 -0.101248
245 264 1.71865
245 265 -0.775982
245 275 -5.53733
245 283 -10.3815
246 319 -0.849093
248 251 0.0548471
248 259 3.71138
248 290 -5.19802
249 252 0.276077
251 259 1.79784
252 259 1.5384
252 263 2.49821
253 257 0.162902
253 276 -4.43612
256 258 -7.30686
256 261 0.249302
256 269 0.080068
256 270 -11.5683
257 276 -3.31536
257 278 -3.2162
257 294 1.21807
257 316 -4.8442
257 323 -3.10675
258 260 -8.41242
258 265 -1.10372
258 269 -3.24592
258 270 0.942666
258 275 -4.8442
258 293 0.72201
258 298 -14.9931
258 318 -11.0747
259 263 0.631475
259 290 -4.8442
259 301 1.57696
259 307 -2.47197
259 326 -5.53733
261 269 -1.47595
262 266 -1.42152
263 268 -1.37919
263 286 0.311587
263 296 2.38025
263 326 -10.3815
264 277 -6.06009
264 282 -12.5488
264 283 -4.14515
265 275 -2.78039
266 271 -0.542794
266 276 -2.27269
266 295 -2.14198
266 300 -3.91844
267 273 -1.32294
268 281 -1.68784
268 286 -3.57445
268 292 -4.14515
270 274 -5.49214
270 293 0.471333
271 276 -2.52745
272 285 -1.50738
273 282 -1.34772
273 289 -1.55757
273 292 -4.43612
274 288 0.00153609
274 293 -6.33154
274 304 -2.20963
274 305 0.226632
274 314 -7.85685
274 315 -0.00778178
275 277 -2.10127
275 282 -0.299834
275 283 1.42525
275 289 -4.8442
275 292 -0.0544849
275 298 2.03211
275 308 2.7477
275 317 -5.53733
275 329 -5.53733
276 278 -3.73241
276 295 -0.0856503
277 282 -3.31536
277 283 -5.53733
278 294 -0.265718
278 295 -5.53733
278 306 -1.56935
279 284 -1.34772
279 287 -0.616294
280 297 -0.0207069
281 286 -0.794069
281 291 -0.501003
281 292 -3.31536
282 289 -7.72139
284 285 0.035589
285 302 -0.81228
286 291 -7.02937
286 292 -3.31536
286 296 1.6413
286 311 0.572032
287 299 -1.60463
288 300 -0.39937
288 304 -0.00385466
289 292 -6.06043
290 297 4.92125
290 307 -1.22768
290 310 -7.2067
290 326 -3.43706
290 339 -4.43612
291 292 -4.8442
292 311 -15.5108
292 317 -1.78253
293 305 -11.8557
293 314 -2.87716
293 315 -1.88061
293 318 -27.8399
293 324 0.163779
293 335 -5.53733
293 340 0.305845
293 341 -4.14515
294 306 -0.258219
294 323 -3.57445
295 300 -3.20605
295 304 -4.8442
295 306 -2.36822
295 312 -5.53733
296 311 2.45268
296 317 -1.91493
296 326 -9.97346
296 329 -6.14202
296 355 0.943623
296 372 -5.68256
296 386 0.369897
296 393 2.77747
296 397 5.76921
296 444 -1.27785
296 452 -0.0114239
296 458 2.88993
296 468 -0.753422
296 481 2.73775
296 482 0.758308
296 539 0.0174227
297 310 -3.4371
297 338 5.43513
297 339 -21.4562
297 342 3.10675
297 347 0.0334468
297 379 5.62213
298 308 0.455463
298 309 -0.0790608
298 313 -4.8442
298 318 0.0893199
298 321 -4.8442
300 304 -1.90246
301 307 -0.274059
301 326 -4.8442
304 312 0.267665
304 315 -0.023346
304 324 -10.1536
304 325 2.61678
304 337 1.18755
305 314 -5.8072
306 312 -3.94841
306 320 -3.91844
306 323 -4.14515
307 326 -4.8442
308 321 -5.53733
308 329 -9.28032
308 332 -16.504
308 346 -21.4562
308 353 -3.20605
309 313 -0.0652257
309 318 -0.156536
309 330 -6.0519
310 339 -1.18877
311 317 -0.962998
312 320 -6.05041
312 323 -3.31536
312 336 -0.059465
312 337 1.46247
313 321 5.13071
313 330 0.0754707
314 315 -6.65109
315 324 -2.93326
316 323 -5.53733
317 329 1.91493
318 330 -9.68249
318 334 -14.1139
318 335 2.14198
318 340 -26.5517
319 327 -0.434708
319 328 -0.101248
321 330 1.04035
321 332 5.427
321 333 2.67515
321 346 2.18452
321 351 -0.00245567
321 360 -0.0359911
321 361 0.00875665
323 336 -11.0747
324 325 -4.54914
324 341 -2.62537
324 354 0.451047
324 367 -4.8442
325 337 1.66064
325 343 -0.134018
325 354 -7.9563
325 363 -0.542969
326 339 -4.43612
326 357 1.17487
326 381 -7.02825
326 382 -8.99772
326 386 -5.53733
326 399 -5.53733
327 328 -0.361227
328 344 0.352191
328 365 0.124796
328 421 0.817797
328 429 0.790394
329 353 -1.02216
329 355 -0.0544849
329 372 -3.91844
329 393 -0.867703
330 333 0.351755
330 334 4.48076
330 345 0.00775214
330 352 4.85213
330 360 -0.174396
331 356 -4.43612
331 364 -7.42428
331 368 0.960589
331 376 0.545351
331 379 -0.0741844
332 346 2.08805
333 345 0.0863054
333 360 -0.39601
334 340 7.04777
334 345 0.000718584
334 349 2.71817
334 352 1.35977
335 340 -3.43706
336 337 -0.0110299
336 358 -0.0155276
336 363 -0.72699
336 370 -0.0677498
337 343 -0.0658626
337 358 0.0677551
337 363 -3.56893
338 342 0.722426
338 347 1.48027
338 379 0.00252801
339 357 -19.0256
339 373 -8.01058
339 379 -5.90104
339 405 -3.84434
339 430 3.10675
339 431 -13.1988
340 341 -1.75131
340 348 -0.291465
340 349 5.08559
340 350 -1.01702
340 359 2.5945
340 362 -1.66155
341 348 -2.55124
341 367 -5.48939
343 363 -0.0754571
344 356 -0.00778178
344 365 0.234182
344 429 0.377104
345 352 0.00334971
345 360 -0.0274875
345 374 0.00164508
345 377 0.00164492
346 351 -0.0105739
346 353 0.3836
346 360 -0.0971505
346 361 0.0419938
346 366 -0.0424642
347 379 0.00987022
348 359 -0.391377
348 367 -7.65085
349 350 -0.204734
349 352 7.6584
349 359 7.64224
349 380 1.32411
350 359 -0.818941
350 362 -10.0875
351 360 -0.013585
351 361 -0.510809
351 366 0.872049
351 374 0.0394084
351 377 0.0112102
351 387 3.58857
352 359 0.24241
352 360 -0.10749
352 369 12.6835
352 374 2.62063
352 377 8.92826
352 378 -10.5968
352 380 4.0236
352 420 -0.337423
353 360 -0.0247285
353 366 0.109779
353 371 1.95963
353 372 -2.41897
353 383 -0.0179069
354 363 -7.67932
354 367 -14.4096
354 385 -0.226632
354 390 -0.402198
356 364 -0.982543
356 365 -1.88061
356 375 -2.52745
357 373 -4.72489
357 381 -13.8336
357 399 -14.8177
357 431 0.56723
357 442 -4.8442
358 363 -0.827543
358 370 -0.333295
359 362 -4.48567
359 367 -5.53733
359 378 -10.6512
359 388 -5.53733
359 389 -10.2385
359 394 0.722426
359 398 1.46073
360 361 -1.85133
360 366 -0.077774
360 374 -2.22333
360 377 -0.500725
360 387 -0.543968
361 366 -0.0532819
363 370 2.63021
363 390 -4.8442
363 391 -8.28542
363 395 -0.164559
363 401 -1.34772
363 422 -1.66155
363 423 -0.274059
363 425 -2.10127
364 368 -0.121723
364 375 -0.288418
365 375 4.61014
365 404 6.75213
365 421 0.0500214
365 429 9.99282
365 451 -5.91646
365 470 -2.64699
365 476 -7.4729
365 477 -1.37165
365 478 -4.14515
366 371 0.0340309
366 374 0.080918
366 377 0.0383997
366 383 1.85902
366 387 3.69312
367 384 -3.61101
367 385 -4.43612
367 388 0.0700632
367 392 -2.58569
368 375 -1.35726
368 376 5.23586
371 372 -0.308009
371 383 -0.497056
372 383 -0.722427
372 393 -3.73241
372 396 -4.92238
372 444 -1.44559
374 377 5.26722
374 387 1.5541
375 376 -1.08303
375 404 11.7928
375 429 0.882187
376 379 -0.0726082
376 402 -0.65476
376 404 -4.38502
376 408 -0.0568528
376 410 -0.704796
376 451 -0.0160557
377 387 1.52099
377 409 0.942908
377 420 -0.673329
378 398 -4.83105
378 400 -6.7805
378 412 -5.60141
378 420 -2.31952
379 402 3.83169
379 405 4.1151
381 399 9.80573
382 386 2.22758
382 397 2.49272
382 399 4.8442
382 406 2.41897
382 418 8.99455
382 436 6.61579
382 452 -0.964035
382 463 1.75131
382 465 1.78253
382 472 2.47197
383 387 1.36145
383 396 6.5647
384 388 -3.20532
384 392 3.35331
384 394 -4.23977
384 424 -8.0093
385 390 -17.3966
385 392 11.5043
385 414 2.02352
385 439 1.49683
385 456 3.10675
385 466 6.28666
386 397 5.25236
387 396 4.43612
387 407 1.40096
387 409 0.747604
387 411 8.87224
387 413 4.43612
387 428 3.20604
388 394 -4.15734
389 394 -2.22758
389 398 -4.43612
389 403 -0.551716
389 415 -11.7595
389 457 0.274059
390 391 -6.04075
390 395 -5.53733
390 414 -3.91844
390 416 -9.28032
390 427 -9.97346
390 439 -4.43612
390 461 -12.8535
390 466 -7.27621
391 395 3.02941
391 401 -0.00458223
391 416 2.8902
391 422 -0.0117703
391 427 1.57691
392 424 -8.39081
392 455 -0.574624
392 456 1.75393
394 403 -6.33207
394 424 2.14198
396 413 14.3072
396 443 6.54417
396 444 1.66155
396 469 -0.144419
396 473 -2.00024
397 406 5.54687
397 436 1.17228
397 452 -1.50175
398 400 8.12265
398 415 2.62808
399 418 21.3528
399 419 2.72141
399 442 4.27376
399 465 0.961673
400 412 5.29986
400 415 3.63653
400 417 7.03977
401 422 2.36923
401 427 -0.0187042
402 405 4.60302
402 408 5.01388
402 410 4.14515
402 426 -0.982543
402 430 -22.4089
402 438 -0.722426
402 447 6.99862
402 451 2.2142
403 424 -3.43706
403 433 0.158341
403 437 3.02843
404 429 1.27961
404 451 -8.58127
405 426 -2.26325
405 430 -8.12196
407 409 1.16838
407 411 4.98684
408 451 1.45994
409 411 16.524
409 412 -1.1947
409 420 -2.87814
409 440 3.32101
409 445 1.78253
409 446 -1.32411
409 462 -2.58569
411 428 4.14515
411 445 1.12464
411 453 -4.4377
411 462 -5.7329
412 415 4.0531
412 417 5.71644
412 420 2.37731
412 432 0.609282
412 440 -0.138337
412 454 1.20435
412 459 -0.386447
412 474 1.20702
412 489 0.53189
412 498 7.54296
412 501 -0.176224
412 520 0.584325
412 532 -0.000924819
412 533 3.2435
412 541 -0.000972029
412 563 -0.202943
413 428 4.76841
413 449 1.26824
413 453 -1.14578
413 473 -0.784352
415 432 2.0473
415 454 6.32937
415 457 -3.20605
415 459 -0.00437202
415 460 1.00104
416 422 -0.0117704
416 427 1.51025
418 419 1.18877
418 434 3.43706
418 442 3.43706
418 465 7.87318
418 467 0.83062
418 472 2.36822
418 486 4.46306
420 459 0.000225576
421 429 0.803246
421 470 -2.70236
422 423 0.00261237
422 425 0.818489
422 427 -0.0451948
422 435 4.02458
422 441 -0.191461
422 450 7.16568
422 461 -0.0561287
422 483 -0.0100233
422 493 -0.0171175
422 497 1.1922
422 506 0.573457
422 530 -0.182573
423 425 0.0104397
423 435 0.01043
424 433 -5.94793
424 437 -7.21242
424 455 -20.0773
424 456 -10.3815
424 493 -4.8442
424 499 -7.14787
424 505 -3.73241
424 522 -5.53733
424 529 -11.2199
424 544 -2.85347
424 564 -4.73467
424 566 -5.53733
424 585 -4.43612
425 435 2.01676
426 430 1.39593
426 438 -8.69145
427 441 -0.513566
427 461 0.835613
428 453 -1.27785
430 431 -7.64217
430 438 -11.4223
430 447 -4.43612
430 448 -9.8967
430 451 -2.93164
430 471 -5.38092
430 479 -11.929
430 485 -3.20605
430 488 -10.3815
430 494 -8.85269
431 442 -9.07216
431 448 0.924411
432 459 0.000225576
433 437 3.52427
435 506 6.07015
435 530 3.35787
436 452 -8.38894
436 463 1.23362
437 457 -3.57445
437 490 6.54381
437 499 6.98654
440 446 -0.179458
440 459 -2.12464
441 450 -0.296254
441 461 -0.267868
442 448 -2.93164
442 464 2.59201
442 465 11.3548
442 467 0.195158
443 469 -0.288838
443 473 -1.1888
444 458 -3.57445
444 469 -1.72077
445 462 -4.41908
446 459 3.48429
446 462 3.05145
446 480 1.38309
446 501 1.95764
446 532 -0.0160681
446 541 -0.00565677
448 465 -3.43478
448 471 -0.101248
449 473 -0.80736
450 461 -0.00783604
451 476 -1.84389
451 477 0.116857
451 494 0.0182772
451 510 -5.53733
451 514 3.43706
451 515 5.12941
451 531 8.98357
451 537 4.54735
451 545 3.43706
452 463 -2.82363
452 481 -0.0473395
452 482 -0.0489835
452 491 -3.69177
452 539 -0.0224108
453 462 3.36982
453 473 6.42211
453 487 -4.67052
453 495 -3.31536
453 501 6.39506
453 519 -1.11471
453 528 0.0740605
453 532 -0.0162035
453 541 -0.0057996
454 459 -0.0599538
454 460 1.29161
454 484 -0.467445
454 498 13.5398
454 501 -0.0269605
455 456 -0.122897
456 461 0.428903
456 466 1.72919
456 493 2.23883
456 522 2.18405
457 460 -4.43612
457 475 0.02855
457 490 -1.17567
458 468 -4.78575
458 469 4.42012
458 501 3.4351
458 513 -0.0231984
458 532 0.00133397
458 541 0.00131349
459 474 -0.0559908
459 489 -0.315546
459 498 -0.090407
459 501 0.952116
459 520 -1.30435
459 532 -0.0322432
459 533 -0.244948
459 541 -0.011419
459 563 0.00866532
460 475 -2.93164
460 484 -3.35807
461 466 0.819884
461 483 1.6335
461 493 2.7499
461 497 -0.0631384
462 480 0.034277
462 495 -5.38721
462 500 1.88026
462 501 2.78118
462 532 -0.0161659
462 541 -0.00575754
463 465 8.00568
463 482 0.212795
463 491 -0.369897
463 539 0.0173011
464 465 6.22778
465 467 1.75131
465 471 3.90274
465 472 1.75131
465 482 1.16492
465 486 5.40361
465 491 -1.37165
465 502 4.51569
465 503 13.9334
465 504 -0.148121
465 512 2.47197
465 517 11.937
465 526 5.0367
465 539 0.0171724
465 542 3.91844
465 547 0.500431
465 548 8.11878
465 552 2.85347
465 554 0.838959
465 565 0.283458
465 569 0.573011
466 493 1.78469
468 482 -0.781677
468 501 -1.02217
468 540 -4.52599
468 557 -0.448367
468 601 -1.04226
469 473 5.1869
469 513 -0.0103481
470 476 -0.982543
470 507 -5.90902
471 479 -2.61614
471 485 0.202667
471 488 -4.73622
471 494 0.1191
471 504 -2.10127
471 511 -0.0408033
471 516 3.06434
473 487 -1.25517
473 492 -0.924411
473 496 4.54528
473 501 11.4904
473 508 3.99846
473 513 -0.0019626
473 532 -0.0318715
473 541 -0.0113288
474 501 -0.0288195
475 484 -1.87916
475 490 -0.538116
475 534 -0.0333358
475 535 -0.059896
476 477 -0.81228
476 478 -2.22341
476 507 -2.92995
476 510 -4.8442
476 514 -0.722426
479 485 -0.101333
480 501 0.169558
480 532 -0.016166
480 541 -0.00575816
481 482 1.84643
481 539 0.0169525
482 491 -1.87869
482 518 5.24272
482 526 2.24932
482 538 1.84491
482 539 0.20887
482 540 0.858234
482 546 -1.9268
482 549 -0.00717227
482 554 3.80433
482 567 0.0166804
482 571 0.0155068
482 574 0.328382
483 493 2.14638
483 497 -0.0315692
484 498 -0.212763
484 534 -0.298605
485 488 -0.517023
487 501 -1.12464
488 494 -0.0651441
489 501 -0.0854271
489 520 0.313954
489 532 -0.00257357
489 541 -0.00259337
490 499 8.16568
490 534 3.23501
490 535 2.04664
490 561 0.14407
492 496 -0.353819
492 501 -0.584119
493 497 -0.25703
493 522 3.57228
493 524 -2.92816
493 530 -1.45286e-07
493 544 -12.4657
494 511 -3.20033
494 515 0.0443147
495 500 -1.37165
495 501 -3.01573
495 509 -0.81228
496 501 1.48293
496 532 -0.0320492
496 541 -0.0114832
496 543 0.358922
497 524 0.959683
497 530 -0.193204
497 544 0.0244303
498 501 -0.0585396
498 533 9.46455
498 534 1.36143
499 505 9.01542
499 529 5.58652
499 561 8.15995
499 566 -3.20605
500 501 6.53656
500 509 0.100662
500 532 -0.0161044
500 541 -0.00569328
501 509 2.15094
501 513 -0.0148128
501 519 -0.0923648
501 520 -1.86099
501 521 3.30908
501 527 1.62161
501 528 1.62547
501 532 -0.526672
501 533 -0.146796
501 536 1.23307
501 541 -0.184591
501 543 4.47947
501 551 11.6208
501 553 0.66049
501 555 -0.0909718
501 557 4.11273
501 558 9.54453
501 563 5.60282
501 592 7.7769
501 604 -0.363835
501 612 1.79248
501 613 3.02235
501 617 3.98083
501 619 2.5343
501 620 4.47476
501 624 -0.401083
501 625 0.00713526
501 633 -2.45988
504 512 -2.06181
504 516 -0.214098
504 523 -0.857597
504 525 -3.85193
505 529 0.517088
506 530 1.33308
507 510 -4.79767
509 532 -0.0162038
509 541 -0.00579967
510 514 -3.73241
510 545 -11.9585
511 515 -2.06181
511 516 -0.0276507
512 517 4.8442
512 525 3.43706
515 516 12.3707
515 525 1.64137
515 531 5.39056
515 537 6.05952
515 550 7.15671
515 575 1.98633
515 577 0.00420193
515 580 0.32629
515 587 -1.38251
515 588 -8.9363
515 590 -1.12754
516 523 4.27057
516 525 1.63282
517 525 3.73241
517 548 12.8342
517 586 0.0662934
517 599 0.1023
518 539 0.017116
518 540 2.58612
518 546 -1.44795
518 562 2.42513
518 572 3.01573
518 582 1.55242
519 528 -0.369459
520 533 10.6014
520 541 -0.0684659
521 532 0.00133397
521 541 0.00131349
523 525 0.858803
524 530 -0.740347
524 544 1.32329
524 556 0.122529
524 559 -1.41478
525 548 4.85319
525 550 6.87446
525 577 0.0151356
525 583 0.841986
525 590 -6.27851
525 606 -3.40576
525 607 -0.0288644
526 539 0.0174773
526 542 5.17502
526 554 0.846488
527 532 0.00133149
527 541 0.00131353
528 532 -0.0162035
528 541 -0.0057996
529 566 -0.289934
530 556 -2.36822
530 573 -11.0747
530 605 -0.40881
530 635 -1.95015
531 537 7.14787
532 536 -0.0309558
532 541 0.0384549
532 543 -0.0495824
532 551 -0.0614488
532 553 -0.0312648
532 557 -0.0609624
532 558 -0.0303002
532 563 -0.0282077
532 592 -0.0616992
532 612 -0.0312648
532 613 -0.0312583
532 617 -0.0311312
532 619 -0.0308554
532 620 -0.0613333
532 624 -0.00371583
532 625 3.32249e-07
533 534 3.56245
533 541 -0.070809
533 560 1.70905
533 563 -2.10372
533 568 0.689501
533 570 5.61546
533 576 3.74029
533 578 1.056
533 584 -0.0481764
533 589 -0.336467
534 535 3.47465
534 561 3.12422
534 568 5.87503
534 579 0.994598
536 541 -0.00578629
536 543 1.09563
537 545 8.20269
537 575 5.38491
537 588 -11.4873
537 593 1.2379
538 539 0.0177481
539 549 -0.755771
539 554 0.0410917
539 565 -0.0220517
539 567 0.0684203
539 571 1.38616
539 574 0.0443973
540 562 1.45098
540 582 0.12947
540 601 -3.91844
541 543 -0.0196136
541 551 -0.0210231
541 553 -0.0111599
541 557 -0.0205035
541 558 -0.010094
541 563 -0.00305368
541 592 -0.0213438
541 612 -0.0111599
541 613 -0.011155
541 617 -0.0109955
541 619 -0.0107413
541 620 -0.0209963
541 624 -0.00481442
541 625 -0.00168193
542 554 2.10446
543 558 1.75198
544 559 -5.56997
544 564 -1.81095
545 593 2.4758
546 549 -3.10675
546 562 -0.434708
546 571 -2.56869
546 581 -5.90477
547 548 4.30584
548 552 10.9234
548 569 3.03957
548 583 2.70915
548 586 0.567707
548 599 0.472738
548 607 -0.0199131
549 567 0.00293402
549 571 -0.00096589
549 574 0.00775694
550 577 0.0463205
550 590 -3.44016
551 558 1.60548
553 555 -0.883598
553 557 2.64792
554 565 5.79648
554 567 0.131915
554 571 0.0150314
554 574 0.736356
555 557 -2.98269
556 559 -1.50004
556 573 -1.14578
557 601 -4.43612
557 604 -0.246264
557 612 0.0566502
557 624 -0.0596732
559 564 9.69331
559 573 7.69173
559 605 -0.0741047
559 614 3.15815
559 621 -0.0904752
559 622 2.31276
560 570 0.435859
561 566 -9.47537
561 568 1.36633
561 576 2.69028
561 579 4.7845
561 589 -0.865305
561 603 5.51968
561 618 5.07619
562 572 2.93164
562 581 2.93164
562 582 2.31952
562 594 6.34975
562 601 -3.91844
562 604 -2.53313
562 627 8.31664
563 584 3.62254
563 623 -5.47838
563 625 -0.0594627
563 633 0.873653
564 585 3.59207
564 614 2.19245
565 569 2.31251
565 574 3.09506
565 586 1.60463
565 591 2.24521
565 594 0.960045
565 597 2.20189
565 600 4.69725
565 615 3.3372
566 585 -8.96983
566 609 -4.07149
566 629 0.369897
567 571 2.79998
567 574 0.813418
567 594 2.8999
568 576 0.876151
568 589 -0.330854
569 586 1.47506
570 578 0.956612
570 584 -5.60189
570 623 -5.53733
571 574 0.062316
571 581 0.3011
571 594 0.6022
574 594 2.38759
576 578 6.10015
576 589 -0.347636
576 603 1.34476
577 580 -0.0347145
577 590 -0.347951
577 606 -0.00577146
578 603 11.9691
578 623 -12.9445
580 587 -0.175636
580 588 -0.333446
580 598 -0.170353
580 602 -1.12621
580 606 -0.0851223
581 594 1.08784
583 599 -0.0154284
583 606 -0.175947
583 607 -0.0607969
584 623 -6.6637
585 609 10.8235
585 614 1.27785
586 596 11.2785
586 597 0.687271
586 599 1.3255
586 607 0.0874141
587 588 14.7098
587 593 -5.28841
587 595 3.01573
587 598 2.89865
587 602 0.0057655
587 606 1.29929
587 610 4.03814
587 611 5.27078
587 630 2.80659
588 593 -3.73241
588 595 1.72077
588 610 2.5227
590 606 2.23798
592 613 1.21109
592 619 3.60482
592 620 0.37393
593 611 -3.57445
594 600 0.876896
594 627 3.81845
596 597 1.43048
596 599 0.494802
596 615 2.31952
596 616 3.50031
597 615 3.06527
598 602 0.0143131
598 606 0.0360436
599 607 3.41022
599 608 1.79457
599 616 1.18155
600 615 7.98151
600 616 0.248004
600 627 1.67543
600 634 1.21775
601 604 -2.12508
602 606 2.14307
603 618 2.82709
604 612 -2.09229
604 619 -0.49648
604 624 1.14451
604 627 -1.50047
605 621 0.380519
605 622 -0.999905
605 635 -0.898153
606 607 1.2369
606 626 1.92637
606 630 0.576099
607 608 2.18913
607 626 3.1637
608 616 7.79379
608 628 0.962998
609 614 1.14549
609 629 -1.08303
612 624 -0.0708438
613 619 0.876121
615 616 7.97963
616 628 3.85295
617 619 2.20767
617 624 -0.074017
619 620 1.25517
619 624 -1.01344
619 632 2.64241
620 631 3.73308
620 633 -0.567571
621 622 -0.233486
623 633 -4.8442
625 633 -1.71392
627 634 0.195585
631 633 -0.283799
