MULTICUT
0 6 1.7686
0 7 -0.012628
1 4 0.145136
1 7 0.849093
1 9 0.290273
2 3 0.343346
2 6 4.21319
2 7 -0.0590903
2 14 9.90617
2 15 6.67398
2 16 2.52745
2 17 1.15399
2 18 4.46308
2 21 3.09611
2 22 1.14578
2 35 -9.11179
2 37 3.86375
2 40 10.6545
2 42 1.76146
2 43 -3.43706
2 47 -3.91844
2 49 0.227432
2 50 1.01296
2 51 -0.0343014
2 54 1.52048
2 59 4.2705
2 62 0.18447
2 64 1.16715
2 69 0.092235
3 7 4.25404
3 9 3.95682
3 11 8.01508
3 17 6.97086
3 18 3.69337
3 23 -4.14515
3 27 1.65175
3 28 2.79941
3 33 -1.34772
3 38 2.36822
3 55 3.7081
3 66 3.93359
3 74 5.67791
4 9 8.07135
4 12 2.71175
5 6 2.0094
5 7 -0.23492
6 7 -0.186431
6 13 5.94737
6 15 4.01854
6 19 4.18681
6 21 15.1396
6 26 2.47197
6 29 3.73241
6 31 11.2012
6 34 3.57445
6 36 1.6232
6 44 0.0462373
6 48 2.78039
7 8 4.22513
7 9 1.25605
7 11 9.33296
7 17 0.630133
7 18 0.138139
7 40 -0.0101551
9 10 2.93164
9 11 7.03615
9 12 3.20604
9 17 0.159606
9 24 6.97073
9 38 2.64699
9 41 2.78039
9 45 4.56169
9 46 4.24883
9 74 1.56663
9 88 6.12205
10 11 3.01573
11 17 0.12686
11 28 2.60604
11 38 1.37165
14 15 0.614785
15 21 4.63447
15 40 1.277
15 42 0.393892
17 18 0.906249
17 27 0.542367
17 28 0.175361
17 40 0.458517
17 55 1.52148
17 66 0.178311
17 74 8.18973
18 20 -7.43558
18 22 1.69086
18 23 -0.467445
20 22 -3.44867
20 23 -1.54979
20 25 -12.4715
20 35 -1.81446
21 40 3.91844
21 42 5.27353
21 48 4.53795
21 59 7.77611
22 35 -1.04226
23 25 -3.43706
23 27 -2.78039
23 30 -0.148121
24 45 3.21909
25 30 -2.31952
25 35 -13.5403
26 31 2.27269
27 30 -2.71175
27 32 -1.01266
27 33 -0.48891
27 35 -8.58127
27 43 -2.18405
27 47 -8.2903
27 52 -0.0856503
27 55 0.325348
29 36 2.52745
30 32 -1.54979
30 35 -1.08303
31 34 3.57445
31 39 4.39831
31 44 5.05421
31 48 5.3387
31 58 8.26108
31 63 2.35373
32 33 -0.48891
32 35 -3.20605
35 43 2.64699
36 44 0.192495
36 60 6.70082
36 70 3.47408
37 40 0.660591
37 53 0.353033
37 59 2.70909
37 62 -0.133886
37 69 -7.90713
40 59 2.79667
41 45 4.14515
41 46 10.7071
41 57 3.20604
41 110 13.52
41 180 10.8145
41 198 1.52308
41 203 4.31554
41 204 9.87863
41 213 2.52745
43 47 -10.3815
44 58 2.59025
44 60 0.338145
44 63 0.0181821
44 70 3.0518
44 127 0.470668
44 133 -0.0459643
44 134 -3.90776
44 136 -0.0583778
44 157 -0.162992
44 181 0.442198
45 46 4.43612
45 88 8.2903
45 156 3.73241
45 161 5.659
45 191 6.40565
45 198 3.9857
45 207 4.41126
45 213 2.52745
45 216 3.01573
46 57 3.83576
47 49 -4.43612
47 51 -9.28032
47 52 -11.0747
48 59 1.92714
48 63 8.61327
48 80 4.18121
49 50 0.0158115
49 51 -0.773375
50 51 -0.0659244
50 54 1.43959
50 56 4.35681
50 61 3.37641
50 64 5.8185
51 52 0.0586165
51 56 1.85109
51 65 0.00398147
52 55 -6.62536
52 56 0.126595
52 65 -0.00921855
52 73 -7.3977
52 74 -3.01573
52 89 -6.79215
52 107 -0.101248
53 59 7.15167
53 69 -7.54287
53 94 -15.9189
53 114 -5.53733
53 118 -4.14515
55 74 10.2261
56 61 12.5488
56 65 3.50358
56 67 2.31952
58 63 6.82661
59 69 -0.307678
59 80 5.58651
59 123 -3.59737
59 127 -8.04191
59 131 -1.47101
60 70 0.859294
61 64 1.69086
61 67 1.91493
61 68 7.14891
62 64 4.92121
62 69 1.0496
63 80 4.43612
63 127 -5.30784
64 68 9.53681
64 69 2.18405
64 72 6.72041
64 77 1.95015
65 67 2.06181
65 68 1.88061
65 71 3.39707
65 73 0.0326712
65 75 -0.104594
65 76 1.05507
65 79 0.118109
65 85 1.81657
66 74 3.60771
68 71 7.99465
68 72 5.99249
68 77 0.483906
68 83 3.90482
68 84 1.43044
68 86 0.704796
68 87 2.31952
68 90 -0.321795
69 77 2.89767
69 81 5.10101
69 82 2.93164
69 92 3.78846
69 94 1.83035
69 95 1.95957
70 136 -0.0583778
70 181 4.40907
70 230 6.13148
70 232 3.73241
70 275 4.68361
71 76 1.63017
71 78 1.15782
71 79 0.0653181
71 86 0.916009
73 75 -0.0502754
73 79 0.220569
73 85 0.359812
73 89 -1.00518
73 91 -0.0035953
73 93 0.0157592
73 99 0.00560604
74 88 13.9174
74 107 -1.95486
74 116 3.20604
74 130 8.53239
74 132 4.14515
74 135 5.51915
74 138 2.90427
74 152 7.511
74 171 5.94737
74 176 16.5024
74 199 3.57445
74 202 7.07277
74 215 7.75148
74 227 0.0481399
74 239 3.71904
74 261 0.289934
74 262 10.5013
74 297 5.30937
74 311 7.57035
74 321 5.05595
74 332 3.92452
75 85 -0.085404
76 78 0.770323
76 79 0.183086
76 86 0.428453
76 91 -0.37467
76 93 0.138417
76 96 -0.699711
76 98 -0.227878
76 99 0.497307
76 102 0.23793
76 103 0.367967
77 81 0.388347
77 83 2.81561
78 86 0.856857
79 85 0.234833
79 91 -0.0127646
79 93 0.0265796
79 99 0.0073624
80 127 -7.41595
81 82 0.962998
81 83 5.26695
81 95 2.71292
81 101 3.42245
83 84 3.57339
83 87 0.982543
83 97 0.226632
83 101 3.97889
84 86 1.47101
84 87 0.35971
84 90 -1.30655
84 97 0.419435
85 91 -0.000423806
85 93 0.00696289
86 90 -1.14578
86 96 -3.31536
86 97 1.77219
86 102 1.78407
86 103 2.06181
86 106 -1.02216
86 108 -2.36822
86 109 1.18812
86 111 1.52068
86 112 -0.76173
86 115 2.08961
86 119 -2.71175
86 120 0.101247
86 121 1.75131
86 125 4.19838
86 126 -2.79187
86 128 3.14725
86 140 0.507625
86 142 0.0674518
86 148 -4.41321
88 113 7.95095
88 130 6.67902
88 156 1.95015
88 185 5.9652
88 215 3.35828
88 225 5.68358
89 93 -4.46963
89 103 -6.32203
89 104 -0.0287595
89 107 1.5434
89 122 2.53748
89 129 0.153472
89 137 0.451612
89 139 0.0208022
91 93 -0.231455
91 99 -1.39898
92 95 1.82307
93 99 0.524277
93 100 0.599074
93 103 0.394014
93 105 -0.365355
94 95 1.29592
94 114 3.57446
95 101 0.163909
95 109 -0.0482874
95 114 10.8167
95 124 -0.0969329
95 141 0.341108
95 143 -0.347746
96 102 -3.14246
97 101 0.0813965
97 109 0.0627507
98 99 -0.349476
98 102 -0.124395
98 103 -0.395233
99 100 0.060286
99 102 0.326525
99 103 0.643476
101 109 2.37857
101 124 0.0743412
102 103 0.990985
102 106 -1.17224
102 108 -3.32323
102 111 0.117142
103 105 -1.94722
103 108 -5.36107
103 119 -1.46724
103 122 -0.566772
103 128 0.426257
104 107 0.149818
104 139 0.0203598
106 111 -0.467445
107 116 -3.62967
107 138 -0.159972
107 139 0.0830608
109 112 -0.119309
109 115 2.9175
109 117 3.00704
109 120 1.23277
109 124 4.43956
110 204 2.52745
112 115 -0.317572
114 118 2.71175
114 123 6.15137
114 141 2.63427
114 143 -0.177192
114 144 7.42476
114 153 -0.0891725
114 166 -0.669846
114 178 0.742347
117 124 0.216217
118 123 3.91844
119 121 -0.55042
119 128 -1.57696
120 124 0.849093
120 125 0.483906
121 126 -0.163779
121 128 0.132481
122 128 -3.31536
122 129 0.153472
122 137 2.16103
122 139 -3.32092
122 145 1.34582
122 147 0.17877
122 148 1.18937
122 151 3.38413
122 160 2.46577
123 127 3.91844
123 131 1.84714
123 149 3.6549
123 158 3.76557
123 162 -3.57445
123 164 -0.664368
123 165 -3.73241
123 166 -1.83865
123 169 -0.0166918
123 173 -1.75131
123 177 0.127161
123 182 0.544456
123 183 -0.00780484
124 125 1.28839
124 142 3.69466
124 143 -1.084
125 140 -0.0130634
125 142 0.0935786
126 128 -6.77191
127 150 -4.43612
127 157 -3.72815
127 162 -11.6634
128 148 -1.84714
132 135 4.2549
132 152 2.58569
133 134 2.99395
133 136 0.0810002
133 157 8.15138
133 172 8.60647
133 181 -0.154936
133 195 5.83368
133 218 4.89567
133 244 3.57445
134 136 0.189488
134 157 7.36614
134 181 -0.342484
135 152 3.01573
135 155 2.76896
135 176 7.02181
136 157 0.192188
136 172 9.11333
136 181 -0.495706
136 228 5.8557
136 235 8.30153
136 249 0.310649
136 252 0.652519
137 139 -0.00743928
138 139 -1.48355
138 152 3.57445
138 190 -1.28966
138 202 8.36608
138 206 -2.59044
138 220 0.288646
138 224 -1.22149
138 233 4.51255
139 160 -4.51498
139 174 -1.34772
139 175 -2.47937
139 190 -1.60463
139 202 0.100917
140 142 -0.926952
140 148 -0.867703
141 143 -0.503844
141 144 0.0484013
142 143 -3.65537
142 148 -4.8442
142 154 -0.195158
142 159 -0.648847
142 163 -0.924741
142 170 -0.332955
143 144 -0.769976
143 153 3.85826
143 154 5.05162
143 179 2.50815
143 186 -0.934384
143 188 -1.58936
143 197 3.00557
143 208 0.943433
143 210 -0.776462
144 153 -0.177315
144 178 0.63644
144 186 0.101709
144 192 -0.0391452
144 208 -0.00832233
146 157 6.61712
148 151 2.27126
148 163 -0.18329
148 167 1.57696
148 170 -0.101816
148 174 3.57446
148 184 1.63722
148 189 0.407345
149 158 0.0544848
149 164 -2.65663
150 162 3.57445
151 160 0.89498
151 167 0.038913
151 174 3.43281
152 168 5.71874
152 176 7.54287
152 202 6.49259
152 205 2.5498
152 227 0.118936
152 254 -0.0151122
154 159 1.33803
154 197 0.0929366
156 161 1.1747
156 185 2.71175
156 187 1.77456
156 193 1.97568
156 194 2.18405
157 162 5.3901
157 181 -0.307658
157 218 2.06181
157 229 11.19
157 231 8.85269
157 242 2.31952
157 248 3.10675
157 257 12.078
157 265 1.53356
157 270 7.64437
157 273 1.94658
157 285 4.8442
157 319 1.9466
158 164 -1.81446
158 169 -0.10431
159 170 1.88889
159 189 0.0012031
159 197 1.70428
159 201 -1.81394
160 174 4.63332
160 175 1.81087
161 187 0.522838
161 193 2.06303
161 216 1.8615
162 165 8.57661
162 219 -8.87224
162 231 3.43706
163 170 -0.203756
164 165 10.0422
164 169 6.48442
164 214 2.36822
164 222 5.86331
165 219 -1.32411
165 222 7.89393
166 178 -0.579807
166 183 -0.178844
167 174 2.74307
169 177 1.39311
169 182 -0.00068647
169 214 0.886457
170 189 -1.13376
172 195 2.36822
172 218 5.71204
172 235 3.91844
173 182 -4.91797
173 183 -0.81228
174 184 2.71175
174 190 1.91871
176 205 2.18405
176 227 2.93164
176 239 11.3114
176 251 4.54433
177 182 1.07383
177 209 0.649741
177 214 6.54855
178 182 -0.0936895
178 183 1.44312
178 196 -0.355766
178 200 0.0565236
179 188 -0.0298319
180 203 5.43986
180 213 1.83464
180 217 3.85879
180 246 1.47551
180 256 0.806218
180 260 2.58569
180 268 0.815095
180 276 0.574972
181 228 0.00154253
181 232 1.56442
181 249 0.203153
182 183 -3.54979
182 192 -0.0490722
182 196 0.0249471
182 200 -0.0407728
182 209 5.16557
182 211 -0.630757
182 250 -0.0691634
182 266 3.66975
184 189 0.506738
184 190 1.21055
184 197 0.0628439
184 223 0.390699
184 224 0.0531783
185 194 3.41785
185 212 5.37718
185 215 5.6783
185 272 5.12667
186 192 -6.82881
186 208 -1.99876
186 211 -2.64699
187 193 0.373326
189 197 0.0474936
190 206 -2.44995
190 220 0.854917
190 223 -0.0202485
190 224 -1.24328
191 207 2.99892
191 213 2.72555
191 237 2.15384
192 196 -2.01879
192 211 1.4366
193 194 2.34628
193 212 4.08212
193 216 3.44064
194 212 0.229419
195 218 3.31536
196 200 -0.0326347
196 211 -1.03739
197 201 -0.149246
197 210 -0.38703
197 223 0.862933
197 240 -0.315941
197 241 0.21989
198 213 3.52101
199 262 2.71175
200 211 3.72529e-09
202 221 2.44658
202 227 0.761166
202 233 4.42971
202 234 5.07022
202 236 11.6118
202 239 3.08332
202 251 0.0966861
202 254 -0.0355878
202 258 4.50629
202 259 2.76407
202 287 0.955065
202 296 8.52802
202 303 11.5828
202 311 0.500431
202 314 0.948183
203 204 4.94611
203 255 2.31952
203 256 1.38543
203 260 7.21134
204 255 7.04193
205 227 0.406318
206 220 -0.0573355
207 216 4.14515
207 237 10.2354
208 210 -2.35583
208 211 3.73241
208 226 -0.390365
208 243 1.55801
209 211 -0.161643
209 214 8.02222
209 266 6.9027
209 267 -1.57696
209 280 4.81463
209 291 0.297111
210 241 -2.31952
210 243 -1.04226
211 226 -0.635286
211 243 10.2153
211 250 7.03744
211 266 3.54781
211 279 1.32929
211 286 2.83779
211 305 6.36628
211 306 1.63282
211 309 1.78253
212 216 3.01573
212 272 2.69203
212 277 0.594386
212 282 3.71388
212 304 0.112784
213 217 4.76786
213 237 11.3427
213 246 6.22907
213 268 0.68536
213 276 6.40209
214 222 7.53736
214 267 -8.2034
215 225 3.31767
215 262 10.6666
215 272 0.851289
215 277 6.59378
215 300 5.19597
215 327 3.01573
216 237 6.247
216 282 2.87725
217 246 2.96854
218 235 9.82746
218 242 2.03145
218 244 10.1297
218 252 0.402198
218 257 2.97642
218 293 9.52886
218 318 6.7805
219 222 -2.33775
219 231 -5.51234
219 238 0.50687
220 224 -0.739843
221 233 4.2441
221 236 3.43788
221 314 0.730328
222 238 0.0704191
222 247 0.0169087
222 253 0.302307
222 264 0.0002033
222 267 -3.87931
223 224 0.121911
223 240 -0.315941
223 241 -4.05958
223 245 -3.1842
224 233 -0.849093
224 245 -2.41463
226 243 -0.311846
227 234 0.0862564
227 239 0.090822
227 251 1.53366
227 254 -0.0283676
227 258 0.0859134
227 259 0.201554
227 296 0.0889181
227 303 0.186469
228 232 0.034862
228 249 3.50652
228 252 4.84511
229 270 2.47197
231 238 -1.06457
231 263 0.0999095
231 264 4.92157
231 273 4.27836
231 307 8.30797
231 316 3.43706
232 249 1.50672
232 275 2.39355
233 236 6.61939
233 245 2.58569
233 274 14.0428
233 287 -1.10918
233 314 2.69936
235 252 6.79215
235 293 3.91844
236 287 1.35419
236 314 0.722981
237 276 6.87411
237 282 6.74338
237 304 0.770612
237 322 -0.258219
238 247 0.632839
238 253 0.0732033
238 263 2.88
238 264 1.70513
239 251 0.038913
239 259 4.77434
240 241 3.35918
241 243 3.90551
241 245 5.01402
241 284 7.13387
241 286 1.14578
241 294 1.77022
241 298 -0.204027
242 257 2.52745
243 286 3.33783
245 271 4.53997
245 274 0.337785
245 281 4.45144
245 284 0.821359
246 268 3.68776
247 253 0.0540628
249 252 8.55405
249 275 5.24753
251 254 -2.57333
251 259 7.05379
252 275 6.55293
252 293 7.81174
252 318 6.60669
252 323 3.73241
253 264 -0.00027589
253 267 -0.000958444
255 260 6.03839
256 260 0.924411
257 285 4.85806
257 302 2.27269
257 318 3.73241
257 319 7.59915
260 269 7.52927
260 276 11.8635
260 288 7.69767
260 315 9.28032
260 331 3.01573
261 262 5.06596
262 277 1.49683
262 297 6.05429
262 300 4.14515
262 321 3.12854
262 327 0.849093
262 330 2.93164
263 264 3.14398
264 267 2.29673
264 295 0.186081
264 307 1.17942
264 308 1.75772
264 310 0.40482
265 270 0.837947
265 273 1.51391
266 280 3.43137
266 291 0.146812
266 299 4.76943
266 305 0.905357
266 309 1.66155
267 291 0.00105649
267 292 2.25479
267 295 0.0458463
268 276 0.258219
270 273 2.56105
270 278 2.31952
270 283 7.75148
270 290 5.92744
270 319 14.1506
271 274 3.37641
271 281 1.04714
271 289 2.42104
271 314 2.11099
271 317 5.37775
271 333 3.22939
272 277 5.57957
272 301 0.495227
273 278 0.81228
273 290 1.04226
273 316 0.81228
273 319 13.7791
274 289 2.36635
274 314 2.03273
275 323 1.79272
276 322 -5.18371
276 324 4.95812
276 325 2.62345
276 331 4.8442
276 337 0.240396
276 339 2.17963
276 340 3.57445
277 282 -0.0555856
277 301 0.872518
277 304 -3.40161
277 321 2.22758
277 322 5.8893
277 327 6.08405
280 291 0.1503
280 299 3.26917
281 284 4.55053
281 333 10.8632
282 304 3.32577
284 298 -1.73158
284 333 17.3517
286 294 0.0465712
286 306 7.61419
287 296 4.97628
287 314 0.138817
290 319 3.01573
291 292 0.0479583
291 299 6.30177
291 313 5.39796
291 326 0.501131
292 295 1.671
292 308 0.319713
292 313 3.34001
294 298 -0.265215
294 306 0.0705157
295 308 6.99394
295 313 10.3581
296 303 3.32641
296 312 8.75209
296 338 1.05617
297 321 3.92336
298 306 -1.73142
298 333 -0.886457
299 305 3.32927
299 320 6.12248
299 326 15.1752
299 329 0.556809
303 311 5.80701
303 312 8.16474
304 322 -9.06367
304 328 -2.27914
305 306 7.40924
305 309 2.71175
305 329 5.42997
305 333 0.289934
306 333 6.20437
307 310 2.71175
307 313 4.14967
307 316 2.64699
307 319 4.14515
308 310 2.29009
308 313 3.29681
310 313 7.91394
312 338 3.75884
313 326 6.39453
313 336 5.43916
314 333 0.652519
316 319 2.31952
319 335 9.47948
320 326 1.63282
321 330 3.57445
321 332 6.6431
322 325 -2.85347
322 328 4.40911
322 334 4.86578
322 337 0.955847
324 325 0.267127
324 334 -0.470331
324 337 0.62435
324 339 2.71361
325 334 -0.766393
325 337 0.166941
326 329 0.556816
334 337 0.955847
337 339 0.157419
