MULTICUT
28 492 -1.4455945421327967
5 28 -5.53733426701854
3 5 -1.6615502176829433
1 3 -1.4455945421327967
1 6 1.347717671142901
2 6 -0.5672302300910688
2 4 0.5504197869721676
4 7 -0.3860227795812654
0 7 -0.635285935274005
7 10 1.4205758640846524
1 8 2.418966462073592
3 8 -1.420575958424365
3 9 -2.418966560561031
8 9 2.2275794437459226
5 11 0.007781661256567096
3 11 1.4205758640846524
6 8 -0.32179504083642385
0 10 3.2060450031958343
6 12 0.6872705278045488
9 11 -2.368217501379304
8 12 -1.420575958424365
9 12 -2.1840514594677467
2 12 -2.8534722097520193
7 14 -2.8534722097520193
2 7 1.6908566753683048
7 13 3.9184427168471876
11 28 -3.43705550120135
2 16 2.5274488884529975
12 16 -2.7803933790295874
10 15 0.03891301945135828
7 15 -0.6010891274007599
7 17 2.418966462073592
15 17 0.7047961364960313
14 17 -2.319517101482562
11 20 -0.6872706606037844
20 28 -0.353818619728701
9 20 -4.145152083743929
12 20 0.9436225830949259
2 21 -0.023346044556825873
7 21 3.015725255756913
16 21 0.1637791782871667
15 18 1.124638707269666
10 18 -2.2726892867301896
12 19 -1.4710064589046166
16 19 2.7117470592609445
0 22 2.023523983245292
19 21 3.7324082779400585
12 23 -0.5170230248961472
19 23 2.0618119072200103
0 24 3.2060450031958343
20 23 -2.2726892867301896
14 28 -1.986327866288225
17 28 -4.844202616288199
28 29 0.5504197869721676
20 25 0.8864565510992328
13 28 -3.2060451019615273
25 28 -2.319517101482562
7 28 -4.43612156009328
23 25 0.007781661256567096
0 18 -1.6328170469254393
21 27 2.7803933118077264
18 26 1.986327796610479
0 31 1.880614156109223
15 26 -0.4510470176203887
18 31 -2.0618119810484816
19 27 1.445594446330888
7 27 2.368217406966919
17 26 -1.4968294629075651
26 28 -0.8490927706325437
26 31 -4.145152083743929
25 32 -0.353818619728701
28 32 -0.023346044556825873
19 30 0.054484828546315534
27 30 -1.3477177614522067
25 33 -0.6525189378391278
23 33 -0.7940690348095123
7 28 -2.5856858519456853
30 33 1.124638707269666
32 33 0.7940688968903633
28 34 2.4719660016221714
29 34 2.0618119072200103
27 28 -2.319517101482562
31 35 -2.1012697910023577
0 35 -2.9316434205780437
30 37 -0.023346044556825873
27 36 2.101269714871794
28 36 -3.9184428135768994
27 37 2.101269714871794
28 31 -4.43612156009328
33 37 -2.319517101482562
33 38 -1.914934325902037
32 38 -4.145152083743929
28 29 0.3217949194737102
37 38 2.7117470592609445
0 39 -1.3477177614522067
24 39 -1.1887676261434261
35 39 -1.2551670218420983
0 39 -1.4455945421327967
28 38 -5.53733426701854
39 40 0.13248100121840833
0 40 -1.9501526936104758
28 42 1.8471390342477205
28 43 -4.844202616288199
28 35 -1.3477177614522067
38 43 -0.14812115655181013
28 39 -3.3153581355547077
37 41 3.2060450031958343
27 28 -1.914934325902037
28 37 -1.7207670712436016
0 44 1.880614156109223
28 41 -4.43612156009328
40 44 -0.8122801326543725
37 47 1.103724552883528
28 51 -2.6469936768108107
39 51 -0.305845384176723
41 47 0.8490926297285697
40 51 -0.8864566941706382
28 46 -3.9184428135768994
43 46 1.5230823357393546
28 50 -3.5744537730315336
50 51 -1.9501526936104758
44 51 0.023345926266394867
38 45 3.7324082779400585
37 45 -0.27405945275533616
45 47 -2.4719661045957224
0 44 1.986327796610479
44 48 1.604628978813839
0 48 1.232765242543629
0 51 3.4370554399806776
38 49 -2.418966560561031
45 49 -2.6469936768108107
43 52 0.007781661256567096
46 52 -4.43612156009328
0 28 -5.53733426701854
0 50 -0.8490927706325437
38 52 -4.844202616288199
28 55 -4.145152083743929
0 55 -3.5744537730315336
0 54 2.5856857384930256
29 53 2.368217406966919
28 47 -1.7207670712436016
28 53 0.7047961364960313
49 57 1.1671515377428254
45 57 -1.986327866288225
28 57 1.7825318837304605
28 52 1.5769599644200505
28 38 -3.2060451019615273
55 59 -1.5230824363372633
54 56 1.2551669361900215
0 59 1.2778513804684322
0 56 3.3153580262671256
28 58 -1.690856787854381
38 57 -4.43612156009328
0 56 0.9436225830949259
28 59 -5.53733426701854
56 61 -1.5230824363372633
0 61 -2.023524054927849
28 60 2.0618119072200103
58 60 -1.324114566604422
58 66 -1.2551670218420983
28 66 0.8864565510992328
60 66 2.8534721380276795
0 62 2.646993557188065
0 65 2.368217406966919
61 65 -1.2551670218420983
59 63 2.7803933118077264
0 63 0.10124748840924536
28 64 1.880614156109223
56 65 0.21088184704301205
56 67 3.10674997290245
64 492 -1.3959339919795308
65 67 2.141984057957801
0 68 3.10674997290245
62 68 2.646993557188065
0 73 -4.844202616288199
56 73 -4.43612156009328
0 59 0.4674453385798212
65 69 -0.14812115655181013
0 69 -1.2327653271421226
0 68 3.015725255756913
68 69 -2.2726892867301896
0 70 1.9501526258096291
0 72 -3.9184428135768994
70 72 -2.1840514594677467
67 73 -4.43612156009328
72 73 1.9501526258096291
59 71 2.023523983245292
0 71 1.6908566753683048
28 71 -2.319517101482562
67 69 -0.5004308444200505
66 75 -2.5274489963885465
28 75 -3.0157253387444354
0 74 3.574453703354731
28 492 -1.1457782950449733
71 79 1.5497853865743236
71 74 1.0422550037182607
0 72 -3.9184428135768994
28 79 -5.53733426701854
74 79 2.7117470592609445
69 76 0.45104689322786395
69 77 -1.914934325902037
67 76 2.0618119072200103
68 77 2.8534721380276795
66 78 -1.371652884404361
60 78 -1.1246387871621042
75 78 -2.0618119810484816
76 77 1.210635526973574
28 78 -1.986327866288225
28 78 -1.3008300007371676
0 73 -5.53733426701854
67 83 -4.844202616288199
76 83 -1.60462908492035
78 84 -0.8122801326543725
79 82 1.986327796610479
76 81 -0.533685124626992
77 81 -0.17945749696390423
28 84 -0.722426472174637
28 82 -3.732408358890588
74 89 -2.9316434205780437
28 84 -0.9825428039459942
0 89 -3.106750063060895
81 83 -1.420575958424365
0 80 1.986327796610479
80 89 -5.53733426701854
28 85 -4.844202616288199
82 85 2.5274488884529975
81 87 0.48390574875928927
73 80 -4.145152083743929
68 81 -1.847139159904398
68 87 -4.844202616288199
79 86 0.35381849771398977
74 86 3.3153580262671256
68 88 -2.319517101482562
0 88 -2.8534722097520193
82 86 0.33778526158074773
86 89 -5.53733426701854
87 88 -1.2106356105583946
28 73 1.347717671142901
28 87 -0.007781779532672672
28 88 -2.1840514594677467
28 80 -4.844202616288199
81 90 1.232765242543629
87 90 -2.368217501379304
88 91 -2.1840514594677467
0 91 1.1457782142804072
83 90 -4.145152083743929
28 67 -3.106750063060895
28 82 -1.2551670218420983
28 86 -4.844202616288199
28 89 0.6698459156176995
28 83 1.347717671142901
28 90 -2.7803933790295874
0 103 3.9184427168471876
0 93 -1.0625403846496646
91 93 0.22663210648628773
28 95 -3.3153581355547077
88 94 -1.1457782950449733
28 94 -3.2060451019615273
91 94 0.7580154487445683
28 92 -1.3959339919795308
28 97 -2.22757952790676
92 97 -0.5504199144331001
95 97 -0.8306198826413334
93 94 -0.023346044556825873
28 96 -2.9316434205780437
95 96 -0.618143736811748
28 98 -3.2060451019615273
92 98 0.08565016394454328
95 108 0.5336849977291656
93 103 -0.6010891274007599
96 108 -0.9053575182618498
28 101 -3.3153581355547077
98 101 3.10674997290245
92 99 0.45104689322786395
98 99 -0.023346044556825873
97 99 -2.8534722097520193
94 103 -0.7580155848378691
100 108 2.646993557188065
96 100 0.1637791782871667
28 103 -5.53733426701854
28 102 -0.6872706606037844
101 102 -1.0022630255891705
97 108 3.3153580262671256
99 104 2.368217406966919
97 104 0.8306197427665889
96 108 -0.007781779532672672
28 108 -3.9184428135768994
28 111 -4.844202616288199
103 111 2.141984057957801
28 105 2.4719660016221714
84 112 -0.8864566941706382
28 112 -3.9184428135768994
84 105 -0.867703438765498
105 112 -5.53733426701854
99 116 -1.2778514672160726
104 116 0.48390574875928927
28 109 -0.8490927706325437
102 109 1.188767543534301
102 107 0.8490926297285697
98 107 -2.4719661045957224
28 106 -0.9244110766470177
106 109 0.45104689322786395
28 110 -2.22757952790676
28 113 -3.732408358890588
106 113 0.007781661256567096
28 114 -3.0157253387444354
107 109 -0.17945749696390423
108 114 -0.5170230248961472
28 121 -4.844202616288199
110 121 -0.10124760698692858
97 116 3.4370554399806776
28 128 -3.106750063060895
109 115 1.188767543534301
107 115 1.6328169387983074
112 128 -0.7401649710893459
28 127 -2.5274489963885465
109 119 0.023345926266394867
114 122 -0.4674454634335292
28 122 -3.106750063060895
113 127 0.369896870073811
106 119 0.6181436068748636
98 116 3.7324082779400585
110 126 -0.533685124626992
121 126 0.369896870073811
28 138 -2.319517101482562
109 120 1.347717671142901
97 117 2.184051378192568
127 138 -1.0625403846496646
103 118 1.9149341938214999
113 119 0.40219817433836536
119 120 2.023523983245292
108 117 2.418966462073592
110 123 1.7825318837304605
107 125 0.023345926266394867
115 120 1.986327796610479
116 125 0.33778526158074773
28 136 -4.43612156009328
110 128 -2.0618119810484816
121 136 1.1457782142804072
110 133 -0.7940690348095123
113 124 3.2060450031958343
108 135 4.436121480203944
126 133 2.4719660016221714
119 124 2.4719660016221714
116 117 1.6328169387983074
129 138 0.1168571278983801
127 129 3.2060450031958343
113 130 2.31951701078773
114 131 -1.4968294629075651
28 112 -5.53733426701854
123 133 1.9149341938214999
127 130 2.5274488884529975
108 131 2.646993557188065
114 132 -0.32179504083642385
122 132 0.38602265684584536
115 125 0.1637791782871667
116 134 -0.867703438765498
123 128 -0.7047962700763302
28 140 -2.368217501379304
115 141 -0.21088196663715686
125 141 1.0625402297313233
116 137 -1.4455945421327967
111 139 -0.353818619728701
136 140 -0.8122801326543725
138 140 1.1671515377428254
124 130 2.7117470592609445
134 137 -2.1419841365639445
131 132 2.2726891994400433
103 139 -3.3153581355547077
126 136 1.471006361575077
120 124 0.22663210648628773
120 141 0.6698459156176995
116 142 3.9184427168471876
124 141 1.9149341938214999
134 142 -0.5841189757308616
117 143 -0.007781779532672672
131 135 0.9629978960423582
116 141 3.4370554399806776
116 143 0.9244109312539295
108 143 0.7940688968903633
132 135 1.3008299128497565
122 135 -0.5504199144331001
28 147 -4.145152083743929
135 143 -0.6698460476628039
122 147 0.5504197869721676
112 145 -0.9436227297103521
131 144 1.5497853865743236
128 145 2.141984057957801
135 144 2.93164334365634
131 135 1.9149341938214999
122 146 0.054484828546315534
128 133 -1.6328170469254393
135 146 3.015725255756913
142 143 0.9244109312539295
28 139 -1.847139159904398
116 153 0.982542654754837
137 153 -0.5004308444200505
124 127 3.3153580262671256
141 153 3.4370554399806776
137 142 -1.3008300007371676
146 147 1.880614156109223
141 149 4.844202556684481
133 150 3.3153580262671256
140 148 0.21088184704301205
138 148 0.369896870073811
129 148 -0.40219829746062086
126 150 2.4719660016221714
135 144 1.8144599138640842
136 151 2.646993557188065
140 151 -0.0544849469084292
140 152 0.7759821143416219
143 155 0.1481210376275779
135 155 3.015725255756913
103 157 3.7324082779400585
151 152 2.7117470592609445
148 152 2.368217406966919
139 157 -4.43612156009328
137 154 -0.7401649710893459
142 154 3.3153580262671256
128 150 -2.8534722097520193
142 155 2.8534721380276795
144 156 2.2726891994400433
127 148 2.7803933118077264
153 154 0.1637791782871667
135 156 4.145152023550564
128 160 -1.3477177614522067
150 160 2.646993557188065
135 147 2.368217406966919
28 159 -2.7117471225450083
147 159 0.1168571278983801
145 158 1.3959338990403656
112 158 -2.1840514594677467
127 141 0.8864565510992328
145 160 -1.9501526936104758
136 150 0.45104689322786395
136 152 1.6328169387983074
157 161 0.7224263377855422
127 149 1.5230823357393546
139 161 -1.6615502176829433
112 163 3.2060450031958343
150 162 0.054484828546315534
136 148 2.368217406966919
158 163 -3.106750063060895
136 162 1.72076695640305
28 161 -4.844202616288199
28 172 -2.368217501379304
150 164 0.9053573740495944
149 200 4.145152023550564
154 170 2.646993557188065
142 170 1.6615501074318497
135 166 4.145152023550564
158 160 -2.368217501379304
162 164 1.5769599644200505
155 166 5.537334267018537
160 164 2.31951701078773
28 167 -3.9184428135768994
135 159 0.9629978960423582
159 167 -0.6525189378391278
136 165 2.7803933118077264
159 175 0.41842577919951873
155 170 4.436121480203944
135 175 4.844202556684481
28 171 -2.0618119810484816
127 200 2.368217406966919
28 178 -4.844202616288199
157 187 -1.986327866288225
171 172 -4.43612156009328
167 175 3.2060450031958343
167 178 3.3153580262671256
161 187 -2.1012697910023577
28 181 -2.6469936768108107
136 168 2.418966462073592
136 169 1.124638707269666
149 174 2.4719660016221714
172 181 0.8677032967963991
168 169 2.8534721380276795
165 169 1.9501526258096291
174 200 3.4370554399806776
28 163 -2.5274489963885465
162 168 1.3241144775306468
28 176 -2.0618119810484816
163 176 -3.732408358890588
164 168 0.7401648358628796
164 173 3.7324082779400585
168 173 2.5274488884529975
157 179 -1.6615502176829433
153 170 0.6698459156176995
166 170 4.145152023550564
28 180 -3.43705550120135
149 177 2.2726891994400433
179 187 -1.2778514672160726
174 177 2.4719660016221714
28 184 -4.145152083743929
180 184 1.445594446330888
28 189 -3.43705550120135
158 182 4.145152023550564
153 186 3.3153580262671256
181 189 0.9244109312539295
163 182 -2.418966560561031
158 164 -1.2778514672160726
170 186 1.6908566753683048
28 185 -3.732408358890588
135 183 4.436121480203944
171 180 0.38602265684584536
185 189 -0.40219829746062086
28 196 -2.319517101482562
164 182 -0.27405945275533616
28 192 -4.145152083743929
176 196 -1.2778514672160726
169 173 4.844202556684481
136 169 1.5769599644200505
148 200 4.844202556684481
178 192 1.6328169387983074
141 186 0.2899341161553104
171 207 -3.9184428135768994
172 207 2.8534721380276795
141 177 3.3153580262671256
167 190 1.986327796610479
175 190 0.07006324471763459
180 188 0.9053573740495944
185 195 -0.867703438765498
28 195 -4.43612156009328
161 167 -0.867703438765498
171 188 1.2778513804684322
167 187 -0.24241052705099042
171 193 -0.36989699244014895
193 207 4.436121480203944
163 196 -3.2060451019615273
28 167 -3.106750063060895
172 194 0.07006324471763459
181 194 2.184051378192568
28 197 -3.9184428135768994
182 191 3.3153580262671256
194 207 3.7324082779400585
195 197 1.7513136084096503
163 191 0.5841188470777665
189 194 4.436121480203944
157 187 -4.43612156009328
28 198 -3.9184428135768994
184 198 4.844202556684481
164 201 -0.33778538326100627
184 188 1.232765242543629
182 201 2.4719660016221714
167 192 1.8144599138640842
187 199 -0.8306198826413334
173 201 1.6908566753683048
167 199 -1.2327653271421226
185 204 0.2899341161553104
196 197 -1.7825320036768968
177 200 2.0618119072200103
141 200 3.574453703354731
170 202 1.9149341938214999
188 198 0.6181436068748636
188 193 -0.6872706606037844
186 202 2.5274488884529975
189 204 -3.5744537730315336
135 203 4.436121480203944
188 207 -1.5497854889223055
195 204 -2.7803933790295874
166 202 2.7117470592609445
157 199 -3.732408358890588
190 205 0.8677032967963991
167 206 0.35381849771398977
169 201 1.6328169387983074
167 205 4.436121480203944
199 206 0.03891301945135828
28 211 -4.844202616288199
198 211 2.7117470592609445
198 207 3.7324082779400585
175 205 5.537334267018537
183 210 1.347717671142901
167 209 4.145152023550564
135 210 4.844202556684481
206 209 3.7324082779400585
141 208 2.184051378192568
186 208 -0.7940690348095123
186 215 0.22663210648628773
135 202 2.646993557188065
175 183 3.7324082779400585
208 215 -3.2060451019615273
175 210 3.9184427168471876
163 213 -1.847139159904398
191 213 0.9436225830949259
157 206 -3.9184428135768994
163 212 0.5841188470777665
200 217 3.7324082779400585
206 216 2.368217406966919
212 213 -0.40219829746062086
157 216 -4.844202616288199
211 220 3.4370554399806776
195 221 0.38602265684584536
191 222 -1.420575958424365
182 222 -4.145152083743929
135 210 3.2060450031958343
203 210 2.7117470592609445
204 221 -0.007781779532672672
201 222 -3.106750063060895
28 220 -3.732408358890588
201 214 0.8677032967963991
169 214 -0.22663222628581936
196 212 -2.1419841365639445
197 221 0.9244109312539295
196 221 -2.9316434205780437
201 224 -5.53733426701854
205 218 3.7324082779400585
167 218 4.436121480203944
222 224 0.35381849771398977
200 208 0.08565016394454328
186 225 -1.5230824363372633
135 223 4.145152023550564
189 221 -0.4839058740936957
215 225 1.4968293639808472
202 225 -1.9501526936104758
212 221 -0.07006336313715722
213 222 -4.844202616288199
200 240 2.2726891994400433
167 219 2.93164334365634
136 214 -1.420575958424365
208 240 -0.8122801326543725
209 219 2.31951701078773
217 240 4.844202556684481
214 224 -1.986327866288225
198 228 -0.722426472174637
207 228 -1.7825320036768968
189 207 4.844202556684481
215 240 -2.418966560561031
198 226 1.5497853865743236
226 228 1.0221648177565306
209 216 3.9184427168471876
214 237 -1.6328170469254393
136 242 -5.53733426701854
136 229 2.141984057957801
175 230 3.3153580262671256
224 237 2.368217406966919
214 242 -1.8806142848807943
220 227 1.5769599644200505
205 230 3.10674997290245
167 232 4.436121480203944
211 227 4.436121480203944
202 223 3.015725255756913
218 230 3.574453703354731
198 234 3.574453703354731
136 245 -5.53733426701854
226 234 2.5856857384930256
242 245 0.7224263377855422
207 238 3.4370554399806776
221 244 -0.618143736811748
212 239 1.3959338990403656
213 239 1.0022628750411067
222 235 -0.2899342369326745
224 235 -2.1840514594677467
240 248 -3.9184428135768994
215 248 1.9149341938214999
135 202 1.445594446330888
237 242 0.054484828546315534
28 233 -3.2060451019615273
220 233 2.7117470592609445
228 241 -1.0022630255891705
213 252 0.023345926266394867
213 249 -1.5769600686022973
229 245 -5.53733426701854
167 231 3.7324082779400585
207 241 -0.6010891274007599
249 252 -0.4839058740936957
222 249 -5.53733426701854
202 210 4.436121480203944
210 230 4.844202556684481
231 232 1.471006361575077
167 209 4.436121480203944
28 246 -2.2726892867301896
224 236 0.7401648358628796
202 243 0.48390574875928927
233 246 0.45104689322786395
211 234 0.9053573740495944
235 236 -1.5497854889223055
136 200 2.141984057957801
225 243 2.5856857384930256
221 239 -1.4968294629075651
239 252 1.3241144775306468
235 249 -0.8864566941706382
243 248 -1.420575958424365
236 237 0.07006324471763459
200 240 0.13248100121840833
227 233 1.210635526973574
136 240 4.844202556684481
211 254 -1.7825320036768968
234 254 -1.5230824363372633
221 252 -2.368217501379304
167 230 3.2060450031958343
28 247 -3.9184428135768994
28 250 -1.914934325902037
246 250 -2.7117471225450083
189 244 -1.8806142848807943
189 257 -4.43612156009328
231 253 0.3058452631148958
247 250 0.5336849977291656
227 254 -3.106750063060895
244 257 2.0618119072200103
167 253 1.3241144775306468
244 252 0.652518806521984
236 249 -2.4719661045957224
232 253 3.7324082779400585
236 255 -2.5274489963885465
238 257 -4.844202616288199
249 255 -0.40219829746062086
240 270 5.537334267018537
237 255 -4.145152083743929
248 270 -5.53733426701854
28 265 -1.4455945421327967
247 265 3.7324082779400585
230 253 3.574453703354731
28 251 -2.368217501379304
251 265 1.9149341938214999
216 260 3.3153580262671256
255 258 1.5497853865743236
237 258 -3.5744537730315336
242 258 -2.4719661045957224
210 256 3.015725255756913
167 216 1.347717671142901
227 246 -0.36989699244014895
167 260 3.015725255756913
246 254 -1.4710064589046166
209 260 1.8471390342477205
226 254 0.9629978960423582
167 253 2.0618119072200103
238 274 -1.8144600365838361
136 275 1.9149341938214999
207 228 -2.6469936768108107
257 274 2.8534721380276795
229 275 -1.4968294629075651
28 261 -3.732408358890588
251 261 1.0022628750411067
207 274 -3.5744537730315336
230 259 3.574453703354731
245 258 -1.986327866288225
249 262 -1.371652884404361
258 267 2.5856857384930256
245 267 -2.5856858519456853
255 262 -1.1887676261434261
202 268 4.436121480203944
210 263 0.9436225830949259
256 263 0.6181436068748636
252 262 -1.6615502176829433
229 267 1.0830275858277314
243 268 3.9184427168471876
252 276 1.232765242543629
202 271 3.7324082779400585
262 276 -0.038913137770452355
230 256 0.4347078707200993
255 266 -2.0618119810484816
167 264 4.145152023550564
252 257 -0.9436227297103521
262 266 2.646993557188065
136 270 3.574453703354731
257 273 -0.07006336313715722
258 266 0.5004307185850176
256 272 1.8144599138640842
230 272 -0.33778538326100627
230 269 3.10674997290245
252 273 -2.2726892867301896
253 264 4.844202556684481
268 271 1.9501526258096291
250 279 2.023523983245292
257 283 2.418966462073592
252 284 -1.6615502176829433
263 280 2.2275794437459226
256 280 3.3153580262671256
246 279 -2.9316434205780437
276 284 2.0618119072200103
28 291 -3.9184428135768994
28 277 -3.732408358890588
257 289 0.6698459156176995
272 285 1.3959338990403656
230 285 -2.1419841365639445
269 285 -3.3153581355547077
254 279 -4.43612156009328
283 289 3.3153580262671256
273 289 1.0830275858277314
28 299 -4.145152083743929
28 288 -3.106750063060895
28 300 -3.0157253387444354
261 282 -1.083027742309897
251 282 0.4347078707200993
251 281 3.10674997290245
272 280 -0.21088196663715686
277 288 1.880614156109223
261 300 -0.3860227795812654
265 281 1.6328169387983074
28 298 -4.43612156009328
291 298 2.93164334365634
287 291 2.5274488884529975
28 287 -2.9316434205780437
28 292 -2.6469936768108107
247 278 1.880614156109223
277 292 4.145152023550564
250 278 -1.847139159904398
210 280 -0.305845384176723
261 286 -1.2106356105583946
258 293 -5.53733426701854
267 293 -4.145152083743929
202 280 1.0221648177565306
288 300 -1.2106356105583946
282 286 2.368217406966919
281 282 0.4347078707200993
267 294 -5.53733426701854
270 307 1.0221648177565306
247 281 2.5274488884529975
274 283 2.023523983245292
293 294 1.6908566753683048
136 307 1.72076695640305
284 290 2.5856857384930256
276 290 1.6328169387983074
258 262 -0.8864566941706382
262 290 0.242410407030617
262 293 -5.53733426701854
243 271 2.646993557188065
28 312 -4.145152083743929
28 297 -4.844202616288199
297 298 -0.7940690348095123
261 295 1.1457782142804072
286 295 1.8471390342477205
299 312 0.4674453385798212
297 299 0.5841188470777665
287 292 -0.4839058740936957
295 300 2.7803933118077264
280 285 -2.2726892867301896
287 301 0.6872705278045488
292 301 -0.9053575182618498
292 316 4.844202556684481
247 282 -0.9244110766470177
273 302 -1.3477177614522067
243 304 1.6328169387983074
202 285 -4.43612156009328
301 316 -0.8306198826413334
252 302 -1.1457782950449733
248 304 0.4674453385798212
202 280 -0.722426472174637
28 308 -4.844202616288199
207 283 -5.53733426701854
280 311 2.8534721380276795
230 285 -2.9316434205780437
308 312 1.0022628750411067
202 311 4.145152023550564
298 315 0.7401648358628796
247 286 0.13248100121840833
250 317 1.3959338990403656
284 296 2.141984057957801
230 314 1.3959338990403656
297 315 2.141984057957801
279 317 0.13248100121840833
228 283 2.31951701078773
284 302 1.103724552883528
285 314 -0.722426472174637
230 264 3.4370554399806776
247 306 3.3153580262671256
262 309 -5.53733426701854
167 305 2.2275794437459226
278 306 1.8144599138640842
226 279 -3.3153581355547077
289 302 -1.3008300007371676
275 307 1.8144599138640842
294 303 0.054484828546315534
247 295 -1.1246387871621042
293 303 1.0022628750411067
248 307 -0.5672302300910688
248 313 3.9184427168471876
291 301 0.9053573740495944
229 294 -4.43612156009328
28 321 -5.53733426701854
296 318 -3.5744537730315336
284 318 -2.8534722097520193
294 310 0.5170228985401271
308 321 1.471006361575077
293 309 -0.5672302300910688
303 310 2.2726891994400433
278 334 -2.4719661045957224
309 327 -1.4710064589046166
293 327 -0.6525189378391278
306 334 -1.1246387871621042
250 334 3.10674997290245
202 314 1.232765242543629
28 329 -3.3153581355547077
279 323 0.8864565510992328
284 325 0.5672301020452246
290 326 -3.732408358890588
262 326 -4.43612156009328
167 328 0.5336849977291656
321 329 2.8534721380276795
317 334 2.5856857384930256
317 323 2.023523983245292
226 323 -1.751313725733529
296 325 0.5672301020452246
309 326 -2.0618119810484816
264 328 3.9184427168471876
226 324 3.7324082779400585
228 324 -0.007781779532672672
302 319 0.2899341161553104
310 320 0.8122799937741847
202 243 4.145152023550564
299 315 1.3008299128497565
303 327 -1.5497854889223055
294 320 1.347717671142901
28 341 -4.844202616288199
300 322 -1.7207670712436016
295 322 -1.60462908492035
295 340 -1.9501526936104758
318 331 2.646993557188065
284 331 -2.418966560561031
309 332 0.4674453385798212
314 333 -0.038913137770452355
230 333 -4.145152083743929
329 341 2.141984057957801
288 322 3.10674997290245
322 340 2.2726891994400433
247 340 3.10674997290245
290 331 -3.0157253387444354
326 332 0.1481210376275779
305 328 0.023345926266394867
277 338 1.7513136084096503
289 330 -1.0221649697100497
302 330 -0.7047962700763302
331 335 3.2060450031958343
331 339 -0.8490927706325437
290 339 -1.847139159904398
229 320 -5.53733426701854
288 338 2.5274488884529975
283 330 -2.7117471225450083
319 330 0.023345926266394867
284 319 0.7401648358628796
335 339 1.604628978813839
310 327 -1.5230824363372633
275 320 -3.106750063060895
304 313 -0.08565028243590467
327 336 1.5230823357393546
310 336 -1.1887676261434261
264 305 0.2899341161553104
318 325 -4.145152083743929
248 275 -0.722426472174637
290 373 -0.25821891342749526
304 344 -0.27405945275533616
319 325 0.48390574875928927
339 373 -0.4347079946705643
326 373 -5.53733426701854
327 332 0.242410407030617
275 347 -4.844202616288199
313 344 -0.11685724657693086
320 336 -2.023524054927849
320 347 1.5769599644200505
325 343 -1.7825320036768968
304 358 -4.844202616288199
243 358 -5.53733426701854
230 359 3.7324082779400585
230 337 -0.9436227297103521
264 337 -4.145152083743929
298 301 1.7513136084096503
318 343 1.9149341938214999
275 313 -0.9244110766470177
344 358 -4.43612156009328
202 333 -5.53733426701854
337 359 -3.5744537730315336
275 344 -2.7117471225450083
283 324 -0.4347079946705643
299 360 4.844202556684481
292 342 3.9184427168471876
277 342 2.2275794437459226
338 349 1.6328169387983074
324 362 -2.1840514594677467
318 345 -2.7117471225450083
336 353 1.5230823357393546
320 353 -1.751313725733529
243 370 -5.53733426701854
202 354 4.844202556684481
312 360 0.8677032967963991
288 349 3.015725255756913
283 362 3.574453703354731
358 370 1.232765242543629
341 355 1.2551669361900215
318 350 -2.6469936768108107
318 346 -2.4719661045957224
275 348 -3.5744537730315336
338 342 2.5274488884529975
288 340 1.5769599644200505
345 350 2.023523983245292
345 346 1.4205758640846524
331 346 -0.3860227795812654
347 348 -1.1887676261434261
28 355 -3.106750063060895
298 366 0.9436225830949259
325 356 -1.4455945421327967
331 351 -0.038913137770452355
326 352 -0.9436227297103521
332 365 -0.16377929735639296
327 357 -0.533685124626992
315 366 1.9501526258096291
319 356 -1.9501526936104758
343 356 1.7513136084096503
346 351 1.880614156109223
335 351 -0.007781779532672672
352 373 -4.43612156009328
352 365 1.347717671142901
28 377 -3.0157253387444354
355 377 3.9184427168471876
308 371 -0.5004308444200505
315 360 0.054484828546315534
247 367 3.574453703354731
319 363 -3.106750063060895
356 363 1.604628978813839
336 357 -1.1037246319352672
312 371 3.9184427168471876
339 351 -0.635285935274005
28 413 -3.732408358890588
317 361 3.4370554399806776
323 361 0.5504197869721676
226 362 -3.106750063060895
319 372 0.5504197869721676
339 364 -0.353818619728701
332 382 -0.8864566941706382
327 382 -1.2778514672160726
336 369 -0.16377929735639296
320 374 -1.324114566604422
230 384 1.445594446330888
321 371 0.7940688968903633
363 372 -0.24241052705099042
343 350 -0.8306198826413334
351 364 1.8471390342477205
365 382 1.604628978813839
357 382 0.8306197427665889
357 369 1.8471390342477205
353 369 -0.33778538326100627
353 374 1.2551669361900215
347 374 0.3217949194737102
333 384 0.03891301945135828
28 376 -1.986327866288225
376 377 1.6328169387983074
247 404 1.7825318837304605
226 361 -0.9436227297103521
343 368 -0.6872706606037844
350 368 1.6328169387983074
275 375 3.9184427168471876
364 373 -0.2899342369326745
348 375 -2.5856858519456853
342 378 0.35381849771398977
338 378 -0.4510470176203887
334 379 3.9184427168471876
317 379 1.103724552883528
330 372 -2.7117471225450083
202 388 4.844202556684481
333 388 -2.5856858519456853
376 413 -2.023524054927849
367 404 1.2551669361900215
306 404 -0.36989699244014895
361 379 2.5274488884529975
360 371 3.7324082779400585
343 380 -1.9501526936104758
345 381 -0.9825428039459942
243 393 -5.53733426701854
360 366 0.8864565510992328
349 378 0.6698459156176995
283 372 -2.418966560561031
356 380 -2.6469936768108107
368 380 1.445594446330888
344 375 -2.7117471225450083
370 393 2.4719660016221714
28 389 -3.9184428135768994
389 413 2.418966462073592
301 390 0.5004307185850176
346 381 -1.3008300007371676
353 383 -1.1887676261434261
298 390 2.184051378192568
292 390 2.646993557188065
247 288 1.8471390342477205
350 381 -1.0221649697100497
369 383 1.445594446330888
384 388 1.3959338990403656
350 385 -0.305845384176723
351 381 -1.0625403846496646
344 425 -0.305845384176723
243 394 1.604628978813839
264 392 3.9184427168471876
306 379 1.3008299128497565
381 385 1.4205758640846524
374 383 0.007781661256567096
347 375 -4.844202616288199
226 398 -0.07006336313715722
226 283 -2.1840514594677467
350 387 -0.40219829746062086
352 401 0.1481210376275779
365 386 0.5170228985401271
357 391 0.4347078707200993
344 416 -0.8306198826413334
329 355 2.184051378192568
283 398 1.986327796610479
363 380 -0.9053575182618498
368 387 0.45104689322786395
385 387 2.7117470592609445
382 386 0.7401648358628796
369 391 -0.14812115655181013
416 425 -1.2106356105583946
358 416 -3.732408358890588
28 413 -3.732408358890588
342 397 0.8490926297285697
364 381 -0.6872706606037844
264 412 -0.36989699244014895
292 397 1.7513136084096503
378 397 2.418966462073592
243 354 1.471006361575077
337 412 -0.4674454634335292
28 395 -3.5744537730315336
395 413 0.8864565510992328
382 391 -1.690856787854381
347 409 1.0422550037182607
321 355 1.347717671142901
366 390 0.6181436068748636
379 404 0.1481210376275779
372 380 -0.25821891342749526
380 387 0.5004307185850176
373 401 -5.53733426701854
365 401 -0.7580155848378691
383 391 0.054484828546315534
374 409 0.38602265684584536
393 394 -4.844202616288199
377 413 0.2899341161553104
372 400 1.3716527928075883
373 381 -1.3959339919795308
283 400 -3.106750063060895
380 400 1.9149341938214999
386 401 -2.1012697910023577
375 409 -5.53733426701854
321 402 2.141984057957801
371 396 4.436121480203944
380 399 0.242410407030617
355 402 2.8534721380276795
387 399 2.5274488884529975
359 384 -0.3860227795812654
28 413 -4.145152083743929
288 404 4.145152023550564
247 404 0.982542654754837
375 424 -4.43612156009328
370 416 -5.53733426701854
384 406 0.6010889981175147
359 411 -3.732408358890588
361 398 -4.43612156009328
409 424 1.2778513804684322
388 406 2.5856857384930256
384 411 0.5336849977291656
359 412 -0.21088196663715686
28 414 -4.145152083743929
377 407 1.9501526258096291
321 396 0.1168571278983801
378 403 0.5004307185850176
283 405 2.4719660016221714
202 410 1.9501526258096291
413 414 -0.5170230248961472
355 407 2.646993557188065
396 402 4.436121480203944
397 403 1.604628978813839
349 403 1.9149341938214999
383 409 1.6328169387983074
392 412 -1.4455945421327967
292 408 3.7324082779400585
292 403 2.368217406966919
361 419 -4.844202616288199
283 415 -0.16377929735639296
386 434 -0.722426472174637
382 434 0.8490926297285697
398 419 4.844202556684481
405 415 3.3153580262671256
400 415 -2.368217501379304
391 434 0.35381849771398977
375 425 0.08565016394454328
386 422 -2.2726892867301896
401 422 1.5769599644200505
422 434 -0.7940690348095123
391 409 -0.10124760698692858
393 416 -3.43705550120135
354 410 0.6181436068748636
406 411 -3.2060451019615273
413 426 3.10674997290245
288 417 3.9184427168471876
379 418 1.103724552883528
283 420 1.232765242543629
385 433 -1.914934325902037
381 433 -3.0157253387444354
394 429 -4.145152083743929
377 426 2.8534721380276795
404 417 3.9184427168471876
405 420 3.7324082779400585
387 433 -2.418966560561031
381 401 -3.2060451019615273
393 429 -1.5497854889223055
28 430 -3.106750063060895
415 421 -2.22757952790676
400 421 1.124638707269666
399 400 -1.2106356105583946
414 430 0.054484828546315534
292 366 -2.319517101482562
403 408 4.145152023550564
404 418 -3.106750063060895
393 441 -3.732408358890588
379 419 -3.9184428135768994
399 433 -2.5274489963885465
381 422 -4.145152083743929
416 441 1.210635526973574
407 437 -0.6010891274007599
355 437 -2.8534722097520193
292 432 -1.914934325902037
379 427 3.9184427168471876
391 477 -4.43612156009328
366 432 3.9184427168471876
408 432 -1.3008300007371676
418 427 0.8122799937741847
414 423 1.7513136084096503
413 423 5.537334267018537
377 437 -0.6872706606037844
349 442 1.3008299128497565
398 439 2.93164334365634
283 439 3.10674997290245
283 405 -0.5504199144331001
411 452 0.8677032967963991
359 452 -2.6469936768108107
403 442 -0.9629980439232386
429 441 -0.19515772478657212
402 438 0.8122799937741847
415 431 -1.0625403846496646
421 431 1.3241144775306468
391 428 1.5497853865743236
409 428 -0.2899342369326745
410 443 1.0221648177565306
202 443 -0.25821891342749526
355 438 0.982542654754837
400 431 2.418966462073592
424 428 0.1168571278983801
377 445 -1.5769600686022973
283 440 3.7324082779400585
437 445 4.145152023550564
437 438 -0.22663222628581936
388 443 -2.22757952790676
28 444 -4.145152083743929
430 449 1.1671515377428254
288 442 -1.1037246319352672
425 472 -1.0022630255891705
416 448 1.188767543534301
429 435 1.0625402297313233
394 435 -4.145152083743929
243 436 2.7117470592609445
243 443 0.2582187931706581
354 443 0.45104689322786395
444 449 -0.618143736811748
423 430 2.4719660016221714
360 432 0.242410407030617
417 442 -0.0544849469084292
416 472 0.03891301945135828
388 411 0.1481210376275779
396 446 1.3959338990403656
371 446 -0.14812115655181013
408 456 -1.1887676261434261
412 453 -1.8806142848807943
432 456 -2.8534722097520193
448 472 0.3217949194737102
388 452 2.0618119072200103
359 453 1.471006361575077
438 455 1.5769599644200505
402 455 -0.6010891274007599
360 446 1.3959338990403656
426 445 -1.0625403846496646
419 427 -2.4719661045957224
428 477 -4.844202616288199
394 436 -2.0618119810484816
360 460 -0.4184259027266788
432 460 2.101269714871794
403 447 2.8534721380276795
399 468 -2.0618119810484816
388 488 -0.3860227795812654
408 447 3.9184427168471876
435 441 -0.13248112001244716
443 488 4.145152023550564
396 450 2.93164334365634
404 461 2.8534721380276795
405 451 3.7324082779400585
415 451 3.3153580262671256
431 470 -3.0157253387444354
400 470 -2.1419841365639445
399 470 -1.371652884404361
375 463 3.574453703354731
392 458 1.0422550037182607
264 458 0.5841188470777665
446 450 2.2275794437459226
441 448 2.8534721380276795
436 443 1.0625402297313233
28 465 -3.5744537730315336
437 475 -3.0157253387444354
438 475 2.2275794437459226
399 462 1.880614156109223
462 468 -2.2726892867301896
381 471 0.6181436068748636
435 464 0.5504197869721676
444 465 0.19515760538251437
446 460 1.9149341938214999
462 470 -2.023524054927849
424 463 -4.145152083743929
441 464 1.7513136084096503
402 467 1.9501526258096291
396 467 2.5856857384930256
403 457 2.646993557188065
283 398 -0.533685124626992
443 469 1.3959338990403656
452 474 3.2060450031958343
359 474 -1.8144600365838361
423 449 3.015725255756913
455 467 -0.13248112001244716
450 467 1.0422550037182607
447 457 1.6908566753683048
418 419 -0.08565028243590467
436 469 2.368217406966919
413 454 3.4370554399806776
418 481 2.184051378192568
399 487 -1.9501526936104758
433 487 4.436121480203944
381 511 -2.5274489963885465
419 481 4.145152023550564
468 487 -4.844202616288199
422 511 -4.844202616288199
413 459 1.2551669361900215
450 478 4.145152023550564
442 493 2.646993557188065
442 480 -0.5170230248961472
404 481 -3.732408358890588
454 459 2.101269714871794
413 445 0.7759821143416219
467 478 2.5856857384930256
457 493 -2.22757952790676
417 480 1.0422550037182607
461 481 -2.2726892867301896
444 486 -0.7401649710893459
413 466 2.4719660016221714
431 491 -1.751313725733529
441 482 -5.53733426701854
441 483 -4.43612156009328
435 484 1.210635526973574
394 484 -1.6615502176829433
449 486 4.145152023550564
459 466 1.4205758640846524
470 491 -0.25821891342749526
482 483 1.5497853865743236
412 458 -2.0618119810484816
28 485 -4.145152083743929
446 479 2.368217406966919
440 476 3.2060450031958343
448 473 1.103724552883528
388 443 -2.5856858519456853
465 485 -0.0544849469084292
455 475 0.5841188470777665
480 493 -0.8864566941706382
415 491 -4.844202616288199
464 483 -4.43612156009328
394 469 0.19515760538251437
450 455 -0.618143736811748
450 467 2.2275794437459226
446 489 0.13248100121840833
408 493 -1.1457782950449733
447 493 -0.305845384176723
398 495 1.347717671142901
381 487 -3.106750063060895
425 504 -3.9184428135768994
465 486 -0.9053575182618498
445 475 -2.7803933790295874
450 479 2.5856857384930256
479 489 2.93164334365634
456 460 -5.53733426701854
283 495 3.574453703354731
471 487 -4.145152083743929
472 473 0.023345926266394867
453 474 -1.751313725733529
423 486 4.436121480203944
445 454 0.19515760538251437
451 535 -0.353818619728701
415 535 -0.0544849469084292
464 529 0.8306197427665889
435 529 -0.6698460476628039
428 463 -4.844202616288199
472 504 -0.867703438765498
484 529 0.6352858046593717
445 459 -0.0544849469084292
445 501 -0.8490927706325437
461 508 -0.867703438765498
462 496 1.1457782142804072
375 490 0.5004307185850176
425 490 -0.14812115655181013
475 501 1.7825318837304605
460 489 -1.4455945421327967
481 508 3.015725255756913
470 496 -1.1887676261434261
490 504 -2.9316434205780437
445 466 0.274059332246233
450 460 0.1637791782871667
490 497 0.5504197869721676
452 546 -0.5504199144331001
450 489 3.3153580262671256
468 496 -1.847139159904398
497 504 -2.9316434205780437
441 473 -1.042255157127819
388 546 -0.4674454634335292
28 499 -5.53733426701854
485 499 0.9244109312539295
466 500 -0.16377929735639296
493 494 0.5672301020452246
461 525 1.0422550037182607
405 535 -2.418966560561031
464 506 -5.53733426701854
445 500 2.0618119072200103
480 494 1.103724552883528
508 525 0.21088184704301205
483 506 1.986327796610479
443 546 1.3008299128497565
445 507 1.103724552883528
440 503 2.646993557188065
473 505 -1.4455945421327967
441 505 -5.53733426701854
482 505 -0.038913137770452355
485 486 0.369896870073811
501 507 4.145152023550564
404 525 -2.22757952790676
405 440 -0.25821891342749526
413 500 -1.690856787854381
440 510 1.5230823357393546
391 512 1.5497853865743236
472 527 0.8306197427665889
472 515 -4.43612156009328
472 498 3.015725255756913
394 443 2.5856857384930256
452 522 -2.1012697910023577
474 522 -4.43612156009328
423 500 -2.0618119810484816
405 510 2.141984057957801
477 512 -3.9184428135768994
504 527 -0.618143736811748
473 498 -0.4184259027266788
482 506 0.5672301020452246
522 546 2.5274488884529975
28 513 -3.9184428135768994
486 509 5.537334267018537
475 502 3.3153580262671256
475 518 -4.43612156009328
460 541 -5.53733426701854
419 495 1.5769599644200505
499 513 2.368217406966919
501 502 3.2060450031958343
455 518 0.9053573740495944
456 541 2.2275794437459226
445 530 2.141984057957801
445 523 0.3058452631148958
417 494 0.5336849977291656
283 519 4.145152023550564
472 521 -3.5744537730315336
482 533 -0.8864566941706382
482 528 -1.2778514672160726
523 530 -0.16377929735639296
507 523 2.368217406966919
481 495 2.4719660016221714
495 519 3.10674997290245
491 535 -5.53733426701854
515 521 2.368217406966919
498 521 -4.844202616288199
505 533 -1.5497854889223055
528 533 1.5769599644200505
506 529 -3.5744537730315336
486 514 1.188767543534301
423 514 3.9184427168471876
456 517 -0.8122801326543725
408 517 -0.038913137770452355
417 525 0.1168571278983801
525 534 1.188767543534301
375 526 -2.368217501379304
484 516 1.4205758640846524
394 516 0.10124748840924536
508 534 4.436121480203944
434 512 -0.6525189378391278
490 526 -1.5769600686022973
417 524 3.7324082779400585
440 520 4.436121480203944
497 526 1.72076695640305
486 499 -0.11685724657693086
450 518 -1.7825320036768968
450 541 -3.5744537730315336
493 517 0.3217949194737102
524 525 3.574453703354731
515 527 -2.6469936768108107
450 539 -1.5230824363372633
450 540 -1.2106356105583946
510 520 1.0422550037182607
473 532 -4.145152083743929
505 532 -2.1012697910023577
505 538 0.054484828546315534
506 528 -2.1840514594677467
492 513 -2.023524054927849
502 518 -3.2060451019615273
539 540 1.6328169387983074
417 493 -0.305845384176723
463 526 -1.5769600686022973
498 532 -3.732408358890588
532 538 0.4347078707200993
503 535 0.6872705278045488
440 535 2.418966462073592
470 531 -1.4455945421327967
496 531 0.8490926297285697
463 536 0.5336849977291656
527 537 -3.0157253387444354
500 514 0.6872705278045488
500 530 -0.14812115655181013
502 507 1.5230823357393546
495 508 0.8122799937741847
468 531 -1.9501526936104758
381 487 -4.145152083743929
526 536 0.1637791782871667
504 526 -0.6872706606037844
515 537 2.101269714871794
500 549 -2.0618119810484816
450 572 -1.986327866288225
470 544 1.347717671142901
521 542 0.10124748840924536
498 542 -2.1012697910023577
530 549 1.0422550037182607
541 572 3.015725255756913
510 535 -1.60462908492035
531 544 -1.3959339919795308
526 527 0.4347078707200993
513 563 0.07006324471763459
499 563 -1.1037246319352672
440 519 0.41842577919951873
412 548 -2.8534722097520193
440 535 1.3716527928075883
520 535 1.8144599138640842
533 538 0.21088184704301205
516 529 -0.6525189378391278
453 548 2.184051378192568
507 543 3.2060450031958343
502 539 -5.53733426701854
518 539 1.5769599644200505
450 550 3.2060450031958343
508 551 -0.19515772478657212
498 567 -0.8306198826413334
516 603 -0.5841189757308616
509 514 1.8144599138640842
523 543 0.8490926297285697
540 550 -1.2327653271421226
517 541 -0.4510470176203887
495 551 3.2060450031958343
542 567 -0.27405945275533616
532 567 -4.844202616288199
529 603 -0.08565028243590467
499 556 0.652518806521984
486 556 2.2275794437459226
506 568 -0.8306198826413334
493 524 -1.3477177614522067
528 568 0.6872705278045488
518 553 -0.25821891342749526
450 553 0.8306197427665889
450 554 -2.5856858519456853
515 547 -2.7803933790295874
539 553 1.72076695640305
550 554 1.0422550037182607
519 551 3.574453703354731
521 547 -1.3959339919795308
521 552 -1.167151619412428
394 545 2.2726891994400433
507 539 -2.9316434205780437
547 552 2.2726891994400433
443 545 2.2726891994400433
524 580 4.436121480203944
474 548 0.40219817433836536
509 556 3.9184427168471876
554 572 -1.324114566604422
526 537 -1.324114566604422
537 547 -1.8144600365838361
530 557 -1.1246387871621042
523 557 2.646993557188065
531 555 0.8490926297285697
468 555 -1.847139159904398
526 564 1.5769599644200505
537 558 -2.5274489963885465
532 559 0.274059332246233
538 560 0.274059332246233
533 561 -0.5841189757308616
528 562 -0.9825428039459942
443 569 3.015725255756913
474 570 0.5841188470777665
556 563 -3.3153581355547077
543 557 1.7825318837304605
537 564 -0.9244110766470177
547 558 1.3008299128497565
542 552 -0.36989699244014895
559 567 -3.9184428135768994
559 560 0.9244109312539295
528 561 -1.7825320036768968
522 570 0.48390574875928927
540 573 4.145152023550564
491 584 2.101269714871794
470 584 -0.867703438765498
552 566 1.0422550037182607
542 566 -0.10124760698692858
539 543 -1.986327866288225
550 573 -2.368217501379304
544 584 -0.8490927706325437
544 555 -1.1037246319352672
561 562 1.5769599644200505
562 568 0.8864565510992328
516 545 -1.167151619412428
548 570 0.023345926266394867
440 551 0.6181436068748636
536 564 -1.60462908492035
537 565 -2.4719661045957224
558 565 1.5497853865743236
570 575 1.4205758640846524
548 575 2.184051378192568
535 584 -4.43612156009328
543 579 1.6615501074318497
493 580 -4.43612156009328
535 551 3.574453703354731
564 577 2.5274488884529975
538 561 0.2899341161553104
539 579 -0.038913137770452355
537 577 -0.40219829746062086
566 567 0.6698459156176995
560 561 1.3241144775306468
549 571 -1.6328170469254393
530 571 1.7825318837304605
547 574 -0.4839058740936957
529 585 -0.5504199144331001
585 603 1.880614156109223
524 534 0.4674453385798212
463 564 -2.0618119810484816
529 568 -4.844202616288199
443 516 -1.2551670218420983
539 573 1.3008299128497565
493 586 -4.844202616288199
580 586 5.537334267018537
552 574 0.023345926266394867
443 576 2.7803933118077264
557 571 1.1457782142804072
516 576 1.232765242543629
508 524 0.4674453385798212
555 618 1.0022628750411067
558 574 0.023345926266394867
566 574 1.0022628750411067
568 585 -5.53733426701854
546 570 2.7803933118077264
563 587 -3.0157253387444354
535 583 2.8534721380276795
561 578 0.10124748840924536
562 578 0.07006324471763459
556 587 3.4370554399806776
500 509 -1.5230824363372633
544 618 -1.4710064589046166
565 577 0.9436225830949259
565 574 -0.27405945275533616
559 599 0.8122799937741847
562 582 1.7825318837304605
578 582 1.7825318837304605
557 589 -3.9184428135768994
543 589 -3.732408358890588
579 589 0.1794573777347761
567 588 0.10124748840924536
567 581 4.145152023550564
568 600 -0.08565028243590467
567 574 -0.6010891274007599
581 588 -0.6698460476628039
585 600 -5.53733426701854
463 610 4.436121480203944
559 581 -3.3153581355547077
574 588 2.5856857384930256
560 578 -0.7759822513321553
576 603 2.418966462073592
571 589 -0.7401649710893459
508 580 -0.32179504083642385
581 599 -3.9184428135768994
560 599 -0.9053575182618498
562 600 0.9244109312539295
560 590 -0.9825428039459942
578 590 1.2551669361900215
575 592 1.6908566753683048
589 595 3.3153580262671256
550 593 0.9436225830949259
554 593 -4.145152083743929
508 597 -3.2060451019615273
579 595 1.7825318837304605
508 586 -1.0022630255891705
551 597 2.418966462073592
428 610 -5.53733426701854
539 604 -1.914934325902037
564 594 3.015725255756913
560 613 0.5504197869721676
443 603 4.844202556684481
546 603 -0.08565028243590467
573 604 -0.13248112001244716
463 594 -1.3959339919795308
574 577 0.21088184704301205
590 613 0.6872705278045488
549 589 -5.53733426701854
573 607 3.015725255756913
572 596 1.3241144775306468
541 596 1.880614156109223
551 602 1.9501526258096291
574 612 -4.145152083743929
562 591 1.604628978813839
569 603 1.6615501074318497
604 607 2.8534721380276795
468 618 -1.751313725733529
599 613 0.023345926266394867
570 603 -0.8864566941706382
570 592 2.8534721380276795
563 601 -3.2060451019615273
539 606 -1.3477177614522067
572 593 -4.145152083743929
572 605 -3.732408358890588
586 608 -2.1419841365639445
508 608 4.844202556684481
587 601 1.986327796610479
593 605 -0.8306198826413334
596 605 -2.0618119810484816
517 586 0.45104689322786395
591 600 -0.722426472174637
587 614 -1.167151619412428
556 614 -1.7825320036768968
573 593 -5.53733426701854
508 616 -2.7803933790295874
588 598 2.368217406966919
443 603 3.2060450031958343
509 614 -2.22757952790676
539 595 2.5856857384930256
597 616 3.3153580262671256
581 598 0.369896870073811
587 617 -1.847139159904398
582 639 -1.914934325902037
614 617 4.844202556684481
500 614 2.368217406966919
604 606 0.21088184704301205
594 610 -2.319517101482562
564 574 -0.6872706606037844
578 639 -3.2060451019615273
562 639 -3.106750063060895
517 596 0.9629978960423582
608 616 -3.2060451019615273
597 602 0.10124748840924536
598 599 -5.53733426701854
590 639 -3.9184428135768994
549 624 2.8534721380276795
606 611 0.9436225830949259
604 611 2.141984057957801
591 609 1.604628978813839
600 609 -0.7047962700763302
500 624 0.9053573740495944
588 612 -3.0157253387444354
591 639 -3.5744537730315336
563 619 -1.2551670218420983
589 615 0.9244109312539295
601 619 3.3153580262671256
595 615 3.7324082779400585
609 639 -4.43612156009328
570 575 -2.2726892867301896
539 632 -0.10124760698692858
573 620 1.7825318837304605
598 635 2.5274488884529975
603 630 3.10674997290245
606 632 3.7324082779400585
517 605 -2.418966560561031
574 594 -0.8306198826413334
599 635 -4.844202616288199
587 631 -0.10124760698692858
549 636 3.9184427168471876
551 597 2.646993557188065
594 628 -2.1012697910023577
574 628 -2.0618119810484816
574 634 -2.1012697910023577
600 621 0.2582187931706581
617 631 3.574453703354731
589 636 -3.5744537730315336
607 620 3.3153580262671256
517 608 2.5274488884529975
612 634 -5.53733426701854
609 621 0.9629978960423582
539 625 -0.9629980439232386
616 633 2.2726891994400433
625 632 2.5856857384930256
573 605 -3.106750063060895
608 633 1.103724552883528
601 641 -0.4839058740936957
587 641 -0.4839058740936957
604 622 0.982542654754837
607 622 1.5769599644200505
607 623 4.145152023550564
603 640 2.4719660016221714
619 641 -0.33778538326100627
595 625 -2.1012697910023577
611 622 -0.5841189757308616
622 623 4.145152023550564
588 635 -1.1457782950449733
517 644 0.8306197427665889
608 626 3.574453703354731
535 627 2.93164334365634
631 641 2.7117470592609445
517 573 3.2060450031958343
612 635 -4.844202616288199
621 639 -4.844202616288199
630 640 2.646993557188065
636 645 0.7047961364960313
589 645 1.103724552883528
611 637 -0.8864566941706382
583 638 -0.038913137770452355
613 629 1.6615501074318497
590 629 1.1457782142804072
622 637 2.023523983245292
535 638 1.5497853865743236
599 629 -0.6698460476628039
517 643 1.8471390342477205
594 651 -1.371652884404361
606 637 1.1457782142804072
620 623 2.93164334365634
643 644 3.4370554399806776
626 633 1.6908566753683048
551 616 2.2275794437459226
628 651 1.72076695640305
535 642 -0.6872706606037844
594 656 -0.618143736811748
517 626 4.844202556684481
551 633 3.7324082779400585
627 642 0.5841188470777665
610 656 -5.53733426701854
651 656 0.13248100121840833
614 624 -1.4710064589046166
589 646 2.023523983245292
487 659 0.1637791782871667
617 624 -1.847139159904398
615 646 3.3153580262671256
632 637 3.3153580262671256
468 659 -2.5274489963885465
619 649 1.6328169387983074
645 646 1.604628978813839
551 642 -0.7580155848378691
585 621 -5.53733426701854
619 631 -0.867703438765498
551 650 2.7803933118077264
584 679 1.8471390342477205
517 620 -0.33778538326100627
642 650 0.8490926297285697
517 655 2.0618119072200103
535 653 0.7940688968903633
628 648 -2.023524054927849
574 648 0.9244109312539295
603 652 3.3153580262671256
623 637 0.10124748840924536
643 655 2.31951701078773
638 653 -1.420575958424365
544 679 -0.4674454634335292
634 648 -1.60462908492035
630 652 2.7803933118077264
642 647 0.007781661256567096
627 647 3.7324082779400585
487 670 -0.9825428039459942
599 657 1.124638707269666
603 682 3.015725255756913
631 649 -2.319517101482562
623 632 2.141984057957801
535 679 -5.53733426701854
381 670 0.40219817433836536
648 651 -1.7207670712436016
629 657 -1.2106356105583946
535 647 2.93164334365634
570 677 0.3058452631148958
575 677 1.471006361575077
624 654 0.8122799937741847
517 663 3.10674997290245
517 664 1.9501526258096291
618 659 -0.8864566941706382
644 664 -5.53733426701854
647 650 2.2726891994400433
590 657 0.19515760538251437
645 658 4.436121480203944
647 661 2.368217406966919
535 661 1.2551669361900215
603 677 3.3153580262671256
620 669 -3.106750063060895
585 682 -1.1457782950449733
603 630 1.0022628750411067
617 649 -4.145152083743929
517 669 2.2726891994400433
655 663 3.9184427168471876
644 655 3.10674997290245
621 682 -5.53733426701854
624 662 4.844202556684481
625 668 5.537334267018537
632 660 3.2060450031958343
618 680 -0.023346044556825873
654 662 -0.635285935274005
595 668 0.274059332246233
544 680 -1.042255157127819
659 680 -0.11685724657693086
635 657 -5.53733426701854
623 660 0.8306197427665889
623 669 1.0422550037182607
517 665 1.188767543534301
477 676 -5.53733426701854
428 687 -0.5170230248961472
648 666 0.9053573740495944
652 667 2.7117470592609445
630 667 1.4968293639808472
664 665 3.015725255756913
626 665 0.21088184704301205
512 676 0.8677032967963991
477 687 -3.9184428135768994
651 666 -2.023524054927849
634 666 -1.0221649697100497
636 674 0.6010889981175147
535 583 1.9149341938214999
535 638 3.10674997290245
659 670 1.103724552883528
428 685 2.184051378192568
630 673 -1.3008300007371676
603 673 -1.847139159904398
549 662 1.3008299128497565
549 674 -2.023524054927849
645 674 0.3058452631148958
625 660 1.445594446330888
645 675 0.5504197869721676
674 675 -0.32179504083642385
660 669 1.0221648177565306
633 665 3.9184427168471876
685 687 0.5504197869721676
649 678 -2.0618119810484816
617 678 2.5856857384930256
610 671 1.5769599644200505
610 672 3.4370554399806776
651 701 0.7224263377855422
658 675 -0.33778538326100627
646 658 0.38602265684584536
670 680 -0.8864566941706382
671 672 2.7117470592609445
666 701 -1.4455945421327967
517 691 1.103724552883528
428 671 -5.53733426701854
621 699 1.880614156109223
669 691 0.3217949194737102
663 691 3.7324082779400585
676 687 2.646993557188065
671 685 -5.53733426701854
595 684 -2.5274489963885465
668 684 4.436121480203944
679 680 -0.6698460476628039
511 681 2.0618119072200103
422 681 -3.732408358890588
656 672 -4.43612156009328
654 690 2.184051378192568
662 690 1.347717671142901
603 686 2.93164334365634
615 684 -1.60462908492035
381 681 -3.43705550120135
656 701 -0.8864566941706382
639 699 -3.732408358890588
682 699 -5.53733426701854
662 683 2.93164334365634
662 693 1.604628978813839
549 693 1.6908566753683048
549 798 -5.53733426701854
658 697 2.5274488884529975
646 697 2.5274488884529975
615 688 -1.847139159904398
535 689 3.4370554399806776
630 695 3.10674997290245
673 695 -1.60462908492035
603 677 0.9629978960423582
674 798 -0.7401649710893459
684 688 4.436121480203944
655 691 1.7825318837304605
673 677 -0.33778538326100627
677 686 3.7324082779400585
674 697 2.141984057957801
603 667 1.8144599138640842
673 711 -2.4719661045957224
683 690 2.141984057957801
697 798 1.445594446330888
695 711 2.7117470592609445
617 696 2.141984057957801
646 688 -3.5744537730315336
551 698 -3.43705550120135
650 698 -0.8864566941706382
670 694 -1.8144600365838361
670 692 0.1168571278983801
603 630 5.537334267018537
678 696 0.40219817433836536
683 693 3.10674997290245
660 668 0.6181436068748636
655 664 -4.145152083743929
692 694 0.054484828546315534
381 692 0.33778526158074773
660 706 -3.106750063060895
669 706 3.015725255756913
535 633 2.5856857384930256
650 707 1.3241144775306468
535 712 3.015725255756913
583 712 2.646993557188065
422 709 -1.5769600686022973
434 709 1.5230823357393546
624 696 -3.5744537730315336
675 697 3.2060450031958343
535 551 2.646993557188065
647 707 1.6908566753683048
698 707 -0.7759822513321553
681 709 -5.53733426701854
677 711 2.4719660016221714
678 704 0.1168571278983801
678 705 2.7117470592609445
691 715 4.844202556684481
551 702 -3.0157253387444354
689 700 2.93164334365634
535 700 0.1168571278983801
679 700 -4.145152083743929
679 703 1.3008299128497565
680 703 -1.083027742309897
696 705 2.7117470592609445
693 798 -5.53733426701854
698 702 2.2275794437459226
655 718 -4.43612156009328
633 664 3.7324082779400585
381 717 -1.8806142848807943
512 709 -0.618143736811748
676 710 3.10674997290245
685 726 0.5004307185850176
704 705 0.07006324471763459
668 706 -3.732408358890588
664 718 3.7324082779400585
681 717 -1.324114566604422
676 685 1.0830275858277314
671 726 -4.145152083743929
669 715 -0.722426472174637
680 694 -1.1457782950449733
692 714 0.33778526158074773
381 714 -0.9825428039459942
512 719 -2.5274489963885465
688 697 -1.2327653271421226
691 718 -1.8144600365838361
714 717 0.6181436068748636
676 719 -4.43612156009328
669 713 4.844202556684481
694 708 2.31951701078773
709 719 -4.43612156009328
709 717 -5.53733426701854
710 719 -2.9316434205780437
603 695 2.5856857384930256
696 720 -3.3153581355547077
624 720 2.2726891994400433
551 722 1.210635526973574
590 732 1.5769599644200505
690 693 3.2060450031958343
702 722 0.9629978960423582
535 712 -0.9629980439232386
680 708 -0.9244110766470177
692 708 0.2582187931706581
672 726 -5.53733426701854
639 732 -5.53733426701854
654 720 -0.08565028243590467
684 706 -4.844202616288199
706 713 1.3008299128497565
697 721 5.537334267018537
707 724 0.6010889981175147
647 724 -0.7401649710893459
692 716 -1.9501526936104758
690 720 3.015725255756913
702 707 -1.2778514672160726
551 727 -0.22663222628581936
702 723 -0.7047962700763302
535 647 1.0422550037182607
703 725 -1.4710064589046166
676 729 -0.7047962700763302
685 729 -1.7825320036768968
535 727 0.22663210648628773
722 727 0.5170228985401271
707 723 1.986327796610479
535 724 -1.0625403846496646
680 725 -4.145152083743929
714 716 -0.27405945275533616
726 729 0.5504197869721676
679 728 -0.4674454634335292
688 721 -1.5769600686022973
713 715 0.5170228985401271
700 728 -2.5856858519456853
708 725 -2.2726892867301896
603 711 1.8471390342477205
704 731 -0.32179504083642385
705 731 2.646993557188065
689 733 0.6872705278045488
700 733 3.015725255756913
703 728 -0.6010891274007599
708 716 -1.5769600686022973
684 742 -5.53733426701854
706 742 3.9184427168471876
716 739 -3.732408358890588
705 720 -1.5230824363372633
722 723 -0.023346044556825873
725 728 -4.844202616288199
716 725 -2.7117471225450083
714 739 -1.914934325902037
691 742 -0.24241052705099042
535 722 0.08565016394454328
535 723 -0.25821891342749526
719 740 -2.6469936768108107
710 740 -0.6872706606037844
603 730 2.5274488884529975
718 742 4.145152023550564
535 664 0.45104689322786395
704 734 1.604628978813839
676 740 -0.9436227297103521
677 764 -2.1840514594677467
731 734 1.232765242543629
723 724 0.5841188470777665
711 764 -4.43612156009328
690 705 -0.5841189757308616
688 742 -4.844202616288199
682 735 3.4370554399806776
603 735 1.445594446330888
690 731 1.3959338990403656
721 742 0.4347078707200993
715 742 -1.324114566604422
709 714 -3.5744537730315336
699 735 -5.53733426701854
709 760 -5.53733426701854
719 760 -0.27405945275533616
721 798 0.8677032967963991
664 737 2.0618119072200103
635 744 2.93164334365634
603 736 1.8471390342477205
735 736 1.5769599644200505
713 742 2.7117470592609445
742 798 3.2060450031958343
714 760 0.7401648358628796
729 740 -2.368217501379304
612 744 -4.844202616288199
706 738 4.436121480203944
716 728 -2.023524054927849
726 741 -1.0221649697100497
738 742 4.436121480203944
729 741 1.2551669361900215
603 751 -4.145152083743929
711 751 -3.732408358890588
713 738 -0.4839058740936957
740 761 -1.2778514672160726
719 761 -2.5274489963885465
751 764 3.10674997290245
728 754 -1.7825320036768968
603 764 -3.43705550120135
535 737 -2.7803933790295874
760 761 -3.5744537730315336
740 741 -3.2060451019615273
712 746 -1.1246387871621042
700 754 -5.53733426701854
728 747 -2.0618119810484816
728 748 -2.0618119810484816
716 748 -1.3959339919795308
714 749 2.4719660016221714
726 743 1.8471390342477205
612 759 -0.0544849469084292
535 746 3.9184427168471876
733 754 -5.53733426701854
747 754 2.7117470592609445
747 748 -0.14812115655181013
749 760 2.2275794437459226
672 743 -4.43612156009328
634 759 -2.7803933790295874
730 757 -3.9184428135768994
603 757 -3.732408358890588
757 764 2.0618119072200103
743 745 1.4968293639808472
672 745 -4.145152083743929
741 743 -1.7825320036768968
664 753 0.03891301945135828
603 764 -3.106750063060895
730 764 -4.43612156009328
737 753 3.10674997290245
734 758 -0.6698460476628039
743 750 -0.9825428039459942
612 768 -2.418966560561031
731 758 -0.07006336313715722
741 750 1.188767543534301
745 750 -1.1887676261434261
744 768 -2.1012697910023577
690 756 3.3153580262671256
718 798 -0.3860227795812654
739 749 -1.6615502176829433
745 752 1.5769599644200505
672 752 -4.43612156009328
736 764 -4.43612156009328
731 756 3.7324082779400585
742 798 -0.21088196663715686
664 798 2.418966462073592
739 760 -3.2060451019615273
745 755 -1.3008300007371676
735 764 -1.6328170469254393
740 750 -1.7207670712436016
750 755 2.184051378192568
752 755 -0.8490927706325437
733 763 -3.2060451019615273
750 761 0.07006324471763459
756 758 0.6010889981175147
754 763 -1.690856787854381
666 759 -0.8306198826413334
699 764 -5.53733426701854
639 764 -1.0022630255891705
664 765 -2.2726892867301896
753 765 1.3959338990403656
689 767 -0.5672302300910688
750 769 -0.4347079946705643
752 762 2.5274488884529975
672 762 -4.844202616288199
733 767 1.0022628750411067
761 769 1.2551669361900215
755 769 2.5274488884529975
716 760 -1.6615502176829433
690 798 -3.2060451019615273
635 768 -0.7047962700763302
732 764 -5.53733426701854
748 760 -3.106750063060895
656 666 0.3217949194737102
535 767 -0.5504199144331001
755 762 1.0830275858277314
535 766 0.5336849977291656
766 767 0.7940688968903633
748 770 -3.732408358890588
590 764 -4.844202616288199
760 770 1.6328169387983074
747 770 -3.732408358890588
759 768 1.124638707269666
657 779 -4.844202616288199
765 798 -2.319517101482562
754 770 -5.53733426701854
635 779 -2.1840514594677467
657 764 -4.43612156009328
760 772 -3.0157253387444354
761 772 -1.3477177614522067
656 771 -1.60462908492035
535 753 -3.3153581355547077
763 767 -0.6698460476628039
672 771 0.40219817433836536
666 771 -0.9629980439232386
666 768 -0.533685124626992
764 779 2.418966462073592
756 798 -1.7207670712436016
763 770 -1.420575958424365
760 773 -2.7117471225450083
761 774 0.7580154487445683
772 773 -2.7117471225450083
772 774 0.19515760538251437
762 769 1.6908566753683048
767 790 0.5504197869721676
763 790 -1.5230824363372633
535 765 -4.844202616288199
535 767 -0.0544849469084292
770 790 -2.418966560561031
760 776 -3.106750063060895
761 782 -1.914934325902037
769 775 1.232765242543629
774 782 -0.3860227795812654
761 775 1.3959338990403656
760 780 -3.9184428135768994
760 781 0.1481210376275779
768 777 -1.9501526936104758
768 784 -0.305845384176723
773 781 1.0022628750411067
762 771 -2.0618119810484816
777 784 0.45104689322786395
742 785 1.880614156109223
535 778 2.8534721380276795
666 789 0.007781661256567096
635 795 -2.2726892867301896
535 790 2.418966462073592
776 780 1.6908566753683048
762 775 0.8122799937741847
768 789 -1.0625403846496646
635 784 2.141984057957801
779 795 2.2726891994400433
742 798 3.3153580262671256
771 786 1.986327796610479
666 783 -0.007781779532672672
758 798 -3.732408358890588
776 781 -1.8806142848807943
762 786 -2.4719661045957224
777 789 3.3153580262671256
770 780 -1.8144600365838361
771 783 -1.371652884404361
770 792 2.7803933118077264
775 782 -2.7803933790295874
762 797 -3.732408358890588
777 787 1.9501526258096291
780 792 -2.4719661045957224
773 774 -3.0157253387444354
786 797 2.023523983245292
783 786 -1.4455945421327967
784 787 1.445594446330888
790 791 -0.10124760698692858
770 791 -3.43705550120135
776 788 0.7401648358628796
785 798 2.368217406966919
781 788 -0.7401649710893459
775 797 -4.145152083743929
783 789 0.6352858046593717
787 789 1.5497853865743236
784 795 -0.9053575182618498
764 795 2.5856857384930256
780 788 0.8490926297285697
775 796 -1.042255157127819
535 798 2.31951701078773
782 796 -0.22663222628581936
782 793 -0.353818619728701
791 792 -2.2726892867301896
774 793 -0.007781779532672672
784 794 -0.14812115655181013
742 802 -0.5672302300910688
774 806 -0.40219829746062086
782 799 -0.353818619728701
783 800 0.9244109312539295
798 802 1.6328169387983074
785 802 3.7324082779400585
773 806 -3.43705550120135
793 799 1.188767543534301
786 800 -1.0625403846496646
783 803 -1.1887676261434261
789 803 -2.7803933790295874
787 804 -1.371652884404361
784 804 -1.8806142848807943
764 801 3.7324082779400585
788 792 -1.1457782950449733
797 800 -2.319517101482562
794 804 -0.3860227795812654
773 808 1.0830275858277314
774 811 1.1671515377428254
806 808 -4.43612156009328
806 811 -0.8864566941706382
796 797 -4.844202616288199
789 804 -1.751313725733529
794 795 -0.8864566941706382
788 810 -0.6872706606037844
764 807 2.0618119072200103
800 803 -3.9184428135768994
791 805 0.652518806521984
781 810 -2.5856858519456853
781 830 1.4205758640846524
790 805 0.5170228985401271
792 805 -1.2327653271421226
781 808 -1.2327653271421226
793 811 -0.25821891342749526
796 799 0.4347078707200993
803 804 -1.6615502176829433
801 807 1.8471390342477205
793 818 -0.4839058740936957
794 815 -0.353818619728701
810 830 -4.145152083743929
795 815 -0.24241052705099042
742 809 3.3153580262671256
798 809 1.5497853865743236
803 812 -0.33778538326100627
811 818 -1.371652884404361
800 812 -1.986327866288225
799 818 -0.9244110766470177
804 815 -0.6872706606037844
801 813 2.101269714871794
808 830 -1.5769600686022973
764 815 -3.43705550120135
807 813 0.8864565510992328
804 812 0.1637791782871667
792 821 1.3008299128497565
801 816 -0.038913137770452355
810 821 -2.9316434205780437
813 816 2.5274488884529975
535 814 2.5856857384930256
792 820 -2.8534722097520193
805 820 0.03891301945135828
778 819 0.6698459156176995
535 819 3.10674997290245
796 818 -1.2551670218420983
820 821 -4.145152083743929
797 812 -5.53733426701854
790 820 -1.371652884404361
807 823 -2.319517101482562
778 814 -0.32179504083642385
798 817 2.5274488884529975
535 817 4.436121480203944
813 823 -1.1887676261434261
764 823 -2.8534722097520193
798 825 0.41842577919951873
778 826 2.2275794437459226
808 822 -0.5504199144331001
764 827 -1.5497854889223055
801 827 0.07006324471763459
813 824 -0.6010891274007599
819 826 2.7117470592609445
822 830 -2.1012697910023577
816 824 0.6010889981175147
823 824 -3.0157253387444354
535 778 1.0625402297313233
535 820 -2.6469936768108107
816 827 -1.6328170469254393
810 838 0.007781661256567096
815 834 -4.43612156009328
764 834 4.145152023550564
820 835 2.5856857384930256
804 836 -5.53733426701854
815 836 -4.145152083743929
812 836 -4.43612156009328
834 836 -2.7117471225450083
820 828 -3.43705550120135
821 828 0.38602265684584536
828 835 -4.43612156009328
810 828 -2.8534722097520193
797 836 -0.533685124626992
535 829 2.7117470592609445
819 833 0.1637791782871667
535 833 0.6352858046593717
764 831 2.5856857384930256
824 832 1.0221648177565306
823 832 -1.5769600686022973
827 831 0.6181436068748636
764 832 0.03891301945135828
535 835 -4.145152083743929
816 832 -0.17945749696390423
764 827 -1.6328170469254393
778 829 0.5841188470777665
828 838 -2.023524054927849
764 836 -4.145152083743929
778 837 1.72076695640305
826 837 3.3153580262671256
826 839 -1.4968294629075651
819 839 -0.8306198826413334
833 839 1.471006361575077
828 842 -1.3477177614522067
838 842 -0.7047962700763302
837 839 -1.3008300007371676
808 841 1.3959338990403656
535 778 2.7117470592609445
806 841 -3.2060451019615273
806 840 1.604628978813839
840 841 -2.6469936768108107
811 840 -0.9053575182618498
822 843 1.0830275858277314
822 841 -0.867703438765498
830 843 -1.3477177614522067
841 843 -0.13248112001244716
817 844 0.6698459156176995
535 844 2.0618119072200103
828 853 -1.0625403846496646
842 845 1.0625402297313233
845 853 0.08565016394454328
535 798 2.184051378192568
535 839 -2.319517101482562
837 846 -0.618143736811748
839 846 3.015725255756913
838 845 -1.371652884404361
535 817 3.9184427168471876
843 847 1.3008299128497565
841 847 -1.3008300007371676
840 848 -0.2899342369326745
811 848 1.9149341938214999
811 850 0.22663210648628773
778 846 -1.5230824363372633
830 847 -0.17945749696390423
847 848 -3.5744537730315336
848 850 1.3241144775306468
818 850 -1.0625403846496646
835 854 0.274059332246233
810 849 -3.106750063060895
830 849 -2.9316434205780437
535 854 -3.732408358890588
778 851 -3.5744537730315336
846 851 4.436121480203944
838 852 -3.0157253387444354
810 852 -2.9316434205780437
535 846 -1.5769600686022973
849 852 0.7580154487445683
852 853 -1.4455945421327967
828 854 -3.5744537730315336
796 850 1.6908566753683048
847 856 -3.9184428135768994
848 856 -1.042255157127819
847 855 0.45104689322786395
847 864 -0.618143736811748
855 864 -0.7401649710893459
856 864 -3.732408358890588
849 859 -3.106750063060895
830 859 -1.7825320036768968
830 855 -0.8864566941706382
852 859 -3.9184428135768994
830 858 2.31951701078773
836 866 2.141984057957801
858 859 -3.3153581355547077
797 866 3.10674997290245
778 857 -3.732408358890588
851 857 2.368217406966919
850 863 -0.9436227297103521
855 858 -2.368217501379304
852 862 -2.8534722097520193
859 862 -0.635285935274005
846 861 -1.5769600686022973
853 860 -0.305845384176723
535 857 -2.2726892867301896
535 861 2.2726891994400433
852 860 -0.722426472174637
851 861 -1.847139159904398
828 860 -0.8490927706325437
860 862 -0.867703438765498
854 868 -0.3860227795812654
828 868 -3.732408358890588
796 863 -0.305845384176723
848 863 -1.2551670218420983
535 865 1.347717671142901
857 861 -1.1246387871621042
535 868 -4.43612156009328
796 866 -5.53733426701854
535 867 3.4370554399806776
865 867 2.93164334365634
764 866 -1.6328170469254393
535 869 3.4370554399806776
865 869 2.023523983245292
863 871 2.7803933118077264
796 871 -1.1457782950449733
535 865 0.8864565510992328
764 872 2.5856857384930256
798 870 2.5856857384930256
535 870 -1.986327866288225
764 873 1.445594446330888
764 874 -1.2778514672160726
864 881 0.9244109312539295
855 881 -0.9629980439232386
856 881 -4.844202616288199
872 873 1.8144599138640842
535 876 3.3153580262671256
796 879 -3.9184428135768994
866 879 -1.1037246319352672
872 875 0.40219817433836536
873 875 0.40219817433836536
871 877 1.7513136084096503
796 877 0.982542654754837
877 879 -4.844202616288199
873 880 -1.914934325902037
863 884 -3.106750063060895
871 884 -1.6328170469254393
764 882 1.4205758640846524
872 882 1.0221648177565306
875 878 0.054484828546315534
764 879 0.41842577919951873
878 880 -2.7803933790295874
764 880 -2.6469936768108107
877 884 -1.1246387871621042
877 886 -4.43612156009328
879 886 2.418966462073592
875 882 -1.5497854889223055
878 883 1.8144599138640842
882 885 -1.5497854889223055
875 885 1.0625402297313233
878 885 0.5336849977291656
880 883 -2.0618119810484816
883 885 0.21088184704301205
764 886 1.3716527928075883
764 883 -1.0022630255891705
877 889 -5.53733426701854
886 889 0.19515760538251437
764 885 -1.3008300007371676
886 888 2.418966462073592
888 889 1.7513136084096503
798 887 0.48390574875928927
764 888 1.445594446330888
764 890 -2.418966560561031
863 877 0.8864565510992328
764 892 -1.8806142848807943
890 892 1.5769599644200505
855 856 -3.732408358890588
855 893 0.8306197427665889
855 894 0.1168571278983801
856 894 -3.9184428135768994
856 891 0.03891301945135828
848 891 1.880614156109223
877 888 -3.732408358890588
858 893 -1.6328170469254393
891 894 -3.0157253387444354
863 891 -0.007781779532672672
877 898 -4.844202616288199
893 894 1.0221648177565306
888 898 2.31951701078773
535 903 -3.5744537730315336
868 903 -1.60462908492035
863 898 -4.145152083743929
860 895 0.19515760538251437
862 896 -4.844202616288199
859 897 -3.106750063060895
828 895 -0.10124760698692858
858 897 -0.5672302300910688
764 902 -1.1887676261434261
896 897 0.3217949194737102
892 902 0.9629978960423582
764 899 -0.7759822513321553
860 896 -0.33778538326100627
899 902 3.3153580262671256
764 905 -0.2899342369326745
895 896 -0.24241052705099042
899 905 1.72076695640305
828 903 -1.986327866288225
764 901 0.2582187931706581
901 905 0.40219817433836536
764 900 0.5672301020452246
900 901 1.445594446330888
896 904 0.054484828546315534
888 900 0.7224263377855422
897 904 2.418966462073592
891 898 -5.53733426701854
892 912 -2.1012697910023577
890 912 -1.914934325902037
891 913 -4.145152083743929
898 913 0.023345926266394867
901 906 1.0625402297313233
858 904 -1.1246387871621042
894 913 -0.6872706606037844
905 906 0.6872705278045488
902 905 1.5769599644200505
858 922 -0.7047962700763302
893 922 -2.5856858519456853
888 907 1.986327796610479
900 907 0.274059332246233
901 908 0.5336849977291656
892 910 -0.7401649710893459
901 907 -0.305845384176723
894 925 -0.7580155848378691
902 911 0.9629978960423582
902 909 -0.5672302300910688
892 909 -0.867703438765498
535 798 0.48390574875928927
922 925 1.124638707269666
913 925 -1.5497854889223055
907 908 1.3716527928075883
906 908 1.4205758640846524
902 914 0.5170228985401271
892 918 -1.8806142848807943
904 922 0.03891301945135828
909 911 0.3217949194737102
909 910 0.6352858046593717
912 918 0.9629978960423582
905 915 0.8864565510992328
902 915 0.1168571278983801
906 915 -0.33778538326100627
911 914 0.33778526158074773
896 922 -0.22663222628581936
908 917 -0.9436227297103521
906 917 0.007781661256567096
906 916 0.19515760538251437
914 915 0.41842577919951873
535 919 -1.986327866288225
895 931 -2.2726892867301896
898 920 0.13248100121840833
888 920 0.8677032967963991
888 917 -0.4839058740936957
907 917 -0.7401649710893459
903 919 -0.10124760698692858
896 931 -1.1457782950449733
916 917 0.2582187931706581
915 916 0.5841188470777665
828 931 -1.3959339919795308
913 929 -1.8144600365838361
898 929 -4.145152083743929
911 918 -0.5170230248961472
909 918 -0.6698460476628039
910 918 -0.305845384176723
912 921 0.007781661256567096
922 931 3.574453703354731
917 920 0.38602265684584536
828 930 -1.1457782950449733
913 928 0.5504197869721676
912 924 0.1794573777347761
930 931 4.436121480203944
925 928 -5.53733426701854
920 929 -3.3153581355547077
921 924 0.4347078707200993
915 918 -0.007781779532672672
914 918 -0.6872706606037844
903 930 -1.3477177614522067
916 918 0.41842577919951873
912 926 1.72076695640305
912 927 -0.0544849469084292
917 937 -0.6872706606037844
917 918 0.7759821143416219
912 923 1.2778513804684322
928 929 1.3241144775306468
918 923 -0.038913137770452355
923 926 0.8864565510992328
926 927 1.232765242543629
924 927 2.101269714871794
919 935 -0.9436227297103521
918 932 1.72076695640305
930 935 0.5672301020452246
918 937 1.0830275858277314
798 934 2.418966462073592
535 935 -2.1419841365639445
920 937 2.4719660016221714
925 933 3.9184427168471876
922 933 1.103724552883528
925 941 -2.7803933790295874
918 936 2.93164334365634
923 936 0.9436225830949259
926 936 0.8490926297285697
933 941 -0.7759822513321553
928 941 -0.533685124626992
929 937 -3.732408358890588
918 939 2.7117470592609445
932 939 1.1671515377428254
927 936 1.604628978813839
928 942 1.0625402297313233
929 942 -0.22663222628581936
918 938 2.368217406966919
937 938 1.986327796610479
930 940 2.4719660016221714
922 943 1.210635526973574
922 944 0.10124748840924536
933 944 3.015725255756913
931 940 1.4205758640846524
943 944 1.7513136084096503
941 942 0.242410407030617
918 921 -1.6615502176829433
935 940 -0.5170230248961472
937 942 -2.5856858519456853
918 924 -1.0221649697100497
918 927 -1.3959339919795308
941 944 -2.1012697910023577
535 934 0.10124748840924536
935 943 -0.21088196663715686
931 943 -0.4839058740936957
535 943 -1.5497854889223055
940 943 0.5504197869721676
938 939 0.3058452631148958
918 939 1.347717671142901
942 944 -1.7825320036768968
