MULTICUT
0 1 -2.52745
0 2 -7.57819
0 3 -8.46898
0 4 -2.31952
0 5 -7.01151
0 7 -3.57445
0 14 -6.77191
0 16 -7.65085
0 30 -7.4929
0 42 -7.3555
0 46 -4.43612
0 48 -6.58588
0 59 -8.87224
0 86 -4.14515
0 93 -1.44559
0 96 -16.8716
0 141 -6.16883
0 156 -3.57445
0 168 -9.95846
0 170 -15.0583
0 180 -6.3687
0 198 -2.47197
0 202 -7.81645
0 203 1.43856
0 205 1.29167
0 206 -10.2258
0 208 1.38813
0 209 -12.7923
0 219 -6.56544
0 220 1.00981
0 221 0.966422
0 222 0.697357
0 223 0.258262
0 224 -0.728051
0 225 -0.710617
1 2 0.321795
1 3 2.43305
1 6 4.0224
1 8 1.4648
1 10 -1.10372
2 5 0.838216
2 6 3.04371
3 9 -2.644
3 10 -1.60463
3 13 -0.406662
3 18 0.473432
3 19 -0.0594127
3 21 -0.0585034
3 26 -0.0602104
3 30 1.19384
4 5 1.52308
5 6 4.36738
5 7 1.69086
5 11 1.47551
5 12 0.403885
5 14 2.72076
5 15 0.434379
6 8 0.119226
6 10 -0.513743
6 12 2.83673
6 14 0.0307176
6 15 0.0326918
6 17 0.0136866
7 14 1.66155
8 10 -2.92715
9 10 0.215858
9 13 -0.722426
9 17 -0.107929
10 17 -3.19449
11 14 0.047588
11 15 0.301903
12 14 0.0181599
12 15 0.0239894
13 17 -1.41001
13 18 -0.0789192
14 15 7.51165
14 16 1.47483
14 17 0.813672
14 22 -1.16715
14 28 -3.54775
14 33 3.00436
14 46 1.58597
14 57 0.315861
14 60 -0.166565
17 20 1.69086
17 22 -5.54317
17 23 -3.31536
17 24 -8.62935
17 34 -3.43706
18 19 0.482919
18 20 -7.16174
18 21 -0.014639
19 20 -0.501579
19 21 -0.0295944
19 25 -0.206618
19 26 0.292778
20 25 1.38016
20 29 -7.7087
20 32 -2.47197
20 34 -5.57904
21 26 -4.93987
21 30 -0.0785189
22 23 0.0127636
22 27 -0.210317
22 28 1.69234
22 31 -0.021071
22 36 -0.18743
22 38 -0.465162
23 24 4.38576
23 27 6.79019
23 31 3.23292
23 34 0.0836252
23 43 4.79287
23 44 1.60397
23 45 3.83576
23 49 2.61755
23 54 7.80086
23 56 0.0693782
23 58 0.468017
23 65 -0.165552
23 67 0.186326
23 70 0.445713
23 73 0.539765
24 34 0.355621
24 44 0.0183926
25 26 1.08245
25 30 2.21955
25 32 -2.98434
25 34 -4.34851
25 35 -0.00426354
25 37 -0.964117
26 30 1.43003
27 28 -0.146183
27 31 3.10408
27 38 0.192526
27 51 0.698874
27 56 2.35566
27 58 5.02034
27 61 0.00584354
27 66 6.95681
27 74 0.147428
27 77 1.22601
28 33 -0.606831
28 36 -0.298151
28 38 -0.717615
28 41 1.15207
28 52 3.61669
28 57 -0.81228
28 61 2.4129
28 63 6.59758
28 66 3.31536
28 75 4.09326
28 77 3.31536
29 34 2.86117
29 44 0.017609
30 37 -1.09685
30 39 1.03603
30 40 -0.150263
30 42 1.27104
31 58 0.0308042
32 34 5.41242
32 44 0.0183957
33 57 0.929281
33 63 -0.528415
34 35 0.00397092
34 40 1.79363
34 43 0.13261
34 44 0.236249
34 47 3.97653
34 53 0.0297747
34 67 -0.0232072
34 76 0.626885
35 37 0.0245769
35 40 0.0415839
36 38 1.84714
37 40 1.13681
37 42 0.0105344
38 41 0.10498
38 51 0.290164
38 52 0.142612
38 58 0.0616083
38 61 0.00959761
39 42 3.95013
40 42 0.237232
40 44 0.0200765
40 53 2.27668
40 64 0.121632
40 68 0.116944
40 76 -0.0156222
41 51 0.836346
41 52 1.56813
41 61 0.041475
42 48 3.10675
42 50 3.57445
42 55 -0.242411
42 64 2.58372
42 68 0.697395
42 69 -2.78039
43 44 0.0183926
44 47 0.0407605
44 53 0.0379798
44 67 0.335825
44 70 0.252523
44 73 0.539765
44 76 -0.112504
46 59 -1.28163
46 60 -1.40487
46 62 -0.570593
46 71 -11.9015
46 95 0.0460443
46 96 -1.4764
48 55 -4.45288
48 93 0.038913
49 58 -0.0216675
50 55 -1.47101
50 69 -2.64699
51 58 0.0308042
51 61 0.00908336
52 61 0.18003
52 66 0.00329471
53 64 3.53175
53 67 -0.0323399
53 74 0.111299
53 76 -1.97402
54 70 4.59994
55 69 -8.87224
55 86 -0.467445
55 93 -1.18877
56 58 3.16467
56 77 0.406072
57 60 -0.110134
57 63 -1.63728
57 72 1.98738
57 75 -1.66155
58 61 0.0044427
58 65 -2.30294
58 66 0.0616083
58 74 0.907335
58 77 1.82081
59 96 0.943623
60 71 -12.4997
60 72 -0.434742
60 88 -0.194783
60 91 -0.811774
60 95 -0.133639
61 66 1.19544
62 71 -4.14515
64 67 -0.0258236
64 68 2.06181
64 69 -11.61
64 74 0.119261
64 79 1.57696
64 81 0.98684
64 86 1.77135
64 94 -0.00253122
65 67 0.813521
65 70 -1.85476
65 74 -0.324756
65 78 -0.115103
66 77 4.08513
67 70 -6.81632
67 73 -0.0778604
67 74 -0.0808727
67 76 -0.606232
69 86 -5.5819
70 73 0.494744
72 75 -0.172524
72 77 -0.0185998
72 88 1.00972
72 91 0.374575
72 95 -0.0598697
74 77 2.38828
74 78 -2.53038
74 79 -0.116638
74 90 -0.119463
75 77 0.0185998
75 88 -0.0431341
77 78 -3.14084
77 80 0.193515
77 82 -0.35101
77 83 0.0474989
77 88 0.0194954
77 89 -1.39693
78 79 0.713431
78 84 0.0862019
78 85 -0.622539
78 87 1.75882
78 89 0.954981
79 81 3.86791
79 84 -0.126437
79 85 0.345052
79 89 3.31536
79 90 -0.828358
79 92 0.0814232
79 94 -0.07904
79 97 -5.09991
79 101 -0.711829
79 102 -0.191576
79 105 -3.39715
79 106 -0.325239
80 82 -0.00764245
80 83 0.217591
80 88 5.43178
80 89 -0.0655687
81 86 0.687752
81 92 4.32329
81 94 -0.0423636
81 102 0
82 83 0.00455124
82 88 0.154607
82 89 7.86738
83 88 2.92635
83 89 0.262665
83 98 -0.601688
83 100 1.01423
83 103 0.482115
84 90 1.42358
85 87 0.00118128
85 89 0.0574065
86 93 0.704796
86 94 0.164647
86 104 0.00926407
86 108 0.185186
86 117 2.22758
86 132 1.22608
86 141 1.52699
87 89 0.566817
88 89 0.0016756
88 91 3.62004
88 95 -0.149717
88 100 0.919968
89 97 -2.27269
89 98 2.59049
89 99 -3.53294
89 105 -2.85856
91 95 -0.185473
92 94 -0.248733
92 102 -0.0564766
94 102 -4.59415
94 104 -0.0803965
94 108 -0.309312
95 96 -0.0113709
95 100 -0.0615596
96 100 -1.51599
96 155 -2.71175
96 170 0.740165
97 105 8.94609
98 99 -5.84281
98 103 -4.81302
99 103 0.794069
99 105 3.28228
99 107 3.19717
99 110 2.21926
99 111 6.59018
99 115 2.85347
100 103 0.89457
100 109 1.32411
100 129 0.175076
100 138 0.379908
100 142 3.54884
100 148 1.16421
100 155 5.45318
101 102 0.260702
102 104 0.628457
102 105 -1.75131
102 106 3.78836
102 108 2.16543
102 112 2.67308
102 113 -0.7113
102 114 -0.686045
102 117 0.211932
102 128 -0.0472843
103 109 1.70173
103 110 6.01044
103 121 3.08381
103 124 2.08352
103 129 2.57884
103 138 0.0549059
104 108 1.56695
104 117 0.206801
105 107 3.20604
105 111 0.426257
105 113 -4.8442
105 116 1.42058
108 117 0.5898
110 115 2.14337
110 119 3.41282
110 121 1.23277
110 124 0.459189
110 130 -0.486916
111 115 1.93173
111 116 -0.183405
111 118 6.41024
111 120 0.274059
111 126 0.00661141
111 127 -2.14879e-05
112 114 -0.565102
112 117 0.141387
112 128 -0.256531
113 114 3.67473
113 116 -7.01151
113 122 -1.69086
113 123 -0.00808781
114 123 -1.60115
114 128 -0.160223
114 133 -0.000150716
115 118 1.41302
115 119 2.42124
115 120 1.42717
115 125 0.0557402
115 126 0.0129249
115 127 0.00646243
115 130 -1.42182
115 146 0.0182399
115 167 -0.00918789
116 118 -0.0582673
116 122 -0.00552738
117 128 -1.54531
117 132 2.434
117 135 -0.943623
118 120 0.951164
118 122 0.179014
118 126 0.00390992
118 127 -1.6385
120 126 0.00661141
120 127 -2.14879e-05
122 123 -0.163779
122 127 -0.434963
123 127 -0.740165
123 128 0.0011357
123 131 1.78469
123 133 -0.0212412
123 136 -0.00851009
124 129 0.664915
124 130 -1.95158
124 137 -1.32509
124 140 -0.00131113
124 147 0.00398257
124 154 2.79488
124 159 2.74645
125 126 0.670015
125 130 -0.564025
125 137 -0.00989658
125 146 0.125308
125 167 -0.0137127
126 127 1.87973
126 137 -0.00306812
126 146 2.0295
126 149 -0.0325292
126 150 2.3572
126 167 -0.0112627
127 131 -3.43706
127 139 0.463469
127 149 -1.2244
127 150 2.02718
128 133 0.00454566
128 135 -0.983067
128 136 4.39667
128 151 9.1727
129 134 1.66384
129 137 -0.324657
129 138 -0.37478
129 143 -0.918554
129 148 0.241733
129 155 2.01241
130 137 -2.17808
130 154 0.0678942
130 159 0.0181615
131 133 -0.00401217
131 136 1.95708
131 139 -3.3202
131 151 0.539312
132 135 -2.3186
132 141 1.66552
132 145 0.048662
133 136 0.0119985
134 138 -0.172116
134 143 -2.89748
135 141 -0.244301
135 144 1.25056
135 145 -0.267261
135 151 -0.652478
135 152 -0.0751215
135 157 -0.147342
135 158 -0.00457603
136 151 0.896604
137 140 -7.34017
137 146 -0.00839252
137 149 0.275134
137 154 -2.50508
137 155 -0.450494
137 160 -0.0369845
137 162 -3.80702
137 165 -0.00085864
137 166 0.196319
137 167 1.34942
137 169 -0.0229816
137 172 0.000737742
137 175 -0.177048
138 142 0.102795
138 143 0.45858
138 148 -0.0139341
139 149 -4.95947
139 151 -3.7603
139 160 -0.0611082
140 147 0.341164
140 154 0.000301742
140 159 -0.00272082
141 145 1.68607
141 152 -1.74685
141 156 2.55376
141 157 1.16573
142 143 -0.00971079
142 148 2.67399
143 148 -0.874112
143 153 -0.276204
143 155 -0.33811
144 145 -4.45363
144 152 -5.07746
145 152 -0.104368
146 149 -0.0186705
146 150 3.56106
146 164 0.434137
146 166 -0.0176133
146 167 -0.0970214
147 154 0.0417479
147 159 0.00654717
148 153 1.83217
148 155 4.04694
149 150 -0.751575
149 160 0.213403
149 163 0.309322
149 164 -0.196494
149 167 2.1739
149 169 -0.020601
150 163 -0.0487006
150 164 2.69454
150 167 -0.0495499
151 158 -0.292758
151 160 -0.210882
151 161 1.25756
152 157 -1.82507
153 155 0.194071
154 159 0.627044
155 162 0.450521
155 170 -0.0174308
155 174 1.69507
155 175 4.50343
156 157 2.4599
156 168 5.35797
156 179 1.97143
156 180 1.66155
157 158 1.62381
157 171 0.250445
157 173 0.850788
157 178 0.481982
157 179 0.0856502
158 161 -0.220586
158 173 1.95665
160 161 -0.133193
160 162 0.237172
160 163 1.57125
160 165 1.84942
160 167 2.55511
160 169 -0.0537276
160 171 4.4394
160 175 2.99273
160 176 2.74023
160 179 0.725811
160 184 0.0210009
160 185 0.0738789
161 171 -0.799224
161 173 -0.286298
162 165 1.03086
162 167 0.117554
162 172 -0.0110436
162 175 5.91965
162 176 0.748315
163 164 -0.053626
163 167 0.168225
163 169 -0.0381527
164 167 -0.039677
166 167 0.486537
167 169 -0.273326
168 180 0.905357
170 174 -0.0670965
170 175 -0.101419
170 189 0.0381577
170 203 -3.57445
170 205 -9.11179
170 209 0.801867
171 173 2.66162
171 178 1.72125
171 179 1.12785
171 185 0.0543546
172 175 -0.00387367
174 175 2.97908
174 181 2.0316
174 189 0.243418
175 176 3.76404
175 177 4.30476
175 181 10.4795
175 182 2.09651
175 183 1.09567
175 184 1.05294
175 185 0.0182238
175 187 0.0201236
175 189 0.395984
175 191 0.0414704
178 179 0.0855867
179 180 3.61912
179 185 4.52837
179 186 5.19578
179 188 7.2519
179 190 -0.0145731
179 192 2.93164
179 193 5.30731
179 194 -0.473437
179 195 1.41076
179 196 5.22957
179 197 10.5365
179 198 1.8618
179 199 2.93164
179 200 3.11194
179 201 3.96945
179 206 1.63282
179 210 1.98633
179 211 6.28326
179 212 1.10372
180 190 -0.761518
180 202 1.16379
181 187 2.44593
181 189 1.69042
181 191 0.0103863
182 183 0.333516
182 184 2.21988
182 185 5.51937
182 187 -0.0191529
182 189 5.67036
182 191 0.596427
182 204 0.477001
182 207 5.10865
182 209 0.00910836
183 187 0.0116061
183 189 0.288218
183 191 1.64148
184 185 5.3887
185 188 2.1339
185 192 0.905357
185 197 3.73241
185 199 1.02216
185 204 2.89861
185 207 0.483657
185 210 3.43706
185 212 0.740165
186 190 -0.043763
186 194 -0.668787
187 189 2.16034
187 191 0.0464544
189 191 0.0408213
189 207 1.2734
189 209 -0.0966844
190 194 1.03558
190 198 1.37613
190 202 0.842218
194 195 -1.30404
194 198 1.98439
194 200 -3.55079
194 201 -0.194933
195 200 2.02352
197 212 0.386023
198 201 0.0644199
198 202 3.37941
198 206 9.41497
200 201 1.66155
203 223 0.0283404
205 223 0.0283404
206 208 -3.31536
206 211 5.15993
206 215 5.10179
206 217 1.19339
206 225 -3.20605
206 228 0.77497
207 209 -0.48807
207 210 5.11006
207 213 1.42058
207 214 3.02283
208 223 0.0283404
209 214 -0.166147
209 219 1.15828
210 211 7.68816
210 212 1.72077
210 213 3.49413
210 217 2.96382
210 228 -0.000607462
211 215 0.81228
211 216 4.14516
211 217 2.13339
211 218 0.073418
211 228 -0.000607462
213 214 0.601089
213 217 2.10107
213 228 -0.000202487
214 217 6.89769
214 219 -0.359861
214 228 -0.000404975
215 217 2.9305
215 228 0.286331
216 217 2.0644
216 218 0.0372773
216 228 -0.000404975
217 218 3.45465
217 219 -0.924411
217 228 1.49649
217 236 -2.52745
217 239 5.56974
217 240 2.6714
217 241 2.22758
217 242 -4.3423
217 243 -0.0700634
217 246 0.111797
217 247 -0.226632
218 228 -0.000202487
219 224 -4.8442
219 231 -2.22749
219 236 2.02982
219 241 -1.75131
220 223 0.0283404
220 224 -0.0389131
221 223 0.0283404
221 224 -0.177631
222 223 0.0283405
223 225 -0.329441
223 226 -0.101248
223 228 -0.353819
223 229 -1.04795
224 230 -2.72204
224 231 -1.32411
225 227 -1.25517
225 228 -2.71982
226 228 0.0635831
226 229 0.0317916
227 228 -0.184239
228 229 1.90985
228 234 1.7118
228 236 -2.02352
228 239 0.103781
228 240 0.103781
228 242 -0.00048363
228 246 0.0988092
229 232 5.68384
229 234 -0.0132232
230 231 3.87388
230 233 2.13103
231 233 0.713535
231 235 -3.65785
231 236 -1.27343
231 237 -0.905358
232 234 -0.0179336
234 236 -5.54464
234 238 -0.704796
235 236 1.81562
236 237 5.13274
236 238 1.50607
236 239 -4.45907
236 241 -2.10127
236 244 2.36822
236 246 -1.18687
236 247 -0.101248
236 248 2.18405
236 249 -2.14198
236 250 -0.148121
239 240 6.34821
239 241 3.14139
239 242 -1.82777
239 245 7.60809
239 248 -0.867703
239 249 1.12072
239 250 0.179457
240 242 -1.33522
242 243 -2.65832
242 246 -1.74549
242 249 -1.00604
246 247 -0.023346
246 249 -1.10205
