MULTICUT
0 7 -15.8704
0 11 2.70746
0 57 -4.57014
0 60 -0.81228
0 98 -18.5659
1 15 0.0692864
1 20 -0.635286
1 30 -9.68249
1 33 -0.465411
1 48 -5.53733
1 61 7.57511
1 62 -0.011552
1 65 0.00793266
1 66 -8.48425
1 72 -4.14515
1 93 -15.9189
1 104 -10.3815
1 131 0.0148401
1 136 -0.669846
1 138 2.47197
1 148 -7.2581
1 163 11.9851
1 166 0.16688
1 167 0.0834402
1 189 -3.73241
1 201 -1.94346
1 215 -5.53733
1 228 2.13016
1 231 1.06508
1 256 3.10205
1 261 -2.78039
1 272 -0.175258
1 274 -0.0787325
1 361 0.0452318
2 15 0.268024
2 36 0.19943
2 40 -0.111895
2 41 -3.10675
2 44 0.47276
2 45 -2.12594
2 52 -7.73819
2 62 -0.833153
2 66 -0.187291
2 70 -0.0514529
2 101 -0.0261041
2 110 -0.027177
3 16 -7.34257
3 21 0.0432072
3 34 -8.96862
3 36 0.226643
3 49 -7.07178
3 63 -2.24934
3 87 -7.37141
3 123 1.32411
4 24 -1.25517
4 37 -5.53733
4 38 2.18405
5 6 -5.53733
5 24 -1.75131
5 38 -4.43612
6 35 0.517598
6 38 2.41897
6 46 -9.92664
6 47 -7.96927
6 59 1.21064
6 60 -2.36822
6 77 -6.86773
7 11 -4.8442
8 13 -7.46482
8 18 -0.722426
8 27 1.28109
8 39 -4.34304
8 54 -0.386023
8 67 1.91493
8 69 -2.06306
8 83 -12.7356
8 85 -1.22967
8 92 -2.18405
8 94 0.24241
9 28 0.535002
9 29 -1.81404
9 43 -9.52254
9 51 0.321795
9 72 -10.3815
9 75 -0.127401
9 103 6.65352
9 171 1.07001
10 22 -8.31773
10 23 -10.3815
10 42 0.00602887
10 50 0.104445
10 56 -2.41897
10 73 6.35348
10 123 -0.0574272
10 159 4.19059
10 265 2.31952
10 268 -5.53733
11 31 -11.906
11 57 -12.6226
11 64 -1.91119
11 88 -4.8442
11 98 -3.01573
11 114 1.18877
11 128 -7.41795
11 129 -5.53733
11 144 -13.4255
11 160 2.47197
12 17 -0.133186
12 27 -0.780624
13 17 -4.14515
13 27 -1.81446
14 28 0.953346
14 55 -0.163779
14 100 -4.43612
14 113 1.69086
14 122 -1.44162
14 133 -20.7631
15 33 -0.346404
15 62 -2.38094
15 66 -4.61953
16 21 -4.89956
17 27 0.982608
18 39 -4.14515
18 54 -2.1971
18 55 -5.43916
18 67 -0.0130667
18 74 -3.31536
18 82 -1.13381
18 86 -14.6491
18 89 -1.14578
19 28 4.51068
19 29 -0.223544
20 30 -9.05833
20 51 -0.238419
20 58 -5.25236
20 72 -4.80392
21 36 0.0216036
21 49 -1.56986
22 34 -0.442642
22 42 -4.43612
22 63 1.51796
24 38 -1.15821
25 26 -5.46823
25 31 -13.312
25 32 1.0544
25 64 3.31276
25 78 0.283002
25 80 -17.0408
25 112 -0.262387
26 32 -3.31536
27 53 -2.13445
27 69 -1.60463
27 71 -16.8791
27 85 -0.0518441
28 29 -1.35986
28 84 2.13131
28 121 -5.236
28 122 -0.236168
28 142 -9.97346
28 171 6.24438
31 64 -3.31815
32 53 -0.431373
32 71 -5.53733
32 78 0.283002
33 66 -2.85347
34 63 -4.24278
35 47 -0.849093
35 60 -2.50813
35 77 -4.10916
36 40 -3.99274
36 41 -3.57445
36 49 -18.0371
36 87 -15.9723
36 110 -2.53805
36 126 -4.8442
36 127 -7.87705
36 132 2.36822
36 151 -6.88505
36 155 2.71175
36 156 -2.14565
36 168 0.021829
36 178 -3.01573
36 182 0.0166506
37 38 -10.9014
38 46 -3.91844
38 68 1.57415
38 76 1.77938
38 77 -0.24746
38 79 1.9252
38 97 -0.455122
39 54 -1.02216
40 41 -0.391512
40 45 -3.31237
40 102 -2.22758
40 110 0.0861174
40 118 -2.70464
40 149 1.00552
42 50 1.18683
42 63 -2.07192
42 73 1.04872
42 81 -4.0682
42 90 -5.23029
42 123 -0.114854
44 45 -0.0290294
44 52 -0.164129
44 62 -0.62422
44 66 0.0149668
44 70 0.15264
44 101 -0.189988
44 134 -0.0432913
45 52 -0.934035
45 101 -1.81815
45 102 -2.67416
45 134 0.0785331
45 149 -0.842625
45 164 -2.66413
46 59 -3.54216
46 68 -1.16715
48 61 -3.73241
50 56 -0.799926
50 73 0.286863
50 81 -1.88061
50 123 -0.0574272
51 58 -1.44559
51 72 -2.8287
53 71 -0.584119
54 67 -1.11833
55 89 -0.962998
55 100 0.038913
56 73 -0.438082
58 72 0.353819
59 68 0.232439
59 77 -6.12641
60 77 0.451047
60 91 -0.982543
60 98 0.163779
61 65 0.868823
61 93 -10.3957
61 104 -4.8442
61 125 -1.98633
61 131 0.0741308
61 148 -6.2775
61 153 -4.8442
61 180 -14.5267
61 201 -1.05882
62 66 0.0424062
62 70 0.0212031
63 90 2.22944
64 88 -6.69842
64 112 -0.262387
64 129 -5.13224
65 93 -1.12464
66 70 0.156839
66 101 -0.227034
66 104 -2.86125
67 74 -1.76392
67 82 0.892144
67 86 -4.8442
67 89 1.39593
67 94 0.289934
67 106 -6.85377
67 107 -2.63388
67 109 0.411738
67 113 1.44559
67 117 -1.63964
67 135 -5.32544
67 137 -4.14515
67 147 0.483906
67 162 -5.90674
68 77 -3.6273
68 97 -6.90477
68 108 -3.57445
69 85 -2.10127
70 101 -7.58205
70 104 -3.43706
70 134 -0.084583
70 139 -7.59548
70 164 -1.78389
70 172 0.652519
70 181 1.66155
70 190 -2.85347
71 78 -8.91015
71 85 -4.81227
71 92 -3.91844
71 96 -1.04226
71 99 -8.2855
72 103 -3.01573
72 136 -9.75817
72 138 -4.8442
72 163 -5.53733
73 81 -3.73241
73 90 -3.43706
73 123 -0.638202
73 132 -0.000587729
73 159 1.32786
74 82 -1.25373
76 97 -0.373113
77 91 -5.7329
77 95 -1.00093
77 108 -9.97346
77 115 -19.9469
78 80 -10.3954
78 96 -1.57078
78 105 -0.0377539
78 130 0.972178
79 97 -0.195158
80 96 -1.91493
80 105 -3.8189
80 112 -3.91844
80 116 -2.74947
80 130 -9.97346
80 145 -12.9078
80 160 -9.11179
80 173 -3.79729
80 208 -4.1342
80 239 -5.53733
82 86 -8.72157
82 107 -1.77783
82 109 0.631369
83 92 -5.53733
83 94 -1.62921
85 92 1.75131
86 89 -13.4925
86 109 -7.95095
87 123 -0.56723
87 132 -5.53733
89 100 -0.593487
89 111 0.417114
89 120 -4.55367
89 135 -4.7633
90 123 -5.26098
91 98 -6.5061
91 115 -0.101248
92 94 -3.91844
92 99 -2.02352
92 124 -6.41784
92 146 -3.20605
92 161 -4.43612
92 173 -15.7077
92 184 2.56112
92 198 -6.69884
92 199 -3.73241
92 203 0.00239327
92 208 -4.8442
92 217 -16.0371
92 224 1.57578
92 226 -3.91844
92 239 1.02216
93 131 -2.93164
94 106 -0.132481
94 124 -3.33075
96 99 -0.0044738
96 116 -0.346504
97 108 2.06181
97 115 2.47197
97 140 -20.7251
97 157 -0.451047
97 193 -11.0747
97 197 -1.27765
97 202 -1.24112
97 207 -5.89647
97 227 -4.14515
97 251 -5.53733
97 441 1.00958
98 114 -3.57445
98 115 -16.612
98 141 0.483906
98 143 -10.1351
98 165 -1.91493
99 116 -0.00429261
99 119 -2.32769
99 146 -3.20605
100 111 -0.178174
100 113 -3.57445
101 134 -0.480441
103 163 6.3752
103 171 2.86125
103 361 0.0152041
104 125 -0.562858
104 139 -0.174949
104 153 -1.99601
104 158 -0.342932
104 177 -3.01573
104 196 -2.16577
105 130 -0.0755078
106 124 -0.660836
106 137 -1.8517
106 147 -1.72077
107 109 -1.25635
107 117 0.0279026
108 115 1.91493
108 140 -15.9189
109 117 -0.246183
110 118 -0.410331
110 126 -1.14578
111 113 -3.57446
111 120 -0.477879
112 129 -4.14515
112 145 1.63282
113 120 -5.53733
113 133 -4.14515
113 135 -5.59798
113 150 -4.07234
113 162 -7.95095
113 163 -0.376507
113 175 -14.1139
113 187 1.30083
113 191 -9.73034
113 194 -0.664627
113 200 -4.8442
114 128 -3.31536
114 141 -1.27785
114 144 -16.3039
114 160 1.3004
114 170 -15.9189
114 219 -0.104942
114 236 0.00995393
115 140 -9.68841
115 143 -3.43268
115 157 -4.7629
115 165 -5.05652
115 170 -5.53733
115 197 -12.8269
115 212 -1.69086
115 227 -13.235
115 252 3.81367
116 119 0.0614694
116 146 0.0280734
116 173 -0.0220462
118 126 -0.242411
118 149 -1.84714
119 146 0.0199368
119 173 -0.00927211
120 135 -0.337785
121 122 -0.258219
121 142 -1.14578
122 133 -2.47197
122 142 -4.34241
122 171 -0.142914
123 132 0.00150441
123 159 -0.108202
124 147 -9.97346
124 184 -5.53733
125 153 -0.775982
126 149 -6.57811
126 154 -2.41897
126 155 -7.87756
128 144 0.500431
129 145 -10.135
129 160 -9.45578
131 148 -1.57696
132 151 -6.50575
132 152 1.91297
132 159 0.502956
132 168 1.87217
132 185 -1.16715
132 186 -3.61341
132 188 3.13595
132 204 0.207723
132 205 2.09387
132 214 2.31612
133 150 0.254646
133 171 -2.27269
133 176 -2.81385
134 164 -0.0983489
136 138 -0.132481
136 163 -3.32139
136 166 -2.73683
136 167 -0.985128
137 147 -11.9372
139 172 -8.16619
139 196 -0.650551
140 157 -0.07821
140 169 -17.3157
140 202 -3.20605
141 143 -0.226632
141 170 -0.599512
142 171 -1.66155
143 170 -7.54517
143 212 -0.0700634
144 160 -21.6174
145 160 0.669846
146 161 -0.483906
146 173 -4.10086
147 162 -8.7958
147 174 -0.190993
147 184 1.75748
147 194 0.0735426
149 155 1.36729
149 164 -4.8442
149 181 -9.37532
149 195 1.77893
149 213 -1.72077
149 223 -2.32387
149 225 0.145154
149 233 -0.136379
149 242 1.61622
149 245 2.25576
149 258 -5.53733
150 175 -1.34701
150 176 -0.434708
150 179 -0.000532304
150 200 0.308915
151 152 -2.22758
151 168 -3.73241
153 158 0.0989954
153 177 -1.76261
153 180 3.47736
153 196 -3.21967
154 155 -0.767145
155 156 -3.43706
155 168 7.25466
155 183 0.677872
155 195 3.22827
155 220 -0.380073
155 223 -2.68535
155 225 0.151954
155 230 1.3678
155 238 -5.53733
155 245 0.439788
156 168 -0.529227
156 182 -0.529374
156 183 -0.386023
157 169 -2.05403
158 177 -0.146459
158 196 -0.601089
159 185 -0.207444
159 188 1.00591
159 211 -3.57445
159 216 -2.36822
159 232 -0.971659
159 248 -5.53733
159 268 -7.16372
159 283 0.169462
160 219 -0.05562
160 234 -5.53733
160 236 0.2358
160 239 0.386529
160 255 -0.02781
160 263 -3.10675
160 291 0.193265
161 173 -1.21064
162 187 -3.31536
162 194 -11.0747
163 166 1.5571
163 171 12.9584
163 189 -4.43612
163 194 1.25773
163 200 -5.53733
163 209 2.09301
163 256 2.94732
163 270 -4.43612
163 271 -4.8442
163 279 -4.8442
163 286 3.00605
163 288 1.24619
163 293 -0.142144
163 297 4.17587
163 314 0.986858
163 320 3.23485
163 322 2.83706
163 361 0.377099
163 364 -4.14515
163 365 -3.10675
163 366 -0.00671768
163 378 -12.3494
163 397 2.77474
163 407 -1.00226
163 430 -4.8442
163 438 1.54643
163 443 -0.232718
163 454 0.0272225
164 181 -1.84815
166 167 0.507203
166 189 -8.01326
168 178 -2.36822
168 182 0.829715
168 183 3.90031
168 204 3.35129
168 220 -0.603282
170 212 -7.37003
170 219 -9.31105
170 252 -5.53733
171 176 4.30061
171 200 -6.62673
171 206 2.04757
171 209 5.93857
171 297 0.0469726
171 361 0.244291
172 181 2.18405
172 190 -5.43804
172 196 0.329151
172 213 -0.924411
172 218 -0.40443
173 208 2.47236
174 184 -4.84069
175 200 -0.0691538
176 179 -13.1882
176 200 -5.38394
177 180 -0.194141
178 182 -1.78253
179 200 -0.0028309
180 196 -0.0271496
180 201 -3.12499
180 210 2.94669
180 229 -0.337237
181 190 -3.20499
181 192 2.82449
181 213 -0.643956
184 194 1.10588
184 199 -7.8083
184 203 -0.0242244
185 186 0.0107999
185 188 -0.0129473
186 188 -1.23408
187 191 -1.34772
187 194 1.60463
188 205 1.86474
188 211 -2.52745
191 194 -10.2924
193 235 -0.195158
193 251 2.49675
194 203 0.0178199
194 224 2.5636
194 253 -15.9189
194 270 -4.8442
194 297 0.0156575
194 361 0.0187816
195 223 -2.65464
195 225 0.0614595
196 218 -1.96514
196 222 -2.18405
196 229 -2.71175
196 233 0.416089
196 240 -0.1616
196 244 0.24241
196 260 -3.10675
197 227 -1.84714
198 203 -1.39593
199 203 -2.72649
201 210 -11.6699
201 215 -0.610056
201 221 -4.8442
201 229 -4.8442
201 231 0.0412274
201 237 -12.212
201 244 0.794069
202 207 -0.533685
203 224 0.00478654
204 214 4.20181
204 220 -1.95015
205 211 -0.704796
205 214 0.188854
205 216 -0.614115
205 232 0.0778394
205 248 -5.53733
205 259 -0.0974098
205 267 2.88048
205 283 0.453954
206 209 0.703021
206 361 0.0336436
208 226 -0.745578
208 239 -2.85347
209 297 0.0313151
209 361 0.139174
210 229 -0.379484
211 216 -0.669846
213 218 0.0188134
213 233 -0.975017
214 220 -1.32411
214 230 2.39758
214 238 -1.27785
214 245 -1.43346
214 262 3.47423
214 267 4.45431
214 275 -0.222791
214 290 -3.10675
214 304 -7.45185
214 311 -2.64699
214 312 0.226632
214 316 0.905357
214 317 3.59223
214 318 -0.122734
214 324 0.740165
215 221 -0.326894
215 228 -0.0974893
215 231 -0.813464
216 232 -0.793977
217 224 -7.21651
217 239 -4.82752
218 222 -0.143171
218 233 -1.25381
219 234 -2.85347
219 239 -2.32241
219 252 -2.15473
219 255 0.475233
219 278 -2.85347
219 313 -7.30395
219 329 -0.81228
220 230 -1.44684
221 231 -0.327184
222 233 -2.0854
223 225 -0.408887
223 238 -2.52745
223 245 -0.297841
224 239 4.14515
224 253 -11.0747
224 287 -9.68249
225 238 -8.98936
225 245 0.145154
226 239 -4.8442
227 243 -3.62035
227 250 -9.67978
227 252 -11.7827
227 301 -2.53475
227 441 -9.11179
228 231 1.54078
228 261 -4.43612
229 244 -6.25952
230 238 -10.791
231 237 -1.32952
231 246 -0.341371
231 254 -1.54979
231 261 -6.92555
232 248 -1.54979
232 283 -0.338274
233 240 -0.692609
233 241 -3.01573
233 242 -0.272757
233 247 -1.05717
233 249 -2.31952
234 236 -4.8442
234 255 -4.36344
235 251 -3.01573
235 284 -0.853346
236 239 -0.0122284
236 255 0.0915747
236 263 -4.99346
236 291 -0.0426642
237 244 -3.47194
237 246 -0.0185273
237 266 -0.10566
237 273 -2.14198
238 245 -15.2911
238 275 -2.58569
239 255 -0.394251
239 278 -4.43612
239 287 -5.53733
239 291 2.87127
239 292 8.07775
239 313 -4.8442
239 329 7.04777
239 332 2.52745
239 344 0.540148
239 360 6.28036
239 372 -4.8442
239 373 -3.31536
239 374 -7.38447
239 396 -5.53733
239 404 -2.41897
239 417 -2.14198
239 422 2.68761
239 441 0.982849
240 241 -0.116857
240 242 -3.01573
240 247 -1.06254
240 257 -5.39281
240 260 -1.66155
240 281 -0.17818
240 289 -0.0296929
241 247 -1.02216
242 247 -2.93164
242 249 -9.68249
242 257 -5.53733
242 258 -6.08775
242 277 -6.45965
242 289 -8.41068
242 303 2.59742
242 321 -11.0793
243 250 -1.05778
244 260 -8.15756
244 273 1.44559
245 258 -3.57445
245 264 0.704796
245 269 -2.22758
245 275 0.174491
245 290 -9.97346
246 254 -2.75213
246 261 -0.942831
246 266 1.2064
246 280 -0.210882
246 288 -4.14515
246 294 0.0550641
247 249 -0.274059
248 259 -2.41897
248 283 -3.91844
250 441 0.740165
251 284 -3.00927
251 300 -17.5004
251 441 -5.53733
252 301 -1.54979
252 329 6.58588
252 332 4.78718
252 347 -3.57445
253 270 -7.88798
253 276 -3.20605
253 285 0.0524008
253 287 2.85347
253 299 -2.47197
253 305 -28.4186
253 306 -7.84194
253 309 -9.49631
253 323 -3.73241
253 326 -0.0569981
253 333 -4.15313
253 348 -0.161986
253 352 -0.284775
253 356 -12.4454
253 360 -4.43612
253 381 -9.45578
253 384 5.12527
253 385 -10.0572
253 401 1.52308
253 405 -4.43612
253 410 -5.53733
253 411 -5.60141
253 433 -0.974531
253 435 -4.8442
254 266 -0.136379
255 263 -3.73241
255 278 -6.3314
255 291 -0.341515
256 272 0.0538191
256 274 -0.625977
256 286 0.326262
256 288 1.43827
256 297 0.0156575
256 302 -3.20605
256 307 -4.8442
256 361 0.110941
257 289 -1.10372
258 264 -7.11429
258 277 -0.635286
259 267 -0.0617138
259 283 -0.192062
260 273 -10.8294
260 281 -8.43396
260 310 -6.57959
260 335 -4.43612
261 272 -4.43612
261 280 -3.31536
263 291 -5.53733
264 269 -3.20605
264 277 -7.42989
264 282 -4.43612
264 298 -3.20605
264 321 -16.612
264 330 -8.87224
264 367 2.84442
264 386 -0.0717578
265 268 -5.53733
265 283 2.52745
265 325 -5.53733
265 350 7.16088
265 359 -2.85347
265 380 -8.39081
265 431 5.53733
265 468 6.56411
265 473 0.404407
266 273 -5.40093
266 288 -4.8442
266 294 2.04138
266 310 -7.31987
266 327 -3.57445
267 283 2.47748
267 295 -4.65241
267 304 -9.75012
267 308 -8.53705
267 312 0.553318
267 340 -0.0544849
267 350 5.94737
267 370 -5.90827
268 283 -3.31536
269 282 -2.46584
269 290 -3.03861
269 298 0.363083
269 316 1.01037
269 330 -2.93164
270 271 -6.92933
270 306 1.63282
271 279 -2.14198
271 296 -10.7802
271 306 -0.740165
272 274 -0.0349215
272 280 -2.27269
272 288 0.308537
273 310 0.0233459
274 288 -0.216536
276 309 -0.601089
277 321 -0.386023
279 293 -4.8442
279 296 -0.198839
280 288 -3.20605
281 289 2.52403
281 303 -0.775982
281 315 -2.63022
281 335 -0.740165
282 298 -0.363083
283 295 -1.91493
283 308 -1.16715
283 325 -3.73241
284 300 0.867703
285 306 -0.104801
285 323 -3.73241
286 288 0.0151066
286 297 0.0469726
286 302 -2.27269
286 314 0.0743928
286 322 2.14476
286 361 0.191644
287 292 -8.0093
287 305 -25.6891
287 344 -3.01573
288 294 -1.47101
288 297 0.0295741
288 307 -4.43612
288 310 -0.179458
288 314 2.90925
288 327 2.27269
288 335 1.54167
288 355 -4.61272
288 357 -0.105906
288 361 0.889376
288 364 -14.1139
288 368 -6.87634
288 379 -6.81519
289 303 -0.0586443
290 316 -3.01573
292 344 -0.0488198
293 296 -0.517023
293 297 -2.62642
293 320 -0.0438891
293 334 -16.612
293 345 -2.58569
293 361 -0.0375382
293 366 -0.0195354
293 378 -20.9755
293 388 3.75927
293 394 -5.53733
293 407 -1.95015
293 426 -5.53733
293 442 1.65572
296 306 -0.014256
296 323 0.0285121
296 334 -4.3339
296 338 -0.813952
296 345 -0.182589
297 314 0.0591483
297 320 0.11787
297 322 0.0295741
297 361 0.164863
297 366 -2.18405
297 397 0.0295741
297 438 0.0295741
298 330 -0.500431
299 305 0.669846
300 331 -1.08589
300 343 -7.58457
300 354 0.905357
300 441 0.434708
301 319 -0.867703
301 332 -0.635286
301 441 -3.10675
302 307 -1.18877
302 314 -2.52745
303 315 -6.73084
303 321 -3.73241
303 335 1.27785
303 336 -2.01318
303 367 2.18405
304 312 -2.06975
304 318 -7.02519
304 340 -1.23357
304 370 -6.2862
305 344 0.318868
305 360 0.637736
306 323 -1.66114
307 314 -6.15689
308 325 -2.8693
308 350 -1.81446
308 353 -6.21818
309 356 -2.22758
310 327 -0.601089
310 335 -0.101248
311 317 -3.00011
311 318 -2.90569
311 342 -0.00662953
313 329 -8.35456
314 322 0.222151
314 361 0.122725
315 335 -11.0747
315 336 -3.73993
316 324 0.44675
316 328 -0.306878
316 330 -9.16632
316 349 4.78149
316 351 -1.23277
316 386 4.07635
316 387 -4.03789
316 413 0.386683
316 414 -1.00226
317 318 0.631202
317 324 1.07298
317 339 -0.643233
317 342 -0.0390489
317 362 0.824164
318 342 -0.968171
318 362 0.469556
318 370 -1.90828
318 383 0.425808
318 391 -3.91844
319 332 -4.8442
319 337 -3.73241
319 341 -3.31536
319 441 -5.53733
320 361 0.0330692
321 367 -3.43706
322 361 0.0607551
323 333 -4.36714
323 338 -2.31952
323 345 -0.206025
323 348 -3.01819
323 363 -3.91844
323 369 0.523858
323 376 -0.95824
323 377 -3.49593
323 388 -0.023346
324 328 -1.23187
324 339 -5.21526
324 349 1.39593
325 353 -5.53733
325 359 -2.14198
326 333 0.216344
326 348 0.0884807
328 349 -2.06181
329 347 -3.31536
329 372 -4.8442
330 351 -0.886457
330 386 -8.57661
331 354 -0.288145
331 393 2.407
331 420 -0.0242006
331 421 0.00974351
331 453 0.800159
331 470 2.94795
331 476 -5.09279
332 341 -0.0101504
332 347 -4.48896
332 371 -9.68841
332 372 -9.11179
332 395 -4.78615
332 441 3.20222
333 348 1.36532
334 345 -6.2745
335 358 -7.31617
335 367 1.98662
335 368 -0.816255
337 341 -0.00348626
337 346 -0.0107013
337 441 0.0355606
338 345 0.104695
339 349 -6.01971
339 362 -3.70293
341 346 0.0635329
341 371 -7.52366
341 441 -0.0495611
343 354 -7.158
343 441 -11.0747
344 360 1.10204
345 363 -8.25417
345 377 1.06254
345 388 -13.8186
346 441 -1.47909
347 372 -0.00778178
348 356 -0.148121
348 369 -1.28638
349 362 2.31952
349 387 -1.98633
349 409 -0.962998
349 414 -2.92612
349 419 -1.02592
349 423 -3.88913
349 431 2.71175
349 440 -1.91493
350 353 1.74507
350 370 -4.8442
350 380 -13.8919
350 431 1.54979
352 356 -3.60463
353 359 -1.66155
353 380 -10.3815
354 393 -0.55042
354 421 -8.16853
354 441 -2.31952
355 364 -0.369897
356 369 -0.287181
356 385 -0.565978
356 388 1.06386
356 392 -3.20605
358 368 -5.236
358 375 -3.01573
359 380 -2.52745
360 373 -4.0255
360 374 -10.3815
360 396 -13.0933
360 410 2.82404
360 424 0.0143569
360 425 -4.8442
360 428 0.23027
360 432 -3.91844
361 364 -11.6918
361 365 -2.71175
361 367 2.71516
361 379 -7.04193
361 390 -0.0513582
361 397 0.0399851
361 438 0.0475
361 443 -0.465431
361 444 0.00940381
361 454 -0.00470191
361 458 -0.0824202
362 391 -2.85347
362 403 1.12464
362 409 -3.20605
363 377 -1.32411
364 390 -2.05121
367 368 -1.95015
367 375 -3.91844
367 379 -15.9189
367 382 -5.53733
367 386 -0.0717578
367 389 1.13642
367 398 -4.8442
367 399 1.02216
367 400 -2.14198
367 402 -6.45965
367 408 -14.8071
367 427 -0.450915
367 434 5.71204
367 444 0.104952
367 445 -19.3709
367 447 0.913527
367 458 -0.0355766
367 461 -0.323525
367 477 4.77201
367 481 4.18956
367 493 -1.25517
367 509 -5.38721
367 510 0.360601
367 514 -5.53733
367 515 -2.36822
367 542 1.28177
368 375 0.466198
368 379 2.52926
368 382 -0.809651
368 398 -3.68575
369 376 -0.110008
369 388 -0.574362
370 383 -4.83886
370 431 -3.57445
371 395 -0.886457
371 441 -5.53733
373 374 -1.75131
375 382 -0.809651
376 388 -2.85347
377 388 -6.90809
378 394 -0.775982
378 397 -0.81228
379 398 -1.63441
381 384 -11.1816
383 391 -6.41161
383 403 0.17038
383 409 -0.421761
383 423 0.618995
383 431 -0.685197
384 405 -6.56497
384 433 -0.0252228
385 392 -0.722426
385 406 -1.11997
385 411 -0.0503224
385 418 -0.756512
385 435 1.04608
385 436 -3.64434
385 449 0.353819
386 400 -7.46051
386 412 5.80527
386 413 0.386683
386 414 -5.11896
386 431 2.93164
386 440 -5.87439
386 452 -7.55076
386 491 -1.42058
386 500 3.49277
388 392 -5.53733
388 415 3.20604
388 436 -5.53733
388 442 1.10646
388 448 2.5879
388 449 -2.64699
388 450 -9.11179
388 451 -7.46051
388 466 -3.57445
388 469 -9.68249
388 482 1.1947
388 502 2.41897
388 520 -3.31536
388 529 6.46328
388 531 -4.43612
388 548 8.94935
388 556 -4.14515
389 408 -2.27269
391 403 -2.31952
392 406 -0.337785
392 415 -4.8442
393 420 -0.015212
393 421 0.0176788
393 453 0
394 407 -3.96406
395 441 -9.97346
396 404 -1.63282
396 416 -14.3224
396 424 -4.8442
396 428 -10.3815
396 487 -4.43612
396 511 -4.8442
396 549 -8.76265
399 400 -0.982543
399 402 -9.68249
399 412 1.98633
400 412 -4.74466
401 405 -5.91505
401 410 -19.818
401 429 -2.31952
401 433 -2.06181
401 463 -4.8442
402 408 -17.3185
402 412 -5.2901
402 447 -3.73241
402 459 -8.41866
402 462 -12.4114
402 477 -4.43612
403 409 -1.26552
403 423 0.0269285
403 431 -0.220432
404 416 1.05689
404 417 -0.11137
405 429 -1.19209e-07
405 433 -3.26782
406 415 -1.10372
406 436 -1.47101
407 426 -0.023346
407 430 -0.635286
407 437 0.0473694
407 439 -0.047367
408 447 -0.802197
409 419 -2.52745
409 423 -0.104341
410 428 0.23027
410 432 -8.41866
410 463 2.52745
410 464 -5.73996
410 494 -11.0747
410 499 -9.28032
410 519 -0.849093
410 524 -2.41897
410 527 5.76558
411 418 0.0079367
411 435 -0.0292353
412 459 2.55691
412 472 -2.93573
412 483 -0.258847
412 491 -8.87224
412 500 2.88118
414 440 -1.69086
415 436 -4.8442
416 417 -0.11137
416 422 -3.98975
416 465 -1.17599
416 471 -6.16394
416 506 -3.17919
416 511 0.0903755
416 549 -0.537
417 422 -10.3815
419 423 -2.44289
420 421 -7.6159
420 441 -1.63282
420 453 -3.42758
420 498 -1.37165
421 441 -11.0747
422 441 0.982849
422 460 -8.98936
422 465 -5.53733
422 471 0.644753
422 474 -4.8442
423 431 -10.0103
423 456 -1.32411
424 425 -1.52308
424 428 0.120203
425 428 -5.12098
426 437 -3.99593
426 442 -3.20605
427 445 -0.305845
428 432 -5.49887
428 464 0.174349
428 487 0.81228
428 494 -1.60463
430 438 -4.8442
430 439 -0.132481
431 440 -3.73241
431 452 -8.71246
431 456 8.04639
431 468 4.0979
431 500 6.13377
431 516 5.54179
433 435 -8.0384
433 463 -2.47197
435 449 0.353819
435 457 -7.87756
435 463 3.81415
436 449 -4.43919
437 439 -1.32522
437 442 0.482112
437 446 -6.30757
438 439 -2.27269
438 443 -0.848554
438 446 -14.6491
438 454 0.362344
438 455 -1.58248
438 480 0.22798
439 446 -0.687271
440 452 -1.08303
441 460 -11.0747
441 498 10.2972
441 505 -5.53733
441 517 2.27269
441 530 -3.31536
441 539 -1.33093
441 552 -4.8442
441 566 2.41897
441 575 -0.0393484
441 595 -4.14515
441 597 -22.1493
441 623 -9.97346
441 626 4.70053
441 686 -18.6993
441 706 8.57483
441 760 3.10675
441 761 -2.06578
441 763 -0.126436
441 769 5.86329
441 786 -11.0747
441 808 -11.0747
441 842 9.67695
441 847 3.20604
442 446 -1.47101
442 451 -5.53733
442 479 -9.68841
442 480 3.25343
442 482 2.85347
442 485 0.176987
442 488 -1.14578
442 503 -2.58569
443 454 -2.99754
444 454 -0.0404913
444 458 -0.424769
444 467 -0.422717
445 458 -5.53733
445 461 -3.10675
445 475 -8.3185
445 481 -4.8442
446 480 -5.05652
448 450 -5.29778
448 451 -8.35791
448 484 -2.30096
449 457 -0.0919566
449 466 -0.136391
449 469 -1.52308
451 482 -14.3
451 484 -0.982543
453 470 0.974142
453 498 -5.53733
454 455 -3.01573
454 467 3.94439
454 480 1.32509
454 490 -4.43612
454 504 -5.53733
457 463 -4.14515
457 466 0.0575811
458 467 1.08233
458 475 -4.43612
459 462 -0.010542
459 472 -0.152434
459 483 -0.0801557
460 471 -11.0747
460 474 1.66458
460 530 -8.6014
461 481 -0.64705
462 472 -0.300663
462 477 1.58828
462 483 0.0644608
462 497 -5.58805
462 510 -0.372254
462 523 -0.00989818
463 466 -1.66155
463 478 0.76497
463 496 -7.87756
463 499 -5.68256
463 501 0.328209
463 502 0.616425
463 507 -0.511814
464 494 -2.52745
465 471 -5.53733
466 469 -1.12464
466 502 -2.31952
467 475 -0.230999
467 481 0.474051
467 486 1.93289
467 489 -3.90299
467 490 -8.98936
467 492 1.43615
467 495 -2.64699
467 504 -4.8442
467 521 3.51166
467 526 0.610175
467 528 1.5453
467 541 -0.495473
467 542 3.05634
468 473 0.229209
468 516 2.78039
470 476 -6.93417
470 498 -6.6726
471 474 -4.43612
471 506 -5.53733
471 530 -2.26364
471 549 0.376748
471 552 -21.4562
471 561 -2.58569
471 567 -2.611
471 581 -11.0747
471 596 -3.10675
471 606 2.71175
472 483 -0.296458
473 508 6.16952
473 516 2.06003
473 533 4.11964
473 534 -4.8442
473 545 -1.66155
475 481 -5.60996
475 495 0.520038
476 498 2.10127
476 505 -13.6009
477 493 -4.42025
477 510 0.0419389
477 515 -3.20605
477 523 -0.025024
479 482 -7.59915
479 485 -8.07788
480 488 -9.2028
480 503 -3.91844
480 504 -5.78512
480 512 -1.23356
480 525 0.115705
480 536 2.12828
480 565 0.0614138
480 569 0.0403248
481 509 -8.05025
481 513 -0.887214
481 518 1.82341
481 528 0.306816
481 532 0.0255665
482 485 0.794069
482 503 -7.26317
482 531 -5.85304
482 535 2.85347
482 540 4.3874
482 544 -0.489904
482 548 5.72813
482 554 0.281619
483 497 -0.794069
483 500 -1.01346
485 503 -5.47542
486 489 -0.116857
486 490 -3.20605
487 494 -4.8442
487 549 0.795501
489 492 -1.42058
491 500 -5.64198
494 527 -5.53733
494 549 -15.9189
494 571 -2.02352
496 501 -2.93365
496 507 -7.6246
497 500 -1.69086
497 510 -0.434708
498 505 -15.973
498 539 -2.06181
499 501 -2.52089
499 507 -2.49326
499 519 -5.01402
500 510 1.21064
500 516 2.76576
500 522 3.77163
500 523 8.68585
500 542 0.215687
501 507 0.447352
502 507 -0.511814
502 520 -3.57445
503 512 -6.75241
503 535 -5.53733
503 536 -2.14198
504 525 -1.69086
504 526 -3.91844
505 575 -4.306
506 511 -3.43706
506 549 -3.20605
507 519 -0.0700634
507 520 -10.7134
507 524 -3.01573
507 527 0.740165
507 529 1.74533
507 537 -6.42793
507 546 0.943623
507 556 -5.68256
508 534 -13.6969
508 545 -5.53733
508 570 0.689901
508 605 0.97455
508 614 -5.53733
508 615 -1.81446
508 618 -3.43706
508 620 -3.91844
508 622 -5.53733
509 514 0.325228
509 518 -2.32883
509 542 -2.60041
510 515 -6.39041
510 523 3.88867
510 538 -0.945711
510 542 0.753614
511 549 -0.0900571
512 536 -1.41457
513 518 -0.687572
516 523 5.98611
516 533 0.464673
516 542 0.0589114
516 547 -17.4135
516 576 2.61757
516 582 -11.9572
516 593 -9.68841
516 608 -4.43612
516 610 1.32411
517 597 -2.58569
518 532 -0.260911
518 542 2.98997
518 555 0.304852
518 560 -1.71176
519 524 -0.669846
520 529 -2.52745
522 523 1.63195
522 542 0.0589114
523 538 -0.221474
523 542 1.40723
523 586 4.97276
523 604 -0.323922
523 610 3.4756
523 625 0.556573
523 665 5.15026
524 527 -5.53733
525 526 0.246459
525 536 0.106151
525 543 5.78562
525 558 0.778084
525 562 7.61712
525 565 1.58041
525 569 4.26219
525 589 1.69101
525 600 1.27785
526 536 0.0399116
526 541 -0.782955
526 542 0.225009
526 543 0.136877
526 558 0.0160079
527 537 -5.53733
527 546 0.405613
527 549 2.41897
527 556 -14.5267
527 563 0.434708
527 564 -4.8442
527 568 -4.14515
527 571 5.31169
527 583 3.56731
527 585 -5.53733
527 680 0.00714172
528 532 0.452652
528 542 0.155681
528 553 1.73907
529 556 -4.14515
530 552 -6.28714
532 553 0.944988
532 555 -0.285774
533 545 -3.10675
533 547 -2.16247
533 551 -8.12302
533 570 -0.0700634
535 536 2.36987
535 544 -0.992841
535 554 1.3476
535 565 0.0100044
536 554 3.21604
536 565 0.0438869
536 569 0.0644909
537 546 -2.22758
538 542 -0.468252
540 544 -0.9798
540 548 1.70698
540 550 -0.195639
540 554 0.314855
540 557 0.267195
541 542 -2.48716
541 543 -0.136877
541 558 -0.0160079
541 559 -3.43706
542 553 0.311362
542 555 1.08009
542 559 1.27785
542 560 -1.21422
542 578 -0.0305725
542 580 1.69055
542 586 4.04087
542 590 -13.8186
542 604 -0.923971
542 625 0.108591
542 665 0.217182
543 558 2.9827
543 559 -0.083714
543 562 10.1186
543 572 2.34737
543 578 -0.0164097
543 589 5.91438
543 594 -1.45709
543 600 1.69086
543 607 3.88212
543 637 0.0136216
543 664 -0.0141649
544 550 -2.60934
544 554 -0.924411
545 551 -0.758016
545 570 -4.43612
546 556 -4.14515
547 570 -4.43612
547 587 -9.27592
547 593 -0.299834
547 605 -5.53733
548 550 0.050618
548 554 1.08901
548 556 -4.8442
548 557 8.82407
548 574 1.02227
548 577 1.98633
548 583 2.71175
548 591 2.58569
548 598 3.76952
548 621 3.28659
549 561 -9.68249
549 563 0.0708782
549 564 -9.68841
549 567 -0.761027
549 568 -5.71204
549 571 1.95015
550 554 5.54622
550 557 0.562789
551 570 -5.53733
552 566 -7.59915
552 606 -4.8442
553 555 -0.46608
554 557 1.84947
554 565 0.439925
554 569 0.0786542
554 574 4.93399
554 579 3.49458
554 584 0.287833
554 588 0.113341
554 599 0.059837
554 616 0.0088903
554 663 -0.0344577
555 560 -1.95282
556 577 -3.57445
556 583 -14.9931
556 601 -3.73241
557 574 5.54387
558 562 3.94135
559 572 -0.471607
559 573 -7.56086
559 578 0.254892
559 590 -4.8442
561 563 -1.02216
561 567 -0.0856503
563 564 -3.10846
563 567 0.493529
563 581 -8.41866
563 585 -3.43207
563 596 0.481618
563 602 -1.98633
563 603 0.226632
563 606 -0.240809
565 569 2.89745
565 584 7.70687
565 589 6.46363
565 599 0.0355444
566 597 -26.8677
566 606 7.12887
566 619 -2.06181
566 631 -11.0747
566 639 -4.33752
566 707 -0.635286
566 710 -2.31952
567 581 -2.22758
568 571 -2.78039
569 589 0.635286
570 605 0.97455
572 578 -0.0858954
573 578 -3.20605
574 579 5.43916
574 588 4.05178
574 591 3.20604
575 595 -6.18776
575 626 -2.18297
576 582 -2.97523
576 592 0.162785
576 608 -4.8442
577 583 0.962998
578 586 -0.0873342
578 590 -9.97346
578 594 -0.441345
578 604 1.78058
578 607 0.416326
578 629 -5.53733
578 642 1.07468
578 644 -5.53733
578 646 -7.60152
578 660 -5.73349
578 665 -0.0728227
578 674 -4.43612
578 708 -9.68249
578 713 -21.1981
578 728 -20.1386
578 764 1.32411
578 803 -0.0413009
578 817 -2.64699
578 825 -5.53733
578 837 0.773515
578 860 -0.55042
578 871 2.48278
578 881 -2.41897
578 899 -2.71175
578 909 0.195158
578 933 -4.43612
578 955 3.57445
578 1002 2.64699
579 588 8.88903
579 616 0.719593
581 596 -1.37165
582 592 -0.450711
582 593 -0.0527759
583 585 -3.20605
583 601 3.27832
583 602 -5.53733
583 603 1.97919
583 606 3.78717
583 613 -3.43706
583 621 1.88061
583 632 -14.2807
583 641 -3.57445
583 656 2.28247
583 680 0.105866
583 701 0.0363084
584 589 6.89818
584 636 7.96804
584 643 3.50532
584 657 0.145612
584 662 1.25517
584 663 -0.0344577
585 603 -5.53733
586 604 -2.07128
586 642 -0.111527
586 665 4.3311
587 593 -5.53733
587 605 2.06181
588 591 4.79761
588 609 2.29531
588 616 0.904271
589 600 2.23358
589 611 4.16292
589 636 2.16052
589 645 6.48703
589 657 0.247714
589 664 -0.00477808
591 598 12.1743
591 609 3.36264
591 616 3.31536
592 593 -3.50017
592 605 0.0730937
592 608 -3.20605
592 612 -16.9724
592 617 -1.47101
592 630 -2.02352
592 647 -1.95015
592 681 0.114043
592 807 -0.0321445
593 605 -6.94547
593 612 -2.18718
594 607 -2.36301
595 626 -1.84714
596 602 -0.669846
596 606 -1.821
597 619 -14.1245
597 623 2.7934
597 639 -12.1954
597 707 -3.91844
597 710 -2.78039
597 761 -14.8071
597 792 -1.65239
597 813 -2.36822
597 862 -4.14515
598 616 2.47197
598 621 2.78039
598 627 4.03556
601 680 0.00714172
602 603 -3.73241
602 606 -3.43706
602 613 -3.4021
603 680 0.00714172
604 642 1.50764
604 646 -1.54979
605 612 -20.0699
605 622 -4.14515
605 633 6.85009
605 679 -5.53733
605 681 4.90412
605 694 -4.14515
605 719 -5.53733
605 741 -9.97346
605 756 0.00373044
605 765 -4.43612
605 807 -0.064289
606 613 -8.01058
606 624 -4.8442
606 641 -5.53733
606 669 3.57445
606 680 0.0614145
606 701 1.9644
606 707 -0.600763
606 742 -14.3
606 743 3.93384
607 629 -4.8442
607 637 0.051982
607 660 -0.0779784
607 664 -0.00243048
607 673 -1.19821
608 610 -1.84714
608 617 -5.33888
610 617 -2.14198
610 625 0.234149
610 630 -3.31536
610 634 -2.1012
610 647 -10.3432
610 654 0.136106
610 675 -0.235676
610 681 9.5437
610 685 0.00629297
610 695 0.0111336
610 730 -3.01573
610 807 -0.064289
613 624 -0.0635763
613 641 -0.27272
613 669 -3.73241
614 615 -5.63488
614 658 -1.58763
615 618 -11.7526
615 658 1.39593
615 666 -0.647849
616 627 2.85347
616 628 9.91776
616 638 2.15505
616 640 1.45543
616 650 4.83019
616 653 1.41501
616 663 -1.00226
616 667 2.47197
617 630 -2.36452
618 620 -5.38173
618 666 -2.27213
619 631 -4.72352
619 639 0.134745
620 622 -0.631372
620 655 1.79044
620 666 -4.17666
621 627 2.78039
621 632 -18.9628
621 635 3.73146
621 651 0.235146
621 661 4.5086
621 670 1.47101
621 677 -0.163779
621 680 3.20604
621 689 2.31952
622 633 -2.78039
622 655 -1.26274
625 634 -0.109868
625 654 1.64156
625 665 0.299611
625 668 -3.97977
625 675 -0.0633301
625 685 0.00221321
625 695 0.00095594
625 698 -4.69889
627 635 3.87157
627 638 1.95909
627 652 0.774425
627 659 1.88061
627 661 1.38836
628 638 1.39593
628 649 2.95353
628 650 6.25078
629 637 -4.8442
629 644 0.0425128
629 660 -2.00245
630 647 -0.666841
630 648 -2.27269
631 639 -0.733975
632 651 -5.53733
632 656 -4.8442
632 680 -6.90601
633 655 0.451047
633 676 -3.73241
633 679 -3.73241
634 654 -0.110712
635 652 0.418426
635 661 2.02352
636 643 1.57454
636 645 0.0943724
636 657 0.355743
636 662 1.25253
636 663 0.0179898
636 683 3.78717
637 660 -3.91844
638 649 4.16536
638 659 1.14578
640 653 0.754349
641 669 -5.53733
642 646 -2.68794
642 665 -0.161659
642 674 -6.83816
642 713 -2.24009
643 663 0.00242362
644 660 -0.0850257
645 657 0.612622
645 664 -3.43706
645 683 5.15332
645 692 -0.165411
645 700 0.0291276
647 648 0.0544848
647 681 -5.88172
649 650 4.1342
649 659 2.39493
649 672 1.98588
650 667 3.67413
650 672 0.758015
650 678 4.20119
652 661 0.86105
653 663 -1.24083
653 667 3.95734
653 683 1.31007
653 691 9.52763
653 715 6.24379
653 717 1.71053
653 722 1.04226
653 733 1.06254
654 668 -3.89316
654 675 -0.604969
654 685 0.0325378
654 695 0.044528
654 698 -5.53733
654 718 0.911743
654 726 -4.8442
655 666 -13.4883
655 676 -8.58127
655 694 -0.00258933
655 699 2.33819
655 709 0.632696
655 727 -4.52621
656 680 0.0113124
657 663 0.00793151
657 683 0.196926
658 666 -2.22758
658 705 -6.20437
659 661 6.43197
659 671 3.74308
659 672 3.43346
659 682 2.02352
659 690 2.57986
660 673 -0.0233916
660 684 1.51839
660 708 0.467445
660 732 -0.153171
661 671 0.675613
661 677 -0.386023
661 682 1.23708
661 689 2.85347
661 690 2.69544
661 696 0.101247
661 703 1.2901
661 720 0.135214
661 724 1.60636
661 731 0.141125
662 663 0.00240805
663 683 -0.145192
664 673 -2.41897
664 688 -4.74826
664 692 -4.44
665 698 -0.599222
665 718 -0.306047
665 728 -13.9649
665 752 13.0132
665 768 -0.334107
665 844 0.904784
665 858 0.882643
665 871 2.57317
666 699 -3.00042
666 705 -0.0314246
666 735 -0.962998
666 739 -1.02216
667 672 2.58569
667 678 10.0433
667 690 1.21064
667 691 5.02679
667 704 0.0155677
667 711 2.06235
667 714 0.30048
668 698 -1.60463
670 680 4.88595
670 689 3.27125
672 678 2.49341
672 690 3.97266
672 693 0.353819
673 684 -4.58502
673 688 0.785107
675 681 -0.0939385
675 685 -0.0112104
675 695 -0.0528321
675 718 -0.0642729
676 679 -0.289934
676 694 -3.1111
676 709 -4.14515
677 689 -1.04226
679 694 0.943623
680 687 2.48256
680 689 6.25476
680 697 2.94016
680 701 2.30824
680 702 2.93097
680 723 4.77516
680 780 -0.00510049
681 730 -13.4883
681 752 -0.0340825
681 756 0.0244465
681 765 -3.94659
681 783 -4.8442
681 799 1.18963
681 807 -0.53432
683 691 0.219428
683 692 -0.257997
683 700 1.76055
683 715 0.516032
683 717 8.10933
683 738 -1.75131
684 688 -11.8668
684 700 -0.125606
684 732 -0.204316
685 695 1.3484
685 718 -0.0319519
686 769 -10.3815
686 808 2.64699
686 842 -5.53733
686 847 -11.0747
688 692 -0.0151033
688 700 1.33947
688 755 -0.00991284
689 696 1.58233
689 701 2.09385
689 702 0.758015
689 703 3.22886
689 723 0.178018
689 731 0.0527214
689 748 4.11195
689 749 2.24301
689 770 1.98156
689 774 2.12096
689 780 -0.0727177
690 693 0.418426
690 704 0.187719
690 711 1.66155
690 714 3.21134
690 724 3.32923
690 744 0.092804
690 746 1.94256
690 747 0.982476
690 753 -0.210061
690 772 0.0203637
691 712 2.96868
691 714 0.306899
691 716 0.775709
691 717 2.76041
691 721 -0.324668
691 722 1.41221
691 725 2.87381
691 729 0.293233
691 745 -1.00226
692 700 -0.115003
694 709 -0.0413871
694 719 -10.6198
694 735 -0.0635918
694 736 -0.72873
694 750 -0.0057353
695 718 -0.595118
695 726 -2.33527
695 730 -4.72286
695 752 0.256814
696 703 2.82289
698 718 -13.7864
699 727 -2.93164
699 735 0.750751
700 732 -3.6835
700 734 0.0295003
700 738 -2.47197
700 755 -0.0823231
700 777 -0.467445
701 723 4.40109
701 743 1.30956
701 749 1.78253
701 780 -0.00510049
703 720 0.250857
703 731 2.91446
703 748 2.23416
703 770 1.69519
703 775 -1.50909
703 780 -0.00510049
703 781 1.84506
703 788 -1.93418
703 790 -1.2693
703 819 -4.2511
703 820 -0.107439
703 823 -4.14515
703 828 1.20475
703 835 2.14198
703 841 1.66155
703 854 -1.66155
704 711 0.0311354
705 739 -7.01089
705 759 -6.41784
705 784 -9.26974
706 760 0.849093
706 763 -0.728714
706 808 -9.45578
707 742 -3.91844
707 801 -0.618144
707 813 0.722426
708 732 -3.84846
708 764 -1.8554
709 727 -3.43706
709 735 2.82797
709 736 -3.57445
709 750 0.0176106
711 714 1.78106
712 725 0.886457
714 716 1.80591
714 721 -0.0100176
714 740 1.42321
714 744 1.1507
714 753 -0.0215454
715 717 2.83242
715 733 1.37165
716 721 -0.165611
717 729 0.586466
717 733 3.82987
717 738 -2.36822
717 740 3.85848
717 751 -0.819102
717 754 3.44916
717 755 -0.0378844
717 767 0.460413
717 771 -2.58569
718 726 -3.43706
718 752 -0.97242
719 735 -6.97465
719 741 -3.76393
719 778 -7.27706
720 724 0.0545009
720 731 0.343846
721 725 -0.393766
721 737 -0.533553
721 740 -0.277937
723 780 -0.00510049
724 731 3.80423
724 746 2.99221
724 772 0.010165
724 781 4.5603
724 782 -0.026998
724 797 0.0316361
725 737 0.581951
725 745 -0.210538
727 735 -2.64699
727 750 -0.274059
728 768 -3.91844
728 803 -2.52745
730 752 -0.407459
731 781 0.470706
732 764 1.0763
732 767 0.126067
732 777 -7.79875
732 789 0.126068
732 806 -5.38945
732 809 0.0238451
732 812 -7.64217
732 816 -3.12832
734 738 -0.451047
734 755 -5.38992
735 739 0.108769
735 750 2.36822
735 757 -2.51604
735 778 1.46976
735 791 1.47101
735 800 -6.93845
735 826 -1.54979
735 838 1.08712
735 845 -0.0450658
735 846 -3.91573
735 849 0.00681191
735 853 0.618441
735 865 0.0126352
735 890 0.253938
737 740 1.4144
737 745 -0.210538
737 753 -0.0657062
738 755 -6.42354
739 757 -0.841598
739 773 -1.96642
739 784 -1.63282
740 744 0.160453
740 745 -0.343363
740 747 0.840762
740 751 -0.819102
740 753 -1.69332
740 758 -5.34728
740 766 -3.8933
740 771 -1.06254
740 772 5.06796
740 776 -0.366793
741 756 -4.35761
741 778 0.163779
741 779 -0.179458
742 743 -5.53733
742 787 -13.6068
742 801 -0.533685
742 813 -5.53733
743 749 0.215697
743 762 3.21473
743 787 2.27269
743 810 1.44853
744 747 0.364756
744 753 -0.174658
746 747 0.0404175
746 753 -0.0691932
746 772 0.354578
746 782 -0.236928
746 797 0.0132787
746 804 0.00663934
746 814 -0.0959223
746 824 0.0351888
746 830 0.0419345
747 753 -0.44604
747 772 -3.99041e-11
747 776 -0.234296
748 770 2.87103
748 775 -0.606313
748 780 -0.00476513
748 788 -0.175701
749 762 4.60492
749 774 0.574759
749 780 -0.02913
752 799 -0.0676312
752 807 0.385671
752 829 -0.315098
752 844 2.82838
753 772 -1.13013
753 776 0.0647547
754 767 2.58911
754 771 -2.48849
754 772 5.31025
754 785 -0.203673
754 793 0.253184
754 798 0.33762
754 805 0.794069
754 811 0.63453
754 816 -0.53828
754 836 -0.180363
755 767 -0.902635
755 777 -14.2636
756 765 -0.0180649
756 779 -9.38435
756 783 -5.41527
756 799 0.462204
756 877 0.0979483
757 773 -0.451517
757 794 -2.76986
757 795 -2.45847
758 766 -0.00778178
758 772 -3.41565
759 784 -2.46698
760 763 -1.12072
760 808 -5.99342
761 786 -17.303
761 862 0.81228
762 770 0.886341
762 774 1.35242
762 780 -0.022499
762 796 -1.13917
762 802 3.16423
762 810 0.103384
762 818 -4.13132
762 821 1.37165
762 843 -2.9719
762 859 -2.47197
762 864 -4.14515
762 878 0.0725778
764 806 -3.10675
764 817 -0.905358
765 783 -0.132481
765 799 -0.669167
766 772 -3.44416
767 777 -4.73593
767 785 -0.028306
767 789 0.419136
767 793 0.0239408
767 798 0.0191968
767 811 1.09219
767 816 -2.08
768 803 -1.62631
768 837 -0.00239417
768 871 -1.5922
770 774 0.0973048
770 780 -9.98587e-06
770 788 -1.39012
770 818 -2.41897
770 821 1.52308
770 823 -3.12499
771 772 -0.483906
772 776 -4.45778
772 804 -0.0231613
772 805 1.37165
772 814 -0.997114
772 824 0.667324
772 830 6.64114
772 836 1.57221
772 857 -0.00438645
772 863 0.338615
772 867 -1.60463
772 873 1.8629
772 880 1.44559
772 889 0.0589075
773 784 -3.73241
773 795 -2.78039
774 780 -0.0189499
778 779 -17.2797
778 845 -0.0288322
778 849 0.0270219
778 865 0.0126352
778 890 -0.000856314
779 849 -12.2345
779 877 -3.91844
779 890 -2.93164
781 790 -0.597748
781 797 0.00101472
781 820 -0.0081673
782 797 -0.188503
783 799 -4.8442
784 795 -1.00226
784 815 -3.43706
784 827 -8.35778
784 840 0.517023
785 793 -0.0258374
785 798 -0.061119
786 842 -9.26974
786 862 -7.78419
786 882 -3.73241
787 810 0.618572
787 813 3.18125
787 831 -2.77597
787 832 2.05688
787 851 0.28088
787 868 1.80761
787 875 0.0253972
789 816 -5.64632
791 794 -3.10675
791 795 0.721459
791 800 -5.27244
791 826 -1.44559
791 839 -2.14198
791 861 1.78576
792 813 0.0894376
792 862 0.532694
793 798 0.130533
793 811 0.0768116
793 816 -0.0957464
794 795 -5.41527
795 815 -4.98828
795 861 0.033326
796 802 -0.90302
797 804 1.6272
797 820 -0.0133268
798 816 -0.0383936
799 807 -0.201836
799 834 -8.97439
799 877 1.0769
799 883 -5.26616
799 894 -0.288872
800 826 -3.10675
801 813 -3.20605
802 810 0.111953
802 832 0.0317052
802 843 -0.47518
802 852 0.485894
803 837 -0.1497
804 814 0.00958519
804 820 -0.0542099
804 824 -0.0373691
804 828 -0.00942125
804 830 -0.07192
804 833 0.25753
806 809 -1.30113
806 812 4.27635
806 816 -0.105246
806 817 -14.1368
806 836 -0.541849
807 829 -0.156863
807 834 -4.8442
808 847 -5.53733
809 812 -1.77825
809 816 -0.0929714
810 832 0.209016
810 843 -0.0167746
810 852 0.159815
811 816 -1.76011
811 836 -0.0835411
813 822 -1.75503
813 831 -0.395359
813 850 -4.43612
813 851 3.81115
813 862 3.22072
813 868 0
813 892 0.794069
813 895 1.47862
813 902 0.0259468
813 912 -7.75148
813 915 -4.43612
813 929 -1.18877
813 960 1.98633
813 966 -11.0747
813 970 0.12982
814 824 -0.470191
814 830 -1.76256
815 827 -2.72854
815 840 -2.64699
815 861 -1.44559
815 884 -3.31536
816 836 0.538411
817 825 1.59208
817 836 0.356542
817 856 -9.24421
817 876 -4.51808
817 920 1.39593
818 821 -2.90953
819 828 -2.06181
819 835 -2.36337
820 828 -0.273238
820 833 -0.00807584
820 848 -0.000331083
821 823 -5.38945
821 828 1.21064
821 841 1.88061
821 854 -0.924411
821 864 -2.85347
821 878 1.37165
821 891 -8.72306
821 897 -1.78253
821 906 0.763105
821 916 1.88281
821 926 -1.32101
821 927 0.716842
821 932 0.670292
821 935 -2.71175
822 850 -0.758016
822 851 -2.10127
823 841 -1.02216
824 830 0.577658
824 833 -0.0914949
825 856 -1.00226
825 860 -5.75593
826 838 -0.618144
826 839 -0.483906
827 840 -9.11646
828 833 -0.0224646
828 835 3.49556
828 848 1.40048
828 854 -1.84714
828 855 0.204267
828 866 -10.6666
828 891 -2.93164
828 903 1.52308
828 906 1.25517
828 913 -6.5061
829 834 -10.3815
829 844 -0.917559
830 833 -0.217415
830 848 -0.369234
830 857 -0.0900109
830 863 0.0809169
830 879 -2.71694
831 851 -0.519436
831 868 -1.13634
831 875 -0.0253972
832 843 -0.058727
832 852 0.689932
832 875 2.99281
832 878 -0.0723836
832 905 -1.00546
832 907 -0.0389131
832 910 2.76759
832 916 0.977806
832 918 2.44973
832 976 0.0030177
833 848 -0.00296368
834 844 -25.988
834 883 -0.55042
835 854 -2.31072
835 866 -6.70813
836 876 -7.77982
836 880 1.07303
837 858 0.00284687
837 871 0.0563268
837 899 -6.63019
837 953 0.0117429
838 839 -2.64699
838 846 -3.10675
838 853 0.0118076
838 861 2.65585
838 890 0.841333
838 900 0.122733
839 861 -4.43612
840 884 -0.300784
840 885 -3.39142
840 900 2.31685
841 854 -1.02216
842 882 -0.740165
842 901 -5.53733
842 914 -22.1493
842 1031 -4.8442
842 1050 7.45185
843 852 -0.0491292
843 859 -0.00404703
843 878 -0.285501
844 858 5.42864
844 877 1.91493
844 883 -4.34304
844 936 -7.58221
844 945 -3.91844
845 853 -0.0101613
845 865 -1.2911
845 890 -3.01573
846 853 -1.25517
848 855 0.639252
848 869 0.00453538
848 879 -2.22758
848 887 -1.34158
848 888 4.31655
848 893 -1.79362
848 903 0.796928
848 923 -0.172802
849 865 -0.172437
849 890 -0.753261
850 851 -8.35456
850 872 -4.8442
850 886 -1.81446
850 895 -2.22758
851 868 1.14742
851 872 1.2415
852 859 -0.00407936
852 878 -0.0741095
853 890 0.086276
856 860 -2.64699
856 870 -1.34772
856 881 -1.60463
856 909 -5.53733
856 920 -3.01573
856 933 -1.54979
856 955 -5.53733
857 863 -0.0231253
858 871 3.90515
858 945 -3.91844
858 953 9.40106
858 963 0.0268452
858 991 0.0670732
858 1036 0.153924
859 878 -1.21928
860 870 -0.775982
860 881 -1.72077
861 884 -0.118176
861 890 7.65576
861 900 0.363618
861 928 -2.93164
862 874 -5.22957
862 882 0.55042
862 892 0.451047
862 901 -6.24014
862 911 0.962998
862 914 -4.8442
863 867 -1.67469
863 873 0.699125
863 879 -1.27785
863 898 0.908189
863 904 -7.05635
863 919 -6.50413
863 922 1.42058
864 878 -7.12449
865 890 2.1254
867 873 -1.63282
868 872 2.09708
868 875 0.0580383
870 881 -0.652519
871 899 -2.47197
871 953 8.71589
871 955 7.87381
871 994 3.21547
871 1002 0.179457
871 1027 2.32483
871 1029 6.5476
871 1036 0.392714
872 875 0.739112
872 886 -0.418426
872 902 2.01036
872 907 -0.56723
872 917 0.517023
872 918 3.78098
872 930 -0.158268
872 939 1.14643
873 889 0.11769
873 898 0.698896
874 892 -2.02352
875 907 -0.289934
876 880 -2.27269
876 889 -2.14198
876 896 -8.16853
876 920 -9.68249
876 941 3.31536
876 959 -7.87756
876 977 -15.9189
877 883 -4.14515
877 890 3.73241
877 894 -1.33911
877 936 -2.52745
877 937 -6.41033
877 946 1.06254
877 947 4.64655
877 956 -4.8442
877 957 3.08623
877 969 0.0734048
877 974 -0.084825
878 897 -3.62965
878 905 -2.78217
878 916 2.36822
879 888 -2.49317
879 904 -7.83689
880 889 0.0981914
880 896 -0.10586
881 909 -1.98633
882 901 -3.20605
883 894 -2.36822
884 890 -0.0436322
884 900 -0.918107
885 900 -2.64699
886 895 -0.0389131
886 902 -1.91493
886 915 -0.101248
887 888 -0.578867
888 904 -1.54712
888 921 0.838796
888 923 -0.30415
888 924 2.18405
889 896 -0.11887
889 898 1.98182
889 908 -0.432854
889 925 0.27603
889 941 -3.57445
890 900 1.89215
890 928 -2.64699
890 947 4.14515
890 996 2.52745
891 906 -0.905358
892 912 -2.78039
892 914 -2.18405
893 903 -0.55042
895 915 -5.67572
896 898 -0.0423219
896 925 -0.00639994
897 916 -1.49683
898 904 -1.95015
898 908 -0.133427
898 919 -7.85993
898 922 1.69086
898 925 0.450808
898 940 -3.09712
898 941 -8.85269
898 951 1.57649
898 965 -2.06181
898 967 2.78971
898 968 -0.289934
900 981 4.94263
900 995 0.155298
900 996 2.99136
900 1005 -0.302639
901 911 -6.07598
901 914 1.98633
902 915 -10.695
902 939 0.704962
902 948 3.87676
902 961 -0.0852163
902 970 0.720409
903 913 -3.514
903 923 -2.93051
903 927 2.52745
903 949 -0.451047
903 950 1.38439
904 922 -2.8047
904 924 -2.37633
904 962 2.48186
904 965 0.132481
905 916 -3.44156
906 913 -0.83062
906 927 0.381552
907 918 -1.76645
908 925 -0.181407
909 933 -1.95015
910 916 8.1754
910 918 0.23488
910 942 2.59593
910 976 0.982385
911 914 -5.66976
912 914 3.66824
912 929 -3.53537
913 927 -2.91902
914 929 -2.58569
914 983 -4.14515
914 993 1.72398
914 1019 -5.18998
914 1025 -0.11771
914 1028 -3.01573
914 1031 2.52745
914 1033 1.63282
914 1045 -11.0747
914 1050 -17.2207
916 926 -0.0266745
916 931 0.299989
916 934 -2.51355
916 942 3.86348
916 943 1.18266
917 918 2.04257
918 930 -0.31586
918 938 -4.81272
918 939 2.66813
918 954 -1.98795
918 972 0.154826
918 975 -0.238915
918 976 0.00099995
918 984 0.652388
918 986 0.00248854
918 1013 0.00425204
919 922 -0.704796
920 955 -3.20605
920 959 -1.63282
921 923 -0.200309
921 924 0.172287
921 950 0.217766
923 950 -2.38762
924 944 -0.762255
924 950 1.04312
924 952 1.46551
924 962 -6.34773
924 964 0.146693
924 979 2.52745
925 941 -4.8442
926 931 -0.101455
926 932 -0.0782353
926 950 -0.182671
927 935 -1.52999
927 949 -0.652519
927 950 6.68366
929 966 -6.56544
929 983 -0.321795
930 939 -0.315184
931 934 -0.593813
931 950 1.12789
932 935 -0.101248
932 950 1.85769
933 955 -9.28032
934 943 -0.210882
934 950 -1.09752
935 950 -2.27269
936 945 -1.27785
936 946 -15.9189
936 963 -9.11179
937 957 -2.02352
939 948 1.84938
939 954 -0.804098
939 961 -0.152646
939 976 0.0157063
939 984 0.0785228
939 986 0.0682547
939 992 -1.37464
939 999 2.49358
939 1006 -1.16715
939 1013 0.0163775
940 951 -0.237966
941 967 -3.10675
941 977 -4.8442
941 980 -2.58569
942 943 0.615443
942 950 -9.93411e-09
942 976 0.629346
942 987 0.40079
942 1000 0.273042
943 950 3.10675
944 950 -0.689973
944 952 -0.0211939
945 963 -3.91844
946 956 -14.8438
946 963 -1.72077
947 957 4.58828
947 974 -0.00133939
947 996 3.59221
947 998 6.12549
947 1003 0.198096
947 1017 -0.156092
947 1024 6.01983
947 1030 3.01573
948 961 -0.809531
948 966 -5.53733
948 970 1.73343
948 992 -0.517023
948 999 2.23387
949 950 -0.758016
950 952 -0.0913024
950 958 -0.0412096
950 971 -0.83058
950 973 3.209
950 982 0.155715
950 985 -0.0364265
950 987 2.83694
950 988 2.96669
950 989 0.106042
950 1000 9.82146
950 1010 2.17833
950 1020 -0.004101
950 1032 0.0547663
950 1037 0.018125
950 1056 0.00517617
951 962 -5.25152
951 965 -4.26201
951 967 4.44011
951 968 -0.688449
951 990 -3.7198
952 964 0.157243
952 971 -0.151215
952 978 0.301573
952 979 0.739579
952 989 1.51272
953 991 3.71993
953 994 3.20604
953 1036 2.04119
955 959 5.2598
955 1002 1.66155
955 1016 6.73937
955 1029 0.386023
955 1047 0.631641
956 963 -19.8373
956 969 -6.21745
957 974 -0.0500985
958 973 -0.0161131
959 977 2.99456
959 1016 3.38075
959 1035 -0.774734
960 966 -11.0747
962 965 2.10127
962 967 -1.72129
962 979 -1.39301
962 1020 -0.138354
962 1021 -0.717698
962 1022 -0.253733
962 1032 -0.622503
963 969 0.787506
963 991 0.156299
963 998 2.26301
963 1007 0.233726
963 1008 2.06317
963 1017 -3.37236
963 1023 -0.69938
963 1030 0.0825672
963 1036 0.172216
966 970 -5.53733
966 983 -3.57445
966 999 -5.53733
966 1001 -1.08303
966 1011 -4.43612
966 1012 -4.8442
966 1019 -4.8442
966 1028 -12.3047
967 968 -1.76256
967 977 -2.55329
967 980 3.28659
967 990 -2.21694
967 1022 4.02813
967 1032 0.0209086
969 974 -0.0456276
969 998 0.336705
969 1017 -0.122462
969 1030 0.0348506
971 982 -0.357806
971 989 -0.229483
972 975 -0.477054
972 976 -0.000665942
972 984 0.114219
972 986 0.00835946
972 1013 -0.00866595
974 998 -0.0244808
975 984 -0.729181
976 984 -0.0379879
976 986 -0.000589573
976 987 0.364636
976 1000 2.93368
976 1010 7.38876
976 1013 3.63082
976 1041 0.195027
976 1045 0.0663558
976 1056 0.165964
977 980 -1.16715
977 1022 -0.379216
977 1035 -0.221766
978 979 0.0770478
978 989 0.0804564
979 989 4.03621
979 997 2.75343
979 1014 1.62572
979 1015 2.57917
979 1021 3.39769
981 995 0.887711
981 996 5.20222
981 1004 0.419461
981 1005 -0.583775
982 985 -0.0352881
982 989 0.98613
983 993 -2.91568
983 1001 0.0513375
984 986 0.00759059
984 1013 -0.0187025
985 988 -0.104881
985 989 -0.0841781
986 1013 -0.000905758
987 1000 1.9258
988 989 1.15988
988 1010 0.0426026
988 1020 1.17854
988 1032 0.377071
988 1037 -0.0384804
989 997 1.10738
989 1009 1.59653
989 1015 0.758015
989 1020 3.20718
989 1037 -0.0455182
991 1007 0.884706
991 1017 0.0728415
991 1023 0.0728989
991 1036 0.681577
992 999 -0.618144
993 1001 -0.15502
993 1011 -0.321795
993 1025 -0.123775
995 1004 -0.0135464
995 1005 -0.315079
996 1003 4.04058
996 1004 2.67295
996 1005 -0.03353
996 1018 4.77878
996 1024 4.53352
996 1042 1.15879
996 1043 0.445418
996 1044 1.0568
996 1046 0.772192
998 1008 0.0425618
998 1017 -0.439277
998 1030 0.838999
998 1040 -0.0229773
999 1006 -4.10865
999 1012 2.7343
999 1013 1.62121
999 1026 -0.0844573
1000 1010 5.02299
1001 1011 -2.02352
1004 1005 0.00231519
1008 1017 -1.30045
1008 1023 -0.480272
1008 1030 0.0665164
1010 1020 -0.0663663
1010 1032 0.00683615
1010 1037 1.99778
1010 1041 3.84852
1010 1056 6.30689
1011 1019 -0.253252
1011 1025 -1.06697
1012 1013 1.74691
1012 1028 0.366324
1012 1033 -5.53733
1012 1045 1.88061
1013 1026 -0.223552
1013 1045 4.75583
1014 1021 1.25517
1015 1020 2.70019
1015 1021 1.37165
1015 1037 -0.0363694
1016 1035 -0.178436
1016 1047 2.08937
1017 1023 5.93227
1017 1030 -0.0995673
1017 1036 0.366314
1017 1040 -3.07733
1019 1025 0.330815
1019 1028 1.21064
1020 1021 5.7792
1020 1032 4.29157
1020 1037 -0.242445
1020 1056 -0.0983878
1021 1032 0.819325
1021 1037 -0.0181847
1022 1032 1.1086
1022 1034 2.73086
1022 1035 1.46314
1022 1051 0.0143264
1022 1052 0.610187
1022 1056 0.000984245
1023 1036 0.731876
1023 1040 -7.19123
1024 1030 1.93657
1024 1042 1.03063
1024 1046 0.19676
1027 1029 2.04817
1027 1036 0.785179
1027 1053 3.92315
1027 1088 0.00549511
1028 1033 -6.82243
1029 1047 7.75148
1029 1053 4.62325
1029 1060 3.99103
1029 1066 4.32448
1030 1038 -3.01573
1030 1039 1.38855
1030 1040 -0.252684
1030 1042 0.244216
1030 1048 0.00362191
1030 1055 -4.8442
1032 1034 0.0334105
1032 1037 -0.0187354
1032 1051 -0.0340045
1032 1052 0.0198215
1032 1056 -0.00990507
1033 1045 -9.26974
1034 1035 7.12244
1034 1047 2.69194
1034 1051 0.00503956
1034 1052 0.730725
1034 1056 0.301797
1034 1059 2.87417
1034 1077 5.35199
1035 1047 3.88939
1036 1040 -0.0738354
1036 1053 2.49476
1036 1061 -4.43612
1036 1064 -3.29781
1036 1068 -10.3815
1036 1072 -8.00499
1036 1083 -0.00887704
1036 1087 1.11354
1036 1088 0.319597
1036 1094 0.0644448
1037 1056 3.50246
1038 1039 -1.84714
1038 1048 -6.04075
1039 1040 0.00237624
1039 1048 0.047395
1039 1049 0.634694
1039 1055 -3.73241
1039 1063 -5.3999e-05
1040 1048 0.600109
1040 1054 -9.45578
1040 1057 1.84145
1040 1061 -4.8442
1040 1062 0.0304984
1040 1064 0.0473973
1040 1086 0.00221864
1041 1045 9.4408
1041 1056 8.23591
1041 1091 2.61152
1042 1046 0.804281
1042 1055 -10.3815
1043 1044 1.453
1044 1046 5.42649
1044 1078 -22.1292
1045 1050 7.01151
1045 1056 0.948568
1045 1069 8.87224
1045 1091 4.11445
1045 1095 3.91844
1045 1099 4.43612
1045 1102 4.43612
1046 1055 -23.6598
1046 1078 -9.68249
1046 1080 0.483906
1047 1053 6.21441
1047 1056 0.0932823
1047 1077 8.19594
1047 1093 0.380554
1047 1100 1.56054
1048 1049 -0.00283411
1048 1054 -8.51329
1048 1058 -0.00154635
1048 1063 0.395144
1048 1074 1.32058
1048 1075 0.402198
1048 1079 -0.509111
1049 1055 -4.5101
1049 1058 3.40052
1049 1063 -0.000667159
1050 1095 1.32411
1051 1052 0.0140469
1051 1056 0.0759977
1051 1059 0.0351767
1052 1056 0.256972
1052 1059 0.262219
1053 1066 1.88061
1053 1083 0.0614619
1053 1088 -0.589039
1053 1089 1.23868
1053 1093 0.576114
1053 1094 -1.01961
1053 1100 0.233254
1054 1057 -3.73241
1054 1065 0.082368
1054 1070 -6.28232
1054 1075 -2.49905
1054 1079 -3.06848
1055 1058 -9.016
1055 1078 1.71307
1055 1084 0.103565
1055 1098 0.407361
1056 1059 7.03265
1056 1067 8.71435
1056 1076 3.01372
1056 1077 6.95996
1056 1082 4.68533
1056 1091 3.50658
1056 1100 3.8826
1056 1104 0.595228
1057 1062 2.08365
1057 1064 1.00621
1057 1065 -0.452196
1057 1068 -2.31952
1057 1070 3.28459
1057 1071 -3.57445
1057 1073 0.592148
1057 1081 0.296074
1057 1085 -0.356829
1057 1086 0.0225269
1057 1096 0.464887
1057 1101 -0.0354003
1058 1063 -0.133577
1058 1078 -0.0234891
1058 1079 -0.000623333
1058 1084 -0.164768
1059 1077 5.11344
1061 1062 -1.78253
1061 1064 -0.418426
1062 1064 0.0082931
1062 1071 -3.10448
1062 1086 0.00221864
1063 1074 0.259471
1063 1079 -2.10074
1064 1068 -1.84714
1064 1086 0.00110932
1065 1070 -1.46725
1067 1076 1.00815
1068 1072 0.0311114
1068 1073 -2.82855
1070 1079 0.98758
1070 1085 -0.29663
1070 1086 0.00221864
1072 1073 0.000631946
1072 1081 0.0436058
1072 1087 -1.57696
1072 1090 0.0648348
1072 1092 0.00442141
1072 1103 0.00442141
1073 1081 1.05379
1073 1086 -0.0188314
1073 1090 -0.118563
1073 1096 0.0114413
1074 1075 3.31477
1074 1079 -2.86447
1074 1097 -0.41837
1075 1079 -0.337785
1077 1082 1.82746
1077 1100 1.66185
1078 1079 0.210695
1078 1080 -3.64823
1078 1084 1.68347
1078 1098 2.80206
1079 1084 0.3279
1079 1085 1.71159
1079 1096 -0.0314409
1079 1097 1.27991
1079 1101 4.05692
1081 1086 -0.0362625
1081 1087 -0.141012
1081 1090 -0.310177
1081 1092 2.53955
1081 1096 -0.00712008
1081 1103 0.483468
1083 1088 -0.0323833
1083 1094 -0.0297111
1085 1096 -0.649669
1085 1101 0.267175
1086 1090 -0.0325335
1086 1096 0.00759486
1086 1103 -0.0348623
1087 1088 0.158221
1087 1090 -0.352595
1088 1094 2.82395
1089 1093 2.64699
1089 1094 -0.243863
1090 1092 -0.167819
1090 1103 -0.169751
1092 1096 -0.000939862
1093 1094 -2.69163
1093 1100 6.13154
1096 1101 -0.3252
1096 1103 0.00940025
