MULTICUT
0 3 3.4370554399806776
3 4 -0.32179504083642385
2 4 0.7401648358628796
1 2 -1.420575958424365
1 294 -5.53733426701854
0 1 0.21088184704301205
4 7 0.45104689322786395
4 5 -0.6698460476628039
3 5 1.2551669361900215
5 7 0.1637791782871667
1 6 3.2060450031958343
4 9 -0.21088196663715686
7 9 1.986327796610479
0 8 1.347717671142901
3 7 2.368217406966919
1 8 1.6328169387983074
1 3 2.4719660016221714
0 1 -2.5856858519456853
1 7 3.9184427168471876
1 9 1.5769599644200505
1 4 -2.9316434205780437
1 10 3.574453703354731
1 11 4.145152023550564
10 11 0.7047961364960313
1 12 3.7324082779400585
11 13 -0.007781779532672672
10 13 1.471006361575077
1 13 2.101269714871794
1 14 1.9501526258096291
1 13 0.652518806521984
1 16 -3.106750063060895
13 16 -1.3008300007371676
1 17 -3.3153581355547077
16 17 3.4370554399806776
1 15 -2.8534722097520193
1 16 -1.4968294629075651
1 23 0.9053573740495944
16 23 -0.21088196663715686
1 19 -1.6615502176829433
1 18 1.103724552883528
15 19 1.5230823357393546
1 20 3.015725255756913
18 20 1.445594446330888
1 21 2.7803933118077264
17 19 0.41842577919951873
15 22 0.8122799937741847
14 25 -5.53733426701854
1 25 -5.53733426701854
1 25 -5.53733426701854
1 28 -1.7207670712436016
19 22 0.10124748840924536
19 26 0.1637791782871667
21 28 -2.4719661045957224
18 28 -1.324114566604422
19 27 1.232765242543629
17 27 -3.732408358890588
17 24 -2.0618119810484816
16 24 -0.4674454634335292
1 52 -2.7803933790295874
26 27 4.844202556684481
25 52 1.5769599644200505
1 29 -5.53733426701854
25 29 2.7803933118077264
1 36 -5.53733426701854
22 26 2.2275794437459226
24 27 1.188767543534301
1 30 -5.53733426701854
29 36 -1.083027742309897
30 36 2.101269714871794
18 32 -0.8122801326543725
20 32 -2.9316434205780437
16 31 -3.5744537730315336
23 31 -3.9184428135768994
1 31 -3.3153581355547077
24 31 -3.0157253387444354
21 34 -5.53733426701854
1 34 -5.53733426701854
25 35 3.10674997290245
1 32 -3.732408358890588
28 32 -1.7825320036768968
30 34 3.574453703354731
35 52 4.844202556684481
1 38 1.7513136084096503
31 32 1.5230823357393546
1 33 -0.24241052705099042
33 38 4.145152023550564
22 37 -2.8534722097520193
27 39 -3.732408358890588
26 39 -2.418966560561031
22 41 -3.3153581355547077
26 37 -3.9184428135768994
37 41 1.445594446330888
37 39 2.5856857384930256
27 40 0.054484828546315534
24 40 -0.19515772478657212
1 38 2.101269714871794
31 40 -0.7580155848378691
36 49 0.007781661256567096
42 52 -1.1887676261434261
1 42 1.9501526258096291
29 49 -0.3860227795812654
28 34 -4.145152083743929
32 46 1.4205758640846524
25 52 1.6328169387983074
28 46 -4.43612156009328
1 43 1.9149341938214999
29 52 3.574453703354731
34 36 0.9436225830949259
38 42 3.10674997290245
31 54 3.2060450031958343
1 45 -1.371652884404361
40 54 -1.371652884404361
38 44 4.145152023550564
1 50 -0.9629980439232386
1 50 -1.4710064589046166
45 50 4.145152023550564
39 41 3.574453703354731
27 56 -4.145152083743929
1 53 1.880614156109223
27 54 -4.844202616288199
31 48 -1.60462908492035
32 48 1.232765242543629
46 48 1.604628978813839
38 50 1.8471390342477205
41 56 -3.732408358890588
38 47 2.184051378192568
43 50 3.3153580262671256
54 56 3.2060450031958343
31 51 -2.8534722097520193
48 51 1.3241144775306468
41 55 0.5841188470777665
38 58 1.3241144775306468
47 58 0.1481210376275779
43 53 2.023523983245292
47 50 1.4205758640846524
34 62 -4.844202616288199
52 57 -0.8490927706325437
42 57 1.7513136084096503
47 64 -4.43612156009328
50 64 -2.1419841365639445
34 66 -4.844202616288199
52 59 -1.6615502176829433
62 66 0.7047961364960313
57 59 1.7513136084096503
46 61 -3.106750063060895
36 63 1.210635526973574
52 60 0.274059332246233
38 65 -2.0618119810484816
59 60 1.1457782142804072
48 61 -3.43705550120135
34 63 1.3241144775306468
49 52 -0.9825428039459942
44 65 -2.319517101482562
28 61 -2.4719661045957224
28 66 0.6872705278045488
51 61 -2.8534722097520193
42 67 -5.53733426701854
42 65 -3.3153581355547077
58 64 0.8490926297285697
41 70 -3.9184428135768994
31 61 1.72076695640305
56 70 3.10674997290245
57 67 -3.5744537730315336
65 67 4.145152023550564
65 73 3.7324082779400585
44 73 -1.986327866288225
43 74 -0.023346044556825873
53 74 1.4205758640846524
44 58 -1.4710064589046166
61 66 -3.9184428135768994
55 70 -1.690856787854381
36 52 -0.5841189757308616
55 72 -1.3008300007371676
55 69 3.015725255756913
63 75 1.188767543534301
58 73 -0.19515772478657212
50 73 -4.43612156009328
62 63 -5.53733426701854
59 67 -2.5274489963885465
64 73 2.141984057957801
50 74 2.2275794437459226
52 75 2.184051378192568
52 63 -0.5504199144331001
59 71 -2.9316434205780437
53 68 0.6181436068748636
53 74 0.8122799937741847
69 72 4.436121480203944
69 70 -3.732408358890588
60 71 -4.43612156009328
67 71 3.10674997290245
61 62 -5.53733426701854
54 70 4.844202556684481
68 74 2.4719660016221714
52 71 2.023523983245292
50 77 0.5841188470777665
73 77 4.436121480203944
62 76 3.10674997290245
67 78 3.3153580262671256
62 75 -5.53733426701854
74 77 1.8144599138640842
31 62 -5.53733426701854
71 78 4.844202556684481
1 74 1.1671515377428254
31 83 -5.53733426701854
62 83 2.101269714871794
54 69 -3.9184428135768994
62 79 1.1671515377428254
67 73 3.015725255756913
74 82 2.184051378192568
73 78 5.537334267018537
77 82 1.5769599644200505
62 80 3.7324082779400585
54 83 -5.53733426701854
72 101 -2.1012697910023577
62 81 1.6908566753683048
52 78 3.015725255756913
73 82 3.015725255756913
69 101 -2.6469936768108107
79 80 0.982542654754837
69 84 0.7759821143416219
84 101 0.5004307185850176
62 87 -1.042255157127819
76 87 -0.023346044556825873
74 90 -1.167151619412428
73 74 -0.17945749696390423
54 84 3.3153580262671256
80 81 -0.305845384176723
73 90 2.5856857384930256
83 85 2.2726891994400433
62 85 -0.27405945275533616
81 86 1.4968293639808472
80 86 1.0221648177565306
76 89 3.015725255756913
87 89 0.10124748840924536
82 90 1.0422550037182607
54 88 2.5274488884529975
54 98 -5.53733426701854
83 98 1.8144599138640842
52 62 -5.53733426701854
1 95 0.5672301020452246
54 91 -0.533685124626992
88 91 1.0830275858277314
81 85 1.0022628750411067
1 107 0.5004307185850176
80 92 -1.7825320036768968
79 92 1.103724552883528
62 97 1.3959338990403656
62 92 -1.4710064589046166
76 93 2.2275794437459226
92 97 0.7759821143416219
87 92 3.10674997290245
81 96 0.13248100121840833
89 93 2.8534721380276795
74 102 -0.6525189378391278
88 98 -5.53733426701854
85 96 2.0618119072200103
86 96 -1.8144600365838361
62 93 1.6615501074318497
73 102 3.574453703354731
86 92 -1.986327866288225
73 94 3.9184427168471876
54 101 2.5856857384930256
85 99 0.054484828546315534
92 96 3.9184427168471876
54 103 4.436121480203944
83 99 2.2275794437459226
73 100 2.184051378192568
73 74 1.5497853865743236
95 107 1.471006361575077
74 95 0.9436225830949259
62 92 -1.5230824363372633
91 98 -4.43612156009328
98 106 2.646993557188065
85 104 0.4347078707200993
83 106 3.7324082779400585
99 104 1.9149341938214999
89 92 -0.007781779532672672
1 114 0.41842577919951873
85 112 -0.353818619728701
104 112 2.646993557188065
107 114 5.537334267018537
83 105 3.10674997290245
99 105 3.7324082779400585
74 109 2.7117470592609445
96 112 -0.635285935274005
114 294 -5.53733426701854
91 120 -5.53733426701854
92 110 1.1671515377428254
89 110 2.8534721380276795
74 113 1.0221648177565306
91 103 0.41842577919951873
98 120 2.2726891994400433
73 113 4.145152023550564
109 113 4.145152023550564
96 108 3.2060450031958343
73 115 3.574453703354731
94 115 3.015725255756913
105 106 2.93164334365634
108 112 -0.11685724657693086
92 108 -0.07006336313715722
108 111 1.5769599644200505
92 111 1.986327796610479
93 118 3.2060450031958343
62 118 2.418966462073592
74 114 2.0618119072200103
95 114 1.471006361575077
101 103 2.418966462073592
93 110 2.31951701078773
104 105 2.7803933118077264
91 123 -5.53733426701854
120 123 1.210635526973574
62 119 2.2275794437459226
74 124 2.2726891994400433
118 119 3.7324082779400585
109 124 1.986327796610479
92 116 2.7803933118077264
110 116 0.5841188470777665
110 117 2.7803933118077264
103 123 -5.53733426701854
117 118 3.9184427168471876
114 124 4.436121480203944
106 120 2.141984057957801
104 121 3.7324082779400585
120 125 2.31951701078773
92 122 -1.083027742309897
123 125 1.2551669361900215
111 122 1.7513136084096503
116 117 0.45104689322786395
113 124 2.5856857384930256
105 120 2.8534721380276795
116 122 -0.8490927706325437
112 127 -0.32179504083642385
62 130 3.574453703354731
104 127 1.72076695640305
108 127 2.368217406966919
52 130 -5.53733426701854
116 126 -0.14812115655181013
101 123 -5.53733426701854
122 126 1.8144599138640842
73 131 2.141984057957801
113 131 1.880614156109223
73 138 1.7513136084096503
104 128 2.141984057957801
105 128 0.5170228985401271
111 126 4.844202556684481
105 125 2.4719660016221714
108 126 1.986327796610479
117 132 0.2582187931706581
73 144 2.4719660016221714
116 132 2.31951701078773
138 144 4.844202556684481
73 137 1.1457782142804072
131 137 3.574453703354731
123 135 0.03891301945135828
125 135 0.8677032967963991
119 129 2.8534721380276795
62 129 2.5274488884529975
118 132 -0.21088196663715686
127 136 1.0830275858277314
126 134 0.7224263377855422
116 134 -3.0157253387444354
124 131 3.3153580262671256
104 136 -0.07006336313715722
108 136 3.9184427168471876
125 133 1.103724552883528
105 133 1.445594446330888
118 129 3.7324082779400585
73 139 0.7047961364960313
137 139 2.5856857384930256
116 145 -1.083027742309897
141 144 3.015725255756913
139 144 -0.13248112001244716
128 133 3.4370554399806776
121 128 1.0830275858277314
134 145 1.3241144775306468
132 145 -1.167151619412428
129 132 -0.2899342369326745
139 141 1.471006361575077
73 143 4.436121480203944
123 140 1.3716527928075883
126 142 3.015725255756913
134 142 0.35381849771398977
124 137 1.7513136084096503
123 149 1.0830275858277314
145 147 1.7825318837304605
132 147 -3.3153581355547077
140 149 1.9149341938214999
139 146 0.5336849977291656
142 145 1.0830275858277314
124 139 -0.038913137770452355
108 142 1.347717671142901
124 146 1.7513136084096503
142 151 1.9501526258096291
145 151 0.1481210376275779
141 146 -0.6525189378391278
141 152 2.368217406966919
144 152 3.9184427168471876
146 152 4.436121480203944
133 150 3.574453703354731
128 150 2.2726891994400433
128 148 3.7324082779400585
135 149 2.646993557188065
148 150 3.10674997290245
62 132 -0.9244110766470177
145 154 2.8534721380276795
121 136 0.023345926266394867
147 154 3.7324082779400585
147 155 2.31951701078773
132 155 -0.27405945275533616
124 153 3.9184427168471876
114 210 -2.368217501379304
121 148 -0.24241052705099042
73 144 -0.10124760698692858
124 210 1.188767543534301
210 294 -5.53733426701854
124 152 4.436121480203944
130 157 1.9501526258096291
151 154 -0.22663222628581936
135 158 3.7324082779400585
62 157 0.7580154487445683
149 159 0.19515760538251437
135 159 1.7825318837304605
78 165 2.646993557188065
125 158 -0.305845384176723
132 157 -0.867703438765498
52 157 -5.53733426701854
125 150 0.6698459156176995
150 156 2.4719660016221714
52 165 3.9184427168471876
148 156 3.015725255756913
157 168 2.7117470592609445
52 168 -4.844202616288199
73 160 2.5856857384930256
152 166 2.5856857384930256
124 161 3.574453703354731
142 154 1.72076695640305
73 165 3.3153580262671256
153 161 1.6615501074318497
123 162 0.5504197869721676
149 162 -0.9053575182618498
135 163 2.5856857384930256
158 163 3.3153580262671256
121 164 -0.16377929735639296
136 164 3.9184427168471876
124 161 4.844202556684481
159 162 2.93164334365634
73 152 1.3241144775306468
73 169 1.9149341938214999
152 161 4.436121480203944
155 167 4.436121480203944
160 172 2.5274488884529975
73 172 0.1481210376275779
73 179 2.5274488884529975
169 172 2.184051378192568
152 161 3.4370554399806776
161 166 3.015725255756913
148 174 3.015725255756913
121 170 1.2551669361900215
73 177 3.2060450031958343
161 210 3.10674997290245
135 162 -0.6010891274007599
164 170 2.93164334365634
162 173 -0.32179504083642385
142 171 2.93164334365634
73 172 0.652518806521984
73 175 0.1481210376275779
135 173 3.3153580262671256
132 167 0.38602265684584536
175 177 0.19515760538251437
52 73 0.9053573740495944
73 182 -0.618143736811748
177 183 2.7117470592609445
135 158 3.7324082779400585
154 155 3.7324082779400585
73 168 -3.9184428135768994
172 179 -0.36989699244014895
175 183 2.4719660016221714
125 178 5.537334267018537
148 150 3.7324082779400585
176 179 3.3153580262671256
172 176 2.101269714871794
158 178 1.5497853865743236
175 182 0.7580154487445683
148 220 1.3241144775306468
174 220 3.9184427168471876
169 182 1.6328169387983074
108 171 -0.6698460476628039
132 155 0.242410407030617
154 171 2.5856857384930256
73 183 0.982542654754837
172 182 4.436121480203944
170 181 2.7803933118077264
121 181 2.93164334365634
108 164 3.10674997290245
148 220 1.4968293639808472
172 183 4.145152023550564
173 180 0.6698459156176995
170 185 0.6352858046593717
135 180 1.1671515377428254
121 220 3.2060450031958343
181 185 2.418966462073592
152 183 2.646993557188065
161 183 3.7324082779400585
108 191 2.7803933118077264
132 190 3.2060450031958343
73 186 2.101269714871794
176 183 -0.21088196663715686
164 185 -0.353818619728701
171 191 -0.07006336313715722
182 183 0.41842577919951873
154 184 3.4370554399806776
158 180 0.8490926297285697
171 184 3.10674997290245
157 190 -1.420575958424365
179 183 2.023523983245292
154 187 3.3153580262671256
155 187 2.141984057957801
155 188 3.3153580262671256
155 190 -0.5504199144331001
168 190 -2.2726892867301896
179 186 -0.038913137770452355
154 192 0.6698459156176995
187 192 0.5841188470777665
183 186 4.436121480203944
184 192 0.40219817433836536
155 193 1.9501526258096291
188 193 3.015725255756913
200 210 -4.43612156009328
187 193 0.9053573740495944
200 294 -0.4347079946705643
125 189 -0.8306198826413334
150 189 2.7803933118077264
168 186 -5.53733426701854
148 189 3.2060450031958343
183 210 3.3153580262671256
158 194 0.7759821143416219
178 194 1.9149341938214999
187 188 1.7513136084096503
108 185 -0.533685124626992
188 192 1.5230823357393546
178 196 3.4370554399806776
194 196 2.646993557188065
125 196 3.3153580262671256
158 195 4.436121480203944
194 195 1.445594446330888
121 199 2.418966462073592
186 198 2.31951701078773
181 199 1.3008299128497565
125 197 -0.9053575182618498
189 197 3.015725255756913
183 198 3.574453703354731
196 197 -0.4347079946705643
199 220 4.145152023550564
148 197 1.5497853865743236
185 203 2.023523983245292
199 203 3.015725255756913
168 198 -4.844202616288199
190 204 3.4370554399806776
168 204 -3.3153581355547077
171 192 1.9149341938214999
195 202 3.2060450031958343
196 201 0.03891301945135828
197 201 2.101269714871794
196 206 3.015725255756913
208 220 3.2060450031958343
155 205 4.145152023550564
190 205 -1.167151619412428
183 207 3.2060450031958343
194 206 2.7117470592609445
204 205 -0.7580155848378691
148 201 3.9184427168471876
194 202 1.8471390342477205
183 209 2.8534721380276795
201 220 1.347717671142901
108 203 -2.418966560561031
188 205 2.93164334365634
183 210 3.574453703354731
210 215 -4.844202616288199
200 215 3.3153580262671256
207 210 4.436121480203944
198 211 3.574453703354731
215 294 0.8306197427665889
198 209 4.145152023550564
198 210 1.9501526258096291
210 211 4.436121480203944
188 204 -0.8306198826413334
168 210 -5.53733426701854
201 212 2.8534721380276795
210 219 -5.53733426701854
215 219 1.880614156109223
209 210 1.880614156109223
209 211 1.124638707269666
212 220 1.604628978813839
212 214 1.124638707269666
214 220 3.574453703354731
108 199 -1.1457782950449733
206 213 0.8864565510992328
196 213 2.8534721380276795
108 217 2.023523983245292
191 217 2.5856857384930256
194 216 1.72076695640305
206 216 4.145152023550564
215 223 3.7324082779400585
201 213 -0.08565028243590467
171 217 0.21088184704301205
219 223 2.7117470592609445
199 218 2.7117470592609445
213 216 1.8471390342477205
204 221 3.3153580262671256
108 218 -2.7117471225450083
168 221 -3.9184428135768994
212 220 1.604628978813839
214 220 2.184051378192568
214 222 0.7580154487445683
201 216 1.986327796610479
201 220 1.5769599644200505
220 222 3.10674997290245
188 221 -1.4968294629075651
201 224 2.5856857384930256
108 225 3.10674997290245
217 225 2.5856857384930256
220 224 3.4370554399806776
210 229 3.2060450031958343
218 220 0.9629978960423582
194 231 2.8534721380276795
108 226 2.5856857384930256
225 226 3.015725255756913
188 228 3.10674997290245
216 231 3.9184427168471876
223 294 1.6908566753683048
220 227 2.101269714871794
218 227 2.368217406966919
210 223 -4.844202616288199
220 230 2.7803933118077264
201 231 0.8490926297285697
224 233 0.023345926266394867
220 233 0.9053573740495944
201 232 1.5230823357393546
224 232 1.2778513804684322
232 233 0.1168571278983801
230 233 0.9244109312539295
108 225 3.9184427168471876
230 235 0.3217949194737102
220 235 1.347717671142901
220 239 1.445594446330888
217 240 0.35381849771398977
171 240 3.3153580262671256
218 239 4.844202556684481
233 236 3.4370554399806776
171 234 1.880614156109223
192 234 2.0618119072200103
232 236 1.4205758640846524
233 235 2.8534721380276795
235 239 4.436121480203944
188 234 2.7803933118077264
210 237 4.436121480203944
225 240 -0.5841189757308616
218 241 -1.2106356105583946
108 241 0.4674453385798212
233 298 1.3008299128497565
210 229 0.41842577919951873
210 238 2.184051378192568
236 298 1.9501526258096291
229 237 1.232765242543629
210 242 0.1794573777347761
235 298 2.646993557188065
210 244 2.8534721380276795
168 244 -5.53733426701854
229 242 2.2726891994400433
225 245 2.418966462073592
242 244 1.9149341938214999
225 243 0.7580154487445683
243 245 2.2275794437459226
210 249 -0.635285935274005
240 245 -0.023346044556825873
223 238 -4.43612156009328
229 246 3.7324082779400585
229 247 2.2726891994400433
229 250 -0.32179504083642385
171 245 1.124638707269666
201 236 1.3241144775306468
188 251 3.015725255756913
229 248 1.3241144775306468
234 251 1.72076695640305
248 250 -0.4347079946705643
238 249 1.2778513804684322
229 253 0.35381849771398977
210 248 0.4674453385798212
247 253 0.6010889981175147
201 255 1.210635526973574
236 255 3.015725255756913
248 256 3.7324082779400585
246 247 0.982542654754837
250 253 1.72076695640305
250 256 1.0625402297313233
242 261 -2.319517101482562
246 252 1.188767543534301
247 252 3.9184427168471876
229 261 -1.4968294629075651
108 218 -3.2060451019615273
248 249 -1.1037246319352672
246 261 -1.1457782950449733
250 254 3.574453703354731
254 256 2.418966462073592
244 261 -1.2327653271421226
252 253 0.369896870073811
223 249 -4.844202616288199
248 260 1.9149341938214999
249 258 -0.6010891274007599
239 298 1.0422550037182607
108 243 -0.6872706606037844
256 260 2.0618119072200103
248 258 1.3008299128497565
231 257 3.2060450031958343
201 264 1.3241144775306468
246 272 -0.5004308444200505
253 259 1.9149341938214999
255 264 3.9184427168471876
168 261 -3.43705550120135
252 259 1.604628978813839
248 263 3.015725255756913
249 277 -1.2551670218420983
258 277 1.0625402297313233
252 272 -0.007781779532672672
201 257 0.5672301020452246
108 239 -1.6328170469254393
260 263 3.4370554399806776
108 262 0.369896870073811
243 262 2.2726891994400433
245 268 -0.353818619728701
171 268 3.3153580262671256
261 272 -3.9184428135768994
252 267 -0.4674454634335292
267 272 5.537334267018537
250 256 1.4968293639808472
256 266 4.436121480203944
253 272 3.10674997290245
258 265 1.0830275858277314
245 262 2.184051378192568
259 272 2.31951701078773
248 265 1.4205758640846524
256 270 4.844202556684481
201 231 0.6010889981175147
265 277 3.3153580262671256
273 277 2.141984057957801
249 273 -3.0157253387444354
259 267 -1.2106356105583946
250 272 3.2060450031958343
260 270 3.10674997290245
261 269 4.145152023550564
250 266 -0.6525189378391278
251 271 1.3716527928075883
266 274 0.7401648358628796
250 274 4.436121480203944
263 275 1.4968293639808472
266 270 2.93164334365634
260 275 3.7324082779400585
255 298 2.5274488884529975
248 275 0.2582187931706581
248 276 1.3959338990403656
265 276 0.7759821143416219
249 277 1.0221648177565306
269 272 -0.17945749696390423
275 276 3.2060450031958343
276 277 2.2275794437459226
278 298 3.4370554399806776
264 298 1.5230823357393546
245 279 -0.635285935274005
268 279 3.2060450031958343
171 279 2.5856857384930256
108 289 3.3153580262671256
188 280 -1.6328170469254393
221 280 2.7803933118077264
239 278 2.368217406966919
272 282 -0.8122801326543725
108 245 1.103724552883528
239 289 0.3217949194737102
270 274 4.145152023550564
171 283 1.3008299128497565
261 293 -4.844202616288199
234 283 0.7047961364960313
168 293 -3.2060451019615273
245 289 2.93164334365634
221 281 -1.690856787854381
168 281 3.574453703354731
260 276 1.445594446330888
280 281 -1.420575958424365
231 284 0.08565016394454328
201 284 3.015725255756913
234 285 1.3241144775306468
283 285 2.101269714871794
281 293 -3.9184428135768994
201 286 -0.023346044556825873
251 285 3.2060450031958343
249 287 -2.8534722097520193
249 288 -3.732408358890588
264 286 2.4719660016221714
277 287 -3.3153581355547077
261 296 -5.53733426701854
249 301 -2.8534722097520193
279 289 -1.083027742309897
279 283 0.9244109312539295
293 296 3.2060450031958343
287 288 3.10674997290245
288 301 2.2275794437459226
269 296 -4.844202616288199
276 287 -1.1887676261434261
188 290 2.7117470592609445
272 291 0.007781661256567096
250 291 -1.083027742309897
260 287 -2.418966560561031
280 290 -1.0221649697100497
201 292 2.93164334365634
223 294 2.0618119072200103
286 292 1.347717671142901
269 297 -4.43612156009328
272 297 -4.844202616288199
282 297 -4.145152083743929
270 287 -2.5856858519456853
296 297 1.6908566753683048
223 301 0.08565016394454328
251 283 2.101269714871794
274 300 -0.7759822513321553
270 300 -2.6469936768108107
289 299 -0.8306198826413334
279 299 3.4370554399806776
283 299 -0.11685724657693086
281 295 3.574453703354731
284 292 1.188767543534301
251 299 2.7803933118077264
251 285 3.574453703354731
280 295 -1.6328170469254393
274 291 -0.4839058740936957
287 300 1.9501526258096291
272 297 -5.53733426701854
264 292 0.9244109312539295
291 300 -0.038913137770452355
278 289 1.0625402297313233
300 309 2.023523983245292
291 297 -3.732408358890588
291 309 -5.53733426701854
287 301 1.4968293639808472
278 298 3.015725255756913
297 309 0.7047961364960313
298 302 4.145152023550564
278 302 1.986327796610479
287 303 0.023345926266394867
300 303 0.5841188470777665
289 306 1.5769599644200505
287 310 3.9184427168471876
278 306 1.6328169387983074
188 280 -1.5769600686022973
301 310 0.35381849771398977
289 304 1.6908566753683048
289 307 3.7324082779400585
297 311 2.7117470592609445
287 309 0.7047961364960313
298 306 2.93164334365634
304 307 -0.8306198826413334
303 309 2.2726891994400433
299 308 2.5274488884529975
285 305 2.93164334365634
251 305 3.3153580262671256
293 313 2.93164334365634
309 310 2.8534721380276795
289 308 -1.5769600686022973
309 311 2.101269714871794
281 313 -3.3153581355547077
304 306 1.6328169387983074
309 312 3.9184427168471876
223 314 1.3959338990403656
311 312 2.8534721380276795
294 314 4.436121480203944
296 311 1.188767543534301
251 308 3.2060450031958343
295 313 -2.22757952790676
251 289 -3.2060451019615273
311 316 2.7117470592609445
306 327 1.2778513804684322
251 285 3.7324082779400585
296 316 1.3008299128497565
304 327 3.7324082779400585
285 315 0.8306197427665889
312 318 0.03891301945135828
251 315 2.184051378192568
311 318 3.2060450031958343
296 313 1.72076695640305
298 327 0.10124748840924536
296 317 1.6328169387983074
310 319 1.3008299128497565
309 319 1.7513136084096503
301 319 2.5856857384930256
309 318 -1.1246387871621042
309 320 -2.7803933790295874
295 321 3.3153580262671256
313 321 -4.145152083743929
318 320 2.2275794437459226
289 304 -2.8534722097520193
289 323 3.7324082779400585
296 322 0.4674453385798212
316 320 2.368217406966919
251 323 -0.5841189757308616
313 317 -0.9244110766470177
296 320 1.3008299128497565
317 322 1.103724552883528
301 325 2.4719660016221714
311 320 1.3959338990403656
319 324 0.369896870073811
320 322 2.141984057957801
309 324 3.2060450031958343
264 326 3.9184427168471876
319 325 0.274059332246233
292 326 0.023345926266394867
324 325 0.5672301020452246
264 327 2.5274488884529975
295 313 -3.2060451019615273
292 332 0.652518806521984
251 328 2.2275794437459226
309 329 1.8144599138640842
324 329 1.6908566753683048
326 332 3.9184427168471876
223 325 -0.7940690348095123
325 329 3.3153580262671256
320 329 0.007781661256567096
322 330 2.184051378192568
251 331 1.6615501074318497
313 322 -2.319517101482562
251 333 4.436121480203944
188 333 0.9244109312539295
280 333 -2.9316434205780437
326 327 -0.4184259027266788
326 336 0.023345926266394867
327 336 0.7940688968903633
327 335 2.0618119072200103
320 334 1.210635526973574
322 334 2.2726891994400433
332 336 0.6181436068748636
327 337 1.103724552883528
335 337 2.4719660016221714
304 337 2.023523983245292
313 330 -0.14812115655181013
329 338 -1.751313725733529
335 336 3.2060450031958343
320 338 -1.1037246319352672
330 334 0.023345926266394867
332 340 1.2551669361900215
334 339 0.7224263377855422
320 339 2.2275794437459226
320 343 -5.53733426701854
338 343 2.0618119072200103
330 339 2.184051378192568
304 323 -2.7803933790295874
223 329 -1.60462908492035
280 344 0.5336849977291656
330 341 2.418966462073592
223 338 -4.145152083743929
333 344 -1.7825320036768968
295 344 0.3058452631148958
336 342 2.5856857384930256
335 342 1.880614156109223
320 348 -0.36989699244014895
304 335 0.9244109312539295
251 344 -1.2551670218420983
336 345 1.986327796610479
342 345 1.7513136084096503
223 349 2.5856857384930256
294 349 2.93164334365634
313 341 -2.5274489963885465
304 347 2.5856857384930256
323 346 3.574453703354731
339 348 1.9149341938214999
335 347 2.023523983245292
341 348 2.7803933118077264
332 353 2.7117470592609445
336 353 -0.17945749696390423
342 350 2.418966462073592
335 350 1.5497853865743236
313 427 0.9629978960423582
345 353 2.368217406966919
340 352 -1.8806142848807943
332 352 1.2551669361900215
343 348 -4.43612156009328
304 351 2.7117470592609445
345 350 2.368217406966919
347 351 3.10674997290245
304 346 -3.106750063060895
347 350 0.19515760538251437
347 357 2.7117470592609445
313 354 2.5274488884529975
294 343 -2.9316434205780437
350 357 3.2060450031958343
223 294 2.023523983245292
352 353 2.7117470592609445
323 358 0.8864565510992328
251 358 1.1671515377428254
344 355 1.210635526973574
313 360 0.33778526158074773
295 355 1.7825318837304605
360 427 1.9149341938214999
354 360 0.8306197427665889
313 348 -1.847139159904398
348 356 1.9501526258096291
346 358 0.35381849771398977
251 355 0.2899341161553104
313 356 1.103724552883528
351 357 0.6872705278045488
345 352 -0.19515772478657212
350 352 0.4347078707200993
352 357 3.9184427168471876
304 357 1.9501526258096291
295 427 -2.6469936768108107
304 359 4.844202556684481
313 360 0.48390574875928927
348 362 3.574453703354731
356 362 0.6698459156176995
304 361 2.8534721380276795
313 427 -0.038913137770452355
357 361 1.103724552883528
304 364 2.7803933118077264
346 365 -4.145152083743929
359 364 1.8471390342477205
304 365 1.3959338990403656
358 365 -1.5497854889223055
357 363 2.141984057957801
361 363 1.7513136084096503
361 364 2.7117470592609445
359 366 1.72076695640305
364 366 3.2060450031958343
251 365 1.3959338990403656
313 362 -0.36989699244014895
363 364 2.2275794437459226
359 365 2.5856857384930256
313 367 4.436121480203944
251 295 1.2778513804684322
362 367 -0.867703438765498
251 368 3.7324082779400585
295 369 2.2726891994400433
313 382 0.6872705278045488
357 364 4.436121480203944
382 427 1.9501526258096291
251 359 -0.13248112001244716
359 375 -0.0544849469084292
251 375 1.103724552883528
295 370 4.436121480203944
357 366 2.0618119072200103
295 368 2.368217406966919
369 370 4.436121480203944
369 427 -1.847139159904398
343 362 -2.023524054927849
343 367 -4.145152083743929
359 373 3.3153580262671256
343 371 4.145152023550564
294 372 0.7224263377855422
366 373 1.3959338990403656
251 376 1.5230823357393546
375 376 1.9501526258096291
294 371 -0.33778538326100627
373 375 0.1794573777347761
313 427 0.19515760538251437
294 388 1.986327796610479
372 388 3.7324082779400585
352 374 4.145152023550564
366 384 1.124638707269666
371 377 2.31951701078773
294 377 -1.2551670218420983
294 379 -1.4455945421327967
357 384 1.8144599138640842
379 388 -1.0022630255891705
294 378 -0.5672302300910688
367 381 1.3241144775306468
373 384 3.015725255756913
377 378 0.7580154487445683
378 379 1.5497853865743236
357 383 3.015725255756913
376 380 2.101269714871794
313 406 1.445594446330888
352 383 3.574453703354731
251 380 1.8144599138640842
373 385 0.22663210648628773
375 385 1.9501526258096291
406 427 2.4719660016221714
313 381 1.1457782142804072
343 381 -1.5769600686022973
375 387 1.2778513804684322
343 389 -5.53733426701854
371 389 -3.9184428135768994
377 388 -2.6469936768108107
378 388 -0.4347079946705643
380 387 2.2275794437459226
371 388 -3.2060451019615273
386 388 -1.0022630255891705
384 385 -0.9825428039459942
381 406 0.8864565510992328
388 389 3.4370554399806776
343 406 -3.9184428135768994
389 406 1.9149341938214999
388 392 -2.1419841365639445
385 387 2.5856857384930256
386 392 1.9149341938214999
352 390 2.7803933118077264
294 386 -0.7401649710893459
294 395 1.986327796610479
352 374 3.4370554399806776
357 393 1.188767543534301
388 391 3.10674997290245
383 393 4.436121480203944
380 385 2.418966462073592
384 393 2.184051378192568
251 295 2.7803933118077264
294 396 0.7401648358628796
251 385 2.418966462073592
386 396 -0.25821891342749526
251 394 3.4370554399806776
392 396 -1.751313725733529
388 398 3.10674997290245
374 390 1.471006361575077
370 427 -3.43705550120135
391 398 0.242410407030617
391 406 2.2275794437459226
294 397 1.7513136084096503
388 406 2.023523983245292
398 406 4.844202556684481
396 397 1.6328169387983074
374 383 2.646993557188065
388 396 0.5504197869721676
374 402 3.7324082779400585
374 393 3.7324082779400585
396 398 1.3959338990403656
251 399 1.986327796610479
295 399 -0.722426472174637
370 399 1.6908566753683048
396 406 2.2275794437459226
397 406 2.8534721380276795
294 401 -0.08565028243590467
395 401 1.8144599138640842
399 427 -4.145152083743929
400 406 1.4968293639808472
397 401 1.72076695640305
394 403 3.7324082779400585
404 406 2.93164334365634
251 403 3.4370554399806776
384 407 1.0022628750411067
251 403 4.844202556684481
385 407 2.418966462073592
400 404 1.0830275858277314
294 401 -0.17945749696390423
393 407 1.3241144775306468
401 406 1.124638707269666
400 413 0.4674453385798212
406 413 1.880614156109223
404 413 1.3959338990403656
251 408 3.10674997290245
251 409 2.4719660016221714
251 405 1.1671515377428254
399 405 0.2899341161553104
412 427 -2.5274489963885465
406 427 2.31951701078773
399 412 -0.25821891342749526
413 427 2.418966462073592
405 409 3.015725255756913
402 423 1.471006361575077
401 427 -1.167151619412428
374 411 2.418966462073592
393 411 1.6908566753683048
385 410 0.6872705278045488
399 415 -3.732408358890588
404 427 1.4968293639808472
251 410 -1.2327653271421226
401 414 2.646993557188065
294 414 -0.353818619728701
405 415 -1.083027742309897
412 415 -0.4839058740936957
251 417 1.347717671142901
374 423 2.101269714871794
407 411 1.5230823357393546
408 417 1.880614156109223
409 415 0.8122799937741847
409 417 0.9244109312539295
401 416 1.7825318837304605
416 427 1.5497853865743236
407 419 2.5274488884529975
385 420 3.2060450031958343
411 419 1.7513136084096503
410 420 -0.33778538326100627
374 418 3.3153580262671256
415 417 1.6908566753683048
403 422 3.3153580262671256
385 419 3.4370554399806776
414 416 2.418966462073592
374 421 2.31951701078773
251 420 -0.24241052705099042
251 426 3.3153580262671256
420 426 1.1457782142804072
416 424 3.7324082779400585
418 423 1.0625402297313233
374 419 0.4674453385798212
403 415 -1.5497854889223055
251 415 -2.5274489963885465
414 425 3.2060450031958343
294 425 -0.32179504083642385
417 428 2.023523983245292
408 428 2.0618119072200103
415 428 2.2275794437459226
415 429 -3.732408358890588
412 429 3.015725255756913
416 430 3.574453703354731
414 430 1.6328169387983074
408 415 -1.0221649697100497
385 432 2.31951701078773
374 423 3.10674997290245
420 432 -0.11685724657693086
374 433 1.6615501074318497
426 432 0.10124748840924536
251 434 3.2060450031958343
403 434 1.72076695640305
416 431 2.5856857384930256
430 431 2.141984057957801
423 437 -2.5274489963885465
425 430 1.3716527928075883
374 440 -3.106750063060895
424 427 -0.19515772478657212
419 440 1.6328169387983074
415 422 -0.2899342369326745
403 435 -1.9501526936104758
416 427 -0.07006336313715722
434 435 -0.9825428039459942
374 439 -1.986327866288225
422 436 2.93164334365634
425 427 -0.722426472174637
433 439 -0.4184259027266788
422 435 -0.305845384176723
427 430 1.3959338990403656
427 431 0.3058452631148958
422 441 2.31951701078773
423 433 -0.533685124626992
439 440 2.141984057957801
436 441 1.7513136084096503
427 429 -4.145152083743929
432 438 1.471006361575077
426 438 -1.3008300007371676
385 438 -0.007781779532672672
435 436 -1.7825320036768968
438 442 0.982542654754837
426 442 -2.368217501379304
251 442 -1.914934325902037
415 441 -0.305845384176723
434 444 1.103724552883528
435 444 0.08565016394454328
427 443 1.3959338990403656
294 445 -0.07006336313715722
425 445 1.5769599644200505
423 439 -4.844202616288199
434 442 -0.17945749696390423
423 452 0.007781661256567096
437 452 0.07006324471763459
436 444 1.103724552883528
436 447 1.9149341938214999
441 448 2.7117470592609445
415 448 -2.0618119810484816
294 449 0.38602265684584536
442 444 2.2275794437459226
441 447 1.9149341938214999
445 449 1.4205758640846524
423 446 1.9149341938214999
419 438 0.1481210376275779
415 453 -0.13248112001244716
429 455 5.537334267018537
443 454 1.210635526973574
427 454 0.35381849771398977
429 453 1.9149341938214999
294 451 1.7513136084096503
419 442 0.48390574875928927
448 453 1.6328169387983074
449 451 0.9244109312539295
429 450 2.368217406966919
427 445 -0.2899342369326745
436 442 -0.14812115655181013
450 455 2.8534721380276795
443 459 2.7803933118077264
447 448 -0.023346044556825873
427 455 -4.145152083743929
447 457 0.9436225830949259
448 457 2.93164334365634
442 457 -0.4839058740936957
429 458 3.9184427168471876
419 457 1.0625402297313233
450 458 0.7580154487445683
454 459 0.8864565510992328
419 456 3.7324082779400585
436 457 4.145152023550564
427 449 -0.25821891342749526
427 451 2.8534721380276795
427 466 1.4968293639808472
443 466 1.880614156109223
437 465 -0.7759822513321553
452 465 3.2060450031958343
453 457 0.5504197869721676
423 461 3.4370554399806776
419 460 2.7803933118077264
455 467 -3.732408358890588
443 473 1.6908566753683048
427 467 2.8534721380276795
466 473 0.1637791782871667
429 457 2.5856857384930256
450 462 1.232765242543629
455 462 2.2275794437459226
427 463 1.2551669361900215
452 461 4.145152023550564
457 460 2.4719660016221714
458 462 1.1671515377428254
459 473 -0.27405945275533616
456 464 2.7117470592609445
419 464 2.4719660016221714
465 474 3.9184427168471876
419 464 3.10674997290245
419 439 0.8122799937741847
429 462 3.2060450031958343
429 455 3.9184427168471876
459 470 2.023523983245292
439 464 -0.14812115655181013
466 467 2.368217406966919
454 470 2.4719660016221714
457 469 1.5230823357393546
457 471 -2.1840514594677467
429 471 -1.1457782950449733
429 468 3.2060450031958343
427 470 1.72076695640305
419 439 -1.3959339919795308
469 471 -0.10124760698692858
468 471 0.35381849771398977
439 460 -1.042255157127819
457 472 -0.7047962700763302
460 472 -0.5504199144331001
469 472 2.141984057957801
470 473 -0.08565028243590467
439 472 1.986327796610479
463 473 -0.22663222628581936
427 473 -2.319517101482562
427 473 -2.418966560561031
423 452 1.6908566753683048
427 475 -3.106750063060895
452 474 2.7803933118077264
473 475 1.8144599138640842
423 474 4.844202556684481
439 474 -4.43612156009328
473 488 1.7825318837304605
427 477 -0.33778538326100627
466 488 0.8122799937741847
439 478 -2.8534722097520193
472 476 3.574453703354731
469 476 2.5856857384930256
429 482 0.652518806521984
451 477 0.5004307185850176
429 485 2.023523983245292
473 479 0.982542654754837
427 484 -2.368217501379304
482 485 2.7117470592609445
467 488 1.8471390342477205
475 479 1.124638707269666
475 484 3.7324082779400585
455 480 1.3959338990403656
427 451 1.986327796610479
427 477 -0.023346044556825873
439 489 -2.023524054927849
427 481 1.210635526973574
478 489 2.8534721380276795
477 481 1.3241144775306468
429 480 0.7759821143416219
473 486 -0.7580155848378691
427 492 -4.145152083743929
479 486 1.0422550037182607
484 492 1.0625402297313233
439 489 -0.33778538326100627
469 490 0.33778526158074773
471 490 3.10674997290245
429 455 2.7803933118077264
467 493 1.2778513804684322
475 483 3.10674997290245
427 487 -4.43612156009328
439 476 1.986327796610479
468 485 3.015725255756913
455 493 0.03891301945135828
479 483 0.6352858046593717
476 490 1.8471390342477205
468 490 1.0830275858277314
455 482 0.9053573740495944
487 492 3.9184427168471876
427 491 1.1671515377428254
486 488 1.6615501074318497
467 496 0.5170228985401271
483 486 -1.167151619412428
483 484 2.31951701078773
439 494 3.7324082779400585
493 496 4.145152023550564
489 494 -0.40219829746062086
483 488 0.45104689322786395
483 492 2.5274488884529975
482 495 2.2726891994400433
487 497 -1.8144600365838361
474 489 0.1794573777347761
492 497 0.35381849771398977
467 499 -0.10124760698692858
488 499 0.6010889981175147
488 498 2.8534721380276795
485 495 -0.3860227795812654
496 499 3.7324082779400585
474 501 2.8534721380276795
490 500 4.844202556684481
468 500 0.023345926266394867
485 500 1.4968293639808472
488 492 0.35381849771398977
498 499 1.9149341938214999
482 485 -0.8490927706325437
476 500 0.1481210376275779
455 485 -0.13248112001244716
439 489 0.19515760538251437
485 493 -0.5841189757308616
