MULTICUT
0 3 2.023523983245292
0 5 2.023523983245292
1 5 3.2060450031958343
1 2 1.445594446330888
3 4 1.5497853865743236
3 6 1.1457782142804072
0 6 2.4719660016221714
0 1 -0.2899342369326745
1 7 2.101269714871794
1 6 -1.4710064589046166
2 7 1.9501526258096291
6 8 2.7803933118077264
1 8 0.08565016394454328
7 9 2.7117470592609445
3 10 1.5769599644200505
6 10 2.31951701078773
1 6 -2.368217501379304
1 10 -1.914934325902037
3 11 0.6181436068748636
10 11 3.3153580262671256
3 12 1.8144599138640842
11 12 2.2275794437459226
10 13 -1.3008300007371676
1 13 1.9501526258096291
11 13 0.7759821143416219
1 11 -1.1037246319352672
3 14 1.4205758640846524
12 14 1.5497853865743236
3 16 -0.5841189757308616
14 16 3.2060450031958343
1 12 -1.690856787854381
3 17 -0.6872706606037844
16 17 3.7324082779400585
1 14 0.242410407030617
3 15 2.2275794437459226
15 17 3.2060450031958343
7 18 3.3153580262671256
9 18 2.5856857384930256
3 19 1.347717671142901
15 19 0.652518806521984
1 16 -2.22757952790676
15 16 -0.533685124626992
1 15 -1.986327866288225
1 19 -1.8144600365838361
1 3 -0.7047962700763302
7 20 0.7047961364960313
7 22 -5.53733426701854
18 22 -4.844202616288199
20 22 -5.53733426701854
1 21 2.368217406966919
20 23 -4.844202616288199
22 23 3.3153580262671256
1 24 1.1671515377428254
7 21 0.33778526158074773
21 24 0.6698459156176995
7 24 0.054484828546315534
9 22 -5.53733426701854
7 25 1.210635526973574
24 27 2.141984057957801
7 27 0.9629978960423582
23 26 3.2060450031958343
22 26 3.574453703354731
9 30 2.023523983245292
20 28 2.7117470592609445
7 29 -2.7117471225450083
7 20 -1.3008300007371676
20 29 1.0422550037182607
7 33 -1.3959339919795308
20 33 1.7825318837304605
7 33 -2.7803933790295874
25 33 -1.4710064589046166
28 31 3.10674997290245
20 31 0.5504197869721676
23 31 -4.844202616288199
20 31 3.3153580262671256
27 35 -3.2060451019615273
7 35 -3.5744537730315336
27 32 -1.8144600365838361
27 42 -3.43705550120135
7 38 -2.9316434205780437
20 34 1.9149341938214999
32 42 -0.7759822513321553
35 38 2.8534721380276795
38 39 2.418966462073592
7 39 -2.5856858519456853
20 36 -1.8806142848807943
20 40 -1.751313725733529
35 42 1.4968293639808472
27 50 -2.1012697910023577
20 37 0.8122799937741847
42 50 3.2060450031958343
33 39 2.2726891994400433
34 36 4.145152023550564
36 40 3.2060450031958343
37 40 1.8144599138640842
26 31 -5.53733426701854
20 41 2.418966462073592
9 48 -3.5744537730315336
9 49 1.7825318837304605
48 49 -4.145152083743929
20 45 0.054484828546315534
9 47 -3.106750063060895
47 48 2.7117470592609445
20 40 -0.6698460476628039
20 44 -0.8306198826413334
20 43 -0.007781779532672672
9 46 -0.19515772478657212
41 43 3.2060450031958343
20 61 -0.5672302300910688
31 41 2.2275794437459226
44 61 3.7324082779400585
45 61 4.436121480203944
43 45 4.145152023550564
46 47 -2.22757952790676
22 55 2.93164334365634
40 44 2.646993557188065
9 55 -4.844202616288199
31 53 -5.53733426701854
26 53 3.4370554399806776
9 54 -4.844202616288199
20 39 -0.635285935274005
20 38 1.72076695640305
30 54 -4.43612156009328
34 51 1.7513136084096503
34 52 2.368217406966919
36 52 3.3153580262671256
40 52 3.015725255756913
30 57 3.9184427168471876
35 50 2.141984057957801
46 55 -2.1012697910023577
46 66 -3.732408358890588
55 66 -1.3959339919795308
48 59 1.9149341938214999
49 59 -4.844202616288199
20 35 0.4347078707200993
22 66 3.3153580262671256
47 59 1.0422550037182607
44 56 3.7324082779400585
47 62 0.8864565510992328
40 56 2.646993557188065
59 62 1.4968293639808472
50 58 -1.3477177614522067
56 61 2.141984057957801
49 54 -5.53733426701854
51 52 3.7324082779400585
34 60 3.574453703354731
49 69 -4.844202616288199
54 69 1.5497853865743236
51 60 1.604628978813839
46 62 -4.844202616288199
20 60 2.2275794437459226
41 45 1.5230823357393546
41 61 2.2726891994400433
54 57 -5.53733426701854
35 64 -1.167151619412428
20 63 1.3241144775306468
59 67 2.7117470592609445
49 67 -3.9184428135768994
35 63 -1.5230824363372633
50 64 -1.2327653271421226
26 65 2.7803933118077264
63 64 1.4205758640846524
53 65 1.8144599138640842
57 69 -5.53733426701854
50 68 -2.2726892867301896
64 68 1.9501526258096291
52 60 1.9501526258096291
40 41 0.33778526158074773
58 68 -3.732408358890588
41 56 0.7580154487445683
41 53 -4.43612156009328
62 67 2.101269714871794
41 81 -5.53733426701854
53 81 1.0830275858277314
20 70 -0.7047962700763302
20 71 -0.22663222628581936
52 78 0.7047961364960313
40 79 0.8122799937741847
41 79 2.8534721380276795
40 79 -0.5170230248961472
40 74 0.40219817433836536
53 75 0.7759821143416219
65 75 2.646993557188065
22 46 -4.43612156009328
49 80 -4.145152083743929
70 71 2.4719660016221714
60 71 -0.40219829746062086
52 79 -1.2778514672160726
74 79 3.10674997290245
69 80 2.418966462073592
64 72 0.9244109312539295
53 65 2.141984057957801
57 77 -5.53733426701854
52 71 1.445594446330888
78 79 2.7117470592609445
65 81 1.445594446330888
69 77 3.10674997290245
63 72 0.023345926266394867
63 73 0.5504197869721676
20 73 -1.042255157127819
46 83 -2.1840514594677467
67 76 2.2275794437459226
49 88 -4.844202616288199
49 85 -5.53733426701854
68 72 1.0022628750411067
70 73 1.0221648177565306
62 83 -1.324114566604422
85 88 3.9184427168471876
52 79 0.35381849771398977
22 62 3.4370554399806776
49 86 -4.844202616288199
22 83 3.3153580262671256
62 76 1.3716527928075883
67 88 1.471006361575077
85 86 3.9184427168471876
80 86 1.880614156109223
52 82 2.7117470592609445
72 73 1.124638707269666
79 82 1.6908566753683048
30 77 -5.53733426701854
41 91 3.4370554399806776
68 89 1.471006361575077
62 84 1.445594446330888
72 89 -1.420575958424365
76 84 3.10674997290245
72 87 -1.324114566604422
72 89 -1.7207670712436016
70 82 -0.7940690348095123
71 82 0.8677032967963991
87 89 1.4968293639808472
22 84 2.7803933118077264
72 90 -0.32179504083642385
73 90 -0.07006336313715722
67 93 -1.3008300007371676
89 90 2.646993557188065
88 93 2.7803933118077264
67 84 -0.5841189757308616
73 82 -1.2327653271421226
84 93 -1.1457782950449733
82 90 2.5856857384930256
80 92 -0.6525189378391278
69 92 -1.371652884404361
77 92 -1.5230824363372633
30 95 2.368217406966919
90 99 2.368217406966919
77 95 -5.53733426701854
22 65 2.31951701078773
86 92 -1.167151619412428
79 100 -3.732408358890588
85 94 1.6908566753683048
86 94 1.986327796610479
92 94 -1.8144600365838361
41 100 -4.844202616288199
89 99 3.3153580262671256
82 96 0.7940688968903633
81 101 0.6181436068748636
81 97 3.10674997290245
79 96 2.0618119072200103
41 101 -5.53733426701854
97 101 3.574453703354731
77 94 2.5274488884529975
82 99 0.369896870073811
82 98 -1.4710064589046166
98 99 2.141984057957801
96 98 1.6908566753683048
91 101 -5.53733426701854
85 105 1.3008299128497565
94 105 0.13248100121840833
79 102 2.5856857384930256
79 114 1.3959338990403656
84 104 1.7825318837304605
22 104 0.5841188470777665
96 103 -0.4184259027266788
65 108 -3.0157253387444354
22 108 -2.5856858519456853
88 107 -1.5497854889223055
79 103 -0.4674454634335292
102 114 3.9184427168471876
100 102 -5.53733426701854
85 107 -0.4839058740936957
77 105 0.6010889981175147
96 106 -0.9053575182618498
79 106 -0.5004308444200505
84 110 2.141984057957801
93 110 -1.9501526936104758
105 107 0.7401648358628796
103 106 1.9149341938214999
88 110 -1.60462908492035
99 109 4.436121480203944
91 100 -5.53733426701854
107 110 -0.7580155848378691
107 112 2.418966462073592
105 111 1.0830275858277314
77 111 -0.07006336313715722
77 115 0.19515760538251437
77 116 -1.4455945421327967
98 106 -1.042255157127819
106 114 3.10674997290245
110 112 2.7117470592609445
111 115 1.6908566753683048
115 116 0.5170228985401271
89 109 2.5274488884529975
98 113 -0.038913137770452355
106 113 4.145152023550564
91 97 -4.844202616288199
99 113 -0.038913137770452355
99 118 4.145152023550564
81 117 0.9053573740495944
65 117 1.0625402297313233
113 118 3.2060450031958343
102 121 -4.844202616288199
100 121 2.2275794437459226
91 121 -5.53733426701854
105 115 2.5856857384930256
95 120 -4.43612156009328
30 127 2.4719660016221714
97 117 1.986327796610479
77 120 3.2060450031958343
91 124 -4.844202616288199
107 115 0.40219817433836536
30 122 3.2060450031958343
97 124 0.5672301020452246
30 120 -5.53733426701854
122 127 3.015725255756913
30 126 3.2060450031958343
126 127 3.7324082779400585
106 109 3.4370554399806776
99 106 0.7224263377855422
110 119 2.2726891994400433
106 118 3.574453703354731
108 117 1.5769599644200505
108 125 -2.7117471225450083
84 119 0.08565016394454328
112 115 0.1481210376275779
97 123 3.7324082779400585
22 128 2.646993557188065
110 115 0.652518806521984
104 128 1.471006361575077
116 120 -0.7580155848378691
108 130 -0.7759822513321553
30 131 2.5274488884529975
125 130 0.652518806521984
108 129 -1.7825320036768968
84 128 1.8144599138640842
125 129 0.41842577919951873
119 128 0.41842577919951873
91 137 -3.9184428135768994
117 129 1.0022628750411067
115 119 -0.14812115655181013
117 132 1.72076695640305
30 148 1.9501526258096291
114 121 -3.9184428135768994
97 132 3.2060450031958343
120 148 -5.53733426701854
114 144 -3.732408358890588
91 133 -3.0157253387444354
91 141 -5.53733426701854
121 144 2.4719660016221714
115 128 2.141984057957801
121 153 0.369896870073811
91 153 -5.53733426701854
91 134 3.7324082779400585
91 138 -4.844202616288199
124 138 3.9184427168471876
117 135 2.5274488884529975
114 150 -5.53733426701854
123 142 -0.2899342369326745
125 136 -2.22757952790676
130 136 2.184051378192568
22 147 1.4205758640846524
128 139 3.10674997290245
106 150 -5.53733426701854
97 142 1.6328169387983074
132 135 0.13248100121840833
108 147 1.5769599644200505
114 151 -5.53733426701854
91 157 -5.53733426701854
144 151 1.0830275858277314
97 138 0.8122799937741847
97 142 1.6908566753683048
129 136 -1.1037246319352672
129 143 1.6908566753683048
115 140 2.7117470592609445
127 149 -4.145152083743929
122 146 -4.145152083743929
129 135 -0.33778538326100627
136 143 2.023523983245292
127 146 -3.106750063060895
134 137 -3.5744537730315336
135 143 2.2275794437459226
146 149 2.8534721380276795
121 152 1.347717671142901
152 153 2.7117470592609445
91 156 -5.53733426701854
116 145 2.418966462073592
120 145 1.6908566753683048
126 149 -3.43705550120135
144 152 2.31951701078773
22 139 2.418966462073592
30 146 -2.6469936768108107
91 163 -1.4968294629075651
135 154 2.7117470592609445
156 163 1.1671515377428254
157 163 1.8144599138640842
143 154 3.015725255756913
116 140 0.8490926297285697
145 148 -4.844202616288199
132 155 1.445594446330888
30 167 -4.145152083743929
131 167 -3.9184428135768994
135 155 1.6615501074318497
130 147 1.5230823357393546
146 167 2.31951701078773
91 158 0.4674453385798212
138 161 2.184051378192568
97 155 1.7825318837304605
128 162 1.445594446330888
97 161 2.4719660016221714
139 162 3.574453703354731
128 140 -0.08565028243590467
140 160 3.3153580262671256
140 162 1.3716527928075883
114 169 -2.9316434205780437
133 174 -1.0625403846496646
91 174 -5.53733426701854
134 166 -3.732408358890588
137 166 1.3241144775306468
136 159 2.0618119072200103
30 167 -4.844202616288199
126 167 -3.3153581355547077
150 169 -1.0221649697100497
142 155 -0.007781779532672672
143 159 0.982542654754837
91 171 -4.844202616288199
133 171 -1.8144600365838361
133 183 -0.19515772478657212
97 164 -0.618143736811748
142 165 -1.420575958424365
157 158 -1.9501526936104758
164 165 1.8471390342477205
139 147 1.8144599138640842
149 167 2.31951701078773
148 167 -4.145152083743929
171 183 2.7803933118077264
174 183 3.2060450031958343
161 164 1.6615501074318497
155 165 2.023523983245292
136 147 1.5230823357393546
137 179 0.982542654754837
91 188 -3.2060451019615273
91 179 -5.53733426701854
141 188 2.7117470592609445
138 188 0.3058452631148958
154 159 -0.10124760698692858
150 168 1.5230823357393546
168 169 -0.11685724657693086
114 168 -4.844202616288199
91 192 -4.145152083743929
106 168 -4.145152083743929
151 152 1.5230823357393546
141 192 2.7117470592609445
145 167 -4.844202616288199
114 181 -4.844202616288199
114 182 -5.53733426701854
91 194 -4.844202616288199
162 180 2.8534721380276795
116 173 -0.07006336313715722
151 182 2.7117470592609445
166 179 2.7803933118077264
179 194 -1.371652884404361
158 192 -4.43612156009328
147 162 1.6615501074318497
140 180 0.13248100121840833
160 173 2.101269714871794
145 173 0.6872705278045488
151 170 2.4719660016221714
91 186 -4.145152083743929
179 193 3.015725255756913
181 182 2.368217406966919
152 170 1.445594446330888
91 166 -2.368217501379304
193 194 2.5856857384930256
91 185 -3.732408358890588
91 190 -4.145152083743929
166 186 1.604628978813839
91 187 -3.5744537730315336
156 187 3.574453703354731
136 176 2.5856857384930256
147 176 3.3153580262671256
168 181 2.31951701078773
174 185 4.844202556684481
186 190 3.7324082779400585
135 165 3.574453703354731
154 172 3.3153580262671256
160 177 1.103724552883528
185 190 3.10674997290245
187 194 3.2060450031958343
164 175 1.471006361575077
165 175 2.368217406966919
135 172 0.6352858046593717
156 184 3.9184427168471876
158 203 -1.986327866288225
154 178 3.574453703354731
145 197 2.418966462073592
163 184 1.8471390342477205
192 203 -2.5274489963885465
173 177 0.9629978960423582
173 197 3.4370554399806776
106 198 -5.53733426701854
157 191 1.6328169387983074
159 178 1.0022628750411067
163 191 0.652518806521984
161 175 1.7513136084096503
170 199 1.880614156109223
138 201 0.8677032967963991
152 199 1.347717671142901
153 171 3.10674997290245
184 191 3.10674997290245
188 201 2.31951701078773
162 196 -0.9825428039459942
157 203 1.8144599138640842
147 196 0.45104689322786395
106 226 -5.53733426701854
152 189 3.7324082779400585
140 162 2.4719660016221714
198 226 3.10674997290245
189 199 2.2275794437459226
179 186 2.8534721380276795
152 200 3.574453703354731
175 195 1.880614156109223
165 195 3.015725255756913
176 202 1.880614156109223
153 200 1.0625402297313233
136 202 1.4968293639808472
167 197 -4.844202616288199
106 226 -5.53733426701854
160 162 0.8864565510992328
168 182 2.368217406966919
151 199 3.10674997290245
189 200 3.9184427168471876
136 178 3.9184427168471876
172 210 2.5274488884529975
176 205 2.2726891994400433
147 205 0.8864565510992328
135 210 0.19515760538251437
106 246 -5.53733426701854
161 201 3.2060450031958343
135 204 2.418966462073592
226 246 3.574453703354731
165 204 0.10124748840924536
204 210 1.6908566753683048
196 205 -0.9053575182618498
106 232 -4.844202616288199
165 207 2.101269714871794
204 207 3.3153580262671256
160 208 2.368217406966919
161 195 0.5841188470777665
177 208 -0.9244110766470177
168 215 3.015725255756913
187 206 2.0618119072200103
176 211 1.8144599138640842
196 220 -1.8806142848807943
162 208 2.31951701078773
232 246 1.6328169387983074
153 183 1.986327796610479
186 193 2.7117470592609445
187 193 0.2899341161553104
156 206 2.93164334365634
202 211 3.574453703354731
205 220 2.8534721380276795
182 227 2.101269714871794
200 222 1.3959338990403656
153 222 2.368217406966919
185 216 4.145152023550564
157 217 2.31951701078773
154 210 2.5274488884529975
177 212 2.0618119072200103
173 212 2.31951701078773
167 213 2.418966462073592
167 209 0.8864565510992328
167 238 0.9244109312539295
168 226 -3.9184428135768994
151 227 3.3153580262671256
193 206 3.015725255756913
203 217 1.6615501074318497
205 211 3.10674997290245
183 223 3.4370554399806776
191 217 2.7803933118077264
136 154 1.6908566753683048
167 214 0.982542654754837
167 218 0.40219817433836536
174 223 2.7803933118077264
174 216 3.4370554399806776
208 212 0.369896870073811
214 218 1.986327796610479
192 228 0.41842577919951873
141 228 0.023345926266394867
218 221 2.023523983245292
167 221 0.3217949194737102
189 222 3.10674997290245
195 207 0.35381849771398977
168 230 2.0618119072200103
193 219 3.4370554399806776
195 229 2.0618119072200103
207 229 3.9184427168471876
196 231 -1.2551670218420983
167 237 0.9629978960423582
215 230 4.145152023550564
220 231 2.5274488884529975
221 237 2.646993557188065
199 222 3.3153580262671256
217 224 2.5274488884529975
203 224 2.2726891994400433
167 225 -1.4455945421327967
168 227 -0.33778538326100627
153 223 1.445594446330888
186 219 2.7803933118077264
188 228 0.5004307185850176
136 210 2.7117470592609445
162 231 0.1481210376275779
168 233 -0.07006336313715722
227 233 0.8677032967963991
203 234 -0.4839058740936957
167 241 -1.3477177614522067
213 225 0.054484828546315534
209 236 -1.751313725733529
167 236 -2.6469936768108107
151 222 1.72076695640305
192 234 1.5230823357393546
197 241 -2.9316434205780437
225 241 -1.6328170469254393
237 238 2.368217406966919
222 239 2.2726891994400433
153 239 2.418966462073592
188 247 2.8534721380276795
161 188 1.880614156109223
161 245 4.145152023550564
195 245 0.7759821143416219
136 211 -0.6872706606037844
213 235 -2.1012697910023577
167 243 -3.9184428135768994
209 243 -2.9316434205780437
228 247 2.023523983245292
208 231 1.3241144775306468
225 235 -0.4510470176203887
213 243 -3.106750063060895
214 236 -1.324114566604422
214 244 -0.722426472174637
191 224 -0.25821891342749526
161 247 3.10674997290245
218 244 -0.6872706606037844
151 249 0.982542654754837
174 240 2.93164334365634
215 233 0.6181436068748636
222 249 1.5230823357393546
229 245 -0.36989699244014895
136 204 3.574453703354731
235 243 -0.10124760698692858
236 243 0.33778526158074773
236 244 1.7513136084096503
229 268 1.4968293639808472
136 264 1.0830275858277314
211 264 1.1671515377428254
212 250 -0.7580155848378691
173 250 -2.22757952790676
225 242 -3.3153581355547077
221 244 -0.22663222628581936
227 249 -0.11685724657693086
223 239 1.7513136084096503
206 219 1.0830275858277314
224 234 0.1481210376275779
245 268 2.7803933118077264
211 220 0.242410407030617
241 242 0.6352858046593717
215 269 2.2275794437459226
136 252 1.471006361575077
136 248 3.7324082779400585
211 258 2.101269714871794
208 250 -1.7207670712436016
235 253 1.4205758640846524
233 269 0.982542654754837
216 240 1.5769599644200505
204 229 3.4370554399806776
220 258 2.2726891994400433
168 260 2.8534721380276795
230 260 2.8534721380276795
248 264 2.2726891994400433
237 244 0.7224263377855422
226 260 -3.0157253387444354
227 269 1.0625402297313233
227 254 1.880614156109223
219 266 0.35381849771398977
206 266 1.1671515377428254
161 257 3.015725255756913
231 258 2.7117470592609445
254 269 2.93164334365634
249 254 1.188767543534301
156 266 0.8306197427665889
192 247 2.2726891994400433
197 250 -1.371652884404361
235 242 -0.8306198826413334
243 253 -1.1037246319352672
223 262 1.2551669361900215
216 255 2.368217406966919
185 255 1.3716527928075883
237 259 2.8534721380276795
238 251 1.9149341938214999
239 262 1.72076695640305
215 261 2.7117470592609445
240 263 2.7803933118077264
186 270 -2.1419841365639445
224 275 1.0022628750411067
197 271 -1.1887676261434261
236 265 -0.007781779532672672
237 265 1.4968293639808472
238 281 0.41842577919951873
261 269 2.646993557188065
174 262 1.7513136084096503
191 275 3.2060450031958343
204 268 0.6698459156176995
248 252 0.9053573740495944
250 271 3.9184427168471876
243 265 -1.3959339919795308
238 265 -0.305845384176723
251 281 1.0221648177565306
185 256 0.274059332246233
190 256 1.347717671142901
190 273 -1.914934325902037
186 273 -2.418966560561031
219 270 -0.038913137770452355
192 267 2.141984057957801
197 279 1.6908566753683048
241 283 -2.22757952790676
243 272 -1.3477177614522067
240 262 1.7513136084096503
255 256 1.4968293639808472
270 273 3.2060450031958343
234 267 2.368217406966919
279 283 3.10674997290245
265 272 2.0618119072200103
244 265 0.2899341161553104
259 265 0.6352858046593717
265 281 3.9184427168471876
224 276 0.9244109312539295
211 278 2.368217406966919
208 258 0.5170228985401271
242 280 -2.4719661045957224
235 280 -1.4968294629075651
237 265 0.9436225830949259
234 276 2.023523983245292
204 252 3.574453703354731
258 278 3.015725255756913
242 283 -2.7803933790295874
184 266 1.1671515377428254
208 282 0.07006324471763459
250 282 2.023523983245292
238 281 -0.533685124626992
191 266 1.4205758640846524
275 276 2.93164334365634
264 278 2.646993557188065
271 279 1.2778513804684322
280 283 3.7324082779400585
253 280 -2.5856858519456853
216 298 -0.5004308444200505
245 277 2.31951701078773
240 298 0.007781661256567096
266 270 1.5230823357393546
245 257 0.9629978960423582
255 298 -2.22757952790676
258 274 1.7513136084096503
256 273 -1.5230824363372633
268 277 2.8534721380276795
226 301 -2.7803933790295874
222 284 -1.3477177614522067
239 284 -0.9629980439232386
256 286 -0.4674454634335292
253 291 -1.420575958424365
260 301 -0.19515772478657212
249 284 -1.3008300007371676
263 298 -0.32179504083642385
273 286 2.5274488884529975
252 264 -0.7940690348095123
243 291 0.2899341161553104
262 285 0.38602265684584536
256 287 -0.6010891274007599
266 289 1.6328169387983074
191 289 2.418966462073592
258 290 0.8864565510992328
253 295 -1.0221649697100497
254 284 1.880614156109223
262 284 -0.6525189378391278
240 285 3.7324082779400585
255 287 -1.1457782950449733
286 287 2.5274488884529975
192 234 1.72076695640305
278 290 -0.9825428039459942
280 295 2.141984057957801
291 295 2.418966462073592
215 344 -0.16377929735639296
215 292 0.2899341161553104
262 298 -0.27405945275533616
285 298 1.3008299128497565
270 288 1.880614156109223
258 299 -0.08565028243590467
208 299 -3.106750063060895
243 296 1.0022628750411067
272 297 -1.420575958424365
265 297 -1.847139159904398
230 344 0.38602265684584536
292 344 2.141984057957801
261 292 -1.371652884404361
284 298 2.5274488884529975
287 298 2.8534721380276795
247 257 0.10124748840924536
291 296 1.8144599138640842
272 296 -1.751313725733529
292 293 2.5274488884529975
261 293 -0.8864566941706382
208 305 -2.6469936768108107
282 300 2.8534721380276795
250 300 3.015725255756913
265 307 -2.319517101482562
263 285 0.054484828546315534
273 288 2.2726891994400433
274 290 -0.10124760698692858
250 279 2.93164334365634
297 307 1.7825318837304605
269 294 2.93164334365634
234 302 2.93164334365634
247 311 1.2778513804684322
257 311 -0.5170230248961472
264 303 2.7803933118077264
293 294 2.5274488884529975
275 289 1.210635526973574
299 305 1.7513136084096503
282 305 0.8306197427665889
226 304 0.5672301020452246
276 302 3.3153580262671256
272 306 -0.21088196663715686
301 304 -2.418966560561031
278 303 2.7803933118077264
296 306 1.5230823357393546
297 306 1.1671515377428254
226 325 -0.4184259027266788
304 325 2.184051378192568
234 310 3.2060450031958343
274 312 -1.2551670218420983
274 324 -1.5769600686022973
258 324 -1.420575958424365
258 328 -0.4184259027266788
275 302 4.145152023550564
302 310 3.7324082779400585
290 312 -0.3860227795812654
324 328 2.141984057957801
299 328 0.5672301020452246
246 325 -0.867703438765498
280 313 -0.007781779532672672
266 288 1.0422550037182607
245 311 0.5841188470777665
312 324 2.93164334365634
295 313 1.72076695640305
260 309 1.347717671142901
260 344 -0.13248112001244716
284 315 0.652518806521984
284 316 0.19515760538251437
277 320 1.210635526973574
268 320 2.93164334365634
204 321 4.436121480203944
290 308 2.5274488884529975
265 334 -2.5274489963885465
301 309 1.986327796610479
254 294 1.1457782142804072
315 316 3.015725255756913
192 311 -0.22663222628581936
245 320 4.844202556684481
268 321 1.103724552883528
278 308 0.08565016394454328
283 313 1.3716527928075883
307 334 1.471006361575077
246 314 0.45104689322786395
284 317 0.41842577919951873
284 318 1.0830275858277314
288 331 1.3008299128497565
289 319 0.8677032967963991
275 319 3.7324082779400585
314 325 1.880614156109223
317 318 1.604628978813839
298 318 1.2778513804684322
266 331 3.015725255756913
292 326 1.2551669361900215
286 327 0.38602265684584536
273 327 1.5769599644200505
266 323 0.054484828546315534
289 323 -0.867703438765498
250 283 2.93164334365634
291 306 0.9244109312539295
309 344 1.0022628750411067
326 344 1.8144599138640842
316 317 2.5274488884529975
287 327 -0.4839058740936957
319 323 3.574453703354731
308 312 0.4674453385798212
250 313 2.368217406966919
291 313 0.9053573740495944
284 294 0.8677032967963991
287 345 0.6872705278045488
250 329 2.7117470592609445
293 326 2.368217406966919
298 345 1.210635526973574
327 345 3.2060450031958343
306 313 2.141984057957801
273 331 0.9629978960423582
252 332 0.8864565510992328
264 332 -2.6469936768108107
303 332 -3.2060451019615273
281 335 1.72076695640305
252 321 2.7117470592609445
300 305 0.5504197869721676
300 329 1.5769599644200505
316 318 3.4370554399806776
298 316 2.141984057957801
266 322 2.7803933118077264
250 339 3.015725255756913
307 333 1.8471390342477205
327 331 2.4719660016221714
329 339 3.015725255756913
304 344 -2.418966560561031
301 344 -0.19515772478657212
332 337 2.646993557188065
299 350 0.22663210648628773
300 338 0.8677032967963991
297 333 1.72076695640305
265 330 1.2778513804684322
284 293 2.7803933118077264
322 331 1.188767543534301
322 323 0.3058452631148958
303 337 -1.5230824363372633
305 350 -0.635285935274005
336 344 2.7117470592609445
326 336 2.418966462073592
305 352 0.7224263377855422
300 340 2.418966462073592
265 354 -3.106750063060895
350 352 2.418966462073592
338 340 1.8471390342477205
281 354 -3.5744537730315336
320 342 2.2726891994400433
306 341 2.184051378192568
330 334 -1.9501526936104758
268 342 1.6615501074318497
328 350 2.141984057957801
329 338 0.07006324471763459
313 341 2.4719660016221714
330 354 -3.5744537730315336
325 344 -2.8534722097520193
315 349 2.7803933118077264
311 347 1.8144599138640842
245 347 -0.40219829746062086
320 347 0.45104689322786395
268 343 3.7324082779400585
321 343 2.0618119072200103
278 348 1.3008299128497565
316 349 2.2275794437459226
192 347 -0.8306198826413334
308 348 1.8144599138640842
345 346 2.7803933118077264
327 346 1.0625402297313233
250 329 2.5274488884529975
316 345 2.418966462073592
323 331 -0.6525189378391278
234 347 1.880614156109223
321 332 -0.08565028243590467
300 352 -4.43612156009328
335 354 -3.106750063060895
284 326 2.646993557188065
319 331 0.1637791782871667
321 337 2.368217406966919
303 348 1.7513136084096503
334 358 0.982542654754837
330 358 -1.60462908492035
319 327 0.6698459156176995
340 356 1.8144599138640842
338 356 1.5497853865743236
333 361 -2.368217501379304
333 357 -2.22757952790676
307 357 -0.5672302300910688
334 357 -0.4674454634335292
342 343 2.646993557188065
340 352 -2.6469936768108107
297 361 -3.2060451019615273
325 351 0.6872705278045488
343 360 2.141984057957801
321 360 1.7825318837304605
348 355 1.9501526258096291
308 355 1.0022628750411067
329 367 -1.7207670712436016
250 353 2.2726891994400433
306 361 -1.9501526936104758
319 346 2.5274488884529975
338 367 0.9244109312539295
329 353 1.3716527928075883
357 361 2.2726891994400433
325 359 0.5504197869721676
325 384 -1.4968294629075651
320 362 2.0618119072200103
306 364 0.6352858046593717
344 384 0.48390574875928927
342 362 2.101269714871794
361 364 2.141984057957801
357 358 1.5230823357393546
325 365 0.45104689322786395
302 369 3.4370554399806776
250 370 -2.22757952790676
341 364 0.1481210376275779
330 377 -2.5274489963885465
310 369 1.72076695640305
234 320 1.124638707269666
337 348 -0.9244110766470177
312 355 0.3058452631148958
313 370 -0.7580155848378691
354 377 1.7825318837304605
359 365 1.4968293639808472
284 349 0.982542654754837
316 368 0.8677032967963991
316 366 1.5497853865743236
319 381 3.4370554399806776
342 363 2.023523983245292
340 375 -0.08565028243590467
335 371 -2.1012697910023577
335 378 3.10674997290245
366 368 1.8471390342477205
302 381 3.10674997290245
324 350 0.9436225830949259
352 375 -1.751313725733529
356 375 0.242410407030617
358 377 -0.5841189757308616
354 371 0.5170228985401271
351 384 -1.4455945421327967
344 399 -0.4839058740936957
336 385 -1.1037246319352672
349 368 0.5004307185850176
345 374 2.0618119072200103
343 406 -0.7759822513321553
353 376 -2.368217501379304
336 399 -1.324114566604422
343 363 1.2778513804684322
370 376 2.2726891994400433
325 373 -1.4455945421327967
351 373 1.0625402297313233
344 379 0.7224263377855422
326 385 -0.32179504083642385
329 388 -3.9184428135768994
354 383 0.6010889981175147
385 399 2.7117470592609445
356 367 -0.07006336313715722
341 370 -0.8864566941706382
359 373 0.274059332246233
351 402 -0.25821891342749526
349 391 -0.22663222628581936
355 386 -2.1419841365639445
312 386 -0.023346044556825873
329 382 -2.8534722097520193
353 382 -2.1840514594677467
357 390 -1.5497854889223055
384 402 1.8471390342477205
379 384 2.023523983245292
368 391 1.6908566753683048
316 374 2.141984057957801
234 369 1.8471390342477205
362 363 0.9244109312539295
367 388 1.4968293639808472
382 388 1.72076695640305
376 382 1.4968293639808472
371 378 -1.60462908492035
365 372 1.3716527928075883
365 373 1.124638707269666
284 380 3.4370554399806776
346 374 3.10674997290245
312 393 -0.07006336313715722
324 393 -0.9825428039459942
350 387 2.418966462073592
352 387 3.2060450031958343
357 398 -3.43705550120135
357 389 -2.2726892867301896
379 399 2.4719660016221714
284 385 0.03891301945135828
319 374 2.368217406966919
386 393 -0.14812115655181013
375 387 -0.5170230248961472
389 390 1.1457782142804072
358 390 -1.1457782950449733
377 383 0.2582187931706581
234 395 -1.4710064589046166
361 398 -4.844202616288199
337 360 -0.4674454634335292
389 398 1.0830275858277314
377 390 1.0830275858277314
284 409 -0.6525189378391278
284 394 1.1457782142804072
368 392 0.7047961364960313
366 392 1.210635526973574
320 395 -1.847139159904398
320 405 -2.1012697910023577
343 415 -2.8534722097520193
360 417 -1.1246387871621042
337 417 -0.618143736811748
355 407 -1.2551670218420983
324 387 -0.40219829746062086
356 387 -1.2106356105583946
367 396 1.7825318837304605
364 401 -1.9501526936104758
364 397 -3.0157253387444354
349 394 -0.305845384176723
395 405 0.5170228985401271
406 415 2.101269714871794
360 406 -1.2778514672160726
386 407 0.6181436068748636
367 387 0.8122799937741847
364 398 -4.844202616288199
320 415 -3.106750063060895
362 415 -2.1419841365639445
360 416 -1.5769600686022973
348 407 -1.1037246319352672
341 411 -1.083027742309897
373 402 -2.418966560561031
374 392 1.0625402297313233
405 415 0.9629978960423582
406 416 2.4719660016221714
416 417 2.7117470592609445
337 407 -0.10124760698692858
387 393 1.8144599138640842
364 411 -2.023524054927849
397 401 0.8122799937741847
397 398 -0.07006336313715722
372 373 -1.2551670218420983
234 404 -0.0544849469084292
363 415 -3.106750063060895
370 410 -2.1419841365639445
370 420 -2.418966560561031
341 420 -0.2899342369326745
385 409 -2.8534722097520193
380 409 -1.0022630255891705
391 394 0.41842577919951873
391 392 1.2551669361900215
395 404 0.2899341161553104
376 410 -1.1457782950449733
384 403 1.9501526258096291
319 400 1.1457782142804072
386 418 3.574453703354731
376 419 -1.0022630255891705
371 449 -0.7047962700763302
378 449 1.72076695640305
402 403 1.604628978813839
407 417 1.347717671142901
407 418 3.10674997290245
388 396 0.7940688968903633
382 419 -2.0618119810484816
411 420 0.13248100121840833
401 411 -0.5504199144331001
373 423 -4.43612156009328
379 408 0.45104689322786395
379 412 0.7580154487445683
382 421 -0.7401649710893459
398 422 -0.7759822513321553
377 449 -2.4719661045957224
402 423 0.22663210648628773
384 408 -0.10124760698692858
408 412 2.101269714871794
388 421 -1.420575958424365
410 419 1.4968293639808472
410 420 0.7940688968903633
389 422 -0.7940690348095123
383 449 -1.420575958424365
354 449 -2.4719661045957224
392 413 -1.083027742309897
374 414 -0.4347079946705643
302 431 -4.844202616288199
369 424 -3.3153581355547077
234 424 -2.368217501379304
382 434 -1.1246387871621042
389 429 -2.8534722097520193
403 408 1.471006361575077
381 431 -3.106750063060895
404 405 0.9629978960423582
421 434 1.2551669361900215
419 434 1.6615501074318497
422 429 0.3217949194737102
390 449 -2.1419841365639445
379 439 1.880614156109223
385 439 1.604628978813839
404 424 1.6615501074318497
393 436 0.38602265684584536
393 432 -3.3153581355547077
396 421 0.8677032967963991
401 428 -1.324114566604422
397 428 -0.7940690348095123
390 429 -2.0618119810484816
412 439 2.646993557188065
409 439 -0.6698460476628039
284 409 -0.13248112001244716
374 413 -0.007781779532672672
369 431 -2.1012697910023577
386 436 0.5841188470777665
387 432 -2.319517101482562
398 428 -1.2778514672160726
429 449 0.7401648358628796
373 430 -1.6615502176829433
319 435 -2.5856858519456853
424 431 2.184051378192568
387 433 -0.3860227795812654
387 425 -1.690856787854381
387 426 -1.986327866288225
367 426 -0.5672302300910688
396 427 0.4674453385798212
399 439 1.8471390342477205
394 409 1.0022628750411067
418 436 1.2778513804684322
426 427 1.0830275858277314
421 427 1.7825318837304605
422 428 1.2551669361900215
403 423 0.8306197427665889
394 440 -3.2060451019615273
414 435 -1.690856787854381
374 435 -3.3153581355547077
319 435 -2.7803933790295874
400 435 -2.22757952790676
319 431 -3.3153581355547077
405 424 0.982542654754837
401 438 -0.32179504083642385
423 430 2.184051378192568
431 435 2.31951701078773
415 424 1.4205758640846524
432 433 0.8306197427665889
425 433 0.5336849977291656
425 426 0.22663210648628773
411 438 -2.2726892867301896
428 438 0.5672301020452246
374 435 -2.368217501379304
419 437 0.33778526158074773
391 440 -2.22757952790676
413 435 -2.368217501379304
432 436 0.5504197869721676
410 437 -0.5841189757308616
403 439 0.6352858046593717
408 439 1.6328169387983074
392 440 -1.914934325902037
417 441 -0.40219829746062086
407 441 1.3716527928075883
421 443 0.9244109312539295
420 437 -1.167151619412428
422 438 2.0618119072200103
423 439 0.982542654754837
413 440 -2.0618119810484816
418 441 1.347717671142901
429 438 -0.6010891274007599
409 444 -1.986327866288225
409 445 -1.420575958424365
394 445 -1.371652884404361
415 447 -0.16377929735639296
415 446 -0.5170230248961472
406 446 -0.007781779532672672
416 446 -2.6469936768108107
417 446 -1.690856787854381
418 454 1.986327796610479
420 438 -0.4184259027266788
440 445 2.141984057957801
435 440 2.5856857384930256
446 447 1.5769599644200505
436 454 2.141984057957801
434 437 0.6010889981175147
437 438 1.3959338990403656
415 452 -0.867703438765498
425 442 0.3217949194737102
426 442 0.7940688968903633
427 448 1.6908566753683048
439 444 3.015725255756913
444 445 1.4205758640846524
441 446 0.48390574875928927
441 454 2.184051378192568
433 442 -0.36989699244014895
442 448 1.7825318837304605
427 443 0.3217949194737102
423 450 -1.0221649697100497
424 453 -1.8806142848807943
424 451 -2.1012697910023577
443 448 1.5230823357393546
439 450 2.646993557188065
415 451 -1.847139159904398
447 452 0.7759821143416219
424 458 2.0618119072200103
424 459 -2.1012697910023577
433 467 0.8864565510992328
442 467 1.1457782142804072
451 453 0.5336849977291656
451 452 0.7047961364960313
431 455 -0.11685724657693086
431 456 -0.32179504083642385
424 457 -0.7580155848378691
436 469 1.3241144775306468
432 469 -1.847139159904398
432 467 -0.8306198826413334
421 474 -1.2106356105583946
434 474 0.7940688968903633
437 474 -1.5769600686022973
457 458 0.242410407030617
458 459 -0.25821891342749526
453 459 0.40219817433836536
467 469 3.574453703354731
435 468 1.3716527928075883
435 461 0.45104689322786395
431 461 1.1671515377428254
431 462 1.3241144775306468
431 463 -0.5504199144331001
424 464 0.8677032967963991
441 466 0.40219817433836536
441 460 1.5497853865743236
443 474 -2.6469936768108107
461 462 1.8471390342477205
455 462 1.0422550037182607
455 456 0.7580154487445683
456 463 0.8864565510992328
463 464 1.124638707269666
457 464 0.33778526158074773
435 470 0.9053573740495944
435 471 0.5841188470777665
447 465 0.9244109312539295
447 466 0.1481210376275779
446 466 -0.0544849469084292
442 473 0.03891301945135828
443 482 -2.8534722097520193
461 468 1.1671515377428254
452 465 -0.32179504083642385
460 466 0.982542654754837
454 460 1.232765242543629
474 482 3.2060450031958343
438 474 0.8490926297285697
438 449 -1.5497854889223055
444 481 0.5672301020452246
445 481 -1.083027742309897
440 475 -0.4184259027266788
452 458 0.4347078707200993
458 465 1.2778513804684322
445 475 -0.6698460476628039
470 471 1.2551669361900215
468 471 0.7940688968903633
451 458 -0.8122801326543725
465 466 1.8471390342477205
448 473 0.1481210376275779
439 483 1.5497853865743236
440 476 -0.7580155848378691
435 476 -0.8122801326543725
435 477 0.03891301945135828
453 458 0.10124748840924536
454 493 -0.023346044556825873
444 483 0.9629978960423582
475 481 2.368217406966919
476 477 1.0830275858277314
470 477 0.7401648358628796
436 493 -0.305845384176723
462 479 1.1457782142804072
455 479 0.21088184704301205
455 472 -0.07006336313715722
456 472 -0.19515772478657212
463 472 0.03891301945135828
457 480 -0.0544849469084292
475 476 1.0422550037182607
464 480 1.232765242543629
458 480 1.6328169387983074
469 493 -2.7117471225450083
448 482 -2.9316434205780437
430 495 -2.1840514594677467
423 495 -1.4710064589046166
439 487 2.141984057957801
461 478 0.1168571278983801
461 479 1.2551669361900215
448 474 -2.5856858519456853
483 487 1.471006361575077
481 483 0.7940688968903633
478 479 0.2899341161553104
472 479 1.232765242543629
464 472 0.8306197427665889
450 495 1.0625402297313233
471 485 0.9629978960423582
468 485 0.6352858046593717
468 486 0.9436225830949259
466 491 -1.4455945421327967
460 494 -1.8144600365838361
454 492 -1.6615502176829433
468 478 1.1457782142804072
460 492 -0.635285935274005
467 473 -2.6469936768108107
450 487 1.8144599138640842
471 484 1.1457782142804072
466 497 -2.5856858519456853
492 494 2.5274488884529975
448 511 -0.7401649710893459
487 495 1.604628978813839
470 484 1.1671515377428254
485 486 0.652518806521984
491 497 0.7047961364960313
492 493 1.0022628750411067
473 511 2.93164334365634
474 511 2.8534721380276795
475 490 2.023523983245292
476 488 1.0422550037182607
477 489 0.3058452631148958
470 489 1.9501526258096291
458 515 -2.368217501379304
465 515 -3.5744537730315336
466 498 -2.1840514594677467
469 509 1.3959338990403656
476 489 -0.13248112001244716
484 485 1.0422550037182607
465 498 -3.2060451019615273
466 494 -2.4719661045957224
475 496 1.4205758640846524
490 496 1.232765242543629
475 488 0.9244109312539295
464 503 -1.847139159904398
458 504 -1.847139159904398
469 499 -0.25821891342749526
488 489 1.210635526973574
480 503 -2.2726892867301896
498 515 4.145152023550564
491 494 -2.4719661045957224
493 499 0.22663210648628773
499 509 2.5856857384930256
430 500 -1.3959339919795308
481 496 -0.635285935274005
468 508 -2.7803933790295874
468 501 -2.1419841365639445
478 501 -2.023524054927849
479 501 -2.8534722097520193
479 502 -1.5769600686022973
472 502 -2.22757952790676
472 503 -1.8144600365838361
458 503 -1.7825320036768968
458 510 -2.418966560561031
495 500 1.8144599138640842
504 510 1.0830275858277314
497 498 1.72076695640305
486 508 -2.418966560561031
501 508 0.7401648358628796
501 502 2.31951701078773
502 503 -0.4347079946705643
503 504 3.7324082779400585
470 507 -3.43705550120135
486 518 -2.7117471225450083
501 503 3.015725255756913
467 511 -2.7117471225450083
485 518 -2.9316434205780437
508 518 4.145152023550564
510 515 0.35381849771398977
475 506 -2.22757952790676
484 507 -3.5744537730315336
484 518 -2.7117471225450083
497 505 3.2060450031958343
491 505 1.8144599138640842
483 496 0.8677032967963991
489 507 -2.22757952790676
507 518 3.3153580262671256
490 513 -3.2060451019615273
475 513 -2.4719661045957224
475 507 -2.5274489963885465
488 507 -2.1419841365639445
467 516 -1.167151619412428
506 513 0.8490926297285697
506 507 1.3716527928075883
511 516 1.0022628750411067
496 533 1.3959338990403656
496 514 -2.023524054927849
513 514 0.8677032967963991
494 505 -0.8306198826413334
493 494 0.7580154487445683
487 522 -4.43612156009328
496 512 0.007781661256567096
483 519 -2.7803933790295874
495 522 -3.5744537730315336
514 533 1.2778513804684322
483 523 -0.635285935274005
483 524 -2.2726892867301896
469 521 -1.8144600365838361
467 521 -0.22663222628581936
449 474 -3.106750063060895
523 524 3.574453703354731
519 524 2.101269714871794
496 519 -0.5841189757308616
501 518 2.5274488884529975
504 520 2.646993557188065
512 519 2.101269714871794
500 522 -4.43612156009328
503 529 3.10674997290245
474 530 2.7117470592609445
483 522 -4.43612156009328
507 513 1.3959338990403656
496 517 1.347717671142901
517 533 3.2060450031958343
504 529 2.646993557188065
510 520 0.07006324471763459
512 517 1.3008299128497565
516 521 0.652518806521984
513 525 -0.08565028243590467
522 523 -5.53733426701854
514 525 0.9629978960423582
510 527 1.8144599138640842
520 527 0.7047961364960313
507 526 0.6352858046593717
469 532 -0.32179504083642385
525 533 3.574453703354731
509 532 -0.038913137770452355
521 532 0.369896870073811
493 532 1.2778513804684322
499 532 -0.5170230248961472
449 530 -5.53733426701854
512 533 1.210635526973574
521 536 -0.19515772478657212
511 536 0.48390574875928927
515 527 0.4347078707200993
516 536 -2.368217501379304
518 528 3.9184427168471876
519 533 3.10674997290245
507 525 0.023345926266394867
527 538 0.41842577919951873
515 538 3.2060450031958343
532 536 1.7513136084096503
507 537 0.38602265684584536
518 531 1.6328169387983074
525 537 4.145152023550564
518 526 -0.4184259027266788
526 537 1.0830275858277314
518 537 0.3217949194737102
474 540 1.445594446330888
530 540 4.145152023550564
494 539 2.646993557188065
494 532 -0.13248112001244716
532 539 3.10674997290245
518 534 0.03891301945135828
528 535 2.5856857384930256
474 536 1.6908566753683048
534 535 1.347717671142901
520 541 2.7803933118077264
494 543 2.141984057957801
524 533 1.0625402297313233
527 541 2.2275794437459226
505 543 3.10674997290245
536 540 3.3153580262671256
535 542 1.0221648177565306
528 542 1.232765242543629
518 544 -1.7825320036768968
449 518 -1.847139159904398
534 544 -4.145152083743929
449 528 -2.5856858519456853
538 541 2.5856857384930256
522 524 -4.145152083743929
537 544 -5.53733426701854
501 531 -0.5170230248961472
449 542 -5.53733426701854
449 531 -1.8806142848807943
449 501 -1.4710064589046166
497 539 1.9149341938214999
505 539 1.5769599644200505
449 529 -1.8806142848807943
498 548 2.7117470592609445
504 541 1.9149341938214999
497 548 1.5497853865743236
536 539 2.101269714871794
536 547 2.418966462073592
539 543 2.141984057957801
539 543 2.418966462073592
536 546 -0.9053575182618498
449 503 -2.4719661045957224
449 504 -1.847139159904398
515 548 0.9244109312539295
546 547 -0.4839058740936957
533 549 -2.8534722097520193
535 544 -1.5497854889223055
524 545 0.9436225830949259
522 545 -5.53733426701854
524 549 -4.844202616288199
530 550 2.5856857384930256
449 550 -2.8534722097520193
545 549 -5.53733426701854
542 544 -3.5744537730315336
537 552 1.604628978813839
539 546 0.1637791782871667
533 554 -2.6469936768108107
549 554 0.242410407030617
515 553 3.9184427168471876
547 551 2.7803933118077264
525 554 -1.751313725733529
548 553 2.8534721380276795
546 551 0.48390574875928927
538 553 2.0618119072200103
544 552 -2.9316434205780437
536 551 3.4370554399806776
554 557 1.7825318837304605
543 555 2.418966462073592
549 557 3.3153580262671256
525 552 -0.4184259027266788
449 541 -2.22757952790676
539 551 2.93164334365634
552 554 -1.7207670712436016
497 556 1.5497853865743236
539 556 3.2060450031958343
449 544 1.6328169387983074
522 549 -0.8306198826413334
449 538 -3.3153581355547077
449 553 -2.7117471225450083
522 562 3.2060450031958343
549 562 1.5497853865743236
548 556 1.9501526258096291
530 536 1.604628978813839
554 558 1.7513136084096503
552 558 -3.43705550120135
548 559 2.184051378192568
556 559 2.646993557188065
522 561 0.5170228985401271
553 559 2.5856857384930256
522 562 1.0221648177565306
561 562 3.574453703354731
557 558 1.8144599138640842
539 555 0.6181436068748636
549 563 0.5672301020452246
449 552 -3.732408358890588
543 564 -0.3860227795812654
555 560 2.7803933118077264
557 563 2.7803933118077264
539 564 1.210635526973574
555 564 2.5856857384930256
539 560 0.6698459156176995
562 563 3.015725255756913
558 563 2.5274488884529975
551 568 3.3153580262671256
539 568 1.72076695640305
536 566 1.0830275858277314
530 566 1.7513136084096503
552 567 -0.8864566941706382
563 567 0.22663210648628773
449 567 -1.2551670218420983
556 565 1.6908566753683048
559 565 3.7324082779400585
550 566 0.9629978960423582
539 565 2.8534721380276795
539 555 -0.038913137770452355
522 572 0.48390574875928927
539 576 1.445594446330888
568 576 4.145152023550564
449 563 1.6615501074318497
449 559 -5.53733426701854
536 571 3.3153580262671256
562 572 1.7825318837304605
449 569 1.7513136084096503
551 571 2.646993557188065
559 570 2.7117470592609445
449 570 -2.5856858519456853
563 574 2.5274488884529975
568 573 2.646993557188065
565 576 3.7324082779400585
449 577 1.5497853865743236
569 577 2.646993557188065
563 577 2.646993557188065
449 577 1.9149341938214999
449 563 1.6615501074318497
571 575 -3.2060451019615273
536 575 -0.19515772478657212
449 574 1.5230823357393546
565 570 1.880614156109223
573 579 -0.6525189378391278
449 536 -1.7825320036768968
449 566 -1.6328170469254393
568 579 -3.732408358890588
568 579 -3.5744537730315336
562 581 1.445594446330888
562 574 0.5170228985401271
449 575 -1.1457782950449733
572 581 1.0022628750411067
562 580 1.4968293639808472
574 580 2.7117470592609445
449 580 2.023523983245292
576 578 1.4968293639808472
580 581 2.4719660016221714
568 578 1.3008299128497565
449 571 -3.106750063060895
449 551 -1.6615502176829433
568 585 -1.6328170469254393
579 585 -0.14812115655181013
578 585 -0.5672302300910688
570 584 0.023345926266394867
565 584 -0.4839058740936957
449 584 1.3008299128497565
581 583 2.418966462073592
576 582 3.574453703354731
568 578 1.0422550037182607
565 582 3.9184427168471876
449 581 1.7825318837304605
449 568 0.33778526158074773
583 586 1.4205758640846524
449 578 1.347717671142901
449 576 -5.53733426701854
581 588 2.7117470592609445
449 588 1.5230823357393546
581 586 0.1794573777347761
581 587 1.0022628750411067
586 587 1.445594446330888
587 588 1.9501526258096291
449 565 -2.4719661045957224
565 576 1.7825318837304605
588 589 0.7224263377855422
586 591 1.4205758640846524
565 592 0.5672301020452246
587 591 -0.2899342369326745
449 592 2.31951701078773
588 591 0.8122799937741847
576 590 0.03891301945135828
449 590 0.40219817433836536
576 592 -1.324114566604422
589 591 1.0625402297313233
590 592 0.3058452631148958
588 591 0.8490926297285697
449 591 -1.042255157127819
449 593 0.2582187931706581
591 593 2.646993557188065
449 594 2.5856857384930256
449 595 0.21088184704301205
593 595 1.471006361575077
591 595 1.6908566753683048
449 591 -0.0544849469084292
591 594 0.6352858046593717
449 596 0.274059332246233
591 596 2.7803933118077264
595 596 0.7401648358628796
449 591 0.5504197869721676
591 597 2.141984057957801
449 597 0.8306197427665889
449 598 1.986327796610479
597 598 1.0422550037182607
591 598 2.184051378192568
449 591 1.2778513804684322
449 599 -3.43705550120135
591 600 1.347717671142901
591 599 -4.43612156009328
599 600 -4.844202616288199
591 599 -4.43612156009328
