MULTICUT
4 7 0.2899341161553104
1 7 1.4968293639808472
1 39 -0.5004308444200505
6 39 2.2726891994400433
6 8 1.880614156109223
3 8 -0.6872706606037844
0 3 2.368217406966919
0 2 -0.5170230248961472
2 5 2.7117470592609445
0 5 3.574453703354731
3 5 2.5856857384930256
1 9 0.13248100121840833
5 16 3.7324082779400585
6 13 2.7803933118077264
8 13 2.646993557188065
3 12 1.72076695640305
8 10 -0.9436227297103521
3 11 2.2275794437459226
11 12 5.537334267018537
1 15 1.986327796610479
9 15 1.3716527928075883
9 39 -0.007781779532672672
8 14 0.22663210648628773
3 14 1.124638707269666
5 17 -3.9184428135768994
1 23 -1.083027742309897
1 19 0.6872705278045488
8 27 -0.6872706606037844
16 17 -4.43612156009328
10 27 -0.4347079946705643
14 27 -0.5004308444200505
7 22 -0.353818619728701
1 20 -0.13248112001244716
14 18 0.9244109312539295
4 22 1.232765242543629
19 23 0.5504197869721676
18 27 2.141984057957801
1 22 -0.867703438765498
20 23 0.652518806521984
10 21 -0.11685724657693086
8 21 -0.6872706606037844
23 33 1.0221648177565306
1 25 -0.9244110766470177
9 24 1.8471390342477205
20 33 0.8864565510992328
19 25 4.436121480203944
15 24 1.7825318837304605
21 27 2.5856857384930256
1 32 0.35381849771398977
20 32 2.023523983245292
15 25 3.2060450031958343
3 18 1.9501526258096291
1 28 0.9629978960423582
28 32 2.368217406966919
24 39 -0.7047962700763302
1 30 1.6908566753683048
6 8 2.368217406966919
8 29 3.3153580262671256
21 29 -0.4184259027266788
28 30 1.0221648177565306
32 33 3.9184427168471876
1 31 -0.33778538326100627
11 27 1.4205758640846524
12 27 2.101269714871794
17 26 -2.8534722097520193
16 26 0.38602265684584536
22 31 2.646993557188065
3 27 2.5274488884529975
16 35 -2.22757952790676
30 31 2.4719660016221714
5 35 -4.43612156009328
3 34 4.145152023550564
24 25 2.2726891994400433
3 27 3.10674997290245
19 39 -0.4674454634335292
27 29 0.41842577919951873
16 37 -3.732408358890588
16 38 -5.53733426701854
37 38 2.5856857384930256
23 39 -0.5504199144331001
33 39 4.436121480203944
35 37 -1.042255157127819
26 38 -2.7803933790295874
25 40 1.6908566753683048
24 40 -0.25821891342749526
35 36 1.986327796610479
39 40 -1.7207670712436016
36 37 2.141984057957801
5 47 -3.9184428135768994
26 43 -0.7401649710893459
38 43 4.145152023550564
27 41 0.7759821143416219
5 45 -5.53733426701854
45 47 2.93164334365634
6 44 0.41842577919951873
8 42 3.3153580262671256
3 46 -2.5274489963885465
34 46 -0.24241052705099042
39 44 -2.7803933790295874
35 48 -0.21088196663715686
5 34 2.646993557188065
5 48 -1.1246387871621042
5 53 -3.9184428135768994
47 53 3.9184427168471876
36 48 1.471006361575077
39 49 2.93164334365634
19 49 1.7513136084096503
27 46 -0.722426472174637
37 48 -0.22663222628581936
4 32 4.844202556684481
4 28 3.2060450031958343
6 50 -0.08565028243590467
41 51 1.4205758640846524
27 51 -1.4455945421327967
44 50 3.015725255756913
8 52 -1.2778514672160726
42 52 2.2726891994400433
38 48 -0.8490927706325437
39 50 -1.8806142848807943
4 31 0.48390574875928927
4 33 2.418966462073592
8 50 -0.24241052705099042
25 39 -1.751313725733529
5 56 -3.2060451019615273
38 57 1.604628978813839
43 57 2.023523983245292
46 51 -0.22663222628581936
48 56 2.0618119072200103
28 31 0.2582187931706581
51 63 2.101269714871794
46 63 0.7047961364960313
8 60 -3.2060451019615273
52 60 0.7940688968903633
29 61 1.5230823357393546
45 55 3.9184427168471876
19 39 -0.8864566941706382
41 63 1.471006361575077
48 57 -0.007781779532672672
19 54 1.880614156109223
39 54 -0.22663222628581936
19 58 2.023523983245292
27 59 1.880614156109223
27 61 1.9501526258096291
47 55 1.7513136084096503
49 58 4.145152023550564
27 63 0.07006324471763459
54 58 0.8306197427665889
59 63 0.274059332246233
59 62 3.4370554399806776
62 63 -0.08565028243590467
34 45 -4.844202616288199
8 71 0.242410407030617
34 65 3.015725255756913
57 67 3.574453703354731
60 71 0.9244109312539295
50 75 2.8534721380276795
8 75 -3.5744537730315336
55 66 2.5856857384930256
5 48 -1.690856787854381
52 68 -0.22663222628581936
42 68 0.9629978960423582
34 64 2.184051378192568
47 66 2.8534721380276795
60 68 1.188767543534301
46 64 -0.33778538326100627
34 55 -4.844202616288199
47 69 2.2275794437459226
39 58 3.574453703354731
55 65 -4.844202616288199
63 64 0.1637791782871667
42 63 -0.2899342369326745
8 63 2.5856857384930256
5 70 -1.4710064589046166
71 75 1.232765242543629
63 68 0.40219817433836536
48 70 -0.7580155848378691
8 74 0.5672301020452246
27 63 -2.1012697910023577
61 63 1.7513136084096503
27 62 0.41842577919951873
57 70 -2.023524054927849
8 73 2.141984057957801
29 74 -0.27405945275533616
57 72 3.10674997290245
73 74 1.986327796610479
61 74 2.418966462073592
67 72 1.3716527928075883
64 65 0.22663210648628773
66 69 0.7940688968903633
60 78 -1.2327653271421226
71 78 0.6872705278045488
65 76 3.3153580262671256
57 77 3.2060450031958343
68 78 2.101269714871794
55 69 3.3153580262671256
39 75 -3.106750063060895
70 100 -2.2726892867301896
53 69 2.4719660016221714
67 77 0.19515760538251437
55 76 -5.53733426701854
5 100 -3.732408358890588
72 77 3.015725255756913
64 76 -0.40219829746062086
63 78 1.8144599138640842
63 73 0.8306197427665889
63 76 0.45104689322786395
57 100 2.7803933118077264
5 83 0.8490926297285697
61 73 0.4674453385798212
53 83 -5.53733426701854
39 102 -4.43612156009328
39 93 -5.53733426701854
75 93 -0.4347079946705643
63 80 1.0422550037182607
75 78 -0.32179504083642385
75 94 -0.11685724657693086
73 87 -0.353818619728701
63 88 0.3058452631148958
76 88 0.1637791782871667
76 79 3.3153580262671256
63 87 0.4347078707200993
79 88 1.8144599138640842
75 141 -0.305845384176723
75 82 3.10674997290245
78 82 -0.7759822513321553
94 141 1.5497853865743236
61 87 1.5230823357393546
80 88 1.8471390342477205
57 81 0.1168571278983801
72 81 2.8534721380276795
39 96 -2.6469936768108107
78 86 2.8534721380276795
95 100 0.7047961364960313
72 89 2.101269714871794
77 89 2.646993557188065
55 79 -5.53733426701854
5 95 -3.43705550120135
39 91 -3.3153581355547077
39 84 2.368217406966919
75 85 2.184051378192568
91 96 1.124638707269666
85 93 0.41842577919951873
39 101 -3.106750063060895
77 90 -3.732408358890588
96 101 -0.22663222628581936
81 100 2.5274488884529975
78 97 -1.167151619412428
55 98 2.368217406966919
83 92 0.48390574875928927
5 92 -2.7803933790295874
82 97 3.7324082779400585
86 97 1.986327796610479
55 104 3.9184427168471876
92 95 0.5672301020452246
93 102 2.5856857384930256
82 141 0.652518806521984
63 86 3.9184427168471876
53 55 2.93164334365634
89 90 -2.023524054927849
4 109 -1.420575958424365
4 99 -1.0022630255891705
84 101 0.13248100121840833
85 94 2.646993557188065
63 103 3.015725255756913
84 102 -4.844202616288199
81 89 -0.007781779532672672
98 104 2.8534721380276795
33 105 1.1671515377428254
83 106 1.5230823357393546
90 108 -0.7759822513321553
53 106 -4.43612156009328
92 106 -2.5856858519456853
89 100 -0.353818619728701
99 109 -3.2060451019615273
39 131 -3.0157253387444354
89 108 0.7047961364960313
91 131 0.023345926266394867
100 108 -0.4184259027266788
93 115 0.21088184704301205
107 141 3.9184427168471876
85 115 0.1794573777347761
94 107 4.145152023550564
97 141 -3.732408358890588
4 124 -1.914934325902037
33 124 -1.690856787854381
53 98 3.7324082779400585
100 114 -2.1012697910023577
96 131 4.844202556684481
94 115 1.4968293639808472
95 106 -2.5274489963885465
108 114 1.986327796610479
86 110 2.5856857384930256
63 110 1.1457782142804072
106 116 1.1457782142804072
95 116 -4.844202616288199
105 124 0.5841188470777665
102 115 2.0618119072200103
99 125 -0.6698460476628039
4 117 -3.5744537730315336
80 111 -0.36989699244014895
88 111 2.4719660016221714
100 112 1.4968293639808472
100 113 2.31951701078773
117 125 1.9501526258096291
103 110 0.7940688968903633
63 111 -0.32179504083642385
95 112 -0.6872706606037844
112 113 2.8534721380276795
97 121 -2.0618119810484816
79 111 0.6352858046593717
121 141 3.574453703354731
4 119 -3.2060451019615273
109 125 5.537334267018537
117 119 1.0422550037182607
55 111 -5.53733426701854
55 118 -3.732408358890588
104 118 -3.9184428135768994
101 102 -4.43612156009328
86 121 -2.5856858519456853
112 116 -2.9316434205780437
103 122 -1.0022630255891705
96 102 2.0618119072200103
110 122 -0.22663222628581936
113 114 0.5504197869721676
53 104 3.4370554399806776
63 122 -5.53733426701854
119 125 1.5497853865743236
4 125 -3.3153581355547077
4 127 -4.43612156009328
102 120 2.418966462073592
106 128 -5.53733426701854
124 127 3.9184427168471876
115 120 2.023523983245292
53 128 -1.690856787854381
63 129 -4.844202616288199
111 123 4.436121480203944
112 114 -0.7759822513321553
122 129 2.7803933118077264
107 115 0.5504197869721676
116 128 -5.53733426701854
114 116 -5.53733426701854
114 132 3.015725255756913
55 133 -4.145152083743929
53 126 2.7803933118077264
125 127 4.436121480203944
55 123 -5.53733426701854
118 133 1.6908566753683048
126 128 -1.0221649697100497
63 130 2.368217406966919
63 123 -0.8306198826413334
105 138 -0.33778538326100627
33 131 -2.1840514594677467
124 138 1.2551669361900215
33 138 -0.8490927706325437
104 133 -5.53733426701854
114 128 -0.533685124626992
86 141 -3.5744537730315336
131 138 2.023523983245292
107 120 3.7324082779400585
110 150 -3.2060451019615273
122 150 -0.5170230248961472
127 138 3.015725255756913
141 150 4.145152023550564
120 141 1.72076695640305
122 135 1.4205758640846524
135 150 1.986327796610479
133 137 1.9501526258096291
104 137 -5.53733426701854
102 141 3.574453703354731
63 136 2.5856857384930256
129 135 1.347717671142901
129 134 3.7324082779400585
63 140 -1.2778514672160726
55 146 -3.2060451019615273
129 140 1.0422550037182607
123 146 -3.106750063060895
53 139 2.4719660016221714
53 137 -4.145152083743929
63 142 1.9149341938214999
130 142 1.7825318837304605
133 143 1.6615501074318497
137 143 -1.4968294629075651
114 126 2.2726891994400433
96 141 1.72076695640305
134 135 0.33778526158074773
63 146 -5.53733426701854
137 139 -3.2060451019615273
53 144 3.7324082779400585
133 146 1.9149341938214999
134 150 0.8864565510992328
63 142 0.9629978960423582
129 150 2.2275794437459226
96 147 3.7324082779400585
133 145 3.2060450031958343
143 145 0.45104689322786395
131 147 3.3153580262671256
63 149 2.5274488884529975
131 148 -1.167151619412428
136 155 -1.690856787854381
143 151 -2.22757952790676
137 151 3.9184427168471876
138 148 0.40219817433836536
63 155 -1.914934325902037
145 151 1.7513136084096503
126 144 1.6328169387983074
109 153 4.145152023550564
53 126 3.3153580262671256
131 172 -1.914934325902037
148 172 -0.08565028243590467
141 154 1.445594446330888
142 155 -1.7207670712436016
63 155 -0.867703438765498
139 151 -3.9184428135768994
136 140 -0.8864566941706382
149 155 -2.5856858519456853
109 152 3.574453703354731
141 172 2.2726891994400433
140 155 -0.618143736811748
154 172 0.7759821143416219
109 168 3.10674997290245
131 158 -0.6010891274007599
152 153 1.986327796610479
125 152 1.3716527928075883
158 172 1.7825318837304605
53 151 -4.43612156009328
125 168 2.646993557188065
53 159 -5.53733426701854
151 159 1.8144599138640842
129 155 3.9184427168471876
63 156 -1.3008300007371676
152 168 3.10674997290245
147 158 0.38602265684584536
96 172 -1.2106356105583946
127 148 -1.042255157127819
147 172 0.1168571278983801
127 165 1.4205758640846524
125 165 0.8677032967963991
127 172 -1.420575958424365
149 156 -1.60462908492035
153 168 2.93164334365634
63 161 -5.53733426701854
146 161 -1.371652884404361
127 157 1.3241144775306468
141 172 -0.27405945275533616
150 160 4.844202556684481
53 162 -4.145152083743929
126 162 -1.7207670712436016
114 162 -5.53733426701854
157 165 0.8122799937741847
53 163 -1.3477177614522067
159 163 -0.867703438765498
129 160 3.10674997290245
149 164 2.7117470592609445
156 164 2.101269714871794
162 163 -2.5856858519456853
125 172 -0.8490927706325437
157 172 -0.0544849469084292
141 170 2.93164334365634
165 172 0.6872705278045488
170 172 2.4719660016221714
145 146 1.347717671142901
168 172 0.9244109312539295
167 168 0.4347078707200993
156 169 1.8144599138640842
63 169 0.5504197869721676
114 166 2.184051378192568
161 171 -0.27405945275533616
146 171 0.007781661256567096
159 173 -5.53733426701854
141 160 3.9184427168471876
155 160 3.2060450031958343
114 159 -4.844202616288199
114 173 2.31951701078773
114 163 -2.6469936768108107
145 171 -0.635285935274005
145 178 -0.867703438765498
171 178 0.10124748840924536
168 174 2.7117470592609445
151 173 -5.53733426701854
167 174 1.2551669361900215
63 171 -5.53733426701854
63 177 0.023345926266394867
164 169 0.5504197869721676
145 173 -5.53733426701854
149 169 1.124638707269666
145 181 -5.53733426701854
166 175 0.7759821143416219
169 177 2.31951701078773
173 181 2.8534721380276795
114 175 -1.2551670218420983
168 176 5.537334267018537
168 179 3.9184427168471876
114 181 3.10674997290245
114 175 -1.2778514672160726
149 177 1.0830275858277314
171 181 -2.22757952790676
178 181 -1.0022630255891705
175 180 -1.371652884404361
114 180 -4.43612156009328
141 149 -1.0625403846496646
149 160 -1.1457782950449733
149 170 3.574453703354731
63 181 -5.53733426701854
167 186 0.1637791782871667
174 186 -3.106750063060895
168 182 2.184051378192568
175 185 -1.0221649697100497
114 185 2.5856857384930256
180 185 -3.5744537730315336
172 188 -4.43612156009328
63 114 -5.53733426701854
168 186 -2.7117471225450083
168 184 0.9629978960423582
182 184 -0.4347079946705643
172 184 -0.618143736811748
179 186 -1.042255157127819
160 189 0.41842577919951873
114 183 2.5856857384930256
176 179 3.3153580262671256
172 196 1.445594446330888
155 191 -0.5504199144331001
176 182 2.184051378192568
188 196 -0.7047962700763302
114 187 -2.6469936768108107
149 191 1.7825318837304605
180 187 0.8490926297285697
184 190 -0.24241052705099042
160 191 3.574453703354731
180 193 -1.6328170469254393
182 190 2.4719660016221714
149 189 1.0830275858277314
63 149 -0.9436227297103521
185 193 0.3058452631148958
172 190 -3.732408358890588
172 195 -3.732408358890588
172 188 -4.844202616288199
149 194 2.2726891994400433
188 190 3.7324082779400585
188 195 4.145152023550564
189 191 1.0830275858277314
114 149 -5.53733426701854
183 187 -2.1419841365639445
172 197 -5.53733426701854
187 193 0.6010889981175147
170 197 -0.5504199144331001
186 192 4.436121480203944
172 206 -4.43612156009328
197 206 -1.5497854889223055
176 186 1.103724552883528
172 203 -4.145152083743929
172 204 -0.4839058740936957
114 199 2.7803933118077264
203 204 2.646993557188065
170 200 1.5497853865743236
114 187 -1.5497854889223055
185 198 2.7803933118077264
114 198 2.31951701078773
197 200 2.141984057957801
186 202 -2.5856858519456853
182 186 3.2060450031958343
114 193 -1.0625403846496646
193 201 -2.4719661045957224
185 201 -4.844202616288199
192 202 -4.844202616288199
198 201 -5.53733426701854
186 190 2.93164334365634
196 203 -1.1246387871621042
186 205 4.436121480203944
188 204 2.7803933118077264
196 204 0.45104689322786395
172 208 -4.43612156009328
204 208 -0.36989699244014895
206 208 0.5672301020452246
149 200 2.5274488884529975
186 209 0.45104689322786395
188 211 4.436121480203944
202 209 -1.847139159904398
186 202 -3.5744537730315336
167 209 1.1457782142804072
186 213 -3.3153581355547077
197 210 1.7825318837304605
202 213 1.0221648177565306
206 210 0.35381849771398977
188 207 3.9184427168471876
200 210 1.4205758640846524
114 201 -5.53733426701854
202 212 1.5497853865743236
209 212 -3.43705550120135
207 211 3.4370554399806776
204 211 4.145152023550564
167 215 -1.2551670218420983
209 215 -2.22757952790676
186 214 -2.9316434205780437
213 214 -1.6615502176829433
205 214 0.6352858046593717
212 213 3.10674997290245
205 233 -3.106750063060895
206 216 2.5856857384930256
210 216 1.7513136084096503
149 217 1.9149341938214999
199 226 -2.1012697910023577
204 206 -1.3959339919795308
214 219 -1.7207670712436016
205 219 -4.145152083743929
198 218 -3.9184428135768994
114 226 -3.5744537730315336
190 233 -2.8534722097520193
201 218 -0.13248112001244716
149 231 -5.53733426701854
149 220 -5.53733426701854
114 218 -2.7803933790295874
114 229 -3.0157253387444354
212 215 0.8122799937741847
220 231 0.8677032967963991
114 231 2.31951701078773
218 229 -1.4968294629075651
226 229 3.2060450031958343
219 233 3.3153580262671256
215 227 0.7940688968903633
149 224 -0.635285935274005
149 222 -3.106750063060895
188 211 2.368217406966919
217 220 -5.53733426701854
206 221 1.2551669361900215
149 236 -1.4455945421327967
204 221 0.5336849977291656
224 236 3.10674997290245
188 228 4.436121480203944
216 221 1.9149341938214999
190 228 3.9184427168471876
190 234 -2.7117471225450083
222 236 1.124638707269666
201 223 0.03891301945135828
218 223 1.6908566753683048
233 234 0.7224263377855422
213 219 -0.24241052705099042
200 224 2.4719660016221714
149 230 -3.3153581355547077
149 225 0.33778526158074773
210 221 2.368217406966919
225 230 1.0221648177565306
212 232 1.5769599644200505
188 204 4.145152023550564
222 230 0.7940688968903633
215 232 1.3959338990403656
212 219 2.8534721380276795
225 237 -0.13248112001244716
149 237 -4.145152083743929
217 237 -2.1840514594677467
114 223 -3.732408358890588
227 232 2.418966462073592
212 238 2.7117470592609445
200 236 3.9184427168471876
223 229 -1.9501526936104758
232 238 3.9184427168471876
223 235 0.5170228985401271
229 235 0.08565016394454328
114 235 -2.1012697910023577
204 236 2.4719660016221714
225 239 2.7117470592609445
226 253 2.184051378192568
221 236 1.1671515377428254
230 239 0.3217949194737102
233 241 1.445594446330888
230 236 -1.914934325902037
219 241 1.471006361575077
220 237 -5.53733426701854
210 236 2.5856857384930256
228 234 -2.5274489963885465
228 248 -3.43705550120135
234 248 -0.9629980439232386
236 239 3.10674997290245
237 239 -0.24241052705099042
232 244 1.6328169387983074
231 245 2.7117470592609445
235 240 0.652518806521984
229 240 -2.1419841365639445
234 241 -0.618143736811748
241 248 3.7324082779400585
236 242 0.5672301020452246
240 243 0.07006324471763459
229 243 -4.43612156009328
226 243 -2.368217501379304
212 241 2.5856857384930256
228 257 -4.145152083743929
235 246 -0.17945749696390423
248 257 2.0618119072200103
114 246 -2.6469936768108107
240 246 -0.40219829746062086
238 247 1.9501526258096291
212 247 4.436121480203944
243 253 -3.732408358890588
238 244 1.8471390342477205
204 254 -2.319517101482562
204 249 4.145152023550564
236 267 1.0022628750411067
242 267 4.145152023550564
236 267 0.7047961364960313
243 246 -1.1246387871621042
204 250 3.015725255756913
236 250 0.5336849977291656
236 251 3.2060450031958343
245 262 -4.145152083743929
231 262 -3.732408358890588
228 248 -2.319517101482562
246 252 -0.4347079946705643
212 248 2.646993557188065
220 239 -4.844202616288199
243 252 1.347717671142901
238 260 1.604628978813839
204 228 2.184051378192568
204 258 1.4205758640846524
204 255 1.2551669361900215
249 255 3.10674997290245
236 259 -0.24241052705099042
114 256 1.5230823357393546
244 260 3.015725255756913
254 258 -3.106750063060895
250 259 3.4370554399806776
236 261 -2.023524054927849
247 260 1.188767543534301
220 245 2.7117470592609445
231 256 1.1457782142804072
261 267 2.0618119072200103
228 254 -0.7759822513321553
255 258 1.445594446330888
114 252 -2.7803933790295874
204 270 -5.53733426701854
236 263 -0.36989699244014895
236 265 -0.21088196663715686
259 263 4.844202556684481
251 265 1.445594446330888
239 251 1.9149341938214999
204 264 1.986327796610479
236 267 1.9149341938214999
239 266 0.7047961364960313
264 270 -5.53733426701854
252 253 -2.368217501379304
244 247 -0.353818619728701
228 278 -3.732408358890588
204 273 -5.53733426701854
251 266 0.242410407030617
212 244 -0.07006336313715722
248 278 3.015725255756913
264 273 -3.732408358890588
263 267 2.5856857384930256
265 266 3.3153580262671256
114 253 -3.9184428135768994
220 279 -3.732408358890588
265 267 2.646993557188065
239 279 -1.847139159904398
212 268 1.0422550037182607
220 277 -3.106750063060895
245 280 -5.53733426701854
262 280 3.4370554399806776
114 271 2.5274488884529975
277 279 -2.7117471225450083
254 269 -0.16377929735639296
258 269 -2.5274489963885465
204 255 2.368217406966919
114 274 1.9501526258096291
114 275 2.184051378192568
248 268 2.93164334365634
271 275 3.10674997290245
244 268 2.7117470592609445
256 262 -4.844202616288199
228 272 -1.3008300007371676
254 272 -1.690856787854381
266 276 -4.43612156009328
239 276 -5.53733426701854
255 273 -3.43705550120135
258 303 -4.844202616288199
255 303 -4.43612156009328
220 280 -4.43612156009328
269 272 1.0625402297313233
269 303 -2.7803933790295874
276 279 -0.19515772478657212
228 283 -2.8534722097520193
273 284 1.347717671142901
264 284 -2.4719661045957224
264 286 -4.145152083743929
270 286 4.436121480203944
204 294 -4.43612156009328
250 294 -5.53733426701854
266 287 -5.53733426701854
114 288 1.604628978813839
278 283 1.880614156109223
276 287 3.10674997290245
275 288 3.574453703354731
266 281 2.368217406966919
259 267 0.19515760538251437
271 274 2.93164334365634
204 289 0.242410407030617
204 300 -1.9501526936104758
265 281 3.015725255756913
114 282 1.3241144775306468
289 300 -0.533685124626992
294 300 1.1671515377428254
250 267 2.141984057957801
270 289 -2.368217501379304
272 285 2.0618119072200103
269 285 3.4370554399806776
255 284 -4.43612156009328
266 290 2.5856857384930256
266 291 -2.6469936768108107
114 296 2.2726891994400433
281 290 3.9184427168471876
287 291 -0.32179504083642385
288 296 2.7803933118077264
267 281 3.574453703354731
220 306 -1.60462908492035
284 286 1.0022628750411067
277 306 -0.27405945275533616
248 292 3.3153580262671256
262 295 2.646993557188065
114 262 -5.53733426701854
280 295 3.574453703354731
255 305 -3.106750063060895
303 305 3.7324082779400585
244 320 1.880614156109223
269 297 1.210635526973574
297 303 -3.2060451019615273
284 305 2.646993557188065
283 293 3.9184427168471876
272 309 0.45104689322786395
283 309 -3.9184428135768994
253 296 -2.8534722097520193
268 320 1.188767543534301
284 299 0.6872705278045488
270 298 0.6698459156176995
266 312 -2.8534722097520193
276 304 -0.7580155848378691
279 304 -1.5769600686022973
278 293 1.210635526973574
286 299 3.10674997290245
289 298 -3.43705550120135
287 304 0.7759821143416219
284 303 3.10674997290245
250 311 -5.53733426701854
267 311 -5.53733426701854
291 327 -3.9184428135768994
253 308 -0.4347079946705643
299 303 3.3153580262671256
286 298 -0.17945749696390423
290 312 -3.43705550120135
268 302 3.2060450031958343
248 293 1.3241144775306468
291 301 1.3959338990403656
287 301 -0.635285935274005
280 307 2.93164334365634
302 320 1.9501526258096291
298 299 1.3008299128497565
266 327 -5.53733426701854
248 302 2.8534721380276795
294 311 2.418966462073592
312 327 -2.1419841365639445
301 327 -4.43612156009328
277 304 -0.4674454634335292
285 317 -1.986327866288225
282 295 -5.53733426701854
309 317 -0.618143736811748
269 317 -1.8806142848807943
296 308 -2.5274489963885465
292 314 0.7401648358628796
292 323 1.0221648177565306
269 315 0.38602265684584536
297 310 0.8306197427665889
280 313 1.3008299128497565
248 314 3.3153580262671256
314 323 2.101269714871794
315 317 -1.6615502176829433
297 315 0.242410407030617
303 310 -3.5744537730315336
307 313 1.7825318837304605
299 318 0.8306197427665889
220 329 -4.145152083743929
310 315 0.8677032967963991
298 318 1.1671515377428254
298 300 -0.7401649710893459
280 329 -3.5744537730315336
295 313 0.9629978960423582
267 335 -5.53733426701854
304 319 -1.167151619412428
277 319 -0.13248112001244716
277 316 0.03891301945135828
306 316 1.471006361575077
311 335 1.604628978813839
293 328 0.33778526158074773
114 295 -4.145152083743929
274 295 -5.53733426701854
274 337 -4.43612156009328
271 337 -4.43612156009328
248 323 3.3153580262671256
248 328 4.145152023550564
294 298 0.3217949194737102
316 319 0.8490926297285697
306 329 -1.042255157127819
294 322 3.015725255756913
295 337 1.5497853865743236
298 322 2.646993557188065
302 323 -0.25821891342749526
281 326 2.141984057957801
287 327 1.0830275858277314
271 341 -4.844202616288199
271 345 -4.145152083743929
320 323 3.4370554399806776
248 323 1.6615501074318497
283 328 1.124638707269666
281 335 -5.53733426701854
337 341 2.368217406966919
315 321 0.38602265684584536
281 350 -5.53733426701854
306 500 -2.023524054927849
329 500 -0.867703438765498
307 324 1.7513136084096503
313 324 0.7224263377855422
295 324 4.145152023550564
271 364 -5.53733426701854
275 346 -4.844202616288199
317 321 -1.1037246319352672
335 350 3.7324082779400585
341 364 2.7803933118077264
345 364 3.7324082779400585
275 345 -5.53733426701854
303 336 2.93164334365634
299 336 2.7117470592609445
290 331 -0.023346044556825873
312 331 -1.2327653271421226
312 353 -2.8534722097520193
346 347 1.3241144775306468
275 347 -4.145152083743929
275 351 -5.53733426701854
288 351 -4.43612156009328
327 353 2.646993557188065
306 319 -0.21088196663715686
345 346 3.9184427168471876
347 351 1.8471390342477205
310 325 -0.08565028243590467
288 358 -4.43612156009328
296 358 -5.53733426701854
321 325 -0.618143736811748
303 325 -3.43705550120135
281 331 -1.1887676261434261
331 353 -4.43612156009328
351 358 -0.6010891274007599
299 332 3.015725255756913
281 339 -3.3153581355547077
331 339 -0.13248112001244716
304 354 -1.690856787854381
280 324 3.2060450031958343
296 359 -5.53733426701854
308 359 -4.43612156009328
308 379 -2.5274489963885465
253 360 -3.732408358890588
358 359 1.445594446330888
308 360 -3.3153581355547077
248 283 1.6328169387983074
303 330 1.2778513804684322
318 333 0.1481210376275779
322 342 3.3153580262671256
325 330 -2.023524054927849
298 333 -1.1457782950449733
298 342 2.31951701078773
287 354 -3.3153581355547077
319 354 -4.43612156009328
319 500 -3.2060451019615273
359 379 3.9184427168471876
360 379 2.7117470592609445
320 348 3.2060450031958343
330 349 0.8122799937741847
294 338 1.3959338990403656
351 362 1.0221648177565306
325 349 -1.167151619412428
327 354 -5.53733426701854
358 362 1.6328169387983074
309 356 -0.07006336313715722
311 334 3.7324082779400585
329 340 0.9053573740495944
317 356 0.22663210648628773
340 500 -0.6698460476628039
295 343 2.418966462073592
337 344 2.0618119072200103
318 332 -0.6872706606037844
337 343 3.2060450031958343
341 344 1.6615501074318497
321 352 0.38602265684584536
325 352 -0.27405945275533616
281 367 -4.844202616288199
332 333 -0.7759822513321553
321 361 -0.6872706606037844
281 368 -1.914934325902037
326 368 -0.9629980439232386
317 361 1.4205758640846524
352 361 -0.4510470176203887
349 352 0.5504197869721676
350 367 1.3241144775306468
311 350 2.8534721380276795
327 376 -1.1887676261434261
329 373 -3.43705550120135
280 373 3.015725255756913
280 295 2.5856857384930256
295 370 3.574453703354731
295 357 2.184051378192568
337 363 1.6328169387983074
358 379 3.574453703354731
359 379 2.418966462073592
367 368 -2.1012697910023577
354 376 -1.7207670712436016
340 373 -0.8306198826413334
343 357 2.93164334365634
344 363 2.141984057957801
348 355 2.368217406966919
320 355 2.7803933118077264
309 375 0.4347078707200993
327 369 -2.0618119810484816
248 320 2.7117470592609445
248 375 -2.319517101482562
281 353 -4.844202616288199
339 353 -0.023346044556825873
332 336 0.1794573777347761
354 500 -2.4719661045957224
303 366 3.9184427168471876
280 370 4.145152023550564
360 374 2.2275794437459226
336 366 1.188767543534301
344 364 2.5856857384930256
248 365 2.8534721380276795
356 381 1.5230823357393546
349 382 -3.732408358890588
330 382 -1.9501526936104758
330 383 -2.418966560561031
342 372 2.646993557188065
368 401 -1.371652884404361
281 390 -2.1419841365639445
343 363 1.4968293639808472
375 381 1.1671515377428254
356 361 -0.4510470176203887
382 383 1.0221648177565306
303 383 -3.9184428135768994
367 401 -0.6010891274007599
353 390 1.232765242543629
369 376 -0.7401649710893459
294 388 -3.732408358890588
311 388 -4.43612156009328
369 384 -0.17945749696390423
376 384 0.2899341161553104
295 380 3.10674997290245
359 371 1.986327796610479
357 380 2.7117470592609445
333 408 -0.7047962700763302
298 409 -0.7759822513321553
322 387 -3.3153581355547077
294 387 -5.53733426701854
338 388 -2.319517101482562
311 389 -4.844202616288199
334 389 -4.43612156009328
326 402 -2.22757952790676
281 402 -2.4719661045957224
352 382 -2.22757952790676
333 409 -0.16377929735639296
338 387 -2.418966560561031
390 402 2.2275794437459226
353 369 -1.914934325902037
371 379 3.015725255756913
361 386 -1.1457782950449733
352 386 1.6908566753683048
336 393 -4.43612156009328
332 393 -3.3153581355547077
334 424 -3.732408358890588
368 402 -3.5744537730315336
351 377 0.5504197869721676
362 378 1.9501526258096291
361 381 -1.042255157127819
393 408 0.5841188470777665
408 409 -0.7047962700763302
389 424 0.4674453385798212
370 380 2.5856857384930256
346 364 1.9149341938214999
347 377 0.22663210648628773
377 378 0.6872705278045488
248 392 -0.19515772478657212
322 372 -0.7759822513321553
387 388 -1.083027742309897
357 394 0.9244109312539295
320 392 -0.5672302300910688
366 393 -4.844202616288199
372 387 -2.5856858519456853
388 389 -1.371652884404361
334 350 -1.3959339919795308
376 500 -1.847139159904398
343 394 1.604628978813839
363 364 0.5336849977291656
320 395 0.242410407030617
248 397 -0.3860227795812654
298 400 -1.914934325902037
342 400 -2.7803933790295874
372 413 -2.418966560561031
334 414 -4.145152083743929
350 415 -2.5856858519456853
363 403 1.124638707269666
346 391 1.4205758640846524
347 391 1.3959338990403656
378 385 1.7825318837304605
392 395 1.9149341938214999
387 413 -0.24241052705099042
414 424 0.45104689322786395
414 415 1.1457782142804072
364 403 3.7324082779400585
377 385 0.22663210648628773
355 405 -2.6469936768108107
355 406 -0.21088196663715686
320 406 -1.042255157127819
248 407 -1.2327653271421226
248 396 -0.24241052705099042
248 411 0.9244109312539295
375 398 -0.6525189378391278
366 399 2.7803933118077264
350 417 -2.9316434205780437
350 419 -1.690856787854381
363 421 1.471006361575077
364 428 2.7117470592609445
364 410 2.8534721380276795
346 410 3.015725255756913
405 406 0.369896870073811
395 406 1.5230823357393546
396 407 0.22663210648628773
396 397 1.1457782142804072
397 411 1.103724552883528
248 398 -2.22757952790676
366 383 -5.53733426701854
400 409 0.007781661256567096
415 417 -0.25821891342749526
367 419 -2.319517101482562
403 421 2.8534721380276795
377 391 0.9053573740495944
374 379 3.4370554399806776
248 423 0.9629978960423582
365 412 -0.6525189378391278
415 416 0.2899341161553104
416 417 0.7401648358628796
417 418 1.6615501074318497
350 418 -3.732408358890588
367 420 -0.11685724657693086
357 427 2.101269714871794
363 427 2.4719660016221714
362 379 1.0022628750411067
248 412 -1.167151619412428
382 386 -3.43705550120135
419 420 0.007781661256567096
401 420 0.3058452631148958
394 427 4.145152023550564
421 427 3.2060450031958343
378 379 1.445594446330888
348 433 -5.53733426701854
348 439 -3.3153581355547077
248 434 -0.0544849469084292
248 436 0.41842577919951873
401 425 1.4205758640846524
368 425 -0.7759822513321553
353 426 -4.43612156009328
450 500 1.7513136084096503
340 450 1.4205758640846524
391 404 0.9053573740495944
377 404 0.7580154487445683
433 439 -1.1246387871621042
348 405 -3.2060451019615273
407 434 0.6698459156176995
412 423 -0.618143736811748
398 436 -0.8306198826413334
402 425 1.1671515377428254
384 500 -1.324114566604422
385 404 0.274059332246233
379 385 1.445594446330888
423 452 1.8471390342477205
365 441 0.07006324471763459
366 454 -3.732408358890588
342 444 -0.635285935274005
372 444 3.4370554399806776
387 445 1.103724552883528
401 430 0.1794573777347761
353 438 -3.0157253387444354
369 438 -1.1457782950449733
380 463 2.5856857384930256
411 423 2.418966462073592
412 452 -0.8490927706325437
412 441 -0.6010891274007599
393 454 1.210635526973574
400 444 -2.1012697910023577
388 445 0.6352858046593717
420 430 0.10124748840924536
357 463 1.1457782142804072
381 443 -1.5230824363372633
361 443 0.45104689322786395
350 437 -2.1419841365639445
353 449 -2.7117471225450083
353 500 -3.3153581355547077
369 500 -1.9501526936104758
373 462 3.3153580262671256
280 462 2.5856857384930256
370 431 3.2060450031958343
410 429 2.7803933118077264
404 422 1.347717671142901
248 441 0.054484828546315534
386 443 -1.371652884404361
418 437 1.103724552883528
390 449 -1.690856787854381
426 500 -1.60462908492035
280 431 1.8471390342477205
427 463 3.3153580262671256
364 429 1.8471390342477205
346 422 1.124638707269666
392 440 0.35381849771398977
407 435 0.5841188470777665
398 442 -0.5170230248961472
375 442 -0.7047962700763302
381 442 -0.023346044556825873
419 437 1.6908566753683048
343 427 1.7513136084096503
248 440 -1.6615502176829433
396 435 0.4347078707200993
413 445 -1.1457782950449733
438 500 -1.60462908492035
373 450 3.9184427168471876
385 422 0.369896870073811
348 478 -1.2106356105583946
392 451 0.41842577919951873
381 495 -1.5769600686022973
386 518 -0.24241052705099042
383 481 -1.3959339919795308
366 481 -1.4968294629075651
393 459 -1.60462908492035
388 446 1.2778513804684322
388 447 -0.722426472174637
389 476 0.13248100121840833
364 455 1.604628978813839
346 464 2.184051378192568
346 432 1.0221648177565306
422 432 1.0830275858277314
433 478 -3.0157253387444354
440 451 0.982542654754837
436 442 0.8122799937741847
442 495 1.7825318837304605
443 495 3.2060450031958343
443 518 -1.420575958424365
399 454 -4.145152083743929
445 446 0.7224263377855422
446 447 0.10124748840924536
424 476 2.31951701078773
428 455 2.418966462073592
410 464 1.6328169387983074
348 465 -1.690856787854381
405 465 -1.6328170469254393
248 456 -0.722426472174637
434 456 0.38602265684584536
396 467 -0.19515772478657212
397 457 -0.16377929735639296
411 468 0.3217949194737102
412 458 -0.6698460476628039
441 453 0.1637791782871667
248 453 -0.07006336313715722
382 518 -2.2726892867301896
393 460 0.7224263377855422
420 448 1.604628978813839
403 455 1.0022628750411067
395 451 0.35381849771398977
440 456 0.2582187931706581
434 435 1.124638707269666
435 467 0.5504197869721676
396 457 -1.2778514672160726
397 468 -0.023346044556825873
452 458 1.880614156109223
436 453 1.6908566753683048
454 459 0.9053573740495944
459 460 1.188767543534301
430 448 -0.19515772478657212
425 430 -1.2551670218420983
432 464 1.2551669361900215
385 432 0.5170228985401271
348 486 -1.5769600686022973
406 465 0.1481210376275779
399 469 1.0022628750411067
388 461 0.8864565510992328
388 470 -3.106750063060895
389 470 0.242410407030617
416 471 -1.5769600686022973
419 448 -1.0022630255891705
380 506 3.2060450031958343
410 561 2.8534721380276795
439 486 -1.3959339919795308
406 451 0.652518806521984
457 468 -0.16377929735639296
408 460 0.21088184704301205
409 444 -0.5672302300910688
447 461 -0.07006336313715722
461 470 -3.732408358890588
470 476 0.7401648358628796
415 471 -0.9053575182618498
402 449 -2.1419841365639445
463 506 3.2060450031958343
429 561 2.418966462073592
456 466 0.35381849771398977
434 466 0.3058452631148958
383 502 -1.751313725733529
414 477 -0.24241052705099042
415 477 0.3217949194737102
417 471 -0.5672302300910688
418 471 -1.7825320036768968
418 482 -0.36989699244014895
379 432 0.6352858046593717
457 467 -0.4347079946705643
441 458 0.9244109312539295
481 502 0.242410407030617
366 469 0.08565016394454328
471 482 0.1794573777347761
437 448 -1.1457782950449733
421 455 2.93164334365634
382 475 1.210635526973574
383 475 -0.8490927706325437
399 503 -1.8144600365838361
414 489 -0.14812115655181013
437 485 0.9436225830949259
448 485 -1.0221649697100497
425 491 -0.9825428039459942
402 491 -2.7803933790295874
353 500 -2.0618119810484816
475 518 0.5004307185850176
475 502 -2.2726892867301896
454 503 -0.4347079946705643
424 489 -0.9244110766470177
477 489 0.40219817433836536
471 477 0.7940688968903633
379 464 0.19515760538251437
433 493 -2.8534722097520193
434 473 -0.13248112001244716
435 473 0.3217949194737102
441 474 0.5170228985401271
453 474 0.19515760538251437
418 483 -1.2778514672160726
418 484 -1.083027742309897
430 514 0.242410407030617
425 514 -2.2726892867301896
425 490 -0.023346044556825873
280 506 0.4674453385798212
379 472 1.8471390342477205
478 493 1.188767543534301
467 473 1.604628978813839
482 483 0.41842577919951873
490 514 -0.007781779532672672
490 491 2.5274488884529975
462 506 3.574453703354731
431 506 2.141984057957801
464 472 0.6872705278045488
440 479 -0.8490927706325437
456 479 -0.24241052705099042
457 480 0.1637791782871667
436 487 -1.1246387871621042
442 487 -0.4347079946705643
459 488 2.93164334365634
446 497 1.8144599138640842
437 498 -2.6469936768108107
449 515 -1.2106356105583946
353 515 -2.319517101482562
427 501 1.8471390342477205
451 479 -0.5004308444200505
466 473 -0.08565028243590467
467 480 0.9436225830949259
460 488 1.347717671142901
408 444 -2.6469936768108107
445 497 1.3241144775306468
483 484 0.652518806521984
484 498 -0.4839058740936957
500 515 -0.3860227795812654
421 501 2.7117470592609445
433 486 -1.5497854889223055
366 496 -0.6872706606037844
444 510 -0.3860227795812654
447 497 0.45104689322786395
424 511 -0.9053575182618498
448 499 -0.722426472174637
430 499 -0.5004308444200505
370 506 2.8534721380276795
379 492 1.4968293639808472
486 493 0.9053573740495944
451 465 -0.32179504083642385
468 480 1.103724552883528
436 474 -0.14812115655181013
481 496 1.1671515377428254
408 510 -1.042255157127819
461 497 3.10674997290245
476 511 -1.2327653271421226
489 511 0.8306197427665889
485 498 -0.5170230248961472
499 514 -1.2106356105583946
364 455 1.471006361575077
472 492 0.9436225830949259
451 494 0.5004307185850176
466 479 -0.0544849469084292
366 509 -0.7401649710893459
444 519 -0.11685724657693086
449 553 -1.60462908492035
427 516 4.145152023550564
379 507 1.6328169387983074
465 486 0.7224263377855422
465 494 0.9244109312539295
479 494 1.0221648177565306
473 479 0.8122799937741847
496 509 0.40219817433836536
459 503 0.1481210376275779
372 519 0.8122799937741847
485 499 -0.038913137770452355
515 553 -2.1419841365639445
411 533 -1.1037246319352672
423 533 -1.420575958424365
452 533 -0.7759822513321553
436 526 -0.11685724657693086
469 509 0.41842577919951873
477 505 1.347717671142901
477 512 0.4347078707200993
471 512 1.1457782142804072
379 517 2.2726891994400433
468 533 0.5504197869721676
458 474 -0.22663222628581936
487 526 -0.32179504083642385
510 519 3.7324082779400585
413 497 -4.145152083743929
489 505 0.8122799937741847
505 512 1.103724552883528
492 507 1.0625402297313233
458 533 -0.4510470176203887
474 533 -0.5004308444200505
509 528 1.2778513804684322
469 528 0.19515760538251437
469 529 -0.7580155848378691
399 529 -0.9436227297103521
459 504 0.5841188470777665
488 504 1.124638707269666
471 520 1.4205758640846524
471 513 1.6328169387983074
402 545 -4.145152083743929
427 524 1.986327796610479
379 521 3.2060450031958343
503 529 0.38602265684584536
512 520 1.188767543534301
513 520 2.2275794437459226
482 513 0.8864565510992328
449 545 -2.1840514594677467
516 524 3.3153580262671256
464 561 1.7513136084096503
507 517 1.5230823357393546
486 557 1.0422550037182607
465 557 0.369896870073811
465 558 -0.533685124626992
467 533 -0.40219829746062086
480 533 1.2778513804684322
474 526 0.07006324471763459
442 527 -0.7759822513321553
495 527 2.4719660016221714
443 508 1.8144599138640842
508 518 -2.368217501379304
470 530 0.6872705278045488
476 530 2.646993557188065
491 559 -3.9184428135768994
402 559 -2.5274489963885465
472 525 1.3008299128497565
492 525 1.986327796610479
379 532 3.3153580262671256
557 558 0.21088184704301205
487 527 -2.1840514594677467
496 502 -0.038913137770452355
528 529 1.6908566753683048
503 504 -0.27405945275533616
505 511 0.7401648358628796
482 484 2.4719660016221714
545 559 1.986327796610479
545 553 0.41842577919951873
364 421 2.2275794437459226
465 549 0.8306197427665889
465 577 0.7580154487445683
479 533 0.7401648358628796
473 533 0.1794573777347761
495 540 -0.9436227297103521
475 550 1.3959338990403656
502 550 -1.6328170469254393
503 522 1.0221648177565306
504 522 1.3008299128497565
460 541 -2.0618119810484816
408 541 -2.7117471225450083
408 534 -3.0157253387444354
510 534 -0.353818619728701
523 553 -1.324114566604422
515 523 1.188767543534301
427 506 2.7803933118077264
549 558 0.7940688968903633
549 577 2.101269714871794
494 577 1.3959338990403656
526 533 2.8534721380276795
443 540 -0.4674454634335292
502 509 0.1637791782871667
488 541 -1.4710064589046166
534 541 0.8490926297285697
521 532 2.023523983245292
478 583 0.48390574875928927
486 539 0.03891301945135828
486 548 0.982542654754837
470 570 -0.5841189757308616
511 535 1.0422550037182607
515 560 -0.9244110766470177
500 560 -4.145152083743929
427 546 1.7825318837304605
501 546 3.4370554399806776
464 554 1.3008299128497565
492 531 1.6908566753683048
379 536 3.2060450031958343
493 583 -0.023346044556825873
539 548 0.1794573777347761
548 557 0.9436225830949259
494 533 1.6615501074318497
526 527 -1.847139159904398
508 540 -0.023346044556825873
504 541 -1.2106356105583946
461 570 -2.8534722097520193
530 570 -0.8122801326543725
505 535 1.986327796610479
554 561 0.7224263377855422
525 531 1.445594446330888
507 531 2.7117470592609445
517 536 2.0618119072200103
493 556 1.471006361575077
493 537 -0.13248112001244716
486 538 0.652518806521984
502 528 0.38602265684584536
501 574 2.368217406966919
421 574 1.7825318837304605
364 574 2.368217406966919
464 555 1.6908566753683048
507 547 2.7117470592609445
537 556 -1.1246387871621042
493 538 0.1168571278983801
538 539 -0.11685724657693086
518 550 0.5004307185850176
522 529 -0.4510470176203887
512 535 1.9501526258096291
554 555 1.5497853865743236
517 547 2.5274488884529975
502 579 0.054484828546315534
519 542 2.101269714871794
372 543 1.0221648177565306
372 544 -1.847139159904398
413 544 1.9501526258096291
476 552 -0.8122801326543725
511 552 1.103724552883528
379 563 1.604628978813839
556 583 -0.10124760698692858
537 538 -0.7047962700763302
550 579 1.1671515377428254
519 543 0.054484828546315534
543 544 -0.722426472174637
497 544 -2.319517101482562
530 552 -0.33778538326100627
523 560 -0.9436227297103521
472 555 0.35381849771398977
532 563 2.184051378192568
548 576 0.3217949194737102
518 568 0.1481210376275779
485 674 -0.3860227795812654
499 674 -1.1887676261434261
523 573 -0.618143736811748
521 562 1.188767543534301
557 576 0.4347078707200993
550 568 -0.7580155848378691
542 543 0.9629978960423582
514 674 -0.038913137770452355
560 573 2.7803933118077264
516 546 3.10674997290245
379 562 2.2726891994400433
518 578 0.6010889981175147
510 551 1.4205758640846524
519 551 0.3058452631148958
544 599 -0.9244110766470177
497 599 -0.4184259027266788
490 674 -0.5170230248961472
491 674 -0.7401649710893459
523 572 -0.6872706606037844
500 588 -3.3153581355547077
427 581 2.31951701078773
508 578 -3.5744537730315336
528 579 1.210635526973574
534 551 0.3058452631148958
542 551 1.210635526973574
535 552 0.6010889981175147
553 572 0.3217949194737102
560 588 0.6352858046593717
524 581 3.574453703354731
532 562 2.93164334365634
529 564 0.35381849771398977
529 565 -0.33778538326100627
522 565 0.7759821143416219
461 582 -1.6328170469254393
373 606 -5.53733426701854
504 565 0.7580154487445683
570 582 -1.0221649697100497
498 674 -4.145152083743929
559 674 -0.7759822513321553
526 591 0.1637791782871667
528 580 0.5504197869721676
529 569 -0.13248112001244716
497 582 1.1457782142804072
530 571 0.6872705278045488
553 566 1.232765242543629
500 600 -1.847139159904398
500 604 -3.5744537730315336
373 632 -3.0157253387444354
462 632 -1.986327866288225
501 597 1.103724552883528
527 591 -0.08565028243590467
568 578 -3.43705550120135
528 564 0.5672301020452246
564 569 2.184051378192568
565 569 0.9436225830949259
582 599 0.1637791782871667
566 572 0.5004307185850176
572 573 1.3008299128497565
588 600 0.38602265684584536
600 604 0.4347078707200993
606 632 3.574453703354731
516 581 3.4370554399806776
546 597 2.7117470592609445
574 597 2.4719660016221714
538 575 0.5004307185850176
539 567 0.8490926297285697
548 567 -0.21088196663715686
526 587 -0.722426472174637
506 589 3.7324082779400585
537 575 -1.2106356105583946
539 575 -0.6872706606037844
570 571 0.4674453385798212
552 571 1.0422550037182607
548 586 0.7759821143416219
526 590 1.3716527928075883
567 575 -0.6698460476628039
576 586 1.188767543534301
587 590 -0.9629980439232386
556 584 0.4347078707200993
533 594 1.0022628750411067
542 599 -3.3153581355547077
543 599 -3.3153581355547077
573 592 2.5856857384930256
555 598 1.6615501074318497
583 584 -1.0221649697100497
537 584 -1.420575958424365
567 586 -0.10124760698692858
558 577 1.0625402297313233
533 590 -0.305845384176723
587 591 0.8306197427665889
527 540 -2.22757952790676
551 599 -4.145152083743929
554 598 1.103724552883528
567 585 1.9149341938214999
533 595 -0.19515772478657212
533 596 0.007781661256567096
528 674 -1.1037246319352672
600 619 -0.007781779532672672
604 620 0.9436225830949259
500 620 -2.1840514594677467
536 547 2.31951701078773
585 586 -0.07006336313715722
533 577 1.124638707269666
595 596 1.2551669361900215
590 596 0.1481210376275779
564 674 -1.690856787854381
534 599 -3.106750063060895
484 674 -1.7207670712436016
588 592 -0.8490927706325437
604 619 -0.36989699244014895
575 593 0.652518806521984
567 593 -0.9825428039459942
594 595 0.1168571278983801
541 674 -2.7803933790295874
534 617 -3.0157253387444354
534 608 -1.420575958424365
552 674 -2.0618119810484816
535 674 -0.5504199144331001
512 674 -1.2327653271421226
520 674 -0.33778538326100627
513 674 -2.5274489963885465
545 603 -0.19515772478657212
553 603 -1.6328170469254393
566 603 -1.751313725733529
500 601 -0.038913137770452355
585 593 -1.1887676261434261
580 674 -1.60462908492035
504 674 -2.1012697910023577
617 674 0.38602265684584536
599 608 2.418966462073592
482 674 -0.8864566941706382
559 603 -1.4455945421327967
572 603 -1.324114566604422
572 592 0.03891301945135828
601 620 -0.533685124626992
472 598 1.0022628750411067
507 525 -0.36989699244014895
557 577 0.7580154487445683
533 602 0.19515760538251437
594 602 0.9436225830949259
580 607 -2.9316434205780437
569 674 -2.22757952790676
565 674 -3.3153581355547077
571 674 -1.420575958424365
559 610 1.7513136084096503
516 597 2.2726891994400433
537 593 -0.22663222628581936
568 579 -0.6698460476628039
607 674 1.232765242543629
608 617 1.5769599644200505
570 674 0.10124748840924536
592 603 -0.2899342369326745
525 598 0.41842577919951873
533 605 0.023345926266394867
527 623 -2.7803933790295874
540 623 -0.305845384176723
508 624 -0.7940690348095123
528 607 -3.5744537730315336
570 615 0.8677032967963991
598 633 2.2726891994400433
602 605 0.369896870073811
578 624 0.6181436068748636
582 615 -0.9436227297103521
603 610 -0.40219829746062086
577 605 0.6181436068748636
568 614 -0.9436227297103521
579 614 1.2551669361900215
582 609 0.7224263377855422
507 634 -4.844202616288199
547 634 -5.53733426701854
591 623 -0.5170230248961472
579 607 -1.1887676261434261
615 674 -0.635285935274005
610 674 -0.22663222628581936
506 632 -5.53733426701854
581 597 1.6328169387983074
525 634 -1.6615502176829433
577 613 1.3008299128497565
540 674 -1.420575958424365
601 611 0.7047961364960313
500 644 -4.145152083743929
450 641 -5.53733426701854
373 622 -0.7940690348095123
525 633 0.1168571278983801
536 634 -5.53733426701854
379 634 -5.53733426701854
379 635 -5.53733426701854
562 635 -4.844202616288199
562 628 -4.844202616288199
532 628 -4.844202616288199
576 577 0.369896870073811
605 613 1.5769599644200505
624 674 0.1794573777347761
599 609 -0.14812115655181013
609 615 -0.7759822513321553
601 644 -1.420575958424365
622 641 -1.6328170469254393
634 635 2.023523983245292
584 621 -0.6525189378391278
585 612 0.38602265684584536
586 612 0.007781661256567096
586 613 0.6352858046593717
576 613 -0.007781779532672672
591 674 -3.5744537730315336
623 674 0.4347078707200993
568 629 -0.635285935274005
603 618 -1.324114566604422
592 618 -0.9629980439232386
592 616 1.1457782142804072
500 626 -0.9436227297103521
450 626 1.232765242543629
532 636 -5.53733426701854
532 638 -5.53733426701854
583 621 -0.07006336313715722
593 612 -1.5230824363372633
578 629 0.10124748840924536
607 614 -0.7047962700763302
611 620 -3.9184428135768994
626 644 -3.0157253387444354
633 634 -5.53733426701854
628 635 1.0422550037182607
628 636 2.0618119072200103
636 638 2.31951701078773
563 638 -5.53733426701854
537 621 -0.2899342369326745
593 621 0.652518806521984
612 613 0.41842577919951873
590 591 -1.5769600686022973
614 629 1.445594446330888
588 616 -1.751313725733529
611 644 -3.9184428135768994
626 641 -2.368217501379304
596 674 -3.9184428135768994
590 674 -3.5744537730315336
599 674 2.7117470592609445
595 674 -3.3153581355547077
608 674 2.646993557188065
609 674 -0.305845384176723
616 618 -0.8122801326543725
606 622 -3.43705550120135
594 674 -1.4710064589046166
630 674 0.13248100121840833
609 637 -0.5672302300910688
615 637 0.6698459156176995
615 625 0.6352858046593717
625 674 3.10674997290245
561 627 2.4719660016221714
612 621 -0.19515772478657212
554 627 0.8306197427665889
614 630 2.2726891994400433
607 630 0.19515760538251437
610 639 1.880614156109223
625 637 2.5274488884529975
639 674 0.45104689322786395
602 649 -3.2060451019615273
602 674 -1.6615502176829433
618 640 -0.353818619728701
616 640 0.5672301020452246
604 631 -0.10124760698692858
620 631 1.6328169387983074
605 649 -2.6469936768108107
649 674 3.574453703354731
624 629 1.7513136084096503
605 674 -3.732408358890588
506 657 -2.368217501379304
506 651 -5.53733426701854
427 651 -5.53733426701854
427 655 -4.844202616288199
581 655 -5.53733426701854
581 672 -5.53733426701854
581 847 -5.53733426701854
635 642 1.7513136084096503
628 642 0.33778526158074773
613 674 -2.9316434205780437
629 630 2.0618119072200103
637 674 1.5230823357393546
588 640 -1.1457782950449733
611 631 -4.43612156009328
651 657 2.7803933118077264
651 655 0.7047961364960313
655 672 -0.07006336313715722
610 647 -1.690856787854381
603 647 1.0022628750411067
619 643 -0.6525189378391278
604 643 1.3959338990403656
589 664 4.145152023550564
597 680 -5.53733426701854
642 645 1.9149341938214999
628 645 -0.27405945275533616
603 640 -0.21088196663715686
581 680 -4.844202616288199
672 847 0.5170228985401271
627 646 0.9053573740495944
554 646 2.5274488884529975
598 646 1.1671515377428254
612 674 -0.25821891342749526
639 647 -1.5497854889223055
589 657 -5.53733426701854
680 847 2.4719660016221714
574 680 -1.6328170469254393
621 661 -2.6469936768108107
621 674 -3.43705550120135
655 676 0.5170228985401271
574 673 -0.2899342369326745
364 673 2.5274488884529975
634 688 -5.53733426701854
636 652 0.1637791782871667
640 647 -1.5497854889223055
631 643 -0.7047962700763302
672 676 2.101269714871794
633 646 2.2275794437459226
633 688 3.3153580262671256
645 652 1.5769599644200505
643 648 1.8144599138640842
631 650 -3.9184428135768994
611 650 2.368217406966919
626 670 1.0022628750411067
641 654 1.9149341938214999
506 664 3.7324082779400585
661 674 1.6615501074318497
619 648 -0.27405945275533616
626 654 -4.844202616288199
673 680 -3.2060451019615273
638 652 -0.19515772478657212
647 662 -2.4719661045957224
640 662 -1.324114566604422
631 653 1.72076695640305
634 659 3.7324082779400585
635 667 0.41842577919951873
638 660 0.9629978960423582
643 653 -0.17945749696390423
644 670 -5.53733426701854
654 670 -5.53733426701854
429 673 2.7803933118077264
634 667 2.368217406966919
652 660 1.8471390342477205
629 674 0.242410407030617
648 656 1.6908566753683048
641 663 -1.8144600365838361
651 658 0.242410407030617
655 658 1.7825318837304605
642 667 0.21088184704301205
619 656 -1.0625403846496646
648 653 0.03891301945135828
644 650 -3.732408358890588
654 663 -1.914934325902037
622 663 1.2551669361900215
645 667 -0.33778538326100627
640 675 0.7047961364960313
651 665 -0.023346044556825873
647 674 -1.2551670218420983
662 675 0.41842577919951873
588 675 0.023345926266394867
658 665 1.9501526258096291
648 668 -0.24241052705099042
653 668 2.141984057957801
631 669 -5.53733426701854
650 669 2.0618119072200103
651 671 0.7047961364960313
646 687 1.1457782142804072
646 666 2.4719660016221714
645 681 -0.13248112001244716
638 677 0.6352858046593717
656 668 -0.17945749696390423
653 669 -5.53733426701854
665 671 1.6328169387983074
627 687 1.8471390342477205
666 687 2.5274488884529975
667 681 2.2726891994400433
660 677 1.6615501074318497
647 685 -1.690856787854381
588 678 -2.6469936768108107
600 678 0.5336849977291656
606 691 3.3153580262671256
674 685 0.45104689322786395
644 669 -5.53733426701854
663 691 -3.43705550120135
657 664 -4.844202616288199
652 681 -0.36989699244014895
619 679 -1.2327653271421226
656 679 1.880614156109223
654 682 -0.9053575182618498
664 701 -5.53733426701854
657 701 2.2726891994400433
651 683 0.5004307185850176
652 689 -0.07006336313715722
662 685 -1.4710064589046166
619 678 -2.2726892867301896
668 669 -5.53733426701854
663 682 1.7513136084096503
671 683 1.4205758640846524
633 666 2.023523983245292
681 689 2.2275794437459226
674 684 0.6010889981175147
651 686 0.2582187931706581
658 676 0.6181436068748636
652 695 0.023345926266394867
668 679 -0.5004308444200505
657 686 -0.10124760698692858
683 686 2.101269714871794
659 688 -5.53733426701854
689 695 2.0618119072200103
674 690 -0.25821891342749526
657 692 1.103724552883528
665 693 0.7047961364960313
652 698 -0.5170230248961472
660 698 0.10124748840924536
661 690 -0.32179504083642385
682 691 -1.8144600365838361
686 692 2.31951701078773
671 693 0.8122799937741847
676 693 2.8534721380276795
695 698 2.4719660016221714
661 696 0.7580154487445683
659 703 2.023523983245292
667 694 1.7513136084096503
690 696 1.72076695640305
684 690 0.48390574875928927
675 685 0.023345926266394867
692 701 1.8144599138640842
644 704 1.7825318837304605
669 704 -5.53733426701854
681 694 1.9501526258096291
675 697 -1.3477177614522067
588 697 1.0830275858277314
679 699 1.2551669361900215
679 700 -1.7825320036768968
668 700 1.9149341938214999
682 710 1.6908566753683048
677 711 -0.13248112001244716
619 699 -0.8306198826413334
699 700 -1.8806142848807943
670 704 -5.53733426701854
654 710 -1.0221649697100497
683 693 2.368217406966919
698 711 3.9184427168471876
685 706 0.22663210648628773
675 706 1.3008299128497565
687 702 2.368217406966919
666 702 2.31951701078773
634 703 1.347717671142901
681 705 1.986327796610479
678 697 -2.5856858519456853
689 705 1.7513136084096503
685 708 0.8864565510992328
692 707 2.5856857384930256
686 707 1.2551669361900215
633 715 1.9501526258096291
667 703 1.4968293639808472
711 713 4.436121480203944
677 713 0.08565016394454328
677 716 -0.7940690348095123
706 708 0.242410407030617
697 706 -1.847139159904398
669 700 -5.53733426701854
683 707 1.8471390342477205
672 693 2.101269714871794
666 715 0.7759821143416219
695 705 1.188767543534301
713 716 3.2060450031958343
706 709 -1.5230824363372633
697 709 1.5497853865743236
694 703 1.347717671142901
677 718 -0.7940690348095123
674 690 -0.353818619728701
691 710 -2.1840514594677467
702 715 0.8490926297285697
688 715 2.8534721380276795
688 703 -4.43612156009328
716 718 2.5856857384930256
697 712 -2.319517101482562
678 712 1.3959338990403656
698 705 1.3959338990403656
674 696 1.3716527928075883
674 708 0.21088184704301205
709 712 -2.4719661045957224
701 717 2.4719660016221714
701 714 1.124638707269666
681 703 2.023523983245292
619 712 -1.914934325902037
632 664 -5.53733426701854
664 717 -5.53733426701854
692 714 2.7803933118077264
672 683 1.0625402297313233
703 705 2.4719660016221714
705 719 2.5274488884529975
698 719 1.5497853865743236
714 717 1.9501526258096291
672 707 0.6698459156176995
698 720 1.5497853865743236
627 702 0.982542654754837
719 720 2.7117470592609445
692 721 0.652518806521984
429 680 -3.43705550120135
703 722 2.5856857384930256
672 721 1.7513136084096503
712 723 1.0830275858277314
606 710 -2.0618119810484816
709 723 -4.844202616288199
717 721 1.471006361575077
674 706 -0.533685124626992
619 723 -3.9184428135768994
664 721 -5.53733426701854
714 721 0.40219817433836536
706 724 -0.13248112001244716
702 728 1.0625402297313233
715 728 1.232765242543629
709 724 -3.106750063060895
688 722 -5.53733426701854
703 719 1.3716527928075883
703 720 1.1671515377428254
718 730 1.880614156109223
716 730 3.9184427168471876
699 725 -1.0625403846496646
670 726 -5.53733426701854
654 726 0.6352858046593717
702 751 1.72076695640305
715 722 -5.53733426701854
698 729 1.5769599644200505
700 725 1.7513136084096503
429 847 -3.2060451019615273
627 751 0.7047961364960313
703 729 3.4370554399806776
654 727 -2.2726892867301896
710 727 0.8490926297285697
721 736 1.0830275858277314
715 738 0.07006324471763459
711 732 1.6908566753683048
674 724 -1.3008300007371676
726 727 -1.4968294629075651
672 736 2.368217406966919
728 738 4.844202556684481
729 732 2.93164334365634
699 731 -0.9629980439232386
722 737 2.141984057957801
713 734 1.72076695640305
725 731 2.2726891994400433
669 725 -4.145152083743929
732 734 3.574453703354731
709 735 1.0625402297313233
724 735 -4.145152083743929
606 727 -3.5744537730315336
716 734 3.7324082779400585
726 733 -0.6872706606037844
727 733 1.604628978813839
722 739 0.6872705278045488
723 735 -3.732408358890588
737 739 1.6908566753683048
699 746 -0.0544849469084292
721 742 1.6328169387983074
748 847 1.5769599644200505
722 743 0.1481210376275779
619 746 2.184051378192568
606 733 -2.5274489963885465
736 742 3.4370554399806776
429 748 -5.53733426701854
739 743 1.5230823357393546
703 743 0.3058452631148958
723 746 -3.106750063060895
699 740 -0.13248112001244716
725 741 -3.9184428135768994
669 741 2.368217406966919
627 756 2.7117470592609445
740 746 2.646993557188065
731 740 2.418966462073592
731 741 -3.732408358890588
715 737 -5.53733426701854
721 744 1.188767543534301
703 745 0.007781661256567096
703 749 -0.13248112001244716
742 744 3.015725255756913
751 756 0.41842577919951873
743 745 1.880614156109223
745 749 1.604628978813839
664 750 3.4370554399806776
721 758 -0.6872706606037844
703 752 0.13248100121840833
664 758 -5.53733426701854
744 758 2.5856857384930256
736 847 -0.5004308444200505
749 752 2.646993557188065
561 748 -5.53733426701854
703 754 0.21088184704301205
752 754 2.141984057957801
729 754 0.1637791782871667
741 753 2.2726891994400433
670 747 0.369896870073811
726 747 -0.14812115655181013
733 747 1.232765242543629
729 757 0.10124748840924536
740 753 -5.53733426701854
737 743 1.3241144775306468
754 757 1.7825318837304605
732 757 0.13248100121840833
664 755 2.141984057957801
715 765 1.7825318837304605
732 760 0.1794573777347761
704 741 -4.43612156009328
750 755 2.8534721380276795
750 758 -5.53733426701854
738 765 2.93164334365634
757 760 1.7825318837304605
734 760 -0.16377929735639296
715 787 -0.32179504083642385
737 787 -5.53733426701854
734 763 0.054484828546315534
606 747 -3.0157253387444354
743 749 2.4719660016221714
760 763 1.8144599138640842
748 759 3.10674997290245
734 766 0.5004307185850176
674 735 -1.4968294629075651
704 753 -5.53733426701854
765 787 2.8534721380276795
763 766 2.023523983245292
664 761 3.2060450031958343
742 758 1.8144599138640842
742 847 -0.0544849469084292
751 769 2.7803933118077264
737 767 2.31951701078773
743 767 0.13248100121840833
754 762 0.8864565510992328
561 759 -5.53733426701854
756 769 1.124638707269666
752 762 1.72076695640305
757 762 0.8122799937741847
674 768 2.93164334365634
746 764 0.9244109312539295
740 764 2.5856857384930256
702 769 0.6010889981175147
702 772 1.7825318837304605
716 766 -0.25821891342749526
723 764 -1.5230824363372633
755 761 1.210635526973574
769 772 1.103724552883528
760 762 0.3217949194737102
730 766 -0.4347079946705643
735 786 -1.690856787854381
749 770 -0.007781779532672672
730 773 -0.5841189757308616
674 786 -2.418966560561031
723 786 -1.3008300007371676
767 787 -4.844202616288199
767 770 1.1457782142804072
766 773 1.9149341938214999
664 774 3.2060450031958343
664 771 1.3008299128497565
761 771 3.015725255756913
755 771 3.7324082779400585
752 770 -0.17945749696390423
762 763 0.6352858046593717
730 778 -0.4510470176203887
753 764 -5.53733426701854
771 774 3.7324082779400585
750 771 1.4205758640846524
758 847 1.3959338990403656
728 772 1.103724552883528
773 778 1.604628978813839
756 775 3.015725255756913
762 776 0.21088184704301205
762 766 0.2899341161553104
770 776 1.3241144775306468
738 779 1.6328169387983074
765 779 1.8471390342477205
762 780 -0.17945749696390423
766 777 0.45104689322786395
769 775 0.5336849977291656
776 780 1.3959338990403656
762 777 1.8471390342477205
738 782 1.9149341938214999
762 783 0.1168571278983801
764 786 -3.43705550120135
750 847 -5.53733426701854
728 782 2.2726891994400433
780 783 0.9436225830949259
674 785 1.6908566753683048
728 789 2.023523983245292
767 790 1.3716527928075883
762 788 -0.36989699244014895
766 781 0.982542654754837
766 784 0.6698459156176995
772 789 0.9244109312539295
770 790 -0.08565028243590467
783 788 1.0221648177565306
777 781 1.8471390342477205
781 784 2.023523983245292
759 847 3.3153580262671256
606 670 -4.844202616288199
773 784 0.8122799937741847
788 791 0.8864565510992328
762 791 0.1794573777347761
787 790 -5.53733426701854
776 790 2.2275794437459226
778 784 0.22663210648628773
765 794 1.6908566753683048
791 792 1.4205758640846524
762 792 -0.36989699244014895
777 792 -0.14812115655181013
778 793 0.8677032967963991
779 782 0.9629978960423582
779 794 1.8144599138640842
784 793 2.023523983245292
728 795 0.8490926297285697
781 792 -0.0544849469084292
789 795 1.6615501074318497
782 795 0.5841188470777665
776 783 1.7513136084096503
772 802 1.0830275858277314
784 798 -0.3860227795812654
789 802 3.9184427168471876
792 798 1.103724552883528
674 805 -0.6698460476628039
782 799 0.5672301020452246
783 797 0.369896870073811
788 797 0.35381849771398977
786 805 0.1794573777347761
795 799 1.986327796610479
791 797 0.7224263377855422
786 806 -4.145152083743929
787 800 3.574453703354731
764 806 2.7117470592609445
765 800 1.986327796610479
769 808 1.9501526258096291
782 803 2.31951701078773
779 803 1.471006361575077
790 800 -5.53733426701854
776 796 0.8490926297285697
783 796 0.7224263377855422
792 801 0.38602265684584536
805 806 -4.43612156009328
775 808 0.7047961364960313
794 803 1.3241144775306468
790 796 0.8677032967963991
791 801 0.8122799937741847
793 798 -0.08565028243590467
792 804 0.3058452631148958
771 847 -4.844202616288199
756 808 0.7580154487445683
796 797 0.1481210376275779
801 804 1.471006361575077
771 838 -5.53733426701854
838 847 2.0618119072200103
759 811 1.5497853865743236
789 812 0.9244109312539295
803 809 2.0618119072200103
794 809 1.1457782142804072
792 807 0.35381849771398977
798 807 0.1637791782871667
561 811 -5.53733426701854
802 812 2.646993557188065
795 812 0.6181436068748636
765 809 2.141984057957801
791 796 0.7940688968903633
804 807 1.445594446330888
782 819 1.2551669361900215
798 810 -0.08565028243590467
799 819 1.471006361575077
796 801 0.023345926266394867
807 810 1.232765242543629
627 817 2.2726891994400433
756 817 3.10674997290245
798 814 0.2582187931706581
753 806 -4.844202616288199
812 819 3.7324082779400585
800 809 2.141984057957801
810 814 2.2275794437459226
664 826 2.418966462073592
774 826 -0.16377929735639296
759 823 0.35381849771398977
782 820 1.0022628750411067
801 813 0.08565016394454328
804 813 0.1168571278983801
804 815 0.33778526158074773
798 816 0.41842577919951873
771 826 1.3008299128497565
811 823 1.5497853865743236
819 820 2.7117470592609445
803 820 0.8490926297285697
796 813 1.4968293639808472
813 815 1.3959338990403656
814 816 1.103724552883528
756 818 0.6181436068748636
808 818 1.7513136084096503
807 821 0.3217949194737102
815 821 1.3959338990403656
805 825 -3.3153581355547077
808 827 0.48390574875928927
809 829 3.015725255756913
800 829 1.880614156109223
807 824 0.33778526158074773
798 822 0.4674453385798212
806 825 2.2726891994400433
818 827 0.6872705278045488
769 827 0.6698459156176995
809 820 1.210635526973574
821 824 1.3716527928075883
810 824 0.35381849771398977
816 822 1.3716527928075883
759 831 0.054484828546315534
823 831 1.0422550037182607
772 828 1.72076695640305
810 830 0.652518806521984
827 828 1.0625402297313233
824 830 1.5230823357393546
814 830 0.5170228985401271
790 840 -5.53733426701854
796 832 -0.6010891274007599
813 832 -0.9825428039459942
674 825 -2.1840514594677467
800 840 1.7825318837304605
790 832 2.2726891994400433
816 830 0.5004307185850176
674 835 4.436121480203944
816 833 0.5504197869721676
753 825 -5.53733426701854
802 828 1.8471390342477205
815 832 -0.867703438765498
830 833 1.5497853865743236
822 833 0.5170228985401271
847 851 2.141984057957801
822 834 0.5170228985401271
821 832 -1.083027742309897
833 834 1.604628978813839
820 829 1.232765242543629
824 832 -1.1887676261434261
829 840 1.604628978813839
811 831 0.7759821143416219
820 840 1.5230823357393546
829 840 3.2060450031958343
830 832 -1.690856787854381
674 836 -3.2060451019615273
825 836 2.023523983245292
818 837 2.101269714871794
756 837 0.2582187931706581
818 839 0.3058452631148958
831 847 -0.17945749696390423
837 839 0.3217949194737102
827 839 0.5336849977291656
828 839 1.0830275858277314
832 842 0.7401648358628796
833 841 -0.8864566941706382
753 836 -5.53733426701854
771 847 -5.53733426701854
790 842 2.184051378192568
832 841 2.368217406966919
834 843 -0.8864566941706382
831 851 0.4674453385798212
841 843 2.418966462073592
829 845 1.4968293639808472
834 846 -1.371652884404361
819 840 3.4370554399806776
840 845 2.7803933118077264
843 846 2.418966462073592
851 852 1.7513136084096503
831 852 2.5856857384930256
811 852 3.015725255756913
627 849 2.0618119072200103
817 849 2.101269714871794
834 848 -1.420575958424365
834 850 -1.2551670218420983
802 839 0.054484828546315534
846 848 2.646993557188065
848 850 3.2060450031958343
664 883 2.93164334365634
839 844 0.6872705278045488
826 883 3.9184427168471876
837 844 1.0022628750411067
840 842 -5.53733426701854
812 839 0.03891301945135828
704 856 1.5769599644200505
839 868 -1.4455945421327967
753 856 -5.53733426701854
632 883 -5.53733426701854
704 853 -5.53733426701854
842 869 -5.53733426701854
670 853 1.8471390342477205
812 868 -2.1419841365639445
840 869 4.844202556684481
841 842 0.19515760538251437
842 854 2.31951701078773
842 858 0.9053573740495944
841 858 0.9629978960423582
854 858 1.6908566753683048
852 973 2.184051378192568
811 973 0.007781661256567096
837 857 1.3241144775306468
561 973 -5.53733426701854
844 857 2.184051378192568
819 868 -5.53733426701854
843 858 0.7401648358628796
846 858 0.48390574875928927
674 855 2.0618119072200103
847 859 1.471006361575077
851 859 3.3153580262671256
857 868 -5.53733426701854
854 869 -5.53733426701854
848 858 -0.22663222628581936
674 861 2.5856857384930256
670 865 -4.43612156009328
771 862 3.2060450031958343
858 860 2.93164334365634
848 860 0.369896870073811
853 856 -4.43612156009328
853 865 -4.844202616288199
606 865 2.8534721380276795
850 860 0.35381849771398977
850 863 0.242410407030617
860 863 2.2726891994400433
632 865 1.4205758640846524
855 864 1.210635526973574
840 866 3.10674997290245
674 864 1.72076695640305
847 862 -4.844202616288199
674 864 1.6328169387983074
847 867 1.880614156109223
851 870 4.436121480203944
865 883 -5.53733426701854
826 862 1.2778513804684322
859 867 2.7803933118077264
847 879 2.8534721380276795
859 870 1.3241144775306468
862 879 -5.53733426701854
854 860 -0.038913137770452355
837 871 0.8122799937741847
857 871 0.9629978960423582
868 871 -5.53733426701854
674 872 2.141984057957801
674 885 3.2060450031958343
847 873 1.103724552883528
867 873 2.141984057957801
859 874 2.93164334365634
870 874 3.4370554399806776
851 925 1.7513136084096503
852 925 2.7803933118077264
854 863 -0.5004308444200505
864 885 2.31951701078773
862 883 2.31951701078773
847 876 1.103724552883528
873 876 2.5856857384930256
863 878 -0.25821891342749526
870 925 1.3008299128497565
819 866 3.2060450031958343
854 878 1.4968293639808472
674 877 3.2060450031958343
674 875 -3.106750063060895
836 875 2.2726891994400433
872 877 2.5856857384930256
865 898 3.015725255756913
853 898 -5.53733426701854
674 881 3.574453703354731
867 882 0.5672301020452246
756 880 1.8471390342477205
840 854 -5.53733426701854
674 885 3.10674997290245
753 875 -5.53733426701854
859 882 2.2726891994400433
837 880 -0.32179504083642385
847 884 0.19515760538251437
876 884 2.023523983245292
873 882 0.4347078707200993
925 973 2.31951701078773
854 889 2.2726891994400433
674 877 1.880614156109223
876 882 -0.007781779532672672
874 925 0.19515760538251437
627 973 -5.53733426701854
878 889 3.10674997290245
875 886 2.141984057957801
880 887 0.1794573777347761
837 887 1.1457782142804072
674 886 -2.6469936768108107
871 887 0.6010889981175147
753 893 -5.53733426701854
856 893 1.986327796610479
879 906 2.368217406966919
868 894 1.880614156109223
877 885 1.3959338990403656
862 906 -5.53733426701854
879 884 -0.2899342369326745
871 894 -5.53733426701854
886 888 2.8534721380276795
875 890 -3.9184428135768994
753 890 2.101269714871794
879 891 0.5672301020452246
674 888 -2.418966560561031
886 890 -3.9184428135768994
883 906 -5.53733426701854
884 891 2.368217406966919
882 884 -0.08565028243590467
674 885 3.7324082779400585
859 925 1.0221648177565306
819 894 -5.53733426701854
840 889 -5.53733426701854
674 896 3.7324082779400585
888 892 2.646993557188065
886 895 -3.5744537730315336
890 895 1.8144599138640842
674 892 -3.2060451019615273
888 895 -3.5744537730315336
882 925 1.5230823357393546
893 897 2.101269714871794
884 900 -0.14812115655181013
882 900 2.2726891994400433
890 897 -5.53733426701854
853 893 -5.53733426701854
674 901 3.10674997290245
888 899 -3.5744537730315336
895 899 2.2726891994400433
884 903 -0.21088196663715686
900 903 3.4370554399806776
892 899 -3.9184428135768994
882 912 2.368217406966919
891 906 2.646993557188065
674 904 2.2275794437459226
674 902 4.436121480203944
674 905 3.3153580262671256
674 913 3.9184427168471876
891 903 -0.22663222628581936
895 897 -4.844202616288199
892 907 -4.43612156009328
899 907 2.31951701078773
674 908 1.5769599644200505
674 909 3.10674997290245
912 925 1.9149341938214999
887 910 1.6615501074318497
897 899 -4.844202616288199
853 865 -5.53733426701854
900 912 3.574453703354731
880 910 0.242410407030617
674 911 -2.418966560561031
892 911 2.8534721380276795
871 910 1.7513136084096503
904 909 1.5769599644200505
911 913 -3.106750063060895
897 907 -5.53733426701854
866 889 -2.9316434205780437
817 934 2.4719660016221714
756 934 3.3153580262671256
907 911 -3.9184428135768994
903 906 2.0618119072200103
674 914 1.8144599138640842
905 914 1.7825318837304605
674 915 3.2060450031958343
883 903 -5.53733426701854
901 918 0.8677032967963991
674 918 2.5274488884529975
896 919 1.880614156109223
674 919 4.145152023550564
674 916 2.5856857384930256
913 917 -2.1419841365639445
911 917 2.4719660016221714
866 928 2.5274488884529975
674 919 3.2060450031958343
880 934 2.418966462073592
819 928 4.145152023550564
913 922 -2.2726892867301896
903 925 2.5274488884529975
674 918 2.31951701078773
917 922 2.5856857384930256
900 925 3.7324082779400585
674 921 2.5856857384930256
915 920 3.574453703354731
911 923 -3.9184428135768994
627 880 2.31951701078773
849 880 2.7117470592609445
894 927 2.8534721380276795
885 921 2.8534721380276795
918 920 2.184051378192568
917 923 -3.43705550120135
907 923 2.5856857384930256
819 927 -5.53733426701854
674 920 2.7117470592609445
917 926 -3.43705550120135
923 926 2.418966462073592
893 924 2.5856857384930256
922 926 -3.732408358890588
853 924 -5.53733426701854
674 929 1.7825318837304605
674 885 2.023523983245292
916 929 4.145152023550564
674 931 4.145152023550564
897 933 -1.60462908492035
897 923 -4.844202616288199
893 933 -0.08565028243590467
922 930 -3.9184428135768994
926 930 1.880614156109223
674 920 0.9436225830949259
880 973 -4.844202616288199
819 947 3.2060450031958343
897 926 -4.43612156009328
930 932 1.3959338990403656
926 936 -3.3153581355547077
849 934 1.5497853865743236
922 932 -3.43705550120135
930 936 -3.3153581355547077
897 936 2.023523983245292
924 933 -0.6525189378391278
913 935 -1.1887676261434261
922 935 2.5856857384930256
929 938 3.2060450031958343
674 938 1.604628978813839
933 937 1.7513136084096503
897 937 -2.1012697910023577
920 941 2.101269714871794
865 946 2.8534721380276795
883 943 2.93164334365634
883 925 -5.53733426701854
674 941 -0.353818619728701
674 941 2.5856857384930256
932 935 -3.2060451019615273
925 943 -5.53733426701854
927 947 -5.53733426701854
674 940 3.10674997290245
930 942 -2.023524054927849
937 939 1.72076695640305
940 941 4.844202556684481
932 942 -2.7803933790295874
936 942 1.72076695640305
936 939 -1.4455945421327967
924 937 -1.083027742309897
883 946 -5.53733426701854
674 949 3.574453703354731
674 950 3.574453703354731
919 950 3.10674997290245
932 944 -2.6469936768108107
942 944 2.101269714871794
885 952 4.844202556684481
919 951 2.368217406966919
674 951 1.7825318837304605
939 945 1.604628978813839
928 948 4.844202556684481
936 945 -1.8144600365838361
924 939 -0.8864566941706382
919 953 4.844202556684481
932 954 -3.0157253387444354
944 954 1.9501526258096291
942 945 -0.9825428039459942
819 948 3.7324082779400585
972 973 1.1457782142804072
950 953 3.2060450031958343
924 945 -1.3008300007371676
880 972 -5.53733426701854
674 956 3.574453703354731
942 955 -1.0625403846496646
945 955 1.72076695640305
924 964 -5.53733426701854
853 964 2.2726891994400433
944 955 -0.6010891274007599
674 1000 4.844202556684481
913 961 3.7324082779400585
674 919 1.72076695640305
945 959 -1.0022630255891705
924 959 2.8534721380276795
955 959 -0.7047962700763302
954 957 1.9149341938214999
955 958 1.72076695640305
674 941 3.3153580262671256
932 957 -1.9501526936104758
954 958 -1.2778514672160726
894 947 -5.53733426701854
919 966 2.8534721380276795
674 967 1.103724552883528
932 962 -3.0157253387444354
956 967 3.10674997290245
957 962 1.232765242543629
959 964 -5.53733426701854
674 960 1.6908566753683048
674 965 1.6908566753683048
674 970 2.0618119072200103
967 1000 2.5856857384930256
954 963 -2.368217501379304
958 963 0.1637791782871667
946 971 2.7803933118077264
894 979 2.141984057957801
938 960 3.4370554399806776
941 970 3.9184427168471876
674 966 2.646993557188065
957 963 -2.7117471225450083
865 964 -5.53733426701854
865 971 3.574453703354731
947 979 -5.53733426701854
885 974 3.7324082779400585
952 975 1.986327796610479
955 968 -1.1457782950449733
959 968 3.10674997290245
929 960 2.5856857384930256
885 960 0.13248100121840833
885 975 2.5856857384930256
958 968 -0.867703438765498
883 925 -5.53733426701854
929 969 4.436121480203944
960 974 4.436121480203944
960 969 3.015725255756913
885 975 2.141984057957801
883 971 -5.53733426701854
674 976 2.8534721380276795
953 966 0.7759821143416219
962 963 -5.53733426701854
953 978 2.101269714871794
958 977 -1.324114566604422
968 977 2.418966462073592
973 997 1.3008299128497565
966 978 1.347717671142901
674 967 0.9436225830949259
913 932 -1.751313725733529
963 977 -4.844202616288199
964 968 -5.53733426701854
941 965 1.8144599138640842
974 975 2.4719660016221714
674 941 2.31951701078773
913 982 4.145152023550564
961 982 2.31951701078773
913 982 4.145152023550564
913 983 -1.8806142848807943
932 983 -1.1246387871621042
950 976 2.184051378192568
964 977 -5.53733426701854
970 976 4.844202556684481
931 980 2.8534721380276795
674 980 2.4719660016221714
674 978 1.3959338990403656
883 973 -5.53733426701854
819 928 3.4370554399806776
929 960 2.7803933118077264
967 984 1.471006361575077
674 984 3.7324082779400585
674 981 2.7117470592609445
913 981 3.9184427168471876
962 983 -4.844202616288199
972 997 2.2726891994400433
970 985 4.145152023550564
984 1000 4.844202556684481
885 974 2.8534721380276795
953 976 3.10674997290245
894 910 -5.53733426701854
973 987 3.2060450031958343
978 989 0.6010889981175147
972 998 1.4968293639808472
674 989 1.103724552883528
929 995 1.880614156109223
674 931 4.145152023550564
983 986 1.1457782142804072
953 989 2.418966462073592
962 986 -3.9184428135768994
929 988 2.7117470592609445
960 988 3.3153580262671256
941 985 3.9184427168471876
982 983 -1.3008300007371676
910 991 1.8471390342477205
880 991 0.5841188470777665
894 947 -5.53733426701854
974 996 3.2060450031958343
674 990 2.646993557188065
931 990 2.93164334365634
983 1001 -1.2551670218420983
880 994 3.3153580262671256
910 993 1.9149341938214999
885 996 4.145152023550564
982 1001 4.145152023550564
986 1001 -1.0625403846496646
994 998 -5.53733426701854
991 993 2.2726891994400433
885 974 4.145152023550564
674 992 3.574453703354731
894 993 -5.53733426701854
977 1003 1.4968293639808472
988 995 3.015725255756913
989 1000 1.880614156109223
964 1003 -5.53733426701854
976 999 2.93164334365634
913 1002 4.436121480203944
981 1002 3.10674997290245
987 997 2.93164334365634
674 1002 2.8534721380276795
974 988 4.436121480203944
885 941 4.844202556684481
953 999 5.537334267018537
931 992 3.9184427168471876
992 1002 4.145152023550564
974 1004 1.5497853865743236
885 1004 2.141984057957801
953 1000 4.145152023550564
674 1000 1.3241144775306468
962 1001 -0.5672302300910688
963 1003 -5.53733426701854
674 931 3.4370554399806776
982 1002 3.015725255756913
997 998 2.8534721380276795
674 953 1.0625402297313233
674 1007 2.7117470592609445
962 1005 -0.25821891342749526
998 1009 2.184051378192568
963 1005 -4.145152083743929
883 987 -3.106750063060895
894 991 -5.53733426701854
885 1006 1.347717671142901
941 974 2.7803933118077264
941 1004 2.0618119072200103
974 1006 3.574453703354731
953 1007 1.986327796610479
1001 1005 0.5672301020452246
976 1010 2.7117470592609445
953 1008 2.4719660016221714
999 1010 3.3153580262671256
964 971 -5.53733426701854
994 1009 -5.53733426701854
974 1011 4.436121480203944
880 1009 -5.53733426701854
674 953 1.6615501074318497
885 974 1.210635526973574
982 1012 3.4370554399806776
982 1013 3.3153580262671256
982 1014 3.4370554399806776
1001 1014 2.31951701078773
1008 1017 3.015725255756913
931 1018 2.7117470592609445
1001 1019 2.7803933118077264
1005 1019 -0.16377929735639296
953 1017 4.436121480203944
1012 1013 3.2060450031958343
963 1019 -1.8144600365838361
941 1016 3.9184427168471876
931 1025 4.145152023550564
1009 1015 1.9149341938214999
974 1016 3.015725255756913
953 1017 3.3153580262671256
1018 1025 3.3153580262671256
1013 1014 3.3153580262671256
997 1009 1.9501526258096291
991 1020 2.7117470592609445
880 1015 -5.53733426701854
976 1021 2.2726891994400433
976 1024 2.8534721380276795
894 1020 -5.53733426701854
970 1021 2.646993557188065
974 1023 3.4370554399806776
674 1022 3.015725255756913
931 1025 3.3153580262671256
992 1025 3.015725255756913
883 1047 -5.53733426701854
987 1047 1.5769599644200505
985 1028 3.4370554399806776
1002 1031 4.145152023550564
1012 1026 1.72076695640305
970 1028 2.7803933118077264
1021 1024 1.986327796610479
976 999 4.436121480203944
982 1031 3.3153580262671256
999 1017 2.2275794437459226
1001 1032 3.7324082779400585
1009 1027 0.1168571278983801
982 1026 2.5274488884529975
1014 1032 4.844202556684481
997 1027 0.6698459156176995
1015 1027 1.7513136084096503
674 1029 2.5856857384930256
992 1031 1.471006361575077
1001 1038 3.2060450031958343
1025 1031 5.537334267018537
1019 1038 3.4370554399806776
1016 1036 1.4968293639808472
931 1030 2.7803933118077264
941 1036 4.844202556684481
1013 1026 2.8534721380276795
974 1034 3.4370554399806776
974 1035 3.3153580262671256
1016 1035 1.347717671142901
971 1033 3.9184427168471876
1035 1036 3.7324082779400585
1024 1039 1.8144599138640842
999 1037 3.574453703354731
1022 1083 5.537334267018537
1013 1042 3.4370554399806776
1014 1042 2.2275794437459226
971 1053 -5.53733426701854
883 1053 3.2060450031958343
976 1039 2.101269714871794
1017 1037 3.10674997290245
953 1022 4.436121480203944
1033 1053 -5.53733426701854
880 1027 -5.53733426701854
1017 1040 3.015725255756913
1021 1039 1.188767543534301
953 1040 4.145152023550564
674 1083 2.418966462073592
1031 1041 3.9184427168471876
982 1041 2.646993557188065
963 1063 -1.1037246319352672
970 1039 3.4370554399806776
1003 1063 -3.3153581355547077
1023 1043 1.6615501074318497
1025 1030 1.103724552883528
974 1043 1.72076695640305
1037 1040 2.368217406966919
982 1013 2.2726891994400433
974 1044 2.2726891994400433
974 1046 2.7117470592609445
1035 1046 3.574453703354731
1029 1083 4.844202556684481
1019 1063 1.445594446330888
997 1047 2.184051378192568
894 991 -5.53733426701854
985 1049 2.8534721380276795
970 985 4.436121480203944
931 1025 3.574453703354731
1013 1041 2.023523983245292
1023 1048 1.4205758640846524
974 1045 2.31951701078773
970 976 3.7324082779400585
1043 1048 2.5856857384930256
1034 1044 0.7940688968903633
1022 1040 3.4370554399806776
974 1048 3.3153580262671256
1043 1045 2.5274488884529975
1032 1038 2.2726891994400433
1036 1085 4.436121480203944
1037 1051 1.5769599644200505
1040 1051 1.445594446330888
1041 1052 4.436121480203944
1013 1052 2.184051378192568
1003 1056 1.6328169387983074
1035 1085 3.4370554399806776
964 1056 -5.53733426701854
1044 1055 1.5230823357393546
985 1050 3.3153580262671256
1034 1055 2.7117470592609445
1036 1050 2.93164334365634
1049 1050 1.7825318837304605
1042 1052 2.4719660016221714
974 1055 4.145152023550564
1046 1085 2.8534721380276795
999 1051 2.2275794437459226
1036 1062 3.3153580262671256
1049 1054 3.574453703354731
1019 1032 3.3153580262671256
1045 1055 1.8144599138640842
1062 1085 3.9184427168471876
1050 1054 3.4370554399806776
988 1045 2.101269714871794
976 1040 0.3058452631148958
1040 1058 3.574453703354731
1022 1059 3.2060450031958343
1025 1060 2.93164334365634
991 1061 1.5769599644200505
974 1045 2.2726891994400433
976 1051 1.0625402297313233
976 1058 2.8534721380276795
931 1060 3.4370554399806776
1056 1063 -3.3153581355547077
880 1061 0.4347078707200993
1045 1066 3.10674997290245
991 1057 1.6615501074318497
1045 1048 2.5274488884529975
1055 1066 4.145152023550564
1059 1083 3.10674997290245
931 1029 2.93164334365634
1014 1019 2.2726891994400433
883 997 -5.53733426701854
1057 1061 2.0618119072200103
894 1057 -4.844202616288199
1034 1064 2.2275794437459226
1046 1067 1.124638707269666
1025 1065 3.3153580262671256
974 1067 2.7803933118077264
1031 1065 3.2060450031958343
974 1064 1.72076695640305
1067 1085 2.8534721380276795
1014 1052 1.8144599138640842
1055 1068 3.9184427168471876
1034 1068 1.8471390342477205
1031 1071 1.8471390342477205
1063 1072 1.4968293639808472
1056 1072 -4.43612156009328
1064 1068 3.2060450031958343
1045 1069 2.93164334365634
1066 1069 3.7324082779400585
1019 1072 3.3153580262671256
1066 1068 3.4370554399806776
1040 1059 2.368217406966919
1065 1071 4.436121480203944
1041 1071 3.574453703354731
1036 1054 4.145152023550564
1025 1075 3.3153580262671256
1052 1070 4.844202556684481
1019 1072 2.646993557188065
1019 1074 1.604628978813839
1014 1070 1.8471390342477205
1072 1074 2.5274488884529975
976 1073 3.015725255756913
1059 1076 2.7803933118077264
1064 1067 1.880614156109223
1054 1062 1.9501526258096291
976 1040 4.145152023550564
1076 1083 3.3153580262671256
985 1078 4.436121480203944
970 1078 3.3153580262671256
970 1082 2.31951701078773
976 1082 2.8534721380276795
1040 1076 2.5856857384930256
1070 1077 1.986327796610479
1014 1077 3.574453703354731
1014 1072 4.436121480203944
964 1033 -5.53733426701854
976 1079 2.8534721380276795
1054 1085 1.5230823357393546
985 1054 2.0618119072200103
1073 1079 2.7803933118077264
894 1061 -5.53733426701854
976 1080 3.2060450031958343
1040 1083 5.537334267018537
1075 1081 2.93164334365634
1025 1081 3.7324082779400585
1064 1085 2.93164334365634
1025 1071 2.101269714871794
1052 1077 2.8534721380276795
1069 1084 3.3153580262671256
1085 1086 3.9184427168471876
1054 1140 2.7803933118077264
1066 1084 0.5841188470777665
976 1079 1.4205758640846524
1066 1088 3.3153580262671256
1084 1088 3.3153580262671256
1089 1140 5.537334267018537
1054 1089 2.7803933118077264
1053 1100 3.015725255756913
1071 1081 3.9184427168471876
1033 1100 -5.53733426701854
1068 1085 3.9184427168471876
985 1089 2.8534721380276795
1041 1087 2.7117470592609445
1052 1087 1.445594446330888
1085 1140 3.3153580262671256
1071 1087 4.145152023550564
1080 1090 1.4968293639808472
976 1090 4.145152023550564
1077 1087 5.537334267018537
1079 1094 1.986327796610479
976 1090 2.141984057957801
1040 1095 1.986327796610479
1040 1092 1.9501526258096291
1083 1091 3.574453703354731
931 1083 4.145152023550564
1068 1088 2.2275794437459226
976 1094 3.574453703354731
976 1094 1.880614156109223
976 1095 1.4205758640846524
1092 1095 3.574453703354731
1083 1092 2.141984057957801
931 1025 4.844202556684481
1085 1088 3.9184427168471876
883 1100 3.4370554399806776
976 1096 4.145152023550564
1095 1096 2.4719660016221714
1090 1094 1.8144599138640842
1088 1093 1.0422550037182607
970 1107 3.10674997290245
1081 1099 3.10674997290245
894 1113 3.10674997290245
947 1113 -5.53733426701854
1078 1089 4.436121480203944
970 976 3.574453703354731
1091 1092 2.141984057957801
1075 1099 2.31951701078773
1084 1088 3.2060450031958343
1085 1097 2.184051378192568
1027 1213 2.2726891994400433
1084 1093 1.986327796610479
883 1033 -4.844202616288199
1097 1098 2.418966462073592
1085 1098 3.2060450031958343
1085 1102 2.93164334365634
1085 1101 4.145152023550564
1086 1098 2.023523983245292
964 1072 -3.5744537730315336
970 1106 4.145152023550564
1081 1122 4.436121480203944
1014 1110 5.537334267018537
1083 1092 2.5274488884529975
1025 1099 2.646993557188065
1071 1122 2.31951701078773
1014 1117 1.1671515377428254
1072 1117 3.9184427168471876
1072 1111 2.93164334365634
1072 1112 2.7803933118077264
1097 1102 0.5170228985401271
1101 1140 1.0422550037182607
976 1107 3.10674997290245
880 1213 -5.53733426701854
1084 1103 1.986327796610479
1088 1103 3.9184427168471876
1085 1114 3.2060450031958343
1097 1104 3.3153580262671256
1086 1115 3.7324082779400585
1085 1115 1.4968293639808472
1094 1108 1.445594446330888
1090 1108 2.8534721380276795
1090 1109 3.574453703354731
1095 1116 1.0422550037182607
1087 1122 3.7324082779400585
1072 1126 1.7513136084096503
1102 1114 3.3153580262671256
1102 1104 1.5497853865743236
1101 1115 3.4370554399806776
1106 1107 3.4370554399806776
1108 1109 2.7117470592609445
976 1109 2.4719660016221714
1096 1116 3.9184427168471876
1092 1116 1.4968293639808472
931 1099 2.023523983245292
1077 1110 4.436121480203944
1110 1117 0.9629978960423582
964 1126 -4.145152083743929
1085 1118 1.604628978813839
1097 1105 0.6698459156176995
1098 1105 2.368217406966919
1099 1122 4.844202556684481
947 1145 3.10674997290245
1088 1118 2.646993557188065
1104 1105 1.2778513804684322
976 1108 1.4968293639808472
1077 1122 3.7324082779400585
1115 1140 4.436121480203944
1083 1120 1.9501526258096291
1083 1121 3.2060450031958343
931 1121 2.023523983245292
1114 1118 3.015725255756913
1111 1112 1.6908566753683048
970 1136 2.2275794437459226
1106 1136 3.9184427168471876
1092 1119 1.471006361575077
1086 1105 1.0830275858277314
1116 1119 1.4205758640846524
1086 1124 3.10674997290245
976 1137 4.145152023550564
1108 1137 2.5856857384930256
1083 1119 3.9184427168471876
931 1130 4.145152023550564
1110 1131 4.145152023550564
1117 1131 1.72076695640305
1061 1123 1.5769599644200505
894 1123 -5.53733426701854
1115 1124 2.5274488884529975
1099 1130 4.436121480203944
1084 1127 0.45104689322786395
1103 1127 1.6328169387983074
1083 1125 4.436121480203944
1069 1127 2.93164334365634
1104 1114 2.418966462073592
970 1089 3.7324082779400585
1105 1128 1.2551669361900215
976 1108 2.141984057957801
976 1129 2.0618119072200103
1096 1129 1.445594446330888
1112 1132 2.93164334365634
894 1142 3.10674997290245
1104 1128 1.8471390342477205
1086 1128 2.141984057957801
1107 1136 3.9184427168471876
1120 1125 2.368217406966919
1111 1117 2.2726891994400433
1072 1132 3.9184427168471876
1123 1142 -4.844202616288199
1086 1139 2.5856857384930256
1116 1134 3.7324082779400585
1117 1132 2.7117470592609445
1111 1132 3.574453703354731
1088 1127 0.6181436068748636
1124 1139 1.4205758640846524
976 1136 3.9184427168471876
976 1137 4.145152023550564
1119 1134 4.436121480203944
1045 1135 3.2060450031958343
1127 1133 1.6328169387983074
1088 1133 1.3959338990403656
1116 1129 1.72076695640305
1117 1144 1.232765242543629
894 947 -5.53733426701854
1069 1135 1.880614156109223
1124 1140 3.7324082779400585
1119 1125 2.368217406966919
1131 1144 2.8534721380276795
894 1145 -5.53733426701854
1104 1138 2.368217406966919
1128 1138 1.0830275858277314
1086 1143 2.8534721380276795
1139 1143 2.93164334365634
1132 1144 3.3153580262671256
1088 1147 1.1457782142804072
1118 1147 2.184051378192568
1083 1125 4.436121480203944
1122 1155 3.4370554399806776
1069 1151 3.7324082779400585
1088 1146 3.2060450031958343
976 1141 2.2726891994400433
1129 1141 1.6615501074318497
1125 1153 4.145152023550564
1122 1168 4.145152023550564
1077 1168 3.4370554399806776
1126 1132 1.3959338990403656
964 1132 -3.106750063060895
997 1149 3.3153580262671256
1061 1150 1.0625402297313233
1135 1151 3.2060450031958343
1146 1147 1.880614156109223
1086 1138 1.6615501074318497
1089 1136 3.4370554399806776
1119 1153 3.9184427168471876
880 1150 0.8677032967963991
1133 1146 1.1671515377428254
1114 1147 2.4719660016221714
1116 1141 2.7803933118077264
1123 1150 0.9244109312539295
1133 1163 1.347717671142901
1089 1148 2.93164334365634
976 1116 3.9184427168471876
1083 1154 2.4719660016221714
1121 1154 4.844202556684481
1127 1163 1.6908566753683048
1138 1143 1.9501526258096291
1139 1140 2.646993557188065
1143 1157 3.9184427168471876
1139 1157 2.8534721380276795
997 1158 1.3716527928075883
1069 1163 3.574453703354731
1155 1168 3.4370554399806776
1027 1158 2.7117470592609445
1104 1152 1.124638707269666
1138 1152 1.2778513804684322
1140 1160 2.7117470592609445
1110 1168 0.8122799937741847
1146 1163 1.1671515377428254
1131 1168 5.537334267018537
1147 1159 4.436121480203944
1114 1159 3.9184427168471876
1089 1136 5.537334267018537
1137 1167 1.0625402297313233
1137 1161 2.7803933118077264
1121 1162 2.141984057957801
1114 1152 2.0618119072200103
1143 1152 2.2726891994400433
976 1161 4.145152023550564
1154 1162 2.7803933118077264
931 1162 3.10674997290245
1131 1132 5.537334267018537
1135 1166 1.3008299128497565
1151 1156 3.3153580262671256
1146 1164 1.9501526258096291
1132 1212 3.9184427168471876
964 1212 -2.2726892867301896
976 1167 0.4347078707200993
1161 1167 3.3153580262671256
1149 1158 0.33778526158074773
1146 1159 0.07006324471763459
1136 1148 2.93164334365634
976 1169 4.436121480203944
1151 1166 1.2551669361900215
1163 1164 1.880614156109223
1159 1164 2.93164334365634
1167 1169 3.574453703354731
1154 1165 2.5274488884529975
964 1201 -1.60462908492035
997 1171 2.31951701078773
1162 1165 2.93164334365634
1201 1212 3.4370554399806776
1149 1171 2.368217406966919
1116 1179 4.145152023550564
1099 1170 3.3153580262671256
1156 1166 1.347717671142901
1160 1174 3.574453703354731
1136 1140 3.3153580262671256
1125 1154 1.72076695640305
1114 1143 3.9184427168471876
1140 1174 3.7324082779400585
1134 1179 3.9184427168471876
1122 1170 2.141984057957801
1159 1163 1.4205758640846524
1157 1173 3.015725255756913
1125 1178 3.9184427168471876
1139 1173 4.145152023550564
1140 1174 2.7117470592609445
1153 1178 1.8471390342477205
1125 1165 3.4370554399806776
1033 1201 -4.43612156009328
1158 1171 0.9629978960423582
1158 1213 3.3153580262671256
1163 1172 1.6908566753683048
1136 1175 3.015725255756913
1122 1190 4.145152023550564
1159 1172 2.646993557188065
976 1175 3.9184427168471876
1140 1173 2.141984057957801
1136 1186 4.844202556684481
1167 1176 3.7324082779400585
1161 1176 1.6615501074318497
1155 1180 1.7513136084096503
1069 1172 1.8144599138640842
1175 1186 3.3153580262671256
1122 1180 2.646993557188065
883 1171 -5.53733426701854
1159 1183 4.844202556684481
1140 1185 3.9184427168471876
1136 1185 2.7117470592609445
1162 1187 1.5230823357393546
931 1187 3.574453703354731
1099 1122 3.2060450031958343
1181 1212 3.015725255756913
1182 1212 3.9184427168471876
1114 1183 3.10674997290245
1173 1174 1.4968293639808472
1116 1161 4.145152023550564
1168 1180 1.8471390342477205
1181 1182 1.8144599138640842
1161 1177 2.184051378192568
1132 1188 3.7324082779400585
1033 1202 2.2726891994400433
1123 1192 -0.4510470176203887
1176 1177 2.7117470592609445
1201 1202 -3.732408358890588
1150 1192 -0.007781779532672672
1166 1197 0.6352858046593717
1173 1184 2.8534721380276795
1174 1184 3.574453703354731
976 1194 4.844202556684481
1142 1189 2.7117470592609445
894 1189 4.436121480203944
1156 1197 4.145152023550564
1169 1176 3.4370554399806776
1131 1191 5.537334267018537
1069 1159 2.8534721380276795
1168 1191 3.574453703354731
1142 1192 -3.5744537730315336
1136 1193 3.015725255756913
1153 1200 1.9501526258096291
1165 1195 1.6615501074318497
1162 1195 1.3008299128497565
1122 1196 2.5274488884529975
1190 1196 2.93164334365634
1182 1212 2.023523983245292
1185 1193 3.7324082779400585
1116 1177 3.015725255756913
1180 1191 2.023523983245292
1188 1212 1.8144599138640842
1189 1192 -4.844202616288199
1125 1195 3.10674997290245
1131 1188 4.436121480203944
1171 1213 2.184051378192568
1151 1159 4.844202556684481
1119 1200 1.880614156109223
1178 1200 3.7324082779400585
1187 1195 1.5230823357393546
883 1202 -5.53733426701854
1186 1199 4.436121480203944
1179 1205 4.436121480203944
1157 1184 2.101269714871794
1175 1199 2.5274488884529975
1116 1205 3.574453703354731
1122 1191 2.5856857384930256
1182 1188 1.471006361575077
1156 1198 3.7324082779400585
1151 1198 3.2060450031958343
1122 1209 3.4370554399806776
1131 1206 3.574453703354731
1114 1157 0.5170228985401271
1190 1209 2.31951701078773
1159 1207 3.574453703354731
1114 1204 3.4370554399806776
1157 1214 2.5856857384930256
1125 1208 3.015725255756913
1150 1203 0.7580154487445683
1192 1203 -0.8864566941706382
1183 1207 2.8534721380276795
1183 1204 2.101269714871794
1114 1214 3.7324082779400585
1195 1208 1.5497853865743236
1188 1206 2.368217406966919
883 1213 -5.53733426701854
1134 1215 1.5230823357393546
1119 1215 3.7324082779400585
1169 1177 2.646993557188065
1099 1196 0.3217949194737102
1188 1212 3.4370554399806776
1136 1157 4.436121480203944
1208 1211 2.023523983245292
1195 1211 2.418966462073592
1099 1217 2.8534721380276795
1196 1209 3.4370554399806776
1191 1209 4.145152023550564
1157 1174 1.5769599644200505
1169 1194 3.7324082779400585
1196 1217 2.8534721380276795
1183 1210 3.7324082779400585
1195 1220 2.5856857384930256
1187 1220 2.141984057957801
931 1220 2.7117470592609445
1130 1217 2.31951701078773
1197 1198 2.5856857384930256
1204 1210 2.2275794437459226
1119 1216 3.4370554399806776
1200 1216 3.4370554399806776
1203 1222 2.7117470592609445
1136 1214 4.844202556684481
1174 1185 2.31951701078773
1179 1215 1.5769599644200505
1125 1200 1.9501526258096291
1150 1222 0.40219817433836536
1199 1218 2.5274488884529975
931 1224 3.7324082779400585
1130 1224 2.141984057957801
883 1221 3.574453703354731
1207 1210 2.101269714871794
1136 1174 3.9184427168471876
1192 1222 -3.43705550120135
1136 1185 4.145152023550564
1199 1225 2.93164334365634
1175 1225 2.184051378192568
976 1226 2.93164334365634
1194 1226 4.145152023550564
1116 1233 2.2275794437459226
1116 1219 3.7324082779400585
1208 1223 2.5274488884529975
1136 1174 2.8534721380276795
1186 1218 3.574453703354731
1177 1233 3.574453703354731
1219 1233 2.646993557188065
1211 1220 0.13248100121840833
1131 1188 2.101269714871794
1202 1221 -5.53733426701854
1211 1228 3.2060450031958343
976 1225 1.2551669361900215
1205 1215 1.5497853865743236
1211 1223 3.2060450031958343
1220 1228 2.93164334365634
1217 1224 2.31951701078773
1116 1230 0.5336849977291656
1205 1230 3.574453703354731
1209 1231 3.9184427168471876
880 1227 0.8122799937741847
1150 1227 1.5769599644200505
1219 1230 3.7324082779400585
1215 1216 -0.038913137770452355
1222 1227 0.9629978960423582
1210 1229 3.015725255756913
1215 1244 3.3153580262671256
1216 1244 2.93164334365634
1208 1211 3.4370554399806776
1191 1235 4.844202556684481
1212 1232 1.347717671142901
1201 1232 1.986327796610479
1207 1229 2.646993557188065
1218 1225 1.7825318837304605
1225 1226 2.7803933118077264
1125 1216 3.7324082779400585
1209 1235 2.5856857384930256
1209 1217 4.844202556684481
1131 1245 3.10674997290245
1204 1229 1.7825318837304605
1169 1233 3.9184427168471876
1114 1234 2.7803933118077264
1174 1236 2.7117470592609445
1169 1237 3.9184427168471876
1204 1234 3.015725255756913
1136 1236 3.015725255756913
1215 1230 1.471006361575077
1229 1234 2.184051378192568
1233 1238 5.537334267018537
1188 1245 3.7324082779400585
1212 1240 3.3153580262671256
1201 1212 3.9184427168471876
1202 1241 1.2551669361900215
1194 1237 0.6010889981175147
1219 1238 1.6615501074318497
1191 1245 3.9184427168471876
1201 1240 4.436121480203944
1221 1241 -4.844202616288199
1226 1243 4.844202556684481
1194 1243 3.7324082779400585
1220 1224 3.7324082779400585
1224 1248 3.9184427168471876
1217 1248 1.347717671142901
1188 1240 4.145152023550564
1213 1246 3.7324082779400585
1227 1242 1.9149341938214999
1218 1226 3.7324082779400585
1237 1243 3.3153580262671256
1209 1248 3.3153580262671256
880 1242 0.9244109312539295
1222 1242 1.471006361575077
1230 1244 3.574453703354731
1235 1239 3.015725255756913
1159 1229 3.4370554399806776
1209 1239 2.2275794437459226
1201 1241 -1.4968294629075651
1234 1247 2.368217406966919
1114 1247 1.8471390342477205
1211 1220 4.436121480203944
1209 1250 2.93164334365634
1214 1247 1.9501526258096291
1231 1250 0.369896870073811
1191 1239 3.7324082779400585
1229 1247 1.232765242543629
1209 1250 3.3153580262671256
1186 1249 3.574453703354731
1218 1249 1.7513136084096503
1125 1211 2.023523983245292
1226 1251 1.986327796610479
1201 1253 1.347717671142901
1243 1251 3.9184427168471876
1159 1247 2.8534721380276795
1243 1252 3.015725255756913
1230 1238 2.93164334365634
1239 1250 2.023523983245292
1159 1254 3.9184427168471876
1218 1251 1.210635526973574
1136 1247 1.188767543534301
1233 1237 2.368217406966919
1237 1252 0.7224263377855422
