MULTICUT
0 1 1.7513136084096503
1 2 2.5274488884529975
0 2 2.93164334365634
0 3 1.8144599138640842
0 4 1.6328169387983074
3 4 2.2726891994400433
0 5 -4.844202616288199
0 7 -5.53733426701854
0 8 -5.53733426701854
7 8 0.9436225830949259
0 6 -2.8534722097520193
6 9 -0.0544849469084292
0 9 -3.9184428135768994
0 11 -0.533685124626992
9 11 -1.4455945421327967
7 12 1.6908566753683048
8 12 2.7117470592609445
0 10 -3.9184428135768994
6 10 3.4370554399806776
5 14 3.10674997290245
0 13 -4.844202616288199
10 13 1.986327796610479
0 17 -2.023524054927849
11 16 1.7825318837304605
13 17 0.8677032967963991
9 16 -0.353818619728701
8 20 2.418966462073592
0 20 -4.844202616288199
6 16 1.471006361575077
17 20 -1.914934325902037
6 15 1.7825318837304605
0 14 -0.8490927706325437
5 11 -0.5672302300910688
10 18 1.0221648177565306
6 18 0.7047961364960313
0 19 2.93164334365634
15 16 1.2778513804684322
15 18 1.0830275858277314
16 22 1.4968293639808472
11 22 0.6698459156176995
12 20 0.6010889981175147
17 18 3.3153580262671256
13 18 -0.007781779532672672
16 21 1.4205758640846524
21 22 2.7117470592609445
5 22 2.7117470592609445
15 23 1.8144599138640842
18 23 1.232765242543629
16 23 2.5274488884529975
7 20 1.9149341938214999
18 20 -0.9825428039459942
20 75 0.8864565510992328
18 75 -1.914934325902037
18 24 1.5230823357393546
0 25 2.7117470592609445
18 26 0.1794573777347761
16 29 0.8122799937741847
24 26 2.7117470592609445
23 29 1.0221648177565306
21 29 2.418966462073592
23 27 3.3153580262671256
23 26 0.242410407030617
7 75 2.4719660016221714
23 28 -3.5744537730315336
21 31 1.5497853865743236
26 28 -0.4510470176203887
27 29 1.604628978813839
29 31 1.6908566753683048
22 31 0.19515760538251437
18 30 -1.847139159904398
24 30 1.986327796610479
19 25 3.7324082779400585
0 1 2.023523983245292
18 32 -0.16377929735639296
14 36 1.3959338990403656
0 36 -2.4719661045957224
32 75 0.33778526158074773
27 28 -0.8306198826413334
30 32 2.5856857384930256
5 31 -0.9629980439232386
14 33 3.4370554399806776
33 36 2.184051378192568
7 34 2.5274488884529975
26 35 1.2551669361900215
28 35 1.5769599644200505
7 37 3.015725255756913
29 38 1.5769599644200505
0 41 -1.0022630255891705
0 34 -4.844202616288199
37 75 2.2726891994400433
26 30 0.7580154487445683
31 38 3.2060450031958343
36 41 -0.40219829746062086
28 39 0.242410407030617
27 39 1.0830275858277314
35 39 0.7401648358628796
27 40 0.6698459156176995
29 40 2.2275794437459226
38 40 2.8534721380276795
0 25 3.2060450031958343
30 44 0.8864565510992328
26 44 -1.5769600686022973
26 45 -1.371652884404361
35 45 1.9149341938214999
44 45 2.8534721380276795
35 42 0.03891301945135828
39 42 2.2726891994400433
42 45 1.3241144775306468
0 47 1.4968293639808472
32 44 0.5841188470777665
39 40 0.10124748840924536
7 43 1.5769599644200505
37 43 1.7825318837304605
33 52 -1.5497854889223055
36 52 -0.9629980439232386
39 48 -0.867703438765498
0 46 1.5497853865743236
34 43 1.6908566753683048
42 48 0.08565016394454328
40 48 0.19515760538251437
14 52 -2.6469936768108107
46 47 2.141984057957801
41 52 -3.5744537730315336
41 46 -0.5504199144331001
43 75 0.652518806521984
49 75 -3.106750063060895
40 50 0.33778526158074773
40 51 -0.25821891342749526
50 51 1.347717671142901
38 51 -2.1840514594677467
43 49 -1.167151619412428
41 53 -0.2899342369326745
31 51 -3.5744537730315336
5 52 -3.106750063060895
52 53 -2.1012697910023577
46 53 -3.3153581355547077
45 55 4.145152023550564
53 59 -1.8144600365838361
46 59 -4.844202616288199
42 55 1.3959338990403656
31 54 1.986327796610479
31 58 0.7940688968903633
5 58 -3.732408358890588
48 50 -3.9184428135768994
51 54 1.8471390342477205
52 58 0.45104689322786395
32 45 0.9436225830949259
34 60 -2.5856858519456853
43 60 1.232765242543629
49 56 0.6698459156176995
42 57 -1.4968294629075651
48 57 1.6328169387983074
49 60 -3.5744537730315336
56 75 -1.2106356105583946
55 57 0.9053573740495944
52 66 1.3959338990403656
56 60 -0.27405945275533616
45 75 1.5769599644200505
50 57 -4.145152083743929
53 66 0.13248100121840833
45 63 2.7117470592609445
51 62 -5.53733426701854
54 62 -2.7117471225450083
59 61 3.015725255756913
46 61 -5.53733426701854
55 63 2.2275794437459226
58 66 0.4347078707200993
50 62 -1.2778514672160726
31 62 -0.867703438765498
0 60 -5.53733426701854
61 64 2.0618119072200103
46 64 -5.53733426701854
53 65 1.986327796610479
59 65 -3.0157253387444354
61 65 -3.0157253387444354
72 75 1.3959338990403656
45 72 2.101269714871794
63 72 2.93164334365634
60 71 -4.145152083743929
56 71 0.5504197869721676
50 67 1.0221648177565306
62 67 -2.4719661045957224
65 68 2.023523983245292
61 68 -2.6469936768108107
46 69 3.574453703354731
47 69 0.8864565510992328
0 87 2.31951701078773
4 87 1.3241144775306468
57 63 -0.6872706606037844
57 67 -3.9184428135768994
64 68 -2.5856858519456853
57 73 0.35381849771398977
67 74 2.646993557188065
62 74 -4.844202616288199
53 70 -0.7940690348095123
63 73 2.0618119072200103
67 73 -3.0157253387444354
66 70 2.023523983245292
65 70 -0.5672302300910688
0 71 -2.4719661045957224
71 75 -4.43612156009328
31 74 -3.732408358890588
68 70 -0.19515772478657212
58 79 -4.145152083743929
66 79 -2.4719661045957224
58 74 -4.145152083743929
64 69 -5.53733426701854
74 79 1.7513136084096503
66 82 -0.5504199144331001
0 80 -4.844202616288199
79 82 -0.2899342369326745
70 82 0.242410407030617
73 75 2.0618119072200103
63 75 0.7401648358628796
47 80 -1.9501526936104758
71 77 1.2778513804684322
73 76 -4.145152083743929
67 76 3.10674997290245
47 81 -2.8534722097520193
75 76 -5.53733426701854
80 81 2.8534721380276795
74 78 1.7825318837304605
69 81 -2.8534722097520193
70 92 -2.7803933790295874
68 92 -0.8864566941706382
64 92 -3.9184428135768994
0 83 -1.4710064589046166
0 84 -0.5841189757308616
82 92 -2.0618119810484816
83 84 0.2899341161553104
71 85 0.652518806521984
0 93 -3.3153581355547077
83 93 -1.8144600365838361
75 85 -0.9436227297103521
74 76 0.8864565510992328
80 93 -0.9053575182618498
77 90 -1.0221649697100497
78 88 0.4347078707200993
74 88 -0.21088196663715686
81 86 1.6328169387983074
71 90 -2.7803933790295874
79 88 -0.6872706606037844
0 89 -4.145152083743929
0 96 -3.43705550120135
89 96 1.232765242543629
71 97 -1.4968294629075651
77 97 -0.5170230248961472
79 98 -0.7401649710893459
84 91 -1.3008300007371676
0 91 -2.8534722097520193
25 96 -2.7117471225450083
85 90 -1.4455945421327967
88 98 0.07006324471763459
89 91 0.7047961364960313
76 94 -4.43612156009328
74 94 -3.9184428135768994
78 94 -1.420575958424365
81 109 -2.7803933790295874
80 109 -2.8534722097520193
84 101 -4.43612156009328
91 101 -1.60462908492035
90 97 -0.3860227795812654
69 86 -5.53733426701854
86 109 -3.9184428135768994
88 94 0.5336849977291656
79 100 -5.53733426701854
82 100 -1.324114566604422
80 95 0.8677032967963991
25 102 -4.844202616288199
25 105 -2.7803933790295874
98 100 -2.6469936768108107
102 105 1.1671515377428254
75 103 2.2726891994400433
93 99 1.880614156109223
83 99 -1.6328170469254393
96 102 -0.32179504083642385
85 103 1.188767543534301
76 103 -1.914934325902037
97 104 1.347717671142901
0 104 -4.844202616288199
80 110 -4.43612156009328
25 107 -1.2551670218420983
90 103 -1.690856787854381
94 103 -2.0618119810484816
92 100 -4.844202616288199
93 110 -0.22663222628581936
84 99 -0.9053575182618498
91 96 1.6328169387983074
105 106 3.4370554399806776
25 106 -0.17945749696390423
69 113 -4.844202616288199
69 116 1.232765242543629
86 116 -3.2060451019615273
107 124 -2.2726892867301896
64 113 2.646993557188065
95 109 -3.0157253387444354
95 110 -1.5230824363372633
106 124 0.5170228985401271
88 108 2.2726891994400433
100 118 -3.106750063060895
92 118 -0.32179504083642385
109 123 0.3058452631148958
96 111 2.7117470592609445
97 103 1.72076695640305
86 123 0.10124748840924536
99 110 -0.8490927706325437
102 112 1.4968293639808472
84 110 1.8471390342477205
102 111 -0.27405945275533616
105 112 1.3241144775306468
98 122 -2.4719661045957224
101 114 1.1671515377428254
88 103 2.5274488884529975
88 122 -5.53733426701854
98 129 -1.60462908492035
102 134 -4.43612156009328
106 126 0.5841188470777665
108 122 -4.844202616288199
100 129 -5.53733426701854
84 114 -5.53733426701854
91 114 -2.7803933790295874
124 126 1.6328169387983074
96 119 0.9053573740495944
107 131 -5.53733426701854
25 131 -3.2060451019615273
25 120 -4.43612156009328
122 129 3.574453703354731
118 129 -0.6525189378391278
116 123 1.210635526973574
91 119 0.982542654754837
111 134 2.646993557188065
112 134 -2.0618119810484816
106 112 -0.11685724657693086
120 131 1.5497853865743236
97 115 1.3241144775306468
103 115 3.9184427168471876
103 121 3.4370554399806776
69 130 -3.106750063060895
106 117 0.8490926297285697
113 130 0.2899341161553104
116 130 -1.7825320036768968
112 117 1.124638707269666
0 125 0.5672301020452246
111 119 2.646993557188065
108 137 -4.844202616288199
84 136 1.1457782142804072
122 137 1.986327796610479
114 136 -1.847139159904398
0 127 0.274059332246233
103 128 2.418966462073592
118 144 1.6615501074318497
125 127 2.5856857384930256
0 97 -2.0618119810484816
121 128 1.5769599644200505
129 144 0.652518806521984
115 133 2.2275794437459226
103 133 2.368217406966919
124 131 1.1457782142804072
103 137 -2.1012697910023577
88 137 -3.2060451019615273
64 130 0.3217949194737102
120 132 0.6872705278045488
123 138 -0.5504199144331001
109 138 -3.9184428135768994
95 139 -0.07006336313715722
110 139 -5.53733426701854
84 139 -3.0157253387444354
114 140 -4.43612156009328
91 140 1.5230823357393546
112 147 -0.7759822513321553
120 135 1.4205758640846524
0 115 -2.6469936768108107
117 126 -0.9053575182618498
131 132 -1.8144600365838361
103 143 2.5274488884529975
136 140 2.368217406966919
134 147 -4.43612156009328
117 147 -4.145152083743929
136 139 -2.2726892867301896
126 147 -1.1887676261434261
132 135 1.72076695640305
125 146 -0.13248112001244716
115 148 0.45104689322786395
133 143 0.9244109312539295
126 156 -0.6010891274007599
124 141 -0.21088196663715686
25 142 -3.9184428135768994
0 146 1.3008299128497565
133 148 0.652518806521984
138 139 3.2060450031958343
147 156 2.4719660016221714
126 141 0.2899341161553104
131 141 -1.324114566604422
120 142 1.445594446330888
118 145 1.6328169387983074
116 153 -0.22663222628581936
127 146 -0.19515772478657212
121 137 -2.0618119810484816
144 145 -1.847139159904398
130 153 0.5170228985401271
116 138 -5.53733426701854
118 160 -0.618143736811748
92 160 0.1637791782871667
131 156 1.604628978813839
132 156 -3.732408358890588
145 160 0.8122799937741847
115 127 -2.9316434205780437
103 151 0.1168571278983801
128 151 1.8144599138640842
130 149 3.4370554399806776
127 148 -2.9316434205780437
143 151 0.22663210648628773
149 153 2.5274488884529975
25 120 -3.732408358890588
25 152 -2.7803933790295874
143 148 -0.40219829746062086
120 152 -0.5504199144331001
137 150 2.5856857384930256
92 149 -4.145152083743929
64 149 1.4968293639808472
91 161 0.5504197869721676
111 155 4.844202556684481
141 156 -3.43705550120135
132 166 -0.8864566941706382
121 151 -4.145152083743929
119 161 1.72076695640305
134 155 0.8864565510992328
156 166 3.574453703354731
135 166 -1.3008300007371676
121 158 2.5274488884529975
137 158 -1.420575958424365
139 154 -4.145152083743929
136 164 -3.43705550120135
122 144 -0.7580155848378691
139 164 1.6908566753683048
140 164 -3.106750063060895
143 157 -0.9825428039459942
91 164 -2.319517101482562
149 160 -0.5672302300910688
146 162 -0.11685724657693086
127 162 1.986327796610479
150 159 3.574453703354731
137 159 1.210635526973574
122 168 0.242410407030617
144 168 1.8471390342477205
111 165 1.604628978813839
151 157 -1.5230824363372633
119 165 3.7324082779400585
138 163 2.023523983245292
139 163 -0.9629980439232386
147 170 1.9149341938214999
0 162 -0.10124760698692858
148 157 -0.722426472174637
154 163 -4.43612156009328
151 167 0.5841188470777665
137 168 0.21088184704301205
144 174 -4.145152083743929
145 174 1.3716527928075883
155 165 3.4370554399806776
157 167 -1.7207670712436016
159 168 3.574453703354731
161 164 -1.0221649697100497
134 175 -5.53733426701854
116 163 -5.53733426701854
147 175 2.7803933118077264
156 170 1.1457782142804072
127 173 -2.5274489963885465
148 173 -0.40219829746062086
158 176 -1.4455945421327967
137 176 -3.43705550120135
160 172 -2.6469936768108107
149 172 2.141984057957801
135 181 -0.4347079946705643
25 171 -2.6469936768108107
150 176 -2.0618119810484816
154 164 -4.145152083743929
166 181 2.7803933118077264
152 171 -0.21088196663715686
151 178 -3.2060451019615273
145 169 -0.8122801326543725
160 169 1.4968293639808472
160 185 -3.106750063060895
153 182 -2.6469936768108107
116 182 -4.43612156009328
161 177 1.4968293639808472
152 196 -1.371652884404361
157 173 -1.986327866288225
167 178 -3.5744537730315336
121 178 -0.4510470176203887
159 176 -1.4710064589046166
169 174 -3.3153581355547077
172 185 4.436121480203944
164 177 0.7401648358628796
120 191 -4.844202616288199
162 173 -1.5497854889223055
168 174 -3.3153581355547077
135 191 -0.353818619728701
120 196 2.101269714871794
171 196 -3.5744537730315336
157 179 0.6010889981175147
154 197 0.03891301945135828
154 180 -2.7117471225450083
176 178 1.0625402297313233
169 185 -3.2060451019615273
180 197 0.8864565510992328
170 175 2.7803933118077264
149 182 -1.3477177614522067
134 165 -0.33778538326100627
134 194 -5.53733426701854
119 134 -0.32179504083642385
175 194 1.3716527928075883
161 183 -0.24241052705099042
119 186 1.3241144775306468
166 188 3.7324082779400585
0 173 -3.3153581355547077
163 197 -2.1840514594677467
154 177 -1.042255157127819
177 183 0.33778526158074773
183 186 0.6698459156176995
181 188 4.844202556684481
177 190 0.10124748840924536
156 187 3.015725255756913
173 179 -3.106750063060895
167 179 -0.10124760698692858
154 190 1.8471390342477205
0 171 -2.1419841365639445
178 189 0.19515760538251437
176 189 0.8864565510992328
156 184 4.145152023550564
171 192 1.604628978813839
0 192 -2.1012697910023577
184 187 2.4719660016221714
154 201 -3.732408358890588
119 193 0.10124748840924536
175 206 -5.53733426701854
170 195 3.3153580262671256
156 195 1.72076695640305
0 203 -0.19515772478657212
180 201 2.5856857384930256
186 193 1.188767543534301
134 193 -3.732408358890588
181 191 -2.8534722097520193
192 203 0.982542654754837
179 204 -4.844202616288199
167 205 -4.43612156009328
178 205 2.2275794437459226
182 211 2.93164334365634
173 204 2.5274488884529975
159 189 1.232765242543629
116 211 -5.53733426701854
156 188 4.145152023550564
194 198 1.5230823357393546
175 198 1.5497853865743236
0 207 0.7580154487445683
87 199 3.9184427168471876
183 190 -0.6525189378391278
174 210 0.3058452631148958
169 210 0.08565016394454328
188 191 -3.9184428135768994
171 202 0.5672301020452246
0 212 0.1481210376275779
179 205 -3.3153581355547077
198 206 -1.9501526936104758
207 212 1.2778513804684322
189 205 0.4674453385798212
159 200 3.2060450031958343
168 200 3.2060450031958343
154 214 -2.22757952790676
192 202 -0.40219829746062086
189 200 1.0022628750411067
201 214 4.436121480203944
203 212 3.574453703354731
186 190 -0.19515772478657212
191 235 -1.5497854889223055
192 208 -0.7759822513321553
192 213 -0.14812115655181013
185 210 2.5856857384930256
187 195 -0.007781779532672672
188 235 -0.9053575182618498
202 208 1.7513136084096503
203 213 -0.0544849469084292
179 209 -1.5769600686022973
0 204 -3.9184428135768994
204 209 -0.4510470176203887
205 209 0.242410407030617
190 214 -1.1037246319352672
193 194 0.03891301945135828
170 206 -3.3153581355547077
208 213 1.4205758640846524
194 216 1.0022628750411067
170 217 -0.25821891342749526
187 225 -0.5504199144331001
171 226 0.40219817433836536
174 200 -1.6328170469254393
190 193 -1.847139159904398
195 217 1.7513136084096503
195 225 -1.8144600365838361
196 226 1.1457782142804072
193 232 -3.106750063060895
194 215 0.7940688968903633
198 223 1.471006361575077
206 223 -0.8490927706325437
202 226 -1.8144600365838361
207 218 2.646993557188065
0 218 1.5230823357393546
190 232 1.8144599138640842
198 216 0.7224263377855422
0 237 1.1457782142804072
204 237 -4.844202616288199
200 219 1.124638707269666
172 220 -4.145152083743929
189 219 1.232765242543629
200 210 -1.1246387871621042
149 220 -0.36989699244014895
180 231 1.124638707269666
206 224 2.93164334365634
170 224 -3.106750063060895
187 222 -0.353818619728701
184 222 3.10674997290245
120 233 2.023523983245292
197 231 0.9053573740495944
217 225 -2.5274489963885465
222 225 -2.8534722097520193
191 233 -4.43612156009328
208 226 -2.418966560561031
209 229 -0.8864566941706382
189 240 -0.22663222628581936
196 233 -0.25821891342749526
205 229 -3.9184428135768994
215 216 -1.7825320036768968
217 224 -4.844202616288199
204 227 -2.7117471225450083
209 227 -2.319517101482562
205 240 -2.8534722097520193
227 229 0.6010889981175147
201 231 1.0221648177565306
216 223 -1.914934325902037
213 226 -3.43705550120135
204 238 -0.8122801326543725
204 236 -3.5744537730315336
227 236 0.8490926297285697
210 230 2.418966462073592
201 244 2.418966462073592
193 221 -1.083027742309897
194 221 1.8144599138640842
196 243 -1.7207670712436016
212 218 1.0022628750411067
237 238 -0.7940690348095123
236 238 -1.083027742309897
185 230 3.4370554399806776
231 244 3.574453703354731
221 232 -4.844202616288199
233 243 0.22663210648628773
205 239 -4.844202616288199
215 250 -2.7803933790295874
218 228 2.023523983245292
0 228 -0.4184259027266788
229 239 0.1481210376275779
185 220 -3.43705550120135
214 232 -5.53733426701854
216 250 -0.5672302300910688
219 262 0.054484828546315534
211 241 2.93164334365634
116 241 -5.53733426701854
201 248 2.4719660016221714
221 234 1.9149341938214999
194 234 1.471006361575077
216 242 1.103724552883528
212 251 -1.324114566604422
239 240 0.2582187931706581
189 262 0.07006324471763459
244 248 3.7324082779400585
215 234 -0.9629980439232386
242 250 3.10674997290245
223 242 -1.2327653271421226
200 247 0.369896870073811
210 247 1.124638707269666
215 254 -0.7759822513321553
230 247 0.9629978960423582
234 254 0.274059332246233
212 213 -0.533685124626992
185 252 -0.5004308444200505
212 245 0.19515760538251437
218 245 0.054484828546315534
228 245 0.982542654754837
240 262 2.2275794437459226
219 247 -0.9825428039459942
220 252 0.1481210376275779
232 234 -5.53733426701854
250 254 4.844202556684481
223 224 -1.4968294629075651
213 251 -3.0157253387444354
149 264 -2.5274489963885465
182 264 4.145152023550564
182 241 1.103724552883528
234 249 3.015725255756913
223 257 -0.9053575182618498
223 268 0.40219817433836536
0 246 0.40219817433836536
220 264 -4.844202616288199
249 254 3.4370554399806776
242 257 -0.16377929735639296
224 268 -2.1840514594677467
226 243 -2.22757952790676
245 251 -1.1457782950449733
197 256 3.4370554399806776
163 256 -4.145152083743929
230 253 0.274059332246233
225 258 -4.43612156009328
228 255 -2.5856858519456853
0 255 -3.0157253387444354
247 253 2.31951701078773
217 258 2.4719660016221714
184 225 -4.145152083743929
156 235 -0.9244110766470177
245 255 -0.07006336313715722
246 255 -5.53733426701854
184 259 -4.145152083743929
233 260 -0.6698460476628039
243 260 -4.844202616288199
229 236 -2.2726892867301896
185 253 0.6010889981175147
232 249 -4.43612156009328
257 268 1.7825318837304605
225 259 1.2778513804684322
184 263 -4.145152083743929
156 263 -3.732408358890588
235 269 -2.6469936768108107
259 263 1.5230823357393546
191 269 2.2726891994400433
191 260 -4.43612156009328
238 271 -0.0544849469084292
243 265 -3.3153581355547077
245 261 0.652518806521984
197 244 0.1168571278983801
260 265 1.0221648177565306
255 261 -1.083027742309897
236 271 -2.5856858519456853
229 271 -1.690856787854381
239 271 -3.2060451019615273
240 271 -5.53733426701854
224 289 -2.1012697910023577
235 270 -2.9316434205780437
213 266 3.7324082779400585
247 262 -4.145152083743929
268 289 -1.042255157127819
269 270 2.7117470592609445
251 266 -5.53733426701854
253 267 0.274059332246233
185 267 2.5856857384930256
250 257 2.646993557188065
244 256 0.1168571278983801
156 270 -3.2060451019615273
251 261 -3.43705550120135
237 273 -4.844202616288199
237 284 -1.420575958424365
238 284 0.22663210648628773
253 274 -1.1457782950449733
264 280 3.7324082779400585
182 280 1.5769599644200505
268 281 3.7324082779400585
156 275 -1.5497854889223055
270 275 2.0618119072200103
191 286 -4.145152083743929
226 276 3.574453703354731
267 274 2.8534721380276795
241 280 0.7580154487445683
249 250 3.4370554399806776
281 289 1.445594446330888
260 286 0.7224263377855422
243 276 -0.22663222628581936
240 299 1.5497853865743236
247 278 2.5274488884529975
185 285 0.33778526158074773
252 279 -1.167151619412428
248 272 1.2778513804684322
201 272 -0.5004308444200505
156 283 -0.4184259027266788
255 277 -1.042255157127819
262 299 1.6908566753683048
253 278 1.347717671142901
267 285 2.7803933118077264
279 285 2.5274488884529975
244 272 2.184051378192568
224 258 -5.53733426701854
263 283 0.023345926266394867
261 277 2.2275794437459226
273 284 1.471006361575077
271 284 -0.33778538326100627
274 278 2.2726891994400433
220 279 -3.5744537730315336
0 199 2.141984057957801
259 282 -1.9501526936104758
263 282 -2.368217501379304
243 287 -1.847139159904398
226 293 0.2899341161553104
213 293 -0.9629980439232386
261 297 -4.43612156009328
271 299 -4.844202616288199
258 259 -3.5744537730315336
265 287 1.7825318837304605
266 293 -0.14812115655181013
251 297 2.7117470592609445
214 288 3.9184427168471876
243 290 -1.6328170469254393
116 280 -4.844202616288199
232 288 -4.43612156009328
258 282 1.124638707269666
287 290 3.2060450031958343
276 290 1.5769599644200505
220 295 1.8471390342477205
275 283 0.6010889981175147
265 296 -2.319517101482562
262 278 -2.0618119810484816
279 295 -1.324114566604422
286 296 -1.6328170469254393
276 293 0.7940688968903633
0 313 -4.844202616288199
299 307 3.015725255756913
262 307 1.2778513804684322
262 323 -5.53733426701854
264 303 1.232765242543629
250 291 3.2060450031958343
257 292 1.7825318837304605
282 283 1.0422550037182607
237 313 -1.8806142848807943
278 323 2.5856857384930256
295 303 -4.844202616288199
257 291 1.3959338990403656
268 292 2.5274488884529975
277 297 -0.5672302300910688
273 294 3.2060450031958343
284 298 0.9244109312539295
249 291 3.10674997290245
224 309 3.574453703354731
258 309 -5.53733426701854
269 301 -4.43612156009328
191 301 -4.43612156009328
191 305 -4.844202616288199
286 305 -0.618143736811748
87 322 3.574453703354731
271 298 -3.5744537730315336
232 291 -4.844202616288199
291 292 2.418966462073592
270 301 -3.2060451019615273
199 322 2.141984057957801
271 302 -0.7047962700763302
244 308 3.574453703354731
272 308 1.445594446330888
270 304 -5.53733426701854
301 305 1.6908566753683048
286 321 1.3959338990403656
265 306 1.986327796610479
273 313 -1.751313725733529
298 302 0.054484828546315534
275 304 -4.844202616288199
301 304 1.6328169387983074
305 321 2.184051378192568
287 306 2.2726891994400433
313 332 -4.145152083743929
272 318 0.7401648358628796
281 300 3.3153580262671256
246 311 -4.43612156009328
273 332 0.7401648358628796
201 318 2.368217406966919
268 300 2.2275794437459226
296 306 -0.4184259027266788
255 311 1.5769599644200505
278 314 2.101269714871794
0 312 1.3716527928075883
274 314 3.574453703354731
308 318 3.7324082779400585
290 293 2.418966462073592
246 312 1.188767543534301
267 317 1.3008299128497565
264 315 3.015725255756913
256 308 -0.7940690348095123
282 337 -4.844202616288199
287 310 1.604628978813839
290 310 1.5769599644200505
274 317 3.3153580262671256
285 317 2.141984057957801
303 315 -0.27405945275533616
275 282 -2.9316434205780437
288 324 -2.2726892867301896
232 324 2.141984057957801
291 319 2.7117470592609445
300 320 3.015725255756913
258 330 0.9244109312539295
282 330 -0.4510470176203887
0 316 0.8306197427665889
307 323 -5.53733426701854
281 320 3.2060450031958343
330 337 -3.9184428135768994
312 316 1.880614156109223
280 315 3.10674997290245
280 349 0.19515760538251437
224 336 -1.0625403846496646
251 327 1.347717671142901
277 328 1.0221648177565306
255 328 -2.319517101482562
273 298 -0.36989699244014895
299 302 -0.722426472174637
285 295 -1.7207670712436016
116 349 -4.43612156009328
291 324 -4.844202616288199
292 319 4.145152023550564
292 300 2.646993557188065
289 336 1.6328169387983074
309 336 1.7513136084096503
266 327 -1.986327866288225
273 325 0.7401648358628796
298 326 -1.6615502176829433
302 326 -0.533685124626992
282 304 1.3241144775306468
297 327 0.5336849977291656
255 331 0.7580154487445683
246 331 -1.4455945421327967
294 325 3.7324082779400585
273 326 2.8534721380276795
315 349 0.9629978960423582
309 330 -4.145152083743929
328 331 -0.2899342369326745
311 331 1.8144599138640842
0 342 -4.43612156009328
313 342 3.4370554399806776
201 334 3.3153580262671256
296 321 -2.6469936768108107
296 339 -1.4710064589046166
318 334 1.3959338990403656
306 339 2.5856857384930256
266 290 -2.1419841365639445
297 328 -3.43705550120135
201 288 0.45104689322786395
304 338 -5.53733426701854
301 338 -4.145152083743929
287 339 1.0422550037182607
290 348 -2.023524054927849
288 334 2.141984057957801
305 338 -4.844202616288199
310 339 0.3058452631148958
310 348 1.604628978813839
315 329 3.7324082779400585
304 344 -2.1419841365639445
327 340 2.31951701078773
297 340 0.9629978960423582
325 332 -0.4839058740936957
303 329 -1.4710064589046166
338 344 0.007781661256567096
312 331 -1.1246387871621042
256 333 2.7803933118077264
308 333 -4.43612156009328
308 334 3.9184427168471876
320 358 1.6615501074318497
281 347 3.2060450031958343
289 347 0.054484828546315534
312 341 0.007781661256567096
300 319 1.9501526258096291
331 341 1.604628978813839
316 341 -0.16377929735639296
278 352 -0.10124760698692858
317 345 1.2778513804684322
318 335 2.2726891994400433
319 362 2.368217406966919
323 352 -1.1887676261434261
274 345 1.124638707269666
334 335 2.7803933118077264
300 362 3.2060450031958343
273 325 2.31951701078773
325 326 0.5504197869721676
314 352 -2.7803933790295874
285 345 0.6698459156176995
295 356 1.6615501074318497
308 350 -2.5274489963885465
328 351 0.35381849771398977
299 326 -2.5274489963885465
303 356 -5.53733426701854
333 350 1.5230823357393546
321 338 -4.43612156009328
331 351 1.7825318837304605
307 343 -5.53733426701854
323 343 0.1481210376275779
320 346 0.5841188470777665
281 346 1.5497853865743236
296 359 -4.145152083743929
290 364 0.2899341161553104
163 333 -4.43612156009328
334 335 2.2726891994400433
346 358 0.5336849977291656
304 337 -4.43612156009328
321 359 2.023523983245292
266 364 -5.53733426701854
0 341 -0.5672302300910688
326 354 -2.22757952790676
326 355 -0.21088196663715686
299 355 -0.7759822513321553
309 363 2.5856857384930256
314 345 0.652518806521984
285 356 0.242410407030617
330 363 -3.106750063060895
339 348 -3.5744537730315336
0 322 1.3716527928075883
299 343 -5.53733426701854
285 360 -1.7207670712436016
308 357 -3.9184428135768994
325 354 -0.722426472174637
354 355 0.6872705278045488
343 352 -2.7117471225450083
345 360 -5.53733426701854
350 357 2.31951701078773
334 357 -3.3153581355547077
300 358 2.7117470592609445
346 347 2.5856857384930256
328 340 0.38602265684584536
314 365 -4.844202616288199
335 353 2.418966462073592
331 373 -0.22663222628581936
352 365 2.418966462073592
334 353 2.7803933118077264
339 359 -0.8864566941706382
348 364 -5.53733426701854
341 373 -0.19515772478657212
299 367 -2.2726892867301896
343 369 1.3008299128497565
345 365 -2.418966560561031
163 361 1.0221648177565306
333 361 -5.53733426701854
291 362 3.2060450031958343
327 364 -1.5230824363372633
341 379 1.2551669361900215
352 369 -3.9184428135768994
373 379 3.7324082779400585
367 376 1.7825318837304605
299 376 -0.5841189757308616
299 515 -4.844202616288199
344 371 -1.371652884404361
0 366 0.5336849977291656
355 367 2.101269714871794
343 515 1.0422550037182607
324 362 -4.844202616288199
338 371 -3.106750063060895
341 366 2.0618119072200103
325 375 3.9184427168471876
343 368 2.141984057957801
349 380 1.5497853865743236
116 380 -0.32179504083642385
289 377 2.0618119072200103
339 372 1.3959338990403656
368 369 2.2726891994400433
347 377 1.6908566753683048
338 359 -4.43612156009328
340 364 -3.2060451019615273
351 373 -0.25821891342749526
338 403 -1.914934325902037
371 403 0.652518806521984
0 374 1.8471390342477205
337 384 -5.53733426701854
304 384 2.7117470592609445
359 385 2.368217406966919
339 385 -1.5497854889223055
376 515 0.13248100121840833
356 360 0.48390574875928927
350 361 -4.145152083743929
304 371 1.7513136084096503
163 394 -0.867703438765498
350 382 -2.9316434205780437
288 370 3.574453703354731
358 378 2.0618119072200103
289 383 0.8122799937741847
336 383 -0.14812115655181013
342 374 -3.732408358890588
116 394 -3.5744537730315336
361 394 -2.1840514594677467
361 382 2.418966462073592
300 378 1.471006361575077
309 383 0.7759821143416219
313 374 -4.43612156009328
325 387 3.10674997290245
357 391 -0.22663222628581936
334 391 1.9501526258096291
347 358 -0.14812115655181013
330 402 0.274059332246233
337 402 -5.53733426701854
357 382 -4.43612156009328
324 370 -3.106750063060895
347 378 0.7940688968903633
384 402 3.015725255756913
332 375 -2.4719661045957224
356 390 -1.1887676261434261
315 380 0.9053573740495944
324 381 1.8471390342477205
403 415 2.5274488884529975
338 415 -4.43612156009328
365 369 -4.43612156009328
303 390 -1.7825320036768968
334 370 0.13248100121840833
370 381 -3.2060451019615273
377 383 -0.7401649710893459
365 389 1.2778513804684322
334 395 2.4719660016221714
370 395 2.646993557188065
324 392 -4.145152083743929
372 385 -3.106750063060895
364 386 -0.038913137770452355
364 393 -1.751313725733529
328 396 -2.319517101482562
351 396 -0.22663222628581936
375 387 0.03891301945135828
345 389 1.445594446330888
381 392 -3.2060451019615273
362 392 3.2060450031958343
348 372 0.45104689322786395
386 393 1.5497853865743236
328 364 -4.145152083743929
373 396 -3.5744537730315336
332 405 1.124638707269666
375 406 3.574453703354731
376 388 0.21088184704301205
329 398 -1.60462908492035
315 398 -0.32179504083642385
328 397 -4.43612156009328
396 397 1.72076695640305
0 404 0.982542654754837
375 405 1.5497853865743236
387 406 3.015725255756913
367 388 0.007781661256567096
360 390 -2.7117471225450083
303 398 -4.43612156009328
382 391 -0.7047962700763302
371 384 2.93164334365634
366 404 0.7047961364960313
363 408 1.8471390342477205
385 410 3.2060450031958343
372 416 -2.7803933790295874
388 515 -3.2060451019615273
369 389 -3.43705550120135
345 390 0.5170228985401271
380 398 2.646993557188065
309 408 4.844202556684481
384 403 1.9149341938214999
410 416 2.93164334365634
370 400 -3.106750063060895
381 400 2.5274488884529975
330 408 -2.8534722097520193
338 385 -4.145152083743929
369 413 -0.9244110766470177
394 399 0.6352858046593717
364 411 -4.145152083743929
368 413 -2.023524054927849
361 399 -2.319517101482562
393 411 0.8864565510992328
364 397 2.184051378192568
374 424 -4.844202616288199
313 424 2.4719660016221714
390 409 -0.32179504083642385
394 407 1.2778513804684322
370 419 0.35381849771398977
381 401 -4.844202616288199
392 401 2.93164334365634
303 409 -4.145152083743929
116 407 -2.7803933790295874
395 419 1.3959338990403656
400 401 -3.0157253387444354
362 401 0.1637791782871667
402 408 -5.53733426701854
354 418 -1.1246387871621042
355 412 1.103724552883528
367 412 -0.07006336313715722
368 429 1.72076695640305
401 414 0.2899341161553104
362 414 -0.7401649710893459
347 427 1.880614156109223
373 428 -5.53733426701854
325 418 3.2060450031958343
355 418 1.6328169387983074
413 429 -0.16377929735639296
399 407 -0.4510470176203887
400 419 -1.6615502176829433
378 427 2.418966462073592
364 393 -1.1887676261434261
377 421 3.2060450031958343
383 421 -1.5497854889223055
384 422 2.646993557188065
313 405 -2.2726892867301896
367 515 1.347717671142901
379 428 -5.53733426701854
313 417 4.436121480203944
387 476 1.7825318837304605
425 515 0.6181436068748636
426 515 -0.635285935274005
343 426 2.184051378192568
343 446 -5.53733426701854
368 446 -4.43612156009328
362 420 1.880614156109223
347 433 1.5497853865743236
338 423 2.2726891994400433
385 423 -4.844202616288199
396 428 1.8144599138640842
325 476 3.10674997290245
425 426 -1.9501526936104758
429 446 -4.844202616288199
345 409 -3.5744537730315336
414 420 0.21088184704301205
427 433 2.2726891994400433
384 415 4.436121480203944
410 423 -4.844202616288199
389 464 -1.986327866288225
372 437 -2.22757952790676
348 443 -5.53733426701854
397 432 -2.8534722097520193
396 432 -2.418966560561031
406 476 5.537334267018537
334 419 1.72076695640305
377 433 0.08565016394454328
416 437 1.103724552883528
364 443 3.7324082779400585
397 411 -3.9184428135768994
405 448 -0.5004308444200505
361 439 2.5274488884529975
361 440 -3.3153581355547077
382 440 -3.9184428135768994
382 441 2.2726891994400433
391 441 -0.5672302300910688
400 430 2.5274488884529975
401 430 -2.319517101482562
401 431 2.4719660016221714
313 448 2.4719660016221714
412 418 -0.722426472174637
426 446 -4.844202616288199
399 439 -3.5744537730315336
439 440 -4.43612156009328
430 431 -3.732408358890588
414 431 -2.1840514594677467
348 437 -2.5856858519456853
364 411 -2.7803933790295874
313 374 -4.844202616288199
420 434 -0.16377929735639296
362 434 -1.7825320036768968
300 434 -0.13248112001244716
364 455 3.574453703354731
411 455 -4.43612156009328
379 445 -5.53733426701854
412 515 -0.8864566941706382
309 421 -4.43612156009328
428 445 2.4719660016221714
341 445 -5.53733426701854
418 438 1.445594446330888
412 438 1.7825318837304605
345 464 -5.53733426701854
303 449 1.2551669361900215
391 442 0.40219817433836536
334 442 -1.4710064589046166
415 452 3.7324082779400585
338 452 -3.5744537730315336
397 444 -3.3153581355547077
432 444 1.6328169387983074
409 449 -1.914934325902037
419 430 -1.914934325902037
423 452 -3.732408358890588
437 443 2.31951701078773
419 447 2.8534721380276795
300 435 -0.14812115655181013
378 435 2.5274488884529975
341 453 -1.1457782950449733
366 453 -1.60462908492035
440 441 -4.43612156009328
430 447 -2.4719661045957224
421 433 -1.083027742309897
445 453 1.103724552883528
380 450 -0.305845384176723
334 451 1.0221648177565306
419 451 0.4347078707200993
378 436 0.7580154487445683
427 436 2.5274488884529975
398 450 0.45104689322786395
441 442 -4.43612156009328
434 435 -1.9501526936104758
435 436 1.8471390342477205
428 432 -3.9184428135768994
0 313 -3.2060451019615273
416 454 0.2899341161553104
404 457 -0.16377929735639296
438 515 -0.13248112001244716
345 449 0.19515760538251437
420 431 -0.4184259027266788
433 436 3.015725255756913
437 454 -0.27405945275533616
366 457 1.4205758640846524
0 457 0.6698459156176995
0 466 -5.53733426701854
313 466 1.7825318837304605
325 458 1.8471390342477205
438 459 2.4719660016221714
116 450 2.7117470592609445
420 469 0.8122799937741847
454 460 0.03891301945135828
437 460 -0.5841189757308616
443 461 1.9501526258096291
364 461 1.0422550037182607
405 406 1.1457782142804072
418 458 1.4968293639808472
459 515 1.6615501074318497
431 469 3.4370554399806776
416 423 -5.53733426701854
303 468 1.445594446330888
398 468 -5.53733426701854
402 475 -0.635285935274005
432 456 2.4719660016221714
428 456 -3.9184428135768994
428 462 2.5856857384930256
428 465 -2.4719661045957224
417 448 3.10674997290245
458 476 1.7513136084096503
442 451 -1.847139159904398
447 451 1.9149341938214999
384 475 0.6010889981175147
456 462 -3.5744537730315336
425 477 -1.4455945421327967
413 495 -2.1840514594677467
369 495 0.652518806521984
440 472 -0.4674454634335292
441 472 -1.8806142848807943
451 478 1.2778513804684322
420 473 0.03891301945135828
434 473 0.982542654754837
434 474 0.5841188470777665
421 470 2.2275794437459226
0 463 1.8144599138640842
426 477 -5.53733426701854
429 495 0.7759821143416219
442 478 -1.2106356105583946
469 473 -0.16377929735639296
435 474 1.0625402297313233
433 470 -0.0544849469084292
455 461 0.9629978960423582
462 465 -0.5004308444200505
445 465 -2.7803933790295874
453 457 -1.3477177614522067
389 495 -5.53733426701854
345 481 1.8471390342477205
449 481 2.368217406966919
449 467 0.369896870073811
303 467 -1.4710064589046166
444 493 -0.10124760698692858
432 493 -0.16377929735639296
445 471 -1.9501526936104758
477 515 -4.145152083743929
464 495 -5.53733426701854
465 471 2.184051378192568
309 479 1.3008299128497565
408 479 -0.8306198826413334
408 480 -4.145152083743929
444 485 0.1637791782871667
467 468 -1.4968294629075651
450 468 -5.53733426701854
473 474 3.7324082779400585
470 479 -2.418966560561031
402 480 -0.8864566941706382
443 460 -1.167151619412428
397 485 1.4968293639808472
456 493 -2.1012697910023577
468 481 2.5274488884529975
450 481 -4.844202616288199
441 482 -1.986327866288225
447 478 3.574453703354731
415 483 1.9501526258096291
452 492 3.574453703354731
453 501 0.35381849771398977
457 501 1.2778513804684322
472 482 1.7513136084096503
479 480 -0.305845384176723
452 483 0.5004307185850176
423 492 -3.0157253387444354
450 487 -4.844202616288199
442 489 -4.844202616288199
457 463 1.5769599644200505
481 487 2.5274488884529975
441 489 2.7803933118077264
430 469 -4.844202616288199
384 483 1.6615501074318497
483 492 3.2060450031958343
478 489 1.5230823357393546
462 484 2.7117470592609445
465 484 -2.1419841365639445
453 504 1.124638707269666
467 481 -0.25821891342749526
439 472 -0.5841189757308616
485 493 3.4370554399806776
453 471 0.1168571278983801
501 504 1.5230823357393546
486 515 -0.33778538326100627
407 488 0.7047961364960313
399 488 0.7224263377855422
439 488 -2.1840514594677467
470 498 3.3153580262671256
479 498 -1.914934325902037
416 460 -4.844202616288199
459 486 0.7580154487445683
411 485 -3.9184428135768994
471 504 1.1671515377428254
433 490 2.418966462073592
470 490 0.5004307185850176
384 502 2.023523983245292
443 499 -0.9629980439232386
461 499 1.880614156109223
446 495 -5.53733426701854
422 502 1.3241144775306468
416 443 1.9149341938214999
417 524 0.9053573740495944
448 509 -1.5230824363372633
116 487 -5.53733426701854
469 474 -1.914934325902037
435 497 2.141984057957801
436 497 0.5170228985401271
436 491 3.2060450031958343
433 491 0.1794573777347761
423 503 2.141984057957801
416 503 -5.53733426701854
461 500 -0.7759822513321553
455 500 3.9184427168471876
456 494 2.184051378192568
462 494 -2.368217501379304
465 506 -3.5744537730315336
471 506 -2.5856858519456853
448 524 -0.36989699244014895
491 497 2.101269714871794
490 491 1.3959338990403656
499 500 -0.5004308444200505
484 494 -2.418966560561031
484 506 3.7324082779400585
476 505 -0.08565028243590467
458 505 3.10674997290245
447 496 2.93164334365634
430 496 -2.6469936768108107
479 508 1.3008299128497565
457 512 0.5170228985401271
509 524 1.3241144775306468
464 481 -5.53733426701854
482 489 -1.7207670712436016
474 497 1.6908566753683048
480 508 -4.844202616288199
501 512 1.8471390342477205
463 512 1.9501526258096291
0 513 -4.43612156009328
466 513 1.471006361575077
466 514 -0.7401649710893459
313 524 0.7401648358628796
476 527 3.7324082779400585
418 505 0.6010889981175147
478 507 3.3153580262671256
478 496 3.015725255756913
492 518 3.2060450031958343
423 518 -4.145152083743929
313 514 0.6698459156176995
405 509 1.8471390342477205
446 515 -4.43612156009328
439 519 1.0830275858277314
472 519 -2.6469936768108107
384 492 3.7324082779400585
438 505 3.4370554399806776
426 515 2.7803933118077264
495 515 0.8122799937741847
407 487 -1.3008300007371676
482 519 -4.145152083743929
489 507 1.604628978813839
490 498 -0.27405945275533616
493 494 -1.4710064589046166
496 517 2.4719660016221714
430 517 -2.4719661045957224
491 498 1.3959338990403656
422 521 1.0221648177565306
443 522 0.08565016394454328
513 514 2.368217406966919
505 527 0.1481210376275779
496 507 0.369896870073811
384 402 2.368217406966919
502 521 1.6615501074318497
416 522 3.4370554399806776
499 522 -1.8144600365838361
0 512 -0.17945749696390423
405 527 0.4347078707200993
464 533 2.4719660016221714
481 544 -5.53733426701854
507 510 1.7825318837304605
496 510 1.9149341938214999
402 508 -3.9184428135768994
503 541 2.141984057957801
416 541 -5.53733426701854
494 511 2.646993557188065
484 511 -1.5230824363372633
322 624 3.9184427168471876
509 527 0.40219817433836536
406 527 2.646993557188065
459 515 0.7047961364960313
495 533 -3.732408358890588
498 508 -4.844202616288199
493 511 -0.007781779532672672
506 511 -2.5274489963885465
0 624 2.0618119072200103
482 529 -2.8534722097520193
489 525 1.9149341938214999
507 525 3.3153580262671256
518 540 3.2060450031958343
423 540 -1.5230824363372633
514 524 0.5004307185850176
459 505 0.19515760538251437
519 529 1.5497853865743236
489 529 1.0221648177565306
503 540 -2.1419841365639445
496 516 2.5856857384930256
430 520 1.6328169387983074
469 520 -4.844202616288199
469 528 2.023523983245292
474 528 -0.0544849469084292
499 523 2.4719660016221714
500 523 -0.14812115655181013
471 542 -0.8864566941706382
487 544 -5.53733426701854
487 488 -3.0157253387444354
516 517 0.7759821143416219
506 542 2.0618119072200103
505 531 0.023345926266394867
487 561 -5.53733426701854
510 516 2.5274488884529975
516 526 3.7324082779400585
474 530 2.31951701078773
402 550 -4.145152083743929
527 531 3.4370554399806776
544 561 2.4719660016221714
488 519 -3.0157253387444354
517 526 2.93164334365634
497 530 2.101269714871794
508 550 3.015725255756913
384 521 0.6352858046593717
527 551 1.986327796610479
505 532 0.2582187931706581
489 548 1.604628978813839
498 539 1.3716527928075883
521 534 2.7117470592609445
384 534 3.015725255756913
500 535 0.3217949194737102
509 551 -1.9501526936104758
459 532 2.31951701078773
481 533 -4.43612156009328
529 548 1.0022628750411067
517 520 -2.4719661045957224
528 530 1.5230823357393546
491 539 2.4719660016221714
523 535 1.986327796610479
498 553 -1.2106356105583946
508 553 0.652518806521984
455 536 -5.53733426701854
411 536 3.015725255756913
0 546 -0.3860227795812654
531 532 4.145152023550564
507 516 2.646993557188065
520 528 -3.732408358890588
384 521 1.471006361575077
459 537 0.9436225830949259
515 537 1.880614156109223
522 545 3.3153580262671256
499 545 -3.2060451019615273
455 535 1.6908566753683048
493 566 -4.145152083743929
524 551 4.436121480203944
522 541 -4.844202616288199
523 545 -3.5744537730315336
511 566 0.3217949194737102
504 512 -0.14812115655181013
515 547 3.9184427168471876
520 538 1.103724552883528
491 549 2.646993557188065
512 556 3.10674997290245
532 537 2.7803933118077264
528 538 -4.844202616288199
539 549 3.7324082779400585
485 566 -3.732408358890588
546 556 4.145152023550564
527 552 4.844202556684481
531 543 2.93164334365634
511 558 -0.8122801326543725
506 558 1.103724552883528
471 559 1.2778513804684322
551 552 2.2726891994400433
527 543 1.1457782142804072
525 548 -0.353818619728701
540 541 -2.8534722097520193
558 566 -1.7825320036768968
542 559 1.2778513804684322
504 559 2.8534721380276795
504 556 -2.5856858519456853
488 562 0.5170228985401271
517 554 2.4719660016221714
520 554 -2.22757952790676
384 607 2.5274488884529975
521 607 2.2275794437459226
487 562 -3.732408358890588
519 562 -4.844202616288199
538 554 -2.5856858519456853
535 545 -2.1840514594677467
485 536 -4.43612156009328
515 560 -0.9053575182618498
384 557 0.8122799937741847
492 557 1.0830275858277314
535 555 -0.10124760698692858
542 558 0.4674453385798212
537 560 0.07006324471763459
491 530 2.5274488884529975
541 545 -3.3153581355547077
545 555 1.1457782142804072
535 536 -2.7803933790295874
495 578 0.33778526158074773
534 607 1.210635526973574
384 607 0.07006324471763459
541 570 -5.53733426701854
543 552 2.4719660016221714
533 578 -3.5744537730315336
384 550 -4.844202616288199
557 607 -2.6469936768108107
518 557 1.445594446330888
545 570 -0.7759822513321553
524 563 0.023345926266394867
519 576 -1.690856787854381
547 560 -1.3959339919795308
562 576 1.103724552883528
524 564 0.9244109312539295
563 564 2.31951701078773
549 565 1.8471390342477205
514 564 2.101269714871794
529 576 -2.7117471225450083
526 554 1.103724552883528
491 565 1.103724552883528
537 572 0.6010889981175147
560 572 3.2060450031958343
547 572 1.0422550037182607
515 572 -1.4710064589046166
515 583 -4.145152083743929
495 583 -5.53733426701854
544 596 -3.0157253387444354
561 579 -4.145152083743929
487 579 -1.042255157127819
487 586 -2.5856858519456853
525 601 -1.0625403846496646
507 601 -0.8864566941706382
558 590 -1.2327653271421226
542 590 -1.690856787854381
572 583 -2.6469936768108107
561 596 -2.5856858519456853
579 586 1.8144599138640842
562 586 0.6698459156176995
551 567 3.574453703354731
576 584 2.2275794437459226
529 584 -4.43612156009328
532 543 3.9184427168471876
507 526 1.124638707269666
559 590 -0.9053575182618498
551 563 3.574453703354731
552 569 4.436121480203944
554 577 0.7047961364960313
540 568 3.3153580262671256
545 571 -3.9184428135768994
555 575 -3.9184428135768994
578 583 -3.43705550120135
481 596 -2.5274489963885465
538 577 0.9053573740495944
518 568 0.10124748840924536
570 571 0.4674453385798212
571 575 0.982542654754837
549 573 2.418966462073592
518 574 0.5672301020452246
568 574 1.72076695640305
543 569 1.210635526973574
532 572 3.9184427168471876
548 584 -4.844202616288199
565 573 1.9501526258096291
539 573 2.5274488884529975
536 555 -5.53733426701854
552 567 2.646993557188065
526 601 -3.106750063060895
548 601 -3.9184428135768994
539 553 -2.0618119810484816
0 581 -4.145152083743929
526 585 1.880614156109223
530 580 2.2275794437459226
491 580 2.2726891994400433
588 607 -4.43612156009328
536 589 -4.43612156009328
485 589 0.08565016394454328
513 581 1.9149341938214999
557 574 1.8471390342477205
563 582 1.188767543534301
481 595 2.418966462073592
554 598 -1.0625403846496646
540 603 -2.0618119810484816
541 603 -4.844202616288199
555 589 2.368217406966919
564 582 0.6352858046593717
533 595 -4.145152083743929
526 598 0.10124748840924536
577 598 -0.5004308444200505
603 604 3.4370554399806776
541 604 -4.844202616288199
570 604 0.6352858046593717
504 591 2.023523983245292
556 591 -2.0618119810484816
576 586 -0.25821891342749526
508 539 -1.371652884404361
504 590 -1.2327653271421226
514 593 3.3153580262671256
564 587 1.8144599138640842
595 618 1.7825318837304605
586 597 1.3716527928075883
576 597 1.232765242543629
565 580 -0.08565028243590467
570 600 0.38602265684584536
575 605 0.6872705278045488
582 587 2.141984057957801
533 618 -4.844202616288199
585 598 -1.1457782950449733
528 580 0.652518806521984
384 588 -3.3153581355547077
555 605 0.5336849977291656
590 591 0.274059332246233
578 618 1.0830275858277314
539 613 0.9436225830949259
508 613 -0.9244110766470177
508 599 0.45104689322786395
550 599 2.023523983245292
568 607 -2.023524054927849
566 614 -5.53733426701854
558 614 -0.5170230248961472
514 587 0.7224263377855422
551 582 3.4370554399806776
573 580 0.35381849771398977
574 607 -3.732408358890588
603 607 3.3153580262671256
513 592 0.6352858046593717
514 592 2.2726891994400433
514 594 4.145152023550564
551 608 4.844202556684481
569 625 0.054484828546315534
543 625 4.436121480203944
572 611 1.6615501074318497
584 621 -2.4719661045957224
548 621 -1.3008300007371676
508 602 2.31951701078773
0 606 1.5497853865743236
581 592 0.40219817433836536
587 594 1.5230823357393546
583 611 0.7224263377855422
585 601 -4.43612156009328
602 613 -1.2778514672160726
599 602 1.9149341938214999
590 614 -5.53733426701854
606 624 3.4370554399806776
567 617 0.4347078707200993
552 625 2.5274488884529975
532 609 3.574453703354731
572 610 3.7324082779400585
561 620 2.184051378192568
573 613 0.5504197869721676
550 630 -3.732408358890588
570 622 1.6615501074318497
571 622 -1.7825320036768968
575 622 -3.9184428135768994
592 593 2.101269714871794
551 617 -0.19515772478657212
567 625 -0.14812115655181013
595 596 -0.5672302300910688
596 620 0.08565016394454328
580 613 2.2726891994400433
384 630 -0.6698460476628039
566 589 -3.0157253387444354
551 625 2.141984057957801
576 586 0.2582187931706581
605 623 1.1457782142804072
555 623 -1.8144600365838361
556 632 -3.732408358890588
546 632 -4.43612156009328
0 632 -5.53733426701854
593 594 1.1671515377428254
617 625 3.7324082779400585
584 586 1.232765242543629
538 598 1.986327796610479
599 630 -1.420575958424365
581 616 2.4719660016221714
532 610 2.7803933118077264
595 612 -3.732408358890588
596 612 -0.023346044556825873
384 626 3.4370554399806776
607 636 1.471006361575077
600 622 -0.4674454634335292
589 627 0.982542654754837
566 627 -4.844202616288199
0 633 -5.53733426701854
543 609 3.4370554399806776
609 610 4.436121480203944
610 611 4.145152023550564
626 630 2.2275794437459226
588 636 -2.2726892867301896
600 604 -2.7803933790295874
605 622 -1.0221649697100497
614 627 2.2726891994400433
632 633 0.9053573740495944
592 616 2.5856857384930256
608 625 1.3959338990403656
561 619 -3.732408358890588
591 615 -0.722426472174637
556 615 2.93164334365634
579 619 1.6328169387983074
590 615 3.2060450031958343
582 628 2.8534721380276795
585 629 1.124638707269666
598 629 1.0022628750411067
538 638 0.5004307185850176
538 641 -1.4710064589046166
528 641 -3.43705550120135
588 626 -3.106750063060895
555 631 -3.43705550120135
583 618 -3.2060451019615273
638 641 1.8144599138640842
623 631 0.9436225830949259
595 637 0.652518806521984
596 619 2.2275794437459226
584 634 0.6352858046593717
598 638 0.982542654754837
0 639 -5.53733426701854
593 616 3.2060450031958343
587 628 1.604628978813839
551 628 2.418966462073592
612 637 -2.023524054927849
612 619 -0.17945749696390423
619 620 -0.5004308444200505
586 634 2.4719660016221714
621 634 2.141984057957801
589 631 -3.3153581355547077
615 632 -3.732408358890588
633 639 2.023523983245292
627 631 -5.53733426701854
594 648 2.2726891994400433
583 645 2.5274488884529975
618 645 -2.22757952790676
585 699 0.1794573777347761
593 648 -0.8490927706325437
551 625 3.7324082779400585
601 699 -0.7759822513321553
626 636 2.141984057957801
586 635 3.2060450031958343
548 659 -1.5769600686022973
618 637 1.5497853865743236
634 635 3.015725255756913
601 659 1.9149341938214999
528 613 -0.4347079946705643
622 623 -1.60462908492035
610 640 4.844202556684481
621 679 -0.25821891342749526
613 642 1.8471390342477205
613 650 2.418966462073592
602 650 -2.5274489963885465
599 654 -0.3860227795812654
600 661 0.41842577919951873
629 638 -0.0544849469084292
528 642 0.982542654754837
602 654 2.184051378192568
630 654 -1.324114566604422
622 661 2.93164334365634
619 649 -1.420575958424365
579 649 -2.1012697910023577
629 664 0.7940688968903633
607 666 -2.418966560561031
604 651 0.4674453385798212
614 652 -4.844202616288199
633 656 -0.4839058740936957
619 637 2.4719660016221714
579 635 0.33778526158074773
638 664 1.0422550037182607
603 666 -2.319517101482562
600 651 -0.27405945275533616
632 656 3.7324082779400585
616 647 2.4719660016221714
587 657 0.4674453385798212
579 658 2.4719660016221714
666 680 1.471006361575077
603 680 -2.8534722097520193
614 667 -4.43612156009328
628 657 1.347717671142901
649 658 -0.7401649710893459
629 699 1.124638707269666
652 667 1.1457782142804072
543 643 3.4370554399806776
613 660 0.7580154487445683
607 665 -4.844202616288199
614 655 -5.53733426701854
609 643 0.5170228985401271
611 640 2.7803933118077264
642 660 2.93164334365634
665 666 2.5856857384930256
603 651 0.982542654754837
652 655 2.101269714871794
616 675 2.8534721380276795
593 676 0.8122799937741847
643 644 2.2275794437459226
609 644 2.368217406966919
611 669 0.9436225830949259
583 669 -1.2778514672160726
618 678 -4.844202616288199
637 678 -3.0157253387444354
664 699 2.184051378192568
631 671 -1.986327866288225
639 646 1.5497853865743236
0 672 -2.8534722097520193
647 675 2.646993557188065
648 676 2.7117470592609445
645 669 0.5170228985401271
548 679 -4.43612156009328
651 680 -3.43705550120135
651 661 2.646993557188065
627 671 0.2899341161553104
627 655 -4.844202616288199
639 672 3.2060450031958343
594 657 -1.5230824363372633
610 644 1.0422550037182607
640 669 2.8534721380276795
645 678 1.3716527928075883
650 654 0.274059332246233
622 631 -5.53733426701854
543 663 3.4370554399806776
640 653 3.2060450031958343
635 658 0.07006324471763459
635 670 2.2726891994400433
590 762 -5.53733426701854
639 662 0.7401648358628796
0 673 -1.8144600365838361
606 673 -1.751313725733529
606 674 -1.1887676261434261
593 675 3.7324082779400585
658 670 0.1168571278983801
634 670 1.0022628750411067
615 762 -3.9184428135768994
633 646 0.41842577919951873
672 673 1.2551669361900215
673 674 1.986327796610479
610 653 2.023523983245292
619 683 1.445594446330888
634 687 1.0830275858277314
621 687 1.3959338990403656
636 689 -1.7207670712436016
627 684 -0.038913137770452355
614 668 2.5274488884529975
632 762 0.33778526158074773
633 690 2.5274488884529975
644 653 0.8677032967963991
649 683 0.2899341161553104
659 699 -0.24241052705099042
650 660 1.0625402297313233
626 689 -4.145152083743929
655 684 -1.042255157127819
667 668 -5.53733426701854
656 690 3.015725255756913
646 662 1.0221648177565306
616 675 3.7324082779400585
551 681 2.023523983245292
625 681 2.2275794437459226
625 682 3.9184427168471876
543 682 5.537334267018537
543 677 1.188767543534301
630 688 -0.40219829746062086
626 688 1.4205758640846524
636 695 -1.1246387871621042
607 695 -2.319517101482562
607 703 0.41842577919951873
606 686 -2.7117471225450083
551 657 0.2899341161553104
663 677 1.4205758640846524
643 677 1.471006361575077
670 687 2.7803933118077264
641 642 -0.5004308444200505
654 688 -2.8534722097520193
689 695 0.08565016394454328
674 686 1.7825318837304605
640 644 2.368217406966919
638 699 -0.14812115655181013
656 762 0.6872705278045488
671 684 -0.08565028243590467
551 711 1.347717671142901
641 694 -0.4347079946705643
652 696 0.6698459156176995
668 685 2.101269714871794
648 657 -1.60462908492035
657 711 1.5497853865743236
681 682 2.5274488884529975
644 677 2.5274488884529975
641 699 -0.4674454634335292
695 703 1.72076695640305
665 703 -1.1037246319352672
655 696 -1.1457782950449733
667 685 -5.53733426701854
590 668 -2.2726892867301896
551 692 4.436121480203944
640 645 1.210635526973574
659 706 2.31951701078773
694 699 3.9184427168471876
633 662 0.7759821143416219
633 639 3.015725255756913
658 683 2.31951701078773
699 706 -0.07006336313715722
641 660 -2.368217501379304
663 693 3.574453703354731
621 691 -0.22663222628581936
679 691 2.31951701078773
641 707 -1.7207670712436016
651 700 0.48390574875928927
661 700 1.3959338990403656
656 697 2.4719660016221714
673 698 2.5274488884529975
606 718 -3.5744537730315336
692 711 3.4370554399806776
677 693 3.9184427168471876
687 691 2.184051378192568
694 707 3.574453703354731
688 689 -1.8144600365838361
697 762 1.347717671142901
672 698 2.646993557188065
686 718 1.124638707269666
648 710 2.646993557188065
657 710 -3.2060451019615273
640 677 3.4370554399806776
671 724 -3.43705550120135
684 724 -3.106750063060895
674 698 0.8122799937741847
681 692 3.015725255756913
548 691 -3.106750063060895
684 696 3.10674997290245
667 696 -3.5744537730315336
590 685 -2.0618119810484816
658 715 2.368217406966919
641 650 -1.2106356105583946
654 702 2.368217406966919
665 729 -2.023524054927849
666 729 0.22663210648628773
697 712 3.7324082779400585
674 701 0.8677032967963991
543 693 2.646993557188065
670 715 1.1671515377428254
650 702 -1.371652884404361
712 762 2.5856857384930256
633 672 1.1671515377428254
698 701 1.232765242543629
686 701 0.07006324471763459
624 718 -3.2060451019615273
675 709 -0.25821891342749526
593 720 1.5230823357393546
640 705 3.10674997290245
619 678 -4.145152083743929
619 722 -1.7207670712436016
683 722 0.7580154487445683
650 716 -3.43705550120135
688 723 1.9501526258096291
689 723 0.7759821143416219
708 762 4.844202556684481
686 704 1.4205758640846524
718 719 2.7117470592609445
624 719 -5.53733426701854
709 720 3.9184427168471876
678 722 2.7803933118077264
641 716 2.2726891994400433
690 697 3.7324082779400585
701 704 2.023523983245292
593 721 2.141984057957801
676 721 -0.32179504083642385
681 714 2.101269714871794
703 729 3.574453703354731
651 730 3.10674997290245
688 702 -3.43705550120135
680 730 -1.6328170469254393
667 725 -3.9184428135768994
685 725 1.0830275858277314
720 721 2.418966462073592
590 725 -2.7117471225450083
708 712 2.418966462073592
648 721 -0.5841189757308616
692 713 4.844202556684481
681 726 1.880614156109223
682 726 0.8306197427665889
682 732 2.31951701078773
682 727 2.2726891994400433
726 732 3.7324082779400585
727 732 2.8534721380276795
680 729 -1.6328170469254393
681 713 1.72076695640305
707 746 4.145152023550564
641 746 -0.635285935274005
702 716 2.0618119072200103
689 738 0.274059332246233
695 739 0.5504197869721676
729 730 2.5856857384930256
651 717 -0.305845384176723
700 717 1.1457782142804072
661 717 0.8864565510992328
698 731 1.7513136084096503
719 736 2.5856857384930256
624 736 -4.844202616288199
710 711 -0.7759822513321553
640 678 -3.106750063060895
723 738 2.7803933118077264
738 739 0.5504197869721676
717 730 2.7803933118077264
672 690 2.368217406966919
701 731 0.3058452631148958
677 728 1.9501526258096291
640 734 4.145152023550564
640 744 4.145152023550564
678 744 -4.844202616288199
694 746 0.5336849977291656
704 731 2.646993557188065
686 731 2.101269714871794
710 721 3.3153580262671256
713 714 1.4968293639808472
640 728 -0.0544849469084292
658 722 -0.7940690348095123
699 746 0.023345926266394867
703 739 1.9501526258096291
718 731 1.0422550037182607
675 742 0.9436225830949259
709 742 -0.9629980439232386
682 733 1.4205758640846524
543 733 2.7803933118077264
640 737 1.6908566753683048
705 737 1.103724552883528
727 733 2.5856857384930256
693 728 0.2899341161553104
728 737 1.5497853865743236
734 744 3.7324082779400585
659 691 -0.27405945275533616
693 733 2.93164334365634
691 754 0.8864565510992328
659 754 3.10674997290245
661 740 -0.6698460476628039
712 735 1.232765242543629
698 745 -0.007781779532672672
718 747 1.7825318837304605
714 726 3.015725255756913
728 733 2.2275794437459226
622 740 -2.7803933790295874
697 735 3.9184427168471876
731 745 1.6908566753683048
731 747 2.7117470592609445
687 754 -0.4347079946705643
717 740 1.986327796610479
631 751 -5.53733426701854
696 752 -2.22757952790676
640 737 3.10674997290245
670 754 -0.533685124626992
671 751 0.9436225830949259
667 752 1.72076695640305
708 735 3.10674997290245
672 745 1.604628978813839
722 749 3.3153580262671256
658 754 -2.418966560561031
753 762 4.436121480203944
719 747 0.1168571278983801
749 754 1.7513136084096503
688 716 -2.7117471225450083
728 741 3.2060450031958343
737 741 2.646993557188065
715 754 -1.8806142848807943
659 755 1.3008299128497565
699 770 -0.19515772478657212
733 741 1.9149341938214999
706 755 1.0422550037182607
706 770 0.10124748840924536
746 770 5.537334267018537
716 746 -2.0618119810484816
721 748 3.7324082779400585
737 743 4.145152023550564
746 761 2.93164334365634
716 761 -3.9184428135768994
724 751 -1.690856787854381
684 752 -2.6469936768108107
667 757 -0.5841189757308616
725 757 -0.9053575182618498
590 768 -5.53733426701854
720 742 -0.3860227795812654
755 770 0.5004307185850176
752 757 2.2275794437459226
762 768 4.844202556684481
736 747 -0.007781779532672672
720 759 0.3058452631148958
684 765 -4.43612156009328
752 765 2.8534721380276795
742 759 2.93164334365634
713 726 1.2778513804684322
741 743 2.5274488884529975
739 764 0.5004307185850176
730 750 2.2275794437459226
730 756 3.4370554399806776
703 764 1.445594446330888
729 750 1.4968293639808472
750 756 1.210635526973574
708 753 1.0625402297313233
716 723 -0.7759822513321553
708 762 1.0830275858277314
735 762 4.436121480203944
690 766 1.124638707269666
672 766 -0.7401649710893459
692 710 1.8144599138640842
716 738 -1.371652884404361
717 756 0.07006324471763459
590 757 2.5856857384930256
690 735 3.4370554399806776
742 758 2.5274488884529975
741 760 1.5497853865743236
738 763 0.007781661256567096
738 764 0.6698459156176995
751 772 2.646993557188065
724 772 -4.145152083743929
720 748 0.7580154487445683
733 760 0.3217949194737102
716 763 0.982542654754837
733 771 2.5856857384930256
703 774 -2.368217501379304
622 717 0.03891301945135828
731 766 -1.4455945421327967
747 766 -1.986327866288225
760 771 2.5856857384930256
763 764 -0.3860227795812654
710 776 2.8534721380276795
732 767 3.10674997290245
743 760 2.368217406966919
747 773 2.646993557188065
721 776 2.8534721380276795
727 767 2.93164334365634
722 744 -3.732408358890588
764 774 -1.167151619412428
684 772 -0.8306198826413334
710 713 1.210635526973574
746 770 3.3153580262671256
729 774 -1.60462908492035
684 775 -0.22663222628581936
748 759 4.436121480203944
727 771 2.184051378192568
640 744 4.844202556684481
744 749 -2.1012697910023577
761 770 2.0618119072200103
772 775 1.3008299128497565
758 769 3.7324082779400585
742 769 0.9244109312539295
742 758 1.3008299128497565
758 759 4.436121480203944
710 726 0.10124748840924536
749 780 -3.106750063060895
745 766 0.9436225830949259
744 780 3.574453703354731
766 773 1.0022628750411067
754 780 -3.3153581355547077
729 756 2.5274488884529975
710 777 1.8471390342477205
726 777 -1.60462908492035
754 788 -4.43612156009328
746 784 4.844202556684481
770 784 4.844202556684481
717 782 -0.8490927706325437
631 790 -2.4719661045957224
751 790 0.1637791782871667
735 783 5.537334267018537
780 788 1.5230823357393546
756 782 -3.5744537730315336
765 775 -4.43612156009328
760 778 3.574453703354731
775 786 2.023523983245292
765 786 -5.53733426701854
690 783 3.10674997290245
690 787 3.2060450031958343
766 787 1.4968293639808472
743 778 4.436121480203944
640 743 4.436121480203944
772 790 -0.25821891342749526
763 781 -2.7803933790295874
764 781 -0.36989699244014895
764 789 1.445594446330888
774 789 0.07006324471763459
622 796 -1.0022630255891705
748 776 2.7803933118077264
732 777 0.40219817433836536
771 778 3.2060450031958343
782 796 -1.8144600365838361
710 779 3.7324082779400585
776 779 2.5274488884529975
781 789 0.5336849977291656
659 770 -2.8534722097520193
752 800 -3.106750063060895
747 797 0.9436225830949259
754 770 -2.319517101482562
773 797 4.436121480203944
727 798 2.7117470592609445
754 806 -3.732408358890588
754 793 -1.690856787854381
770 793 1.6908566753683048
789 794 2.7117470592609445
774 794 -0.5841189757308616
772 785 4.844202556684481
766 791 1.0625402297313233
767 798 4.145152023550564
744 788 4.145152023550564
788 806 1.9149341938214999
765 800 -5.53733426701854
761 799 3.10674997290245
716 807 -0.13248112001244716
763 807 -0.13248112001244716
786 800 2.141984057957801
770 799 5.537334267018537
781 807 -0.867703438765498
759 776 2.7117470592609445
732 823 2.023523983245292
727 805 -0.08565028243590467
744 792 4.436121480203944
754 821 -2.9316434205780437
794 803 3.015725255756913
774 803 -1.7207670712436016
766 808 2.368217406966919
766 801 -1.420575958424365
777 823 -2.418966560561031
771 805 2.2726891994400433
793 821 1.3959338990403656
785 790 -1.042255157127819
787 808 2.5274488884529975
791 801 1.103724552883528
761 810 3.9184427168471876
729 795 -0.8122801326543725
756 795 1.5769599644200505
757 800 -2.0618119810484816
590 762 -5.53733426701854
762 804 1.6908566753683048
798 805 2.368217406966919
774 795 -1.1457782950449733
772 786 -0.7401649710893459
590 800 -3.5744537730315336
791 808 1.6615501074318497
754 820 0.40219817433836536
770 802 4.844202556684481
782 795 -0.6010891274007599
790 816 -1.914934325902037
772 829 -4.844202616288199
786 829 -4.145152083743929
735 804 -1.6328170469254393
735 814 -0.533685124626992
783 814 1.5769599644200505
766 817 -0.5841189757308616
773 817 3.015725255756913
710 823 -1.986327866288225
767 823 4.844202556684481
806 820 0.982542654754837
761 807 2.5856857384930256
631 796 -0.6698460476628039
710 815 -1.4455945421327967
785 813 1.0830275858277314
787 814 3.574453703354731
779 815 -3.0157253387444354
815 823 3.015725255756913
789 807 1.5497853865743236
790 813 -0.16377929735639296
804 814 2.418966462073592
690 814 1.7513136084096503
801 817 3.4370554399806776
770 809 3.574453703354731
774 812 -0.038913137770452355
795 812 2.646993557188065
743 771 2.5274488884529975
803 812 1.72076695640305
813 816 -2.5856858519456853
785 829 -5.53733426701854
758 811 3.015725255756913
782 822 -2.319517101482562
796 822 0.7224263377855422
631 833 -4.43612156009328
790 833 0.8677032967963991
786 828 1.210635526973574
762 830 4.145152023550564
793 809 1.4968293639808472
794 807 1.986327796610479
795 822 0.4674453385798212
828 829 -2.9316434205780437
590 830 -5.53733426701854
640 825 3.3153580262671256
820 821 -0.36989699244014895
744 806 2.0618119072200103
801 808 0.8490926297285697
779 846 -1.9501526936104758
640 824 2.023523983245292
792 818 3.10674997290245
744 819 5.537334267018537
793 826 4.145152023550564
809 826 2.418966462073592
799 831 3.3153580262671256
761 831 2.7117470592609445
759 811 3.4370554399806776
776 846 -1.0022630255891705
815 846 1.7513136084096503
744 818 3.2060450031958343
792 819 3.4370554399806776
808 814 3.3153580262671256
744 856 1.8144599138640842
806 856 4.436121480203944
806 821 3.3153580262671256
800 834 1.8471390342477205
590 834 -4.145152083743929
797 838 2.023523983245292
743 824 2.93164334365634
744 825 1.880614156109223
821 826 2.418966462073592
796 833 0.5336849977291656
770 827 1.6328169387983074
802 827 1.9501526258096291
803 832 -0.023346044556825873
773 838 4.145152023550564
838 844 5.537334267018537
797 844 1.4205758640846524
759 846 2.7803933118077264
794 832 0.13248100121840833
816 833 -4.844202616288199
813 829 -3.732408358890588
817 838 2.8534721380276795
819 856 2.184051378192568
809 827 2.5856857384930256
812 832 0.242410407030617
761 837 5.537334267018537
829 852 1.4968293639808472
808 817 -0.038913137770452355
810 837 4.844202556684481
828 852 -0.9825428039459942
786 834 -0.6698460476628039
771 848 -0.6525189378391278
743 841 -1.2778514672160726
819 835 3.4370554399806776
809 836 4.844202556684481
810 851 3.3153580262671256
828 834 -0.8864566941706382
804 840 3.574453703354731
814 853 0.40219817433836536
805 848 1.445594446330888
743 848 -0.8864566941706382
826 836 2.023523983245292
761 851 2.418966462073592
814 840 0.03891301945135828
767 847 2.5856857384930256
798 847 1.3008299128497565
743 854 2.4719660016221714
830 861 2.4719660016221714
762 861 3.9184427168471876
814 843 0.22663210648628773
814 817 0.45104689322786395
805 847 3.4370554399806776
841 854 -0.9629980439232386
835 856 2.4719660016221714
795 832 -0.08565028243590467
762 840 2.5274488884529975
840 843 2.101269714871794
817 853 1.6615501074318497
759 845 4.436121480203944
823 846 1.0625402297313233
823 839 3.9184427168471876
770 827 1.471006361575077
807 837 1.4205758640846524
796 867 -2.7117471225450083
828 873 -5.53733426701854
834 873 -5.53733426701854
841 848 2.368217406966919
822 867 -4.844202616288199
640 855 0.7580154487445683
825 855 2.5274488884529975
826 842 1.6908566753683048
794 837 -0.24241052705099042
839 846 1.0830275858277314
767 839 1.6328169387983074
836 842 4.145152023550564
843 853 0.6352858046593717
824 862 -0.5672302300910688
818 849 0.8677032967963991
826 850 4.145152023550564
799 859 3.4370554399806776
816 829 3.015725255756913
743 862 0.3058452631148958
744 849 1.0422550037182607
792 849 0.652518806521984
821 850 2.0618119072200103
770 809 0.9244109312539295
831 859 1.9149341938214999
831 851 0.7047961364960313
832 837 -0.5841189757308616
822 832 -3.0157253387444354
824 863 -0.618143736811748
824 855 -1.0022630255891705
792 856 0.8677032967963991
819 856 3.574453703354731
862 863 2.8534721380276795
855 863 3.4370554399806776
744 855 -0.007781779532672672
842 850 3.2060450031958343
770 836 0.982542654754837
833 867 -5.53733426701854
744 872 0.5336849977291656
821 858 3.9184427168471876
831 860 1.6328169387983074
829 865 -1.371652884404361
855 872 2.7117470592609445
849 856 -1.6615502176829433
850 858 2.5856857384930256
851 860 1.2778513804684322
852 865 2.023523983245292
852 873 0.33778526158074773
759 846 0.8864565510992328
759 839 1.2551669361900215
759 767 1.8471390342477205
854 866 1.986327796610479
743 866 -0.6010891274007599
744 868 0.9629978960423582
806 857 3.7324082779400585
806 864 1.5497853865743236
857 864 2.2275794437459226
770 842 -0.17945749696390423
770 859 2.7803933118077264
859 860 2.7117470592609445
817 876 3.4370554399806776
868 872 2.023523983245292
856 857 2.8534721380276795
770 850 3.7324082779400585
838 876 3.574453703354731
759 869 3.4370554399806776
806 857 3.7324082779400585
767 805 1.986327796610479
759 870 2.7117470592609445
846 870 2.7803933118077264
805 871 2.93164334365634
848 871 -3.2060451019615273
841 871 -2.319517101482562
851 859 4.145152023550564
829 833 -4.844202616288199
853 875 1.4968293639808472
854 871 1.8144599138640842
832 867 1.8471390342477205
840 861 2.93164334365634
845 874 2.8534721380276795
759 874 2.2726891994400433
868 877 2.8534721380276795
744 877 -1.083027742309897
849 868 3.10674997290245
840 853 -1.042255157127819
856 868 0.40219817433836536
859 860 -0.14812115655181013
860 878 0.22663210648628773
817 881 0.9244109312539295
869 874 2.141984057957801
862 866 0.7580154487445683
849 877 1.8144599138640842
821 850 3.2060450031958343
859 878 2.31951701078773
830 840 3.3153580262671256
865 873 -2.22757952790676
840 875 0.6872705278045488
759 874 3.9184427168471876
845 874 2.8534721380276795
810 879 1.2551669361900215
837 879 3.10674997290245
832 888 1.5497853865743236
767 871 3.015725255756913
837 888 1.8471390342477205
817 875 0.3058452631148958
854 887 0.7047961364960313
868 882 3.4370554399806776
856 891 -0.867703438765498
850 883 3.7324082779400585
770 883 5.537334267018537
837 880 2.7803933118077264
871 887 -1.083027742309897
872 882 0.1794573777347761
845 884 0.6352858046593717
866 902 -1.3008300007371676
862 902 0.023345926266394867
857 892 3.574453703354731
806 892 2.8534721380276795
830 901 2.7117470592609445
855 882 1.3008299128497565
590 901 -5.53733426701854
759 874 2.023523983245292
871 886 0.8677032967963991
863 902 -1.914934325902037
821 892 2.418966462073592
810 880 0.1481210376275779
832 885 2.101269714871794
867 885 -1.0022630255891705
875 890 2.418966462073592
874 884 0.1637791782871667
886 887 2.5856857384930256
851 880 3.574453703354731
879 880 3.574453703354731
840 890 3.4370554399806776
759 894 2.141984057957801
867 889 -1.8806142848807943
833 889 1.6615501074318497
817 893 3.4370554399806776
876 893 2.5274488884529975
868 891 -0.5504199144331001
856 892 4.145152023550564
885 889 0.45104689322786395
868 896 3.10674997290245
821 903 2.5856857384930256
821 898 3.9184427168471876
850 899 3.2060450031958343
837 900 3.7324082779400585
767 894 1.6615501074318497
891 896 1.72076695640305
892 903 3.574453703354731
850 898 2.7803933118077264
888 900 3.2060450031958343
871 908 -0.25821891342749526
854 902 -3.9184428135768994
868 895 3.2060450031958343
891 897 3.2060450031958343
856 897 0.6872705278045488
829 906 -2.8534722097520193
830 907 1.2778513804684322
840 907 -0.6872706606037844
767 908 -1.914934325902037
865 906 1.1671515377428254
759 912 0.369896870073811
855 902 -1.690856787854381
882 902 -0.867703438765498
833 905 -2.1012697910023577
829 905 1.3716527928075883
887 902 -1.986327866288225
868 902 0.8122799937741847
889 905 -0.7580155848378691
901 907 -0.19515772478657212
871 909 0.8490926297285697
885 904 1.9501526258096291
908 909 1.124638707269666
898 903 3.4370554399806776
898 899 2.0618119072200103
859 883 1.2551669361900215
832 904 2.2726891994400433
871 913 2.184051378192568
891 910 2.5856857384930256
897 911 1.604628978813839
856 911 3.7324082779400585
909 913 3.574453703354731
905 906 -0.6525189378391278
874 912 0.8122799937741847
891 914 0.6181436068748636
859 925 1.5769599644200505
859 915 2.31951701078773
859 925 2.646993557188065
859 880 3.2060450031958343
894 912 1.72076695640305
886 913 0.10124748840924536
896 914 1.124638707269666
883 899 2.101269714871794
883 925 3.9184427168471876
889 904 -0.618143736811748
874 923 -1.2327653271421226
912 923 0.5504197869721676
886 920 1.6615501074318497
859 918 0.7047961364960313
904 919 1.8471390342477205
913 920 1.210635526973574
910 914 1.6908566753683048
915 925 2.8534721380276795
889 919 -2.2726892867301896
817 950 2.023523983245292
886 902 -0.9629980439232386
895 902 -0.07006336313715722
880 918 3.2060450031958343
893 950 1.188767543534301
767 912 0.2582187931706581
895 896 3.9184427168471876
910 916 1.5497853865743236
891 916 3.574453703354731
856 917 2.141984057957801
880 931 1.1457782142804072
837 931 -1.914934325902037
900 931 1.3959338990403656
906 921 0.6010889981175147
890 927 1.1457782142804072
844 922 3.9184427168471876
902 920 2.0618119072200103
896 902 0.2899341161553104
891 911 1.8144599138640842
918 925 0.48390574875928927
873 921 -1.7825320036768968
875 927 2.7117470592609445
896 916 2.7117470592609445
914 916 1.0022628750411067
892 917 2.418966462073592
892 924 2.4719660016221714
883 898 3.7324082779400585
880 928 -0.618143736811748
889 926 -3.2060451019615273
905 926 1.3241144775306468
928 931 2.5856857384930256
919 926 3.3153580262671256
905 921 -0.5672302300910688
876 950 1.604628978813839
902 930 -2.7117471225450083
911 917 1.6908566753683048
888 936 4.844202556684481
832 936 1.210635526973574
904 936 0.4674453385798212
911 916 -0.305845384176723
921 926 -0.08565028243590467
875 950 3.3153580262671256
767 944 -2.4719661045957224
900 929 0.2899341161553104
888 929 2.4719660016221714
890 932 4.436121480203944
912 944 1.347717671142901
908 944 2.8534721380276795
896 930 3.10674997290245
880 925 2.646993557188065
927 932 3.9184427168471876
838 922 3.3153580262671256
907 957 -2.2726892867301896
840 957 -4.844202616288199
929 931 1.6615501074318497
912 933 1.7825318837304605
912 935 -0.27405945275533616
896 934 1.5230823357393546
916 934 1.3241144775306468
919 936 -1.5230824363372633
873 949 -5.53733426701854
834 949 0.5841188470777665
933 935 1.5769599644200505
917 924 0.9053573740495944
913 937 -0.22663222628581936
920 937 2.0618119072200103
920 930 0.8864565510992328
903 924 3.015725255756913
898 942 -0.023346044556825873
883 943 -1.3477177614522067
925 943 -1.1037246319352672
921 939 -0.722426472174637
838 940 2.93164334365634
930 934 2.4719660016221714
883 942 -2.9316434205780437
873 939 -4.844202616288199
927 950 2.646993557188065
912 944 1.1671515377428254
911 941 1.1671515377428254
917 945 -1.0022630255891705
883 954 -3.43705550120135
926 939 -2.7117471225450083
935 944 2.5274488884529975
911 934 1.188767543534301
917 941 0.369896870073811
943 954 3.574453703354731
901 957 -1.7207670712436016
925 946 -3.43705550120135
880 947 0.9053573740495944
880 961 -2.7803933790295874
928 961 2.418966462073592
931 938 2.93164334365634
929 938 0.8677032967963991
873 956 -4.145152083743929
924 945 1.72076695640305
903 942 2.418966462073592
939 956 2.023523983245292
923 951 2.7117470592609445
930 952 -3.3153581355547077
930 953 -2.1012697910023577
883 971 -1.2551670218420983
925 955 0.35381849771398977
876 940 1.4205758640846524
912 951 0.9053573740495944
909 944 -0.8490927706325437
941 945 0.8864565510992328
942 971 0.1481210376275779
943 946 3.9184427168471876
912 960 0.41842577919951873
930 964 -3.106750063060895
880 961 -2.5856858519456853
840 932 1.103724552883528
912 935 1.3716527928075883
944 960 2.368217406966919
930 937 0.1481210376275779
952 964 1.986327796610479
952 953 2.101269714871794
954 971 2.0618119072200103
946 955 1.604628978813839
925 961 -3.43705550120135
947 961 -0.7580155848378691
888 938 2.7803933118077264
949 956 -0.14812115655181013
940 950 2.7803933118077264
913 967 -1.751313725733529
937 967 2.184051378192568
925 966 -2.368217501379304
931 948 3.9184427168471876
927 958 3.4370554399806776
934 953 -0.9629980439232386
955 966 2.31951701078773
961 966 0.7401648358628796
935 951 1.604628978813839
944 963 0.2582187931706581
909 963 1.986327796610479
934 991 -0.40219829746062086
938 948 1.9501526258096291
901 983 2.2275794437459226
953 991 -1.6615502176829433
957 983 -4.844202616288199
913 963 1.4205758640846524
934 965 -3.5744537730315336
903 968 -2.7117471225450083
965 991 -0.9244110766470177
911 965 -4.43612156009328
942 968 0.1481210376275779
950 958 2.646993557188065
923 991 -0.4674454634335292
935 959 2.101269714871794
935 962 2.93164334365634
930 967 -0.14812115655181013
590 976 -5.53733426701854
951 959 0.7759821143416219
959 962 2.5274488884529975
963 967 -1.2551670218420983
901 976 2.101269714871794
944 974 1.8144599138640842
928 980 0.40219817433836536
931 980 -2.023524054927849
888 948 1.4205758640846524
926 975 -0.353818619728701
963 974 -1.7207670712436016
941 965 -1.420575958424365
968 971 1.9149341938214999
936 948 -0.11685724657693086
939 975 -2.6469936768108107
941 991 -0.7759822513321553
924 968 -2.368217501379304
975 980 1.4968293639808472
931 975 -1.2106356105583946
957 981 -1.5497854889223055
950 969 4.436121480203944
951 991 -1.4968294629075651
944 962 2.31951701078773
964 967 2.184051378192568
948 975 -2.4719661045957224
919 975 3.015725255756913
956 975 -2.418966560561031
840 981 -1.8806142848807943
932 958 1.0022628750411067
945 970 1.4968293639808472
945 968 1.210635526973574
936 975 -4.43612156009328
840 977 0.48390574875928927
932 977 2.7117470592609445
940 978 4.844202556684481
952 991 -1.6328170469254393
945 991 -1.60462908492035
961 980 2.141984057957801
968 970 1.7513136084096503
940 973 2.93164334365634
964 991 -1.914934325902037
970 991 -2.5274489963885465
973 978 3.4370554399806776
976 983 3.9184427168471876
951 979 0.007781661256567096
943 971 -1.167151619412428
966 972 2.184051378192568
961 972 1.986327796610479
932 981 0.5004307185850176
958 981 1.1457782142804072
959 979 1.4205758640846524
590 949 -3.3153581355547077
950 981 3.2060450031958343
956 987 -2.8534722097520193
949 987 -4.844202616288199
949 988 -3.2060451019615273
955 972 -0.4510470176203887
590 988 -1.042255157127819
977 981 0.9629978960423582
943 982 -1.2327653271421226
946 982 0.13248100121840833
955 985 -1.4710064589046166
962 974 2.2275794437459226
971 982 1.3008299128497565
972 985 2.0618119072200103
975 987 1.9149341938214999
987 988 -0.21088196663715686
946 985 -0.10124760698692858
950 984 1.4205758640846524
969 984 4.145152023550564
590 983 -3.9184428135768994
981 993 4.844202556684481
981 990 2.8534721380276795
950 990 3.3153580262671256
940 978 2.8534721380276795
979 991 0.6010889981175147
967 974 0.13248100121840833
982 985 1.3959338990403656
977 993 1.4968293639808472
984 990 3.4370554399806776
967 991 -0.8306198826413334
968 991 -2.7803933790295874
971 991 -2.1419841365639445
972 986 1.103724552883528
961 986 -0.4674454634335292
981 989 0.1168571278983801
977 981 1.3716527928075883
940 969 1.471006361575077
962 979 0.6698459156176995
957 989 -3.9184428135768994
974 991 -1.2106356105583946
590 992 -2.8534722097520193
983 992 0.7047961364960313
962 991 -0.0544849469084292
985 986 0.1481210376275779
961 991 -2.1840514594677467
980 991 -1.420575958424365
975 991 -1.1457782950449733
981 995 3.015725255756913
982 991 -1.4968294629075651
986 991 -0.0544849469084292
969 978 2.93164334365634
985 991 -2.418966560561031
987 996 0.007781661256567096
981 994 3.574453703354731
988 996 3.015725255756913
994 995 4.436121480203944
990 995 2.418966462073592
590 996 -2.9316434205780437
992 996 1.4968293639808472
983 998 -0.8490927706325437
983 997 3.9184427168471876
992 998 0.5672301020452246
957 997 -4.145152083743929
975 999 2.7117470592609445
984 995 -1.3477177614522067
997 998 -0.8490927706325437
969 1001 -0.40219829746062086
978 1001 0.7047961364960313
957 981 -4.844202616288199
987 999 -0.25821891342749526
996 998 -0.32179504083642385
984 1000 0.33778526158074773
987 998 0.7940688968903633
995 1000 3.4370554399806776
984 1006 -0.5841189757308616
984 1001 -0.7940690348095123
1000 1006 0.242410407030617
1001 1006 3.4370554399806776
975 1002 3.3153580262671256
987 991 1.7513136084096503
997 1005 2.7803933118077264
991 1002 0.8122799937741847
998 1005 -2.5856858519456853
998 1004 -3.2060451019615273
1004 1005 1.5230823357393546
994 1000 3.4370554399806776
981 1006 -3.732408358890588
957 1006 0.7047961364960313
987 1003 0.45104689322786395
987 1004 -3.3153581355547077
999 1002 3.574453703354731
994 1006 -4.43612156009328
991 999 -3.43705550120135
991 1003 -0.33778538326100627
1003 1004 -0.4347079946705643
997 1007 3.7324082779400585
1001 1011 1.9501526258096291
1004 1008 -0.7401649710893459
1005 1008 -0.24241052705099042
991 1004 -3.43705550120135
1006 1009 -0.4184259027266788
1004 1010 0.33778526158074773
957 1009 -3.2060451019615273
1001 1012 1.1671515377428254
957 1007 -4.844202616288199
1006 1012 2.5274488884529975
1011 1012 3.4370554399806776
1008 1010 -2.5856858519456853
1005 1010 1.2778513804684322
1006 1013 -2.5274489963885465
1004 1016 -0.7759822513321553
991 1016 -3.43705550120135
1010 1016 0.1637791782871667
997 1010 -0.6872706606037844
997 1020 0.7759821143416219
1006 1018 0.7580154487445683
1010 1020 2.101269714871794
1009 1018 3.9184427168471876
1010 1017 -1.8144600365838361
1006 1019 -0.13248112001244716
1012 1019 0.10124748840924536
1011 1014 2.8534721380276795
1016 1017 -1.1037246319352672
1012 1014 0.7580154487445683
1011 1015 4.844202556684481
1007 1020 3.9184427168471876
1014 1015 4.436121480203944
1014 1019 0.5004307185850176
1010 1021 1.604628978813839
1017 1021 0.40219817433836536
1013 1019 -3.106750063060895
991 1026 2.4719660016221714
991 1025 0.19515760538251437
1013 1018 0.8864565510992328
1025 1026 3.4370554399806776
957 1018 -2.023524054927849
1020 1021 1.471006361575077
1016 1022 1.0022628750411067
1017 1022 -1.8144600365838361
1021 1022 0.982542654754837
1002 1027 1.103724552883528
999 1027 1.7825318837304605
1020 1023 0.8122799937741847
991 1027 0.08565016394454328
1021 1023 3.10674997290245
1019 1024 1.9149341938214999
1014 1024 1.4968293639808472
991 1029 3.015725255756913
1018 1033 1.0221648177565306
1025 1029 2.7803933118077264
1013 1033 -3.5744537730315336
1007 1023 2.023523983245292
1014 1034 0.40219817433836536
991 1022 -5.53733426701854
1019 1033 -0.023346044556825873
1024 1034 0.8677032967963991
1024 1033 0.10124748840924536
991 1031 1.3959338990403656
1021 1028 1.880614156109223
1023 1028 0.054484828546315534
1027 1031 1.210635526973574
957 1033 -2.5856858519456853
1023 1030 -0.24241052705099042
1028 1030 3.3153580262671256
1007 1030 2.31951701078773
1033 1034 2.5856857384930256
957 1046 2.7117470592609445
1007 1046 -4.43612156009328
1021 1032 4.145152023550564
1028 1032 2.368217406966919
999 1036 -1.1246387871621042
1007 1043 -0.533685124626992
991 1036 1.0625402297313233
1030 1043 2.141984057957801
1043 1046 -3.5744537730315336
1027 1036 -1.1037246319352672
1022 1032 0.4347078707200993
1027 1035 -3.9184428135768994
1035 1036 -1.324114566604422
991 1025 0.33778526158074773
1031 1037 -4.844202616288199
1027 1037 -4.844202616288199
1035 1037 -2.1012697910023577
1022 1038 0.8122799937741847
1032 1038 -0.07006336313715722
1028 1038 0.7759821143416219
1033 1041 -1.8806142848807943
1030 1038 3.015725255756913
957 1041 2.93164334365634
991 1042 2.5856857384930256
1022 1039 1.3008299128497565
991 1039 -5.53733426701854
1038 1039 1.8471390342477205
1038 1040 1.445594446330888
1030 1040 2.023523983245292
991 1037 -5.53733426701854
991 1045 1.72076695640305
1036 1045 2.0618119072200103
1040 1043 3.9184427168471876
1038 1044 4.436121480203944
1033 1051 1.5230823357393546
1040 1044 2.418966462073592
1035 1045 -0.4510470176203887
1034 1051 4.145152023550564
1033 1048 0.8677032967963991
1048 1051 1.3716527928075883
1037 1049 -0.7940690348095123
1039 1047 1.880614156109223
1038 1047 2.646993557188065
1035 1049 -1.1887676261434261
1049 1055 1.2778513804684322
1045 1055 -0.27405945275533616
1047 1064 2.101269714871794
1038 1064 1.604628978813839
1044 1064 2.2275794437459226
1044 1050 2.2726891994400433
1050 1064 4.436121480203944
1040 1050 1.0221648177565306
957 1033 -4.145152083743929
1043 1053 3.3153580262671256
1040 1053 2.2275794437459226
1040 1052 1.9501526258096291
1050 1052 1.3959338990403656
1052 1053 1.0221648177565306
1037 1055 -2.023524054927849
991 1055 -2.5856858519456853
991 1056 -5.53733426701854
1039 1054 1.4205758640846524
1047 1054 1.210635526973574
1037 1056 1.0625402297313233
1054 1064 2.0618119072200103
1033 1051 0.9244109312539295
1034 1073 3.9184427168471876
1043 1058 1.5769599644200505
1046 1062 -2.368217501379304
1053 1058 0.35381849771398977
1058 1062 0.5672301020452246
1050 1057 1.5497853865743236
1052 1057 0.5004307185850176
1033 1069 1.6908566753683048
1055 1056 0.5504197869721676
1053 1057 2.7803933118077264
1051 1069 4.844202556684481
1039 1064 1.2551669361900215
991 1059 -5.53733426701854
1056 1059 3.7324082779400585
1057 1064 1.3008299128497565
1055 1063 -4.145152083743929
991 1063 -0.24241052705099042
1033 1060 1.8471390342477205
991 1064 -3.732408358890588
1060 1069 1.7825318837304605
1061 1064 3.2060450031958343
1057 1061 1.0422550037182607
957 1065 1.0022628750411067
957 1066 3.015725255756913
1062 1065 -1.847139159904398
1065 1066 1.0221648177565306
1057 1064 1.8144599138640842
1053 1064 3.015725255756913
1034 1068 3.2060450031958343
1056 1067 2.93164334365634
1059 1067 2.2726891994400433
1068 1073 5.537334267018537
1051 1068 3.10674997290245
1058 1070 -3.5744537730315336
1056 1063 -4.145152083743929
1062 1070 0.4347078707200993
1063 1067 -3.43705550120135
1058 1064 1.5230823357393546
1070 1071 1.210635526973574
1062 1071 0.6352858046593717
1033 1069 1.9149341938214999
1064 1070 -2.8534722097520193
957 1065 0.10124748840924536
1069 1073 4.145152023550564
1064 1072 2.31951701078773
957 1062 -1.2327653271421226
957 1071 0.8122799937741847
1070 1072 -2.1012697910023577
957 1069 -4.145152083743929
991 1072 -1.2327653271421226
957 1070 0.7047961364960313
1059 1063 -1.9501526936104758
1073 1080 4.436121480203944
1072 1074 1.1457782142804072
1070 1074 -2.4719661045957224
1070 1075 -0.4347079946705643
1074 1075 -0.32179504083642385
957 1075 -1.2551670218420983
957 1078 -1.1246387871621042
1075 1078 1.7825318837304605
957 1076 3.2060450031958343
1069 1076 -3.43705550120135
991 1074 -2.7803933790295874
1074 1077 2.2275794437459226
957 1079 -1.7207670712436016
1075 1077 -1.60462908492035
1076 1079 -3.0157253387444354
991 1084 1.9149341938214999
1074 1084 -2.8534722097520193
1078 1079 1.4205758640846524
1075 1082 0.03891301945135828
1078 1081 1.5497853865743236
1079 1081 2.023523983245292
1077 1084 -3.2060451019615273
1077 1082 -3.43705550120135
1084 1085 2.368217406966919
1077 1085 -1.1887676261434261
1078 1082 -2.023524054927849
1078 1083 3.4370554399806776
1081 1083 2.8534721380276795
1082 1083 -0.4839058740936957
1079 1083 1.4968293639808472
1082 1085 -0.8122801326543725
1076 1083 -4.145152083743929
1082 1086 1.72076695640305
1082 1087 -0.4184259027266788
1083 1087 0.023345926266394867
1085 1086 -2.1840514594677467
1086 1087 1.347717671142901
1083 1088 -1.8144600365838361
1076 1088 2.646993557188065
1087 1088 0.8490926297285697
1085 1087 -0.13248112001244716
1084 1087 -1.3959339919795308
