MULTICUT
5 12 4.436121480203944
5 13 2.418966462073592
13 14 4.145152023550564
14 17 4.436121480203944
2 17 4.145152023550564
9 17 3.2060450031958343
6 9 3.10674997290245
0 6 3.574453703354731
0 10 4.145152023550564
10 19 2.8534721380276795
1 19 -0.5672302300910688
1 3 0.7759821143416219
3 4 3.3153580262671256
4 11 2.184051378192568
11 15 3.574453703354731
15 18 3.9184427168471876
7 15 1.5230823357393546
7 8 0.4674453385798212
8 23 -0.7940690348095123
8 16 4.145152023550564
7 16 1.5230823357393546
7 20 1.8471390342477205
15 20 2.5856857384930256
5 14 3.7324082779400585
7 21 2.8534721380276795
20 21 2.4719660016221714
16 21 2.023523983245292
16 22 2.2275794437459226
21 22 1.232765242543629
3 24 1.6328169387983074
4 24 2.0618119072200103
16 23 0.9436225830949259
1 25 1.5769599644200505
3 25 1.0830275858277314
9 26 2.7117470592609445
11 27 -0.8864566941706382
4 27 1.986327796610479
24 25 -1.0221649697100497
17 26 2.4719660016221714
6 28 4.436121480203944
19 25 -0.14812115655181013
12 31 2.2275794437459226
5 31 3.4370554399806776
11 32 2.141984057957801
23 30 -0.0544849469084292
24 27 0.7759821143416219
27 32 1.8144599138640842
16 30 4.436121480203944
16 21 1.3008299128497565
0 29 5.537334267018537
14 31 4.436121480203944
9 28 3.3153580262671256
14 33 4.844202556684481
25 34 1.5769599644200505
24 34 -3.3153581355547077
6 35 4.145152023550564
0 35 0.274059332246233
16 20 1.3959338990403656
17 36 3.9184427168471876
29 35 4.145152023550564
17 33 4.436121480203944
24 38 2.31951701078773
27 38 0.7047961364960313
32 38 2.2726891994400433
26 37 -0.8122801326543725
19 40 4.844202556684481
9 37 -0.533685124626992
34 40 -0.33778538326100627
30 42 2.2726891994400433
17 37 -3.2060451019615273
16 39 3.3153580262671256
23 42 -4.844202616288199
15 32 3.574453703354731
16 42 3.9184427168471876
10 43 2.7117470592609445
19 43 2.2726891994400433
34 41 1.4205758640846524
24 41 -3.9184428135768994
38 41 -3.3153581355547077
17 48 -0.40219829746062086
37 48 0.3217949194737102
10 46 2.5856857384930256
10 60 0.369896870073811
36 48 2.5856857384930256
43 60 2.7117470592609445
28 45 3.10674997290245
46 60 5.537334267018537
40 41 -0.32179504083642385
9 47 2.93164334365634
41 44 1.7513136084096503
38 44 -3.106750063060895
40 43 4.145152023550564
9 54 2.023523983245292
6 45 3.7324082779400585
9 45 3.4370554399806776
9 52 2.2726891994400433
20 32 2.5274488884529975
16 49 4.436121480203944
39 49 2.93164334365634
16 49 0.6181436068748636
47 52 3.4370554399806776
52 54 3.7324082779400585
0 46 2.368217406966919
42 49 4.844202556684481
9 50 -2.4719661045957224
40 44 -0.08565028243590467
44 51 1.3959338990403656
38 51 -2.2726892867301896
32 55 3.574453703354731
38 55 2.2275794437459226
16 32 1.4205758640846524
9 67 -2.368217501379304
37 67 -1.2106356105583946
9 56 2.4719660016221714
47 53 5.537334267018537
32 63 -0.16377929735639296
16 63 3.10674997290245
48 67 -3.0157253387444354
50 56 -1.6615502176829433
9 53 -0.19515772478657212
40 51 -1.1037246319352672
29 58 1.604628978813839
0 58 2.4719660016221714
0 60 2.0618119072200103
51 57 2.101269714871794
38 57 -2.1419841365639445
50 53 -2.22757952790676
35 59 1.3241144775306468
40 60 3.2060450031958343
55 62 1.4968293639808472
32 62 1.7825318837304605
6 59 1.72076695640305
29 59 1.9501526258096291
38 61 -1.1246387871621042
57 61 1.6615501074318497
62 63 -0.8306198826413334
58 59 2.5856857384930256
40 57 -0.4839058740936957
14 17 3.9184427168471876
40 64 4.844202556684481
63 69 3.4370554399806776
36 67 -2.7803933790295874
62 69 1.1671515377428254
9 68 2.646993557188065
49 66 3.7324082779400585
45 59 0.652518806521984
50 74 -3.43705550120135
40 65 4.145152023550564
56 74 -2.22757952790676
53 74 -3.732408358890588
58 60 2.7803933118077264
57 65 0.023345926266394867
9 72 4.145152023550564
67 72 -3.5744537730315336
61 65 3.10674997290245
9 73 -1.0221649697100497
68 73 -0.27405945275533616
49 63 3.4370554399806776
45 70 5.537334267018537
58 71 2.31951701078773
9 70 1.188767543534301
60 71 2.184051378192568
47 74 -4.145152083743929
59 71 -0.13248112001244716
68 75 2.418966462073592
9 75 2.93164334365634
45 71 1.347717671142901
38 76 3.4370554399806776
55 76 1.5769599644200505
55 69 1.471006361575077
9 77 3.10674997290245
70 77 1.5230823357393546
9 74 -2.1012697910023577
17 31 4.436121480203944
49 69 3.7324082779400585
68 79 -0.4184259027266788
9 68 3.2060450031958343
54 82 2.7117470592609445
9 82 2.7117470592609445
73 79 -0.4184259027266788
45 60 2.0618119072200103
61 76 -1.8144600365838361
23 49 -2.9316434205780437
64 78 4.844202556684481
40 78 2.418966462073592
9 79 3.10674997290245
73 80 -0.6698460476628039
9 80 2.184051378192568
77 81 2.31951701078773
70 81 3.574453703354731
77 83 2.8534721380276795
55 84 1.0625402297313233
79 80 2.5274488884529975
52 82 3.10674997290245
9 83 2.4719660016221714
81 83 3.4370554399806776
69 84 1.6328169387983074
76 84 0.023345926266394867
82 83 4.145152023550564
61 85 1.0422550037182607
76 85 -2.418966560561031
74 88 -0.7759822513321553
47 88 -0.13248112001244716
52 86 2.8534721380276795
65 78 3.10674997290245
17 31 2.8534721380276795
52 88 -0.533685124626992
36 90 -3.0157253387444354
67 90 1.986327796610479
69 87 3.9184427168471876
65 85 0.5170228985401271
84 87 0.652518806521984
60 70 3.9184427168471876
36 89 5.537334267018537
64 65 2.646993557188065
79 91 -0.17945749696390423
9 91 -0.8306198826413334
9 101 1.4205758640846524
74 101 -1.4968294629075651
84 85 1.0422550037182607
52 70 1.6328169387983074
81 82 3.4370554399806776
70 82 4.436121480203944
72 80 1.7513136084096503
52 93 2.8534721380276795
80 91 -0.533685124626992
70 86 2.7803933118077264
17 95 3.574453703354731
31 95 1.6615501074318497
72 91 0.6181436068748636
85 94 1.3959338990403656
84 94 2.184051378192568
67 92 0.2899341161553104
72 92 -2.22757952790676
65 96 3.7324082779400585
86 93 2.0618119072200103
85 96 0.19515760538251437
74 97 -1.3477177614522067
88 97 -0.40219829746062086
88 93 0.41842577919951873
97 101 0.7940688968903633
94 96 -0.5504199144331001
93 101 3.7324082779400585
86 101 3.015725255756913
93 97 2.7117470592609445
9 100 0.8122799937741847
86 123 3.2060450031958343
100 101 -0.40219829746062086
84 98 -0.07006336313715722
94 98 2.0618119072200103
87 98 0.08565016394454328
72 103 2.646993557188065
9 99 -1.5230824363372633
92 103 -0.635285935274005
101 123 4.145152023550564
90 112 0.35381849771398977
9 102 0.40219817433836536
36 112 -0.17945749696390423
100 102 4.436121480203944
90 106 0.7401648358628796
67 106 -0.8306198826413334
92 106 -1.2551670218420983
92 105 0.33778526158074773
101 104 2.184051378192568
103 105 2.4719660016221714
97 104 2.5274488884529975
96 98 2.368217406966919
69 98 3.2060450031958343
49 69 4.145152023550564
106 112 1.3241144775306468
9 108 3.2060450031958343
99 108 -1.371652884404361
105 106 1.9149341938214999
99 102 -1.3477177614522067
103 107 -2.418966560561031
72 107 -3.9184428135768994
70 123 3.3153580262671256
69 114 0.7224263377855422
97 101 3.4370554399806776
49 114 2.2275794437459226
107 110 2.5856857384930256
72 110 -3.9184428135768994
65 111 4.844202556684481
49 113 2.31951701078773
102 108 -0.5170230248961472
23 113 -4.145152083743929
36 109 3.10674997290245
109 112 1.4205758640846524
105 107 -1.9501526936104758
64 111 1.6615501074318497
72 117 0.8490926297285697
110 117 0.3217949194737102
91 117 2.184051378192568
105 116 1.103724552883528
102 119 1.103724552883528
107 116 -0.023346044556825873
108 119 2.31951701078773
110 115 2.646993557188065
106 116 2.646993557188065
107 115 2.646993557188065
91 108 -1.1246387871621042
100 119 1.3008299128497565
49 98 5.537334267018537
118 123 4.436121480203944
70 118 1.4205758640846524
96 122 -1.9501526936104758
98 122 -2.9316434205780437
112 116 -0.3860227795812654
112 125 -0.5170230248961472
65 122 -3.9184428135768994
98 133 1.0422550037182607
116 125 1.232765242543629
101 126 0.7401648358628796
119 126 -4.145152083743929
70 123 1.6328169387983074
60 120 3.7324082779400585
40 120 0.007781661256567096
40 124 3.7324082779400585
120 124 -0.038913137770452355
110 128 -0.038913137770452355
115 116 -1.083027742309897
115 128 -0.618143736811748
40 111 4.145152023550564
116 127 -2.1012697910023577
115 127 -1.690856787854381
108 129 2.31951701078773
120 121 3.7324082779400585
121 124 0.8306197427665889
117 128 -0.40219829746062086
119 129 0.652518806521984
122 133 -3.3153581355547077
36 134 3.015725255756913
109 134 -1.2778514672160726
101 131 3.2060450031958343
123 135 3.9184427168471876
126 131 -0.305845384176723
36 130 -0.023346044556825873
109 136 1.7513136084096503
65 141 -0.7047962700763302
134 136 1.103724552883528
122 141 1.210635526973574
121 132 4.844202556684481
109 125 -1.5769600686022973
60 121 1.5497853865743236
115 116 -0.533685124626992
125 136 -1.324114566604422
108 119 2.418966462073592
60 132 3.2060450031958343
70 139 4.436121480203944
101 135 1.8471390342477205
123 139 3.574453703354731
40 138 4.436121480203944
119 142 3.3153580262671256
133 144 3.4370554399806776
126 142 0.652518806521984
124 138 1.5497853865743236
122 144 -3.2060451019615273
36 137 2.31951701078773
70 140 3.9184427168471876
130 134 -0.9436227297103521
111 141 -2.5274489963885465
108 142 4.436121480203944
101 146 0.9244109312539295
116 156 0.40219817433836536
115 156 -3.9184428135768994
131 142 0.8864565510992328
101 142 0.9436225830949259
101 147 1.471006361575077
101 148 2.5856857384930256
128 156 -5.53733426701854
146 147 4.436121480203944
135 148 3.9184427168471876
123 153 4.145152023550564
98 143 2.7803933118077264
49 143 3.9184427168471876
142 146 2.8534721380276795
139 153 3.2060450031958343
137 152 0.48390574875928927
36 152 -0.0544849469084292
141 149 0.242410407030617
36 134 0.7580154487445683
117 156 -1.2778514672160726
124 132 3.4370554399806776
111 149 -3.732408358890588
36 151 4.844202556684481
134 145 1.103724552883528
136 145 2.5274488884529975
40 149 -4.145152083743929
141 150 1.880614156109223
122 150 1.3008299128497565
98 144 -0.9244110766470177
147 148 3.574453703354731
139 140 3.9184427168471876
143 144 1.7513136084096503
116 155 -2.7803933790295874
91 156 -2.1840514594677467
149 150 -0.17945749696390423
36 152 -0.6010891274007599
134 157 0.3058452631148958
136 166 -0.11685724657693086
108 163 0.7401648358628796
145 157 1.5497853865743236
145 166 3.4370554399806776
125 166 -1.0022630255891705
91 163 1.7513136084096503
17 168 3.015725255756913
36 161 0.1481210376275779
125 158 -4.145152083743929
116 158 0.6181436068748636
40 154 3.015725255756913
152 161 2.4719660016221714
149 154 -3.106750063060895
155 158 -1.3477177614522067
155 156 -1.2106356105583946
70 160 2.8534721380276795
60 160 3.4370554399806776
151 152 -1.5230824363372633
142 159 4.145152023550564
138 154 3.9184427168471876
49 162 2.4719660016221714
113 162 2.4719660016221714
158 166 1.72076695640305
151 171 0.21088184704301205
152 171 2.5856857384930256
134 165 1.1457782142804072
157 165 -0.6525189378391278
142 163 1.6328169387983074
17 167 5.537334267018537
36 164 0.5336849977291656
134 164 1.9149341938214999
156 163 1.5230823357393546
23 292 0.08565016394454328
161 171 2.8534721380276795
161 164 1.2778513804684322
132 138 3.015725255756913
162 292 -4.145152083743929
158 169 3.9184427168471876
155 169 -3.106750063060895
156 169 2.5856857384930256
142 147 2.93164334365634
162 170 -2.4719661045957224
157 166 1.3241144775306468
170 292 -4.844202616288199
147 173 5.537334267018537
148 173 1.210635526973574
135 153 1.6615501074318497
149 181 -3.2060451019615273
150 181 -3.0157253387444354
122 181 -1.9501526936104758
148 153 1.3008299128497565
144 181 3.574453703354731
36 175 -0.14812115655181013
151 175 0.054484828546315534
165 166 3.4370554399806776
166 169 2.646993557188065
154 181 4.844202556684481
17 178 2.8534721380276795
36 178 4.436121480203944
36 172 3.9184427168471876
153 176 4.145152023550564
138 179 3.7324082779400585
49 174 1.5769599644200505
162 174 4.844202556684481
172 175 -0.08565028243590467
148 176 2.5274488884529975
161 197 -0.33778538326100627
134 197 -0.8306198826413334
171 197 1.9501526258096291
165 197 2.8534721380276795
163 169 0.982542654754837
132 179 0.9629978960423582
162 180 -1.751313725733529
171 175 0.08565016394454328
174 180 -1.914934325902037
170 180 1.1457782142804072
164 197 1.0830275858277314
160 177 2.31951701078773
142 169 3.7324082779400585
60 177 2.4719660016221714
165 183 3.015725255756913
166 183 2.184051378192568
180 292 -4.844202616288199
60 182 3.574453703354731
132 182 4.436121480203944
172 178 2.646993557188065
179 182 1.2778513804684322
154 179 3.3153580262671256
171 172 0.10124748840924536
183 197 2.5274488884529975
173 184 1.6908566753683048
49 180 -0.7759822513321553
147 184 4.436121480203944
140 160 -0.618143736811748
177 182 4.844202556684481
148 185 3.4370554399806776
140 186 3.4370554399806776
160 186 -0.8306198826413334
173 185 1.986327796610479
177 186 -0.27405945275533616
143 180 -0.7580155848378691
143 188 0.9629978960423582
180 188 -1.5769600686022973
17 190 4.436121480203944
142 166 1.880614156109223
144 189 1.9501526258096291
143 189 -0.6698460476628039
188 189 1.2551669361900215
142 194 1.5769599644200505
153 187 2.7803933118077264
178 193 1.9501526258096291
178 191 1.5230823357393546
181 192 0.7401648358628796
144 192 1.7513136084096503
180 196 0.5170228985401271
172 197 1.210635526973574
196 292 -4.43612156009328
178 193 1.445594446330888
172 193 1.9149341938214999
191 193 4.436121480203944
159 194 2.4719660016221714
142 183 1.4205758640846524
154 192 1.604628978813839
17 172 2.7803933118077264
144 195 1.8471390342477205
17 193 3.7324082779400585
139 187 3.015725255756913
192 195 1.124638707269666
189 195 0.22663210648628773
184 185 3.3153580262671256
176 185 0.023345926266394867
17 197 3.3153580262671256
142 216 2.5856857384930256
142 197 4.844202556684481
194 216 0.023345926266394867
142 184 -0.25821891342749526
139 186 3.574453703354731
142 198 2.93164334365634
142 185 3.10674997290245
176 204 2.5274488884529975
180 199 0.38602265684584536
196 199 2.184051378192568
139 177 2.7803933118077264
189 200 2.0618119072200103
185 204 1.7513136084096503
188 200 3.7324082779400585
188 199 0.10124748840924536
176 206 2.5274488884529975
204 206 3.7324082779400585
176 187 0.13248100121840833
154 182 4.145152023550564
187 202 -0.5004308444200505
139 201 1.9149341938214999
195 200 2.2726891994400433
176 202 -0.305845384176723
139 202 -0.33778538326100627
17 205 1.8144599138640842
142 203 3.10674997290245
198 203 3.3153580262671256
159 216 4.145152023550564
139 207 -0.5504199144331001
196 208 -0.4839058740936957
201 207 1.0830275858277314
208 292 -4.844202616288199
199 208 1.3241144775306468
139 211 -0.19515772478657212
202 211 1.5230823357393546
142 218 1.445594446330888
185 210 -2.1840514594677467
203 218 2.0618119072200103
201 211 -0.4347079946705643
192 209 2.5274488884529975
195 209 -0.353818619728701
200 209 0.9244109312539295
185 212 1.6615501074318497
185 213 -3.3153581355547077
154 214 -2.7117471225450083
216 218 1.986327796610479
142 212 1.3008299128497565
210 213 1.188767543534301
17 215 3.2060450031958343
182 217 3.9184427168471876
188 209 -0.0544849469084292
154 209 1.8144599138640842
176 222 0.369896870073811
205 215 2.101269714871794
206 222 1.3008299128497565
202 222 -0.8122801326543725
17 215 3.10674997290245
177 217 0.023345926266394867
17 225 2.2275794437459226
205 225 -0.19515772478657212
212 213 -3.5744537730315336
216 221 3.4370554399806776
210 219 -4.43612156009328
185 219 -4.145152083743929
207 220 0.40219817433836536
204 222 3.4370554399806776
201 220 -1.6328170469254393
139 226 1.4968293639808472
177 223 3.2060450031958343
217 223 3.9184427168471876
154 227 0.7580154487445683
154 232 0.3058452631148958
188 208 -4.43612156009328
204 219 -4.43612156009328
211 222 -3.106750063060895
214 227 -1.3008300007371676
214 232 -1.8144600365838361
188 292 -4.844202616288199
139 223 2.2275794437459226
215 225 3.2060450031958343
223 226 3.015725255756913
204 249 -4.43612156009328
139 235 -1.3008300007371676
209 224 2.5274488884529975
219 249 -1.7825320036768968
222 249 -5.53733426701854
207 235 1.4968293639808472
197 230 4.844202556684481
17 230 3.9184427168471876
209 232 2.4719660016221714
154 234 0.242410407030617
209 229 2.7803933118077264
213 219 -4.43612156009328
226 235 -1.167151619412428
188 229 0.7580154487445683
213 233 -4.145152083743929
211 245 -2.5274489963885465
154 231 0.35381849771398977
154 236 -0.8122801326543725
198 218 2.7803933118077264
219 233 -1.8806142848807943
222 245 1.8471390342477205
201 245 0.8122799937741847
231 234 3.015725255756913
234 236 1.3959338990403656
227 236 1.232765242543629
224 229 0.7759821143416219
219 228 -1.6328170469254393
228 249 0.1794573777347761
214 238 -0.5841189757308616
218 221 1.0022628750411067
232 238 3.4370554399806776
197 240 2.646993557188065
142 240 2.023523983245292
228 233 1.232765242543629
227 238 4.436121480203944
218 237 2.646993557188065
221 237 0.6010889981175147
220 245 -3.2060451019615273
142 213 -2.5274489963885465
213 246 -0.32179504083642385
198 240 0.48390574875928927
142 246 -2.1012697910023577
182 231 0.2899341161553104
198 243 3.574453703354731
207 245 1.103724552883528
240 243 2.8534721380276795
233 246 0.5170228985401271
217 231 1.1457782142804072
209 229 1.4968293639808472
229 239 2.8534721380276795
188 239 2.0618119072200103
222 241 4.145152023550564
241 249 -5.53733426701854
159 244 4.844202556684481
142 244 1.8144599138640842
17 242 2.368217406966919
233 249 -1.847139159904398
217 251 0.7047961364960313
209 253 0.8864565510992328
244 246 -0.13248112001244716
231 251 2.7803933118077264
232 253 -0.038913137770452355
223 247 -0.038913137770452355
217 247 0.41842577919951873
209 248 0.38602265684584536
235 245 -2.368217501379304
226 247 1.72076695640305
248 253 1.8471390342477205
17 252 2.4719660016221714
229 254 0.3217949194737102
230 252 2.2726891994400433
247 251 2.368217406966919
238 253 1.986327796610479
239 254 1.6908566753683048
17 255 0.8122799937741847
235 262 -1.5497854889223055
235 250 0.7224263377855422
242 255 1.9149341938214999
198 237 3.4370554399806776
245 262 4.436121480203944
231 236 1.604628978813839
17 255 1.3716527928075883
226 259 2.8534721380276795
216 237 1.6615501074318497
235 259 -0.4674454634335292
227 256 0.40219817433836536
215 255 3.3153580262671256
246 249 -2.2726892867301896
250 262 -0.4510470176203887
229 248 0.5004307185850176
252 255 3.574453703354731
236 256 -1.847139159904398
216 260 3.4370554399806776
216 244 4.844202556684481
237 260 3.3153580262671256
231 257 3.574453703354731
250 259 0.1481210376275779
238 256 2.023523983245292
243 266 4.436121480203944
198 266 4.145152023550564
216 264 1.1671515377428254
248 258 3.2060450031958343
229 258 1.0221648177565306
260 264 0.1637791782871667
253 258 3.574453703354731
249 271 -3.9184428135768994
231 263 2.023523983245292
236 274 1.1457782142804072
241 271 0.1481210376275779
256 274 -0.40219829746062086
231 261 2.2275794437459226
236 261 -0.10124760698692858
261 274 3.9184427168471876
254 258 2.0618119072200103
222 267 2.7803933118077264
262 272 1.880614156109223
241 267 2.8534721380276795
250 272 -3.106750063060895
226 251 0.33778526158074773
246 269 -0.7580155848378691
249 269 -5.53733426701854
222 268 -2.418966560561031
257 261 1.5769599644200505
251 273 0.5004307185850176
216 246 -0.635285935274005
226 273 3.10674997290245
253 275 1.3716527928075883
258 275 4.436121480203944
254 276 1.103724552883528
231 273 0.1637791782871667
257 263 1.2778513804684322
258 276 3.7324082779400585
216 270 3.2060450031958343
216 269 -1.751313725733529
197 265 3.4370554399806776
266 279 3.3153580262671256
198 279 3.3153580262671256
239 276 -2.1840514594677467
267 268 -1.986327866288225
263 273 0.7224263377855422
237 279 3.10674997290245
259 272 1.2551669361900215
269 277 1.471006361575077
249 277 -4.43612156009328
267 283 0.9053573740495944
263 278 -0.19515772478657212
257 278 -1.5497854889223055
271 277 -1.5769600686022973
268 283 -2.023524054927849
188 280 0.35381849771398977
280 292 -3.5744537730315336
259 282 3.9184427168471876
259 273 3.10674997290245
264 284 2.7803933118077264
216 284 0.38602265684584536
241 285 -3.106750063060895
270 290 2.418966462073592
216 290 3.7324082779400585
271 285 -2.4719661045957224
216 290 2.5274488884529975
253 256 3.574453703354731
237 286 3.9184427168471876
260 286 2.184051378192568
271 281 0.6010889981175147
267 285 -2.7117471225450083
222 283 0.652518806521984
222 262 3.574453703354731
230 255 2.2726891994400433
279 287 2.31951701078773
237 287 1.1457782142804072
216 291 2.8534721380276795
269 291 -1.4455945421327967
271 288 -0.4510470176203887
188 276 0.3058452631148958
277 291 -1.420575958424365
281 288 0.10124748840924536
272 282 2.31951701078773
277 281 -1.2551670218420983
256 261 3.10674997290245
260 284 2.7803933118077264
285 288 2.7117470592609445
273 278 -1.4710064589046166
188 292 -0.7940690348095123
284 290 3.9184427168471876
275 276 3.9184427168471876
276 292 1.103724552883528
190 215 3.7324082779400585
279 289 -2.9316434205780437
278 293 1.6328169387983074
278 297 -1.1887676261434261
257 297 0.8490926297285697
190 255 1.0221648177565306
273 293 -1.3008300007371676
293 297 1.72076695640305
215 294 3.015725255756913
283 299 3.9184427168471876
273 296 0.369896870073811
222 299 0.1794573777347761
293 296 -1.1457782950449733
240 266 4.145152023550564
257 298 0.07006324471763459
261 298 -2.7117471225450083
266 289 -3.0157253387444354
286 287 -0.25821891342749526
281 291 0.8677032967963991
197 300 2.2726891994400433
266 295 -5.53733426701854
230 300 3.9184427168471876
289 295 1.2778513804684322
297 298 -1.7825320036768968
287 320 2.2726891994400433
286 320 -0.33778538326100627
290 291 3.3153580262671256
281 309 -1.5497854889223055
190 215 3.7324082779400585
279 303 0.8122799937741847
288 301 -3.732408358890588
190 230 3.7324082779400585
289 303 -0.2899342369326745
285 301 -4.145152083743929
285 304 -2.9316434205780437
288 309 -5.53733426701854
253 261 2.7117470592609445
266 307 -1.7825320036768968
289 308 -3.106750063060895
281 302 -1.083027742309897
267 304 1.6615501074318497
190 294 3.7324082779400585
295 307 0.5841188470777665
302 309 2.7117470592609445
301 304 0.982542654754837
260 320 -0.22663222628581936
259 305 2.023523983245292
276 310 0.22663210648628773
292 306 -2.5856858519456853
282 305 4.436121480203944
276 306 0.8864565510992328
265 300 4.145152023550564
295 308 -4.844202616288199
291 302 -2.6469936768108107
261 275 -0.5170230248961472
261 276 -0.533685124626992
306 310 1.7513136084096503
295 317 -4.844202616288199
291 311 -2.7117471225450083
267 314 -0.08565028243590467
283 314 -0.4347079946705643
297 313 1.3959338990403656
298 313 -1.042255157127819
308 317 -1.2106356105583946
302 311 2.7117470592609445
296 297 1.3716527928075883
261 310 4.844202556684481
265 319 2.101269714871794
308 323 1.232765242543629
289 323 -1.8144600365838361
284 320 0.9244109312539295
272 312 -3.5744537730315336
197 319 -0.6010891274007599
307 317 -0.5004308444200505
303 323 -2.8534722097520193
282 312 -3.2060451019615273
197 332 3.574453703354731
261 318 3.3153580262671256
319 332 2.93164334365634
299 314 -1.1246387871621042
298 318 -0.36989699244014895
266 316 -0.22663222628581936
262 312 -1.751313725733529
307 316 0.1794573777347761
290 320 3.4370554399806776
282 322 -2.0618119810484816
259 315 1.3716527928075883
273 315 3.9184427168471876
312 322 1.0625402297313233
296 315 0.8864565510992328
279 326 3.2060450031958343
287 326 0.5170228985401271
267 324 1.5230823357393546
303 326 -0.16377929735639296
320 326 0.5336849977291656
290 311 -2.0618119810484816
314 324 0.4674453385798212
305 315 0.6872705278045488
222 321 -0.635285935274005
262 321 0.6872705278045488
305 325 -0.8864566941706382
296 335 1.4205758640846524
297 335 0.007781661256567096
312 321 1.880614156109223
322 325 2.2726891994400433
313 335 0.6181436068748636
316 317 1.4968293639808472
309 311 4.145152023550564
313 318 0.9436225830949259
311 320 -0.7401649710893459
299 321 0.6698459156176995
315 335 3.7324082779400585
265 338 3.7324082779400585
323 326 -2.4719661045957224
304 324 1.3008299128497565
312 328 5.537334267018537
313 335 0.8490926297285697
318 335 3.2060450031958343
310 331 2.418966462073592
322 328 3.4370554399806776
299 337 -1.6328170469254393
314 337 0.6010889981175147
315 325 0.4347078707200993
324 340 3.9184427168471876
334 335 4.844202556684481
313 334 0.35381849771398977
319 338 1.0422550037182607
304 340 4.844202556684481
240 332 3.574453703354731
240 336 3.10674997290245
266 336 2.8534721380276795
309 327 4.436121480203944
288 345 3.015725255756913
301 345 -2.023524054927849
304 345 1.347717671142901
320 333 3.7324082779400585
314 340 0.40219817433836536
315 341 1.7513136084096503
332 338 2.93164334365634
288 327 -5.53733426701854
335 341 -0.21088196663715686
266 329 2.646993557188065
299 330 0.33778526158074773
321 330 0.19515760538251437
310 342 -0.08565028243590467
306 342 2.5274488884529975
332 336 3.4370554399806776
337 340 -0.9825428039459942
331 342 2.101269714871794
316 343 -0.7940690348095123
317 343 -2.5856858519456853
326 333 1.2551669361900215
325 339 2.141984057957801
328 339 2.141984057957801
315 339 3.574453703354731
317 347 -3.9184428135768994
308 347 -4.145152083743929
343 347 1.880614156109223
266 343 -2.8534722097520193
329 336 2.8534721380276795
329 343 -2.5856858519456853
309 344 3.015725255756913
300 338 3.10674997290245
311 344 1.445594446330888
326 356 2.7117470592609445
320 348 4.436121480203944
323 356 -1.420575958424365
190 346 3.7324082779400585
323 354 -0.13248112001244716
335 352 0.6698459156176995
230 346 4.145152023550564
308 354 -1.0625403846496646
354 356 -1.324114566604422
341 352 2.7803933118077264
332 353 5.537334267018537
320 351 -3.2060451019615273
311 351 0.10124748840924536
321 349 0.1481210376275779
312 349 0.6010889981175147
347 354 -4.145152083743929
333 357 4.145152023550564
312 355 1.8471390342477205
339 350 2.418966462073592
328 350 1.8471390342477205
340 362 2.2275794437459226
337 362 1.210635526973574
327 344 3.2060450031958343
330 337 -0.7940690348095123
328 355 0.9053573740495944
333 348 0.5336849977291656
344 351 -0.5672302300910688
328 358 1.0625402297313233
355 358 1.8144599138640842
304 360 1.0625402297313233
337 366 2.7803933118077264
330 366 -1.5230824363372633
261 359 2.93164334365634
261 361 -0.19515772478657212
345 360 2.31951701078773
349 355 -0.07006336313715722
318 359 1.3959338990403656
340 360 1.3959338990403656
333 356 2.7803933118077264
332 370 3.015725255756913
335 363 2.93164334365634
342 365 -3.5744537730315336
310 361 -0.19515772478657212
306 365 -1.371652884404361
300 364 3.015725255756913
328 368 -0.6872706606037844
339 367 0.8122799937741847
315 367 2.0618119072200103
341 367 0.9436225830949259
310 365 2.5274488884529975
331 365 -2.2726892867301896
358 368 4.436121480203944
350 368 0.369896870073811
352 367 0.369896870073811
359 361 0.652518806521984
361 365 0.7047961364960313
190 230 2.646993557188065
335 369 1.188767543534301
318 369 2.5856857384930256
352 363 -0.533685124626992
300 332 3.4370554399806776
332 376 2.646993557188065
336 376 3.10674997290245
329 377 -0.5170230248961472
343 377 -1.7207670712436016
351 379 -0.7401649710893459
330 372 -1.420575958424365
321 372 1.1671515377428254
349 372 -1.0221649697100497
352 375 0.08565016394454328
363 375 3.574453703354731
320 379 -3.732408358890588
344 379 2.418966462073592
350 367 -0.21088196663715686
362 371 0.982542654754837
337 371 0.369896870073811
366 372 1.0422550037182607
349 368 -2.023524054927849
355 368 -0.9053575182618498
350 380 0.10124748840924536
367 380 2.31951701078773
366 371 0.7401648358628796
356 378 4.436121480203944
320 333 2.4719660016221714
368 372 0.03891301945135828
368 380 2.368217406966919
367 375 2.023523983245292
336 377 1.1457782142804072
300 386 4.844202556684481
347 381 -2.7117471225450083
354 373 -0.7940690348095123
360 374 -0.038913137770452355
340 374 2.93164334365634
318 382 0.1168571278983801
359 382 1.5497853865743236
364 386 2.5856857384930256
343 381 -3.43705550120135
347 373 -4.844202616288199
356 373 -1.5497854889223055
190 385 3.9184427168471876
377 381 1.5769599644200505
347 387 -3.9184428135768994
366 383 1.232765242543629
318 384 1.5769599644200505
361 382 -0.11685724657693086
373 387 2.7803933118077264
372 383 -0.7940690348095123
369 384 1.0221648177565306
382 384 1.4968293639808472
292 365 -4.43612156009328
230 385 3.3153580262671256
335 390 1.6328169387983074
382 391 2.646993557188065
361 391 -0.6525189378391278
288 344 -4.844202616288199
369 390 -2.2726892867301896
332 394 2.646993557188065
344 395 0.45104689322786395
335 388 2.2275794437459226
365 401 1.232765242543629
381 387 0.3217949194737102
288 395 -4.844202616288199
345 374 -0.6525189378391278
371 383 2.023523983245292
375 388 5.537334267018537
292 401 -5.53733426701854
365 392 2.184051378192568
333 379 -0.353818619728701
362 374 -0.24241052705099042
388 390 3.10674997290245
365 391 0.982542654754837
362 397 1.3959338990403656
365 393 1.9149341938214999
371 397 -0.5170230248961472
391 393 2.93164334365634
392 393 3.574453703354731
288 396 -0.22663222628581936
345 396 0.023345926266394867
300 386 3.574453703354731
376 394 2.8534721380276795
377 389 1.124638707269666
381 389 -0.007781779532672672
357 409 3.7324082779400585
372 398 2.7803933118077264
380 406 2.8534721380276795
367 406 1.0422550037182607
333 409 0.13248100121840833
368 398 1.6615501074318497
369 382 -0.6872706606037844
336 389 -1.4968294629075651
395 396 -0.8306198826413334
382 390 3.4370554399806776
300 407 3.2060450031958343
336 399 1.3241144775306468
381 400 0.19515760538251437
373 402 -1.324114566604422
344 411 -1.371652884404361
374 417 1.8144599138640842
386 407 2.646993557188065
389 400 -1.9501526936104758
395 411 1.2551669361900215
345 417 0.8677032967963991
392 401 2.646993557188065
373 403 -1.4455945421327967
356 402 -0.9053575182618498
379 411 -2.1840514594677467
387 400 0.13248100121840833
387 403 -2.418966560561031
402 403 1.880614156109223
356 409 0.982542654754837
370 419 0.007781661256567096
332 419 4.844202556684481
345 414 1.210635526973574
374 418 -0.4674454634335292
362 418 -0.11685724657693086
414 417 -1.1887676261434261
397 418 2.93164334365634
368 406 2.93164334365634
375 406 -0.13248112001244716
385 415 4.436121480203944
356 408 3.574453703354731
230 415 3.9184427168471876
378 408 2.101269714871794
400 404 -0.19515772478657212
400 403 -1.60462908492035
356 405 -2.023524054927849
403 404 1.5497853865743236
402 405 1.5497853865743236
417 418 -1.3959339919795308
389 399 -4.43612156009328
333 410 3.10674997290245
378 405 -2.2726892867301896
389 423 -5.53733426701854
400 423 -1.8806142848807943
395 412 2.418966462073592
396 412 1.3716527928075883
378 413 -2.6469936768108107
396 422 2.7117470592609445
405 413 2.7803933118077264
345 422 1.1671515377428254
403 420 1.986327796610479
378 416 -2.1012697910023577
404 420 1.188767543534301
413 416 3.015725255756913
408 409 1.9149341938214999
333 409 2.101269714871794
333 421 -0.7580155848378691
375 426 -0.5504199144331001
403 405 -0.27405945275533616
408 416 -0.867703438765498
410 421 -3.106750063060895
406 426 3.574453703354731
388 426 1.5230823357393546
336 389 -4.43612156009328
405 420 -0.4839058740936957
420 423 -2.5274489963885465
300 415 3.10674997290245
406 425 5.537334267018537
390 427 0.08565016394454328
382 427 4.844202556684481
412 422 1.5769599644200505
414 422 -0.11685724657693086
383 398 -2.4719661045957224
368 425 2.8534721380276795
388 427 1.2778513804684322
391 427 -0.17945749696390423
300 430 4.436121480203944
405 424 -1.4968294629075651
406 428 2.31951701078773
376 389 -3.43705550120135
420 424 0.5504197869721676
409 421 -1.5230824363372633
426 428 2.418966462073592
388 431 2.2726891994400433
190 415 1.0422550037182607
332 376 2.2275794437459226
413 424 -1.847139159904398
411 412 0.8122799937741847
427 431 1.0625402297313233
300 386 4.436121480203944
300 436 2.8534721380276795
332 451 -0.353818619728701
413 429 -1.6615502176829433
426 441 2.101269714871794
386 430 3.7324082779400585
419 451 3.4370554399806776
424 429 2.646993557188065
388 441 2.7117470592609445
379 447 -3.0157253387444354
411 437 0.652518806521984
412 437 -1.3959339919795308
397 414 2.4719660016221714
406 434 2.4719660016221714
411 447 -1.751313725733529
428 434 2.0618119072200103
190 435 4.436121480203944
415 435 4.145152023550564
425 434 2.646993557188065
414 418 3.9184427168471876
371 414 0.40219817433836536
416 429 -1.2778514672160726
332 439 2.5274488884529975
370 439 2.7803933118077264
416 433 -0.13248112001244716
411 449 1.7825318837304605
420 429 1.1457782142804072
429 433 1.986327796610479
447 449 -4.145152083743929
415 432 3.9184427168471876
420 445 2.5274488884529975
410 446 3.2060450031958343
333 472 0.5336849977291656
379 453 2.368217406966919
427 448 2.31951701078773
391 444 4.844202556684481
332 436 3.4370554399806776
421 446 -2.319517101482562
453 472 2.418966462073592
437 449 0.33778526158074773
190 450 4.145152023550564
333 446 3.9184427168471876
371 440 -0.023346044556825873
383 440 2.023523983245292
428 438 2.023523983245292
427 442 2.646993557188065
434 438 2.7803933118077264
442 448 2.7117470592609445
427 443 -1.167151619412428
391 443 3.015725255756913
401 452 1.6908566753683048
432 435 3.7324082779400585
389 420 -5.53733426701854
414 440 3.4370554399806776
426 438 2.31951701078773
431 442 0.6698459156176995
443 448 -0.7940690348095123
393 444 4.844202556684481
368 454 3.574453703354731
398 454 1.5497853865743236
368 434 0.369896870073811
443 444 2.2726891994400433
420 433 1.2551669361900215
412 459 -0.24241052705099042
376 451 -0.19515772478657212
437 459 1.347717671142901
422 459 0.8864565510992328
370 462 -2.418966560561031
419 462 4.436121480203944
420 458 3.9184427168471876
439 462 -2.1012697910023577
445 458 2.4719660016221714
436 439 1.72076695640305
440 457 1.0830275858277314
434 460 3.3153580262671256
383 457 1.604628978813839
368 460 2.5274488884529975
419 476 2.418966462073592
451 476 4.844202556684481
408 455 0.7940688968903633
426 434 2.2726891994400433
416 455 1.5769599644200505
426 460 2.31951701078773
392 452 2.101269714871794
415 464 4.145152023550564
422 456 2.418966462073592
448 468 -0.07006336313715722
443 468 1.3008299128497565
300 464 2.8534721380276795
456 459 2.101269714871794
388 461 1.4205758640846524
431 461 -0.33778538326100627
190 432 1.986327796610479
190 415 3.3153580262671256
416 467 -2.368217501379304
409 469 -0.24241052705099042
447 473 -2.5274489963885465
449 473 2.8534721380276795
383 463 2.31951701078773
383 487 -0.33778538326100627
454 466 2.7117470592609445
448 490 1.0422550037182607
444 468 3.9184427168471876
389 451 -0.32179504083642385
433 467 2.141984057957801
455 467 -1.042255157127819
408 469 3.4370554399806776
421 469 0.9244109312539295
333 421 -0.24241052705099042
414 456 -0.8122801326543725
463 487 2.023523983245292
398 487 -3.3153581355547077
398 466 2.101269714871794
468 490 4.145152023550564
389 465 -5.53733426701854
420 465 2.101269714871794
392 475 2.5856857384930256
452 475 3.9184427168471876
436 462 2.141984057957801
368 471 2.0618119072200103
457 463 1.880614156109223
466 487 -5.53733426701854
460 471 4.436121480203944
453 482 0.33778526158074773
453 472 0.274059332246233
449 470 -0.9629980439232386
472 482 1.9501526258096291
379 472 1.7825318837304605
470 473 -0.6872706606037844
437 470 2.368217406966919
389 479 2.418966462073592
465 479 -3.3153581355547077
420 477 0.023345926266394867
433 477 1.4968293639808472
292 452 -5.53733426701854
467 478 0.8490926297285697
455 478 1.6615501074318497
408 478 1.8144599138640842
447 472 -2.319517101482562
460 474 5.537334267018537
445 465 2.2275794437459226
458 477 0.652518806521984
472 473 -3.9184428135768994
426 474 2.2275794437459226
441 461 -0.4674454634335292
436 484 3.3153580262671256
433 481 1.0422550037182607
459 470 0.9629978960423582
467 481 1.103724552883528
456 470 1.1457782142804072
368 466 3.7324082779400585
393 468 2.418966462073592
458 483 -0.7940690348095123
421 498 0.9053573740495944
333 498 3.574453703354731
445 483 -1.324114566604422
389 486 -0.5170230248961472
465 485 -0.24241052705099042
479 486 0.5504197869721676
430 496 1.604628978813839
436 488 4.436121480203944
468 491 2.7117470592609445
393 491 3.9184427168471876
484 488 2.7117470592609445
477 481 -0.22663222628581936
431 448 -0.8864566941706382
386 496 1.347717671142901
445 480 2.184051378192568
473 493 3.9184427168471876
465 480 1.3716527928075883
480 483 -2.2726892867301896
472 493 -5.53733426701854
440 463 2.5856857384930256
300 496 2.2726891994400433
451 489 -0.5004308444200505
389 489 3.3153580262671256
414 500 1.7825318837304605
474 510 3.3153580262671256
426 510 2.184051378192568
456 500 0.5672301020452246
485 492 -2.6469936768108107
465 492 1.1457782142804072
480 492 1.0830275858277314
408 497 -0.038913137770452355
470 493 1.124638707269666
300 415 2.368217406966919
300 488 3.7324082779400585
483 492 -2.7803933790295874
469 497 -0.9244110766470177
458 499 -0.8122801326543725
477 499 0.03891301945135828
421 504 -0.17945749696390423
471 494 3.10674997290245
481 499 -0.9053575182618498
469 504 -2.5274489963885465
368 494 2.418966462073592
460 494 3.10674997290245
389 495 -0.6525189378391278
486 495 2.2275794437459226
481 501 0.242410407030617
441 513 3.7324082779400585
461 513 3.2060450031958343
489 495 1.0221648177565306
479 495 0.9436225830949259
483 499 -1.1037246319352672
467 501 2.023523983245292
478 497 0.8306197427665889
441 510 3.10674997290245
190 502 2.023523983245292
415 502 2.5274488884529975
483 511 -0.023346044556825873
492 511 -0.867703438765498
499 511 -0.9053575182618498
499 501 0.054484828546315534
498 504 -4.844202616288199
472 508 3.7324082779400585
460 510 1.880614156109223
436 488 4.145152023550564
493 508 -1.7207670712436016
465 505 2.7117470592609445
485 505 0.9244109312539295
470 509 1.986327796610479
456 509 -1.3477177614522067
392 452 3.4370554399806776
500 509 -0.5841189757308616
393 452 0.6010889981175147
479 505 -1.0221649697100497
492 503 0.38602265684584536
503 511 -3.2060451019615273
414 509 1.3959338990403656
368 460 1.6328169387983074
501 506 0.19515760538251437
467 506 0.6698459156176995
478 506 0.08565016394454328
493 507 2.646993557188065
470 507 0.5841188470777665
441 512 3.10674997290245
510 512 3.9184427168471876
512 513 2.31951701078773
415 514 1.4205758640846524
495 516 -2.5274489963885465
479 516 -3.732408358890588
300 514 -0.4674454634335292
505 516 -0.4674454634335292
497 506 0.8306197427665889
300 515 3.3153580262671256
514 515 1.9149341938214999
476 489 -2.1419841365639445
507 508 -1.0625403846496646
507 509 0.3058452631148958
502 514 1.72076695640305
492 519 -0.6010891274007599
503 519 1.604628978813839
419 436 0.9244109312539295
485 519 -2.418966560561031
368 510 -0.17945749696390423
502 518 2.2726891994400433
190 518 1.5497853865743236
489 516 -5.53733426701854
497 504 -1.1246387871621042
368 517 3.574453703354731
510 517 -0.2899342369326745
508 521 -3.9184428135768994
507 521 1.8144599138640842
509 521 -0.3860227795812654
419 524 1.604628978813839
505 520 0.652518806521984
448 522 1.8144599138640842
490 522 -1.042255157127819
436 524 4.844202556684481
431 522 -1.4710064589046166
516 520 2.31951701078773
485 520 -1.2327653271421226
452 491 -0.3860227795812654
368 487 -5.53733426701854
476 525 3.015725255756913
503 523 2.5856857384930256
431 513 -0.16377929735639296
489 525 -1.9501526936104758
519 523 5.537334267018537
511 523 -1.2551670218420983
490 491 -0.8864566941706382
333 527 3.7324082779400585
431 526 1.5497853865743236
514 518 1.0625402297313233
499 506 3.9184427168471876
498 527 0.6872705278045488
522 526 0.10124748840924536
514 529 2.7803933118077264
515 529 3.7324082779400585
476 524 2.646993557188065
489 533 -3.732408358890588
516 533 0.33778526158074773
463 531 -0.4510470176203887
520 533 3.574453703354731
487 531 -3.106750063060895
513 526 2.8534721380276795
190 529 5.537334267018537
511 534 -1.8806142848807943
499 534 4.436121480203944
518 529 2.93164334365634
300 436 -0.13248112001244716
523 534 2.368217406966919
440 531 -1.042255157127819
300 528 1.6328169387983074
519 520 1.5769599644200505
498 537 0.21088184704301205
436 528 3.7324082779400585
524 525 2.93164334365634
527 537 -0.6010891274007599
300 539 2.5274488884529975
472 527 1.880614156109223
517 536 -0.9053575182618498
510 536 -0.9629980439232386
521 530 -2.1012697910023577
521 535 4.436121480203944
504 537 -3.9184428135768994
508 530 1.5497853865743236
530 535 -3.106750063060895
509 535 -2.7117471225450083
525 540 -1.083027742309897
489 540 3.4370554399806776
472 530 0.7401648358628796
522 532 -1.7207670712436016
490 532 1.8144599138640842
497 499 0.652518806521984
368 536 -3.5744537730315336
300 543 4.145152023550564
497 548 3.7324082779400585
504 548 -1.2327653271421226
368 541 2.93164334365634
513 544 3.7324082779400585
513 542 2.2726891994400433
522 546 0.35381849771398977
539 543 1.6328169387983074
527 530 -0.0544849469084292
532 546 1.5497853865743236
300 545 2.5856857384930256
520 547 -2.9316434205780437
491 553 3.7324082779400585
532 553 2.646993557188065
531 538 1.2778513804684322
539 545 2.023523983245292
528 545 2.93164334365634
524 540 0.35381849771398977
487 538 -2.368217501379304
436 549 4.436121480203944
487 541 -3.732408358890588
542 544 2.31951701078773
452 553 4.436121480203944
504 559 -3.3153581355547077
527 551 3.574453703354731
526 550 2.4719660016221714
522 550 -0.14812115655181013
537 559 -2.2726892867301896
537 551 -2.319517101482562
530 551 0.8122799937741847
536 541 -2.9316434205780437
546 550 1.6908566753683048
548 559 0.242410407030617
512 544 1.2778513804684322
513 550 2.93164334365634
499 555 2.101269714871794
497 555 3.9184427168471876
440 552 2.31951701078773
528 549 -0.21088196663715686
531 552 0.33778526158074773
545 549 3.574453703354731
538 552 -1.0221649697100497
519 547 -0.8864566941706382
499 554 1.0830275858277314
554 555 0.6698459156176995
524 585 1.5769599644200505
530 556 -3.732408358890588
535 556 3.574453703354731
541 564 -2.1419841365639445
542 557 2.0618119072200103
436 585 3.7324082779400585
536 564 1.8471390342477205
513 557 5.537334267018537
300 563 2.7117470592609445
544 557 4.844202556684481
543 563 2.418966462073592
551 559 0.369896870073811
512 561 5.537334267018537
544 562 0.1168571278983801
515 563 2.184051378192568
534 554 -0.11685724657693086
512 562 4.145152023550564
533 566 1.880614156109223
520 566 2.368217406966919
538 560 0.9244109312539295
543 545 -0.21088196663715686
489 566 -4.43612156009328
552 560 0.7047961364960313
545 570 2.5856857384930256
509 568 -2.2726892867301896
543 570 2.418966462073592
535 568 1.7513136084096503
487 560 -0.19515772478657212
510 561 2.7117470592609445
414 568 -0.6525189378391278
561 562 2.5274488884529975
540 558 3.9184427168471876
489 558 2.5274488884529975
547 572 -1.2551670218420983
541 583 0.13248100121840833
520 572 1.6908566753683048
519 572 -0.22663222628581936
564 583 1.72076695640305
524 571 5.537334267018537
519 579 3.9184427168471876
551 567 0.10124748840924536
536 573 2.8534721380276795
553 565 3.3153580262671256
571 585 2.368217406966919
572 579 2.023523983245292
557 562 0.03891301945135828
510 573 -2.319517101482562
546 574 1.7825318837304605
532 569 3.7324082779400585
564 573 2.023523983245292
550 574 0.5004307185850176
546 569 0.5504197869721676
534 576 1.0830275858277314
554 576 0.023345926266394867
497 577 2.368217406966919
551 591 2.141984057957801
548 577 -0.6010891274007599
551 556 -3.732408358890588
569 574 1.1457782142804072
555 576 -0.33778538326100627
555 577 0.33778526158074773
487 581 3.574453703354731
452 575 3.10674997290245
558 566 -4.844202616288199
559 577 -1.1037246319352672
567 591 -0.11685724657693086
541 581 -1.042255157127819
292 575 -3.732408358890588
452 578 -0.24241052705099042
519 534 1.0022628750411067
576 577 -0.24241052705099042
553 578 3.015725255756913
575 578 1.232765242543629
549 585 3.9184427168471876
551 591 0.33778526158074773
560 580 0.7224263377855422
545 585 4.844202556684481
559 591 0.2582187931706581
567 591 -0.0544849469084292
552 580 -0.36989699244014895
487 580 1.3959338990403656
561 573 -4.844202616288199
553 582 4.844202556684481
565 582 1.6328169387983074
566 572 2.646993557188065
581 583 -0.6872706606037844
561 584 4.844202556684481
557 584 3.2060450031958343
580 581 4.436121480203944
562 584 3.2060450031958343
585 589 4.844202556684481
571 589 4.145152023550564
529 543 2.646993557188065
576 588 3.10674997290245
577 588 0.7401648358628796
567 586 -1.5230824363372633
586 591 0.7759821143416219
580 583 -1.914934325902037
529 563 2.7803933118077264
553 582 5.537334267018537
564 596 -3.9184428135768994
573 596 -0.07006336313715722
529 570 2.101269714871794
573 584 -3.43705550120135
558 587 -5.53733426701854
534 600 5.537334267018537
535 594 1.8144599138640842
566 587 3.4370554399806776
576 600 1.5497853865743236
577 591 -4.844202616288199
556 594 1.6615501074318497
535 595 0.5672301020452246
568 595 -0.9053575182618498
568 592 -0.5170230248961472
553 590 2.7803933118077264
556 591 -3.3153581355547077
592 595 2.4719660016221714
553 597 2.8534721380276795
578 593 2.0618119072200103
575 593 0.8490926297285697
414 592 4.436121480203944
532 574 -1.5230824363372633
292 593 -4.844202616288199
566 598 -0.5841189757308616
572 598 -0.353818619728701
534 609 3.10674997290245
579 598 -0.533685124626992
519 609 1.7825318837304605
583 596 0.9436225830949259
579 604 -1.3959339919795308
578 597 0.007781661256567096
529 545 -0.5504199144331001
524 558 -0.16377929735639296
519 604 -0.6010891274007599
532 590 1.986327796610479
529 621 2.4719660016221714
579 599 2.8534721380276795
519 601 1.7825318837304605
594 595 -0.038913137770452355
545 621 4.145152023550564
587 598 -2.5274489963885465
598 599 -3.0157253387444354
599 604 -3.3153581355547077
601 604 -1.3008300007371676
593 597 -0.4184259027266788
552 605 1.9501526258096291
580 605 -0.6010891274007599
550 603 2.023523983245292
574 603 1.188767543534301
591 608 2.646993557188065
580 606 3.10674997290245
584 602 2.0618119072200103
605 606 0.40219817433836536
513 603 4.844202556684481
558 614 2.101269714871794
591 613 2.93164334365634
580 610 2.8534721380276795
590 612 2.184051378192568
587 614 -2.7803933790295874
606 610 2.5856857384930256
532 612 0.242410407030617
553 612 0.5170228985401271
591 615 1.2551669361900215
596 611 3.9184427168471876
596 616 1.471006361575077
573 616 0.3058452631148958
557 607 4.436121480203944
450 529 4.145152023550564
577 615 -5.53733426701854
580 596 -2.9316434205780437
573 602 -2.5856858519456853
529 618 1.0022628750411067
618 621 3.4370554399806776
601 609 -0.4184259027266788
608 615 3.574453703354731
608 613 4.844202556684481
584 607 1.7825318837304605
571 585 2.101269714871794
553 617 0.6872705278045488
414 595 1.3241144775306468
440 605 0.007781661256567096
513 607 3.4370554399806776
612 617 -1.420575958424365
601 623 2.023523983245292
604 623 0.5841188470777665
582 617 1.6908566753683048
556 638 -2.0618119810484816
440 627 2.184051378192568
605 627 2.184051378192568
603 630 3.9184427168471876
532 624 2.0618119072200103
591 638 -3.732408358890588
513 630 3.9184427168471876
574 624 -2.7803933790295874
585 622 3.3153580262671256
587 619 1.232765242543629
596 620 2.8534721380276795
616 628 4.844202556684481
573 628 -0.4839058740936957
597 625 5.537334267018537
614 619 0.10124748840924536
598 619 -4.145152083743929
596 610 -2.319517101482562
606 627 1.9149341938214999
596 641 3.2060450031958343
573 629 1.2551669361900215
602 629 -1.3959339919795308
593 625 1.0022628750411067
524 585 3.9184427168471876
610 641 -2.5274489963885465
584 629 -2.9316434205780437
292 625 -4.844202616288199
545 631 3.3153580262671256
545 632 3.4370554399806776
577 626 0.8677032967963991
631 632 4.844202556684481
599 623 -2.9316434205780437
610 627 1.3241144775306468
574 630 1.5230823357393546
612 624 -0.6010891274007599
582 597 2.8534721380276795
563 639 4.844202556684481
588 626 2.646993557188065
584 635 2.7117470592609445
609 623 0.35381849771398977
414 633 1.6908566753683048
610 634 -0.6872706606037844
610 637 2.2726891994400433
621 631 3.7324082779400585
595 633 1.103724552883528
627 634 0.6010889981175147
634 637 1.1671515377428254
629 635 -4.844202616288199
588 600 2.418966462073592
556 636 0.8122799937741847
594 636 0.21088184704301205
414 627 2.31951701078773
573 652 0.6010889981175147
628 652 1.6328169387983074
625 647 4.436121480203944
585 632 3.4370554399806776
595 636 -0.36989699244014895
629 652 0.35381849771398977
607 635 -0.8122801326543725
292 647 -5.53733426701854
558 649 -5.53733426701854
614 649 -4.145152083743929
619 649 1.986327796610479
623 645 1.9149341938214999
534 658 2.8534721380276795
600 658 0.7940688968903633
414 640 1.8144599138640842
609 645 0.8490926297285697
627 640 1.6328169387983074
585 648 -0.7580155848378691
615 626 -4.844202616288199
414 646 0.08565016394454328
414 643 0.5004307185850176
640 643 2.023523983245292
627 644 5.537334267018537
596 651 0.7047961364960313
620 651 0.33778526158074773
515 639 3.9184427168471876
643 646 1.5769599644200505
634 644 0.48390574875928927
591 672 2.0618119072200103
595 642 2.0618119072200103
633 653 1.0221648177565306
529 639 4.145152023550564
622 648 2.184051378192568
588 658 0.8677032967963991
638 672 -3.5744537730315336
595 653 1.2551669361900215
633 646 1.188767543534301
641 651 1.0221648177565306
591 667 2.5856857384930256
613 667 2.2275794437459226
636 642 -0.353818619728701
642 653 1.347717671142901
637 641 -2.1419841365639445
513 635 1.1457782142804072
585 655 3.9184427168471876
626 664 -0.27405945275533616
637 668 -0.16377929735639296
624 654 2.5856857384930256
615 664 -3.0157253387444354
641 668 3.574453703354731
612 654 -0.8122801326543725
622 660 2.31951701078773
588 656 0.19515760538251437
642 650 1.6328169387983074
650 653 1.4968293639808472
585 660 2.5274488884529975
636 638 -1.5769600686022973
596 651 0.38602265684584536
574 654 -2.7117471225450083
529 659 2.646993557188065
588 666 0.1168571278983801
626 666 -0.0544849469084292
636 665 -1.847139159904398
596 628 3.2060450031958343
628 675 2.31951701078773
618 659 0.8122799937741847
598 649 -4.844202616288199
656 658 2.101269714871794
656 666 2.5274488884529975
638 665 -1.324114566604422
642 665 -2.5856858519456853
652 675 4.145152023550564
612 657 1.2551669361900215
664 666 -1.4455945421327967
627 643 0.13248100121840833
617 657 -0.9053575182618498
582 625 3.015725255756913
599 676 2.2275794437459226
645 662 1.103724552883528
609 662 0.8306197427665889
609 663 0.8864565510992328
534 663 0.023345926266394867
658 663 2.368217406966919
638 669 -1.986327866288225
621 659 2.646993557188065
598 676 -2.5274489963885465
667 672 3.9184427168471876
669 672 -1.847139159904398
665 669 -3.9184428135768994
650 665 -2.7803933790295874
627 646 1.604628978813839
623 661 2.31951701078773
645 661 -0.27405945275533616
653 673 2.31951701078773
634 668 0.5336849977291656
596 674 3.015725255756913
635 670 -1.1457782950449733
632 660 3.10674997290245
648 655 0.982542654754837
524 655 2.93164334365634
599 661 -2.8534722097520193
662 663 0.9629978960423582
650 673 1.3008299128497565
628 674 4.145152023550564
629 670 -1.042255157127819
615 672 2.184051378192568
608 672 0.9436225830949259
661 662 0.03891301945135828
627 633 1.3716527928075883
596 641 2.101269714871794
622 684 2.5856857384930256
664 677 -2.5274489963885465
654 671 3.015725255756913
612 671 -0.9244110766470177
660 684 5.537334267018537
666 677 -4.43612156009328
657 671 -1.3008300007371676
627 653 3.2060450031958343
664 672 -4.43612156009328
613 672 2.418966462073592
655 684 3.015725255756913
665 685 1.7825318837304605
650 685 -2.418966560561031
652 670 2.7803933118077264
657 680 0.8122799937741847
648 684 5.537334267018537
661 676 -1.751313725733529
658 666 1.880614156109223
513 670 1.2778513804684322
617 680 1.188767543534301
655 687 3.3153580262671256
661 678 -1.4710064589046166
662 678 0.2582187931706581
663 678 0.6698459156176995
658 679 2.7117470592609445
684 687 3.9184427168471876
673 685 -1.847139159904398
671 680 0.5504197869721676
668 682 2.4719660016221714
641 682 0.1481210376275779
647 683 3.2060450031958343
658 678 2.418966462073592
574 671 -1.5769600686022973
625 683 3.3153580262671256
661 686 -0.14812115655181013
644 681 4.145152023550564
513 574 1.1671515377428254
676 686 -4.145152083743929
574 670 2.8534721380276795
292 683 -4.844202616288199
674 694 2.646993557188065
582 699 2.184051378192568
644 668 -1.3008300007371676
596 694 3.9184427168471876
644 653 1.72076695640305
644 673 3.015725255756913
598 700 -5.53733426701854
658 692 2.418966462073592
672 693 -3.2060451019615273
644 697 -4.43612156009328
668 697 -3.43705550120135
652 701 0.8490926297285697
617 699 0.41842577919951873
676 700 1.5497853865743236
678 686 -4.43612156009328
679 692 3.2060450031958343
664 693 1.188767543534301
675 701 3.2060450031958343
625 699 2.31951701078773
679 688 4.436121480203944
677 689 1.6328169387983074
664 689 -3.106750063060895
672 696 3.3153580262671256
641 698 3.015725255756913
574 617 -0.10124760698692858
666 689 -5.53733426701854
689 693 -3.3153581355547077
682 698 0.5672301020452246
574 680 1.7825318837304605
574 699 5.537334267018537
649 690 3.3153580262671256
649 695 -5.53733426701854
678 691 -2.319517101482562
671 704 0.652518806521984
558 690 -5.53733426701854
690 695 -3.9184428135768994
598 695 2.8534721380276795
658 691 -3.732408358890588
693 696 -5.53733426701854
669 685 -3.43705550120135
680 704 1.471006361575077
574 704 3.015725255756913
676 702 -1.371652884404361
686 702 1.188767543534301
682 697 -3.2060451019615273
670 701 1.8144599138640842
679 705 0.7047961364960313
658 705 2.5274488884529975
685 709 1.471006361575077
673 709 -1.324114566604422
644 703 2.0618119072200103
596 698 0.5004307185850176
625 707 3.574453703354731
683 707 3.015725255756913
700 702 -2.0618119810484816
688 705 2.4719660016221714
672 717 3.574453703354731
698 715 0.369896870073811
596 715 0.3058452631148958
524 687 1.7513136084096503
666 705 0.8122799937741847
669 717 -1.690856787854381
686 708 -4.844202616288199
692 719 -0.4347079946705643
689 706 0.982542654754837
693 706 -0.7940690348095123
644 713 1.9501526258096291
644 710 -0.023346044556825873
681 710 -0.5504199144331001
644 710 2.7117470592609445
682 714 -2.9316434205780437
702 708 -1.420575958424365
678 708 2.418966462073592
658 719 -4.43612156009328
666 706 -1.2551670218420983
703 710 1.3008299128497565
697 714 2.7803933118077264
672 711 1.1671515377428254
574 712 3.574453703354731
696 711 2.8534721380276795
644 710 -0.7401649710893459
698 714 -2.2726892867301896
694 715 -0.8490927706325437
598 716 -4.145152083743929
700 716 2.0618119072200103
695 716 -5.53733426701854
292 707 -4.844202616288199
685 718 -2.1840514594677467
702 716 -0.9629980439232386
669 718 -0.10124760698692858
710 713 3.574453703354731
691 708 -0.25821891342749526
709 718 0.13248100121840833
673 713 2.2726891994400433
687 722 4.145152023550564
697 720 3.7324082779400585
697 721 0.5170228985401271
524 722 1.445594446330888
644 720 -4.43612156009328
714 721 2.31951701078773
711 717 1.3008299128497565
695 730 2.2275794437459226
716 730 -4.145152083743929
720 721 0.8864565510992328
574 625 -1.4710064589046166
558 726 -0.7759822513321553
695 737 -2.319517101482562
690 726 -4.145152083743929
690 737 -1.8144600365838361
730 737 -1.986327866288225
702 723 1.986327796610479
679 725 0.054484828546315534
688 725 1.7825318837304605
666 731 2.646993557188065
709 742 -0.9436227297103521
701 728 2.93164334365634
524 726 -1.4455945421327967
716 723 -2.1840514594677467
708 723 -1.8144600365838361
705 731 3.7324082779400585
673 742 -0.5170230248961472
670 728 2.2726891994400433
691 724 2.0618119072200103
688 727 3.3153580262671256
726 737 -4.145152083743929
658 724 0.5504197869721676
725 727 2.4719660016221714
666 693 0.40219817433836536
714 715 -1.2778514672160726
675 728 3.574453703354731
688 729 3.9184427168471876
711 743 3.3153580262671256
673 733 2.368217406966919
713 733 3.9184427168471876
715 734 -1.914934325902037
708 724 2.31951701078773
692 725 0.3217949194737102
727 729 3.9184427168471876
718 742 -1.0221649697100497
714 734 1.0830275858277314
694 734 3.7324082779400585
716 738 -0.21088196663715686
696 743 1.445594446330888
669 732 0.45104689322786395
718 732 -0.14812115655181013
684 722 3.2060450031958343
722 726 -1.324114566604422
723 738 -4.43612156009328
733 742 -0.40219829746062086
711 739 2.101269714871794
717 739 2.184051378192568
644 740 -2.7803933790295874
720 740 3.2060450031958343
674 751 3.2060450031958343
719 725 -5.53733426701854
705 729 0.982542654754837
717 732 -1.60462908492035
694 751 1.72076695640305
292 625 -3.9184428135768994
731 741 2.93164334365634
666 741 0.8864565510992328
693 735 1.6328169387983074
625 757 0.369896870073811
719 724 1.2551669361900215
696 735 -4.43612156009328
721 740 1.0221648177565306
292 757 -4.43612156009328
696 746 4.436121480203944
721 736 2.5274488884529975
714 736 1.9501526258096291
670 812 3.7324082779400585
730 738 -4.43612156009328
743 746 3.3153580262671256
732 742 -3.3153581355547077
574 812 1.8144599138640842
666 735 -0.32179504083642385
674 748 3.2060450031958343
736 740 2.4719660016221714
748 751 3.9184427168471876
738 752 -0.9825428039459942
711 744 2.141984057957801
717 756 2.5856857384930256
730 752 -5.53733426701854
739 744 1.6908566753683048
732 756 0.08565016394454328
710 740 -1.6615502176829433
719 758 -3.43705550120135
666 747 -3.0157253387444354
713 753 0.6698459156176995
710 753 0.2899341161553104
708 738 -1.9501526936104758
725 758 0.8864565510992328
735 747 -0.40219829746062086
735 746 -4.844202616288199
708 758 -1.914934325902037
705 741 1.880614156109223
735 745 -0.4674454634335292
710 750 5.537334267018537
574 800 4.145152023550564
738 758 3.2060450031958343
729 741 -1.8144600365838361
741 747 -1.4455945421327967
745 746 -4.844202616288199
712 812 0.6352858046593717
712 800 -0.8864566941706382
724 758 -1.2106356105583946
742 749 0.242410407030617
733 749 -2.6469936768108107
737 762 -0.533685124626992
737 754 2.2726891994400433
730 754 -1.324114566604422
710 761 3.015725255756913
714 770 1.347717671142901
734 770 2.2275794437459226
726 762 0.9053573740495944
745 747 -4.43612156009328
739 756 3.015725255756913
740 761 -0.9825428039459942
743 765 0.5672301020452246
732 760 -0.5841189757308616
749 766 -0.07006336313715722
733 766 -1.042255157127819
711 765 2.93164334365634
742 760 0.007781661256567096
750 753 -0.9825428039459942
736 770 1.0830275858277314
725 755 0.8306197427665889
727 755 0.6698459156176995
729 755 1.3008299128497565
733 764 2.8534721380276795
764 766 0.22663210648628773
713 764 4.145152023550564
621 870 4.436121480203944
631 870 4.145152023550564
725 763 -1.167151619412428
741 759 1.9149341938214999
756 760 0.023345926266394867
749 760 1.9149341938214999
755 763 0.33778526158074773
740 768 0.1168571278983801
736 768 0.6698459156176995
768 770 3.015725255756913
758 763 -0.6698460476628039
741 755 -1.1457782950449733
722 780 3.015725255756913
758 772 3.7324082779400585
740 767 0.6698459156176995
767 768 3.9184427168471876
574 776 1.7825318837304605
763 772 3.3153580262671256
761 767 0.7224263377855422
625 776 1.72076695640305
747 769 -1.2778514672160726
745 769 0.4674453385798212
752 758 -0.533685124626992
746 769 -4.844202616288199
746 791 1.3008299128497565
744 756 0.9244109312539295
753 784 -1.3959339919795308
722 762 -0.8864566941706382
747 759 -4.43612156009328
765 791 4.145152023550564
750 784 3.015725255756913
694 770 1.880614156109223
631 660 1.5497853865743236
711 756 3.4370554399806776
670 675 1.3959338990403656
762 781 -0.305845384176723
761 773 0.10124748840924536
767 773 2.7803933118077264
722 781 2.0618119072200103
760 775 0.8677032967963991
749 775 -0.023346044556825873
713 777 0.5336849977291656
753 778 1.0830275858277314
774 812 2.368217406966919
712 771 2.418966462073592
766 775 0.3058452631148958
777 778 0.9244109312539295
778 784 0.6181436068748636
771 774 0.7580154487445683
771 800 0.19515760538251437
730 781 1.2551669361900215
758 782 4.844202556684481
574 792 3.2060450031958343
754 781 -0.33778538326100627
758 781 -5.53733426701854
776 792 3.3153580262671256
764 783 3.4370554399806776
694 779 1.347717671142901
751 779 -0.618143736811748
737 781 0.48390574875928927
766 783 1.0830275858277314
713 783 3.10674997290245
574 789 2.101269714871794
769 791 -3.0157253387444354
789 800 0.8122799937741847
758 786 0.242410407030617
766 797 -0.7047962700763302
767 785 3.10674997290245
748 779 -1.1246387871621042
628 798 -2.2726892867301896
529 621 2.184051378192568
782 786 3.3153580262671256
741 763 -1.6328170469254393
756 775 0.4674453385798212
768 785 2.7117470592609445
675 798 1.6908566753683048
292 625 -5.53733426701854
758 790 -0.305845384176723
741 796 -2.2726892867301896
759 796 -0.038913137770452355
780 781 3.4370554399806776
786 790 1.4968293639808472
711 791 2.7117470592609445
775 797 2.141984057957801
777 783 1.3241144775306468
710 773 -0.6010891274007599
763 787 -2.9316434205780437
741 787 2.0618119072200103
710 794 4.436121480203944
674 795 1.7513136084096503
628 795 1.986327796610479
799 812 4.436121480203944
747 796 -5.53733426701854
774 799 1.4205758640846524
694 803 1.3716527928075883
779 803 -0.5004308444200505
748 788 -1.914934325902037
674 788 1.471006361575077
781 790 -4.844202616288199
772 787 -2.319517101482562
773 785 2.646993557188065
774 800 2.8534721380276795
756 797 -0.6010891274007599
778 783 1.6908566753683048
670 798 1.986327796610479
783 797 -2.5274489963885465
770 803 1.5230823357393546
779 788 1.0830275858277314
788 795 0.6872705278045488
795 798 -1.2551670218420983
684 793 4.844202556684481
787 796 -4.145152083743929
450 807 3.2060450031958343
574 800 1.880614156109223
747 791 0.7759821143416219
783 809 -0.6010891274007599
750 778 -0.0544849469084292
785 801 1.5230823357393546
768 824 -0.33778538326100627
750 809 0.5336849977291656
785 824 -0.9244110766470177
770 824 1.2551669361900215
797 814 -3.3153581355547077
783 814 2.8534721380276795
779 802 -2.5274489963885465
782 790 1.6615501074318497
773 801 5.537334267018537
801 824 -1.3477177614522067
802 803 1.6615501074318497
791 823 5.537334267018537
711 823 1.103724552883528
756 804 0.982542654754837
797 804 1.347717671142901
788 802 -1.1246387871621042
788 803 -0.9629980439232386
795 803 2.2275794437459226
774 812 2.0618119072200103
802 803 1.1671515377428254
529 810 2.368217406966919
783 808 2.5274488884529975
710 815 2.101269714871794
808 814 5.537334267018537
794 815 1.604628978813839
803 824 -1.0221649697100497
798 803 -2.319517101482562
780 811 3.9184427168471876
781 811 4.844202556684481
756 829 2.646993557188065
798 805 0.652518806521984
798 806 0.45104689322786395
792 816 2.93164334365634
805 806 1.2551669361900215
670 806 3.7324082779400585
574 816 1.880614156109223
631 813 2.0618119072200103
660 813 2.31951701078773
772 819 -1.1246387871621042
781 782 -3.9184428135768994
787 819 3.4370554399806776
756 823 1.1457782142804072
798 821 0.1637791782871667
776 816 2.7803933118077264
808 809 -4.844202616288199
803 821 2.93164334365634
800 812 1.0221648177565306
529 831 3.9184427168471876
722 811 2.023523983245292
758 818 1.8471390342477205
797 837 -1.3008300007371676
814 837 2.184051378192568
684 813 2.4719660016221714
796 819 -2.319517101482562
782 817 1.986327796610479
803 820 1.8144599138640842
802 820 -0.7580155848378691
776 825 4.436121480203944
625 825 1.986327796610479
747 823 0.1168571278983801
750 834 -2.1012697910023577
574 822 4.145152023550564
684 811 2.7803933118077264
758 817 0.5336849977291656
804 829 -0.13248112001244716
804 837 -1.3477177614522067
710 834 -4.145152083743929
710 815 1.0221648177565306
805 821 2.7117470592609445
816 822 1.5769599644200505
826 870 -1.3477177614522067
631 826 -2.5274489963885465
781 827 3.9184427168471876
796 823 -4.844202616288199
758 828 0.35381849771398977
756 835 1.3241144775306468
816 825 4.145152023550564
818 828 -1.3959339919795308
772 828 -0.14812115655181013
823 835 1.0022628750411067
829 835 4.436121480203944
793 844 3.4370554399806776
782 832 -2.8534722097520193
758 833 -0.2899342369326745
809 830 2.93164334365634
781 832 4.436121480203944
817 833 2.2726891994400433
710 836 1.124638707269666
815 834 -1.6615502176829433
773 836 2.93164334365634
529 839 2.31951701078773
832 841 -1.3959339919795308
782 841 -2.7803933790295874
819 842 0.07006324471763459
815 838 0.2582187931706581
621 839 1.3008299128497565
817 841 -0.5672302300910688
818 833 -0.618143736811748
809 834 0.48390574875928927
834 838 1.471006361575077
813 826 0.5336849977291656
684 844 -0.7940690348095123
529 840 3.9184427168471876
844 848 2.31951701078773
809 853 -0.7580155848378691
834 853 2.101269714871794
839 870 -0.4674454634335292
684 848 1.6615501074318497
833 841 2.023523983245292
684 844 5.537334267018537
811 844 4.145152023550564
854 870 4.145152023550564
823 843 1.9501526258096291
625 847 0.7047961364960313
796 843 -5.53733426701854
292 847 -5.53733426701854
826 854 -3.0157253387444354
833 849 1.880614156109223
818 849 0.9629978960423582
823 845 3.574453703354731
815 851 0.7401648358628796
796 842 0.982542654754837
843 845 2.646993557188065
838 851 1.0422550037182607
710 851 -1.2327653271421226
825 847 -1.3008300007371676
529 900 3.9184427168471876
839 900 2.0618119072200103
809 852 2.8534721380276795
819 828 1.445594446330888
808 852 -5.53733426701854
830 852 2.368217406966919
836 851 -0.6698460476628039
796 850 3.9184427168471876
834 846 1.188767543534301
838 846 2.368217406966919
801 836 3.9184427168471876
842 850 1.471006361575077
830 853 -2.9316434205780437
846 851 1.880614156109223
800 822 1.0221648177565306
801 860 -0.038913137770452355
824 860 2.93164334365634
806 857 2.7117470592609445
684 826 2.5856857384930256
828 849 -0.4184259027266788
805 857 0.982542654754837
826 856 -0.9825428039459942
837 855 -0.7759822513321553
800 886 4.844202556684481
854 856 1.103724552883528
804 855 0.6872705278045488
801 851 1.9501526258096291
822 886 4.844202556684481
804 835 -0.038913137770452355
846 853 1.124638707269666
821 857 2.2275794437459226
819 849 -1.324114566604422
835 845 3.574453703354731
822 825 -0.6010891274007599
819 862 -0.7940690348095123
842 862 3.015725255756913
837 859 -0.36989699244014895
814 859 3.10674997290245
855 859 -0.5504199144331001
808 859 2.7117470592609445
450 866 1.3959338990403656
529 866 3.015725255756913
811 858 1.3241144775306468
781 858 2.7117470592609445
826 848 0.8864565510992328
826 861 0.4347078707200993
832 869 0.9629978960423582
822 865 3.574453703354731
856 861 3.574453703354731
841 869 1.8144599138640842
806 812 4.436121480203944
825 865 1.0422550037182607
835 863 -1.1457782950449733
804 863 2.5274488884529975
852 859 -2.8534722097520193
851 853 1.0221648177565306
796 842 2.5274488884529975
821 824 1.210635526973574
870 900 2.5856857384930256
839 870 2.4719660016221714
824 871 -1.5230824363372633
824 867 0.4347078707200993
824 864 0.41842577919951873
801 853 -0.4674454634335292
864 867 2.101269714871794
839 868 2.5274488884529975
826 881 0.9436225830949259
827 858 1.103724552883528
868 870 2.184051378192568
861 881 5.537334267018537
827 832 2.5856857384930256
867 871 1.188767543534301
811 874 -0.08565028243590467
827 887 0.982542654754837
852 879 1.9149341938214999
844 874 2.31951701078773
858 874 2.7117470592609445
858 887 5.537334267018537
450 873 2.5274488884529975
865 886 3.574453703354731
852 875 1.8144599138640842
830 875 0.35381849771398977
830 884 0.8677032967963991
806 872 5.537334267018537
859 879 -4.844202616288199
853 884 1.0221648177565306
857 872 1.347717671142901
804 859 -4.145152083743929
875 884 2.93164334365634
848 881 2.5856857384930256
841 876 -1.847139159904398
849 877 -0.08565028243590467
825 906 3.9184427168471876
869 876 1.8471390342477205
819 877 0.6872705278045488
875 879 4.844202556684481
847 906 1.6328169387983074
840 900 1.604628978813839
854 880 3.7324082779400585
827 869 3.4370554399806776
833 876 -3.5744537730315336
835 883 0.652518806521984
860 885 0.8864565510992328
796 862 1.5769599644200505
863 883 -1.042255157127819
824 885 3.7324082779400585
824 867 0.7940688968903633
825 886 -0.19515772478657212
833 888 -0.13248112001244716
796 878 4.145152023550564
845 889 4.145152023550564
860 894 1.445594446330888
856 880 0.4347078707200993
876 888 -0.353818619728701
849 888 -0.6872706606037844
862 878 3.4370554399806776
885 894 3.015725255756913
862 892 2.0618119072200103
843 896 3.7324082779400585
796 896 -5.53733426701854
890 900 3.4370554399806776
887 895 3.015725255756913
827 895 -0.9825428039459942
812 872 2.2726891994400433
819 892 -3.43705550120135
880 898 -0.9053575182618498
856 898 2.101269714871794
827 902 -0.6698460476628039
819 882 0.3217949194737102
845 893 2.93164334365634
804 909 0.5170228985401271
853 911 3.4370554399806776
801 911 0.10124748840924536
870 890 1.210635526973574
895 902 0.652518806521984
877 888 1.1671515377428254
882 892 -5.53733426701854
859 909 -0.5004308444200505
870 901 3.4370554399806776
854 901 4.145152023550564
848 891 3.574453703354731
848 950 1.6908566753683048
844 950 3.7324082779400585
876 899 1.445594446330888
888 899 1.188767543534301
796 912 -4.844202616288199
859 897 2.93164334365634
871 905 0.8490926297285697
867 905 4.844202556684481
529 900 1.0830275858277314
891 950 2.7803933118077264
896 912 3.4370554399806776
804 883 1.8471390342477205
878 904 4.436121480203944
796 904 2.0618119072200103
889 893 3.7324082779400585
450 529 1.72076695640305
877 903 1.604628978813839
819 903 -1.1457782950449733
824 905 1.5769599644200505
821 905 -0.7759822513321553
861 898 3.7324082779400585
882 903 -2.368217501379304
871 885 -2.0618119810484816
857 905 -1.4968294629075651
529 907 3.574453703354731
888 914 0.6872705278045488
877 914 0.7940688968903633
853 910 4.436121480203944
801 916 0.21088184704301205
897 909 0.242410407030617
911 916 2.8534721380276795
870 900 1.8471390342477205
881 891 -0.21088196663715686
904 912 -3.732408358890588
860 916 4.844202556684481
885 905 -2.1840514594677467
881 908 4.436121480203944
835 893 2.93164334365634
880 901 0.9629978960423582
875 913 3.574453703354731
884 913 2.4719660016221714
886 918 3.7324082779400585
825 918 3.2060450031958343
884 910 3.574453703354731
844 858 -0.11685724657693086
877 921 0.1168571278983801
812 917 3.3153580262671256
869 902 1.4205758640846524
899 914 1.72076695640305
914 921 0.369896870073811
903 921 2.2726891994400433
529 922 3.015725255756913
900 922 1.7513136084096503
900 929 3.574453703354731
812 931 -0.9244110766470177
825 920 2.646993557188065
922 929 3.3153580262671256
906 920 1.6328169387983074
858 895 3.4370554399806776
883 925 0.41842577919951873
804 926 3.2060450031958343
812 919 -1.7825320036768968
835 925 1.986327796610479
804 925 1.7825318837304605
909 926 0.9436225830949259
919 931 0.9629978960423582
917 931 -0.9436227297103521
861 923 3.015725255756913
881 923 3.2060450031958343
881 950 1.604628978813839
857 915 2.141984057957801
872 915 2.418966462073592
844 932 1.8471390342477205
876 924 1.7825318837304605
858 932 1.9501526258096291
869 924 2.141984057957801
876 914 1.880614156109223
892 903 1.8471390342477205
879 897 -4.145152083743929
812 915 1.103724552883528
845 930 -0.7047962700763302
889 930 -1.4455945421327967
853 916 2.8534721380276795
907 927 2.184051378192568
905 928 1.9149341938214999
800 917 1.2778513804684322
896 930 0.22663210648628773
893 925 2.101269714871794
905 960 3.574453703354731
908 950 0.38602265684584536
902 924 1.6328169387983074
857 960 2.184051378192568
933 950 2.8534721380276795
902 934 3.574453703354731
914 924 2.2275794437459226
889 936 -3.106750063060895
893 936 -4.43612156009328
908 933 2.141984057957801
895 934 0.652518806521984
921 924 0.03891301945135828
930 936 0.10124748840924536
853 884 2.5274488884529975
885 928 -3.43705550120135
886 917 1.347717671142901
875 935 2.93164334365634
913 935 3.7324082779400585
925 926 2.5274488884529975
931 952 0.13248100121840833
879 935 3.7324082779400585
812 931 -2.8534722097520193
917 952 0.982542654754837
878 912 -5.53733426701854
915 931 -3.9184428135768994
529 937 -2.22757952790676
907 937 0.2899341161553104
893 957 -0.353818619728701
893 926 0.19515760538251437
886 941 -2.023524054927849
892 921 0.19515760538251437
936 957 1.8144599138640842
917 941 1.0625402297313233
924 948 1.5769599644200505
921 948 -1.7825320036768968
897 940 2.8534721380276795
879 940 -4.145152083743929
920 949 1.6328169387983074
920 944 -0.13248112001244716
898 901 0.3058452631148958
912 930 2.7117470592609445
935 940 -4.844202616288199
825 949 3.10674997290245
944 949 3.015725255756913
906 944 4.436121480203944
844 947 0.10124748840924536
932 947 2.7803933118077264
930 938 3.9184427168471876
893 939 -2.023524054927849
926 939 -1.083027742309897
862 921 3.10674997290245
939 957 -0.8306198826413334
909 940 3.3153580262671256
907 945 0.7224263377855422
870 942 3.7324082779400585
881 954 1.7825318837304605
943 957 1.604628978813839
886 962 -3.43705550120135
937 945 2.141984057957801
939 943 2.31951701078773
900 946 1.6615501074318497
917 953 1.604628978813839
927 945 0.10124748840924536
941 953 4.145152023550564
825 962 -2.7803933790295874
900 963 -0.4674454634335292
926 951 2.31951701078773
909 973 0.652518806521984
886 961 1.0422550037182607
450 937 -3.0157253387444354
929 946 1.6328169387983074
946 963 2.31951701078773
870 963 2.93164334365634
936 938 -0.5672302300910688
951 973 0.2582187931706581
961 962 -2.1419841365639445
895 956 3.574453703354731
934 956 0.3217949194737102
952 953 3.574453703354731
901 959 2.0618119072200103
935 969 2.7117470592609445
913 969 1.232765242543629
886 953 -1.2106356105583946
870 959 2.4719660016221714
529 958 2.8534721380276795
932 979 0.33778526158074773
928 960 3.3153580262671256
886 968 0.5672301020452246
961 968 3.4370554399806776
947 979 0.369896870073811
858 979 0.4347078707200993
947 955 3.2060450031958343
862 967 -0.4674454634335292
878 967 -2.5274489963885465
878 978 -1.1457782950449733
912 971 3.574453703354731
939 964 -0.3860227795812654
825 966 1.6615501074318497
942 963 0.054484828546315534
955 979 2.5274488884529975
902 956 0.8122799937741847
912 978 1.5497853865743236
949 966 5.537334267018537
945 976 3.7324082779400585
927 976 0.982542654754837
947 977 3.7324082779400585
936 980 0.9053573740495944
926 964 1.7513136084096503
935 974 3.2060450031958343
898 959 0.5336849977291656
950 977 -0.5841189757308616
895 979 3.4370554399806776
957 980 1.0022628750411067
969 974 3.7324082779400585
884 969 4.844202556684481
907 976 2.93164334365634
860 975 1.1457782142804072
894 983 1.471006361575077
952 965 3.2060450031958343
898 923 1.2551669361900215
881 933 2.5274488884529975
943 964 0.13248100121840833
916 975 3.3153580262671256
894 975 0.8677032967963991
931 965 0.7401648358628796
962 966 -2.1419841365639445
950 986 0.023345926266394867
902 970 2.2275794437459226
926 972 -0.7580155848378691
951 972 0.6698459156176995
977 986 2.646993557188065
956 970 2.0618119072200103
921 967 -0.4347079946705643
930 971 4.436121480203944
972 973 2.368217406966919
975 983 -1.324114566604422
953 965 5.537334267018537
953 968 4.436121480203944
963 987 2.418966462073592
926 982 1.3241144775306468
942 987 1.5497853865743236
967 978 -0.7759822513321553
964 982 2.646993557188065
898 985 4.145152023550564
924 997 1.9149341938214999
967 971 -0.16377929735639296
971 978 1.604628978813839
943 981 0.5336849977291656
964 981 1.2778513804684322
857 984 4.844202556684481
529 976 2.418966462073592
933 986 3.574453703354731
948 997 3.9184427168471876
915 984 3.9184427168471876
946 988 0.2899341161553104
938 998 0.7940688968903633
936 998 0.7940688968903633
961 993 2.31951701078773
962 993 0.3058452631148958
929 988 0.6352858046593717
963 988 1.347717671142901
930 998 5.537334267018537
972 982 -3.732408358890588
450 994 1.9501526258096291
529 991 1.9501526258096291
958 991 3.3153580262671256
929 1013 1.604628978813839
957 1001 0.48390574875928927
853 990 2.2275794437459226
931 1010 -0.722426472174637
937 994 -3.2060451019615273
922 1013 0.7401648358628796
980 1001 1.4968293639808472
954 996 2.141984057957801
881 996 1.3241144775306468
956 992 1.4205758640846524
948 1015 3.2060450031958343
921 1015 -4.145152083743929
967 1008 -0.867703438765498
885 983 -1.1246387871621042
915 1010 -0.9629980439232386
955 977 3.4370554399806776
921 1008 -0.618143736811748
971 1008 0.2582187931706581
898 989 3.4370554399806776
853 969 1.7513136084096503
915 1003 2.93164334365634
922 958 0.3217949194737102
985 989 4.436121480203944
923 989 3.015725255756913
923 954 2.7803933118077264
970 992 0.7759821143416219
924 970 0.007781661256567096
980 998 4.436121480203944
957 981 0.5004307185850176
981 982 0.19515760538251437
1003 1010 1.103724552883528
922 1012 0.6872705278045488
959 1002 -1.0625403846496646
898 1002 1.7825318837304605
970 1007 2.93164334365634
981 1001 2.646993557188065
982 1001 0.7047961364960313
937 976 0.48390574875928927
958 1012 1.347717671142901
895 992 0.8306197427665889
992 1007 1.3241144775306468
970 997 0.8490926297285697
940 973 2.93164334365634
916 990 1.8471390342477205
966 993 1.9501526258096291
450 1000 1.6328169387983074
960 1009 4.145152023550564
857 1009 3.9184427168471876
870 1002 -0.13248112001244716
984 1003 3.10674997290245
953 961 3.015725255756913
963 995 1.232765242543629
853 999 2.368217406966919
953 1004 3.7324082779400585
988 995 1.188767543534301
933 996 2.4719660016221714
895 955 1.6615501074318497
1008 1015 3.7324082779400585
990 999 2.8534721380276795
450 1005 2.7117470592609445
977 1014 2.4719660016221714
983 1026 2.418966462073592
1000 1005 2.93164334365634
1012 1013 3.4370554399806776
986 1014 4.844202556684481
975 1026 0.6352858046593717
958 1027 -0.40219829746062086
929 1019 -1.4455945421327967
988 1019 -0.14812115655181013
969 1016 2.101269714871794
944 1011 0.9629978960423582
906 1011 1.3959338990403656
991 1027 0.38602265684584536
895 977 1.3959338990403656
974 1016 2.368217406966919
928 1009 2.8534721380276795
976 1023 3.9184427168471876
933 1020 5.537334267018537
986 1020 5.537334267018537
992 1006 3.4370554399806776
980 1022 3.9184427168471876
973 982 -4.844202616288199
853 1018 2.0618119072200103
937 1023 0.5504197869721676
976 991 2.184051378192568
1013 1019 -0.722426472174637
1006 1007 2.646993557188065
1001 1022 2.5274488884529975
969 1018 -1.60462908492035
944 966 1.986327796610479
992 1035 -0.40219829746062086
980 1021 3.10674997290245
961 1017 -0.14812115655181013
993 1017 2.2275794437459226
994 1005 1.232765242543629
995 1019 -0.305845384176723
895 1035 1.880614156109223
1006 1035 2.023523983245292
940 982 -3.106750063060895
999 1018 3.3153580262671256
953 1017 1.6615501074318497
995 1025 1.7513136084096503
987 1028 1.0422550037182607
942 1028 2.418966462073592
1019 1025 0.8864565510992328
963 1028 3.9184427168471876
966 1017 0.5170228985401271
847 1011 -0.038913137770452355
969 1029 1.9149341938214999
895 1014 -0.7401649710893459
976 1024 2.7117470592609445
958 1032 -0.4674454634335292
963 1025 3.4370554399806776
985 1002 1.210635526973574
923 1031 3.4370554399806776
944 1030 0.7401648358628796
1011 1030 1.7513136084096503
1023 1024 3.574453703354731
1027 1032 3.4370554399806776
870 1028 2.7117470592609445
989 1031 4.844202556684481
930 980 3.015725255756913
1018 1029 3.9184427168471876
965 1004 4.844202556684481
984 1067 0.8122799937741847
1003 1067 1.72076695640305
954 1031 2.5856857384930256
948 970 -0.24241052705099042
857 1067 -0.13248112001244716
966 1030 2.7803933118077264
450 1039 -2.1840514594677467
958 1053 0.5170228985401271
895 1033 3.3153580262671256
948 1041 1.1671515377428254
982 1036 -2.1840514594677467
935 1048 2.184051378192568
885 1049 2.5856857384930256
857 1056 2.2275794437459226
1003 1037 -1.8806142848807943
1010 1037 1.0625402297313233
953 1038 3.015725255756913
1017 1051 2.5856857384930256
966 1051 1.9149341938214999
1000 1039 -0.7759822513321553
1032 1053 3.10674997290245
1012 1053 1.6908566753683048
1033 1035 3.015725255756913
970 1041 2.4719660016221714
971 1015 1.0830275858277314
940 1048 -5.53733426701854
1016 1029 2.31951701078773
983 1049 0.1637791782871667
1056 1067 4.145152023550564
937 1052 3.574453703354731
1002 1040 0.22663210648628773
1001 1047 3.7324082779400585
1023 1052 2.101269714871794
870 1040 2.5274488884529975
985 1040 3.9184427168471876
930 1021 -0.023346044556825873
982 1047 2.2726891994400433
1004 1038 4.436121480203944
847 1030 0.4347078707200993
991 1034 2.31951701078773
1027 1034 -0.40219829746062086
971 1043 3.4370554399806776
930 1044 3.574453703354731
1021 1044 1.986327796610479
974 1048 0.5170228985401271
1016 1048 0.6010889981175147
975 999 4.145152023550564
975 990 3.2060450031958343
930 1043 3.4370554399806776
982 1048 0.7580154487445683
1015 1045 3.3153580262671256
971 1042 2.646993557188065
1001 1058 3.015725255756913
1010 1050 3.574453703354731
1029 1048 3.2060450031958343
1037 1050 1.0221648177565306
1017 1038 0.7224263377855422
976 1034 1.0625402297313233
1006 1054 4.844202556684481
1007 1054 1.347717671142901
971 1046 2.368217406966919
982 1055 -0.8306198826413334
928 1049 -3.106750063060895
1013 1025 1.445594446330888
1014 1033 -1.0625403846496646
1015 1046 0.9244109312539295
1042 1046 1.5497853865743236
980 1044 3.3153580262671256
1036 1055 2.2275794437459226
931 1050 1.1671515377428254
982 1001 0.9053573740495944
980 1001 3.3153580262671256
857 928 -0.7940690348095123
1007 1062 1.471006361575077
970 1057 2.5274488884529975
1041 1057 3.7324082779400585
1036 1059 2.4719660016221714
937 1005 -2.9316434205780437
1054 1062 4.436121480203944
982 1059 -1.420575958424365
857 1049 -3.43705550120135
1037 1067 0.41842577919951873
1039 1068 0.7401648358628796
1000 1060 -1.4455945421327967
1005 1060 -1.986327866288225
1012 1061 3.7324082779400585
982 1063 0.6181436068748636
1017 1064 1.3716527928075883
1039 1060 1.0422550037182607
1015 1041 -0.14812115655181013
1001 1063 3.4370554399806776
1059 1063 -3.0157253387444354
1038 1064 5.537334267018537
982 1066 1.6328169387983074
1048 1066 2.4719660016221714
975 1075 2.93164334365634
1026 1075 1.3716527928075883
1051 1064 4.844202556684481
1032 1034 0.7224263377855422
970 1062 1.5769599644200505
1042 1043 1.471006361575077
983 1075 0.4674453385798212
1068 1094 3.574453703354731
1005 1087 -1.986327866288225
986 1033 2.5274488884529975
1030 1064 1.2778513804684322
847 1064 2.2726891994400433
1060 1087 -0.6872706606037844
937 1087 2.101269714871794
1053 1061 2.7803933118077264
1035 1054 1.2551669361900215
1055 1066 -0.7401649710893459
1013 1071 2.023523983245292
1013 1072 0.982542654754837
1020 1078 2.418966462073592
1045 1069 3.7324082779400585
1042 1079 2.93164334365634
1044 1073 1.471006361575077
980 1073 1.2551669361900215
1001 1065 3.3153580262671256
975 1076 1.880614156109223
931 1050 1.3241144775306468
1060 1068 1.0625402297313233
1012 1071 2.418966462073592
1025 1072 3.9184427168471876
1025 1028 3.9184427168471876
1015 1069 2.418966462073592
1043 1079 0.9629978960423582
1001 1073 4.436121480203944
1058 1065 3.574453703354731
999 1076 0.6181436068748636
931 1037 2.101269714871794
870 985 2.7117470592609445
1035 1082 2.184051378192568
930 1079 2.141984057957801
1044 1079 1.3959338990403656
1048 1070 4.145152023550564
1071 1072 2.2275794437459226
1046 1079 1.232765242543629
1055 1059 1.5497853865743236
1034 1077 0.652518806521984
1054 1082 3.3153580262671256
1045 1046 0.13248100121840833
1001 1074 2.7803933118077264
976 1077 2.2275794437459226
1018 1076 3.9184427168471876
954 1088 4.436121480203944
1048 1076 0.369896870073811
1029 1076 2.2275794437459226
1049 1084 2.646993557188065
1032 1077 3.015725255756913
1031 1088 1.445594446330888
1073 1079 2.646993557188065
1065 1074 1.4205758640846524
1070 1076 1.9149341938214999
1075 1076 3.015725255756913
1052 1087 2.5856857384930256
1067 1085 0.5672301020452246
931 1086 4.436121480203944
965 1081 3.574453703354731
1024 1087 1.604628978813839
983 1084 -1.5230824363372633
1037 1085 3.10674997290245
1050 1086 2.101269714871794
1046 1092 0.242410407030617
1048 1080 2.0618119072200103
1070 1080 2.7117470592609445
1049 1097 0.35381849771398977
1033 1082 1.124638707269666
1045 1092 3.10674997290245
1079 1092 1.4205758640846524
1066 1080 1.3716527928075883
1084 1097 3.10674997290245
1057 1089 0.7224263377855422
1015 1091 1.232765242543629
1024 1077 1.9149341938214999
1041 1089 1.6908566753683048
1041 1091 0.6181436068748636
1058 1074 2.418966462073592
966 1064 4.844202556684481
970 1090 2.5274488884529975
1062 1082 2.2726891994400433
1055 1063 -1.847139159904398
1057 1090 0.652518806521984
1079 1083 3.10674997290245
1073 1083 1.7513136084096503
1066 1093 0.5841188470777665
1049 1103 3.3153580262671256
1020 1033 2.101269714871794
1089 1091 3.4370554399806776
1069 1091 -0.27405945275533616
1001 1083 3.015725255756913
1080 1093 4.436121480203944
1076 1080 2.2726891994400433
1097 1103 0.8490926297285697
996 1098 1.5230823357393546
933 1098 0.9436225830949259
1079 1096 2.4719660016221714
1055 1093 -4.145152083743929
1053 1077 1.0022628750411067
996 1088 0.8677032967963991
1089 1090 -0.24241052705099042
1092 1096 0.35381849771398977
931 1085 3.9184427168471876
1091 1099 1.3008299128497565
1069 1099 0.369896870073811
857 1101 -0.007781779532672672
965 1105 1.103724552883528
965 1111 1.0022628750411067
1004 1111 2.101269714871794
870 1025 2.5274488884529975
1088 1098 1.1457782142804072
1020 1098 1.3959338990403656
1063 1093 3.7324082779400585
1049 1101 0.41842577919951873
931 1105 0.7940688968903633
1081 1111 5.537334267018537
1077 1095 4.844202556684481
1020 1082 3.7324082779400585
970 1082 -0.635285935274005
1101 1103 3.7324082779400585
985 1110 4.436121480203944
989 1110 4.145152023550564
1045 1099 -0.533685124626992
1045 1102 2.93164334365634
1079 1104 1.0625402297313233
1079 1100 2.2275794437459226
1056 1101 1.188767543534301
1038 1106 1.880614156109223
1061 1071 0.652518806521984
1082 1090 -1.3008300007371676
1092 1102 1.880614156109223
1096 1104 1.103724552883528
1083 1100 1.4968293639808472
1081 1105 1.7513136084096503
1004 1106 1.9149341938214999
1061 1109 1.8144599138640842
1076 1093 4.145152023550564
1056 1125 2.5856857384930256
1071 1109 2.7117470592609445
1085 1125 3.4370554399806776
1105 1108 1.72076695640305
1081 1108 4.436121480203944
1060 1094 0.8677032967963991
1099 1102 0.35381849771398977
1058 1063 2.7117470592609445
1101 1125 3.3153580262671256
1024 1117 1.1671515377428254
1077 1117 1.5769599644200505
1053 1095 -0.023346044556825873
1094 1115 3.10674997290245
1094 1120 0.13248100121840833
1092 1107 2.8534721380276795
1096 1107 1.3959338990403656
1115 1120 1.6328169387983074
1060 1120 3.4370554399806776
1106 1111 -0.9244110766470177
1053 1138 -0.618143736811748
1025 1127 1.3959338990403656
1090 1134 1.232765242543629
1099 1123 1.471006361575077
1058 1124 1.347717671142901
1063 1118 2.93164334365634
1038 1112 1.0830275858277314
1095 1138 3.4370554399806776
870 1127 1.8471390342477205
1089 1134 2.023523983245292
1102 1123 1.3008299128497565
1102 1107 2.5274488884529975
1100 1104 4.436121480203944
1074 1124 0.48390574875928927
1106 1112 3.015725255756913
1024 1121 0.9053573740495944
1087 1121 1.6908566753683048
1072 1127 2.418966462073592
983 1097 -1.5230824363372633
1087 1131 0.19515760538251437
1020 1122 5.537334267018537
1020 1128 4.844202556684481
1075 1130 3.2060450031958343
1038 1119 -0.3860227795812654
1104 1107 1.5497853865743236
1112 1119 2.8534721380276795
1064 1119 3.574453703354731
1087 1116 2.023523983245292
1087 1113 1.445594446330888
1072 1114 4.436121480203944
1091 1135 1.347717671142901
1083 1129 1.7825318837304605
1075 1139 3.4370554399806776
1064 1137 3.10674997290245
1117 1121 -0.4674454634335292
1053 1109 1.4205758640846524
1114 1127 2.368217406966919
1089 1135 2.2726891994400433
1091 1123 0.2582187931706581
1100 1129 0.7580154487445683
1001 1129 1.9501526258096291
983 1139 3.7324082779400585
1117 1126 4.145152023550564
1090 1133 -0.9436227297103521
1081 1106 -0.7580155848378691
1113 1116 1.103724552883528
1121 1126 2.2726891994400433
1122 1128 3.2060450031958343
1082 1133 3.4370554399806776
1133 1134 -0.17945749696390423
1063 1076 2.646993557188065
1081 1112 -0.635285935274005
1113 1126 1.0830275858277314
1020 1132 4.436121480203944
1123 1135 3.7324082779400585
983 1142 0.7047961364960313
1097 1142 -1.2327653271421226
1064 1140 0.1794573777347761
847 1140 1.7513136084096503
1082 1132 3.2060450031958343
1137 1140 1.604628978813839
292 1140 -5.53733426701854
1074 1143 -1.0221649697100497
1124 1143 -0.19515772478657212
1085 1145 -0.11685724657693086
1116 1131 -0.9053575182618498
1116 1126 1.188767543534301
985 1127 2.5856857384930256
1001 1143 -0.8490927706325437
1139 1142 2.7117470592609445
1125 1145 2.101269714871794
1081 1119 -0.10124760698692858
1053 1095 0.369896870073811
1001 1136 0.6181436068748636
1063 1144 -1.5769600686022973
989 1088 -1.2778514672160726
1136 1143 0.6872705278045488
1118 1144 -0.9825428039459942
1076 1118 1.0022628750411067
1071 1152 1.4205758640846524
931 1145 0.054484828546315534
1072 1152 1.9149341938214999
1110 1127 3.7324082779400585
1107 1123 1.3959338990403656
1077 1126 -0.2899342369326745
1107 1147 2.368217406966919
1058 1148 -1.371652884404361
1063 1148 -1.5769600686022973
1118 1150 -1.690856787854381
1076 1141 4.436121480203944
931 1146 2.646993557188065
1095 1126 1.6615501074318497
1095 1109 2.368217406966919
1129 1136 2.7117470592609445
1124 1148 0.023345926266394867
1144 1148 0.242410407030617
1076 1150 -0.24241052705099042
1060 1115 0.7940688968903633
1123 1147 3.2060450031958343
1081 1151 4.844202556684481
1119 1151 1.72076695640305
1087 1115 -1.0221649697100497
1144 1150 0.7759821143416219
1064 1154 3.2060450031958343
1126 1131 0.6872705278045488
1109 1152 2.93164334365634
1103 1142 2.8534721380276795
1119 1154 -0.16377929735639296
1075 1153 2.8534721380276795
1115 1131 1.9501526258096291
1089 1133 2.8534721380276795
1130 1153 -0.33778538326100627
1072 1127 3.3153580262671256
1126 1149 3.10674997290245
989 1098 1.5497853865743236
1104 1147 0.45104689322786395
1143 1148 2.5856857384930256
1131 1149 0.40219817433836536
1148 1150 2.31951701078773
1145 1146 1.0830275858277314
1133 1135 1.7513136084096503
1151 1154 0.7580154487445683
989 1127 0.4347078707200993
