MULTICUT
0 6 -0.115036
0 20 -9.60375
0 44 -4.43612
1 13 3.10675
1 25 -7.42713
1 43 -5.4483
1 55 -1.32411
2 5 0.310277
2 14 -0.329278
2 26 -0.0287956
2 35 -1.68652
2 40 -0.488588
2 56 0.671242
3 21 -6.6431
3 27 1.33149
3 28 -2.99466
3 42 -0.358111
4 12 0.584119
4 25 -3.53177
5 14 -0.354291
5 15 1.29356
5 35 2.95319
6 7 -5.78512
6 20 2.81509
6 28 1.10123
6 34 -1.08303
7 21 1.17232
7 28 -11.979
8 22 1.95015
8 27 5.22905
8 31 -3.31536
8 38 -0.147592
8 42 -0.534203
8 45 10.6128
8 65 -1.91493
9 26 4.55148
9 29 2.74591
9 40 -0.00409558
9 74 3.45745
9 119 0.0335731
10 12 -0.025367
10 19 -6.20696
10 24 1.97612
10 32 3.43263
10 38 2.02971
10 63 -11.982
10 71 4.86454
10 90 0.991344
11 12 1.2376
11 24 -1.39593
12 24 -0.0461488
12 25 -0.386023
12 32 -0.208932
12 33 0.0219076
12 39 1.06001
12 46 1.3886
13 17 0.735366
13 55 -0.463282
13 60 1.08804
13 69 0.103829
13 83 3.40332
13 118 -9.68841
13 123 7.45925
13 160 1.69086
13 168 5.69494
13 191 -2.71175
15 23 -0.337785
15 30 -3.04049
15 35 0.211706
15 41 -3.28425
15 49 -4.43612
16 18 -3.12675
16 23 -0.951047
16 36 -0.986864
17 29 1.06114
17 60 3.20841
17 73 -0.0618978
17 74 1.67031
17 83 0.885371
17 119 0.0354024
18 23 -2.14198
19 22 -4.77466
19 31 -1.57693
19 37 -0.704796
19 38 -2.31952
20 34 -0.982543
20 44 2.58569
20 48 1.41965
20 58 -0.31775
21 28 -2.34948
22 31 -9.68249
23 36 -2.22758
23 47 2.72303
23 50 -0.631336
23 53 1.31232
23 57 1.31756
24 32 1.95434
25 39 -4.3982
25 43 -0.687271
26 40 -0.0337799
26 74 1.89465
26 110 0.512999
26 119 -0.00672174
26 120 -0.0763957
27 28 -0.124895
27 42 -2.63479
27 45 6.14233
27 51 -0.0612091
27 64 -4.74228
27 70 -4.60347
28 34 -0.369897
28 42 0.00305133
28 48 0.30675
28 51 0.400975
28 52 1.93534
28 54 -5.33776
28 58 -0.0453735
28 59 -3.38567e-05
28 61 0.309533
28 64 -0.0564036
29 74 4.02803
29 119 0.0701942
30 41 -4.26611
30 49 -6.50413
30 50 -0.467445
30 57 1.61339
30 66 -1.95065
31 37 -0.195158
31 38 -0.924411
32 46 -0.134721
32 72 -0.743682
32 82 -0.0389131
32 90 0.0997418
32 98 -1.63282
33 46 0.0438151
34 48 -0.418426
35 49 -5.53733
35 56 0.121034
35 57 0.601089
35 62 -0.871871
35 75 0.0397804
35 76 -2.20837
35 87 0.726778
35 89 8.30237
35 93 4.38189
35 114 0.0441122
36 47 -6.72974
37 38 -1.91487
38 45 -1.17985
38 63 -3.9852
38 65 0.035888
38 77 -3.1318
38 78 0.794069
39 43 -0.571042
39 55 0.762346
39 67 -8.35911
40 56 -0.0418749
40 74 -0.00691831
40 100 -0.261421
40 105 -0.603405
40 110 -0.0450988
40 119 0.0177396
40 120 0.339574
41 50 -0.0544849
42 51 0.0304405
42 64 -0.0380504
43 55 -0.243877
44 58 -1.78253
44 91 -3.31536
45 65 -0.287857
45 70 -5.42076
45 71 -0.212656
45 77 -5.53733
45 78 -0.634411
45 88 -3.43706
45 106 -0.813349
45 111 4.62973
45 121 -3.91844
45 128 7.74704
45 152 7.39243
45 153 -2.78039
45 175 0.886457
45 179 -8.35456
45 187 -1.66155
45 198 -3.73241
46 67 -1.75131
46 72 -0.102459
46 79 -1.00226
47 53 5.4748
47 92 2.67483
47 94 4.89352
47 113 -0.0144017
48 58 -0.585533
48 59 -3.77195e-05
48 61 0.0392017
49 57 -2.58569
50 57 -0.235514
51 54 -0.166161
51 64 -0.136909
51 70 -0.0210307
52 54 -0.142364
52 61 0.0723795
52 81 -2.89954
52 97 -0.219544
52 107 0.0861626
52 116 -2.36822
53 57 2.39405
53 92 3.56826
53 113 -0.0290195
54 64 1.2441
54 68 -0.0209449
54 85 0.86449
54 97 0.33865
54 102 -0.162534
55 67 -3.79935
55 69 -0.309641
56 62 -0.269767
56 87 2.54385
56 100 1.87824
56 105 3.54976
57 66 -5.50822
57 89 2.14198
57 99 -3.42463
57 113 -0.102339
58 59 0.486237
58 61 -0.017332
58 81 -2.11718
58 84 -2.52319
58 91 -10.1439
59 61 -0.000458658
59 84 -0.849093
60 73 -0.0381004
60 74 0.143089
60 83 0.241153
60 119 0.0339373
61 81 -4.32758
61 84 -0.962998
62 87 -0.698422
63 71 -6.01752
63 78 -7.09045
64 68 -0.0266377
64 70 0.133993
64 85 0.592589
64 86 -2.08554
64 95 -1.0128
64 102 0.0821757
64 127 -0.0357893
67 69 -4.5086
67 79 3.3169
67 118 0.81622
68 85 -0.00564208
69 118 -3.91844
70 86 -0.341005
70 88 -1.60521
70 95 -1.81863
70 121 -9.10871
71 78 0.321795
71 90 1.17306
71 103 -0.81228
71 106 2.73965
71 117 -0.986167
71 130 1.40832
71 131 0.102998
71 149 1.10897
71 153 -7.38447
71 159 -0.983745
71 163 0.68775
71 169 0
72 79 -1.16019
72 82 -0.334018
72 98 -0.0217565
72 122 0.300749
73 74 -0.247535
74 80 3.36932
74 83 4.32504
74 96 5.91436
74 104 6.56396
74 110 0.646256
74 119 0.523923
74 120 -0.0675091
74 123 1.49525
74 132 0.131103
74 137 -1.23277
74 138 1.04606
74 143 0.0217705
75 76 -0.48996
75 87 0.0795607
75 114 2.81587
76 87 -0.83062
77 78 -1.0784
78 106 0.0637892
79 109 2.16455
79 118 2.39606
79 122 -3.33186
79 136 -0.00248676
79 146 -0.00497352
80 119 0.0336448
81 84 0.546069
81 91 1.13863
81 116 0.780155
81 125 -0.315671
81 134 0.0361496
82 98 -1.14578
83 123 1.69086
85 97 0.0406724
85 102 0.0232907
86 95 -5.68358
87 105 0.354217
87 114 0.0441122
89 93 2.95933
89 99 -1.37165
89 112 4.0876
89 135 0.675809
90 98 -3.4972
90 103 -1.6194
90 117 -1.09096
91 101 4.06656
91 125 -0.0460365
91 126 2.48395
91 134 0.270334
92 94 1.42334
92 113 -0.0439955
92 139 1.94538
92 141 0.498547
92 156 0.671598
92 183 1.98462
93 114 -2.3241
93 124 -2.02352
93 133 -0.58242
93 135 0.172313
95 102 -0.213224
95 108 0.257762
95 121 -0.119223
95 127 -0.142113
96 119 0.0336448
97 102 -4.45268
97 107 -0.303684
98 109 -0.206165
98 117 0.0700632
98 122 -0.299927
98 131 -6.08779
98 136 -0.228489
98 145 -4.32758
99 112 -1.60463
99 113 -0.0259988
99 115 0.0519974
100 105 1.04226
102 107 0.680171
102 108 -0.0312417
102 127 -10.7907
104 119 0.0334528
105 114 4.55492
105 120 -1.9533
105 150 0.157581
105 155 -0.289607
105 165 6.15019
105 177 -3.11865
106 111 -0.197679
107 116 -3.14055
107 125 -0.174899
107 127 -3.98899
107 129 -0.0165087
107 148 -0.0623403
108 121 -0.02886
108 127 -0.516137
109 118 0.71541
109 122 -0.391263
109 136 -0.0650458
109 140 0.0777848
109 146 -0.130092
110 119 -0.00888518
110 120 -1.13498
110 144 -0.0787309
110 154 -0.182048
112 115 -4.8442
112 135 2.84423
113 115 -2.56651
113 135 0.348108
113 141 6.70148
114 124 6.85348
114 133 0.0233805
114 142 -0.0384929
114 150 0.0771091
114 177 -2.52745
114 178 4.62205
114 192 -1.10178
114 194 -1.82076
115 135 -3.43706
116 125 -0.0476649
118 140 0.352485
118 146 -0.126337
118 167 0.696151
118 174 -0.0387057
118 176 -0.334746
118 191 0.849093
119 120 0.182369
119 123 0.063575
119 132 0.784775
119 138 0.0637373
119 143 0.545796
119 144 0.749963
119 154 1.10113
119 164 -6.61994
120 144 0.206225
120 154 3.64318
120 155 0.93282
120 170 0.0112848
120 180 0.00431657
120 205 -0.0089607
120 209 -0.00179996
121 127 1.5911
121 151 2.48762
121 152 -8.58127
121 189 0.0209809
121 197 -3.73241
121 203 -0.943623
123 137 -3.41682
123 160 3.16621
123 168 2.10127
125 126 -0.00551422
125 129 0.129774
125 134 -1.60567
125 148 -0.385843
126 134 0.0798284
127 148 0.252211
127 151 2.3801
127 158 -0.488092
127 162 1.11334
127 166 -8.98495
127 172 -0.140575
127 173 -1.41279
127 189 0.0796649
127 193 0.250316
127 202 0.0972984
128 179 -5.15771
128 198 -3.31536
129 134 -0.0877567
129 148 -0.0247226
131 145 1.12464
131 149 5.60013
131 159 -0.172351
131 167 -0.120088
132 143 0.245318
133 135 -2.78313
133 142 -0.0297262
133 161 -1.2752
133 178 0.122968
133 192 -0.300401
133 194 -0.0416408
133 195 -0.794285
133 220 -0.109762
134 147 -9.12778
134 148 0.143165
134 166 -5.99342
135 141 1.21651
135 161 8.17272
135 171 1.04387
136 145 0.0433595
136 146 0.355064
136 167 -0.0107927
137 138 -5.63076
137 168 -1.82119
138 143 0.0382776
138 157 -4.99379
138 168 2.10127
140 146 -3.43062
141 156 1.76033
141 171 1.72901
142 161 0.00362086
142 178 -0.0656988
142 192 0.148193
142 194 0.0276228
142 195 0.0185655
143 154 6.01377
143 157 -3.54216
143 164 -6.31809
143 168 3.20604
143 188 1.02216
143 218 -2.31952
143 227 2.07104
143 330 0.0302339
144 154 0.829935
144 205 -0.00313652
145 146 0.0435479
145 167 -0.710216
146 167 0.447046
146 174 0.0464152
146 176 -0.61059
147 166 1.60463
147 181 -2.79951
148 162 0.0801685
148 166 -6.85559
148 172 -2.02352
149 159 -0.933068
149 167 -0.424573
149 169 2.07416
149 186 1.73609
150 177 -0.104457
151 158 -0.326635
151 189 0.885996
151 193 0.104727
151 197 -0.517023
151 202 0.0266449
151 214 -0.0889489
151 216 -0.0512933
152 198 -13.8336
152 203 -2.93164
152 215 -2.93164
152 226 -8.39081
152 259 0.390339
152 285 2.85347
153 163 -5.33433
153 169 -1.21064
153 175 -2.41897
153 182 -3.86657
154 164 -5.35874
154 180 0.000699202
154 205 -0.00420579
154 219 -6.95462
154 224 4.27405
154 227 2.42121
154 330 0.0302339
155 165 -3.51855
155 170 0.775776
155 180 -0.291848
155 190 -3.00649
155 209 -0.171648
155 236 -0.273138
156 171 1.70334
156 183 3.66
156 206 2.55973
157 168 -1.04226
159 163 -0.0276861
159 169 -0.317154
160 168 2.8029
161 171 2.90782
161 192 0.0961031
161 195 0.555335
161 206 1.60218
161 220 0.103802
161 225 6.99782
162 172 -0.946448
162 173 -0.339787
163 169 0.143728
165 177 -4.73027
165 194 -1.81662
165 209 0.524337
165 236 1.56937
166 172 -4.68042
166 181 -1.49683
166 185 -1.30966
166 193 -2.02352
166 201 -0.242411
166 202 -3.10675
166 207 -0.188363
166 212 -5.58805
166 213 0.000287836
166 221 -0.0936544
166 234 -3.1059
167 176 -3.2394
167 186 -2.65035
167 191 0.494986
167 196 3.1703
167 230 -0.0768975
167 241 -0.179458
168 188 2.78039
168 191 -2.10127
168 218 -2.14557
168 223 7.2338
169 182 -3.14646
169 186 0.249765
169 200 -0.0269631
169 208 -1.6938
169 210 -1.78253
170 180 -0.571029
170 190 -2.22758
170 209 -0.00380239
171 206 2.17646
174 176 -0.106288
175 182 0.0913187
175 187 -0.706699
177 194 5.61958
178 192 -1.861
179 187 0.962998
179 198 -1.30248
179 199 0.0191183
180 205 -7.28493
180 209 0.415355
181 184 -0.635286
181 185 1.79792
182 187 -0.657784
182 200 0.0174358
182 204 -0.108681
182 222 -0.584926
182 232 -0.518466
183 206 0.636431
183 229 0.00465636
183 238 0.0158365
183 240 2.17558
183 248 1.79725
184 185 -1.60463
185 201 -2.6822
185 253 -9.68249
186 196 -0.163008
186 210 -7.16836
186 217 -1.37165
187 198 -0.703105
187 199 0.0187254
187 204 -0.285981
187 222 -1.4457
187 270 -0.0791387
187 287 0.242927
188 218 -0.116857
189 193 0.0653747
189 197 -1.58181
189 202 0.0376287
189 214 -4.62921
189 216 -0.0701655
190 209 -0.289164
191 230 -0.124325
192 194 4.48117
192 195 0.401051
192 220 4.68244
192 250 2.5414
192 252 1.47608
192 255 0.0245984
192 263 -0.501063
192 272 -1.27407
193 202 2.29313
194 236 -2.07969
194 246 2.17036
194 250 5.81488
194 257 3.57445
194 272 -0.0787664
194 281 1.5472
194 297 0.235584
194 309 3.44217
194 310 -0.0266341
194 328 -3.43706
195 220 0.211213
196 210 -0.0264685
196 237 -0.121186
196 241 -1.5581
196 244 -0.949463
197 203 -0.00606285
197 214 0.0456173
198 199 -0.0378437
198 285 -7.30686
198 287 -14.0182
198 293 -2.52745
198 317 -1.22613
198 327 -5.53733
198 332 -10.9964
198 336 0.0692062
198 354 -3.76101
200 204 -0.00585139
200 208 -0.584407
200 210 -1.96935
200 222 -0.0234192
200 232 -6.70528
201 212 0.0117896
201 235 -3.45664
201 251 -2.06813
201 253 -0.386023
202 214 -5.90072
202 216 -0.0113299
202 226 -0.022456
202 234 -2.73476
202 258 -3.43706
202 259 -3.01573
202 262 -1.49683
202 265 -2.27269
202 266 -0.275856
203 214 -0.0242245
203 215 -0.0241977
204 222 2.34995
205 209 -2.51926
205 211 0.696908
205 219 -0.62973
206 225 1.15271
206 229 1.59446
206 238 0.226557
206 247 -6.17941
206 264 0.519201
207 212 -0.265178
207 213 -0.000826459
207 221 0.0501331
208 210 0.965245
209 219 -1.47101
209 233 -5.15855
209 236 2.09927
209 245 -3.73241
209 246 3.20604
210 217 0.929881
210 232 1.98633
210 237 1.51755
210 254 0.00261401
210 271 0.000550307
211 219 -0.0787643
212 213 -0.855908
212 235 -0.0235791
213 221 -0.00355431
213 234 -0.0057609
213 235 -4.03789
213 251 -0.0220896
213 258 -0.510327
214 215 0.188408
214 216 0.279053
214 226 0.0117114
214 228 -0.00759942
215 226 0.0169389
215 228 -0.0127679
218 223 -1.52308
218 227 -0.867703
219 224 -9.0795
219 233 -1.15309
220 225 5.04889
220 247 -2.52745
220 252 4.29418
220 272 -0.432555
222 232 3.53314
222 237 2.93754
222 254 0.00130701
222 270 3.16536
222 271 0.000275154
223 227 1.81418
223 230 -3.21576
223 231 2.93164
223 242 3.86046
223 256 1.34772
223 260 -2.22158
223 267 1.32411
223 268 0.145244
223 276 -3.60785
223 330 0.0302339
224 227 0.434708
224 233 0.0532725
224 239 -8.85547
224 243 -1.14578
225 247 -2.14198
226 228 -1.72695
226 259 -2.5007
226 266 -0.126443
227 242 3.52855
227 243 -1.30083
227 249 -5.75851
227 268 0.0701253
227 269 6.44095
227 279 -3.71761
227 300 1.10545
227 303 1.91992
227 330 1.88705
227 344 -0.0628054
229 238 7.12132
229 240 3.3529
230 241 -0.451047
230 256 -3.31536
232 237 3.00131
232 254 0.00261401
232 271 0.000550307
233 239 -0.21309
233 243 1.00294
233 245 -0.258219
234 258 -7.41587
235 251 -3.01573
236 246 0.0205551
237 244 0.341328
237 254 0.172754
237 270 2.14198
237 271 0.0573193
237 275 1.47447
237 294 -5.42627
237 299 -0.131919
238 240 1.01205
238 264 0.988966
238 278 0.299178
238 282 1.78042
238 290 -0.0172146
238 306 -0.12859
239 243 -2.66136
240 248 0.615433
240 282 2.06064
240 290 0.0745659
240 319 0.26673
241 244 -0.029542
241 254 -0.101572
241 256 -4.14515
241 271 -1.79645
242 260 -1.04226
242 268 0.565709
242 330 0.0799582
242 344 -0.402711
242 356 -4.14515
242 360 0.119429
242 370 -3.01573
242 384 1.84714
242 390 -2.47197
243 245 -1.38177
243 249 -1.55317
243 257 -1.84714
243 269 -2.08526
244 254 1.34319
244 271 0.192984
245 246 -5.09789
245 257 -3.43706
246 257 6.18757
246 281 0.186386
247 252 -2.67406
247 264 -3.4441
247 286 -1.88061
249 269 -3.01573
250 263 -0.896532
250 272 -0.421442
250 295 -0.178781
250 305 1.59363
250 310 -0.0258362
251 253 1.68643
251 258 0.740016
251 261 4.20202
251 274 0.93383
251 280 -0.0223121
251 296 -0.01237
252 272 -0.0545029
252 286 1.64414
252 295 0.348487
252 301 1.75717
253 273 1.34152
253 274 0.0940571
253 289 -0.0165405
254 271 0.862975
255 263 -0.0678921
255 272 -0.0304906
256 267 5.67973
256 271 -4.60358
256 276 -1.88061
256 316 -0.84162
256 347 0.657651
257 269 0.101288
257 300 0.0434814
257 314 -1.0994
257 328 -2.31952
257 330 0.170173
257 337 -0.794427
257 340 0.149196
257 345 -1.88061
257 358 2.15564
258 259 0.423296
258 261 0.843452
258 277 -0.790398
258 283 0.980854
258 284 1.4104
258 291 -0.12914
259 262 -3.67092
259 265 0.352319
259 266 -1.66664
259 284 0.294044
259 285 2.75732
259 298 -1.33493
259 302 -0.0389131
260 267 -1.14578
260 268 -1.1074
261 274 0.187663
261 291 -0.0669681
261 296 -0.0061203
262 265 -0.669846
263 272 0.0899185
264 278 2.33793
264 286 0.274422
264 304 0.00799079
265 266 -1.39593
267 268 6.983
267 276 -3.20605
267 316 0.0396701
267 344 -2.19691
267 347 5.75781
267 360 1.61193
267 390 -4.43612
267 397 2.06126
267 422 0.476887
267 434 0.499736
268 344 -2.36822
269 279 -0.775982
269 288 -1.2268
269 300 2.56795
269 330 0.0302339
270 275 1.47101
270 287 -1.14619
270 292 1.57696
270 293 -3.99827
271 294 -4.63599
271 308 -4.43612
271 316 -3.91844
272 295 3.48165
272 301 -0.122701
272 305 -0.0122576
272 310 -0.000489607
273 274 0.35906
273 280 -0.0280073
273 289 -1.7106
273 296 0.321795
274 280 -0.471271
274 289 1.10274
274 296 -3.21124
275 293 -2.14198
275 299 -0.67764
277 283 -0.0812081
277 284 -0.533014
278 286 0.984972
278 290 1.1028
278 304 -0.0668989
278 324 0.398173
279 303 -0.517023
280 289 -1.95015
282 290 0.114727
282 306 0.0179072
282 319 1.26713
283 284 -0.10887
283 291 -1.9436
283 307 1.37185
283 312 -0.110835
283 320 -4.96371
284 298 -1.2698
284 307 -1.70066
285 302 -1.3635
285 326 4.70059
285 327 -1.04226
285 329 -8.6326
285 349 0.0762922
285 355 -0.165588
285 488 0.00251933
286 290 -0.00208947
286 301 0.256468
286 304 0.00417894
286 323 0.926737
286 324 1.80196
286 331 0.160358
287 292 -0.375756
287 293 -0.503909
288 300 -0.429585
289 296 -6.78213
290 304 -0.543756
290 306 2.41265
290 319 1.09097
290 324 0.0755991
290 341 4.98175
290 351 0.0286414
291 296 -2.87493
291 312 -0.0702125
292 293 -2.01765
293 294 0.183199
293 299 -1.00354
293 308 0.0434198
293 315 -0.103279
293 317 -7.38596
293 318 4.35345
293 359 0.160644
294 299 -2.64699
294 308 0.134671
294 311 -0.048119
294 315 -0.0237226
294 318 0.175838
295 301 0.696975
295 305 4.66032
296 312 0.354805
296 321 0.722426
296 325 -1.25412
297 309 -1.19209e-07
297 310 -1.24991
297 313 -3.01573
298 302 4.42639
298 307 0.966377
298 322 -1.69086
300 314 -0.0663704
300 330 0.239691
301 305 1.93351
301 323 0.108227
301 331 1.09759
302 322 -4.28643
302 329 2.46452
302 334 0.892326
302 388 0.00796856
303 330 0.0302339
304 324 -0.0407471
305 310 0.223178
305 323 0.314555
305 331 2.24659
305 339 4.64627
306 319 0.198655
307 320 -0.902574
307 322 -2.44483
307 334 0.29154
307 343 1.00226
307 353 -1.50853
308 311 -0.119036
308 316 -2.99379
308 318 3.41422
308 359 4.48299
308 378 -0.794837
308 380 0.905308
308 395 0.828324
309 310 -0.305225
309 313 -1.04226
309 328 -1.62463
309 337 0.0451911
309 338 -1.14578
309 340 0.646879
309 345 -1.3809
310 313 -3.87335
310 335 -1.02216
310 338 -2.80139
310 339 0.177554
310 346 0.291157
310 350 -0.0935098
311 318 -0.134981
312 320 -0.509363
312 325 -0.509339
314 330 -1.19065
315 318 -0.0472857
316 347 0.628209
316 378 0.0230365
317 336 -5.53942
317 354 -2.47197
317 359 -2.43102
318 359 0.288995
319 341 0.727789
319 352 3.62435
319 363 -0.0409199
319 364 2.31275
319 399 0.0574534
319 401 3.29067
319 465 3.79075
319 467 -0.0849672
320 325 1.10857
320 333 -2.50753
320 343 -1.23894
320 348 1.91493
320 353 0.332616
320 368 -0.704796
320 383 -0.239905
320 389 -3.63128
321 325 -0.023346
321 342 0.83062
322 334 -5.22797
323 324 1.30927
323 331 1.31906
324 331 1.66912
324 341 0.303888
324 351 1.57583
325 333 -1.6653
325 342 -0.644063
325 348 0.0566448
326 329 -9.28032
326 349 4.4143
326 373 -7.67932
326 398 -3.73241
326 402 -5.53733
326 405 -5.53733
326 433 -5.53733
326 452 3.20353
326 462 1.49628
326 475 -0.756436
326 488 0.0936208
326 500 -8.00448
326 513 2.87362
326 555 0.328109
327 332 3.81233
327 349 -0.591767
327 355 -0.0463067
327 377 -0.849567
328 337 -0.0374214
329 334 0.462837
329 369 0.00533172
329 373 0.599327
329 388 0.0226134
330 356 -8.47292
330 357 -0.170153
330 358 0.680653
331 339 4.5825
331 351 4.71491
331 362 7.97725
331 372 2.52745
331 418 -5.42739
331 431 -2.85347
331 441 3.23745
331 451 2.85347
332 354 6.32548
332 374 0.0381732
332 377 -0.531017
333 348 -0.407333
334 353 -6.77378
334 369 0.387723
334 373 0.415979
334 383 -0.321795
334 388 0.0156855
335 338 -0.386023
335 340 -0.184933
335 346 -1.29743
336 354 -6.20696
337 340 0.0903823
337 345 -0.284768
338 340 -3.00663
339 346 1.70096
339 350 -0.363064
339 362 2.97172
339 367 -0.518239
340 345 -2.76369
340 346 0.491682
340 358 0.596783
340 361 0.471869
340 365 -4.95062
340 366 -0.748264
340 381 -2.78039
341 351 1.79744
341 363 1.01524
341 364 5.07092
341 399 0.021284
341 401 0.443949
342 348 -3.68007
342 387 0.127101
342 394 -0.0438772
342 407 2.03229
342 414 -1.81446
343 353 -2.78039
344 360 -1.78959
346 350 -0.196632
346 366 -1.11281
346 367 -0.369049
346 382 1.87386
346 386 -3.73241
347 378 -0.0138338
347 422 2.36146
347 448 -0.023346
347 450 0.0351591
348 368 -5.20074
348 387 -1.22713
349 355 -0.0544798
349 377 -10.3815
349 398 -2.85347
349 488 0.00755798
351 363 1.24594
351 372 9.76234
353 383 -9.31864
354 359 1.25503
354 371 4.78604
354 374 0.083397
354 377 -0.109262
354 379 0.0490529
354 380 0.0678476
354 385 0.427278
354 396 -0.155827
354 412 -0.173337
356 357 -0.485907
356 358 -4.8442
356 370 -1.81446
356 384 -5.06135
357 358 -0.966495
358 381 -3.31536
358 384 0.299534
358 393 -7.45077
358 406 -1.91493
358 410 -2.36822
358 413 -0.0293309
358 425 -0.111999
358 430 0.0435985
358 439 -0.336537
358 440 0.266651
358 443 0.490682
358 456 -2.48539
358 463 0.114767
358 466 0.395883
358 471 1.3607
358 476 2.12348
358 477 -6.03839
358 487 0.0650491
358 497 -2.59673
358 504 1.49683
359 371 0.0211267
359 379 -0.0604909
359 380 4.36683
360 390 -5.13071
361 365 -1.06343
361 366 -0.473135
361 375 -0.0540762
361 376 -0.232143
362 367 -0.662388
362 382 2.37992
362 418 -5.64734
362 441 3.36782
362 449 -0.456562
363 364 -0.0416592
363 372 3.77306
363 399 -0.051806
363 401 -0.00143461
364 401 1.86242
365 375 0.0196476
365 381 -0.00593647
366 375 0.11961
366 376 0.014207
366 386 -0.285945
366 400 -0.242411
367 382 -1.35883
368 387 -0.87396
368 389 0.849093
368 394 1.24241
369 373 -0.155664
369 388 2.84894
369 405 0.523063
369 420 -0.118717
369 428 0.0194022
370 384 -3.39518
371 379 0.136326
371 380 0.197629
371 396 -0.607867
372 399 -0.0761524
372 401 -0.00578511
372 423 -1.11563
372 431 -4.0207
372 451 1.95015
373 388 0.0536252
373 405 -3.10675
374 377 0.6396
374 385 0.0417378
375 376 0.018743
375 381 -0.03244
375 393 -0.132481
375 400 -0.054615
375 404 0.267509
375 413 -0.628602
377 385 1.00558
377 398 -0.697561
377 402 0.348099
377 403 -5.17498
377 408 -1.00226
377 412 -0.998199
378 395 -4.81646
378 422 -0.028372
378 429 -3.31536
378 450 -1.13264
379 380 -1.40239
379 396 -2.441
380 395 1.85955
380 396 -10.2095
380 421 0.611842
380 429 -7.5298
380 450 0.0172151
380 458 0.024375
380 459 -0.084352
381 393 -0.00778178
382 386 -3.43706
382 409 0.458895
382 417 0.391868
382 426 0.149634
382 445 -0.208461
382 449 -4.42892
383 388 -0.0345077
383 389 -0.101248
383 391 -1.80671
383 392 -0.548142
384 390 -4.8442
384 424 2.92964
384 425 -0.0303458
384 440 3.95498
386 400 -3.73241
386 409 -0.179458
387 394 -0.968509
388 392 4.20875
388 405 1.9256
388 411 2.89694
388 420 -0.0226094
388 428 1.65207
389 391 0.00393577
389 392 0.00123709
389 394 1.27879
389 414 -2.24455
389 415 0.171508
389 432 -1.95015
390 397 -4.14515
390 419 -0.669846
390 424 -4.8442
391 392 2.76619
391 415 0.979839
392 415 0.582186
392 428 5.12982
392 437 0.141239
392 454 -2.14198
392 457 -6.11888
393 406 -0.0933981
393 413 -1.30014
394 407 -0.0442626
394 414 -1.57313
395 429 -3.01573
396 412 -2.27269
396 421 -4.75989
397 419 -12.3318
397 422 0.11611
397 434 3.94513
398 402 -1.21321
399 401 0.108048
399 423 -0.215461
400 404 -0.0233813
400 409 0.0468734
400 416 -1.63282
401 423 -1.75042
401 442 3.40125
401 451 0.437281
401 464 0.289444
401 465 0.430874
401 467 -0.0559039
402 403 -5.10815
402 408 -0.830754
402 433 0.423275
402 438 -0.588236
403 408 0.547134
404 413 -0.488255
404 416 -0.321795
405 411 0.0253283
405 420 -0.09722
405 428 0.0208789
405 452 -5.53733
405 460 -2.71175
406 410 -0.0856503
406 413 0.669846
407 414 -9.93411e-08
408 412 1.39824
408 421 -0.171594
408 438 0.248073
408 447 0.840323
408 470 -0.105214
409 416 -0.982543
409 417 1.9212
409 430 0.811247
410 413 -0.162111
411 420 -0.00953616
411 428 0.162689
412 421 -0.666378
413 416 -2.41897
413 427 1.06254
413 436 -1.34003
413 439 1.9786
413 443 -0.259252
413 463 0.000362107
414 432 -0.0742777
414 446 0.0495185
414 469 -8.29177
415 432 -3.01497
415 437 1.31631
415 454 -1.96667
416 427 -0.55042
416 430 -1.91493
417 426 1.18755
417 430 0.509297
417 444 -2.36822
419 424 -3.24976
419 434 -3.37882
419 435 -4.05796
420 428 -0.0972773
421 447 -1.01054
421 450 0.0198265
421 458 0.0331358
421 459 -0.0553638
421 461 -2.3359
421 479 -0.0134846
421 506 -0.00193976
422 434 0.0236898
422 448 -0.071186
422 450 1.573
422 479 0.20824
422 482 2.09121
422 493 0.0272854
422 510 -0.0425226
422 516 0.0463013
422 531 -4.43612
422 537 -4.8442
423 442 -1.00226
423 451 -3.20605
424 425 -0.00200037
424 434 8.81649
424 435 0.112254
424 440 0.941682
424 456 -0.33775
424 476 3.12671
424 491 8.56182
424 493 0.805906
424 496 2.9394
424 508 -0.131985
424 517 4.48331
424 525 5.79587
424 530 3.07937
424 532 0.807464
425 440 -0.00399943
426 444 -1.16715
426 445 -0.253895
427 430 0.982543
427 436 -0.369897
428 455 -9.37684
428 457 -3.93424
428 460 -1.91493
429 450 -2.06181
430 436 -0.637896
430 439 0.153924
430 444 -0.00728935
430 445 -3.95273
430 453 -1.13215
430 463 0.189727
430 466 0.132987
431 451 -4.4125
432 446 -0.818375
432 454 -4.23343
433 438 -0.0984419
433 462 -3.43706
434 491 4.35258
434 493 0.366947
434 510 -0.26256
434 516 0.178013
436 439 -0.117615
437 454 -0.517023
438 462 -3.61891
438 470 -1.17006
438 473 -3.10675
439 443 -0.237869
439 463 -0.00962159
439 466 -0.020189
440 456 -0.392464
440 476 0.439587
441 449 -1.33296
441 451 7.32622
441 453 5.36651
441 483 -0.0096401
441 494 -5.80203
441 495 3.72441
441 521 5.22919
441 524 3.64679
441 528 6.12062
441 550 0.248984
442 451 2.72481
444 445 -0.0564706
445 449 -1.57569
445 453 0.958638
445 468 -0.0945527
446 454 -0.0865978
446 469 -0.398237
447 461 1.13212
447 470 -0.00610732
447 481 -1.03609
449 453 -0.305845
450 458 0.0866063
450 459 -0.436643
450 461 0.180177
450 479 2.07133
450 506 -0.0657324
451 464 2.84331
451 485 1.69086
451 503 4.95568
451 528 2.02352
452 455 -0.0235253
452 457 -0.00515422
452 460 -0.272809
452 488 0.00251933
452 500 -5.58051
453 463 -1.85696
453 468 -1.83402
453 472 -0.0977491
453 483 -0.00919741
454 457 0.500431
454 469 0.404325
454 484 -0.851818
454 486 1.0128
454 498 -1.64125
455 457 2.18837
455 460 2.19511
456 476 -1.08522
457 460 0.241241
457 484 -0.329678
457 499 3.89022
458 459 -0.0815384
460 499 0.462911
460 500 1.63214
460 512 0.224796
461 479 0.141577
461 481 -0.921808
461 492 -6.55026
461 506 -0.0328662
462 473 0.00390359
462 475 -0.258219
462 488 -0.00106517
463 466 0.824451
463 471 0.298458
463 472 1.00739
463 474 -0.251645
463 480 -0.129839
463 490 4.1854
464 465 2.54115
464 467 -0.0852012
464 485 4.69533
464 503 2.27484
464 514 5.46676
464 529 4.51535
464 538 7.69601
464 561 0.33257
464 565 0.299478
465 467 -0.172625
466 471 1.45966
466 480 -0.0211548
468 472 -0.076351
468 483 -0.016155
469 478 0.0730015
469 498 -0.951345
470 473 -0.601089
470 481 -0.0690144
470 492 -3.06203
471 477 -1.08303
471 480 -0.0461439
471 487 0.122209
471 489 2.45031
471 490 1.97108
472 474 -0.978264
472 483 0.261892
472 490 5.20617
472 494 -2.05383
472 507 2.64699
472 521 1.1923
473 475 -1.57696
473 488 -1.08682
473 492 1.22898
473 509 -0.101278
473 513 -0.820133
475 488 -0.0591872
476 504 0.172214
476 508 -0.308193
476 517 1.23041
477 487 -1.95015
478 498 -0.217766
478 519 -6.54753
479 492 -4.95474
479 501 1.10219
479 506 -0.782
479 520 -1.52308
479 531 -9.68249
479 536 -5.53733
481 492 -2.21908
481 509 0.687681
482 510 0.692447
482 537 -14.6214
483 494 -1.37545
484 486 -4.94147
484 499 -2.30703
484 505 -1.21064
484 515 0.80491
484 523 0.0947392
484 539 0.035912
486 498 -9.28146
486 515 -0.83062
487 489 0.489862
487 497 -0.25917
488 513 0.0446032
488 555 -0.0057977
489 490 1.68299
489 497 -0.266225
489 502 0.986026
489 507 3.72526
489 511 -0.874709
490 507 5.15466
491 493 2.92737
492 509 -1.49059
492 513 -2.45499
492 520 0.0514921
492 522 0.164647
492 545 0.908807
492 555 -0.532161
492 567 0.046644
493 510 -1.00237
493 516 0.315602
493 530 1.60875
493 537 -4.8442
493 554 2.374
493 571 -5.53733
494 521 -7.01151
497 502 -0.924411
497 504 -1.54979
498 515 1.3735
498 519 -8.12302
498 523 -0.0126687
498 539 -1.335
499 500 1.53488
499 505 1.52308
499 512 0.324123
499 518 1.27815
499 523 -6.88032
499 527 -0.81273
499 541 -0.478031
499 572 -0.111119
500 512 0.428239
500 513 -2.57639
500 518 -1.20935
500 527 -2.82745
501 506 -0.507381
501 520 -3.41654
501 531 -4.8442
501 546 -1.66155
502 504 0.407951
502 511 -0.413882
503 528 3.93648
503 561 0.0135078
503 565 0.142265
504 507 3.0252
504 508 -0.0626824
504 511 -2.68665
504 517 4.22863
504 534 2.64699
504 540 0.962998
504 549 1.39593
504 551 2.48565
504 553 -0.386023
504 556 0.654556
505 523 -0.305845
506 531 -5.53733
506 536 -5.53733
507 511 -0.22664
507 521 5.32544
507 526 9.45814
507 534 5.46662
507 558 2.56006
507 559 0.844135
508 517 -0.487198
509 522 -0.193479
509 545 -0.194509
509 555 -0.0211937
510 516 -0.382477
510 537 -3.31536
512 527 -0.28255
513 518 -0.00147627
513 520 0.124066
513 522 -0.115337
513 523 0.00102582
513 535 0.0147206
513 541 0.0090086
513 544 0.287603
513 545 -0.375248
513 555 2.21141
513 563 2.04578
513 567 -1.44504
515 523 0.0222281
515 539 -0.0225944
517 530 0.163779
517 540 0.337785
518 523 -0.0215413
518 527 -0.652338
518 535 0.821001
518 541 -0.051378
518 572 -0.0088211
519 533 -2.08915
519 539 -0.418426
519 542 -0.794069
519 547 -7.34632
519 557 -1.54979
520 545 0.056473
520 546 -13.8336
520 555 0.528036
520 567 -0.132011
521 524 1.60463
521 550 1.1633
521 559 5.94161
521 585 0.00233026
523 535 -0.010526
523 539 0.483269
523 541 1.04509
523 543 1.45954
523 544 -0.0771302
523 555 -0.196658
523 572 1.14845
524 528 1.47727
524 550 0.677717
525 530 3.38413
525 532 1.1984
526 534 3.77658
526 558 2.60279
526 562 1.16525
526 570 0.525268
526 581 0.226145
528 550 0.118226
528 560 0.0795151
528 565 0.34089
530 532 3.51442
530 540 0.669846
530 548 3.12675
530 549 1.81716
530 553 -1.57696
530 554 4.32885
530 566 0.244519
530 573 2.0524
530 578 3.01697
530 596 -0.171042
531 536 0.849093
531 537 3.31536
531 546 4.23695
531 552 2.85347
531 564 5.32544
531 568 1.09161
533 547 -0.117713
534 551 1.48201
534 556 1.94835
534 562 4.48078
535 541 0.0121694
535 544 -0.00419088
537 552 10.4937
537 571 1.14749
538 561 3.98401
538 580 4.33984
539 542 1.25448
539 543 1.05698
539 619 -0.0638941
540 553 -0.962998
541 542 9.84167
541 543 0.057901
541 544 -0.185724
541 555 -0.175009
541 572 4.07839
541 582 0.141701
542 543 0.057901
542 547 2.73308
542 557 1.15131
542 572 1.06678
542 592 1.39593
542 603 3.57445
542 618 11.8921
542 619 -0.121946
542 622 0.75215
542 623 8.15683
542 648 2.52745
542 649 12.9656
542 652 -9.28032
542 654 -5.53833
542 656 -2.93164
543 572 0.337857
544 555 0.899403
544 572 -0.324695
544 582 -0.220141
545 555 -0.348064
545 567 0.0195689
546 555 -4.14515
546 568 0.240852
546 576 8.07192
546 599 9.42749
546 608 2.18405
546 611 4.64769
546 637 -1.25517
547 557 2.31766
549 553 -2.05647
549 556 0.722426
549 566 3.77873
550 558 0.173336
550 559 0.346672
550 560 2.53554
550 565 1.27413
550 581 -0.719594
550 585 0.00536302
550 586 -0.645035
550 589 -0.154392
550 593 -0.0740495
550 601 2.01901
550 607 -2.14198
551 556 0.837885
551 569 0.224142
551 584 1.29251
552 564 3.88154
552 571 4.92019
552 577 2.67406
552 591 -0.459717
552 597 -0.305925
554 571 -4.8442
554 573 2.31952
554 578 4.31837
555 563 0.623954
555 567 -1.46583
555 572 -1.06515
555 582 -3.62588
555 587 1.19689
555 595 1.20037
555 611 -3.90414
555 619 -2.22758
555 622 -0.635286
555 626 -0.885139
555 631 1.4542
555 633 -0.0410808
555 645 0.00269718
555 652 -3.07468
555 663 -1.20337
556 562 1.71432
556 566 1.80538
556 569 3.16605
556 579 0.320401
556 583 3.87254
556 584 0.422939
558 559 1.11698
558 570 0.116049
558 581 1.79352
558 588 0.0565965
560 565 0.0264661
561 565 2.76764
561 580 1.4248
561 590 -0.372509
561 594 0.356235
562 569 0.513517
562 570 3.47793
562 575 -0.849093
562 581 0.0568445
563 567 -0.438707
564 568 0.613249
564 574 2.03844
564 577 3.92117
565 586 -0.767132
565 590 -6.38148
566 573 0.509233
566 579 2.75459
566 583 1.49071
566 584 1.93683
566 596 -1.21821
566 606 1.87729
566 610 1.34348
566 617 0.680991
567 587 -0.352013
567 595 -0.351321
567 645 -0.00121622
568 574 7.64549
568 576 5.19936
568 577 -0.180103
568 599 0.218836
568 604 -2.23216
568 624 -0.0365689
569 570 0.138515
569 575 -7.28032
569 584 1.81255
569 588 0.277029
570 575 -3.05777
570 581 0.179505
570 588 3.9025
571 578 -11.0747
571 597 -3.037
571 600 0.877148
572 582 0.533388
572 619 -1.81324
572 622 0.206924
573 578 3.47735
573 596 -0.236905
574 577 -1.79258
574 604 -1.72077
576 599 0.720936
577 591 -1.15582
577 597 1.80396
577 604 2.54447
577 624 -6.86162
578 596 -1.38735
578 598 7.50228
578 600 -11.0747
580 590 -0.372509
580 594 2.10605
580 602 1.18465
581 585 1.78806
581 588 0.151455
581 589 -0.023771
581 601 3.43804
581 605 3.57445
583 584 3.16834
584 588 -3.67856
584 609 -0.15753
584 610 4.84661
585 589 -0.0419851
586 590 0.717673
586 593 7.16416
586 594 0.52186
586 612 0.249931
586 616 1.30533
586 628 1.20594
586 632 -0.549432
588 605 0.0318978
588 609 0.403707
588 613 2.45104
588 614 -0.25606
588 615 -0.397489
588 621 -3.57445
589 601 -0.0609695
590 594 1.14859
591 597 -4.43612
593 607 -2.75469
593 616 0.324064
594 602 5.44609
594 612 2.33975
594 628 5.22309
594 629 3.55593
596 598 -0.227456
596 600 -5.53733
596 606 -3.39521
596 630 0.0654628
597 600 0.262845
597 624 -4.88941
598 600 -4.8442
599 624 -2.34946
599 627 3.48239
599 637 -3.05425
600 624 -0.24379
600 630 -3.43706
601 605 1.89352
601 607 -0.673064
601 613 -0.147448
601 616 -1.91378
605 613 0.000601535
605 616 -0.693305
606 617 2.05986
606 630 5.03009
606 634 4.40087
607 616 -6.91666
609 610 -1.54677
609 615 -0.150412
609 620 -0.0590683
609 625 -0.0346865
610 617 4.53233
610 620 0.0321213
610 625 0.188556
611 626 -0.132481
611 637 -3.43706
612 628 0.275488
613 614 -0.0298926
613 616 2.30298
614 616 -2.26367
614 620 0.943189
614 621 -2.12121
614 641 -3.53658
614 643 0.511691
615 620 1.82675
615 621 -0.42307
616 632 -0.609095
616 639 -0.697464
616 643 -7.49361
617 620 0.141008
617 625 0.259945
617 634 9.15435
617 641 -5.38091
619 622 -0.268586
619 631 -7.46482
620 621 -0.42307
620 625 2.25054
620 641 -3.24236
622 631 -6.58475
622 652 -11.9594
624 630 -1.18877
624 636 0.325631
624 637 0.533579
624 638 0.153432
624 640 0.0543494
624 642 0.0962402
625 641 -2.78039
626 633 -2.14198
626 637 0.27076
626 644 -2.04417
626 645 -0.500099
627 637 -1.16715
628 629 3.69957
628 632 0.494526
628 635 -0.249618
628 639 -0.0320186
628 655 3.22652
628 665 -2.21574
628 677 -0.865531
628 678 0.151599
628 683 -0.106932
630 634 5.53309
630 638 -3.57445
630 659 -7.90555
632 635 -0.0417949
632 639 -0.0128861
633 645 -0.164323
634 641 -1.79907
634 657 -0.0930917
634 659 -9.68249
635 639 -2.29294
635 643 -3.6267
635 665 0.0997765
635 676 1.28401
635 683 -2.80033
635 696 -2.10127
636 638 2.80342
636 640 0.680887
636 642 4.12583
636 651 2.92623
637 640 4.71241
637 642 0.0183459
637 644 -2.25208
637 645 -1.60031
637 647 3.4188
637 667 -0.0534024
637 680 3.89182
637 681 8.98936
637 686 3.86694
637 692 0.0757623
637 697 2.52745
637 701 3.40537
638 642 10.4643
638 651 8.19801
638 659 0.0483387
638 661 1.86087
638 688 3.7677
638 693 0.11174
638 695 3.43706
639 643 6.0416
639 653 2.01311
640 642 6.43351
640 646 4.47148
640 647 5.74701
640 664 6.24074
640 667 -0.0379656
640 672 5.99257
640 680 0.0482833
640 692 -0.230683
641 643 -1.34046
641 650 -1.09447
641 657 -0.403162
641 659 2.25325
641 660 3.52778
641 674 0.225475
641 687 -0.978267
641 690 0.722009
641 702 0.118777
642 646 4.25607
642 651 5.56078
642 672 6.54706
642 681 0.397095
642 688 4.14515
642 689 1.688
642 695 1.70702
642 698 1.99962
642 705 2.003
642 707 4.60011
642 716 4.32448
643 650 1.9935
643 653 2.18405
643 658 -2.4536
643 682 -0.618191
643 696 0.594528
644 645 -0.163779
645 652 -0.0803972
645 663 0.234295
645 679 -0.0165361
645 700 0.961133
645 703 0.640352
645 725 -0.111268
647 667 -0.652519
647 692 -0.0575608
648 654 -2.14198
648 656 -3.73241
649 652 -4.43612
649 656 -10.752
650 658 -0.0632234
650 660 -1.16715
652 656 0.905357
652 663 -0.0102135
652 666 3.62762
652 668 3.94062
652 669 0.323866
652 679 0.462445
652 685 1.37165
652 691 0.315388
652 703 -0.0388323
654 656 5.80527
654 662 6.84714
654 670 4.04204
654 671 7.62967
655 677 -0.374791
655 678 0.124702
655 683 -0.702785
656 666 1.81446
656 669 3.21334
656 671 7.86396
656 684 4.37197
656 709 0.067818
656 717 1.6202
657 659 -2.44172
658 660 -11.5564
658 673 -3.20605
658 682 -3.20605
659 661 -0.0178422
659 674 4.75155
659 675 1.87106
659 687 -0.0462107
659 693 -0.153499
659 694 -0.0881084
660 673 6.47975
660 687 -0.848281
660 690 0.792722
660 702 0
661 688 0.246189
661 693 0.0840462
662 671 10.7547
662 717 4.18859
663 679 0.0152822
663 700 0.00842332
663 703 -0.000567321
664 672 8.63828
665 677 -0.190449
665 683 -0.468611
666 669 3.43749
667 680 -0.182736
668 679 0.724824
668 685 6.81628
669 691 7.25733
669 709 0.331715
669 710 -0.991047
669 717 0.000416406
670 671 0.849093
671 717 1.62622
672 689 1.95757
672 692 -0.648735
672 699 -0.228528
673 682 3.99527
673 690 7.79238
673 708 -2.10127
673 720 -0.0714684
674 675 0.500364
674 687 -2.8035
674 694 -2.04364
674 702 0.950831
674 704 -0.901793
674 712 0.0147356
674 714 0.494441
674 719 5.50522
674 721 -1.95015
674 726 5.88618
674 727 -0.403564
675 694 -1.67511
676 683 -0.860554
677 678 -0.199074
677 683 0.591097
678 683 -0.363591
679 685 5.28102
679 691 4.08929
679 703 -3.88013
679 713 -15.5621
680 692 -0.0580009
681 686 8.52389
681 689 3.33446
681 692 3.91844
681 697 4.63252
681 698 0.126714
681 701 10.3506
681 705 0.13979
681 706 5.2433
681 707 0.034812
681 711 2.71175
681 722 1.00096
681 725 0.160347
681 728 0.695576
681 729 1.70974
681 732 -4.55628
681 733 -0.924411
681 737 8.04045
681 739 2.4433
681 740 0.576383
681 749 -0.778393
681 763 2.06104
681 764 6.13886
681 766 3.24307
681 780 2.54726
681 783 -0.0241566
681 786 0.0597994
682 683 -2.18405
682 696 -1.37011
682 720 -0.0714684
683 696 -3.73241
683 708 -3.73241
683 720 -11.8557
683 734 -4.2545
683 738 1.72923
684 717 -0.0093581
685 691 9.56401
686 697 2.54168
687 690 -0.108188
687 702 -3.43458
688 693 1.44086
688 695 1.39978
688 716 2.93164
689 692 -0.191679
689 698 0.905357
689 699 0.501275
689 706 5.16271
690 702 -1.17489
690 708 -7.88361
691 710 -5.43622
691 713 -2.85347
692 699 2.07211
692 701 2.30127
692 706 3.19623
693 694 -4.14515
693 704 -11.3207
693 714 2.95215
693 716 1.49683
693 728 1.00226
694 704 -0.369897
697 700 -14.0482
697 718 -2.21967
697 722 0.033688
697 725 0.049303
699 706 3.69353
700 703 4.11062
700 718 1.47388
700 725 -1.65627
702 708 -5.72747
702 715 1.22318
702 719 0.0206564
702 721 -2.6934
703 713 1.67251
703 725 -0.58871
704 712 -0.0297017
704 714 -7.85582
704 726 -2.01092
705 707 2.46695
707 716 3.99786
707 728 0.139913
707 729 0.571182
708 715 -12.108
708 720 -0.353819
708 731 -1.08544
708 734 -2.15456
709 710 -1.70605
709 717 -0.00349232
709 724 -0.161593
709 735 -2.04121
710 713 1.78253
710 724 -5.72747
712 726 0.0369366
713 724 -8.98397
713 725 0.127972
713 736 -3.83328
714 726 5.00137
714 728 6.48793
714 739 3.43706
715 721 -1.00241
715 723 7.11143
715 731 4.99788
715 747 -1.34397
716 728 5.87717
716 729 0.0489415
717 735 -11.8312
717 742 0.148382
717 753 -1.91767
717 761 -0.123154
718 725 -0.235509
719 726 5.45507
719 727 -0.803287
719 730 2.67217
721 723 -1.85818
721 727 0.337785
721 730 -6.15137
721 741 -2.93164
721 745 -2.22758
721 747 -0.0479558
722 725 0.0487105
722 733 -2.78039
724 735 1.95362
724 736 4.37977
724 744 5.21595
724 758 3.3726
724 759 -0.248062
724 767 0.0644583
725 733 -0.0902492
725 736 -0.134101
725 737 0.238561
725 749 -4.73609
726 730 2.85538
726 739 1.07394
726 743 4.07845
726 746 3.32442
726 752 -0.0518362
727 730 -0.799445
728 729 8.66812
728 739 2.07291
728 740 5.80952
728 748 4.77906
730 741 5.23606
730 743 1.68904
730 762 -4.51378
731 734 1.58161
731 745 5.9645
731 747 -3.17526
731 754 0.782291
731 769 6.09386
733 737 -0.180498
734 738 -2.41309
734 750 -1.02712
734 751 -0.632167
734 754 5.21938
734 769 0.0716055
734 771 0.0257999
735 742 -0.197538
735 744 7.28788
735 753 4.4935
735 770 -0.0785952
736 749 -1.008
736 757 0.185212
736 758 0.136572
736 767 0.0616785
737 749 -1.96814
737 786 0.0591062
738 750 6.78128
738 751 7.22946
738 771 0.0635875
739 740 2.71175
739 748 0.732221
739 752 3.35122
739 763 8.86902
739 772 -0.315928
739 778 3.73241
739 779 1.14578
741 745 3.20604
741 755 0.386346
741 762 -1.91493
742 753 -0.315047
742 761 -0.214631
743 752 -1.89996
743 762 -0.56723
744 753 3.34751
744 759 -0.113952
744 765 6.7805
744 767 1.70461
744 770 -1.56624
744 773 8.43283
744 777 2.04604
745 747 -2.85036
745 755 4.73467
745 760 4.74826
745 769 10.4136
745 775 0.965895
745 782 1.22202
745 790 -5.14529
746 752 -0.0145371
749 757 -1.28865
749 758 -4.48129
749 781 2.37036
749 786 -0.295556
750 751 7.3603
750 771 0.125975
750 776 -0.0297192
750 791 0.00260273
751 756 -1.01759
751 771 0.0344442
751 776 -0.023264
751 791 0.0375737
752 762 -4.43612
752 768 -1.72508
752 772 -3.90375
753 761 0.833635
753 770 -3.97838
754 769 0.743956
754 771 0.661719
755 762 -1.39007
755 768 0.130602
755 775 1.97879
755 789 0.0198724
757 758 1.17085
758 759 -0.0726089
758 767 2.82131
758 781 -1.64889
758 784 0.678927
759 767 -0.353121
759 777 -0.0448149
761 770 -0.505263
761 793 2.83066
761 806 4.16096
761 824 1.16715
762 768 -5.32544
763 764 0.159264
763 778 1.01717
763 783 -0.0338663
764 778 2.26268
764 780 4.31023
764 783 -0.395902
764 803 4.43612
764 807 2.83551
764 810 2.23001
764 819 1.48662
764 822 4.16666
767 773 4.63332
767 777 6.58652
767 784 2.76243
768 772 -3.06038
768 775 1.82417
768 779 -1.04226
768 787 -0.290731
768 789 0.0149837
768 799 -0.326339
769 771 1.57493
769 788 1.23914
769 790 -5.04898
769 794 2.98034
769 796 1.24204
769 800 0.224596
770 777 1.77395
770 781 0.270115
770 793 -10.2281
770 812 0.338655
771 774 2.90347
771 776 -0.560684
771 788 4.67705
771 791 4.54803
771 792 2.6395
772 779 -12.8442
775 782 1.08813
775 785 -0.418426
775 787 -0.236651
775 789 0.070203
776 791 -0.71083
777 781 3.13086
777 784 0.790348
777 798 1.23704
777 812 0.331997
778 779 2.8739
778 783 -0.175143
778 803 8.16432
778 816 3.20604
779 799 -3.73241
779 801 10.952
779 805 2.27269
779 816 11.2399
780 786 0.322162
780 804 1.70873
780 807 0.708402
780 813 6.29053
781 784 -1.24674
781 786 0.0790187
781 798 0.174125
781 809 0.158038
781 811 -0.0527484
781 812 0.77887
781 815 1.11968
781 818 -5.76016
782 785 -1.69819
782 790 -1.36726
782 795 0.204856
782 802 1.51879
784 798 -0.440682
785 789 -3.38226
785 795 -2.71175
786 804 6.8239
786 809 4.7657
786 813 2.63506
786 836 8.29814
786 840 0.371145
786 845 -14.2897
786 862 -7.87756
786 865 1.48224
786 878 0.0206147
787 789 -0.177791
787 799 -3.27268
787 821 -0.28385
787 823 -4.42953
788 791 2.58569
788 796 3.57247
789 795 1.40848
789 802 0.0293087
789 821 -0.571559
790 794 -0.062174
790 800 -0.595068
790 802 -0.000833652
791 792 4.39174
791 796 10.3615
791 797 7.39414
791 808 5.03257
791 814 2.64699
791 827 2.64699
791 842 -2.58569
791 848 5.78732
791 850 4.02048
793 806 1.81266
793 812 -8.84453
793 831 0.0667492
793 837 -0.00245768
794 796 6.27408
794 800 7.25323
794 802 0.063504
794 817 0.513227
794 825 -0.363933
795 802 1.31588
795 821 0.0371238
795 830 0.413076
795 833 1.11604
795 849 -0.0282924
796 808 3.89895
796 817 0.602563
796 827 1.52308
796 842 -3.01573
796 847 1.34772
796 851 -4.14515
799 805 -4.8442
799 823 3.01573
799 828 -4.8442
799 838 -1.37165
800 802 0.063504
800 817 8.54567
800 825 -0.181924
800 832 -2.31952
800 846 3.7198
800 849 8.33745
801 816 2.36822
802 821 0.798965
802 823 0.46059
802 833 2.15682
802 849 -0.0745333
802 855 0.0399789
802 871 -0.888039
802 872 -0.350818
803 810 3.20604
803 816 1.44559
803 819 6.03839
803 820 8.42721
803 822 3.57445
803 835 1.75131
803 841 1.47101
803 844 5.60222
803 852 8.92314
803 856 7.65085
803 863 2.47197
804 813 0.559362
805 816 1.44559
805 828 -1.02216
805 838 -0.692133
805 843 -0.500431
806 824 0.0499927
806 831 2.14371
806 837 0.055796
807 813 0.704796
807 822 3.73241
809 815 1.21662
809 826 -0.228674
809 840 1.21778
809 845 -9.4755
810 819 1.57856
811 815 -0.209215
811 818 -1.91493
811 826 0.61172
812 818 -4.65209
812 837 2.58831
812 839 1.16515
812 853 -3.97364e-08
813 822 2.44786
813 834 5.69227
813 836 3.31753
813 865 0.826611
815 826 -0.412765
816 820 2.31952
816 835 3.91844
816 843 -8.04184
816 854 2.71175
816 860 6.7877
817 825 -1.50095
817 832 -4.10982
817 846 0.924411
817 851 -2.52745
818 826 -0.354757
818 839 -0.343299
819 822 2.93164
819 841 3.10675
820 835 1.39593
821 823 2.83751
821 830 0.0366792
821 833 0.316794
821 849 -0.0285136
822 829 5.18371
822 834 9.99429
822 841 1.40033
822 852 3.33664
822 856 3.88684
822 859 0.121582
822 863 5.73387
822 865 0.207785
822 878 0.111726
822 880 0.00637203
822 885 1.08085
822 891 1.74839
823 830 0.0488581
823 833 0.0977162
823 838 -6.63842
823 855 0.171119
823 861 -3.60773
823 871 -1.48386
824 831 0.39918
825 832 -0.0544849
826 839 3.02741
826 845 -3.73241
826 864 -0.41561
826 869 1.17882
827 842 -0.434708
828 838 3.54216
830 833 1.40197
831 837 0.362773
831 853 2.18962
831 857 2.68944
831 870 0.151832
833 849 -0.161653
833 855 2.50829
833 871 -0.0122858
833 872 -0.0265327
834 836 1.69998
834 859 5.65507
834 865 1.4105
834 880 0.0105352
835 844 2.02352
835 856 0.794069
835 860 4.97575
836 859 0.0170526
836 865 4.9978
836 878 0.0256798
837 853 0.133022
838 843 -1.55587
838 854 1.00359
838 858 -0.419647
838 861 7.82739
839 853 2.51391
839 869 3.29329
839 877 2.01692
839 879 0.106824
840 845 -0.00778178
842 847 -2.41897
842 848 -2.60267
843 854 -0.274612
844 856 3.91844
845 862 1.15553
845 864 -0.0746314
846 847 2.14198
846 849 7.05945
846 851 -6.02711
846 866 10.8685
846 893 9.51752
846 894 2.93164
846 903 -2.85347
847 848 4.67728
847 851 -3.80353
847 866 2.58569
848 850 4.85698
848 866 1.04226
848 873 0.584119
848 874 2.18405
849 868 9.11148
849 871 2.14092
849 872 4.12154
849 892 3.10675
849 894 2.88288
849 902 3.13832
852 863 0.517023
852 880 -0.000898867
853 857 3.43706
853 869 0.247869
853 870 3.35113
853 877 0.128958
853 879 5.77864
853 883 -0.748118
854 858 -1.01974
854 860 4.04293
854 867 0.0424115
854 875 5.4308
854 887 5.22169
854 888 -2.24099
856 860 2.98053
856 863 1.88061
856 875 2.86558
856 876 10.4805
856 885 1.4251
856 890 8.94971
856 900 2.27269
856 907 4.53016
856 908 1.12464
857 870 14.7829
858 861 -0.42324
858 867 -0.84648
859 865 0.0026195
859 878 4.28985
859 880 0.00127989
859 891 2.44092
860 875 2.41897
860 876 6.08405
861 867 3.41494
861 871 4.46274
861 888 0.509627
862 864 -1.32095
862 865 -13.2569
862 882 -11.3538
862 906 -5.53733
862 920 -8.98936
862 922 1.52308
863 880 -0.000449433
864 869 -0.274033
864 881 -4.14515
864 882 -3.49598
865 878 3.48865
865 880 -0.00131811
865 891 0.994336
865 906 2.02544
865 918 0.525692
865 920 9.72857
865 923 3.99527
865 935 3.27462
865 951 6.09593
865 962 -1.30572
865 983 3.57445
865 987 3.8749
865 992 3.15199
865 996 5.8686
866 873 13.569
866 886 2.58569
866 893 8.30272
866 905 4.66943
866 914 3.26782
866 915 9.03111
866 917 1.4487
866 969 -0.101081
867 888 -0.084823
868 872 6.54396
869 877 4.53032
869 881 5.82297
869 896 0.194516
869 899 0.368882
869 901 0.0510465
870 877 -1.57695
870 883 0.702063
870 910 3.91844
870 911 6.56412
871 872 3.08631
871 888 1.82288
871 897 0.0847644
871 902 2.56615
871 927 0.387002
872 889 5.64976
872 892 2.77388
872 897 0.0815521
872 902 1.10961
873 874 3.43706
873 884 -2.85347
873 914 2.93164
873 917 5.45734
874 884 -1.95015
875 876 5.81867
875 887 1.25517
875 895 3.01573
875 900 2.93164
875 904 2.31952
875 908 7.73092
877 879 0.047969
877 883 -0.863265
877 896 0.0167566
877 898 1.28464
877 899 3.58906
877 910 -3.57445
877 911 -2.47197
877 916 2.46883
877 929 -3.10452
877 936 -3.11497
877 943 -0.193668
878 880 -0.00123
878 891 3.7731
878 906 0.0363735
878 918 0.0808639
878 920 0.0363735
878 923 0.127489
878 935 0.068437
878 951 0.0727468
879 883 -1.00987
880 885 -0.00196815
880 891 -0.0054505
881 882 4.10151
881 896 1.77277
881 899 0.0573272
882 896 3.57989
882 913 3.01573
882 921 -0.00148863
882 922 -7.41531
882 925 -1.32721
885 890 0.588808
885 891 1.04816
887 888 -3.73241
887 895 2.41897
888 895 -5.43082
888 897 7.16016
888 909 0.740856
890 891 3.83175
890 907 10.4226
891 907 1.50681
891 918 10.9553
891 923 6.55717
891 924 2.85347
891 935 0.14298
891 937 2.18405
891 942 -0.188054
893 903 -0.982543
893 912 4.11613
893 915 0.361416
894 902 0.402198
894 903 -3.47324
894 912 2.93164
895 904 2.31952
895 908 5.81039
895 909 -2.37121
895 926 3.26808
895 932 2.94879
895 938 -0.988623
895 940 -0.181935
896 899 0.487813
896 901 0.598042
896 919 0.470707
896 921 -0.00810075
896 925 -1.32927
896 930 -0.468055
897 902 -0.0386006
897 909 0.298667
897 927 -0.366034
897 933 2.7801
897 947 0.563134
897 966 3.00411
898 899 1.8916
899 901 3.18745
899 919 10.5571
899 936 -1.55673
900 908 3.26053
902 912 13.0193
902 915 0.218777
902 917 1.74641
902 927 7.59056
902 934 0.379178
902 939 -0.152886
902 946 1.26503
902 952 4.76117
902 959 -0.0804677
903 912 -2.22758
904 908 1.01008
907 908 6.247
907 918 2.79884
907 935 14.7872
907 937 1.45696
907 941 2.47197
907 942 -0.374964
907 953 3.93039
907 956 2.31665
908 932 5.0668
908 941 0.794069
909 926 -0.978668
909 933 0.0878369
909 940 0.374914
910 929 -1.21064
910 948 -3.57445
910 960 -9.97346
912 915 2.44673
913 922 -1.08303
914 917 3.56754
914 969 -0.101081
915 917 7.53132
915 928 1.27785
915 934 1.80759
915 969 -0.0604267
916 929 -0.157329
916 943 -2.19932
916 948 -2.76013
916 957 0.167147
916 965 0.686719
916 970 -0.0319384
916 971 0.0324969
916 975 0
917 928 0.369897
917 934 0.698419
917 949 9.3786
917 950 -0.0788511
917 952 4.22966
917 969 -0.141731
917 984 -0.152069
917 986 0.0594717
917 997 -0.196691
917 1003 -0.56723
917 1004 -0.396738
918 923 11.7747
918 924 2.14198
918 935 0.580708
918 937 8.92016
918 951 2.51576
918 953 0.349515
919 921 -0.0571648
919 930 -4.65939
919 936 -1.18813
919 943 -3.14959
919 944 0.179047
919 945 0.000592738
920 922 -14.8071
920 931 -0.372718
920 962 -2.15459
920 987 0.0203238
921 922 0.00173727
921 925 0.0133461
921 930 0.136256
922 925 3.41711
922 931 3.31191
925 930 4.2152
925 931 3.54883
926 933 0.00109836
926 938 -2.3291
926 940 -0.393055
926 954 0.055133
926 961 -2.85347
926 968 0.000549177
927 939 -0.651795
927 946 2.10127
927 947 -0.0448014
927 950 -1.57557
929 948 -7.4713
930 931 1.83668
930 945 -3.1111
931 945 -4.85806
931 962 2.03387
932 938 -0.494279
932 941 8.25007
933 940 5.22082
933 961 -0.00853795
933 966 11.8165
933 968 0.162133
935 937 0.0732346
935 941 4.81376
935 951 0.0331737
935 953 0.552672
935 956 1.14531
935 963 5.54729
935 983 4.69662
935 992 0.0700632
936 943 0.0723434
937 942 -0.186911
938 941 -0.101248
938 954 -0.314337
939 946 -0.0860037
941 954 5.52461
941 963 5.48939
941 964 0.818763
941 968 -10.4226
941 973 -3.57445
941 983 7.54287
941 989 3.703
941 995 -9.45452
941 1001 -0.886457
943 944 -5.98644
943 957 -0.270088
944 945 0.339059
944 955 3.40246
944 957 -7.12923
944 958 -4.11017
944 967 -0.00778178
944 970 -0.00810847
944 971 -0.0598125
944 972 -5.53733
944 975 0.424316
944 976 -3.57445
944 979 -4.83844
944 994 -6.13148
945 955 0.752415
945 962 -0.55042
946 950 -0.161477
946 959 -0.161206
947 950 0.859249
947 966 4.53398
948 960 0.230753
948 965 -0.740165
948 970 -2.50743
949 969 -0.380311
950 952 -4.43612
950 959 3.02297
950 966 0.564138
950 981 3.63755
950 984 2.57648
950 997 3.34478
950 998 0.939968
950 1023 0.793137
952 959 -2.79331
952 969 -1.33219
953 956 2.25762
953 963 0.250432
954 961 -3.10675
954 968 -1.2939
954 973 -3.91844
955 958 -1.32411
955 962 -10.8976
955 976 -3.57445
955 977 1.68987
955 991 12.3137
956 963 0.613145
957 965 0.0184094
957 970 -0.0462996
957 971 0.0930058
957 975 0.0269927
958 967 -0.0285757
958 972 0.0571514
958 977 -1.30083
960 970 -1.84177
961 966 -0.0300577
961 968 -0.00649086
962 987 3.97078
962 991 -2.41897
962 996 0.087832
962 1005 2.13375
962 1010 4.63128
962 1020 0.451219
962 1024 0.109053
962 1030 1.63461
962 1034 0.161892
962 1045 1.4252
962 1049 0.644375
963 974 10.0619
963 983 5.11342
965 970 -0.0150589
965 971 0.0183266
965 975 0
966 968 0.292694
966 978 0.523865
966 980 1.97592
966 981 3.00816
966 982 2.34696
966 990 6.71905
966 1023 4.05454
967 972 -2.0343
968 973 2.62312
968 978 3.97101
968 989 -5.90104
969 986 0.00642502
969 997 -0.0173823
970 971 -0.281676
970 975 0.676395
970 985 0.40879
971 975 1.16111
972 976 1.57696
972 977 -2.78039
975 985 5.31735
975 994 -0.434708
975 999 -0.477687
976 977 -2.63436
976 979 4.82856
976 988 1.42622
976 991 -7.97046
976 1010 2.66757
976 1011 2.31952
976 1016 1.10401
976 1021 4.71018
978 982 9.43708
978 989 -10.9202
978 1025 0.863273
979 988 0.854312
979 994 1.54643
979 1009 1.05111
979 1021 9.00064
980 990 1.67429
980 1023 1.29726
981 998 2.7976
981 1023 0.252664
982 1023 1.32411
982 1025 2.36822
983 987 1.34772
983 992 4.84658
983 993 5.42121
983 1000 1.93306
983 1001 -1.06371
983 1002 5.60789
983 1006 0.112738
983 1020 1.96081
983 1030 -0.0148297
984 997 0.882291
985 999 -0.955374
985 1007 1.49231
985 1009 3.10675
985 1028 0.0597065
986 997 -0.0482564
987 996 0.429191
987 1005 10.0879
987 1020 0.903893
987 1030 -0.000751257
987 1034 3.04415
987 1045 0.743465
987 1049 -0.00717434
989 995 -4.51483
989 1012 5.0016
989 1014 5.27998
989 1025 1.28831
990 1023 8.25978
991 1010 -2.78039
993 1001 -3.38331
993 1006 1.07044
993 1008 -0.0685586
993 1012 -0.0576723
993 1013 0.236402
994 999 -2.71175
994 1009 9.99802
995 1001 0.0947495
995 1012 -2.68708
997 998 4.44222
997 1003 -0.270628
997 1004 0.0262208
997 1019 0.045397
998 1015 0.0233657
998 1018 7.16713
998 1019 0.0861697
998 1023 0.719388
998 1039 8.74389
998 1040 2.41897
998 1042 2.64699
999 1009 -2.36822
1001 1008 -0.243461
1001 1012 -0.857188
1002 1006 0.225369
1002 1013 0.0563153
1002 1017 -0.0162815
1002 1020 0.382131
1002 1024 -0.0347119
1004 1019 4.91908
1004 1040 0.84116
1005 1010 3.78047
1005 1034 3.91844
1005 1035 1.16715
1005 1041 -6.87411
1005 1044 6.50476
1005 1045 0.89967
1005 1048 -2.41897
1005 1052 2.36822
1006 1008 -0.57689
1006 1012 -1.60474
1006 1013 5.76526
1006 1022 -0.022386
1006 1027 -0.161664
1007 1009 1.63282
1007 1028 1.31309
1007 1031 0.166378
1007 1033 2.27307
1007 1037 0.246776
1007 1059 0.00763286
1008 1012 0.685039
1009 1021 2.06181
1009 1026 3.21604
1009 1033 3.54634
1010 1016 2.12601
1010 1021 6.75241
1010 1035 1.78253
1011 1021 2.93164
1012 1025 1.47473
1012 1027 5.13756
1012 1030 4.31775
1012 1049 1.15981
1013 1017 -1.99018
1013 1022 0.289542
1013 1024 0.200005
1013 1027 -0.0833302
1015 1018 0.0467314
1016 1021 4.43612
1017 1024 -1.7773
1018 1023 3.73241
1018 1032 2.85551
1018 1042 0.83062
1019 1040 3.40607
1020 1024 -4.58524
1020 1030 -0.079816
1020 1049 -0.00717434
1021 1026 7.98762
1021 1035 3.57445
1021 1038 2.76924
1021 1044 2.58569
1021 1057 -3.91844
1021 1065 3.01573
1022 1024 0.364643
1022 1027 1.28814
1023 1025 1.40108
1023 1032 8.80356
1023 1042 2.52745
1023 1043 7.33593
1023 1049 7.20975
1023 1056 1.78253
1023 1061 6.83916
1023 1066 2.65789
1023 1067 -0.223927
1024 1027 1.34525
1024 1029 -2.10638
1024 1030 1.40409
1024 1047 0.166141
1024 1049 0.559857
1025 1030 0.368714
1025 1049 2.69259
1026 1033 6.38387
1026 1065 1.10372
1027 1030 10.6133
1027 1049 0.88467
1028 1031 0.172207
1028 1033 0.20408
1028 1036 -0.572014
1028 1037 0.202873
1028 1051 0.0489737
1028 1058 0.460593
1028 1059 0.0288366
1028 1068 0.0555577
1030 1045 2.08802
1030 1047 3.18061
1030 1049 8.48124
1030 1060 8.68391
1030 1062 0.326834
1031 1036 -2.55916
1031 1051 -0.860562
1031 1068 0.168358
1032 1042 4.82349
1032 1046 2.63742
1033 1037 1.00426
1033 1050 1.81237
1033 1058 2.16158
1033 1059 0.0229526
1033 1065 6.87541
1034 1045 2.71175
1035 1041 -4.8442
1035 1048 -1.81446
1035 1057 -4.14515
1037 1058 0.00944079
1037 1059 0.0129766
1039 1040 5.40361
1039 1042 3.31536
1039 1054 2.47197
1039 1055 3.31536
1039 1063 3.2744
1039 1069 2.27269
1040 1055 5.07363
1041 1048 -1.69086
1042 1046 4.89093
1042 1053 3.99044
1042 1056 3.94799
1042 1064 10.1674
1042 1069 0.758015
1044 1045 1.64965
1044 1048 -2.26039
1044 1057 -4.8442
1045 1049 0.51825
1045 1052 3.31536
1045 1060 4.48271
1047 1049 0.318399
1048 1057 -1.44559
1049 1060 5.53886
1049 1062 3.94396
1049 1067 -0.11512
1051 1058 0.630494
1051 1068 -3.65077
1056 1061 4.26015
1056 1064 3.15113
1058 1059 0.00822715
1058 1065 0.584119
1058 1068 -2.17843
1061 1066 5.92776
1064 1069 1.84714
1066 1067 -0.53598
