MULTICUT
40 48 0.9629978960423582
40 41 2.368217406966919
24 41 -0.16377929735639296
24 25 0.7580154487445683
3 25 -4.844202616288199
1 3 3.015725255756913
1 19 -3.106750063060895
19 22 2.646993557188065
4 22 -4.145152083743929
4 31 2.4719660016221714
12 31 0.7759821143416219
12 13 -0.6872706606037844
8 13 2.7803933118077264
8 60 3.015725255756913
2 60 -2.7117471225450083
2 9 0.48390574875928927
5 9 1.4968293639808472
5 14 -1.5230824363372633
14 15 1.124638707269666
15 26 -5.53733426701854
16 26 0.40219817433836536
0 16 -5.53733426701854
0 17 -0.7401649710893459
17 18 3.574453703354731
10 18 2.101269714871794
10 21 4.145152023550564
21 23 1.7825318837304605
6 23 3.574453703354731
6 30 -1.0022630255891705
11 30 3.2060450031958343
7 11 2.4719660016221714
7 34 0.7047961364960313
15 20 2.418966462073592
20 26 -3.9184428135768994
9 29 3.2060450031958343
2 29 0.6010889981175147
8 12 -0.353818619728701
22 27 2.2726891994400433
28 41 0.242410407030617
24 28 3.015725255756913
21 35 4.844202556684481
23 35 3.2060450031958343
1 33 -1.986327866288225
19 33 1.986327796610479
4 27 -2.5856858519456853
27 31 -4.844202616288199
9 32 1.604628978813839
5 32 2.93164334365634
0 38 0.8306197427665889
16 38 -4.844202616288199
14 32 -0.722426472174637
17 38 3.7324082779400585
28 42 3.4370554399806776
2 9 0.5170228985401271
6 11 -1.0625403846496646
24 42 3.015725255756913
22 33 1.3959338990403656
6 35 2.7803933118077264
1 37 -1.690856787854381
33 37 3.4370554399806776
9 36 1.6615501074318497
32 36 2.8534721380276795
25 42 -0.5170230248961472
22 37 3.3153580262671256
18 21 3.7324082779400585
14 36 -0.9244110766470177
26 39 1.1671515377428254
16 39 -0.8122801326543725
27 37 2.023523983245292
2 44 0.054484828546315534
16 17 -5.53733426701854
9 44 3.9184427168471876
17 39 -5.53733426701854
20 47 -1.420575958424365
26 47 3.3153580262671256
15 47 -4.145152083743929
3 42 -3.2060451019615273
34 43 3.3153580262671256
28 45 5.537334267018537
7 43 -0.618143736811748
41 45 2.141984057957801
1 27 -1.986327866288225
39 47 2.0618119072200103
27 46 -3.5744537730315336
31 46 2.93164334365634
1 49 -0.6698460476628039
27 49 3.4370554399806776
18 39 -3.732408358890588
14 51 -0.635285935274005
15 51 3.015725255756913
42 45 2.5274488884529975
2 9 -0.24241052705099042
36 51 0.08565016394454328
41 50 2.4719660016221714
40 50 1.3959338990403656
45 50 2.101269714871794
48 56 -2.368217501379304
1 53 -0.7940690348095123
49 53 4.145152023550564
43 55 4.844202556684481
31 52 1.0422550037182607
12 52 2.418966462073592
7 55 -1.5230824363372633
8 52 -0.4839058740936957
6 21 3.10674997290245
46 49 -1.4710064589046166
31 54 1.0422550037182607
40 56 -1.324114566604422
52 54 2.8534721380276795
50 57 4.145152023550564
40 57 3.3153580262671256
31 63 3.574453703354731
45 57 3.7324082779400585
54 63 1.0422550037182607
2 58 2.8534721380276795
8 54 0.19515760538251437
1 66 -0.6010891274007599
53 66 5.537334267018537
54 60 0.652518806521984
2 61 2.4719660016221714
58 61 1.6615501074318497
9 59 1.6908566753683048
36 59 0.6010889981175147
3 66 -0.08565028243590467
9 58 -0.7940690348095123
51 64 -5.53733426701854
51 59 -0.8490927706325437
62 63 1.445594446330888
54 62 2.4719660016221714
59 64 -5.53733426701854
60 63 1.8471390342477205
60 62 3.015725255756913
9 61 0.45104689322786395
11 55 0.7047961364960313
47 51 -2.418966560561031
64 67 1.6328169387983074
21 39 -3.3153581355547077
47 67 -4.844202616288199
31 49 -1.5497854889223055
60 65 2.2275794437459226
6 68 0.19515760538251437
11 68 0.369896870073811
55 90 -3.9184428135768994
64 70 2.4719660016221714
56 57 -2.9316434205780437
59 69 -1.083027742309897
55 68 4.145152023550564
64 69 0.369896870073811
9 69 -4.43612156009328
31 60 1.471006361575077
68 90 -3.732408358890588
45 56 -3.5744537730315336
69 70 0.08565016394454328
69 71 2.023523983245292
70 71 1.6615501074318497
42 56 -1.2327653271421226
31 53 -1.847139159904398
67 70 0.9053573740495944
21 68 2.7117470592609445
60 61 -1.083027742309897
56 72 2.141984057957801
67 74 -4.844202616288199
47 74 3.015725255756913
31 66 -1.986327866288225
9 60 0.03891301945135828
3 56 -4.43612156009328
9 73 4.436121480203944
69 73 -3.106750063060895
68 76 4.145152023550564
47 75 0.8306197427665889
39 75 2.31951701078773
74 75 1.5497853865743236
68 81 1.8144599138640842
56 77 0.8306197427665889
3 77 -3.5744537730315336
39 78 -1.1037246319352672
72 77 2.2726891994400433
75 78 3.015725255756913
21 78 0.5004307185850176
21 80 -5.53733426701854
68 80 -5.53733426701854
72 93 2.646993557188065
74 78 1.1671515377428254
76 81 0.41842577919951873
90 95 3.7324082779400585
67 71 1.0625402297313233
68 95 -1.5230824363372633
74 79 2.2726891994400433
78 79 2.184051378192568
78 86 1.4968293639808472
21 86 1.7513136084096503
76 84 1.232765242543629
9 65 0.13248100121840833
79 86 2.646993557188065
81 84 3.4370554399806776
9 69 -4.43612156009328
80 81 -5.53733426701854
9 85 -5.53733426701854
69 85 -2.8534722097520193
66 88 -1.371652884404361
9 82 4.844202556684481
80 83 2.368217406966919
31 88 0.33778526158074773
82 85 -5.53733426701854
80 87 1.3241144775306468
71 85 -3.732408358890588
21 87 -2.5274489963885465
83 87 2.023523983245292
77 93 1.0422550037182607
9 60 -1.420575958424365
21 92 0.33778526158074773
68 84 2.5274488884529975
87 92 0.6698459156176995
82 89 -5.53733426701854
85 89 1.7513136084096503
3 93 -3.5744537730315336
68 81 1.6328169387983074
88 91 3.4370554399806776
82 96 -1.8806142848807943
89 96 -1.4710064589046166
67 85 -0.9825428039459942
68 102 1.3241144775306468
86 92 2.418966462073592
81 102 3.574453703354731
89 94 1.6615501074318497
85 94 1.986327796610479
31 91 -0.17945749696390423
80 87 1.2551669361900215
95 102 0.7580154487445683
89 99 1.2551669361900215
94 99 0.7047961364960313
74 98 -5.53733426701854
79 98 -4.43612156009328
86 98 -4.844202616288199
86 97 2.93164334365634
98 100 1.5497853865743236
86 100 -5.53733426701854
90 109 -0.635285935274005
3 104 1.8144599138640842
66 104 3.015725255756913
74 101 -4.844202616288199
96 99 -1.6328170469254393
98 101 2.7117470592609445
74 85 -3.5744537730315336
97 100 -4.145152083743929
74 103 -3.0157253387444354
81 115 1.880614156109223
85 103 -2.7117471225450083
101 103 1.124638707269666
87 106 -4.43612156009328
81 106 2.8534721380276795
98 105 2.023523983245292
100 105 2.0618119072200103
92 106 -0.3860227795812654
101 105 0.13248100121840833
101 110 0.3058452631148958
105 110 2.184051378192568
9 96 -0.6872706606037844
31 119 2.023523983245292
60 119 2.93164334365634
96 117 1.0422550037182607
97 108 0.33778526158074773
100 108 -5.53733426701854
86 108 2.4719660016221714
93 107 -3.732408358890588
3 107 -5.53733426701854
99 117 -1.0221649697100497
103 110 0.5170228985401271
103 113 1.8144599138640842
92 115 0.41842577919951873
106 115 1.9149341938214999
110 113 2.023523983245292
93 114 -2.0618119810484816
107 114 1.3959338990403656
9 119 -0.13248112001244716
103 118 0.3217949194737102
104 107 -5.53733426701854
113 118 3.015725255756913
92 108 -0.10124760698692858
9 112 2.023523983245292
85 118 -2.5856858519456853
96 112 0.9053573740495944
88 104 -1.3477177614522067
94 118 -2.1419841365639445
117 127 1.0625402297313233
99 127 -1.7825320036768968
94 120 0.22663210648628773
118 120 -1.0625403846496646
95 111 3.574453703354731
90 111 2.5274488884529975
81 95 -1.0221649697100497
112 117 4.436121480203944
106 116 -0.8122801326543725
81 116 1.604628978813839
114 130 2.184051378192568
109 111 -0.007781779532672672
99 120 -0.14812115655181013
120 127 1.1671515377428254
109 124 3.9184427168471876
88 107 -4.844202616288199
9 122 1.210635526973574
112 122 2.101269714871794
92 100 -5.53733426701854
115 116 -0.5841189757308616
119 122 2.141984057957801
100 110 2.31951701078773
95 115 4.436121480203944
100 113 2.5274488884529975
100 118 0.3058452631148958
118 121 0.054484828546315534
118 123 3.7324082779400585
120 121 3.2060450031958343
121 123 1.8471390342477205
100 123 1.9149341938214999
120 131 1.7825318837304605
124 137 1.6615501074318497
127 131 1.604628978813839
88 126 0.6698459156176995
107 126 -3.43705550120135
121 131 3.4370554399806776
100 125 -1.1246387871621042
91 126 -0.722426472174637
92 125 0.7224263377855422
117 135 2.4719660016221714
123 129 0.33778526158074773
112 135 2.7803933118077264
125 129 2.7117470592609445
115 128 -3.732408358890588
111 124 2.93164334365634
121 129 -1.5769600686022973
115 132 -3.43705550120135
128 132 1.232765242543629
114 134 0.19515760538251437
130 134 3.2060450031958343
107 134 1.3716527928075883
31 126 -1.5230824363372633
107 136 1.3959338990403656
117 133 0.6352858046593717
127 133 3.3153580262671256
134 136 2.5856857384930256
92 129 3.7324082779400585
128 138 2.31951701078773
107 140 -3.9184428135768994
126 140 2.5856857384930256
115 139 3.574453703354731
95 139 3.574453703354731
92 132 -0.21088196663715686
92 141 1.5769599644200505
128 139 -1.7207670712436016
132 141 1.72076695640305
132 138 0.1168571278983801
132 144 2.7803933118077264
136 140 -3.43705550120135
138 144 3.4370554399806776
31 142 3.574453703354731
119 142 3.10674997290245
130 148 1.6615501074318497
126 149 3.7324082779400585
134 148 0.982542654754837
136 148 1.6328169387983074
111 146 -4.844202616288199
122 142 0.19515760538251437
141 144 4.145152023550564
124 146 -4.844202616288199
92 143 5.537334267018537
124 147 -5.53733426701854
146 147 2.141984057957801
122 145 -1.7825320036768968
92 150 4.436121480203944
137 147 -5.53733426701854
92 121 -1.2106356105583946
95 146 -0.6010891274007599
122 151 -1.5497854889223055
112 151 1.7825318837304605
145 151 -4.145152083743929
92 144 1.6908566753683048
95 152 0.7580154487445683
140 149 1.5230823357393546
143 150 2.023523983245292
144 150 1.3716527928075883
139 152 -1.1037246319352672
146 152 0.1637791782871667
128 144 3.574453703354731
128 150 0.7580154487445683
135 151 1.9501526258096291
126 142 -1.2327653271421226
152 154 0.8864565510992328
146 154 0.242410407030617
142 153 0.6181436068748636
147 155 2.023523983245292
122 153 0.7940688968903633
146 155 1.232765242543629
152 160 3.9184427168471876
154 160 0.9053573740495944
140 157 1.5230823357393546
145 153 2.2726891994400433
145 156 -5.53733426701854
128 143 3.015725255756913
151 156 1.880614156109223
151 159 -2.0618119810484816
135 159 -5.53733426701854
92 128 1.6615501074318497
126 153 -2.418966560561031
153 158 -4.844202616288199
126 158 1.4968293639808472
145 158 -3.5744537730315336
139 160 -0.40219829746062086
126 140 1.0625402297313233
156 158 4.844202556684481
136 157 -3.106750063060895
117 159 -4.844202616288199
146 160 -0.08565028243590467
156 159 -1.914934325902037
146 147 2.184051378192568
156 166 2.101269714871794
139 161 1.604628978813839
160 161 3.2060450031958343
156 166 3.7324082779400585
156 162 2.93164334365634
158 166 -0.353818619728701
162 166 2.7803933118077264
133 159 -5.53733426701854
147 160 -0.5004308444200505
131 163 -2.7803933790295874
121 163 -1.751313725733529
92 163 -3.5744537730315336
126 157 -1.371652884404361
159 164 2.2275794437459226
127 163 -5.53733426701854
160 165 -3.9184428135768994
147 165 1.0422550037182607
159 166 -3.2060451019615273
126 171 -0.9825428039459942
158 171 -4.145152083743929
128 163 -1.7825320036768968
126 170 0.007781661256567096
170 171 2.646993557188065
133 164 -4.844202616288199
136 169 2.101269714871794
160 214 3.015725255756913
164 166 -2.7117471225450083
137 165 -4.844202616288199
166 171 -5.53733426701854
163 167 0.48390574875928927
157 169 -3.0157253387444354
137 168 -4.43612156009328
165 168 0.1481210376275779
128 173 2.8534721380276795
165 172 2.5856857384930256
128 161 1.2551669361900215
157 170 -2.7117471225450083
160 176 -1.5497854889223055
165 176 0.9436225830949259
133 163 -4.145152083743929
176 214 0.982542654754837
172 176 1.8471390342477205
157 174 2.646993557188065
170 174 -3.5744537730315336
163 173 -4.43612156009328
160 180 1.604628978813839
128 175 0.6010889981175147
166 181 3.10674997290245
164 181 -2.5274489963885465
128 160 -1.4968294629075651
160 175 2.93164334365634
160 177 2.8534721380276795
177 214 2.8534721380276795
177 180 4.436121480203944
128 179 3.9184427168471876
173 179 5.537334267018537
133 181 0.13248100121840833
160 178 3.9184427168471876
166 185 0.7759821143416219
171 185 -5.53733426701854
163 214 -4.844202616288199
173 214 -0.6525189378391278
173 202 3.7324082779400585
202 214 4.436121480203944
180 214 3.4370554399806776
178 180 0.6181436068748636
165 176 1.0422550037182607
174 182 0.22663210648628773
170 182 -4.844202616288199
166 183 2.368217406966919
183 185 2.2275794437459226
160 180 0.45104689322786395
160 184 1.5230823357393546
180 184 3.015725255756913
165 193 -4.145152083743929
168 193 -1.1457782950449733
170 185 -4.43612156009328
128 187 1.9501526258096291
175 187 -1.914934325902037
160 186 0.982542654754837
182 185 4.145152023550564
184 186 2.5274488884529975
160 188 4.145152023550564
186 188 4.145152023550564
176 193 -5.53733426701854
157 189 0.6872705278045488
174 189 1.4968293639808472
179 202 4.436121480203944
163 181 1.2551669361900215
180 191 -5.53733426701854
180 190 -5.53733426701854
160 187 -1.60462908492035
190 191 1.7825318837304605
187 196 2.418966462073592
160 196 -1.420575958424365
182 189 -0.618143736811748
157 194 1.2778513804684322
163 192 -2.7803933790295874
190 214 -5.53733426701854
193 214 0.5841188470777665
189 194 3.574453703354731
192 214 -5.53733426701854
163 166 0.08565016394454328
166 185 -0.16377929735639296
184 191 -2.6469936768108107
167 195 0.08565016394454328
184 188 0.4347078707200993
163 195 0.35381849771398977
188 191 -1.420575958424365
179 187 -0.21088196663715686
187 202 -0.2899342369326745
188 196 -1.8806142848807943
193 205 2.184051378192568
168 205 -2.9316434205780437
191 196 0.13248100121840833
205 214 0.35381849771398977
196 202 2.4719660016221714
192 195 -1.9501526936104758
157 199 -4.844202616288199
195 204 -3.5744537730315336
192 204 -3.732408358890588
194 199 -4.145152083743929
182 201 -2.7803933790295874
189 201 1.2778513804684322
163 197 2.0618119072200103
166 203 -0.07006336313715722
163 203 0.6872705278045488
167 200 0.9629978960423582
195 200 1.0422550037182607
185 201 -3.732408358890588
190 198 2.101269714871794
191 202 1.1671515377428254
191 198 1.471006361575077
197 203 3.2060450031958343
198 214 -5.53733426701854
166 206 -0.0544849469084292
203 206 1.72076695640305
194 201 2.31951701078773
200 204 -3.9184428135768994
157 213 -1.1887676261434261
199 213 1.5230823357393546
197 207 0.3217949194737102
163 207 2.101269714871794
166 201 -0.40219829746062086
191 208 2.141984057957801
198 208 1.7513136084096503
201 212 0.8677032967963991
194 212 4.145152023550564
203 207 -0.07006336313715722
167 207 3.3153580262671256
167 209 0.3058452631148958
200 209 1.6615501074318497
206 207 -1.324114566604422
202 211 3.9184427168471876
167 210 0.9053573740495944
209 210 1.3241144775306468
208 214 -5.53733426701854
204 209 -2.9316434205780437
211 214 3.7324082779400585
202 214 2.101269714871794
191 214 -2.1012697910023577
204 210 -3.732408358890588
166 212 2.2275794437459226
166 207 -0.11685724657693086
199 212 -3.5744537730315336
199 215 1.210635526973574
213 215 2.93164334365634
212 215 -3.43705550120135
166 167 -0.7401649710893459
214 216 -0.6872706606037844
214 217 -1.690856787854381
214 218 -4.844202616288199
205 219 0.21088184704301205
217 218 -0.9629980439232386
214 220 -4.844202616288199
214 222 3.10674997290245
218 220 1.8144599138640842
214 219 2.368217406966919
192 216 -3.9184428135768994
216 217 2.7803933118077264
216 225 3.10674997290245
219 222 4.436121480203944
217 225 2.8534721380276795
218 221 1.3241144775306468
217 221 -1.1887676261434261
220 222 -5.53733426701854
220 221 2.418966462073592
212 213 -1.751313725733529
192 225 -4.43612156009328
221 225 -0.22663222628581936
167 223 -0.4839058740936957
210 223 1.445594446330888
224 225 3.4370554399806776
222 232 0.9629978960423582
220 232 -4.844202616288199
204 223 -0.9825428039459942
223 229 -0.13248112001244716
221 236 -1.4455945421327967
204 229 3.10674997290245
225 236 3.2060450031958343
167 231 1.4205758640846524
225 226 -3.732408358890588
222 230 -3.9184428135768994
222 227 -4.844202616288199
222 228 -5.53733426701854
223 231 1.471006361575077
192 226 -0.8864566941706382
224 226 -2.8534722097520193
227 230 1.0022628750411067
227 228 2.368217406966919
229 231 2.0618119072200103
204 226 -2.1012697910023577
204 240 1.72076695640305
226 240 -3.732408358890588
230 232 0.274059332246233
225 233 3.7324082779400585
233 236 2.93164334365634
220 236 -5.53733426701854
227 234 2.31951701078773
228 234 1.9501526258096291
232 236 4.436121480203944
225 239 -1.2327653271421226
233 239 3.9184427168471876
230 234 3.2060450031958343
204 235 -0.0544849469084292
232 234 0.9053573740495944
231 237 -5.53733426701854
229 237 -5.53733426701854
224 239 1.471006361575077
204 237 -5.53733426701854
166 213 -2.5274489963885465
204 241 -5.53733426701854
226 238 1.2778513804684322
237 241 1.6328169387983074
235 240 -1.60462908492035
204 242 -5.53733426701854
235 242 -0.9436227297103521
236 239 4.145152023550564
167 237 -5.53733426701854
226 245 1.1457782142804072
224 245 -3.3153581355547077
238 240 -2.418966560561031
238 245 -1.2778514672160726
166 244 -5.53733426701854
240 242 -4.43612156009328
239 245 -4.844202616288199
237 247 3.574453703354731
167 249 2.5274488884529975
167 247 -4.43612156009328
234 243 1.8144599138640842
247 249 -1.6328170469254393
241 247 1.0022628750411067
239 246 4.844202556684481
245 248 1.880614156109223
239 248 -5.53733426701854
204 259 1.7513136084096503
241 259 -4.844202616288199
244 252 2.31951701078773
166 252 -4.844202616288199
243 256 -5.53733426701854
238 250 0.8864565510992328
245 250 -2.368217501379304
248 250 -4.145152083743929
232 243 -4.844202616288199
236 254 0.08565016394454328
232 254 -0.038913137770452355
240 250 -4.145152083743929
232 256 2.7117470592609445
166 252 -1.2778514672160726
239 254 2.2726891994400433
254 256 2.7803933118077264
249 253 1.986327796610479
204 251 3.2060450031958343
167 255 -5.53733426701854
167 252 -3.9184428135768994
252 255 2.7117470592609445
242 257 -4.844202616288199
240 257 3.10674997290245
249 264 0.07006324471763459
253 264 1.103724552883528
247 264 1.880614156109223
239 260 -1.0022630255891705
247 258 0.8490926297285697
241 258 1.1457782142804072
166 276 0.242410407030617
252 276 0.1481210376275779
248 260 -5.53733426701854
253 262 2.2275794437459226
262 264 3.015725255756913
241 263 -1.7825320036768968
259 263 -3.2060451019615273
239 261 -2.5274489963885465
260 261 4.145152023550564
242 269 -5.53733426701854
258 263 -2.368217501379304
257 269 2.93164334365634
252 279 1.347717671142901
239 266 -5.53733426701854
255 279 -0.11685724657693086
258 264 -0.2899342369326745
248 265 1.124638707269666
260 265 -4.844202616288199
246 270 -5.53733426701854
239 270 -5.53733426701854
204 263 -3.2060451019615273
246 261 -0.353818619728701
266 270 -4.145152083743929
239 268 -5.53733426701854
266 268 0.1794573777347761
261 270 -5.53733426701854
263 267 0.6010889981175147
251 272 2.5274488884529975
263 264 2.8534721380276795
204 272 3.4370554399806776
250 265 -0.8864566941706382
261 282 -2.8534722097520193
254 268 -5.53733426701854
249 255 -5.53733426701854
270 282 0.3217949194737102
260 274 2.8534721380276795
261 274 2.418966462073592
249 262 3.7324082779400585
252 279 0.6872705278045488
263 271 2.5856857384930256
266 273 1.9501526258096291
276 279 2.93164334365634
267 271 2.141984057957801
263 277 -0.9825428039459942
267 277 -3.43705550120135
204 277 1.880614156109223
252 280 -1.371652884404361
270 275 2.5274488884529975
266 275 -3.732408358890588
279 280 1.8471390342477205
273 275 -5.53733426701854
268 283 1.72076695640305
271 277 -3.43705550120135
266 283 -0.25821891342749526
240 281 1.986327796610479
250 281 -2.7117471225450083
265 274 -3.9184428135768994
276 332 -2.1419841365639445
275 282 -0.22663222628581936
257 286 -0.4510470176203887
240 286 -2.6469936768108107
204 278 -4.43612156009328
242 278 0.6352858046593717
263 285 3.574453703354731
271 285 1.1457782142804072
273 283 -0.353818619728701
269 278 -5.53733426701854
204 293 2.418966462073592
251 293 1.5497853865743236
272 293 1.2778513804684322
204 289 -5.53733426701854
269 287 -1.5769600686022973
257 288 -1.420575958424365
286 288 -2.0618119810484816
287 288 1.5230823357393546
204 284 -3.0157253387444354
278 284 2.93164334365634
277 285 -0.9053575182618498
261 265 -2.418966560561031
293 300 1.7825318837304605
272 300 3.4370554399806776
256 291 3.015725255756913
277 289 -4.844202616288199
204 290 -2.7117471225450083
284 290 1.6908566753683048
278 294 -5.53733426701854
256 292 2.8534721380276795
284 294 -4.145152083743929
269 294 3.574453703354731
291 292 0.6010889981175147
272 290 -4.844202616288199
290 294 -4.844202616288199
287 302 1.880614156109223
286 295 0.369896870073811
269 302 -0.22663222628581936
288 295 -0.4510470176203887
281 286 0.5841188470777665
264 296 1.5497853865743236
289 304 2.8534721380276795
288 298 -1.0221649697100497
287 298 -1.2551670218420983
272 297 -5.53733426701854
290 297 1.232765242543629
254 292 0.7401648358628796
279 310 2.5856857384930256
289 299 1.6328169387983074
269 311 -0.4184259027266788
302 311 0.3058452631148958
204 299 -5.53733426701854
294 311 3.3153580262671256
295 298 -1.3959339919795308
279 319 1.210635526973574
255 319 -0.9825428039459942
295 301 0.9053573740495944
286 301 1.0022628750411067
294 297 -5.53733426701854
298 302 -0.5004308444200505
262 296 -1.420575958424365
282 316 -0.9436227297103521
310 319 5.537334267018537
249 296 -1.1887676261434261
261 316 2.7117470592609445
249 308 -2.5856858519456853
296 308 -2.0618119810484816
295 303 -0.867703438765498
275 317 -5.53733426701854
298 303 1.986327796610479
301 303 -0.9244110766470177
273 317 1.72076695640305
204 309 -1.690856787854381
302 305 0.21088184704301205
249 319 1.5497853865743236
299 309 -5.53733426701854
298 305 -0.4184259027266788
298 307 -0.7759822513321553
305 307 -0.08565028243590467
282 317 -5.53733426701854
254 283 -4.43612156009328
303 307 -1.4968294629075651
303 306 1.6328169387983074
301 306 -0.8306198826413334
283 314 -3.732408358890588
264 308 -5.53733426701854
254 314 -2.2726892867301896
299 304 1.0022628750411067
306 307 -3.2060451019615273
273 314 3.015725255756913
301 312 1.3716527928075883
286 312 0.10124748840924536
305 311 -2.1419841365639445
316 317 -0.27405945275533616
305 313 0.242410407030617
307 313 -1.0625403846496646
293 309 -3.2060451019615273
306 312 -1.324114566604422
281 312 -0.7759822513321553
277 322 0.8306197427665889
289 322 0.5841188470777665
309 320 2.141984057957801
293 320 -2.4719661045957224
300 320 -3.43705550120135
305 315 -0.353818619728701
307 321 -1.324114566604422
273 328 3.9184427168471876
313 315 0.2582187931706581
306 321 2.2275794437459226
276 310 3.4370554399806776
263 308 -5.53733426701854
304 322 1.8144599138640842
249 324 3.574453703354731
308 318 2.0618119072200103
311 315 -0.8122801326543725
319 324 1.124638707269666
313 321 0.982542654754837
329 332 0.5336849977291656
276 329 -0.9244110766470177
263 318 -5.53733426701854
312 321 -0.7401649710893459
300 327 2.7803933118077264
272 327 -0.722426472174637
297 327 -5.53733426701854
285 325 -0.24241052705099042
310 329 2.5274488884529975
277 325 -0.5170230248961472
311 313 -0.9244110766470177
311 321 -0.9053575182618498
321 323 -0.7401649710893459
312 323 0.41842577919951873
311 323 0.1481210376275779
317 328 3.4370554399806776
249 331 1.4205758640846524
324 331 3.2060450031958343
318 331 -1.5230824363372633
304 326 -0.023346044556825873
299 326 1.5769599644200505
281 333 0.6352858046593717
281 323 -3.9184428135768994
250 333 1.445594446330888
299 335 -3.3153581355547077
297 343 -5.53733426701854
294 343 0.6872705278045488
322 325 -3.2060451019615273
326 335 -4.145152083743929
309 335 2.5856857384930256
294 323 0.1637791782871667
261 317 0.35381849771398977
300 309 -0.8122801326543725
294 340 2.5856857384930256
323 340 -2.023524054927849
281 340 2.418966462073592
304 330 0.2899341161553104
309 336 0.13248100121840833
263 331 1.0830275858277314
326 330 0.274059332246233
300 336 2.418966462073592
309 339 -0.4674454634335292
336 339 3.10674997290245
261 337 0.03891301945135828
317 337 1.3716527928075883
319 329 0.7759821143416219
322 330 -0.7759822513321553
330 335 -2.1012697910023577
322 334 1.986327796610479
330 334 0.8490926297285697
265 333 1.5497853865743236
265 337 -4.844202616288199
319 332 0.40219817433836536
325 338 -2.4719661045957224
322 338 3.9184427168471876
334 335 1.72076695640305
327 336 2.4719660016221714
317 344 2.2275794437459226
337 344 1.0422550037182607
332 374 0.6872705278045488
332 341 0.5504197869721676
319 341 1.8471390342477205
319 345 -5.53733426701854
322 342 -5.53733426701854
334 342 -1.5769600686022973
335 342 -3.3153581355547077
317 349 2.7803933118077264
273 346 -4.844202616288199
341 374 -1.5497854889223055
328 346 -5.53733426701854
328 348 -5.53733426701854
346 348 0.5672301020452246
319 350 -5.53733426701854
309 347 2.7117470592609445
345 350 1.5769599644200505
335 347 2.5856857384930256
297 336 -5.53733426701854
317 348 -4.844202616288199
339 347 -3.732408358890588
339 351 3.9184427168471876
324 350 -5.53733426701854
347 351 -3.9184428135768994
342 358 1.347717671142901
335 358 -3.732408358890588
342 360 2.2275794437459226
319 374 -1.60462908492035
345 356 2.418966462073592
331 352 3.574453703354731
340 354 1.880614156109223
281 354 1.471006361575077
333 355 -1.2327653271421226
265 355 0.33778526158074773
350 356 1.5230823357393546
263 352 2.31951701078773
358 360 1.445594446330888
348 357 1.3959338990403656
346 357 1.986327796610479
273 359 0.10124748840924536
319 363 -1.083027742309897
335 353 2.8534721380276795
347 353 2.368217406966919
333 361 1.1671515377428254
273 362 -0.4839058740936957
345 363 1.124638707269666
355 361 -0.5672302300910688
281 361 -0.17945749696390423
348 369 2.184051378192568
357 369 1.986327796610479
359 362 1.5230823357393546
273 359 -0.5170230248961472
331 350 -4.43612156009328
359 362 3.9184427168471876
317 337 2.7117470592609445
317 364 -1.4455945421327967
348 364 2.2726891994400433
349 364 3.2060450031958343
350 352 -5.53733426701854
351 353 -2.7803933790295874
346 359 -5.53733426701854
353 358 -4.844202616288199
337 355 -4.844202616288199
356 363 2.0618119072200103
317 364 2.023523983245292
364 369 3.2060450031958343
322 366 3.10674997290245
343 371 -2.7117471225450083
355 367 1.7513136084096503
355 377 -3.9184428135768994
342 366 -2.418966560561031
297 371 -1.847139159904398
361 367 0.1794573777347761
337 377 -1.1246387871621042
351 370 -0.5170230248961472
359 365 3.7324082779400585
353 370 1.72076695640305
362 365 3.9184427168471876
360 382 0.7759821143416219
342 382 1.5497853865743236
367 377 -2.4719661045957224
263 373 -4.844202616288199
352 373 -4.43612156009328
352 384 -5.53733426701854
373 384 2.31951701078773
337 364 -0.4839058740936957
357 368 1.0830275858277314
346 368 2.2275794437459226
285 373 -4.844202616288199
353 375 3.10674997290245
366 372 2.184051378192568
297 339 -5.53733426701854
361 376 -1.5497854889223055
367 376 2.2275794437459226
342 372 -0.19515772478657212
346 383 -5.53733426701854
359 383 3.4370554399806776
350 363 -0.6872706606037844
339 371 -3.43705550120135
281 376 -0.867703438765498
368 383 -4.43612156009328
370 375 2.7117470592609445
372 382 1.3241144775306468
281 381 -1.1887676261434261
325 373 -5.53733426701854
339 370 0.6010889981175147
340 343 1.445594446330888
376 381 0.6181436068748636
368 369 1.9149341938214999
339 343 -0.13248112001244716
377 378 0.22663210648628773
337 378 -5.53733426701854
338 373 -4.43612156009328
343 388 -0.8306198826413334
363 374 0.22663210648628773
370 380 1.0221648177565306
358 382 -1.690856787854381
375 380 2.93164334365634
339 388 3.10674997290245
364 378 -3.9184428135768994
370 386 -0.3860227795812654
339 386 2.5274488884529975
364 379 -5.53733426701854
354 381 0.6181436068748636
378 379 2.31951701078773
352 390 1.5497853865743236
372 387 -0.5672302300910688
384 390 -1.167151619412428
366 387 -3.5744537730315336
380 386 2.368217406966919
367 389 -3.9184428135768994
377 389 0.5841188470777665
376 389 -5.53733426701854
378 391 -0.5841189757308616
389 391 1.445594446330888
368 385 -1.2778514672160726
369 385 1.0625402297313233
383 385 -1.3008300007371676
382 387 -2.9316434205780437
375 418 -1.0625403846496646
340 388 -0.2899342369326745
353 418 2.023523983245292
388 396 0.9053573740495944
340 396 0.007781661256567096
379 391 -1.690856787854381
379 399 1.3008299128497565
350 390 -3.2060451019615273
322 373 -5.53733426701854
354 396 -0.6698460476628039
391 399 2.368217406966919
396 401 1.72076695640305
396 397 -0.22663222628581936
354 397 0.3217949194737102
397 401 -0.21088196663715686
381 397 0.3217949194737102
364 405 0.6698459156176995
385 395 -1.1457782950449733
383 395 -5.53733426701854
369 405 0.45104689322786395
373 393 2.8534721380276795
382 400 1.6328169387983074
322 393 -5.53733426701854
358 400 -1.1457782950449733
380 418 -2.319517101482562
385 405 1.0830275858277314
384 398 2.184051378192568
339 396 2.184051378192568
358 418 -4.844202616288199
364 394 -4.844202616288199
364 392 4.145152023550564
379 394 2.184051378192568
392 394 -4.145152083743929
386 418 -2.5274489963885465
390 398 -0.618143736811748
373 398 -0.7940690348095123
393 398 -0.6698460476628039
394 399 2.101269714871794
363 406 -1.083027742309897
366 403 -0.533685124626992
339 418 -4.145152083743929
383 410 -5.53733426701854
350 406 1.986327796610479
387 403 0.8677032967963991
400 418 -4.43612156009328
401 404 3.10674997290245
385 408 -0.6525189378391278
395 408 0.7759821143416219
397 404 -0.08565028243590467
405 408 -0.17945749696390423
395 410 2.2275794437459226
393 402 2.101269714871794
359 410 -4.844202616288199
398 402 0.3058452631148958
397 413 0.369896870073811
381 413 0.1637791782871667
376 411 -2.1419841365639445
392 405 1.4968293639808472
389 411 1.9501526258096291
376 413 -1.1246387871621042
411 413 2.8534721380276795
394 405 -4.145152083743929
350 409 1.0022628750411067
400 414 -4.145152083743929
406 409 1.986327796610479
390 409 -4.844202616288199
414 418 3.7324082779400585
391 411 -1.1246387871621042
322 402 -5.53733426701854
382 403 -0.10124760698692858
339 401 2.646993557188065
404 413 -0.36989699244014895
394 407 2.368217406966919
405 407 -5.53733426701854
401 413 0.45104689322786395
399 415 1.0221648177565306
391 415 0.6352858046593717
394 415 -1.1887676261434261
401 418 -2.368217501379304
413 418 4.436121480203944
407 415 0.38602265684584536
395 412 3.9184427168471876
411 415 -1.4710064589046166
410 412 1.3959338990403656
406 423 0.7940688968903633
415 418 -0.038913137770452355
405 416 2.7117470592609445
363 423 1.7513136084096503
411 418 3.2060450031958343
390 402 -1.1246387871621042
406 417 0.652518806521984
405 419 -4.43612156009328
417 423 1.6328169387983074
407 419 2.418966462073592
416 419 -4.844202616288199
408 412 2.023523983245292
359 422 0.242410407030617
410 422 -4.844202616288199
410 421 -0.08565028243590467
412 421 -1.8144600365838361
322 390 1.7825318837304605
407 420 1.232765242543629
409 417 0.6872705278045488
415 420 0.8122799937741847
408 431 -1.6328170469254393
405 431 2.8534721380276795
423 425 3.574453703354731
417 425 2.4719660016221714
419 420 1.3959338990403656
415 424 -0.22663222628581936
418 424 -0.0544849469084292
410 429 -5.53733426701854
422 429 -0.533685124626992
400 428 0.7580154487445683
414 428 -1.7207670712436016
412 431 -4.145152083743929
421 431 -1.3959339919795308
421 429 -4.43612156009328
418 430 1.2778513804684322
415 426 1.6615501074318497
420 426 0.33778526158074773
416 431 3.10674997290245
366 432 -2.023524054927849
390 417 0.369896870073811
403 432 3.574453703354731
419 426 0.242410407030617
382 427 1.9501526258096291
400 427 2.2726891994400433
419 431 -4.844202616288199
424 426 -0.8490927706325437
429 431 3.10674997290245
427 428 1.1457782142804072
419 448 -4.43612156009328
431 448 3.9184427168471876
418 426 -0.9244110766470177
417 434 -3.5744537730315336
390 434 -4.844202616288199
414 433 4.844202556684481
418 433 -1.5769600686022973
382 432 -0.618143736811748
425 434 -4.844202616288199
428 438 0.6181436068748636
414 438 -4.844202616288199
322 434 -5.53733426701854
426 448 -4.43612156009328
426 430 -5.53733426701854
430 448 1.880614156109223
322 435 -2.7803933790295874
366 435 -1.371652884404361
432 435 2.93164334365634
414 437 -5.53733426701854
437 438 1.188767543534301
434 446 2.184051378192568
434 435 -5.53733426701854
425 446 0.10124748840924536
428 436 4.145152023550564
430 433 -0.6010891274007599
429 440 -3.5744537730315336
436 438 0.4674453385798212
431 439 0.369896870073811
431 440 -3.43705550120135
382 435 -0.2899342369326745
430 442 -5.53733426701854
431 441 1.4968293639808472
433 442 0.41842577919951873
427 447 3.2060450031958343
428 445 -0.533685124626992
436 445 -1.2551670218420983
439 441 3.3153580262671256
427 445 -2.023524054927849
439 440 3.2060450031958343
438 444 2.141984057957801
441 448 4.436121480203944
437 444 1.5230823357393546
434 443 1.4968293639808472
443 446 2.2275794437459226
438 445 -5.53733426701854
435 443 -5.53733426701854
439 448 3.10674997290245
437 449 -5.53733426701854
444 449 -5.53733426701854
414 449 2.7117470592609445
414 442 0.13248100121840833
444 445 -5.53733426701854
445 449 1.1457782142804072
430 453 -3.2060451019615273
442 453 -5.53733426701854
440 448 2.2275794437459226
414 451 0.5672301020452246
382 447 0.5504197869721676
449 451 2.368217406966919
382 454 -3.9184428135768994
449 450 3.574453703354731
447 454 -1.2106356105583946
414 455 0.5170228985401271
442 455 -1.4455945421327967
451 452 2.646993557188065
414 452 1.0422550037182607
442 457 -4.844202616288199
455 457 2.2726891994400433
453 457 4.145152023550564
414 456 0.6698459156176995
452 456 3.9184427168471876
382 443 -3.5744537730315336
447 458 1.103724552883528
454 458 -4.43612156009328
445 461 -4.844202616288199
449 461 -4.844202616288199
440 459 -2.5274489963885465
448 459 -1.7825320036768968
430 459 1.9501526258096291
382 460 0.07006324471763459
454 460 -0.40219829746062086
452 463 1.6328169387983074
450 451 0.652518806521984
451 463 3.3153580262671256
461 466 2.5274488884529975
449 466 -5.53733426701854
450 463 3.015725255756913
455 456 -0.7940690348095123
455 462 2.8534721380276795
457 462 1.8144599138640842
382 464 -4.844202616288199
460 464 -4.844202616288199
458 460 -0.24241052705099042
453 465 1.2551669361900215
430 465 -5.53733426701854
449 469 -1.083027742309897
466 469 -5.53733426701854
455 467 -0.9629980439232386
456 467 2.7803933118077264
462 467 -0.4674454634335292
464 473 1.5769599644200505
462 468 -0.6872706606037844
467 468 2.141984057957801
457 468 -1.751313725733529
382 446 -0.9825428039459942
464 479 1.347717671142901
460 470 -1.1037246319352672
458 470 2.31951701078773
457 465 2.8534721380276795
473 479 1.8144599138640842
470 479 -4.844202616288199
382 473 -3.2060451019615273
447 470 2.31951701078773
446 487 -3.3153581355547077
449 463 -1.0022630255891705
452 471 2.7117470592609445
456 475 0.7224263377855422
452 475 2.31951701078773
461 480 -0.36989699244014895
445 480 0.5841188470777665
382 487 -4.43612156009328
452 472 2.646993557188065
471 472 3.574453703354731
467 475 -0.22663222628581936
445 447 1.604628978813839
469 481 -2.9316434205780437
469 482 -5.53733426701854
449 482 -4.844202616288199
472 474 3.2060450031958343
452 474 2.7803933118077264
468 475 1.0422550037182607
466 481 -1.4968294629075651
482 486 2.0618119072200103
449 486 -5.53733426701854
475 478 4.844202556684481
468 478 1.6328169387983074
463 471 0.4674453385798212
474 475 3.015725255756913
471 477 0.7047961364960313
430 483 -5.53733426701854
463 477 5.537334267018537
475 476 3.4370554399806776
481 482 2.5856857384930256
472 477 0.19515760538251437
430 490 -4.844202616288199
430 491 -5.53733426701854
483 490 1.880614156109223
490 491 2.31951701078773
382 484 -0.7580155848378691
473 484 1.103724552883528
465 488 1.9149341938214999
474 477 0.8490926297285697
430 488 -5.53733426701854
484 487 -3.106750063060895
475 477 0.9244109312539295
468 493 2.93164334365634
457 485 4.436121480203944
476 477 1.188767543534301
478 493 4.844202556684481
447 505 1.188767543534301
447 497 0.33778526158074773
445 497 1.5497853865743236
480 497 0.48390574875928927
430 494 -2.6469936768108107
497 505 3.574453703354731
475 477 1.0422550037182607
483 494 -0.25821891342749526
484 499 -3.0157253387444354
478 489 3.015725255756913
487 499 1.8471390342477205
479 484 -0.4184259027266788
470 505 2.93164334365634
487 492 2.7803933118077264
480 501 1.347717671142901
466 482 -1.690856787854381
430 495 -3.0157253387444354
497 501 2.8534721380276795
477 478 0.6872705278045488
488 495 -4.844202616288199
494 495 2.5274488884529975
479 505 -5.53733426701854
449 502 -2.1012697910023577
486 502 -5.53733426701854
468 485 -4.145152083743929
457 488 0.1168571278983801
461 501 -1.042255157127819
466 501 -1.6615502176829433
477 489 0.3217949194737102
490 494 1.1671515377428254
430 500 -0.9629980439232386
482 501 -1.1457782950449733
485 488 0.03891301945135828
491 500 -3.5744537730315336
477 478 0.2582187931706581
485 494 -3.9184428135768994
485 498 1.471006361575077
488 498 1.986327796610479
477 493 1.188767543534301
468 494 1.9149341938214999
487 496 1.8471390342477205
484 504 -3.2060451019615273
499 504 1.5230823357393546
479 504 0.6352858046593717
487 508 0.22663210648628773
496 508 2.646993557188065
496 499 1.232765242543629
499 508 2.0618119072200103
495 498 -3.2060451019615273
493 507 -5.53733426701854
477 507 -1.7207670712436016
468 507 -5.53733426701854
494 498 -5.53733426701854
430 503 -1.167151619412428
504 508 2.101269714871794
500 503 2.5856857384930256
490 506 3.4370554399806776
491 506 1.0422550037182607
492 514 -2.1419841365639445
487 514 -1.7207670712436016
486 511 -4.844202616288199
502 511 3.2060450031958343
500 512 1.347717671142901
491 512 -4.43612156009328
477 515 -0.8490927706325437
487 514 -3.0157253387444354
507 515 1.8471390342477205
508 514 0.5504197869721676
501 509 -0.08565028243590467
486 513 -5.53733426701854
511 513 3.9184427168471876
494 507 -5.53733426701854
506 512 -5.53733426701854
504 510 3.10674997290245
477 519 -0.40219829746062086
515 519 1.8471390342477205
503 512 1.5230823357393546
504 505 -5.53733426701854
482 509 -3.9184428135768994
505 510 -5.53733426701854
494 506 2.8534721380276795
501 516 3.2060450031958343
509 516 1.5497853865743236
497 510 -5.53733426701854
509 522 1.3241144775306468
482 522 -5.53733426701854
449 533 -4.844202616288199
463 518 0.7759821143416219
449 518 2.7117470592609445
508 510 1.1457782142804072
449 529 -5.53733426701854
529 533 2.4719660016221714
506 524 -4.844202616288199
512 524 1.0625402297313233
482 517 0.5336849977291656
486 517 2.2275794437459226
508 520 1.0830275858277314
510 520 0.8677032967963991
502 533 -4.844202616288199
494 521 2.5856857384930256
517 522 -4.844202616288199
506 521 -1.1457782950449733
486 526 -5.53733426701854
513 526 -0.08565028243590467
516 522 2.8534721380276795
521 524 1.0625402297313233
508 523 0.7759821143416219
520 523 1.6908566753683048
501 532 2.184051378192568
516 532 1.188767543534301
502 538 -4.844202616288199
533 538 1.0022628750411067
507 519 1.0625402297313233
517 526 -4.844202616288199
508 528 0.5504197869721676
523 528 2.93164334365634
510 531 2.101269714871794
477 518 2.141984057957801
494 527 0.41842577919951873
521 525 3.574453703354731
524 525 0.48390574875928927
521 527 4.145152023550564
520 531 1.210635526973574
514 528 -2.2726892867301896
522 526 -0.8306198826413334
507 527 -5.53733426701854
522 532 0.7224263377855422
511 526 -1.60462908492035
502 526 -0.11685724657693086
526 532 0.07006324471763459
523 531 2.31951701078773
526 538 -1.1037246319352672
525 530 2.184051378192568
524 530 -4.43612156009328
507 535 -5.53733426701854
518 519 -4.43612156009328
519 535 -5.53733426701854
527 535 -1.60462908492035
526 541 2.418966462073592
532 541 3.2060450031958343
518 535 1.3716527928075883
514 539 -4.145152083743929
528 539 1.8471390342477205
518 534 2.7117470592609445
449 534 -0.22663222628581936
521 530 3.4370554399806776
528 536 0.242410407030617
536 539 1.0221648177565306
538 541 1.6328169387983074
501 537 1.2551669361900215
529 534 -5.53733426701854
523 536 0.07006324471763459
497 537 1.3959338990403656
532 537 1.0830275858277314
497 540 1.7513136084096503
531 536 0.38602265684584536
524 542 -5.53733426701854
524 545 2.0618119072200103
530 542 1.3716527928075883
529 544 1.6908566753683048
534 544 -5.53733426701854
533 541 -1.2551670218420983
514 559 -1.1246387871621042
539 559 0.7224263377855422
510 536 0.5170228985401271
497 543 0.7401648358628796
534 547 1.3008299128497565
530 555 1.9501526258096291
524 549 -5.53733426701854
540 543 1.3241144775306468
537 540 -1.2778514672160726
518 547 -2.1419841365639445
521 555 3.2060450031958343
542 549 1.9501526258096291
539 551 0.8490926297285697
529 550 1.1457782142804072
536 551 0.7401648358628796
533 550 -1.6615502176829433
544 550 1.6615501074318497
533 546 2.141984057957801
527 548 -2.5856858519456853
541 546 -1.5769600686022973
535 548 2.93164334365634
532 564 -5.53733426701854
551 559 2.5856857384930256
510 551 1.9149341938214999
540 556 4.436121480203944
534 558 -2.1012697910023577
544 558 -5.53733426701854
518 552 -2.1012697910023577
541 564 -5.53733426701854
547 552 2.8534721380276795
542 555 0.1637791782871667
545 549 -4.844202616288199
532 572 -4.145152083743929
552 553 2.646993557188065
518 553 -2.1840514594677467
564 572 -0.27405945275533616
546 550 -1.371652884404361
547 558 -3.9184428135768994
541 569 -4.844202616288199
564 569 1.7513136084096503
549 555 0.3058452631148958
564 573 1.9149341938214999
527 557 -4.43612156009328
572 573 1.471006361575077
548 557 2.7117470592609445
537 556 1.5769599644200505
544 554 3.2060450031958343
549 566 4.436121480203944
537 572 -4.844202616288199
550 554 -0.0544849469084292
555 566 1.188767543534301
518 548 2.2275794437459226
554 558 -5.53733426701854
540 567 0.9629978960423582
556 567 3.9184427168471876
541 562 2.5856857384930256
541 560 0.7401648358628796
547 563 -5.53733426701854
560 562 0.8490926297285697
558 563 2.141984057957801
552 563 -2.4719661045957224
550 561 -0.4510470176203887
554 561 1.986327796610479
552 565 -4.145152083743929
527 580 -5.53733426701854
556 572 -3.5744537730315336
563 565 2.93164334365634
553 565 -4.844202616288199
557 580 -0.5672302300910688
518 557 3.3153580262671256
541 562 3.7324082779400585
545 571 -4.43612156009328
546 562 -0.8864566941706382
549 571 -2.1012697910023577
554 576 -4.844202616288199
558 576 0.7759821143416219
518 570 2.418966462073592
562 569 -5.53733426701854
561 576 -4.844202616288199
553 570 0.2582187931706581
540 568 1.3716527928075883
557 583 3.3153580262671256
543 568 0.9053573740495944
580 583 1.3959338990403656
550 562 0.369896870073811
560 575 0.41842577919951873
562 575 5.537334267018537
541 575 4.145152023550564
563 576 0.6010889981175147
527 574 3.2060450031958343
521 574 1.188767543534301
567 572 1.6615501074318497
565 576 0.41842577919951873
540 590 -0.5170230248961472
567 590 1.232765242543629
574 577 2.93164334365634
521 577 1.7513136084096503
568 590 -4.43612156009328
553 578 -4.43612156009328
565 578 3.7324082779400585
510 589 -4.43612156009328
564 585 1.4968293639808472
553 582 -4.43612156009328
555 581 1.1457782142804072
566 581 2.8534721380276795
497 589 -0.8122801326543725
573 585 2.368217406966919
569 585 1.6615501074318497
578 582 1.4968293639808472
570 582 -4.844202616288199
521 581 -0.5672302300910688
550 584 3.2060450031958343
577 581 -3.2060451019615273
561 584 0.40219817433836536
562 587 4.145152023550564
518 579 2.7803933118077264
550 587 2.31951701078773
570 579 1.6615501074318497
561 591 -4.844202616288199
576 591 0.7580154487445683
570 586 -5.53733426701854
557 579 2.8534721380276795
582 586 0.13248100121840833
497 595 -5.53733426701854
543 595 -3.2060451019615273
549 581 1.6328169387983074
584 591 -5.53733426701854
576 578 -0.13248112001244716
580 588 3.574453703354731
527 588 -5.53733426701854
589 595 -3.43705550120135
576 582 1.0221648177565306
562 585 -5.53733426701854
584 587 1.0830275858277314
579 586 -5.53733426701854
579 592 -5.53733426701854
586 592 2.023523983245292
584 597 -2.22757952790676
571 581 -0.5004308444200505
591 597 3.574453703354731
576 586 -1.2551670218420983
527 594 -1.6615502176829433
574 594 0.9629978960423582
588 594 -4.844202616288199
577 594 2.368217406966919
571 577 1.1671515377428254
543 605 -5.53733426701854
586 602 0.9053573740495944
595 605 2.4719660016221714
562 573 -5.53733426701854
576 602 2.5274488884529975
579 583 -3.9184428135768994
589 606 0.7759821143416219
595 606 1.210635526973574
587 597 0.369896870073811
543 598 -0.305845384176723
572 615 -0.8490927706325437
573 615 -1.0221649697100497
573 601 -4.844202616288199
598 605 -1.9501526936104758
567 615 2.5274488884529975
562 601 2.5274488884529975
510 559 1.5230823357393546
592 602 1.471006361575077
576 593 3.2060450031958343
576 599 0.1637791782871667
579 580 -2.6469936768108107
591 599 1.6615501074318497
579 588 -5.53733426701854
568 596 0.3058452631148958
577 603 -2.2726892867301896
543 596 -1.042255157127819
594 603 0.13248100121840833
587 612 -1.0221649697100497
588 604 -4.43612156009328
596 598 0.8490926297285697
597 612 -0.4839058740936957
594 604 0.7759821143416219
568 611 -3.43705550120135
590 611 2.418966462073592
596 611 -5.53733426701854
593 599 -0.353818619728701
571 600 -0.7047962700763302
615 617 0.242410407030617
573 617 -2.418966560561031
600 613 1.1671515377428254
571 613 -2.22757952790676
601 617 2.7803933118077264
579 604 2.4719660016221714
562 617 3.2060450031958343
576 599 -0.038913137770452355
597 599 1.1671515377428254
559 589 -2.023524054927849
592 629 -4.145152083743929
579 629 2.368217406966919
577 608 1.188767543534301
571 608 0.5841188470777665
600 608 1.8144599138640842
567 611 2.101269714871794
589 626 0.982542654754837
598 607 0.38602265684584536
596 607 2.418966462073592
603 609 2.023523983245292
606 626 2.023523983245292
559 626 1.3241144775306468
598 610 0.5170228985401271
607 610 2.2726891994400433
602 614 3.015725255756913
592 614 1.3959338990403656
594 628 -3.732408358890588
607 611 -4.43612156009328
604 628 -2.418966560561031
603 628 -1.847139159904398
579 616 -0.867703438765498
576 614 1.0221648177565306
616 629 3.10674997290245
579 628 -2.1012697910023577
598 619 0.35381849771398977
610 619 1.232765242543629
605 619 2.4719660016221714
616 628 1.0221648177565306
603 629 -1.986327866288225
610 611 -4.43612156009328
628 629 1.7513136084096503
609 629 -1.6328170469254393
576 618 -0.9825428039459942
600 621 0.1794573777347761
613 621 -1.0221649697100497
599 618 -0.40219829746062086
577 609 0.38602265684584536
587 623 3.574453703354731
612 623 2.4719660016221714
614 629 -2.7803933790295874
562 622 0.8490926297285697
577 600 -0.4839058740936957
617 622 1.9501526258096291
614 618 -1.6328170469254393
614 620 -2.1012697910023577
618 620 1.5769599644200505
611 619 -4.844202616288199
577 621 2.141984057957801
606 627 -0.16377929735639296
595 627 0.22663210648628773
615 631 -2.0618119810484816
626 627 0.5841188470777665
617 631 2.8534721380276795
620 629 0.35381849771398977
587 624 -1.3959339919795308
577 629 -0.40219829746062086
587 625 -0.16377929735639296
587 622 0.5336849977291656
624 625 0.7759821143416219
623 625 0.7224263377855422
597 618 -1.2551670218420983
567 619 -5.53733426701854
620 630 0.13248100121840833
629 630 2.646993557188065
612 641 3.7324082779400585
605 627 0.7224263377855422
597 620 0.40219817433836536
626 637 3.015725255756913
622 624 -4.844202616288199
597 633 0.054484828546315534
627 637 1.4968293639808472
567 605 -4.844202616288199
612 633 2.93164334365634
622 625 -3.732408358890588
605 632 -5.53733426701854
620 634 -0.14812115655181013
630 634 0.9244109312539295
567 632 -0.32179504083642385
597 634 -1.0022630255891705
627 632 -4.844202616288199
630 661 0.4674453385798212
629 661 -2.4719661045957224
623 641 1.6615501074318497
633 634 2.0618119072200103
621 636 0.5672301020452246
621 646 -1.751313725733529
630 635 -0.5672302300910688
634 635 1.210635526973574
632 637 -3.0157253387444354
577 636 -1.6615502176829433
632 638 0.03891301945135828
567 638 3.9184427168471876
636 646 -1.1887676261434261
635 661 -5.53733426701854
633 641 3.4370554399806776
629 642 -1.60462908492035
577 640 -2.2726892867301896
636 640 -0.17945749696390423
577 642 0.007781661256567096
633 635 1.8471390342477205
631 639 1.986327796610479
577 644 -0.9825428039459942
642 644 -0.023346044556825873
617 639 1.72076695640305
640 644 -1.690856787854381
631 649 -2.22757952790676
629 643 -1.8806142848807943
642 643 1.4968293639808472
640 646 -1.8144600365838361
639 645 1.6328169387983074
617 645 1.6615501074318497
637 638 1.6615501074318497
639 649 -4.43612156009328
625 650 -4.844202616288199
622 650 0.3217949194737102
629 651 -2.5856858519456853
651 661 1.6328169387983074
643 651 1.232765242543629
615 648 0.8677032967963991
631 648 4.436121480203944
640 652 -1.6328170469254393
640 653 -1.7825320036768968
644 652 2.5856857384930256
646 653 3.7324082779400585
642 647 1.0625402297313233
643 647 -0.7047962700763302
622 654 0.9629978960423582
617 654 -0.5004308444200505
652 653 2.0618119072200103
644 647 1.445594446330888
638 659 -3.9184428135768994
567 659 -4.844202616288199
650 654 1.5230823357393546
638 666 -4.844202616288199
659 666 2.184051378192568
645 649 -3.2060451019615273
647 651 1.0221648177565306
649 658 4.145152023550564
645 658 -3.9184428135768994
615 657 -2.319517101482562
645 655 3.015725255756913
615 659 -4.844202616288199
648 657 -1.3959339919795308
655 658 0.8490926297285697
617 655 0.6010889981175147
650 660 1.986327796610479
623 663 1.6615501074318497
625 660 -4.844202616288199
625 663 -0.19515772478657212
638 675 -3.732408358890588
666 675 1.347717671142901
659 668 2.368217406966919
615 668 -4.145152083743929
631 656 1.9149341938214999
649 656 -3.0157253387444354
647 661 1.5230823357393546
637 662 -0.353818619728701
652 665 -0.36989699244014895
638 662 2.0618119072200103
654 660 1.6908566753683048
644 665 -2.5274489963885465
653 665 -1.5769600686022973
637 664 -0.6698460476628039
662 664 3.574453703354731
661 672 -4.844202616288199
648 656 3.9184427168471876
635 672 0.41842577919951873
638 667 -1.083027742309897
667 675 1.986327796610479
656 658 -2.7803933790295874
644 673 -1.5230824363372633
647 673 -3.2060451019615273
665 673 1.0830275858277314
655 680 -0.13248112001244716
658 680 2.5856857384930256
617 660 0.8490926297285697
633 672 0.9629978960423582
661 673 -3.106750063060895
661 679 -2.7117471225450083
657 668 -5.53733426701854
672 679 -1.0022630255891705
641 669 0.5672301020452246
656 674 1.188767543534301
658 674 -4.844202616288199
655 660 -4.844202616288199
662 667 -1.4455945421327967
625 655 -0.7940690348095123
662 670 -1.2327653271421226
667 670 4.844202556684481
625 671 2.141984057957801
672 682 1.471006361575077
664 670 -1.847139159904398
655 671 0.9244109312539295
679 682 -1.0022630255891705
653 687 -1.2106356105583946
646 687 0.1637791782871667
657 683 2.368217406966919
648 683 2.0618119072200103
623 669 -0.40219829746062086
648 674 2.7803933118077264
663 681 -3.5744537730315336
623 681 -2.8534722097520193
653 673 -2.1419841365639445
641 677 1.9149341938214999
633 676 1.880614156109223
661 684 -0.24241052705099042
673 687 -1.914934325902037
669 677 1.445594446330888
673 684 -1.5769600686022973
633 677 -0.9436227297103521
633 678 2.5274488884529975
672 678 1.9149341938214999
668 683 -5.53733426701854
661 685 -0.305845384176723
684 685 0.8122799937741847
666 668 -0.08565028243590467
676 678 1.124638707269666
678 682 1.2778513804684322
625 681 -0.9053575182618498
677 686 2.646993557188065
676 677 -3.43705550120135
676 686 -4.43612156009328
679 685 2.368217406966919
671 681 2.93164334365634
669 686 0.6872705278045488
682 685 -0.8490927706325437
623 671 0.3217949194737102
676 682 0.3217949194737102
682 686 -1.4968294629075651
684 687 -0.13248112001244716
