MULTICUT
0 35 2.5856857384930256
14 35 -3.732408358890588
9 14 0.5841188470777665
5 9 -0.6872706606037844
4 5 -1.8806142848807943
4 10 1.5769599644200505
2 10 0.5841188470777665
1 2 -0.4674454634335292
1 6 -1.042255157127819
6 7 -3.5744537730315336
7 25 -3.3153581355547077
8 25 -2.5856858519456853
8 11 -1.4455945421327967
3 11 0.5504197869721676
10 12 -2.9316434205780437
2 12 -3.0157253387444354
2 13 2.8534721380276795
5 10 -2.6469936768108107
20 35 -3.2060451019615273
14 20 0.982542654754837
10 26 -2.8534722097520193
2 17 -0.9053575182618498
6 19 3.9184427168471876
12 26 -0.2899342369326745
12 17 1.5497853865743236
3 18 -1.0022630255891705
11 18 0.242410407030617
6 31 -3.3153581355547077
15 25 -2.5856858519456853
8 15 1.6328169387983074
17 26 2.184051378192568
13 17 -1.420575958424365
9 16 -0.27405945275533616
5 16 1.6615501074318497
10 21 1.1671515377428254
13 22 -1.3477177614522067
13 23 3.015725255756913
17 22 0.07006324471763459
22 23 1.0221648177565306
1 28 0.40219817433836536
8 18 -0.4347079946705643
21 26 -2.368217501379304
2 28 -0.635285935274005
15 18 -1.1037246319352672
5 33 -0.6698460476628039
2 24 -1.0625403846496646
2 27 -1.1246387871621042
6 30 -1.8144600365838361
16 33 0.7047961364960313
10 33 -0.5672302300910688
24 27 1.0830275858277314
1 30 0.8490926297285697
30 31 0.7580154487445683
9 34 -1.2778514672160726
16 34 0.9053573740495944
27 28 1.3008299128497565
13 24 -1.324114566604422
25 32 0.03891301945135828
15 32 -0.8122801326543725
10 34 -3.9184428135768994
21 34 -3.43705550120135
18 29 0.48390574875928927
15 29 -1.751313725733529
15 36 -3.3153581355547077
33 34 -1.1037246319352672
29 36 1.5230823357393546
3 29 -0.4510470176203887
7 19 -3.5744537730315336
32 36 -2.1419841365639445
17 38 0.6698459156176995
13 37 -0.36989699244014895
24 37 0.7401648358628796
19 46 -4.145152083743929
7 46 1.3241144775306468
24 41 -0.6525189378391278
27 41 -1.1887676261434261
14 40 0.6872705278045488
28 45 -0.7401649710893459
1 45 -1.986327866288225
25 46 -2.418966560561031
20 40 0.9053573740495944
46 51 3.574453703354731
25 51 -2.368217501379304
32 51 -1.7825320036768968
29 51 -2.368217501379304
41 45 3.4370554399806776
30 45 -2.1419841365639445
23 37 -0.9436227297103521
37 41 -1.083027742309897
19 51 -4.43612156009328
9 43 0.6872705278045488
34 43 -3.3153581355547077
23 42 -0.5672302300910688
30 39 1.5230823357393546
37 42 1.471006361575077
36 51 -2.8534722097520193
14 43 -1.1887676261434261
17 47 -1.7825320036768968
22 47 -0.2899342369326745
23 44 -0.8490927706325437
17 21 -1.6328170469254393
42 44 1.9149341938214999
39 45 -1.8144600365838361
6 30 -2.319517101482562
22 50 -0.6010891274007599
44 50 0.5004307185850176
36 51 -4.43612156009328
3 51 -3.5744537730315336
34 49 1.3716527928075883
39 48 1.604628978813839
19 57 -2.7117471225450083
21 49 -2.4719661045957224
38 47 -3.9184428135768994
6 39 -1.371652884404361
51 57 -0.8306198826413334
14 55 3.015725255756913
43 55 0.1637791782871667
45 48 -2.4719661045957224
6 48 -2.5856858519456853
35 61 -4.844202616288199
34 52 2.5856857384930256
51 59 1.5230823357393546
36 59 -1.5769600686022973
20 61 0.41842577919951873
49 52 -0.7401649710893459
41 42 -1.042255157127819
41 53 0.6872705278045488
40 61 0.19515760538251437
34 55 -1.4710064589046166
41 44 -1.3008300007371676
44 56 -0.867703438765498
41 56 1.5769599644200505
14 61 -0.36989699244014895
50 56 -1.847139159904398
45 53 -0.13248112001244716
38 62 -1.083027742309897
47 62 -1.371652884404361
45 54 0.369896870073811
45 60 -0.4510470176203887
6 57 -4.844202616288199
3 65 -3.106750063060895
47 50 -2.1012697910023577
53 54 1.604628978813839
48 60 -1.0221649697100497
3 69 -2.8534722097520193
51 69 1.103724552883528
17 62 1.6615501074318497
47 63 -0.5004308444200505
54 58 0.8864565510992328
45 58 -0.22663222628581936
51 64 3.7324082779400585
62 63 1.72076695640305
58 60 1.4968293639808472
57 64 1.6328169387983074
49 66 1.8144599138640842
48 74 0.10124748840924536
6 74 -3.732408358890588
6 67 -4.43612156009328
3 75 -4.145152083743929
21 66 -2.319517101482562
50 63 -0.7759822513321553
57 67 1.604628978813839
65 75 1.1671515377428254
67 74 1.5769599644200505
52 66 0.7047961364960313
34 70 2.4719660016221714
21 78 0.9053573740495944
41 54 0.7047961364960313
17 78 -0.14812115655181013
65 69 -0.8306198826413334
55 70 -0.6525189378391278
66 78 -2.5274489963885465
50 72 -0.10124760698692858
56 73 1.880614156109223
57 68 -0.9825428039459942
3 86 -3.43705550120135
52 70 4.436121480203944
63 72 1.880614156109223
50 73 -1.914934325902037
41 58 -0.25821891342749526
60 74 -4.145152083743929
75 86 0.6698459156176995
41 60 -0.36989699244014895
66 77 3.3153580262671256
60 81 0.19515760538251437
65 85 -0.22663222628581936
77 78 -1.7207670712436016
41 81 1.6908566753683048
67 68 -0.7580155848378691
69 85 1.6908566753683048
50 79 -1.371652884404361
73 79 0.5504197869721676
67 76 1.445594446330888
51 85 3.4370554399806776
65 71 1.72076695640305
72 79 -0.305845384176723
68 76 -1.0022630255891705
35 89 2.31951701078773
64 68 -2.0618119810484816
71 75 0.08565016394454328
14 82 2.2726891994400433
55 82 1.5497853865743236
52 77 1.5769599644200505
61 80 3.4370554399806776
68 93 -1.847139159904398
75 88 0.19515760538251437
14 80 -0.618143736811748
64 93 -0.21088196663715686
86 88 0.6010889981175147
64 85 0.9436225830949259
76 93 1.8471390342477205
71 85 -0.867703438765498
35 92 2.8534721380276795
62 84 -0.07006336313715722
63 84 1.5230823357393546
72 87 0.38602265684584536
41 91 0.8122799937741847
81 83 1.880614156109223
60 83 -0.4347079946705643
71 88 -0.4674454634335292
63 87 0.007781661256567096
81 91 0.5672301020452246
74 83 -3.106750063060895
85 93 0.40219817433836536
73 96 -0.16377929735639296
56 96 -2.319517101482562
41 96 -1.914934325902037
41 101 0.7401648358628796
67 98 -3.2060451019615273
17 84 -1.420575958424365
96 101 0.48390574875928927
77 90 3.2060450031958343
73 97 -0.4839058740936957
52 90 0.1168571278983801
84 87 -0.36989699244014895
79 87 -0.5672302300910688
96 97 1.5497853865743236
83 91 0.982542654754837
52 94 2.7803933118077264
79 95 -0.40219829746062086
90 94 2.7803933118077264
78 90 -2.6469936768108107
87 95 0.35381849771398977
79 97 -1.083027742309897
76 98 -2.368217501379304
71 102 2.4719660016221714
95 97 0.13248100121840833
74 98 -3.0157253387444354
88 102 1.1671515377428254
82 104 2.368217406966919
55 104 3.7324082779400585
55 106 0.1168571278983801
70 106 -0.4510470176203887
70 105 3.10674997290245
84 99 0.41842577919951873
87 99 1.2551669361900215
74 100 -2.8534722097520193
105 106 -1.914934325902037
83 100 1.5769599644200505
61 103 2.418966462073592
80 103 0.38602265684584536
74 113 2.418966462073592
104 106 1.0221648177565306
98 113 -3.732408358890588
14 103 -2.418966560561031
17 107 2.101269714871794
84 107 -2.8534722097520193
52 105 2.2275794437459226
78 107 -0.5841189757308616
93 98 -3.43705550120135
91 100 1.103724552883528
94 105 1.880614156109223
99 107 0.4674453385798212
87 108 -0.7940690348095123
95 108 2.0618119072200103
99 108 0.982542654754837
100 113 -3.5744537730315336
94 109 2.368217406966919
78 110 -0.722426472174637
96 115 2.141984057957801
98 111 0.03891301945135828
71 116 0.33778526158074773
102 112 0.8490926297285697
88 112 0.8864565510992328
3 118 0.3217949194737102
90 109 2.101269714871794
90 110 -0.0544849469084292
107 110 2.368217406966919
97 108 -0.8306198826413334
101 115 -0.21088196663715686
41 100 0.6352858046593717
111 113 -2.7117471225450083
85 116 2.2275794437459226
86 118 -1.7207670712436016
96 108 1.1457782142804072
102 116 0.48390574875928927
88 117 0.35381849771398977
105 109 0.982542654754837
93 111 -1.7207670712436016
112 117 0.22663210648628773
92 137 -4.844202616288199
35 137 -5.53733426701854
35 161 -4.145152083743929
106 114 1.604628978813839
105 114 -0.9629980439232386
107 108 -1.7207670712436016
88 118 -1.4968294629075651
35 148 -4.844202616288199
35 158 -4.844202616288199
35 170 -4.844202616288199
35 121 -5.53733426701854
35 126 -4.145152083743929
35 135 -3.732408358890588
89 123 -3.9184428135768994
89 173 -4.844202616288199
35 173 -4.43612156009328
35 128 -3.5744537730315336
35 139 -2.5274489963885465
35 129 -4.145152083743929
35 149 -4.43612156009328
35 140 -4.145152083743929
35 130 -4.145152083743929
35 162 -4.43612156009328
35 176 -3.732408358890588
35 150 -4.145152083743929
35 151 -5.53733426701854
105 142 1.471006361575077
109 142 1.6908566753683048
113 132 0.9436225830949259
158 170 -1.2551670218420983
126 135 -1.751313725733529
92 173 -5.53733426701854
128 137 -4.43612156009328
140 149 -0.19515772478657212
130 162 0.9436225830949259
150 176 -4.43612156009328
150 151 2.646993557188065
111 132 -3.106750063060895
121 134 -0.13248112001244716
35 134 -4.844202616288199
122 126 -0.5004308444200505
122 135 0.9244109312539295
35 192 -4.145152083743929
89 192 -4.43612156009328
89 127 -4.145152083743929
89 136 -4.43612156009328
89 264 -3.9184428135768994
92 203 -4.145152083743929
35 138 -4.844202616288199
35 186 -3.732408358890588
35 174 -4.145152083743929
35 187 -5.53733426701854
35 205 -4.43612156009328
35 194 -4.43612156009328
148 158 -1.847139159904398
121 170 -0.007781779532672672
126 134 -1.2106356105583946
135 192 -1.5230824363372633
127 192 -0.19515772478657212
123 127 2.0618119072200103
123 136 2.5274488884529975
136 264 -0.4839058740936957
173 264 -2.9316434205780437
173 203 -2.6469936768108107
137 203 -3.3153581355547077
128 138 -1.2106356105583946
138 139 -0.7401649710893459
129 186 -3.0157253387444354
161 186 -1.7207670712436016
161 174 -1.042255157127819
149 174 -1.847139159904398
140 187 0.21088184704301205
187 205 -3.3153581355547077
130 205 1.103724552883528
162 194 0.7580154487445683
112 116 0.9629978960423582
139 185 -3.732408358890588
35 185 -3.43705550120135
35 207 -4.145152083743929
35 163 -4.844202616288199
35 164 -4.844202616288199
35 152 -4.844202616288199
35 165 -5.53733426701854
35 195 -3.9184428135768994
107 119 0.023345926266394867
129 185 -3.9184428135768994
194 207 -2.4719661045957224
176 207 -3.9184428135768994
152 165 -1.5769600686022973
61 195 -0.7401649710893459
117 118 -1.4968294629075651
149 175 -3.3153581355547077
35 215 -5.53733426701854
111 120 -0.10124760698692858
93 120 1.232765242543629
140 175 -0.24241052705099042
151 163 -3.9184428135768994
163 164 -1.7207670712436016
152 164 -0.3860227795812654
165 215 -0.6010891274007599
195 215 0.652518806521984
126 159 -3.732408358890588
61 141 0.7759821143416219
14 141 -4.43612156009328
82 141 -4.43612156009328
105 178 -0.7940690348095123
90 166 -1.1887676261434261
110 166 -1.847139159904398
107 124 -1.167151619412428
96 144 -4.145152083743929
100 146 -2.2726892867301896
113 146 1.1671515377428254
85 125 -2.5856858519456853
122 159 0.21088184704301205
141 195 -0.11685724657693086
103 141 4.145152023550564
104 141 -4.43612156009328
114 178 -0.2899342369326745
142 178 2.418966462073592
107 166 -1.751313725733529
119 124 2.31951701078773
108 144 -4.844202616288199
106 141 -2.1419841365639445
107 143 0.6181436068748636
107 153 0.03891301945135828
108 153 -2.9316434205780437
108 154 -2.368217501379304
115 145 -3.43705550120135
101 145 -4.844202616288199
41 145 -5.53733426701854
41 168 -3.732408358890588
100 168 -1.2778514672160726
113 131 2.5856857384930256
85 156 -1.690856787854381
85 157 -1.690856787854381
85 147 -0.4839058740936957
116 147 -0.007781779532672672
116 133 -0.19515772478657212
142 166 3.9184427168471876
119 143 0.1794573777347761
144 154 -0.07006336313715722
145 168 -3.9184428135768994
146 168 -3.2060451019615273
131 132 2.2726891994400433
125 156 2.023523983245292
156 157 3.015725255756913
116 117 -0.13248112001244716
115 144 -4.43612156009328
93 155 -0.7580155848378691
114 141 -1.6328170469254393
153 154 0.9244109312539295
120 132 -0.10124760698692858
120 155 0.21088184704301205
147 157 1.72076695640305
133 147 3.015725255756913
116 169 0.1168571278983801
117 169 1.0422550037182607
141 178 2.368217406966919
144 145 2.141984057957801
85 155 -5.53733426701854
133 169 3.9184427168471876
205 206 -3.2060451019615273
118 220 -5.53733426701854
3 220 -4.844202616288199
130 206 -0.4184259027266788
124 153 -1.371652884404361
128 160 -3.9184428135768994
138 160 0.8306197427665889
143 167 2.4719660016221714
107 167 -1.167151619412428
121 171 0.9053573740495944
122 172 0.35381849771398977
129 198 1.4205758640846524
164 177 0.3217949194737102
152 177 2.101269714871794
125 180 0.4347078707200993
125 190 0.3058452631148958
134 171 -1.5497854889223055
159 172 -0.17945749696390423
135 172 0.274059332246233
166 167 -4.145152083743929
117 220 -3.0157253387444354
134 182 -1.4968294629075651
136 184 -0.36989699244014895
140 179 0.7224263377855422
130 188 1.471006361575077
119 189 -0.4674454634335292
124 189 0.22663210648628773
125 210 2.7803933118077264
125 197 1.880614156109223
117 240 1.2778513804684322
171 182 1.445594446330888
184 264 -3.106750063060895
186 198 -1.7207670712436016
175 179 0.1168571278983801
179 187 0.6872705278045488
162 188 0.03891301945135828
143 189 -0.19515772478657212
153 189 -0.4674454634335292
132 155 -1.8144600365838361
180 210 0.7759821143416219
190 210 2.023523983245292
190 197 2.7117470592609445
220 240 -3.106750063060895
170 181 1.2778513804684322
134 191 0.9629978960423582
127 183 0.7401648358628796
143 237 -0.6872706606037844
189 237 -2.7117471225450083
154 200 -1.6328170469254393
144 200 -3.732408358890588
131 202 -4.145152083743929
171 181 -2.418966560561031
182 191 -2.319517101482562
126 191 -2.7117471225450083
183 192 -2.9316434205780437
123 184 -0.8864566941706382
139 160 -0.7759822513321553
188 206 -0.7580155848378691
167 237 -5.53733426701854
132 202 -2.5856858519456853
156 197 3.4370554399806776
137 213 3.3153580262671256
185 214 2.8534721380276795
162 193 0.1637791782871667
153 196 -0.14812115655181013
154 196 -0.13248112001244716
145 201 -3.0157253387444354
168 208 1.210635526973574
146 208 -0.7047962700763302
132 209 -2.418966560561031
123 183 -0.27405945275533616
139 214 -4.844202616288199
198 214 -3.0157253387444354
193 194 -3.5744537730315336
165 177 -0.6525189378391278
196 200 3.015725255756913
202 209 3.3153580262671256
157 197 3.015725255756913
169 240 1.1671515377428254
146 218 -2.5856858519456853
113 218 -3.732408358890588
113 219 0.023345926266394867
131 219 0.22663210648628773
132 216 -1.5230824363372633
125 210 2.184051378192568
203 213 -4.43612156009328
188 193 -0.5504199144331001
168 201 1.232765242543629
209 216 3.4370554399806776
172 212 0.5004307185850176
160 204 1.6908566753683048
141 199 4.145152023550564
158 181 -2.0618119810484816
159 212 1.3008299128497565
135 212 0.9244109312539295
139 204 -1.9501526936104758
178 199 2.646993557188065
144 201 -3.0157253387444354
208 218 1.1671515377428254
218 219 1.0422550037182607
202 219 1.0625402297313233
85 210 -2.9316434205780437
147 169 1.5230823357393546
181 211 2.2275794437459226
171 211 -2.2726892867301896
137 234 -0.25821891342749526
195 223 0.8122799937741847
182 211 -3.0157253387444354
192 212 -2.4719661045957224
213 234 0.9244109312539295
175 187 1.1457782142804072
141 223 -1.2778514672160726
123 222 0.9629978960423582
176 229 3.4370554399806776
195 217 1.210635526973574
144 230 0.48390574875928927
184 222 1.188767543534301
128 234 -1.8806142848807943
128 204 -4.145152083743929
150 229 -3.9184428135768994
215 217 -0.7940690348095123
217 223 1.2778513804684322
200 230 -1.2551670218420983
201 230 0.03891301945135828
192 221 1.471006361575077
183 221 -3.2060451019615273
123 224 0.48390574875928927
139 225 0.8864565510992328
197 210 4.145152023550564
158 211 -1.8144600365838361
212 221 -1.986327866288225
183 224 1.1457782142804072
204 225 -0.24241052705099042
214 225 -0.9053575182618498
142 167 -5.53733426701854
188 226 0.274059332246233
150 241 -3.9184428135768994
141 245 0.2899341161553104
196 227 -1.4710064589046166
200 227 -1.751313725733529
157 231 2.31951701078773
222 224 1.986327796610479
206 226 1.0422550037182607
193 226 1.5497853865743236
207 229 -2.1419841365639445
229 241 -0.08565028243590467
223 245 -0.023346044556825873
147 231 1.0022628750411067
205 228 1.9149341938214999
206 228 -2.5856858519456853
153 237 0.5841188470777665
153 227 -0.17945749696390423
85 252 -0.17945749696390423
157 210 0.6698459156176995
210 252 1.2778513804684322
210 231 2.5274488884529975
203 243 3.574453703354731
199 236 -1.751313725733529
178 236 -0.8306198826413334
201 238 -1.3477177614522067
168 246 -5.53733426701854
208 246 -1.5769600686022973
202 247 -0.9053575182618498
147 242 -2.5274489963885465
169 242 -3.5744537730315336
173 243 -2.9316434205780437
187 228 -1.3477177614522067
227 237 2.101269714871794
209 247 -0.22663222628581936
151 235 1.6908566753683048
215 232 0.7940688968903633
141 233 2.31951701078773
220 248 3.10674997290245
165 232 0.369896870073811
217 232 0.5672301020452246
212 264 -1.914934325902037
128 257 1.347717671142901
204 257 -3.106750063060895
151 241 -3.43705550120135
151 244 -5.53733426701854
218 251 -4.145152083743929
219 251 0.08565016394454328
210 239 3.3153580262671256
222 264 -3.2060451019615273
213 243 -3.43705550120135
235 244 -1.914934325902037
141 236 -2.2726892867301896
142 236 -1.751313725733529
218 246 -5.53733426701854
216 247 -2.7117471225450083
231 242 -1.847139159904398
148 182 -2.319517101482562
214 265 -2.4719661045957224
187 258 -1.6615502176829433
245 249 0.1481210376275779
141 249 -2.7803933790295874
141 253 -0.9629980439232386
159 264 -2.4719661045957224
235 241 -1.7825320036768968
233 249 -1.8806142848807943
236 253 1.1457782142804072
175 258 -1.8806142848807943
151 250 -2.1419841365639445
163 250 2.101269714871794
164 250 -1.324114566604422
165 250 -0.722426472174637
210 262 0.19515760538251437
210 263 1.0830275858277314
244 250 0.07006324471763459
168 238 -4.145152083743929
252 262 1.1671515377428254
239 263 2.023523983245292
240 242 -2.9316434205780437
126 264 3.2060450031958343
183 264 -2.7117471225450083
225 257 0.45104689322786395
225 265 0.6698459156176995
186 266 -2.4719661045957224
161 266 0.8122799937741847
161 258 1.0830275858277314
174 258 -1.083027742309897
149 258 2.184051378192568
207 267 -2.4719661045957224
229 267 2.023523983245292
223 250 1.4205758640846524
245 250 1.7513136084096503
233 270 0.274059332246233
236 259 1.3959338990403656
142 259 -3.0157253387444354
210 269 4.145152023550564
220 277 0.7580154487445683
158 182 2.141984057957801
126 182 0.2582187931706581
221 264 2.2726891994400433
224 264 -2.6469936768108107
243 264 3.2060450031958343
198 265 1.7513136084096503
228 258 -0.5672302300910688
194 226 -2.023524054927849
194 267 1.3008299128497565
177 250 3.015725255756913
249 270 1.0022628750411067
202 251 -3.732408358890588
262 269 1.445594446330888
231 263 -0.007781779532672672
240 277 -2.368217501379304
228 267 0.1168571278983801
206 267 -3.43705550120135
226 267 -3.9184428135768994
227 260 -3.732408358890588
240 289 2.2275794437459226
198 266 -0.867703438765498
258 267 2.646993557188065
232 250 2.4719660016221714
217 250 1.0022628750411067
233 253 1.2778513804684322
200 260 3.574453703354731
242 289 -2.0618119810484816
182 264 3.9184427168471876
236 333 3.015725255756913
142 272 1.232765242543629
237 260 -4.844202616288199
247 254 2.101269714871794
247 255 -2.4719661045957224
216 255 0.8864565510992328
239 256 1.4205758640846524
265 266 3.015725255756913
253 333 2.5274488884529975
259 272 2.0618119072200103
202 254 -2.5274489963885465
132 255 -0.5170230248961472
256 263 1.3008299128497565
234 279 -1.083027742309897
235 280 1.986327796610479
244 280 -5.53733426701854
236 271 1.124638707269666
230 275 0.19515760538251437
238 276 -5.53733426701854
218 261 -4.844202616288199
251 261 2.4719660016221714
234 257 -1.9501526936104758
257 265 3.015725255756913
258 266 3.4370554399806776
200 275 -4.145152083743929
201 275 -2.1419841365639445
201 276 1.0830275858277314
247 268 -2.9316434205780437
255 268 2.646993557188065
248 277 1.0022628750411067
213 279 4.436121480203944
259 271 -1.1037246319352672
254 268 -2.1419841365639445
210 256 2.418966462073592
241 298 -3.2060451019615273
235 298 -0.6872706606037844
249 250 2.368217406966919
237 292 -2.9316434205780437
202 273 1.4968293639808472
254 274 1.604628978813839
231 284 1.210635526973574
231 287 1.6328169387983074
242 288 -1.847139159904398
248 278 -0.24241052705099042
280 298 3.2060450031958343
250 270 1.5497853865743236
271 333 -0.4184259027266788
251 273 -4.43612156009328
202 274 -2.7117471225450083
263 284 0.9053573740495944
231 288 2.2726891994400433
261 273 -3.732408358890588
273 274 -2.1419841365639445
284 287 0.8122799937741847
250 280 -3.0157253387444354
270 291 4.844202556684481
233 291 2.5274488884529975
218 281 -5.53733426701854
261 281 2.7117470592609445
254 282 -2.6469936768108107
268 282 2.5274488884529975
255 283 -0.7047962700763302
132 283 0.6872705278045488
248 290 1.1671515377428254
241 267 -1.5769600686022973
260 292 2.4719660016221714
275 276 -0.7759822513321553
274 282 -2.5274489963885465
268 283 -0.32179504083642385
210 263 1.6908566753683048
288 289 2.023523983245292
277 290 0.7580154487445683
278 290 -0.27405945275533616
253 285 1.72076695640305
274 286 1.5769599644200505
253 291 3.4370554399806776
285 333 -0.867703438765498
273 286 -2.1840514594677467
267 322 -2.2726892867301896
241 322 -1.8144600365838361
250 323 -0.7759822513321553
259 299 -0.4510470176203887
167 294 2.4719660016221714
260 300 0.7047961364960313
238 303 0.35381849771398977
261 296 -4.43612156009328
273 296 2.368217406966919
132 293 -0.8122801326543725
243 279 -0.618143736811748
257 279 -4.844202616288199
298 322 -4.844202616288199
280 323 -1.6328170469254393
271 299 1.8471390342477205
142 294 -5.53733426701854
237 294 -3.9184428135768994
200 300 0.6010889981175147
276 303 -1.7825320036768968
168 303 -2.418966560561031
281 296 -4.844202616288199
282 283 -0.32179504083642385
283 293 -0.33778538326100627
155 293 3.2060450031958343
264 306 -2.5856858519456853
264 314 -1.3477177614522067
264 307 -1.9501526936104758
243 307 1.72076695640305
257 308 -3.3153581355547077
258 325 -2.8534722097520193
258 310 -2.4719661045957224
218 295 1.9501526258096291
274 296 -2.9316434205780437
282 296 1.6908566753683048
283 297 1.72076695640305
262 302 1.2778513804684322
269 302 4.436121480203944
263 304 1.2778513804684322
284 304 2.4719660016221714
267 310 -2.7117471225450083
246 295 -4.844202616288199
286 296 -1.4455945421327967
282 297 -0.6698460476628039
252 302 1.880614156109223
210 304 2.646993557188065
182 312 -2.1840514594677467
257 315 -2.4719661045957224
265 335 -3.2060451019615273
266 320 -5.53733426701854
258 320 -4.844202616288199
258 309 -3.5744537730315336
267 316 -4.43612156009328
267 321 -3.732408358890588
200 311 0.1637791782871667
275 311 0.7047961364960313
283 301 -0.5170230248961472
269 304 3.574453703354731
307 314 1.0221648177565306
279 308 -3.5744537730315336
265 315 -2.5274489963885465
320 335 2.93164334365634
309 320 3.015725255756913
309 325 2.7117470592609445
297 301 1.103724552883528
293 301 2.418966462073592
264 312 -3.0157253387444354
264 319 -2.6469936768108107
264 313 -1.4455945421327967
250 326 -2.0618119810484816
250 291 1.1457782142804072
299 333 -0.27405945275533616
289 305 1.4968293639808472
277 329 -1.4710064589046166
312 319 2.023523983245292
313 319 -0.33778538326100627
306 313 0.9244109312539295
306 314 0.9053573740495944
308 315 1.6908566753683048
315 335 0.982542654754837
310 325 0.2582187931706581
310 316 0.652518806521984
316 321 2.184051378192568
321 322 1.8144599138640842
323 326 2.101269714871794
296 297 -0.2899342369326745
85 293 -4.844202616288199
287 288 2.4719660016221714
240 305 0.38602265684584536
280 317 3.4370554399806776
250 327 -1.3959339919795308
250 332 -0.4839058740936957
85 218 -4.43612156009328
85 281 1.604628978813839
284 288 0.1481210376275779
288 305 2.5856857384930256
290 329 0.369896870073811
278 329 -1.6615502176829433
326 327 3.7324082779400585
327 332 1.6328169387983074
85 295 -5.53733426701854
85 296 -4.844202616288199
288 304 2.646993557188065
240 329 -4.844202616288199
292 318 2.101269714871794
292 324 1.5230823357393546
260 324 1.3959338990403656
275 328 -0.4674454634335292
311 328 0.9053573740495944
85 301 -3.732408358890588
308 335 3.015725255756913
299 330 0.40219817433836536
259 330 1.7825318837304605
300 324 0.8490926297285697
279 335 0.03891301945135828
318 324 1.0221648177565306
276 328 2.2275794437459226
298 331 1.0422550037182607
294 336 0.8864565510992328
237 336 -0.7047962700763302
322 331 0.38602265684584536
292 336 1.7825318837304605
85 302 -0.353818619728701
313 334 0.03891301945135828
253 333 0.8122799937741847
246 337 -0.33778538326100627
304 338 3.4370554399806776
319 334 1.6615501074318497
279 307 -0.5504199144331001
330 333 1.604628978813839
142 259 -3.3153581355547077
168 337 0.4347078707200993
295 337 0.274059332246233
316 331 1.3008299128497565
321 331 0.4347078707200993
291 333 2.5274488884529975
304 344 3.015725255756913
309 335 0.21088184704301205
280 341 -0.5504199144331001
323 341 0.3217949194737102
250 343 -1.0221649697100497
291 343 1.2778513804684322
325 335 1.6615501074318497
332 343 3.4370554399806776
269 344 2.4719660016221714
338 344 3.2060450031958343
142 346 1.4968293639808472
294 346 -2.023524054927849
288 345 -1.6328170469254393
305 345 -0.7940690348095123
313 339 -0.023346044556825873
306 339 1.0625402297313233
310 340 -0.3860227795812654
200 346 -2.7117471225450083
311 346 -0.5672302300910688
276 346 -5.53733426701854
85 297 -0.36989699244014895
316 340 0.6010889981175147
328 346 -5.53733426701854
303 346 0.21088184704301205
325 340 2.2275794437459226
292 346 -2.9316434205780437
318 346 -0.5004308444200505
324 346 -4.145152083743929
300 346 -0.8306198826413334
334 339 0.9629978960423582
306 307 0.5170228985401271
336 346 -1.986327866288225
168 346 -3.9184428135768994
327 342 0.38602265684584536
333 348 -1.083027742309897
330 348 -0.21088196663715686
329 347 2.7803933118077264
326 341 -0.3860227795812654
326 342 0.6872705278045488
240 347 -4.43612156009328
331 340 0.7580154487445683
341 342 1.103724552883528
333 343 -0.5504199144331001
240 345 -1.042255157127819
312 349 -4.844202616288199
312 351 -5.53733426701854
343 348 3.015725255756913
85 337 -1.8806142848807943
280 331 -0.7580155848378691
259 348 -1.0221649697100497
337 346 -1.751313725733529
312 352 -4.43612156009328
319 352 -4.844202616288199
279 356 -5.53733426701854
335 356 -4.844202616288199
335 360 -5.53733426701854
288 350 1.7825318837304605
345 350 -2.5856858519456853
240 359 0.8306197427665889
349 351 2.368217406966919
356 360 4.844202556684481
332 342 1.2551669361900215
85 346 2.5274488884529975
347 359 0.9053573740495944
334 352 -4.145152083743929
334 353 -2.6469936768108107
339 353 -3.732408358890588
306 353 -4.145152083743929
307 353 -3.732408358890588
307 370 -4.844202616288199
307 356 -5.53733426701854
317 357 -2.7803933790295874
351 352 3.4370554399806776
353 370 3.4370554399806776
304 350 3.015725255756913
325 360 -3.5744537730315336
331 369 -5.53733426701854
280 369 -4.43612156009328
317 369 -1.7825320036768968
280 358 -4.844202616288199
352 353 2.418966462073592
356 370 4.844202556684481
317 358 -2.9316434205780437
340 360 -5.53733426701854
331 360 -1.6615502176829433
331 368 -4.43612156009328
317 373 -3.732408358890588
280 362 -4.145152083743929
341 362 -5.53733426701854
269 355 1.5497853865743236
344 355 3.015725255756913
338 355 2.101269714871794
368 369 2.184051378192568
357 369 3.015725255756913
357 373 2.418966462073592
358 373 2.023523983245292
331 361 -2.6469936768108107
338 350 1.0422550037182607
360 361 3.2060450031958343
361 368 4.145152023550564
358 362 4.145152023550564
302 355 2.8534721380276795
350 355 2.0618119072200103
349 354 1.3241144775306468
342 362 -4.145152083743929
332 362 -4.43612156009328
240 350 1.9149341938214999
343 389 -3.2060451019615273
343 374 -5.53733426701854
348 374 -4.145152083743929
346 375 -5.53733426701854
85 366 -2.6469936768108107
302 366 -0.6698460476628039
351 354 1.4968293639808472
343 362 -2.8534722097520193
374 389 4.436121480203944
142 375 -3.0157253387444354
352 364 1.9149341938214999
353 364 1.72076695640305
348 375 -3.9184428135768994
259 375 -2.9316434205780437
350 363 2.5274488884529975
362 389 2.368217406966919
374 375 2.5274488884529975
360 365 4.436121480203944
346 376 -5.53733426701854
85 379 -1.1037246319352672
366 379 0.5170228985401271
355 363 2.31951701078773
352 386 1.7513136084096503
360 367 4.844202556684481
364 386 1.1671515377428254
356 365 3.9184427168471876
375 376 2.93164334365634
350 359 2.4719660016221714
357 372 0.5336849977291656
85 377 -5.53733426701854
364 370 1.7513136084096503
365 367 2.418966462073592
372 373 1.9149341938214999
346 377 -4.145152083743929
351 381 0.5170228985401271
360 371 4.844202556684481
361 384 0.9629978960423582
85 378 -3.9184428135768994
85 385 -2.5856858519456853
352 381 -0.07006336313715722
360 384 -0.19515772478657212
369 372 0.9629978960423582
362 373 3.10674997290245
376 377 2.023523983245292
378 385 2.184051378192568
379 385 2.7117470592609445
351 380 0.7047961364960313
364 387 3.015725255756913
380 381 1.0422550037182607
381 386 3.3153580262671256
371 384 2.7803933118077264
377 378 0.8306197427665889
364 382 1.347717671142901
364 383 1.4968293639808472
356 388 2.5274488884529975
302 391 -4.844202616288199
386 387 5.537334267018537
382 387 2.4719660016221714
382 383 1.4968293639808472
370 388 2.646993557188065
366 391 -0.07006336313715722
355 391 -4.43612156009328
360 365 2.0618119072200103
360 361 1.4205758640846524
355 395 -4.43612156009328
355 396 -3.9184428135768994
347 403 -5.53733426701854
360 384 3.7324082779400585
391 395 1.7513136084096503
370 383 2.646993557188065
363 396 -2.7117471225450083
359 403 -4.43612156009328
360 368 0.7759821143416219
395 396 2.4719660016221714
362 369 1.5230823357393546
363 410 -3.5744537730315336
350 410 -5.53733426701854
359 405 -4.145152083743929
359 402 -3.732408358890588
396 410 2.5856857384930256
402 405 2.0618119072200103
362 372 0.2899341161553104
378 390 -4.145152083743929
350 405 -4.844202616288199
362 368 2.646993557188065
405 410 3.4370554399806776
402 403 2.646993557188065
381 397 1.7825318837304605
383 387 2.141984057957801
360 392 3.10674997290245
368 392 0.7580154487445683
377 390 -4.844202616288199
379 394 -0.25821891342749526
380 397 2.5274488884529975
383 388 2.0618119072200103
385 390 -1.6328170469254393
385 394 -0.8122801326543725
391 394 -5.53733426701854
386 397 3.574453703354731
375 390 -4.43612156009328
376 390 -4.43612156009328
385 393 -0.10124760698692858
390 393 -0.618143736811748
393 394 1.2778513804684322
388 399 1.6328169387983074
356 399 2.8534721380276795
360 368 1.210635526973574
375 400 -2.5274489963885465
375 398 -2.418966560561031
398 400 -0.0544849469084292
390 398 -0.8122801326543725
365 423 -0.6010891274007599
360 406 1.2551669361900215
362 401 2.8534721380276795
387 397 3.574453703354731
356 423 1.986327796610479
360 423 -0.07006336313715722
383 421 0.652518806521984
389 404 3.3153580262671256
388 421 -0.007781779532672672
406 423 2.418966462073592
368 414 -0.2899342369326745
368 415 0.1794573777347761
362 389 1.103724552883528
362 404 1.5230823357393546
399 421 4.436121480203944
360 414 2.7803933118077264
414 415 2.7117470592609445
362 415 0.5336849977291656
401 404 2.5856857384930256
360 407 0.1637791782871667
360 408 2.141984057957801
402 411 1.445594446330888
407 408 0.33778526158074773
389 415 3.10674997290245
405 411 2.141984057957801
387 421 1.124638707269666
360 426 -0.11685724657693086
375 424 -0.6872706606037844
396 409 2.8534721380276795
406 426 0.9436225830949259
407 426 0.9436225830949259
375 389 0.2899341161553104
400 424 -0.6698460476628039
409 410 2.184051378192568
406 414 1.124638707269666
408 427 1.4205758640846524
390 417 -2.7117471225450083
394 420 -0.33778538326100627
414 423 5.537334267018537
407 427 1.6615501074318497
389 424 -1.1887676261434261
391 420 -4.145152083743929
390 418 -3.3153581355547077
393 418 -1.60462908492035
393 419 -1.60462908492035
403 411 2.2275794437459226
426 427 1.7825318837304605
417 418 -1.5497854889223055
418 419 -0.7580155848378691
419 420 -1.371652884404361
395 409 1.8471390342477205
397 421 0.2899341161553104
356 412 2.141984057957801
389 416 3.7324082779400585
399 413 2.8534721380276795
399 412 1.188767543534301
389 401 0.8306197427665889
400 425 -2.418966560561031
398 425 -1.4710064589046166
403 422 1.5769599644200505
417 425 -0.867703438765498
414 426 1.3959338990403656
360 427 0.242410407030617
412 413 1.880614156109223
414 427 4.436121480203944
424 425 -0.7580155848378691
360 428 0.5672301020452246
410 429 0.19515760538251437
405 429 -0.25821891342749526
427 428 0.9053573740495944
411 429 0.5672301020452246
397 430 0.4347078707200993
421 430 5.537334267018537
395 433 1.2551669361900215
409 433 -0.11685724657693086
414 428 3.4370554399806776
416 424 -1.3477177614522067
391 433 1.103724552883528
409 429 -0.5672302300910688
389 414 0.9244109312539295
417 435 -1.3477177614522067
403 429 2.4719660016221714
418 435 -0.40219829746062086
429 433 2.5274488884529975
417 434 -1.3008300007371676
418 431 0.1637791782871667
419 432 -0.023346044556825873
422 429 3.9184427168471876
431 435 -0.13248112001244716
431 432 0.982542654754837
420 432 0.5504197869721676
413 444 0.33778526158074773
413 423 0.48390574875928927
412 423 0.40219817433836536
389 438 3.015725255756913
416 446 0.9053573740495944
424 446 -0.7401649710893459
417 443 -3.732408358890588
417 436 -2.6469936768108107
417 437 -3.732408358890588
436 443 0.9244109312539295
434 436 0.6010889981175147
434 437 0.7224263377855422
435 437 1.3008299128497565
424 441 -0.4510470176203887
417 439 -0.8122801326543725
417 440 -1.2327653271421226
417 442 -2.9316434205780437
423 444 3.7324082779400585
414 438 2.0618119072200103
425 441 -1.420575958424365
425 439 -0.9825428039459942
442 443 1.0022628750411067
399 444 0.1637791782871667
417 450 -2.8534722097520193
421 444 2.368217406966919
439 441 1.4968293639808472
439 440 0.45104689322786395
442 450 0.7401648358628796
441 446 1.0830275858277314
440 450 -0.6698460476628039
434 448 -1.8806142848807943
391 435 -0.4184259027266788
391 431 -1.8144600365838361
391 432 -1.420575958424365
437 448 -1.3959339919795308
414 445 3.7324082779400585
440 458 -0.5841189757308616
443 447 -1.847139159904398
438 445 4.844202556684481
389 446 0.8122799937741847
439 458 -0.10124760698692858
442 447 -0.635285935274005
436 448 -0.7759822513321553
440 449 -1.3008300007371676
449 450 1.3959338990403656
437 456 -0.4184259027266788
429 457 1.4968293639808472
448 456 0.3217949194737102
391 456 2.141984057957801
430 444 0.9436225830949259
423 451 0.45104689322786395
389 454 2.5274488884529975
446 458 1.2778513804684322
441 458 0.5336849977291656
442 455 -0.2899342369326745
436 459 -0.9629980439232386
444 451 3.015725255756913
414 451 0.5504197869721676
443 459 -4.145152083743929
448 459 -0.6698460476628039
438 452 2.93164334365634
438 453 5.537334267018537
429 461 0.652518806521984
449 458 0.6181436068748636
450 455 1.3716527928075883
433 457 3.3153580262671256
452 453 1.445594446330888
447 459 1.3959338990403656
457 461 2.8534721380276795
451 462 1.6328169387983074
449 460 1.3959338990403656
442 465 -3.2060451019615273
414 462 1.0625402297313233
450 460 3.9184427168471876
455 465 0.2582187931706581
447 465 -1.751313725733529
448 463 -0.533685124626992
459 463 0.3217949194737102
456 463 0.9629978960423582
438 500 -0.36989699244014895
389 500 0.3217949194737102
454 500 -0.8490927706325437
447 470 -3.43705550120135
447 466 -2.8534722097520193
466 470 2.5856857384930256
430 464 3.9184427168471876
414 473 3.10674997290245
414 474 3.3153580262671256
445 474 -0.2899342369326745
438 474 -0.10124760698692858
453 474 -0.19515772478657212
453 500 -0.6010891274007599
452 474 0.1168571278983801
389 500 3.10674997290245
462 467 0.6010889981175147
414 467 2.101269714871794
414 472 0.5841188470777665
472 473 1.72076695640305
473 474 1.8471390342477205
456 468 1.124638707269666
391 471 -0.7759822513321553
474 500 2.93164334365634
463 468 0.982542654754837
391 468 0.5672301020452246
444 489 3.9184427168471876
414 451 3.10674997290245
414 477 0.7759821143416219
450 490 1.2551669361900215
455 490 -0.6525189378391278
391 476 -1.914934325902037
451 467 2.8534721380276795
458 460 -1.0221649697100497
471 476 1.5769599644200505
433 471 -1.847139159904398
460 469 3.015725255756913
465 490 -3.9184428135768994
447 484 -0.9825428039459942
459 484 0.45104689322786395
472 477 4.436121480203944
458 469 -1.0022630255891705
466 484 -3.43705550120135
414 481 0.8122799937741847
458 479 -1.420575958424365
447 494 -0.2899342369326745
468 475 1.7825318837304605
471 498 -0.635285935274005
433 498 -4.43612156009328
433 485 1.604628978813839
433 486 -0.22663222628581936
465 494 -0.7047962700763302
470 494 -1.751313725733529
459 468 1.188767543534301
391 475 -0.6010891274007599
430 480 0.982542654754837
389 478 -1.60462908492035
446 478 -1.2106356105583946
458 478 -0.2899342369326745
458 482 -2.5274489963885465
460 483 0.2582187931706581
433 491 -0.4510470176203887
457 491 -0.618143736811748
457 488 -0.4839058740936957
457 492 -0.7047962700763302
461 492 -0.7401649710893459
464 480 1.232765242543629
477 481 3.10674997290245
479 482 1.7825318837304605
469 483 -0.4839058740936957
450 483 -0.16377929735639296
488 491 1.9501526258096291
488 492 0.7759821143416219
458 509 -1.324114566604422
461 499 -0.40219829746062086
429 499 -1.0221649697100497
444 480 0.1637791782871667
479 509 1.6908566753683048
469 482 -1.3959339919795308
475 476 -2.22757952790676
485 486 0.9053573740495944
486 491 1.3241144775306468
492 499 4.436121480203944
464 493 1.3241144775306468
444 514 0.4347078707200993
414 477 0.369896870073811
469 487 1.103724552883528
466 502 -1.2106356105583946
480 514 3.3153580262671256
478 509 -1.2778514672160726
482 487 -2.7117471225450083
483 487 -0.4839058740936957
484 502 -0.25821891342749526
473 500 2.31951701078773
459 503 -1.847139159904398
476 496 -3.9184428135768994
471 497 -1.5769600686022973
480 493 2.7803933118077264
451 477 1.7825318837304605
470 502 -0.9629980439232386
476 497 -1.5230824363372633
430 493 -0.6010891274007599
472 500 3.7324082779400585
479 501 -1.690856787854381
490 528 0.8306197427665889
465 528 -4.145152083743929
470 510 -1.4455945421327967
476 504 0.8306197427665889
476 495 -0.32179504083642385
483 490 -3.732408358890588
494 528 -0.6010891274007599
494 510 0.8864565510992328
502 510 0.8490926297285697
468 503 -0.6698460476628039
495 504 1.5230823357393546
495 496 -0.8306198826413334
497 498 -3.106750063060895
430 518 -1.2551670218420983
493 518 -2.023524054927849
444 507 3.10674997290245
389 515 4.844202556684481
485 505 3.2060450031958343
486 506 1.5769599644200505
475 503 -2.4719661045957224
485 506 -0.27405945275533616
451 508 0.652518806521984
479 516 -0.4510470176203887
501 516 2.7117470592609445
482 501 -1.1457782950449733
476 512 1.471006361575077
498 513 2.418966462073592
433 513 -3.5744537730315336
488 499 2.5274488884529975
478 515 -1.2551670218420983
509 516 0.6010889981175147
484 503 -2.4719661045957224
496 512 -1.3477177614522067
497 512 -2.2726892867301896
505 513 -4.844202616288199
505 506 1.72076695640305
491 506 2.5856857384930256
444 524 0.9053573740495944
451 507 -0.16377929735639296
478 527 0.48390574875928927
475 539 -1.914934325902037
495 517 0.4347078707200993
496 517 -0.32179504083642385
489 524 -0.533685124626992
507 508 4.436121480203944
477 508 3.3153580262671256
500 515 1.4968293639808472
503 539 -5.53733426701854
524 525 0.5336849977291656
489 525 -0.0544849469084292
487 520 0.8864565510992328
483 520 -2.1419841365639445
484 534 -2.7117471225450083
475 529 -0.0544849469084292
476 529 -1.6615502176829433
495 511 0.6352858046593717
497 523 -0.9629980439232386
483 528 -2.7117471225450083
502 534 1.0022628750411067
504 511 0.9436225830949259
511 517 0.8490926297285697
498 523 -2.1840514594677467
493 521 -0.023346044556825873
480 521 0.7047961364960313
500 522 2.5274488884529975
494 519 -0.038913137770452355
482 520 -1.6615502176829433
520 528 -1.1246387871621042
510 519 0.03891301945135828
512 517 -0.22663222628581936
491 499 0.9244109312539295
514 524 3.015725255756913
477 526 3.015725255756913
484 539 -3.5744537730315336
509 527 -2.7803933790295874
519 528 -1.986327866288225
529 539 -1.690856787854381
512 523 -2.1840514594677467
513 523 -2.2726892867301896
444 530 0.1168571278983801
534 539 2.31951701078773
504 529 -1.042255157127819
489 530 1.6615501074318497
444 533 -0.2899342369326745
482 536 -2.7803933790295874
528 531 -2.368217501379304
519 531 0.6352858046593717
499 537 -0.7940690348095123
530 533 3.574453703354731
507 533 -1.420575958424365
520 536 0.6010889981175147
500 535 1.6328169387983074
515 535 3.574453703354731
510 532 -1.5230824363372633
510 534 -2.8534722097520193
491 544 -1.2106356105583946
478 535 -1.0022630255891705
519 532 -0.9436227297103521
499 544 -1.2551670218420983
524 543 2.0618119072200103
525 543 0.982542654754837
501 536 -3.43705550120135
505 544 -1.2551670218420983
506 544 -1.690856787854381
518 521 -3.2060451019615273
525 530 2.2275794437459226
532 534 0.8122799937741847
537 544 2.7117470592609445
511 529 -2.1419841365639445
511 558 -2.7803933790295874
517 558 -4.844202616288199
531 532 -0.9629980439232386
529 558 -2.418966560561031
518 571 -3.3153581355547077
477 541 4.145152023550564
522 535 3.574453703354731
512 558 -3.9184428135768994
513 544 -5.53733426701854
480 540 0.1168571278983801
530 543 2.8534721380276795
516 549 -3.9184428135768994
501 549 -4.43612156009328
536 549 0.054484828546315534
521 540 1.880614156109223
509 549 -4.844202616288199
523 558 -3.2060451019615273
514 543 1.880614156109223
500 538 2.418966462073592
522 542 5.537334267018537
527 547 2.418966462073592
508 541 0.2582187931706581
478 547 1.124638707269666
527 549 -3.43705550120135
528 536 -0.4184259027266788
508 545 3.9184427168471876
500 526 1.986327796610479
514 540 1.210635526973574
508 533 0.07006324471763459
541 545 3.9184427168471876
477 500 3.2060450031958343
500 542 1.0422550037182607
535 548 -0.7940690348095123
539 552 -4.844202616288199
529 552 0.45104689322786395
522 546 3.7324082779400585
535 560 -0.17945749696390423
533 545 1.7825318837304605
548 560 1.6908566753683048
535 559 -1.0022630255891705
536 550 -0.08565028243590467
528 551 -2.7803933790295874
531 551 0.1481210376275779
532 557 -1.9501526936104758
477 500 1.6908566753683048
535 546 2.141984057957801
548 559 2.2275794437459226
478 560 0.10124748840924536
528 550 -2.1419841365639445
534 557 -5.53733426701854
552 558 -4.43612156009328
514 553 1.8144599138640842
538 542 -0.08565028243590467
547 549 -3.9184428135768994
549 550 -3.5744537730315336
513 558 -4.43612156009328
521 554 0.2582187931706581
528 563 0.2582187931706581
551 563 -0.722426472174637
514 555 2.7117470592609445
500 556 0.7759821143416219
500 542 2.184051378192568
534 564 -0.867703438765498
539 564 -2.5274489963885465
540 554 -0.2899342369326745
543 555 1.8471390342477205
547 560 -0.6010891274007599
531 557 -2.4719661045957224
540 553 0.22663210648628773
500 541 0.35381849771398977
528 569 -3.2060451019615273
539 566 -5.53733426701854
537 567 -1.690856787854381
518 554 -1.7207670712436016
553 554 2.31951701078773
563 569 -2.7803933790295874
551 557 -0.0544849469084292
543 561 3.4370554399806776
541 565 0.8490926297285697
500 565 2.7803933118077264
547 562 1.1457782142804072
544 570 -1.60462908492035
537 570 -1.5497854889223055
567 570 1.4968293639808472
560 562 1.3716527928075883
546 559 -0.4184259027266788
539 576 -2.319517101482562
553 555 1.7513136084096503
522 559 0.9629978960423582
559 560 1.1671515377428254
549 562 -2.0618119810484816
564 576 -0.722426472174637
566 576 -2.418966560561031
530 573 3.3153580262671256
533 541 -0.21088196663715686
528 578 -1.324114566604422
534 585 -3.3153581355547077
539 575 -2.8534722097520193
513 581 -0.0544849469084292
543 573 4.844202556684481
533 565 3.10674997290245
550 578 -0.023346044556825873
557 585 -2.22757952790676
564 585 -1.0022630255891705
566 575 0.982542654754837
552 575 -1.690856787854381
558 581 -3.9184428135768994
553 572 1.986327796610479
500 577 2.8534721380276795
551 574 -2.6469936768108107
542 559 0.9436225830949259
569 578 -4.43612156009328
563 574 1.4205758640846524
513 570 -4.43612156009328
554 568 1.1671515377428254
550 580 -1.6615502176829433
553 568 0.9629978960423582
542 556 -0.6872706606037844
578 580 2.8534721380276795
555 561 1.986327796610479
549 580 -4.844202616288199
557 574 -5.53733426701854
570 581 -3.5744537730315336
553 561 1.471006361575077
542 580 -2.4719661045957224
556 579 0.5336849977291656
559 580 -2.023524054927849
560 580 -3.43705550120135
562 580 -0.5841189757308616
577 579 -5.53733426701854
579 580 -0.8122801326543725
569 574 -3.3153581355547077
574 585 -0.32179504083642385
518 568 -2.023524054927849
565 582 3.574453703354731
500 584 5.537334267018537
564 583 -1.1037246319352672
576 583 0.40219817433836536
533 582 2.7117470592609445
558 575 -2.7117471225450083
564 586 0.19515760538251437
575 589 -1.60462908492035
561 572 3.2060450031958343
583 586 0.5004307185850176
558 589 -4.43612156009328
570 593 -0.33778538326100627
567 594 -0.2899342369326745
567 588 -1.083027742309897
588 594 2.2726891994400433
518 587 1.9501526258096291
568 587 -1.8144600365838361
570 594 0.2582187931706581
553 587 -2.1012697910023577
565 584 1.3959338990403656
576 600 -1.6615502176829433
570 606 -0.305845384176723
561 573 4.145152023550564
585 586 -0.4674454634335292
566 600 -2.7803933790295874
593 606 3.10674997290245
558 591 -4.844202616288199
558 592 -4.145152083743929
558 596 -1.847139159904398
570 606 -0.9825428039459942
583 600 -1.3959339919795308
589 600 1.7825318837304605
589 591 -0.6872706606037844
591 592 -1.167151619412428
592 596 -0.618143736811748
581 596 0.7401648358628796
581 606 -1.420575958424365
594 606 2.5856857384930256
533 597 1.4205758640846524
581 602 0.5170228985401271
530 597 3.574453703354731
602 606 -0.9436227297103521
561 603 3.10674997290245
574 601 -1.6328170469254393
574 598 -3.106750063060895
574 595 -3.106750063060895
585 599 -1.3959339919795308
586 599 -1.7207670712436016
569 601 -4.844202616288199
598 601 2.4719660016221714
580 590 0.2582187931706581
578 590 1.347717671142901
585 595 -1.167151619412428
571 587 -3.3153581355547077
582 597 2.93164334365634
569 590 -3.2060451019615273
595 598 1.8471390342477205
595 599 1.2778513804684322
583 599 -1.986327866288225
572 587 -3.0157253387444354
599 600 1.6615501074318497
530 604 3.10674997290245
582 584 4.844202556684481
580 609 -4.844202616288199
580 605 -2.9316434205780437
580 607 -4.844202616288199
590 607 -2.7117471225450083
605 609 1.9501526258096291
605 607 2.7117470592609445
596 602 -1.5769600686022973
579 609 1.232765242543629
594 620 0.5004307185850176
597 604 2.4719660016221714
606 620 3.2060450031958343
595 601 -0.24241052705099042
589 613 -0.5672302300910688
592 614 0.1637791782871667
595 610 0.03891301945135828
595 608 0.1794573777347761
599 608 -0.33778538326100627
589 674 -3.43705550120135
596 611 -1.0625403846496646
577 609 -3.732408358890588
601 610 2.7803933118077264
613 674 -0.3860227795812654
591 613 -4.43612156009328
591 614 -2.9316434205780437
602 611 1.5497853865743236
608 610 2.31951701078773
600 608 0.33778526158074773
596 614 -5.53733426701854
605 612 0.6181436068748636
589 623 -0.8306198826413334
609 612 -1.2778514672160726
600 623 -1.2551670218420983
603 615 5.537334267018537
609 621 -2.418966560561031
605 616 -3.2060451019615273
605 617 -5.53733426701854
605 624 0.41842577919951873
572 603 -0.10124760698692858
612 621 0.6181436068748636
617 624 -1.1887676261434261
623 674 -3.106750063060895
605 618 -2.418966560561031
612 616 -1.7825320036768968
606 611 0.6181436068748636
608 619 -1.8806142848807943
600 619 -2.2726892867301896
573 604 3.015725255756913
600 622 -2.2726892867301896
582 604 5.537334267018537
618 624 0.5504197869721676
619 622 1.0022628750411067
577 626 4.436121480203944
622 623 -0.023346044556825873
577 641 -4.844202616288199
605 628 -1.4455945421327967
609 641 -0.353818619728701
616 621 0.4347078707200993
618 628 -1.1887676261434261
607 628 -0.4674454634335292
626 641 -4.844202616288199
610 619 -2.1840514594677467
584 638 1.188767543534301
584 625 2.141984057957801
601 631 -2.368217501379304
610 635 -3.9184428135768994
619 635 -0.7580155848378691
596 627 1.9501526258096291
611 627 0.9629978960423582
572 615 1.9501526258096291
582 638 2.646993557188065
624 628 1.4205758640846524
601 632 -2.0618119810484816
619 633 -1.1887676261434261
622 629 0.7940688968903633
623 629 -1.2778514672160726
623 634 1.0625402297313233
569 631 -5.53733426701854
631 632 -0.6525189378391278
622 633 -1.2778514672160726
629 634 -1.371652884404361
609 630 -2.1012697910023577
621 630 1.0625402297313233
616 630 -2.7803933790295874
617 628 -2.5274489963885465
591 646 -1.8144600365838361
614 646 -1.9501526936104758
614 678 -0.5504199144331001
561 604 1.5497853865743236
500 626 3.574453703354731
605 630 0.1794573777347761
605 628 0.4347078707200993
646 674 -3.3153581355547077
646 678 -2.368217501379304
627 678 -5.53733426701854
587 642 2.368217406966919
572 642 -2.7117471225450083
615 636 5.537334267018537
604 637 3.9184427168471876
607 643 -1.6328170469254393
607 639 -3.43705550120135
628 643 1.2551669361900215
639 643 1.72076695640305
601 635 -2.1840514594677467
607 640 -2.9316434205780437
639 640 1.604628978813839
629 633 -1.167151619412428
619 647 0.5672301020452246
629 644 0.1794573777347761
500 625 2.646993557188065
630 641 1.2778513804684322
590 640 -0.11685724657693086
632 635 -2.5856858519456853
633 647 -0.9053575182618498
634 644 -0.2899342369326745
634 674 -3.43705550120135
611 645 -0.14812115655181013
603 636 5.537334267018537
625 638 0.33778526158074773
635 647 -1.1887676261434261
627 645 -2.5274489963885465
633 644 -1.4710064589046166
628 630 0.7940688968903633
603 615 0.4347078707200993
635 648 -2.7117471225450083
634 659 -2.368217501379304
572 603 2.646993557188065
632 648 -2.319517101482562
659 674 -0.5841189757308616
640 654 -4.43612156009328
590 654 -3.9184428135768994
571 642 -2.2726892867301896
631 648 -2.0618119810484816
639 654 -3.3153581355547077
606 645 -0.0544849469084292
630 650 -3.9184428135768994
628 663 -2.2726892867301896
643 663 -3.43705550120135
639 653 -5.53733426701854
639 649 -5.53733426701854
561 637 0.6698459156176995
500 638 -0.25821891342749526
650 663 3.4370554399806776
649 653 0.40219817433836536
649 654 -0.21088196663715686
644 647 1.0022628750411067
500 582 4.436121480203944
639 652 -2.5856858519456853
639 658 -5.53733426701854
643 652 -1.5230824363372633
652 658 -2.2726892867301896
653 658 2.31951701078773
569 648 -5.53733426701854
641 655 -4.844202616288199
641 656 -3.732408358890588
643 657 -1.1887676261434261
627 666 -1.8144600365838361
655 656 3.3153580262671256
630 656 -3.2060451019615273
657 663 1.3008299128497565
652 657 2.7803933118077264
647 648 -2.5274489963885465
666 678 0.13248100121840833
561 604 2.368217406966919
650 656 3.574453703354731
644 659 -1.5497854889223055
644 648 -3.5744537730315336
648 659 0.7759821143416219
645 666 -0.6010891274007599
571 651 1.9501526258096291
645 661 -1.3959339919795308
569 654 -4.844202616288199
661 666 0.5004307185850176
603 642 -1.5497854889223055
606 661 -4.43612156009328
663 665 2.7803933118077264
659 664 -1.847139159904398
664 674 -2.5274489963885465
657 665 2.31951701078773
658 662 2.7803933118077264
648 660 -1.7825320036768968
653 662 2.7117470592609445
652 665 2.646993557188065
641 688 0.274059332246233
663 667 -3.43705550120135
658 665 -2.7117471225450083
648 670 -2.8534722097520193
648 674 -3.5744537730315336
626 688 -4.844202616288199
662 665 -3.106750063060895
660 670 -1.3477177614522067
648 676 -2.2726892867301896
648 669 -3.5744537730315336
660 669 -1.3008300007371676
670 674 1.0422550037182607
659 674 -2.1012697910023577
669 676 3.2060450031958343
569 676 -4.43612156009328
606 666 -3.732408358890588
663 668 1.8144599138640842
561 582 3.9184427168471876
649 662 0.38602265684584536
669 670 1.5769599644200505
606 675 2.31951701078773
665 668 0.4347078707200993
650 671 0.6010889981175147
665 672 2.7117470592609445
665 673 0.7580154487445683
641 656 -5.53733426701854
667 668 -1.7207670712436016
668 672 2.184051378192568
662 673 -2.8534722097520193
650 677 0.4347078707200993
656 688 -3.3153581355547077
663 677 -0.17945749696390423
672 673 1.0422550037182607
656 683 -3.9184428135768994
663 679 -2.22757952790676
649 689 -5.53733426701854
649 686 -4.844202616288199
654 686 -5.53733426701854
654 691 -4.844202616288199
666 675 -2.418966560561031
662 689 -4.145152083743929
686 689 3.015725255756913
569 691 -4.844202616288199
650 683 -3.5744537730315336
650 680 -1.6615502176829433
668 681 -3.732408358890588
654 690 -4.844202616288199
683 688 4.145152023550564
671 683 -1.2778514672160726
667 679 -4.43612156009328
667 681 -2.7117471225450083
673 689 -2.023524054927849
686 690 2.2726891994400433
667 685 -2.8534722097520193
500 688 -4.43612156009328
671 680 -1.042255157127819
681 685 2.101269714871794
690 691 -5.53733426701854
680 684 1.72076695640305
650 684 -1.3477177614522067
670 693 -0.722426472174637
677 684 -0.8490927706325437
679 685 0.7047961364960313
669 693 0.6181436068748636
674 693 1.2778513804684322
672 681 -1.420575958424365
677 679 -0.7940690348095123
673 681 -1.2327653271421226
677 682 1.347717671142901
679 682 -1.1246387871621042
606 687 4.844202556684481
671 692 -0.0544849469084292
680 692 0.652518806521984
561 642 -3.2060451019615273
683 692 -3.732408358890588
676 693 0.40219817433836536
682 684 -0.2899342369326745
569 693 -4.844202616288199
675 678 -4.43612156009328
678 696 -4.844202616288199
675 696 -1.2778514672160726
681 705 -3.43705550120135
673 705 0.7047961364960313
681 694 -3.0157253387444354
685 694 -2.023524054927849
680 695 -5.53733426701854
684 695 -4.43612156009328
682 685 -0.14812115655181013
692 695 -2.1419841365639445
682 694 0.41842577919951873
689 705 -4.844202616288199
500 719 -4.844202616288199
500 561 2.5274488884529975
688 719 3.015725255756913
692 698 -0.5004308444200505
684 712 1.5497853865743236
682 712 -2.1840514594677467
646 699 -1.5769600686022973
678 699 -1.5769600686022973
696 699 -2.22757952790676
695 698 -4.844202616288199
646 702 -2.6469936768108107
699 702 -0.9244110766470177
571 703 -0.5504199144331001
561 706 4.145152023550564
682 701 1.347717671142901
694 701 1.471006361575077
606 697 0.6181436068748636
687 697 2.7803933118077264
674 702 -3.106750063060895
675 697 1.2551669361900215
642 716 1.103724552883528
682 700 1.3959338990403656
571 716 -1.4455945421327967
571 718 3.9184427168471876
716 718 -2.8534722097520193
684 714 -3.106750063060895
681 722 -4.43612156009328
675 687 2.141984057957801
695 714 -2.0618119810484816
694 722 -2.4719661045957224
705 722 -3.106750063060895
693 708 2.141984057957801
693 709 2.418966462073592
693 710 2.0618119072200103
700 701 -0.0544849469084292
700 704 2.368217406966919
701 704 2.418966462073592
693 707 1.103724552883528
707 708 -0.08565028243590467
708 709 1.9501526258096291
709 710 1.880614156109223
674 710 1.1671515377428254
561 713 3.10674997290245
691 723 -0.4510470176203887
698 714 -1.167151619412428
700 712 -2.8534722097520193
690 723 0.023345926266394867
571 715 1.0422550037182607
674 711 2.368217406966919
712 714 -4.844202616288199
701 722 -1.0625403846496646
712 717 1.9149341938214999
700 717 -1.5497854889223055
702 720 -2.5856858519456853
699 720 -2.1012697910023577
696 720 -2.8534722097520193
703 715 3.4370554399806776
674 720 -0.0544849469084292
675 720 -4.43612156009328
692 721 -0.533685124626992
683 721 -1.2778514672160726
703 734 -1.9501526936104758
711 725 1.986327796610479
674 725 0.13248100121840833
704 717 -2.8534722097520193
717 726 0.41842577919951873
704 726 -1.5769600686022973
708 729 0.6352858046593717
709 729 0.6181436068748636
710 725 0.5170228985401271
642 706 -2.6469936768108107
500 688 -5.53733426701854
710 729 0.45104689322786395
720 725 1.3959338990403656
691 739 -2.2726892867301896
674 725 0.2582187931706581
711 725 1.6328169387983074
711 724 0.8864565510992328
698 721 -2.7117471225450083
701 726 -1.4968294629075651
569 739 1.2551669361900215
569 707 -3.5744537730315336
725 729 3.4370554399806776
698 736 0.10124748840924536
698 730 3.2060450031958343
705 738 -2.8534722097520193
686 727 2.646993557188065
707 729 2.023523983245292
721 736 -2.9316434205780437
730 736 0.7047961364960313
714 730 -0.4674454634335292
722 738 1.8471390342477205
689 727 3.9184427168471876
571 735 4.844202556684481
712 731 -0.33778538326100627
701 732 -2.319517101482562
686 728 1.0422550037182607
690 728 2.0618119072200103
726 732 1.347717671142901
727 728 2.7117470592609445
724 725 1.9501526258096291
571 703 3.2060450031958343
701 740 -0.6872706606037844
722 740 -3.2060451019615273
717 731 0.4347078707200993
732 740 -0.353818619728701
723 739 0.4674453385798212
712 737 0.8864565510992328
717 733 1.9149341938214999
731 737 1.5230823357393546
731 733 1.347717671142901
726 733 0.4674453385798212
689 738 1.188767543534301
690 741 -3.0157253387444354
723 741 0.48390574875928927
728 741 -3.5744537730315336
712 748 1.124638707269666
703 735 0.652518806521984
714 748 -3.43705550120135
716 742 2.93164334365634
642 742 0.9629978960423582
561 642 -2.4719661045957224
500 746 -3.5744537730315336
688 746 0.982542654754837
733 737 1.471006361575077
739 741 -1.1037246319352672
500 781 2.7117470592609445
730 758 -0.5170230248961472
720 768 -3.732408358890588
561 781 2.7117470592609445
714 758 0.4347078707200993
737 748 0.3217949194737102
725 768 -2.9316434205780437
675 768 1.471006361575077
703 743 2.4719660016221714
683 753 1.6908566753683048
683 754 -3.0157253387444354
721 754 -1.1457782950449733
721 757 -1.1037246319352672
721 747 -1.1887676261434261
736 747 2.2275794437459226
748 759 1.6908566753683048
737 759 0.8677032967963991
733 750 1.72076695640305
722 755 -3.5744537730315336
741 744 0.1481210376275779
739 744 0.8677032967963991
753 754 -5.53733426701854
747 757 2.5856857384930256
726 750 0.6872705278045488
740 755 -0.6872706606037844
569 729 -3.2060451019615273
703 745 -0.038913137770452355
735 756 4.145152023550564
571 756 1.880614156109223
737 751 0.7224263377855422
722 752 -1.8806142848807943
738 752 -0.5672302300910688
743 745 2.141984057957801
735 745 -0.14812115655181013
754 757 2.184051378192568
730 747 0.6010889981175147
751 759 2.93164334365634
752 755 -2.418966560561031
745 749 2.184051378192568
735 749 -0.867703438765498
737 750 0.8122799937741847
689 769 2.184051378192568
569 764 -2.5856858519456853
738 769 1.986327796610479
729 764 -3.2060451019615273
561 760 3.3153580262671256
683 762 -0.3860227795812654
753 762 2.7803933118077264
732 755 0.1481210376275779
718 756 4.436121480203944
748 758 0.8122799937741847
750 751 2.93164334365634
732 750 -0.533685124626992
728 744 -1.1887676261434261
561 761 2.7117470592609445
718 742 -2.5274489963885465
760 761 2.93164334365634
750 755 2.368217406966919
734 763 4.436121480203944
730 757 -0.19515772478657212
752 769 -2.2726892867301896
703 745 -0.33778538326100627
561 765 4.844202556684481
744 766 -0.8122801326543725
739 766 -0.40219829746062086
569 766 2.7803933118077264
725 767 -5.53733426701854
767 768 2.101269714871794
703 763 0.22663210648628773
688 762 -0.24241052705099042
757 758 0.1794573777347761
703 749 -1.3477177614522067
749 756 -0.5004308444200505
753 770 -5.53733426701854
754 770 0.38602265684584536
728 776 1.188767543534301
642 760 -3.5744537730315336
744 776 0.274059332246233
675 725 -4.844202616288199
766 776 1.880614156109223
675 767 1.8144599138640842
703 777 2.93164334365634
754 779 -0.4510470176203887
754 798 0.007781661256567096
757 798 0.03891301945135828
757 774 -0.9436227297103521
758 771 -1.5230824363372633
748 771 -3.5744537730315336
763 777 2.0618119072200103
761 765 -0.5841189757308616
779 798 1.9149341938214999
758 774 -0.4510470176203887
761 773 0.22663210648628773
765 773 2.8534721380276795
748 780 -4.43612156009328
759 780 -4.145152083743929
751 775 -1.8806142848807943
750 775 -3.106750063060895
755 775 -3.106750063060895
729 782 -2.319517101482562
675 729 -4.145152083743929
500 688 -3.5744537730315336
770 779 2.93164334365634
771 774 -0.6525189378391278
771 780 -0.4674454634335292
755 769 -3.9184428135768994
764 782 -0.5504199144331001
569 790 -4.844202616288199
764 790 -0.9825428039459942
764 772 1.4205758640846524
688 753 1.471006361575077
774 798 2.2275794437459226
769 775 -1.60462908492035
766 790 -4.844202616288199
772 782 -0.3860227795812654
772 790 -3.5744537730315336
675 782 -0.32179504083642385
756 778 2.93164334365634
749 778 0.2899341161553104
759 775 -0.618143736811748
775 791 0.4674453385798212
760 773 0.2582187931706581
769 791 -2.1419841365639445
763 784 3.015725255756913
774 783 2.5856857384930256
775 789 0.8864565510992328
771 783 -2.1840514594677467
775 780 -4.844202616288199
689 728 1.986327796610479
772 785 1.210635526973574
689 776 -0.08565028243590467
782 785 0.054484828546315534
703 787 -0.07006336313715722
749 787 3.574453703354731
780 786 2.023523983245292
775 786 -4.844202616288199
777 787 2.5856857384930256
642 773 -5.53733426701854
561 773 1.6328169387983074
783 798 3.574453703354731
789 791 0.7580154487445683
785 790 -4.43612156009328
776 839 -2.5274489963885465
689 839 -5.53733426701854
742 795 0.054484828546315534
642 795 -4.145152083743929
783 796 2.368217406966919
771 796 -2.368217501379304
778 788 1.445594446330888
756 788 3.9184427168471876
689 792 3.9184427168471876
776 793 -0.08565028243590467
766 793 2.023523983245292
688 770 -5.53733426701854
793 839 -5.53733426701854
777 797 1.471006361575077
780 796 -5.53733426701854
688 781 -3.9184428135768994
763 797 -2.7803933790295874
775 805 -0.7401649710893459
784 797 0.054484828546315534
786 805 -3.0157253387444354
790 793 -5.53733426701854
787 794 2.93164334365634
796 798 3.9184427168471876
780 798 -4.844202616288199
789 805 2.023523983245292
561 642 -3.43705550120135
786 798 -5.53733426701854
675 800 3.3153580262671256
749 788 -2.319517101482562
689 791 -1.6328170469254393
782 800 0.007781661256567096
788 802 -4.145152083743929
791 811 -2.1840514594677467
675 801 2.184051378192568
787 797 0.7047961364960313
749 794 -0.16377929735639296
749 802 3.9184427168471876
689 811 -0.22663222628581936
785 799 0.1168571278983801
782 799 1.9501526258096291
792 839 -3.5744537730315336
787 807 2.184051378192568
756 803 3.2060450031958343
781 804 1.7825318837304605
797 807 3.9184427168471876
798 805 -0.32179504083642385
799 800 -0.08565028243590467
749 787 1.880614156109223
756 802 -3.0157253387444354
718 803 0.9244109312539295
799 812 1.3241144775306468
802 803 -2.8534722097520193
800 812 -0.27405945275533616
742 808 -0.27405945275533616
789 811 -5.53733426701854
785 806 0.8864565510992328
799 806 0.1168571278983801
784 807 1.9501526258096291
718 808 2.418966462073592
790 806 -5.53733426701854
561 813 3.574453703354731
688 836 -0.5672302300910688
787 814 2.101269714871794
770 818 -4.844202616288199
807 814 4.844202556684481
688 818 1.5230823357393546
806 812 0.07006324471763459
787 809 2.2726891994400433
749 809 3.9184427168471876
688 830 -0.8490927706325437
798 810 -3.5744537730315336
798 811 -4.844202616288199
805 811 -4.844202616288199
830 836 2.8534721380276795
810 811 0.8122799937741847
779 818 -5.53733426701854
779 822 -5.53733426701854
798 822 -5.53733426701854
689 832 -1.8144600365838361
809 814 1.232765242543629
718 802 0.7224263377855422
810 822 0.07006324471763459
811 832 -1.8806142848807943
818 822 2.31951701078773
792 832 -1.167151619412428
781 821 3.9184427168471876
832 839 3.015725255756913
642 813 -4.43612156009328
802 819 0.8306197427665889
810 815 1.4968293639808472
811 816 1.103724552883528
815 822 -0.722426472174637
811 815 0.4674453385798212
809 820 2.646993557188065
749 820 3.10674997290245
808 827 1.0422550037182607
815 816 1.72076695640305
811 817 2.5856857384930256
718 827 1.232765242543629
688 821 -3.9184428135768994
816 817 2.5856857384930256
718 826 1.0221648177565306
826 827 1.6328169387983074
742 827 -0.40219829746062086
749 819 0.5336849977291656
802 825 -0.5672302300910688
802 823 0.4347078707200993
802 826 -1.2778514672160726
811 822 3.2060450031958343
819 825 4.844202556684481
817 822 1.72076695640305
816 822 -0.5672302300910688
823 825 2.0618119072200103
823 826 0.8677032967963991
749 824 3.7324082779400585
820 824 2.141984057957801
675 828 2.646993557188065
749 825 -0.4347079946705643
818 836 -4.145152083743929
828 831 3.10674997290245
675 831 0.8490926297285697
825 829 3.574453703354731
823 829 1.7825318837304605
814 820 1.6615501074318497
824 825 -1.1887676261434261
827 845 3.574453703354731
742 845 0.1481210376275779
642 834 2.368217406966919
813 834 -3.106750063060895
826 829 -0.27405945275533616
675 812 0.5336849977291656
784 814 2.184051378192568
675 833 3.9184427168471876
811 838 -3.0157253387444354
832 838 -0.22663222628581936
790 847 -0.007781779532672672
822 838 -5.53733426701854
793 847 -4.844202616288199
784 835 -1.1887676261434261
814 824 0.6698459156176995
795 834 -3.3153581355547077
818 843 -1.690856787854381
675 831 3.10674997290245
827 829 2.8534721380276795
836 843 2.93164334365634
831 833 3.10674997290245
812 837 1.188767543534301
806 837 0.369896870073811
675 837 1.0625402297313233
784 841 0.4674453385798212
814 841 3.2060450031958343
822 842 -3.2060451019615273
832 840 1.471006361575077
835 841 0.5504197869721676
818 842 -4.844202616288199
814 825 3.9184427168471876
818 844 -4.844202616288199
842 844 2.2726891994400433
832 839 3.9184427168471876
838 842 1.471006361575077
839 840 2.5856857384930256
839 840 2.141984057957801
790 837 -1.3959339919795308
843 844 -2.319517101482562
838 839 1.0022628750411067
825 845 -2.1840514594677467
830 868 1.5769599644200505
688 868 -0.24241052705099042
829 845 3.2060450031958343
561 834 -4.43612156009328
825 854 -3.732408358890588
675 790 -1.324114566604422
845 854 3.7324082779400585
829 845 0.22663210648628773
829 851 1.5497853865743236
845 851 2.4719660016221714
838 846 -0.17945749696390423
790 850 -2.9316434205780437
675 850 0.07006324471763459
795 852 3.574453703354731
844 848 -0.5170230248961472
842 848 0.5336849977291656
834 852 -2.5856858519456853
842 846 -1.1887676261434261
839 846 2.5274488884529975
825 841 1.0422550037182607
844 846 1.3008299128497565
842 849 -0.3860227795812654
848 849 3.2060450031958343
846 849 2.31951701078773
847 850 -1.690856787854381
841 853 0.7580154487445683
825 858 -4.145152083743929
561 856 2.31951701078773
847 855 -1.4710064589046166
825 853 3.574453703354731
854 858 3.7324082779400585
843 846 1.986327796610479
846 848 1.9149341938214999
850 855 2.101269714871794
825 857 3.4370554399806776
675 862 3.9184427168471876
857 858 -0.6872706606037844
845 861 4.145152023550564
742 861 -2.0618119810484816
781 932 -4.844202616288199
821 932 -2.418966560561031
846 860 -4.145152083743929
742 852 -1.371652884404361
848 859 -5.53733426701854
830 875 3.7324082779400585
846 863 -3.0157253387444354
688 932 -4.844202616288199
868 875 2.418966462073592
860 863 2.31951701078773
675 855 -0.6010891274007599
855 867 -0.33778538326100627
849 859 -4.844202616288199
849 863 -4.844202616288199
675 867 2.646993557188065
561 932 -5.53733426701854
852 864 -1.8144600365838361
860 865 -0.40219829746062086
742 864 2.5274488884529975
846 859 -4.844202616288199
846 865 -1.1037246319352672
859 866 -0.6525189378391278
847 867 -1.9501526936104758
561 879 -3.43705550120135
860 869 0.1794573777347761
834 879 -4.844202616288199
856 879 -1.5497854889223055
863 869 1.6615501074318497
865 869 1.0221648177565306
856 932 -4.43612156009328
861 864 -2.2726892867301896
879 932 -3.5744537730315336
853 877 0.8490926297285697
854 874 0.35381849771398977
859 870 1.2551669361900215
825 877 1.7825318837304605
845 874 2.93164334365634
866 870 0.45104689322786395
845 864 -1.8806142848807943
858 874 1.5769599644200505
853 876 3.2060450031958343
834 882 -5.53733426701854
865 880 -0.6872706606037844
852 882 -4.145152083743929
879 882 -2.4719661045957224
869 880 1.0625402297313233
857 881 -0.4839058740936957
858 881 2.93164334365634
858 873 4.844202556684481
847 871 2.368217406966919
867 871 -3.3153581355547077
825 881 -0.6525189378391278
859 870 1.9149341938214999
793 871 -5.53733426701854
675 871 -1.1457782950449733
859 878 -1.690856787854381
863 872 -1.324114566604422
869 872 0.023345926266394867
846 878 -0.635285935274005
846 880 -5.53733426701854
870 878 0.40219817433836536
876 877 4.436121480203944
873 881 3.574453703354731
688 875 -1.324114566604422
872 880 -0.7759822513321553
875 932 -5.53733426701854
825 885 4.145152023550564
839 888 -4.145152083743929
881 885 0.982542654754837
840 888 -4.844202616288199
845 887 3.3153580262671256
836 889 -5.53733426701854
843 889 -4.43612156009328
859 878 -0.023346044556825873
863 880 1.3716527928075883
852 891 -1.1887676261434261
878 883 0.3058452631148958
864 891 2.7803933118077264
882 891 -5.53733426701854
859 883 1.5230823357393546
858 886 1.5497853865743236
874 886 3.9184427168471876
825 884 2.2275794437459226
884 885 3.015725255756913
879 890 2.93164334365634
890 932 -3.5744537730315336
675 966 2.101269714871794
846 883 -4.43612156009328
871 966 -0.4674454634335292
858 892 1.7513136084096503
886 892 0.5504197869721676
845 891 0.6352858046593717
873 892 4.436121480203944
846 849 1.3241144775306468
846 863 -4.43612156009328
825 894 2.5274488884529975
846 859 -5.53733426701854
877 894 0.8677032967963991
882 893 2.5856857384930256
879 893 -3.43705550120135
890 893 -4.844202616288199
884 894 2.2275794437459226
830 889 -2.8534722097520193
887 895 4.145152023550564
871 898 -1.0221649697100497
793 898 -0.9053575182618498
845 895 -0.007781779532672672
885 894 2.7117470592609445
874 895 0.4674453385798212
871 896 -2.1419841365639445
896 966 -1.371652884404361
896 898 0.1168571278983801
877 899 0.22663210648628773
874 897 2.31951701078773
889 903 -3.2060451019615273
894 899 4.145152023550564
895 897 1.188767543534301
830 903 3.3153580262671256
891 893 -5.53733426701854
885 900 3.2060450031958343
881 900 0.6872705278045488
843 903 3.2060450031958343
887 897 3.4370554399806776
873 900 -0.635285935274005
894 900 1.2778513804684322
892 901 2.418966462073592
846 905 2.8534721380276795
886 901 2.7117470592609445
839 905 4.145152023550564
877 906 1.8144599138640842
843 904 0.08565016394454328
846 902 1.210635526973574
892 900 -0.6525189378391278
886 897 0.9436225830949259
903 904 4.436121480203944
846 904 1.8471390342477205
902 905 3.9184427168471876
900 901 2.101269714871794
875 903 0.6181436068748636
846 905 1.188767543534301
903 932 -5.53733426701854
904 905 1.5769599644200505
899 906 4.145152023550564
899 900 3.015725255756913
675 908 2.8534721380276795
839 909 2.7803933118077264
793 909 -4.844202616288199
897 910 4.145152023550564
890 907 2.0618119072200103
793 896 0.03891301945135828
891 917 -0.7759822513321553
893 917 -5.53733426701854
904 914 3.9184427168471876
887 910 3.2060450031958343
886 912 1.5497853865743236
901 912 1.1457782142804072
897 912 2.646993557188065
905 914 3.015725255756913
893 907 -3.9184428135768994
899 911 3.4370554399806776
900 911 3.10674997290245
907 932 -3.9184428135768994
793 966 -4.43612156009328
901 913 0.4674453385798212
900 913 3.10674997290245
911 916 1.9501526258096291
900 916 -0.5004308444200505
675 919 0.1637791782871667
908 919 0.9244109312539295
903 918 1.0422550037182607
905 915 3.4370554399806776
918 932 -4.844202616288199
914 915 3.015725255756913
912 913 3.9184427168471876
910 920 2.418966462073592
887 920 0.19515760538251437
887 922 5.537334267018537
897 920 1.5230823357393546
899 923 2.93164334365634
906 923 4.844202556684481
913 916 -0.722426472174637
913 921 1.445594446330888
911 923 2.5274488884529975
916 921 1.5497853865743236
675 919 1.103724552883528
912 924 -0.32179504083642385
845 922 2.184051378192568
845 925 1.3008299128497565
839 926 -4.145152083743929
909 926 -4.844202616288199
909 930 -2.1012697910023577
909 966 -1.690856787854381
913 924 0.7401648358628796
920 922 2.184051378192568
891 925 -1.4455945421327967
930 966 -0.22663222628581936
914 932 -4.844202616288199
912 920 0.13248100121840833
926 930 -1.4968294629075651
904 932 -4.43612156009328
914 929 -5.53733426701854
915 942 -2.6469936768108107
905 942 -4.43612156009328
929 932 2.023523983245292
915 929 -5.53733426701854
920 924 0.7580154487445683
920 927 1.6615501074318497
920 931 1.188767543534301
903 932 -5.53733426701854
927 931 2.646993557188065
929 942 1.103724552883528
916 933 -0.21088196663715686
921 933 0.6872705278045488
921 928 -1.083027742309897
913 928 -0.9053575182618498
922 931 4.844202556684481
839 942 -5.53733426701854
928 933 0.023345926266394867
926 942 3.3153580262671256
924 928 -3.43705550120135
922 925 3.015725255756913
675 936 1.6615501074318497
911 933 0.023345926266394867
924 927 0.48390574875928927
675 938 -0.8864566941706382
923 933 1.471006361575077
924 931 0.2582187931706581
919 938 0.9629978960423582
924 934 -1.60462908492035
928 934 0.7580154487445683
929 937 2.418966462073592
937 942 4.844202556684481
926 935 2.368217406966919
930 935 -0.0544849469084292
932 937 0.007781661256567096
928 944 1.0422550037182607
932 942 2.5274488884529975
930 946 -0.9629980439232386
933 944 2.184051378192568
931 934 1.604628978813839
946 966 -2.0618119810484816
933 940 2.93164334365634
926 945 3.4370554399806776
923 939 4.436121480203944
934 944 1.3716527928075883
925 931 3.2060450031958343
891 947 1.72076695640305
939 940 1.6615501074318497
917 947 0.7401648358628796
935 945 2.93164334365634
923 943 5.537334267018537
934 941 1.3241144775306468
675 951 -2.22757952790676
936 951 -0.4674454634335292
940 944 2.418966462073592
941 944 3.3153580262671256
935 946 1.3008299128497565
923 955 2.7117470592609445
931 941 2.5856857384930256
931 947 -0.33778538326100627
931 950 2.2275794437459226
931 948 4.844202556684481
939 943 2.93164334365634
942 945 0.6698459156176995
942 949 1.6328169387983074
946 958 -5.53733426701854
958 966 3.3153580262671256
948 950 1.9501526258096291
945 949 2.2726891994400433
944 952 1.5769599644200505
942 953 0.9244109312539295
936 954 0.7401648358628796
949 953 2.8534721380276795
951 954 -0.33778538326100627
893 947 -5.53733426701854
943 956 1.5497853865743236
923 956 1.103724552883528
939 944 2.184051378192568
942 957 -1.9501526936104758
935 942 3.574453703354731
935 949 2.8534721380276795
935 953 1.7513136084096503
942 959 -3.43705550120135
939 956 -1.2551670218420983
931 944 2.7117470592609445
957 959 2.023523983245292
942 961 2.8534721380276795
957 961 -2.5274489963885465
931 963 1.1457782142804072
932 959 -3.43705550120135
955 964 2.368217406966919
939 960 1.7825318837304605
944 960 3.7324082779400585
947 969 -4.844202616288199
946 966 -4.145152083743929
893 969 2.7117470592609445
939 962 0.40219817433836536
956 962 1.7513136084096503
948 963 -0.2899342369326745
931 969 -5.53733426701854
923 962 0.8864565510992328
952 960 -0.4839058740936957
675 954 0.6352858046593717
960 968 1.9149341938214999
952 968 1.7513136084096503
932 972 2.2726891994400433
935 966 -5.53733426701854
959 972 -1.914934325902037
950 973 3.10674997290245
948 973 -1.042255157127819
923 964 4.145152023550564
931 973 2.5856857384930256
959 961 -3.106750063060895
923 967 0.10124748840924536
962 967 3.2060450031958343
931 965 3.10674997290245
959 970 -3.732408358890588
961 970 1.986327796610479
931 952 -3.9184428135768994
963 973 -3.3153581355547077
675 971 2.368217406966919
966 971 3.10674997290245
962 976 0.6872705278045488
939 976 -0.36989699244014895
939 967 0.5672301020452246
967 976 3.2060450031958343
960 967 3.3153580262671256
931 974 -1.5230824363372633
675 936 -0.7759822513321553
965 974 0.40219817433836536
969 974 0.38602265684584536
963 975 4.436121480203944
931 975 1.347717671142901
970 972 3.015725255756913
967 968 4.844202556684481
942 966 -4.43612156009328
964 967 -0.33778538326100627
973 975 -1.9501526936104758
961 966 -3.43705550120135
965 978 2.141984057957801
974 978 0.5672301020452246
966 970 -4.43612156009328
952 967 -0.722426472174637
931 978 1.0422550037182607
975 979 3.9184427168471876
973 979 -2.4719661045957224
975 981 -0.32179504083642385
931 981 3.3153580262671256
966 977 3.015725255756913
979 981 3.015725255756913
978 981 3.10674997290245
675 980 1.7513136084096503
932 966 -3.43705550120135
966 972 -4.844202616288199
675 966 1.880614156109223
967 982 2.0618119072200103
952 982 3.2060450031958343
931 986 -0.4510470176203887
932 985 -5.53733426701854
952 986 1.5497853865743236
966 985 3.7324082779400585
969 978 -2.4719661045957224
964 983 3.7324082779400585
967 983 3.3153580262671256
931 979 -0.5504199144331001
978 987 -0.8306198826413334
969 987 -4.145152083743929
981 987 3.4370554399806776
982 986 3.574453703354731
907 985 -3.732408358890588
931 984 4.436121480203944
907 990 -4.844202616288199
985 990 -4.145152083743929
984 986 -0.5170230248961472
987 988 -0.21088196663715686
969 988 -5.53733426701854
893 993 -4.844202616288199
893 998 -4.145152083743929
675 966 1.5497853865743236
993 998 2.141984057957801
907 998 -3.2060451019615273
675 977 2.5856857384930256
893 988 -4.43612156009328
988 993 1.5230823357393546
990 998 -1.847139159904398
967 1001 3.9184427168471876
979 984 0.40219817433836536
983 1001 5.537334267018537
966 991 2.31951701078773
675 991 1.4205758640846524
967 995 4.145152023550564
986 989 3.2060450031958343
986 992 -0.14812115655181013
984 992 2.5274488884529975
995 1001 1.9501526258096291
989 992 2.8534721380276795
966 994 3.574453703354731
967 986 0.7047961364960313
979 996 2.7117470592609445
984 996 2.646993557188065
967 989 0.652518806521984
988 997 2.184051378192568
987 997 -0.07006336313715722
964 1001 0.7580154487445683
987 1000 3.3153580262671256
675 966 1.880614156109223
675 1002 3.2060450031958343
981 1000 4.436121480203944
981 999 4.844202556684481
993 997 1.188767543534301
967 1003 1.124638707269666
995 1006 4.436121480203944
1001 1006 0.9436225830949259
995 1003 -0.023346044556825873
989 1003 4.436121480203944
996 1004 2.4719660016221714
997 1005 2.4719660016221714
993 1005 2.646993557188065
984 989 1.880614156109223
984 1004 1.0422550037182607
987 1005 -0.7580155848378691
979 1004 0.9244109312539295
979 999 2.2275794437459226
1003 1006 4.436121480203944
999 1004 1.8471390342477205
984 1007 1.9501526258096291
1004 1007 2.4719660016221714
990 993 -4.844202616288199
1005 1008 2.2275794437459226
987 1008 -1.60462908492035
993 1008 1.6328169387983074
1004 1009 1.0422550037182607
981 1010 2.7117470592609445
1000 1010 1.5497853865743236
989 1007 2.646993557188065
999 1010 2.5274488884529975
999 1009 -0.13248112001244716
987 1010 4.436121480203944
999 1007 2.93164334365634
966 1014 2.2275794437459226
1007 1009 2.8534721380276795
1002 1012 1.9149341938214999
966 1011 3.574453703354731
1002 1013 -3.5744537730315336
675 1014 2.368217406966919
1012 1013 -0.40219829746062086
993 1015 5.537334267018537
990 1015 -4.43612156009328
675 1012 0.10124748840924536
987 999 1.7825318837304605
1011 1014 3.10674997290245
1007 1016 2.5856857384930256
999 1016 0.6181436068748636
675 1022 1.471006361575077
1012 1022 2.184051378192568
999 1019 2.368217406966919
1016 1019 3.7324082779400585
966 990 -3.43705550120135
1001 1018 3.10674997290245
1008 1017 2.368217406966919
1015 1017 1.347717671142901
989 1021 3.574453703354731
987 1019 2.7117470592609445
1001 1020 0.9629978960423582
1006 1020 4.436121480203944
675 1024 -0.13248112001244716
1013 1022 -1.4455945421327967
989 1006 2.101269714871794
1016 1021 1.5497853865743236
1022 1024 1.3008299128497565
1006 1023 3.9184427168471876
675 1013 -3.106750063060895
987 1017 1.0022628750411067
675 1022 1.5230823357393546
1001 1026 1.210635526973574
1020 1026 2.7803933118077264
1022 1025 1.188767543534301
1018 1026 0.7224263377855422
1024 1025 2.2726891994400433
1006 1028 1.188767543534301
1006 1027 2.646993557188065
1016 1029 3.574453703354731
966 1030 3.3153580262671256
1027 1028 2.5856857384930256
989 1027 4.436121480203944
1021 1029 1.72076695640305
966 1014 2.4719660016221714
989 1029 2.7803933118077264
675 1033 -0.3860227795812654
1023 1028 -0.10124760698692858
1024 1033 1.9501526258096291
1023 1031 0.9436225830949259
1028 1031 2.7117470592609445
675 1025 -0.25821891342749526
1015 1032 3.9184427168471876
675 1036 4.145152023550564
990 1032 -2.4719661045957224
1023 1034 1.103724552883528
1025 1035 -1.420575958424365
1006 1034 2.101269714871794
1031 1034 2.368217406966919
1017 1032 3.10674997290245
1024 1035 -0.36989699244014895
1014 1036 1.5497853865743236
1019 1029 3.3153580262671256
1006 1018 -0.14812115655181013
1006 1026 3.015725255756913
1027 1031 1.3716527928075883
675 1035 1.9149341938214999
675 1014 0.5336849977291656
989 1031 3.574453703354731
675 966 2.101269714871794
1033 1035 -0.9244110766470177
989 1038 2.93164334365634
1019 1037 3.4370554399806776
987 1037 5.537334267018537
990 1017 -1.6615502176829433
1034 1038 3.9184427168471876
1031 1038 2.646993557188065
989 1039 1.2551669361900215
1029 1039 3.3153580262671256
1019 1039 1.5497853865743236
966 1041 2.646993557188065
966 1040 2.646993557188065
1037 1039 2.2726891994400433
1040 1041 1.880614156109223
1006 1042 4.145152023550564
1006 1044 -4.43612156009328
1034 1044 -1.1887676261434261
1017 1043 3.3153580262671256
1006 1046 0.6352858046593717
1038 1045 2.2726891994400433
987 989 -0.14812115655181013
987 1039 0.7759821143416219
990 1043 -1.4968294629075651
1006 1050 -4.844202616288199
1044 1050 4.436121480203944
1044 1045 1.7825318837304605
987 1038 1.1457782142804072
966 1047 3.015725255756913
1042 1046 3.015725255756913
990 1047 -3.0157253387444354
966 1048 4.436121480203944
1040 1048 2.4719660016221714
1041 1048 1.8144599138640842
675 1049 1.3716527928075883
1042 1058 3.7324082779400585
1046 1050 -0.305845384176723
1045 1052 1.4205758640846524
1038 1052 2.101269714871794
1038 1051 3.574453703354731
1051 1052 2.5274488884529975
1043 1055 0.5170228985401271
990 1055 0.6698459156176995
1044 1046 1.9149341938214999
1044 1052 1.4968293639808472
1043 1053 3.574453703354731
966 990 -1.9501526936104758
1017 1053 3.574453703354731
966 1055 0.3217949194737102
675 1056 1.1457782142804072
1051 1054 0.6872705278045488
1038 1054 1.2778513804684322
1052 1054 1.124638707269666
987 1057 2.7117470592609445
987 1054 -1.2327653271421226
1046 1061 1.0422550037182607
1044 1061 3.574453703354731
1052 1059 4.145152023550564
1043 1060 -1.042255157127819
1055 1060 2.7117470592609445
1044 1059 -0.17945749696390423
1054 1059 1.5769599644200505
1053 1060 -2.319517101482562
1046 1064 0.33778526158074773
1056 1062 2.5856857384930256
1042 1064 0.6010889981175147
1061 1064 3.574453703354731
987 1059 -0.867703438765498
675 1062 1.0221648177565306
1059 1061 -0.618143736811748
1058 1064 1.2778513804684322
675 1063 1.6328169387983074
987 1066 2.646993557188065
1059 1066 -0.867703438765498
966 1065 1.6908566753683048
1060 1067 2.93164334365634
1061 1066 -3.9184428135768994
1053 1067 -1.7825320036768968
966 1070 3.7324082779400585
1053 1068 -0.33778538326100627
1067 1068 2.8534721380276795
675 1069 1.3008299128497565
966 1060 0.5841188470777665
1060 1068 -0.10124760698692858
966 1068 -0.4184259027266788
1064 1071 -0.13248112001244716
1061 1071 4.844202556684481
1058 1071 -0.40219829746062086
1063 1072 2.0618119072200103
966 1063 0.33778526158074773
675 1072 1.0022628750411067
966 1072 1.124638707269666
1058 1073 1.0422550037182607
1071 1073 3.4370554399806776
675 966 1.986327796610479
