MULTICUT
0 1 -2.5274489963885465
0 5 -2.9316434205780437
1 5 2.4719660016221714
0 2 -2.418966560561031
0 6 -5.53733426701854
0 3 -2.22757952790676
2 3 0.9629978960423582
1 2 0.3217949194737102
5 6 2.7803933118077264
0 4 -2.9316434205780437
3 4 1.347717671142901
0 8 -3.5744537730315336
4 8 0.33778526158074773
2 22 0.6181436068748636
1 22 2.2726891994400433
0 7 -2.319517101482562
3 22 0.7047961364960313
7 8 1.5230823357393546
4 22 1.72076695640305
8 9 1.8144599138640842
4 9 0.5004307185850176
1 12 2.31951701078773
1 10 3.7324082779400585
9 22 3.015725255756913
0 8 -3.43705550120135
10 12 2.8534721380276795
0 16 -3.5744537730315336
11 22 4.145152023550564
1 11 0.22663210648628773
8 16 1.6908566753683048
13 22 3.7324082779400585
11 13 2.8534721380276795
1 14 0.2899341161553104
6 15 3.7324082779400585
11 14 1.5230823357393546
12 14 2.5856857384930256
5 15 3.574453703354731
1 12 2.7803933118077264
5 12 -0.038913137770452355
8 18 4.436121480203944
9 18 0.22663210648628773
18 22 1.9149341938214999
0 28 -3.9184428135768994
14 17 0.8122799937741847
12 17 0.652518806521984
16 28 1.6615501074318497
11 22 2.646993557188065
5 19 -1.2106356105583946
15 19 -1.3477177614522067
11 17 0.1481210376275779
12 21 -1.1037246319352672
5 21 -1.60462908492035
11 20 0.007781661256567096
17 20 -0.618143736811748
19 21 0.5504197869721676
8 28 3.574453703354731
20 23 0.5004307185850176
17 23 -1.2778514672160726
17 21 -1.0022630255891705
8 24 1.2551669361900215
6 19 -0.08565028243590467
21 23 0.8677032967963991
0 30 -3.9184428135768994
8 26 0.6872705278045488
8 29 0.33778526158074773
20 22 -0.5504199144331001
28 30 0.5504197869721676
24 26 1.0625402297313233
24 29 0.7580154487445683
18 29 -0.3860227795812654
6 27 -1.1037246319352672
22 25 3.10674997290245
6 35 1.2551669361900215
26 28 0.19515760538251437
22 31 -0.722426472174637
20 31 -0.8306198826413334
23 31 -1.2778514672160726
21 31 -1.420575958424365
19 31 0.22663210648628773
6 32 0.7759821143416219
27 32 0.6181436068748636
18 33 -0.5170230248961472
6 40 -0.14812115655181013
29 33 3.7324082779400585
18 25 0.41842577919951873
19 27 -0.722426472174637
35 40 1.986327796610479
22 33 1.6328169387983074
27 31 -0.7401649710893459
27 38 -0.6698460476628039
31 38 0.7224263377855422
24 37 -0.635285935274005
25 33 -0.24241052705099042
32 34 1.9149341938214999
6 34 0.369896870073811
6 39 0.2582187931706581
26 37 -0.40219829746062086
31 33 1.5497853865743236
34 39 1.232765242543629
26 36 0.03891301945135828
35 39 1.2778513804684322
28 36 0.6010889981175147
29 37 0.9053573740495944
36 37 1.188767543534301
6 43 2.5274488884529975
33 37 2.4719660016221714
32 42 -1.3008300007371676
38 42 1.6908566753683048
31 47 -3.0157253387444354
31 49 -3.3153581355547077
34 42 -1.0625403846496646
28 41 1.8471390342477205
33 36 2.646993557188065
33 46 -1.167151619412428
31 46 -2.5274489963885465
34 44 -1.042255157127819
28 33 3.10674997290245
46 47 2.7117470592609445
42 44 2.101269714871794
39 44 -0.6872706606037844
31 50 -2.5274489963885465
39 45 -0.6872706606037844
39 48 -1.2778514672160726
35 48 -1.1037246319352672
47 49 -0.14812115655181013
44 45 1.9501526258096291
33 58 -1.6328170469254393
49 50 2.023523983245292
38 50 -2.5274489963885465
45 48 1.72076695640305
38 53 -3.5744537730315336
46 58 1.471006361575077
50 53 2.5856857384930256
40 48 -0.8122801326543725
33 41 3.4370554399806776
48 51 1.6908566753683048
40 51 -0.17945749696390423
40 54 0.1637791782871667
40 43 -1.3477177614522067
51 54 1.6908566753683048
38 80 -3.43705550120135
43 52 -1.4710064589046166
53 80 0.4347078707200993
40 52 1.0625402297313233
47 71 2.7803933118077264
52 55 1.2778513804684322
43 55 -1.5769600686022973
49 71 1.0221648177565306
42 80 -2.1419841365639445
42 60 -1.6328170469254393
60 80 2.93164334365634
44 60 -1.60462908492035
45 60 -1.690856787854381
43 59 -1.6328170469254393
43 63 0.4347078707200993
6 63 2.31951701078773
55 59 1.72076695640305
46 56 2.368217406966919
46 57 0.1168571278983801
49 53 2.368217406966919
43 62 -0.8864566941706382
0 63 -3.5744537730315336
56 58 2.184051378192568
49 80 2.646993557188065
48 60 -2.7803933790295874
59 62 1.232765242543629
46 69 -2.368217501379304
46 65 -0.17945749696390423
48 80 -3.43705550120135
48 66 -2.4719661045957224
54 61 2.8534721380276795
40 61 -0.533685124626992
52 61 0.38602265684584536
43 64 -0.5672302300910688
57 69 3.574453703354731
65 69 3.9184427168471876
47 65 -0.867703438765498
66 80 0.7940688968903633
62 64 1.124638707269666
51 66 -1.1037246319352672
55 61 1.232765242543629
43 67 -0.6010891274007599
28 33 0.8677032967963991
65 71 2.5274488884529975
64 67 1.2778513804684322
54 66 -1.8806142848807943
28 68 3.574453703354731
54 80 -1.847139159904398
33 68 1.880614156109223
66 80 2.418966462073592
59 61 -0.5504199144331001
63 67 2.2275794437459226
33 74 -1.914934325902037
58 74 3.7324082779400585
59 70 0.6872705278045488
61 70 2.2726891994400433
33 73 2.646993557188065
75 80 3.9184427168471876
66 75 2.2726891994400433
62 72 0.7759821143416219
73 74 -0.5170230248961472
56 57 0.7047961364960313
70 72 2.4719660016221714
76 80 3.9184427168471876
54 76 -1.5769600686022973
61 76 -0.9244110766470177
64 72 0.4674453385798212
67 72 0.8490926297285697
56 82 0.007781661256567096
57 82 -0.533685124626992
61 77 0.652518806521984
76 77 -0.8490927706325437
68 73 -0.618143736811748
63 72 3.2060450031958343
68 78 -0.13248112001244716
73 78 2.7117470592609445
56 79 0.6181436068748636
49 65 0.8306197427665889
61 81 -1.2551670218420983
79 82 1.8471390342477205
49 69 3.574453703354731
77 81 -0.16377929735639296
70 81 -0.618143736811748
58 79 -1.1037246319352672
72 81 -1.1246387871621042
28 78 -0.11685724657693086
72 83 2.5856857384930256
73 84 0.7401648358628796
58 91 -2.5274489963885465
58 82 -2.0618119810484816
82 91 2.0618119072200103
58 87 1.124638707269666
74 84 -1.7825320036768968
87 91 1.5769599644200505
49 57 4.436121480203944
81 85 2.2726891994400433
77 85 -0.40219829746062086
72 85 -0.27405945275533616
78 84 -0.11685724657693086
82 86 3.9184427168471876
58 89 1.471006361575077
87 90 2.418966462073592
74 89 3.4370554399806776
90 91 1.124638707269666
49 92 3.9184427168471876
30 88 1.5769599644200505
28 88 0.9244109312539295
86 91 2.93164334365634
80 93 3.574453703354731
76 93 1.3008299128497565
77 94 2.141984057957801
93 94 1.103724552883528
85 94 3.3153580262671256
0 72 -3.9184428135768994
72 95 0.22663210648628773
85 95 0.3058452631148958
83 95 0.7580154487445683
78 96 0.982542654754837
83 98 0.6181436068748636
72 98 -0.10124760698692858
0 88 -3.732408358890588
28 96 0.6698459156176995
0 98 -3.43705550120135
84 96 1.471006361575077
49 101 4.145152023550564
83 97 2.141984057957801
97 98 2.0618119072200103
82 91 3.4370554399806776
57 91 0.9436225830949259
92 101 2.184051378192568
49 101 0.5672301020452246
95 97 2.0618119072200103
58 74 3.574453703354731
49 100 4.844202556684481
49 99 3.9184427168471876
80 99 -0.6525189378391278
99 101 4.436121480203944
100 101 4.844202556684481
99 102 2.7803933118077264
80 102 -0.4839058740936957
74 87 3.2060450031958343
80 103 0.4674453385798212
57 100 1.3008299128497565
102 103 1.7825318837304605
95 98 1.445594446330888
28 84 0.652518806521984
0 28 -2.8534722097520193
101 102 -0.023346044556825873
0 108 -4.43612156009328
28 108 1.4205758640846524
57 106 1.210635526973574
100 106 1.1457782142804072
101 104 2.646993557188065
102 107 4.145152023550564
101 107 1.5769599644200505
98 105 2.4719660016221714
0 105 -3.9184428135768994
85 109 2.0618119072200103
80 102 0.5336849977291656
95 109 0.22663210648628773
90 110 2.5274488884529975
91 110 1.2551669361900215
87 110 1.471006361575077
100 104 1.188767543534301
95 105 3.9184427168471876
57 111 4.436121480203944
101 102 2.368217406966919
94 112 1.210635526973574
85 112 0.08565016394454328
0 114 -3.732408358890588
106 111 0.41842577919951873
93 112 0.023345926266394867
109 112 0.7940688968903633
105 114 3.10674997290245
100 101 4.436121480203944
80 113 0.6352858046593717
100 111 2.7803933118077264
102 113 0.7759821143416219
80 112 3.015725255756913
80 116 4.436121480203944
113 116 1.124638707269666
108 115 3.3153580262671256
91 120 -0.08565028243590467
105 118 3.574453703354731
110 120 1.880614156109223
115 119 1.604628978813839
108 119 2.7117470592609445
87 121 0.6010889981175147
100 117 2.646993557188065
74 121 0.9629978960423582
57 120 1.4205758640846524
110 121 1.1457782142804072
105 109 0.9244109312539295
57 122 4.844202556684481
100 124 3.7324082779400585
101 124 1.9149341938214999
110 131 -0.16377929735639296
100 128 0.369896870073811
80 123 0.21088184704301205
112 123 1.3241144775306468
28 119 0.5170228985401271
121 131 -0.023346044556825873
120 131 0.8490926297285697
117 128 0.007781661256567096
102 116 -1.0221649697100497
109 123 0.5841188470777665
84 127 1.124638707269666
111 126 -0.7759822513321553
105 125 -0.24241052705099042
28 127 0.1481210376275779
57 126 -0.32179504083642385
118 125 -1.4710064589046166
28 130 0.6698459156176995
74 136 4.145152023550564
119 130 -1.2327653271421226
84 136 0.10124748840924536
100 126 -0.3860227795812654
100 128 -0.11685724657693086
114 125 -1.420575958424365
108 129 0.6181436068748636
0 129 -4.43612156009328
84 135 0.8677032967963991
74 132 2.2275794437459226
121 132 0.9053573740495944
122 137 -0.27405945275533616
57 137 -0.6872706606037844
118 147 -2.6469936768108107
127 135 0.07006324471763459
135 136 0.5504197869721676
126 137 3.4370554399806776
126 128 0.1637791782871667
80 102 -1.0022630255891705
119 150 -2.1419841365639445
122 138 0.07006324471763459
126 156 3.9184427168471876
128 156 4.145152023550564
105 139 2.8534721380276795
105 147 -2.7803933790295874
125 147 -4.43612156009328
130 150 -4.145152083743929
57 131 -0.305845384176723
137 138 3.10674997290245
115 133 0.35381849771398977
127 134 2.7117470592609445
100 141 2.023523983245292
134 135 1.3241144775306468
128 141 -0.36989699244014895
57 144 2.5274488884529975
57 140 2.4719660016221714
100 148 0.7759821143416219
124 148 0.3058452631148958
105 146 1.232765242543629
119 133 -0.9244110766470177
131 144 0.1637791782871667
109 146 -0.4184259027266788
133 150 -4.145152083743929
139 147 -3.732408358890588
28 134 0.652518806521984
122 137 1.9149341938214999
115 129 0.054484828546315534
130 134 -0.7580155848378691
141 148 -0.9053575182618498
0 165 1.347717671142901
131 143 1.3008299128497565
57 149 3.3153580262671256
102 145 3.9184427168471876
80 145 -0.8122801326543725
114 142 2.023523983245292
121 143 -0.5841189757308616
144 149 2.184051378192568
125 142 -1.2778514672160726
101 145 0.007781661256567096
74 121 0.9629978960423582
131 151 2.93164334365634
137 156 2.418966462073592
143 151 0.45104689322786395
144 151 0.9053573740495944
57 156 0.9436225830949259
122 156 0.8306197427665889
124 152 0.8490926297285697
145 153 4.436121480203944
139 146 2.0618119072200103
115 150 -3.3153581355547077
140 156 2.7803933118077264
101 152 2.418966462073592
135 158 0.35381849771398977
145 157 2.31951701078773
80 157 2.101269714871794
134 158 1.445594446330888
136 158 -1.1246387871621042
57 156 3.9184427168471876
109 139 -0.14812115655181013
114 125 -0.8490927706325437
136 155 4.145152023550564
155 158 -0.8122801326543725
74 155 5.537334267018537
148 152 0.10124748840924536
134 154 0.7401648358628796
130 154 -0.08565028243590467
101 153 -0.6525189378391278
143 144 0.5504197869721676
121 144 -0.353818619728701
121 161 0.9629978960423582
152 159 2.4719660016221714
144 161 1.1457782142804072
148 159 5.537334267018537
153 157 4.844202556684481
153 160 0.9244109312539295
109 162 1.6908566753683048
101 160 1.4968293639808472
139 162 -0.21088196663715686
74 161 2.418966462073592
141 156 -0.7047962700763302
123 162 0.38602265684584536
156 172 4.145152023550564
141 172 -1.7825320036768968
57 144 1.3241144775306468
156 163 3.9184427168471876
160 164 1.5230823357393546
101 164 2.7117470592609445
158 171 1.3008299128497565
144 166 4.145152023550564
134 171 1.6328169387983074
155 167 1.6615501074318497
153 164 -2.319517101482562
158 167 -1.6615502176829433
74 167 2.0618119072200103
80 168 3.9184427168471876
123 170 2.31951701078773
167 171 -0.7580155848378691
157 164 -1.6328170469254393
168 170 -1.3477177614522067
161 166 0.007781661256567096
157 176 -0.9244110766470177
80 176 -0.2899342369326745
162 170 0.2899341161553104
168 176 3.4370554399806776
114 169 2.8534721380276795
125 169 -0.9053575182618498
0 169 -2.8534722097520193
74 166 3.3153580262671256
152 164 1.986327796610479
144 173 1.471006361575077
57 173 0.7224263377855422
141 174 0.9244109312539295
148 174 -1.324114566604422
166 173 2.418966462073592
159 164 2.31951701078773
164 175 2.646993557188065
157 175 -2.22757952790676
172 174 -0.7759822513321553
130 179 0.7940688968903633
154 171 0.7224263377855422
154 179 -0.16377929735639296
156 177 1.3241144775306468
148 164 1.72076695640305
57 177 1.7513136084096503
163 177 4.145152023550564
150 184 2.184051378192568
150 179 -3.9184428135768994
156 177 0.21088184704301205
172 180 -0.722426472174637
179 184 -4.43612156009328
171 179 0.369896870073811
173 177 1.880614156109223
177 180 3.4370554399806776
174 180 -0.36989699244014895
170 176 -0.7759822513321553
173 182 1.5497853865743236
180 183 1.986327796610479
174 183 1.6328169387983074
164 181 0.13248100121840833
166 182 0.19515760538251437
171 178 -0.25821891342749526
167 178 1.0221648177565306
74 178 0.369896870073811
74 182 3.3153580262671256
148 181 -0.6872706606037844
178 182 1.986327796610479
174 181 4.436121480203944
165 188 1.0422550037182607
0 188 1.72076695640305
164 185 -1.4455945421327967
177 182 3.574453703354731
181 185 2.646993557188065
175 185 -2.319517101482562
157 185 1.7825318837304605
115 184 -3.732408358890588
176 185 -1.3959339919795308
182 186 0.40219817433836536
178 186 -1.167151619412428
176 187 -1.2551670218420983
171 186 4.844202556684481
185 187 0.7047961364960313
170 187 3.9184427168471876
179 186 0.1481210376275779
182 191 3.9184427168471876
183 193 -0.24241052705099042
162 187 2.418966462073592
180 193 -1.751313725733529
139 187 2.2726891994400433
115 192 2.5274488884529975
180 198 -1.751313725733529
181 183 0.1794573777347761
183 185 -0.353818619728701
184 192 -2.7117471225450083
193 198 2.8534721380276795
129 194 1.0625402297313233
129 192 -1.420575958424365
185 189 -1.8144600365838361
185 190 0.35381849771398977
192 194 -0.533685124626992
177 198 -0.8864566941706382
182 197 -0.4347079946705643
177 197 -0.6525189378391278
177 201 -1.167151619412428
0 194 -4.43612156009328
197 201 2.8534721380276795
198 201 3.015725255756913
183 189 1.6908566753683048
189 190 1.445594446330888
187 190 2.368217406966919
186 234 3.574453703354731
182 235 -0.9244110766470177
182 234 1.5230823357393546
197 235 1.5769599644200505
139 199 3.10674997290245
147 199 -4.145152083743929
183 195 0.6352858046593717
193 195 2.5274488884529975
189 195 0.40219817433836536
190 196 1.5769599644200505
189 196 0.40219817433836536
195 196 4.844202556684481
191 234 0.9053573740495944
139 190 3.3153580262671256
191 235 -1.5769600686022973
200 234 2.93164334365634
191 206 -0.6872706606037844
206 235 0.33778526158074773
202 234 2.184051378192568
204 234 3.4370554399806776
191 204 0.9629978960423582
200 202 1.103724552883528
179 234 0.1794573777347761
190 205 1.0625402297313233
147 203 3.10674997290245
200 204 1.0422550037182607
190 199 1.0221648177565306
196 205 3.9184427168471876
204 206 -0.533685124626992
199 203 -3.732408358890588
125 203 -4.43612156009328
198 211 0.2582187931706581
195 210 1.9501526258096291
190 212 -0.36989699244014895
193 211 -0.9825428039459942
205 212 1.5769599644200505
208 234 1.6328169387983074
202 208 -0.13248112001244716
200 208 -1.324114566604422
204 207 0.6181436068748636
190 213 0.3058452631148958
199 213 0.1168571278983801
204 208 -0.9629980439232386
206 209 4.844202556684481
193 210 -0.5504199144331001
199 214 1.880614156109223
203 214 -4.43612156009328
207 208 -0.19515772478657212
206 207 1.4968293639808472
212 213 2.646993557188065
197 215 1.880614156109223
201 215 1.3241144775306468
206 208 1.3959338990403656
215 235 0.4674453385798212
206 217 3.10674997290245
198 219 -0.8490927706325437
211 219 1.0830275858277314
213 214 1.232765242543629
179 192 -1.60462908492035
217 235 4.436121480203944
208 216 4.145152023550564
215 223 1.347717671142901
201 223 -0.8864566941706382
198 223 -0.7940690348095123
193 220 0.7047961364960313
219 223 3.3153580262671256
211 220 0.8490926297285697
205 218 2.2726891994400433
212 218 -0.25821891342749526
210 220 -0.36989699244014895
213 218 4.145152023550564
195 225 1.880614156109223
209 222 2.2275794437459226
206 222 0.2899341161553104
203 229 -1.1457782950449733
125 229 -0.4674454634335292
206 222 3.10674997290245
195 227 -0.16377929735639296
217 222 3.4370554399806776
225 227 3.4370554399806776
210 221 1.6908566753683048
195 221 -1.0625403846496646
216 234 2.5274488884529975
208 222 1.6615501074318497
196 227 -1.2327653271421226
214 229 3.2060450031958343
179 226 -0.9053575182618498
195 228 -0.7401649710893459
196 224 2.184051378192568
226 234 3.015725255756913
219 220 0.2582187931706581
221 228 2.5274488884529975
194 241 0.9436225830949259
0 241 -4.145152083743929
225 228 0.9244109312539295
224 227 -2.1012697910023577
196 218 0.8122799937741847
192 241 -1.60462908492035
218 224 0.08565016394454328
220 221 -0.7401649710893459
224 230 0.7759821143416219
218 230 4.145152023550564
125 231 -1.1887676261434261
169 231 0.03891301945135828
223 235 0.2582187931706581
229 231 0.7047961364960313
234 237 4.844202556684481
216 237 2.418966462073592
216 234 4.844202556684481
213 230 3.4370554399806776
219 235 0.3217949194737102
220 235 3.3153580262671256
0 231 -1.4455945421327967
229 233 3.3153580262671256
220 228 0.9436225830949259
214 233 1.3008299128497565
192 240 1.2551669361900215
240 241 0.1168571278983801
226 236 1.8471390342477205
179 236 -1.7207670712436016
214 232 0.13248100121840833
232 233 1.7513136084096503
179 240 1.8471390342477205
234 236 3.7324082779400585
225 238 1.5497853865743236
208 234 0.3217949194737102
228 238 3.015725255756913
213 232 1.4968293639808472
222 239 3.7324082779400585
217 239 3.2060450031958343
227 238 2.101269714871794
220 243 -2.319517101482562
235 243 -2.2726892867301896
208 242 -0.6698460476628039
222 242 2.2726891994400433
236 240 -1.1246387871621042
234 246 3.9184427168471876
235 245 -0.16377929735639296
208 246 2.2726891994400433
217 245 -0.24241052705099042
208 247 0.3058452631148958
242 247 1.3008299128497565
220 238 1.5230823357393546
217 244 3.4370554399806776
239 242 1.3241144775306468
239 244 1.3008299128497565
235 257 -0.9436227297103521
224 248 -2.1419841365639445
243 257 4.436121480203944
220 251 -2.7803933790295874
230 249 -2.5856858519456853
234 240 -0.4184259027266788
246 247 0.652518806521984
243 251 2.8534721380276795
220 227 -0.25821891342749526
224 249 1.9149341938214999
217 252 -1.5769600686022973
245 252 3.574453703354731
220 224 1.9501526258096291
230 232 -1.4455945421327967
0 229 -4.145152083743929
242 250 -2.0618119810484816
245 253 1.9149341938214999
235 253 -1.5497854889223055
224 254 -1.4968294629075651
247 250 -0.6872706606037844
248 254 1.6908566753683048
246 255 -0.7401649710893459
247 255 0.8864565510992328
244 250 3.10674997290245
224 254 -0.3860227795812654
232 256 0.21088184704301205
233 256 0.19515760538251437
240 246 1.986327796610479
249 254 -2.5274489963885465
232 249 3.3153580262671256
244 252 -2.5274489963885465
235 260 -1.914934325902037
252 253 3.9184427168471876
253 260 2.646993557188065
224 259 -0.19515772478657212
257 260 5.537334267018537
254 259 3.9184427168471876
251 258 1.3959338990403656
220 261 -1.2551670218420983
224 254 2.5274488884529975
249 265 -1.3959339919795308
232 263 0.13248100121840833
250 255 -2.1012697910023577
243 258 0.8864565510992328
251 261 2.2275794437459226
224 261 -2.1419841365639445
254 265 4.436121480203944
256 263 3.10674997290245
255 264 4.844202556684481
250 264 -2.7117471225450083
257 258 2.418966462073592
253 262 0.8864565510992328
252 262 0.9629978960423582
260 262 3.2060450031958343
258 261 2.141984057957801
254 261 -1.751313725733529
250 252 -3.3153581355547077
232 265 -1.167151619412428
252 264 0.7940688968903633
232 266 0.1481210376275779
232 269 -1.042255157127819
263 269 0.8677032967963991
266 269 -0.5170230248961472
229 256 1.0830275858277314
266 267 1.6615501074318497
265 266 1.604628978813839
267 269 2.5274488884529975
257 261 3.10674997290245
246 268 1.3241144775306468
255 268 -0.32179504083642385
266 270 2.2275794437459226
241 246 0.5841188470777665
265 270 3.3153580262671256
256 269 1.604628978813839
264 272 3.2060450031958343
267 270 0.5170228985401271
262 273 1.347717671142901
260 273 0.6352858046593717
246 276 1.471006361575077
255 276 0.13248100121840833
260 274 0.8122799937741847
269 271 3.3153580262671256
268 276 2.023523983245292
264 276 4.844202556684481
256 271 2.101269714871794
252 273 4.436121480203944
265 267 0.41842577919951873
273 274 3.015725255756913
265 269 0.6181436068748636
241 275 1.986327796610479
252 272 0.7224263377855422
260 281 0.007781661256567096
261 281 -0.3860227795812654
254 278 -0.21088196663715686
0 275 -4.145152083743929
272 273 1.4968293639808472
274 281 3.7324082779400585
257 281 -0.007781779532672672
265 278 -0.867703438765498
265 271 2.101269714871794
278 279 4.436121480203944
265 279 0.007781661256567096
265 277 3.574453703354731
265 280 -0.635285935274005
246 306 1.210635526973574
265 286 1.6328169387983074
256 286 1.4205758640846524
229 286 2.2275794437459226
276 306 5.537334267018537
261 278 -4.844202616288199
279 280 2.7117470592609445
277 280 -0.27405945275533616
277 286 0.40219817433836536
271 286 -0.5841189757308616
246 275 -0.7047962700763302
272 276 2.93164334365634
273 282 2.8534721380276795
272 282 1.9501526258096291
273 281 3.574453703354731
281 283 2.646993557188065
281 285 -0.9629980439232386
261 285 1.4205758640846524
283 285 -0.08565028243590467
278 285 -3.5744537730315336
0 284 -4.145152083743929
275 284 1.604628978813839
281 282 1.9501526258096291
279 288 5.537334267018537
246 284 -0.5672302300910688
281 289 2.93164334365634
280 288 3.7324082779400585
272 292 1.1671515377428254
272 293 0.007781661256567096
282 293 1.880614156109223
282 294 1.347717671142901
281 295 0.274059332246233
281 290 2.646993557188065
283 290 1.72076695640305
285 287 2.2726891994400433
278 287 -3.43705550120135
278 305 -1.690856787854381
292 293 1.4968293639808472
282 295 1.445594446330888
287 290 0.19515760538251437
287 305 0.8490926297285697
272 291 1.6615501074318497
282 301 3.9184427168471876
286 296 4.145152023550564
293 294 1.5497853865743236
294 301 3.4370554399806776
289 295 0.9629978960423582
289 290 3.3153580262671256
286 298 4.844202556684481
291 292 0.6181436068748636
276 297 2.101269714871794
287 304 -0.11685724657693086
272 297 1.232765242543629
290 304 2.93164334365634
296 298 5.537334267018537
292 301 0.9244109312539295
282 289 1.6908566753683048
290 299 3.4370554399806776
289 299 2.2726891994400433
304 305 1.5230823357393546
272 306 1.8144599138640842
272 303 2.2275794437459226
272 300 1.3008299128497565
291 300 0.5841188470777665
293 301 0.7940688968903633
300 301 1.0022628750411067
299 304 1.5769599644200505
272 302 2.2726891994400433
302 306 0.45104689322786395
302 303 1.232765242543629
300 303 2.0618119072200103
297 306 0.982542654754837
289 311 0.982542654754837
279 307 -0.40219829746062086
288 307 -0.7940690348095123
277 318 -0.17945749696390423
282 311 -0.4839058740936957
280 318 0.9436225830949259
278 307 0.38602265684584536
280 307 -1.2327653271421226
306 308 1.1671515377428254
302 308 1.1457782142804072
282 310 1.6908566753683048
289 314 -0.19515772478657212
299 314 -0.867703438765498
304 314 -0.33778538326100627
307 312 1.72076695640305
280 312 -0.6525189378391278
305 307 -0.16377929735639296
312 318 1.9149341938214999
306 313 1.4968293639808472
303 309 0.22663210648628773
300 321 -1.1246387871621042
301 321 -1.0221649697100497
305 315 0.054484828546315534
277 319 0.7940688968903633
286 319 -1.60462908492035
286 323 -0.7940690348095123
298 323 0.21088184704301205
302 309 -0.722426472174637
310 311 3.10674997290245
304 315 -0.9244110766470177
307 315 -0.7401649710893459
318 319 1.5769599644200505
284 317 2.023523983245292
301 310 -0.33778538326100627
289 315 -1.083027742309897
296 316 1.1671515377428254
0 317 -4.43612156009328
308 313 2.4719660016221714
308 309 1.0221648177565306
303 321 -0.36989699244014895
310 321 0.1168571278983801
311 315 3.4370554399806776
314 315 3.9184427168471876
319 323 2.5274488884529975
298 316 0.1168571278983801
306 320 3.3153580262671256
286 316 1.0422550037182607
309 321 0.369896870073811
316 323 -0.25821891342749526
315 322 -3.43705550120135
307 322 2.4719660016221714
286 324 1.471006361575077
229 324 0.4674453385798212
246 320 -0.0544849469084292
313 320 3.4370554399806776
308 327 1.604628978813839
307 325 0.2582187931706581
307 326 -1.1457782950449733
313 327 4.145152023550564
322 325 3.2060450031958343
325 326 1.3241144775306468
316 324 0.9629978960423582
284 333 -0.7580155848378691
246 333 3.574453703354731
229 329 1.0221648177565306
317 333 -0.07006336313715722
309 327 0.38602265684584536
312 326 -0.9629980439232386
324 329 2.184051378192568
316 332 -0.9436227297103521
323 332 -1.0022630255891705
318 326 -0.7580155848378691
320 330 2.2726891994400433
313 336 0.274059332246233
315 338 1.6328169387983074
322 331 3.015725255756913
326 334 2.023523983245292
318 334 2.2726891994400433
327 336 1.5769599644200505
321 327 -3.106750063060895
331 338 -0.8490927706325437
318 323 4.145152023550564
324 332 -1.420575958424365
246 337 0.6352858046593717
324 328 2.368217406966919
320 337 -0.7940690348095123
328 329 2.2726891994400433
246 335 2.646993557188065
331 339 2.5856857384930256
322 339 0.41842577919951873
333 335 1.7513136084096503
330 337 -0.353818619728701
320 336 -2.368217501379304
325 339 0.10124748840924536
335 337 0.8122799937741847
333 340 3.10674997290245
335 340 2.5856857384930256
328 332 -1.2778514672160726
331 342 0.6010889981175147
339 342 3.4370554399806776
330 341 2.4719660016221714
325 342 -0.7580155848378691
326 343 -0.4674454634335292
338 342 -0.5672302300910688
325 343 -0.7580155848378691
330 348 -0.14812115655181013
337 348 1.880614156109223
342 343 2.7117470592609445
341 348 -0.11685724657693086
327 345 0.8122799937741847
334 343 0.2582187931706581
332 351 -0.6525189378391278
229 346 1.3959338990403656
0 346 -3.3153581355547077
311 355 4.844202556684481
335 352 0.5672301020452246
337 352 1.0625402297313233
341 344 1.9501526258096291
330 344 0.9629978960423582
338 350 2.5856857384930256
328 357 0.7224263377855422
329 357 1.72076695640305
229 357 -0.13248112001244716
348 352 0.6872705278045488
342 350 0.08565016394454328
346 357 1.0625402297313233
335 361 0.1794573777347761
336 345 -2.9316434205780437
310 358 0.2899341161553104
332 356 0.38602265684584536
328 356 -0.08565028243590467
340 361 0.07006324471763459
352 361 0.8306197427665889
333 347 2.2275794437459226
340 347 2.023523983245292
344 349 1.7825318837304605
330 349 -0.27405945275533616
327 360 -1.420575958424365
344 348 -0.618143736811748
320 349 0.7759821143416219
345 360 3.2060450031958343
311 354 1.986327796610479
315 354 -0.27405945275533616
347 361 0.2899341161553104
311 358 3.7324082779400585
321 353 3.7324082779400585
315 368 -2.1012697910023577
338 368 0.242410407030617
351 359 1.2551669361900215
350 368 0.6352858046593717
323 334 2.8534721380276795
356 359 -0.7940690348095123
356 357 -0.7047962700763302
344 362 -0.9825428039459942
348 362 4.436121480203944
349 362 -1.0022630255891705
327 353 -0.4347079946705643
354 355 0.6181436068748636
350 365 1.4968293639808472
348 363 1.6328169387983074
342 365 -1.8806142848807943
362 363 2.31951701078773
347 364 -0.353818619728701
361 364 1.8471390342477205
356 366 1.471006361575077
333 364 1.210635526973574
352 363 -0.9053575182618498
320 362 -2.1840514594677467
357 366 0.5004307185850176
361 367 0.6872705278045488
352 367 0.652518806521984
365 368 -2.2726892867301896
359 366 -0.5170230248961472
336 382 -0.533685124626992
345 382 2.93164334365634
342 380 0.5336849977291656
323 369 4.436121480203944
365 380 0.7940688968903633
355 371 1.9501526258096291
342 373 1.2551669361900215
343 373 2.2275794437459226
332 369 -1.1246387871621042
332 375 -1.690856787854381
364 367 2.93164334365634
354 371 3.015725255756913
351 375 2.418966462073592
363 370 1.6328169387983074
315 371 2.4719660016221714
351 376 0.33778526158074773
352 370 -1.0022630255891705
362 370 1.986327796610479
359 376 -1.5230824363372633
367 370 -0.33778538326100627
311 371 0.5170228985401271
323 343 2.101269714871794
367 378 1.0422550037182607
359 381 1.3716527928075883
366 377 2.2275794437459226
370 378 0.8122799937741847
366 381 -0.8122801326543725
357 377 0.6872705278045488
345 383 2.023523983245292
358 379 0.6181436068748636
358 372 0.242410407030617
311 372 2.8534721380276795
360 383 -1.371652884404361
372 379 2.4719660016221714
376 381 -2.319517101482562
377 381 -0.9825428039459942
369 374 2.418966462073592
310 353 0.08565016394454328
323 374 2.7803933118077264
332 374 -0.305845384176723
373 380 -0.9436227297103521
320 385 2.2726891994400433
375 384 2.8534721380276795
351 384 1.188767543534301
362 385 -0.19515772478657212
332 384 -1.60462908492035
336 385 -0.14812115655181013
376 384 -0.5170230248961472
379 386 4.436121480203944
372 386 3.9184427168471876
311 387 3.9184427168471876
372 387 0.054484828546315534
315 389 -1.986327866288225
368 389 3.015725255756913
384 390 -1.167151619412428
376 390 1.5497853865743236
377 388 2.93164334365634
362 378 -0.2899342369326745
386 387 2.5274488884529975
371 387 -0.4839058740936957
381 388 -1.3477177614522067
357 388 0.9629978960423582
378 392 1.7825318837304605
384 391 3.2060450031958343
367 392 1.6328169387983074
332 391 -1.371652884404361
381 390 -1.2778514672160726
362 392 -2.368217501379304
357 394 1.5769599644200505
365 373 -2.6469936768108107
388 394 1.8471390342477205
323 399 3.2060450031958343
357 393 0.2582187931706581
346 393 2.0618119072200103
336 345 -2.319517101482562
365 389 -1.6328170469254393
374 399 4.145152023550564
393 394 1.3959338990403656
371 389 -0.27405945275533616
0 393 -2.8534722097520193
387 397 -0.27405945275533616
371 397 4.436121480203944
345 400 2.2726891994400433
381 396 -0.6525189378391278
336 400 -2.8534722097520193
388 396 1.232765242543629
367 395 1.5769599644200505
392 395 1.72076695640305
393 401 1.9501526258096291
394 401 1.210635526973574
364 395 2.93164334365634
353 408 -2.5274489963885465
310 408 2.141984057957801
333 395 0.9053573740495944
390 396 1.604628978813839
392 398 0.7224263377855422
395 398 1.4205758640846524
394 396 -0.8864566941706382
323 373 3.3153580262671256
389 406 4.145152023550564
365 406 -2.1012697910023577
327 383 3.7324082779400585
358 408 -1.7825320036768968
398 419 1.9501526258096291
392 404 1.0221648177565306
392 419 1.210635526973574
362 404 1.9149341938214999
332 384 3.9184427168471876
395 402 1.4205758640846524
398 402 0.21088184704301205
387 405 -0.618143736811748
397 405 2.4719660016221714
373 399 3.574453703354731
399 403 2.7117470592609445
374 403 0.41842577919951873
332 403 -1.4710064589046166
333 402 1.72076695640305
402 419 4.436121480203944
365 399 -0.8122801326543725
387 411 -1.4710064589046166
405 411 3.3153580262671256
371 405 3.10674997290245
390 394 -2.1419841365639445
386 411 4.436121480203944
403 409 1.5769599644200505
332 409 1.5230823357393546
390 407 -1.8806142848807943
394 407 1.7513136084096503
404 419 3.9184427168471876
0 401 -3.5744537730315336
401 407 0.10124748840924536
379 411 2.5274488884529975
332 390 1.986327796610479
383 410 3.7324082779400585
327 410 2.141984057957801
336 345 -0.9053575182618498
345 412 2.2275794437459226
383 412 2.141984057957801
385 404 0.41842577919951873
403 416 -0.635285935274005
399 416 0.9436225830949259
409 416 0.6698459156176995
410 412 1.7825318837304605
385 419 2.7803933118077264
336 419 0.10124748840924536
327 413 2.418966462073592
410 413 2.141984057957801
358 411 -1.420575958424365
332 407 -1.371652884404361
365 415 1.2778513804684322
399 415 -0.21088196663715686
332 418 2.023523983245292
407 418 1.6328169387983074
336 412 1.210635526973574
409 417 3.9184427168471876
332 417 1.72076695640305
327 414 1.2551669361900215
389 422 2.31951701078773
407 420 -0.4674454634335292
413 414 2.0618119072200103
401 420 2.7117470592609445
336 421 -1.4968294629075651
419 421 1.0022628750411067
371 411 0.5672301020452246
406 422 0.03891301945135828
327 423 0.1481210376275779
353 423 1.4968293639808472
411 424 1.5769599644200505
414 423 1.471006361575077
371 424 2.646993557188065
406 415 -0.14812115655181013
416 417 0.13248100121840833
408 425 1.124638707269666
412 413 -1.2106356105583946
411 426 0.19515760538251437
424 426 2.5856857384930256
358 433 -0.9053575182618498
389 427 1.2778513804684322
412 414 -0.8122801326543725
408 433 3.574453703354731
358 426 1.8471390342477205
412 423 2.368217406966919
418 420 0.652518806521984
408 423 -0.14812115655181013
408 432 -0.6525189378391278
425 432 3.4370554399806776
422 427 4.145152023550564
389 424 0.7401648358628796
415 429 -0.5672302300910688
399 429 1.347717671142901
358 428 0.242410407030617
424 433 0.5672301020452246
333 419 3.7324082779400585
389 433 4.436121480203944
412 430 -0.6872706606037844
336 430 1.445594446330888
428 433 1.0625402297313233
426 433 -0.22663222628581936
416 429 1.880614156109223
412 431 -0.8306198826413334
430 431 1.9501526258096291
415 422 3.7324082779400585
401 434 1.124638707269666
358 433 0.274059332246233
0 434 -3.2060451019615273
408 412 -0.8306198826413334
408 431 3.574453703354731
389 422 -0.4347079946705643
317 419 -2.7117471225450083
422 433 -0.24241052705099042
432 435 1.8144599138640842
433 436 -1.60462908492035
422 436 0.6872705278045488
421 438 2.368217406966919
336 438 -2.1840514594677467
429 442 0.48390574875928927
416 437 -0.22663222628581936
417 437 3.574453703354731
332 447 0.1637791782871667
418 447 1.2551669361900215
420 441 0.8677032967963991
415 442 0.8306197427665889
417 447 2.31951701078773
418 441 0.03891301945135828
401 441 3.574453703354731
433 440 3.2060450031958343
416 444 -0.5672302300910688
436 440 -0.533685124626992
437 444 1.6908566753683048
441 447 0.13248100121840833
419 439 -0.7580155848378691
419 448 2.2275794437459226
416 449 -0.11685724657693086
317 439 0.7401648358628796
421 448 2.31951701078773
416 442 -0.8490927706325437
444 449 2.0618119072200103
434 451 1.8144599138640842
442 449 2.418966462073592
401 451 1.604628978813839
430 443 -0.33778538326100627
431 443 1.2778513804684322
0 439 -3.5744537730315336
430 438 -0.9436227297103521
430 448 -0.8122801326543725
415 455 2.646993557188065
438 448 3.9184427168471876
443 448 0.9244109312539295
442 455 3.7324082779400585
419 445 2.184051378192568
408 452 -0.9436227297103521
415 436 1.0422550037182607
437 446 -0.6872706606037844
417 446 -0.6010891274007599
439 445 0.38602265684584536
431 452 -0.21088196663715686
432 452 1.471006361575077
0 451 -3.43705550120135
437 450 1.347717671142901
446 450 1.4968293639808472
415 440 -0.007781779532672672
444 450 1.347717671142901
446 447 1.2551669361900215
431 448 -0.07006336313715722
435 452 -0.21088196663715686
435 453 -0.07006336313715722
432 453 -0.22663222628581936
415 425 1.6328169387983074
408 415 0.274059332246233
448 452 2.368217406966919
415 433 -0.21088196663715686
433 454 2.141984057957801
440 454 1.3959338990403656
452 453 1.5497853865743236
415 432 1.4205758640846524
415 454 4.436121480203944
415 453 1.9149341938214999
401 447 2.184051378192568
401 457 1.232765242543629
451 457 1.5769599644200505
448 458 4.844202556684481
449 459 0.5504197869721676
446 456 -0.635285935274005
447 456 2.8534721380276795
442 459 1.0422550037182607
449 460 -0.4347079946705643
446 447 0.5170228985401271
455 459 2.141984057957801
459 460 3.3153580262671256
444 460 -0.11685724657693086
447 450 0.7940688968903633
0 457 -3.3153581355547077
452 461 0.652518806521984
415 452 -0.533685124626992
415 465 4.436121480203944
450 460 -0.22663222628581936
448 463 4.436121480203944
448 464 3.4370554399806776
458 463 2.7803933118077264
448 461 1.210635526973574
415 461 3.10674997290245
447 460 -0.007781779532672672
445 463 1.0221648177565306
419 463 2.5274488884529975
401 462 3.7324082779400585
439 463 0.054484828546315534
415 459 1.3008299128497565
457 462 1.3959338990403656
458 464 0.8677032967963991
459 465 1.6615501074318497
448 467 5.537334267018537
461 467 3.015725255756913
460 466 0.9244109312539295
448 458 0.7047961364960313
447 466 1.210635526973574
448 463 0.9053573740495944
459 466 2.5856857384930256
401 469 1.103724552883528
415 467 1.880614156109223
462 469 0.8677032967963991
415 468 3.2060450031958343
462 470 1.6615501074318497
457 470 0.9053573740495944
463 471 3.574453703354731
469 470 2.184051378192568
0 470 -3.43705550120135
447 469 0.08565016394454328
463 472 2.5856857384930256
463 473 2.0618119072200103
467 475 1.3008299128497565
466 469 1.1457782142804072
472 473 3.3153580262671256
448 473 4.436121480203944
448 475 1.232765242543629
467 468 0.652518806521984
459 469 2.2726891994400433
439 471 0.274059332246233
471 472 1.124638707269666
467 478 1.1457782142804072
467 474 0.7224263377855422
465 476 0.21088184704301205
474 478 0.3058452631148958
475 478 2.646993557188065
415 476 -0.5841189757308616
459 476 -0.5841189757308616
448 477 1.72076695640305
475 477 3.2060450031958343
468 474 1.7513136084096503
474 479 -0.07006336313715722
478 479 3.9184427168471876
469 476 1.5230823357393546
468 479 -0.038913137770452355
415 479 -0.6525189378391278
415 469 0.10124748840924536
469 479 2.0618119072200103
469 476 3.3153580262671256
469 480 2.93164334365634
473 482 2.8534721380276795
472 482 4.145152023550564
469 481 2.4719660016221714
470 481 4.145152023550564
471 482 0.7759821143416219
0 481 -2.9316434205780437
479 485 1.5497853865743236
469 485 4.145152023550564
482 484 1.347717671142901
473 484 1.880614156109223
478 483 1.8471390342477205
479 483 2.4719660016221714
448 487 2.0618119072200103
473 487 2.7803933118077264
484 486 1.445594446330888
469 496 1.7513136084096503
473 486 0.4674453385798212
480 496 0.6352858046593717
475 483 -0.5672302300910688
486 489 2.023523983245292
483 495 -0.4839058740936957
469 488 1.6328169387983074
480 488 1.8471390342477205
473 489 0.07006324471763459
475 495 3.10674997290245
479 495 -0.27405945275533616
484 490 -0.13248112001244716
475 497 4.145152023550564
482 490 1.5230823357393546
486 490 -0.08565028243590467
487 489 -0.10124760698692858
495 497 3.4370554399806776
488 496 -0.32179504083642385
482 494 1.6615501074318497
486 491 -0.353818619728701
479 492 4.145152023550564
479 493 0.5841188470777665
485 493 2.023523983245292
471 494 0.8677032967963991
490 494 1.445594446330888
490 491 1.3008299128497565
489 491 -0.16377929735639296
469 493 3.10674997290245
491 494 1.9149341938214999
469 479 0.13248100121840833
481 496 -0.7940690348095123
481 499 2.93164334365634
448 489 -0.21088196663715686
492 495 0.023345926266394867
496 499 -0.635285935274005
489 498 0.8677032967963991
448 498 -0.4347079946705643
477 500 3.3153580262671256
492 501 1.880614156109223
479 501 2.5274488884529975
477 498 -0.11685724657693086
491 504 1.9149341938214999
489 504 -0.8864566941706382
479 502 0.9053573740495944
469 502 2.93164334365634
469 507 4.436121480203944
488 506 0.1637791782871667
498 504 -0.023346044556825873
496 506 1.0625402297313233
498 500 0.3217949194737102
495 501 0.41842577919951873
469 503 3.2060450031958343
476 503 2.101269714871794
494 504 2.8534721380276795
496 508 3.015725255756913
496 510 2.368217406966919
506 508 1.8471390342477205
499 510 -0.722426472174637
508 510 0.9244109312539295
481 510 -0.5841189757308616
469 479 1.0422550037182607
469 505 2.023523983245292
488 505 2.184051378192568
505 506 -1.0221649697100497
469 476 0.8306197427665889
439 494 -0.07006336313715722
469 506 -0.19515772478657212
477 498 0.369896870073811
479 495 1.232765242543629
469 512 1.8471390342477205
469 511 3.2060450031958343
476 511 2.023523983245292
469 509 2.5856857384930256
506 513 -0.25821891342749526
508 513 1.3959338990403656
506 509 -1.3959339919795308
479 514 1.0221648177565306
469 514 2.93164334365634
510 513 1.9149341938214999
469 476 2.646993557188065
469 515 0.7047961364960313
506 516 2.101269714871794
509 515 2.023523983245292
509 516 -1.083027742309897
469 479 1.9149341938214999
469 517 1.0830275858277314
515 517 2.141984057957801
498 518 1.7825318837304605
477 518 1.103724552883528
515 516 -0.867703438765498
513 516 -0.3860227795812654
475 495 -0.0544849469084292
475 498 -0.16377929735639296
495 519 3.9184427168471876
475 504 2.418966462073592
475 519 1.4968293639808472
516 517 -0.19515772478657212
469 520 1.3241144775306468
517 526 -1.2551670218420983
516 526 2.418966462073592
475 518 -0.32179504083642385
517 520 2.0618119072200103
469 521 1.1671515377428254
481 522 2.101269714871794
520 521 1.6615501074318497
510 522 0.8122799937741847
520 526 -1.2327653271421226
513 526 0.10124748840924536
512 523 2.93164334365634
469 523 0.8122799937741847
469 524 1.2778513804684322
521 524 2.0618119072200103
0 522 -2.2726892867301896
518 525 2.418966462073592
477 525 0.8122799937741847
521 526 -1.167151619412428
0 528 1.471006361575077
439 528 -3.5744537730315336
469 512 1.124638707269666
521 527 -0.4839058740936957
526 527 2.7117470592609445
524 527 -0.7401649710893459
475 525 0.023345926266394867
475 494 3.574453703354731
469 529 3.3153580262671256
525 530 2.368217406966919
477 530 -0.08565028243590467
469 531 4.145152023550564
524 531 2.2726891994400433
510 532 -0.17945749696390423
475 530 1.986327796610479
513 527 -0.24241052705099042
513 532 3.015725255756913
522 532 2.5274488884529975
512 529 0.8677032967963991
524 533 -0.2899342369326745
527 533 4.436121480203944
531 533 -0.07006336313715722
479 534 3.9184427168471876
527 538 0.1637791782871667
469 512 3.4370554399806776
513 538 3.9184427168471876
0 532 -1.8806142848807943
533 538 2.4719660016221714
495 534 1.4968293639808472
532 535 2.023523983245292
479 512 3.7324082779400585
513 535 0.3217949194737102
469 533 3.3153580262671256
0 535 -1.8806142848807943
513 536 1.188767543534301
535 536 1.4968293639808472
479 495 2.418966462073592
476 537 2.8534721380276795
469 537 2.7803933118077264
0 536 -1.7825320036768968
0 439 -4.43612156009328
0 513 -2.4719661045957224
475 495 2.93164334365634
439 539 1.124638707269666
494 539 -0.4347079946705643
0 540 1.3241144775306468
439 540 -3.5744537730315336
513 541 1.9501526258096291
0 541 -1.914934325902037
0 544 1.4205758640846524
539 540 -5.53733426701854
541 544 -3.3153581355547077
494 542 2.646993557188065
539 542 -0.16377929735639296
475 542 1.1457782142804072
538 547 3.7324082779400585
541 547 4.145152023550564
475 543 3.574453703354731
542 543 1.8144599138640842
507 533 1.1671515377428254
533 547 3.7324082779400585
0 539 -3.3153581355547077
475 546 3.4370554399806776
495 546 3.9184427168471876
542 545 -0.21088196663715686
539 545 1.5497853865743236
543 546 3.574453703354731
507 547 1.6328169387983074
0 541 -2.368217501379304
542 548 1.3008299128497565
545 548 1.5769599644200505
543 548 0.08565016394454328
479 546 1.880614156109223
547 550 3.9184427168471876
541 550 1.3241144775306468
507 552 4.436121480203944
0 545 -3.732408358890588
546 549 2.2275794437459226
479 549 3.4370554399806776
469 552 1.8471390342477205
547 552 3.10674997290245
512 553 0.38602265684584536
469 553 1.103724552883528
543 551 3.9184427168471876
0 548 -2.7117471225450083
479 553 0.7401648358628796
548 554 2.4719660016221714
543 554 -0.14812115655181013
543 556 1.7825318837304605
546 556 2.93164334365634
549 556 1.604628978813839
550 555 2.4719660016221714
541 555 0.5672301020452246
554 558 2.31951701078773
543 558 -0.8122801326543725
549 557 2.8534721380276795
469 549 1.986327796610479
551 558 -0.22663222628581936
551 556 2.2275794437459226
556 557 1.2778513804684322
549 552 2.368217406966919
549 553 1.72076695640305
550 552 1.604628978813839
0 555 -2.368217501379304
0 554 -2.9316434205780437
556 559 1.4205758640846524
557 559 2.4719660016221714
552 562 4.145152023550564
549 564 2.646993557188065
557 564 1.9149341938214999
550 562 0.8306197427665889
558 560 2.4719660016221714
551 561 2.93164334365634
552 564 3.10674997290245
550 563 2.368217406966919
0 558 -3.5744537730315336
560 561 0.07006324471763459
556 561 -0.25821891342749526
562 564 2.7117470592609445
561 568 2.8534721380276795
556 568 0.7940688968903633
550 567 1.0422550037182607
550 565 0.6010889981175147
565 567 1.445594446330888
557 566 1.7825318837304605
559 568 0.6010889981175147
559 566 1.0221648177565306
563 565 1.604628978813839
557 569 2.184051378192568
563 572 1.604628978813839
550 572 2.4719660016221714
0 560 -3.5744537730315336
559 574 2.101269714871794
564 570 2.184051378192568
568 574 2.646993557188065
566 569 1.9501526258096291
557 570 0.7580154487445683
555 572 3.10674997290245
565 572 -0.038913137770452355
562 567 0.8122799937741847
564 571 1.8144599138640842
564 573 1.5230823357393546
566 574 1.0221648177565306
569 574 0.6181436068748636
570 571 1.188767543534301
567 572 -0.4839058740936957
567 574 0.22663210648628773
572 574 4.436121480203944
571 573 2.2726891994400433
557 574 1.3241144775306468
570 574 0.054484828546315534
562 574 0.982542654754837
564 574 1.4968293639808472
571 575 0.41842577919951873
573 574 1.0022628750411067
570 575 -0.2899342369326745
571 574 1.0625402297313233
574 575 3.4370554399806776
560 568 -0.33778538326100627
568 577 2.141984057957801
560 577 -0.2899342369326745
574 577 2.2275794437459226
560 576 1.5497853865743236
576 577 -0.24241052705099042
574 579 3.10674997290245
0 576 -2.6469936768108107
577 579 2.023523983245292
576 578 1.3008299128497565
577 578 0.274059332246233
0 578 -3.9184428135768994
555 582 -3.5744537730315336
0 582 2.418966462073592
0 580 1.0422550037182607
0 581 1.3716527928075883
0 583 1.103724552883528
578 579 0.19515760538251437
0 584 0.5672301020452246
0 585 0.10124748840924536
584 585 0.7940688968903633
578 586 -4.844202616288199
0 586 -0.5504199144331001
581 586 0.19515760538251437
0 586 -0.5504199144331001
580 586 -0.038913137770452355
555 587 -3.2060451019615273
582 587 -0.023346044556825873
0 587 -0.6872706606037844
584 587 -0.635285935274005
585 588 0.7759821143416219
0 588 -0.32179504083642385
583 588 0.4347078707200993
0 588 -0.305845384176723
584 588 0.982542654754837
587 588 0.3058452631148958
579 590 2.646993557188065
574 590 2.7803933118077264
578 590 -0.19515772478657212
586 597 -1.324114566604422
578 597 -0.8490927706325437
587 591 -1.2551670218420983
555 574 0.1168571278983801
587 599 -0.9053575182618498
588 589 -0.10124760698692858
588 594 -0.2899342369326745
591 599 0.45104689322786395
586 596 -0.353818619728701
587 600 -1.8144600365838361
588 600 -0.353818619728701
589 594 -0.24241052705099042
588 598 -0.7580155848378691
591 600 -0.635285935274005
589 600 0.33778526158074773
586 595 -2.368217501379304
595 596 2.5274488884529975
594 598 3.9184427168471876
574 592 4.844202556684481
555 599 -0.4184259027266788
596 597 3.9184427168471876
574 593 -0.4347079946705643
555 593 2.2275794437459226
555 600 0.2899341161553104
599 600 4.436121480203944
593 600 1.0422550037182607
594 600 2.184051378192568
574 602 -0.40219829746062086
592 602 0.1794573777347761
593 602 1.8471390342477205
598 605 3.7324082779400585
578 601 0.40219817433836536
590 601 -0.9244110766470177
600 602 1.9149341938214999
595 603 4.436121480203944
596 603 1.986327796610479
597 601 -1.60462908492035
596 604 4.145152023550564
603 604 4.436121480203944
597 606 4.145152023550564
596 607 0.8677032967963991
598 608 1.5769599644200505
604 607 1.6328169387983074
574 602 1.4205758640846524
594 609 2.368217406966919
598 609 1.6615501074318497
605 608 2.31951701078773
595 610 0.054484828546315534
603 610 0.6698459156176995
601 611 0.2582187931706581
597 611 2.368217406966919
608 609 3.9184427168471876
600 612 -0.25821891342749526
596 611 -0.13248112001244716
600 614 0.5004307185850176
604 611 0.10124748840924536
607 611 1.0830275858277314
606 611 0.652518806521984
594 614 0.19515760538251437
597 611 -0.2899342369326745
604 610 -0.5841189757308616
594 613 0.242410407030617
610 611 2.5274488884529975
609 613 -0.13248112001244716
609 615 -0.4839058740936957
605 615 -0.3860227795812654
612 614 2.8534721380276795
613 615 2.368217406966919
602 612 1.7825318837304605
613 614 3.015725255756913
608 615 0.5336849977291656
610 616 -0.9053575182618498
611 617 -0.9053575182618498
611 623 -0.618143736811748
602 623 -2.023524054927849
612 623 -1.2327653271421226
611 616 -1.847139159904398
611 622 -0.9053575182618498
611 623 -0.6872706606037844
574 623 -2.5274489963885465
612 618 -1.083027742309897
612 619 -1.2551670218420983
614 619 -0.7047962700763302
616 617 1.6908566753683048
622 623 1.5497853865743236
618 619 2.2726891994400433
613 619 -1.042255157127819
615 619 -0.22663222628581936
615 621 -0.7047962700763302
617 623 1.1457782142804072
622 623 3.015725255756913
601 623 2.0618119072200103
618 623 2.184051378192568
619 621 1.0221648177565306
574 625 3.10674997290245
590 624 3.7324082779400585
620 623 0.5672301020452246
590 626 2.2275794437459226
574 624 2.2726891994400433
616 623 0.6698459156176995
601 626 -1.751313725733529
624 626 0.7224263377855422
624 625 2.5856857384930256
620 622 3.9184427168471876
621 627 0.48390574875928927
619 627 3.10674997290245
619 623 1.232765242543629
623 627 4.436121480203944
625 628 -3.43705550120135
623 626 -2.1012697910023577
574 628 -4.145152083743929
574 629 -0.07006336313715722
628 629 -2.8534722097520193
626 631 2.418966462073592
624 631 3.7324082779400585
623 631 -1.2327653271421226
625 630 3.015725255756913
629 632 0.19515760538251437
574 632 -0.8306198826413334
628 632 -0.038913137770452355
625 631 2.5274488884529975
628 633 3.7324082779400585
623 634 2.368217406966919
632 633 2.418966462073592
630 631 1.4968293639808472
631 636 3.015725255756913
630 636 1.880614156109223
623 639 -0.10124760698692858
574 639 -0.22663222628581936
632 635 1.6908566753683048
574 635 -0.038913137770452355
623 640 2.184051378192568
631 640 -0.867703438765498
630 637 3.9184427168471876
636 637 2.7117470592609445
635 638 0.3058452631148958
574 638 0.8864565510992328
633 635 -0.14812115655181013
628 630 0.274059332246233
630 631 2.2726891994400433
633 638 -0.007781779532672672
631 637 2.8534721380276795
638 639 -0.023346044556825873
628 641 -0.13248112001244716
633 641 0.07006324471763459
628 642 -0.9436227297103521
630 642 1.604628978813839
641 642 1.5497853865743236
633 643 -1.371652884404361
638 643 0.6698459156176995
641 643 -0.4839058740936957
623 631 -2.1840514594677467
623 638 -0.6698460476628039
631 644 0.1794573777347761
623 643 -0.5170230248961472
623 644 -0.14812115655181013
631 642 -0.4839058740936957
642 643 -0.618143736811748
623 642 -2.1419841365639445
623 631 -1.042255157127819
