MULTICUT
0 5 3.10674997290245
1 5 2.023523983245292
1 2 2.5274488884529975
2 3 3.4370554399806776
1 3 0.4347078707200993
3 5 2.5856857384930256
4 5 2.93164334365634
5 6 2.93164334365634
5 7 1.7513136084096503
5 8 2.4719660016221714
5 10 2.31951701078773
7 10 -1.1037246319352672
5 10 -1.914934325902037
5 9 2.418966462073592
5 12 1.9149341938214999
9 12 3.2060450031958343
5 16 0.6872705278045488
10 16 1.4968293639808472
5 12 1.8144599138640842
5 11 2.141984057957801
5 13 2.141984057957801
5 19 3.10674997290245
5 17 0.2582187931706581
5 14 1.1457782142804072
11 17 1.6328169387983074
5 15 1.4968293639808472
12 14 2.2275794437459226
13 15 2.5856857384930256
5 17 1.2551669361900215
10 17 3.10674997290245
5 14 3.10674997290245
16 17 4.145152023550564
5 18 3.2060450031958343
15 18 3.3153580262671256
13 17 3.4370554399806776
5 20 3.015725255756913
14 20 3.2060450031958343
15 17 2.2275794437459226
16 34 1.9501526258096291
17 34 2.418966462073592
17 18 2.5274488884529975
5 22 2.2275794437459226
14 21 2.7117470592609445
20 21 1.8471390342477205
5 23 2.5274488884529975
17 24 0.7940688968903633
24 34 1.347717671142901
14 25 2.2275794437459226
21 25 0.7224263377855422
5 17 2.5856857384930256
5 26 0.41842577919951873
22 27 2.646993557188065
21 28 0.369896870073811
25 28 4.436121480203944
5 29 1.210635526973574
5 32 0.7224263377855422
5 21 1.3008299128497565
14 30 0.9244109312539295
25 30 2.2726891994400433
5 27 0.45104689322786395
5 40 1.0022628750411067
26 29 1.0022628750411067
32 40 2.5856857384930256
5 30 1.5230823357393546
5 35 -1.3959339919795308
5 27 0.369896870073811
26 35 1.8144599138640842
27 32 3.3153580262671256
29 35 3.7324082779400585
27 35 -0.27405945275533616
30 40 3.3153580262671256
27 36 1.3959338990403656
35 36 2.7803933118077264
5 46 2.2726891994400433
5 33 2.2275794437459226
17 33 1.124638707269666
21 44 -2.418966560561031
17 34 4.145152023550564
28 44 1.2778513804684322
33 34 2.7803933118077264
5 35 1.210635526973574
27 39 3.10674997290245
27 31 -1.751313725733529
31 39 2.7803933118077264
37 40 3.015725255756913
35 46 -0.22663222628581936
32 37 0.9436225830949259
21 38 2.646993557188065
21 33 2.93164334365634
34 43 3.3153580262671256
23 46 4.145152023550564
27 44 1.4968293639808472
31 44 0.6872705278045488
38 44 -1.1246387871621042
25 40 -0.19515772478657212
40 44 2.101269714871794
25 44 -0.038913137770452355
31 41 1.5769599644200505
39 41 3.9184427168471876
27 42 -1.5230824363372633
36 42 -0.9053575182618498
39 42 1.9501526258096291
32 44 0.007781661256567096
37 44 -0.618143736811748
21 44 -1.6328170469254393
21 47 -0.8864566941706382
41 44 1.103724552883528
44 47 3.7324082779400585
36 48 0.07006324471763459
34 45 2.141984057957801
42 48 3.9184427168471876
35 48 -0.023346044556825873
35 51 0.6181436068748636
41 52 2.93164334365634
43 50 2.5274488884529975
46 51 4.145152023550564
39 52 2.418966462073592
43 45 2.368217406966919
35 52 1.0422550037182607
48 52 3.2060450031958343
44 49 1.7513136084096503
41 49 1.604628978813839
51 52 1.880614156109223
34 60 0.3058452631148958
46 55 3.015725255756913
49 52 3.9184427168471876
21 53 3.2060450031958343
45 60 -0.4839058740936957
33 53 0.38602265684584536
44 52 2.368217406966919
47 54 4.436121480203944
21 54 -0.36989699244014895
33 60 0.6010889981175147
43 58 0.3058452631148958
50 58 -1.0221649697100497
53 60 2.93164334365634
51 56 0.5004307185850176
44 75 2.184051378192568
21 57 1.0625402297313233
54 57 2.2726891994400433
46 59 2.93164334365634
43 60 -0.13248112001244716
58 60 1.188767543534301
47 75 2.646993557188065
53 57 3.10674997290245
52 63 0.6181436068748636
56 62 -2.418966560561031
51 62 -1.2327653271421226
58 72 -0.33778538326100627
51 63 -0.6872706606037844
51 62 -1.420575958424365
63 64 4.145152023550564
52 64 -1.042255157127819
52 75 -1.60462908492035
57 60 2.31951701078773
60 72 1.2778513804684322
62 63 0.48390574875928927
46 61 3.9184427168471876
54 60 1.8471390342477205
46 67 3.4370554399806776
66 75 -0.19515772478657212
46 65 3.574453703354731
46 62 -1.751313725733529
64 75 4.436121480203944
47 60 0.9053573740495944
62 70 1.0422550037182607
63 70 4.145152023550564
60 75 0.8306197427665889
46 68 0.274059332246233
46 69 -2.1419841365639445
62 69 1.8471390342477205
60 66 2.31951701078773
55 68 1.0221648177565306
68 69 1.2778513804684322
61 65 2.646993557188065
59 65 3.574453703354731
55 85 1.2778513804684322
59 85 1.4968293639808472
46 85 0.8677032967963991
55 71 3.4370554399806776
74 75 3.3153580262671256
46 65 1.6615501074318497
55 79 0.7401648358628796
68 71 0.4347078707200993
63 75 1.124638707269666
79 85 2.023523983245292
59 73 1.986327796610479
65 67 -0.27405945275533616
46 76 3.015725255756913
67 76 1.6908566753683048
67 77 0.19515760538251437
65 77 3.015725255756913
70 75 3.2060450031958343
62 79 0.7940688968903633
71 79 1.4968293639808472
69 71 0.35381849771398977
69 79 -0.4184259027266788
69 78 1.3008299128497565
70 79 5.537334267018537
71 78 1.0422550037182607
78 79 3.9184427168471876
67 80 1.1457782142804072
60 75 1.72076695640305
77 80 1.0830275858277314
67 81 0.6872705278045488
76 81 4.436121480203944
77 83 1.445594446330888
80 81 2.418966462073592
80 83 2.023523983245292
73 85 1.7513136084096503
75 79 2.7803933118077264
59 85 0.13248100121840833
65 85 0.4674453385798212
60 74 0.6181436068748636
75 82 3.015725255756913
72 90 2.184051378192568
75 84 0.8864565510992328
72 87 2.7117470592609445
65 83 2.7117470592609445
82 84 3.7324082779400585
60 75 2.7803933118077264
76 80 1.72076695640305
79 86 3.10674997290245
85 86 1.1457782142804072
76 83 0.7759821143416219
82 97 -0.867703438765498
72 89 1.5769599644200505
84 97 0.40219817433836536
89 90 2.93164334365634
79 85 1.6328169387983074
75 97 0.40219817433836536
79 88 1.2778513804684322
79 91 2.2726891994400433
60 84 0.5841188470777665
83 85 0.7224263377855422
75 91 -0.24241052705099042
76 85 -2.7117471225450083
91 97 -0.3860227795812654
85 88 1.3008299128497565
84 92 0.33778526158074773
72 90 1.0022628750411067
60 92 2.8534721380276795
87 90 1.471006361575077
76 98 -0.7759822513321553
79 94 -0.618143736811748
85 98 1.6908566753683048
88 94 0.9629978960423582
85 93 -2.2726892867301896
79 97 -1.4710064589046166
92 97 4.844202556684481
94 97 3.9184427168471876
85 97 2.418966462073592
88 97 1.124638707269666
72 90 -0.07006336313715722
72 96 0.8122799937741847
90 96 1.471006361575077
60 95 1.0422550037182607
72 95 1.3959338990403656
85 99 -3.0157253387444354
85 100 -1.690856787854381
93 99 -1.0022630255891705
97 100 -1.1457782950449733
93 107 -1.324114566604422
90 101 3.015725255756913
99 107 -1.6615502176829433
97 102 -2.319517101482562
60 72 2.418966462073592
85 107 -5.53733426701854
96 101 2.7803933118077264
85 103 -2.5856858519456853
97 104 -2.6469936768108107
92 102 -2.9316434205780437
98 103 3.2060450031958343
100 104 -0.25821891342749526
85 109 -4.145152083743929
99 109 -0.4510470176203887
107 109 -0.17945749696390423
85 105 -3.5744537730315336
60 102 -0.4839058740936957
100 105 -2.023524054927849
98 106 3.3153580262671256
60 97 3.10674997290245
104 105 0.982542654754837
85 108 -1.1887676261434261
103 108 1.347717671142901
72 101 2.93164334365634
85 111 -5.53733426701854
109 111 1.3241144775306468
85 119 -4.43612156009328
105 119 0.19515760538251437
105 115 1.2778513804684322
90 116 0.08565016394454328
103 106 1.9501526258096291
115 119 2.2726891994400433
107 112 3.9184427168471876
85 112 -5.53733426701854
101 116 0.9629978960423582
103 110 2.2275794437459226
104 115 -0.07006336313715722
60 113 3.10674997290245
108 110 2.2275794437459226
107 111 2.418966462073592
97 115 -5.53733426701854
106 117 1.5230823357393546
107 114 2.646993557188065
112 114 4.145152023550564
101 116 1.0022628750411067
101 118 0.3217949194737102
116 118 2.31951701078773
103 117 0.4674453385798212
85 121 -5.53733426701854
85 122 -5.53733426701854
119 122 1.5497853865743236
114 121 2.93164334365634
101 123 0.7224263377855422
110 117 -0.5004308444200505
110 120 3.7324082779400585
117 120 0.369896870073811
108 111 -3.9184428135768994
116 123 0.48390574875928927
108 126 -0.618143736811748
110 126 -0.6872706606037844
111 124 -5.53733426701854
107 124 -5.53733426701854
72 123 1.72076695640305
120 126 1.2551669361900215
97 125 -3.43705550120135
60 125 -2.22757952790676
113 125 -2.9316434205780437
114 124 -4.844202616288199
108 136 -1.3008300007371676
111 136 -3.9184428135768994
85 127 -2.6469936768108107
97 133 1.5497853865743236
126 136 2.368217406966919
125 133 -1.6615502176829433
85 128 2.7117470592609445
85 132 2.184051378192568
72 129 2.7803933118077264
123 130 0.652518806521984
116 130 -1.5497854889223055
116 131 3.9184427168471876
124 136 -1.167151619412428
122 132 -3.5744537730315336
85 137 2.101269714871794
115 138 -5.53733426701854
127 137 0.6698459156176995
127 128 -1.690856787854381
60 125 -2.319517101482562
119 138 -4.844202616288199
117 136 -1.6615502176829433
120 136 -0.9436227297103521
121 134 1.9501526258096291
85 134 -4.43612156009328
123 129 2.023523983245292
114 134 2.368217406966919
119 142 -4.844202616288199
97 144 -2.368217501379304
138 142 2.418966462073592
115 144 -4.844202616288199
97 140 -3.5744537730315336
140 144 1.8471390342477205
133 140 -1.751313725733529
114 135 2.023523983245292
85 143 -1.324114566604422
127 139 -1.0221649697100497
133 145 -0.0544849469084292
116 123 1.0625402297313233
124 135 -5.53733426701854
134 135 4.145152023550564
134 143 -5.53733426701854
140 145 1.232765242543629
124 150 -2.7117471225450083
127 141 -1.5497854889223055
85 148 -2.7117471225450083
132 148 1.0022628750411067
116 147 0.33778526158074773
131 147 -1.2327653271421226
136 150 2.7117470592609445
137 141 0.7224263377855422
139 141 1.188767543534301
122 142 -5.53733426701854
137 143 -0.19515772478657212
127 149 2.5856857384930256
122 148 -4.844202616288199
116 146 1.0022628750411067
139 149 0.2899341161553104
123 146 2.7117470592609445
146 147 3.10674997290245
142 148 0.03891301945135828
60 133 1.6328169387983074
134 151 2.31951701078773
143 151 -5.53733426701854
124 136 -1.0625403846496646
135 136 -4.844202616288199
127 148 1.6328169387983074
141 149 -0.8490927706325437
138 154 -0.8864566941706382
137 149 -1.0221649697100497
115 154 -4.43612156009328
143 149 1.2778513804684322
142 153 -2.4719661045957224
138 153 -2.7803933790295874
134 152 1.7513136084096503
135 152 2.2275794437459226
151 152 3.9184427168471876
148 153 1.8471390342477205
153 154 1.4205758640846524
144 145 -1.2106356105583946
143 161 -0.533685124626992
144 163 -1.0625403846496646
145 163 -1.2551670218420983
143 158 -3.106750063060895
149 158 -2.368217501379304
144 160 -2.1840514594677467
133 163 0.40219817433836536
72 156 0.6352858046593717
72 159 2.418966462073592
158 161 3.7324082779400585
60 163 3.9184427168471876
136 155 1.72076695640305
129 162 -0.7759822513321553
155 157 1.5769599644200505
136 157 -0.13248112001244716
143 164 -5.53733426701854
127 158 -3.5744537730315336
123 162 -3.5744537730315336
151 164 3.015725255756913
148 158 -2.6469936768108107
115 160 -4.844202616288199
146 166 -2.1419841365639445
160 163 2.31951701078773
147 166 -2.2726892867301896
146 165 -2.1012697910023577
165 166 2.0618119072200103
136 152 -3.9184428135768994
153 158 -3.732408358890588
123 168 -3.0157253387444354
161 164 -5.53733426701854
154 158 -1.7825320036768968
161 172 -5.53733426701854
156 167 1.5230823357393546
72 167 2.7117470592609445
147 171 -1.7825320036768968
164 172 1.1457782142804072
147 176 -0.9436227297103521
72 162 0.274059332246233
162 168 3.015725255756913
146 179 -3.3153581355547077
115 158 -4.43612156009328
123 179 -2.8534722097520193
165 179 -1.7825320036768968
166 176 0.1637791782871667
171 176 2.4719660016221714
72 169 2.141984057957801
72 170 2.184051378192568
123 180 -4.844202616288199
152 164 2.31951701078773
179 180 3.10674997290245
72 167 2.8534721380276795
164 173 1.188767543534301
172 173 1.880614156109223
60 169 2.93164334365634
72 178 0.8677032967963991
166 179 -0.9244110766470177
170 178 2.7803933118077264
159 162 0.054484828546315534
176 179 1.986327796610479
115 163 -5.53733426701854
168 180 -1.4968294629075651
164 174 3.3153580262671256
173 174 1.3241144775306468
167 170 3.015725255756913
115 175 3.2060450031958343
158 175 -3.5744537730315336
152 174 -0.22663222628581936
158 177 2.93164334365634
159 184 -1.1037246319352672
72 184 -0.618143736811748
162 184 0.1637791782871667
162 180 -0.9244110766470177
161 181 -3.732408358890588
136 174 -2.6469936768108107
172 181 3.015725255756913
178 184 2.31951701078773
180 184 1.471006361575077
167 169 1.347717671142901
158 181 -4.844202616288199
60 167 3.4370554399806776
172 174 2.141984057957801
60 170 1.1671515377428254
60 178 2.4719660016221714
158 185 -4.844202616288199
180 191 3.7324082779400585
174 181 1.9501526258096291
181 185 3.10674997290245
158 190 -3.5744537730315336
163 188 1.6328169387983074
185 190 3.574453703354731
174 182 0.2899341161553104
177 190 -3.2060451019615273
158 189 2.184051378192568
136 182 -3.9184428135768994
174 183 3.4370554399806776
181 183 2.101269714871794
163 187 -5.53733426701854
175 189 -4.145152083743929
115 187 2.101269714871794
60 188 2.0618119072200103
136 186 1.232765242543629
179 191 3.10674997290245
182 183 -0.6872706606037844
183 185 1.7825318837304605
177 189 -0.6698460476628039
184 191 2.7117470592609445
189 198 -2.5856858519456853
163 195 -5.53733426701854
177 198 -2.5856858519456853
175 187 1.5230823357393546
187 195 1.3716527928075883
190 198 2.7803933118077264
185 192 1.604628978813839
198 202 3.3153580262671256
189 202 -3.43705550120135
175 193 1.3716527928075883
187 193 3.10674997290245
163 204 -3.9184428135768994
178 194 -2.2726892867301896
183 192 0.8677032967963991
195 204 -0.32179504083642385
188 204 -4.43612156009328
182 206 -4.145152083743929
185 207 1.4968293639808472
136 206 2.101269714871794
183 206 -4.844202616288199
190 207 2.184051378192568
195 203 2.5274488884529975
192 207 0.38602265684584536
203 204 3.9184427168471876
183 196 1.6615501074318497
192 196 0.8677032967963991
193 195 2.2726891994400433
190 197 2.101269714871794
60 199 -1.7207670712436016
178 199 -2.5274489963885465
197 207 2.4719660016221714
189 193 -3.9184428135768994
194 199 0.982542654754837
60 205 1.7825318837304605
196 207 2.31951701078773
199 205 -1.847139159904398
183 201 0.1794573777347761
196 201 -1.2778514672160726
193 200 0.8677032967963991
189 200 -5.53733426701854
194 209 -0.8490927706325437
199 209 -0.2899342369326745
190 207 2.2275794437459226
193 203 2.93164334365634
60 208 1.986327796610479
178 209 -1.986327866288225
202 217 2.31951701078773
202 218 0.274059332246233
189 218 -3.732408358890588
201 206 -5.53733426701854
217 218 1.0830275858277314
200 203 -0.4674454634335292
191 214 2.8534721380276795
201 207 0.33778526158074773
198 207 1.72076695640305
204 211 2.418966462073592
188 211 -4.145152083743929
211 219 1.1671515377428254
188 219 -4.43612156009328
202 207 3.2060450031958343
189 228 -3.9184428135768994
189 210 3.574453703354731
60 212 1.5230823357393546
184 213 1.210635526973574
218 228 0.7940688968903633
184 209 -5.53733426701854
207 215 3.9184427168471876
200 220 0.9244109312539295
188 223 -2.6469936768108107
60 223 -2.4719661045957224
184 216 2.646993557188065
203 220 1.5769599644200505
212 223 -2.22757952790676
188 229 -4.43612156009328
188 221 1.986327796610479
205 230 0.8864565510992328
199 230 -1.420575958424365
201 215 -0.14812115655181013
219 229 1.4205758640846524
209 230 -2.418966560561031
202 215 1.9501526258096291
189 237 -3.106750063060895
228 237 0.6352858046593717
211 222 2.141984057957801
219 222 1.4205758640846524
136 224 2.023523983245292
218 233 -0.17945749696390423
215 217 0.1637791782871667
228 233 2.023523983245292
189 220 -3.2060451019615273
203 211 2.4719660016221714
215 231 1.604628978813839
217 227 0.652518806521984
218 227 1.4205758640846524
191 225 -0.023346044556825873
189 238 -2.6469936768108107
219 234 1.5497853865743236
237 238 0.2582187931706581
215 226 1.2778513804684322
226 231 0.41842577919951873
222 234 2.5856857384930256
229 234 1.9149341938214999
215 232 0.242410407030617
217 232 0.9629978960423582
223 235 0.6698459156176995
223 239 -0.7940690348095123
206 215 -2.368217501379304
227 233 1.6615501074318497
188 235 -2.2726892867301896
212 239 -3.43705550120135
188 234 -3.5744537730315336
226 232 0.023345926266394867
235 239 2.646993557188065
205 236 -1.0022630255891705
191 265 -3.0157253387444354
227 232 2.2275794437459226
189 203 -2.1840514594677467
230 236 0.9436225830949259
60 236 -2.5274489963885465
209 216 -4.145152083743929
231 240 2.93164334365634
226 240 -0.0544849469084292
228 241 1.0830275858277314
237 241 1.103724552883528
203 234 0.45104689322786395
211 234 2.93164334365634
216 269 -2.5274489963885465
232 240 1.7825318837304605
208 236 -0.867703438765498
209 269 -0.4347079946705643
210 238 -3.43705550120135
231 243 0.2899341161553104
209 271 1.3959338990403656
215 243 -1.8806142848807943
233 241 2.2275794437459226
269 271 3.015725255756913
184 265 -1.690856787854381
214 247 -3.43705550120135
214 242 -2.1012697910023577
191 242 -2.418966560561031
225 242 -2.418966560561031
191 254 -2.7117471225450083
191 255 -3.3153581355547077
232 233 2.0618119072200103
191 247 -2.023524054927849
240 243 0.7401648358628796
238 244 2.7117470592609445
60 251 -1.6328170469254393
208 251 -1.7207670712436016
208 252 -1.986327866288225
208 245 -1.986327866288225
236 245 -2.5856858519456853
236 246 -2.0618119810484816
230 246 -2.22757952790676
216 263 -3.732408358890588
213 263 -3.43705550120135
184 263 -3.106750063060895
184 264 -2.1419841365639445
264 265 -2.418966560561031
242 247 0.5841188470777665
242 254 0.3058452631148958
225 254 -3.5744537730315336
237 244 1.7825318837304605
245 252 1.0422550037182607
209 246 -3.9184428135768994
263 269 -1.8806142848807943
263 264 1.8471390342477205
254 255 1.3008299128497565
136 284 -4.844202616288199
136 248 -4.145152083743929
136 249 -2.5856858519456853
136 256 -3.2060451019615273
232 267 2.5274488884529975
188 261 -2.7803933790295874
235 262 -4.844202616288199
212 251 -1.5769600686022973
251 252 1.1457782142804072
246 253 0.242410407030617
209 253 -4.145152083743929
184 263 -2.7117471225450083
248 284 -1.8144600365838361
206 243 -2.023524054927849
239 262 -2.7803933790295874
245 246 1.0221648177565306
247 265 -2.7803933790295874
136 278 -4.43612156009328
224 257 -1.5769600686022973
224 258 -1.7825320036768968
136 258 -2.5856858519456853
206 258 -1.751313725733529
232 266 1.604628978813839
233 237 2.93164334365634
210 259 -2.6469936768108107
189 259 -2.5274489963885465
203 259 -1.2778514672160726
234 250 3.4370554399806776
234 260 -2.4719661045957224
188 260 -2.7117471225450083
221 260 -2.6469936768108107
221 261 -3.2060451019615273
188 262 -2.368217501379304
209 277 -0.14812115655181013
264 272 1.124638707269666
265 272 -1.6328170469254393
256 257 1.232765242543629
243 258 0.2582187931706581
266 267 0.023345926266394867
260 261 1.3716527928075883
261 262 1.347717671142901
271 277 1.5230823357393546
248 285 -1.371652884404361
136 285 -3.732408358890588
249 268 -0.4184259027266788
136 268 -2.5274489963885465
257 258 0.8122799937741847
240 279 1.0830275858277314
203 275 -1.986327866288225
256 268 -0.9244110766470177
232 279 0.13248100121840833
238 259 -1.042255157127819
259 275 -0.305845384176723
234 275 -1.2106356105583946
238 287 3.3153580262671256
234 270 2.5856857384930256
249 278 -0.8122801326543725
266 279 0.8864565510992328
259 287 -1.2778514672160726
250 270 3.7324082779400585
239 251 -1.7825320036768968
278 285 1.3716527928075883
278 286 -0.32179504083642385
249 286 -3.2060451019615273
237 273 0.8864565510992328
244 273 0.8864565510992328
239 288 0.8864565510992328
251 288 -0.33778538326100627
269 301 1.347717671142901
263 301 -4.43612156009328
284 285 3.015725255756913
243 279 -3.5744537730315336
253 277 -2.5856858519456853
244 274 1.7825318837304605
250 300 1.8144599138640842
234 300 3.015725255756913
245 276 -0.10124760698692858
247 282 -3.3153581355547077
233 273 0.2582187931706581
273 274 0.8677032967963991
265 282 0.5672301020452246
233 280 0.9244109312539295
251 281 -0.0544849469084292
252 281 -0.9244110766470177
245 281 -0.353818619728701
245 281 -0.305845384176723
246 277 -0.9436227297103521
242 283 -2.5856858519456853
254 291 0.40219817433836536
255 291 -0.6872706606037844
273 280 1.210635526973574
276 281 2.184051378192568
245 277 -1.1457782950449733
247 283 -4.844202616288199
268 286 -3.9184428135768994
256 286 -1.3008300007371676
259 295 -2.023524054927849
261 288 -2.6469936768108107
262 288 -1.847139159904398
277 281 1.7825318837304605
254 283 -4.145152083743929
254 289 -1.0022630255891705
254 290 -3.43705550120135
270 275 -1.751313725733529
257 286 -2.5856858519456853
258 292 -2.023524054927849
258 293 -0.9053575182618498
259 296 -2.6469936768108107
287 295 1.6328169387983074
295 296 2.4719660016221714
281 288 1.4205758640846524
282 283 1.6908566753683048
289 290 1.880614156109223
233 294 2.368217406966919
260 300 -2.1840514594677467
260 288 -2.319517101482562
263 297 -3.5744537730315336
264 298 -0.21088196663715686
264 299 -2.1840514594677467
272 299 -0.023346044556825873
265 299 -0.867703438765498
254 302 -0.14812115655181013
258 286 -2.6469936768108107
292 293 2.023523983245292
232 294 2.4719660016221714
263 298 -1.986327866288225
298 299 1.4205758640846524
282 299 0.6698459156176995
283 289 -0.867703438765498
297 298 1.8144599138640842
286 292 2.2726891994400433
243 293 -1.7825320036768968
232 266 2.7117470592609445
280 294 1.3716527928075883
275 296 -1.1246387871621042
288 300 1.3716527928075883
297 301 0.054484828546315534
290 302 0.3058452631148958
254 309 0.9436225830949259
285 286 1.8471390342477205
244 273 2.368217406966919
302 309 0.7580154487445683
275 304 1.72076695640305
275 308 -1.751313725733529
270 308 2.418966462073592
282 318 2.646993557188065
296 304 0.7940688968903633
291 309 1.880614156109223
266 305 2.2726891994400433
238 303 3.3153580262671256
279 305 2.4719660016221714
287 303 3.7324082779400585
266 307 2.8534721380276795
277 322 -3.9184428135768994
271 301 -0.722426472174637
297 306 0.19515760538251437
283 316 -3.3153581355547077
305 307 1.6908566753683048
273 294 1.4968293639808472
304 308 0.652518806521984
277 301 -0.9629980439232386
282 316 -0.5504199144331001
243 319 -3.732408358890588
279 319 3.2060450031958343
288 312 -1.914934325902037
281 313 -5.53733426701854
281 310 -0.5841189757308616
281 322 -2.5856858519456853
297 314 0.4674453385798212
297 311 -1.420575958424365
298 311 0.2582187931706581
299 315 -2.1012697910023577
282 315 -2.5274489963885465
289 316 0.2899341161553104
290 316 -3.0157253387444354
302 316 1.0830275858277314
232 307 4.436121480203944
306 314 5.537334267018537
298 315 -0.19515772478657212
232 320 3.574453703354731
273 320 1.604628978813839
281 339 -3.0157253387444354
277 323 -3.9184428135768994
277 339 -2.6469936768108107
309 316 2.2726891994400433
294 320 2.7803933118077264
250 308 3.3153580262671256
310 313 0.8864565510992328
310 339 -0.16377929735639296
322 339 2.2275794437459226
322 323 1.986327796610479
323 339 3.015725255756913
301 339 -4.844202616288199
311 314 1.6328169387983074
311 315 1.6615501074318497
292 327 -5.53733426701854
292 324 -4.844202616288199
293 325 -4.43612156009328
243 325 0.9436225830949259
244 320 0.1481210376275779
295 326 -2.8534722097520193
288 328 -3.43705550120135
292 325 -4.145152083743929
238 320 2.5856857384930256
312 328 -0.4674454634335292
284 331 -4.145152083743929
285 327 -5.53733426701854
286 327 -4.844202616288199
287 321 3.574453703354731
300 328 -1.5769600686022973
284 327 -3.5744537730315336
324 327 1.880614156109223
324 325 1.103724552883528
296 332 -2.5274489963885465
304 332 -0.8490927706325437
317 322 1.0022628750411067
301 306 -3.0157253387444354
327 331 2.646993557188065
287 326 -2.418966560561031
295 332 -4.145152083743929
315 318 -4.43612156009328
316 318 -4.43612156009328
243 335 -0.4839058740936957
301 340 3.574453703354731
315 329 2.8534721380276795
309 330 1.3716527928075883
319 335 0.982542654754837
232 305 3.3153580262671256
321 326 -5.53733426701854
326 332 2.4719660016221714
311 329 1.880614156109223
250 336 4.436121480203944
288 328 -4.43612156009328
313 333 -3.0157253387444354
310 333 -0.11685724657693086
306 338 -1.986327866288225
314 329 2.184051378192568
300 336 1.124638707269666
288 313 -5.53733426701854
317 323 -0.13248112001244716
301 338 3.4370554399806776
314 338 -3.3153581355547077
316 330 3.3153580262671256
325 335 -1.7825320036768968
333 339 -3.43705550120135
324 334 0.7580154487445683
317 339 -0.5004308444200505
316 345 -4.145152083743929
325 334 1.3959338990403656
305 319 0.8864565510992328
339 340 -2.4719661045957224
318 345 1.9501526258096291
303 320 2.2726891994400433
300 344 2.5274488884529975
301 337 3.9184427168471876
314 341 2.31951701078773
329 341 3.7324082779400585
325 342 2.184051378192568
327 334 2.646993557188065
334 342 2.646993557188065
335 342 -2.4719661045957224
300 370 -3.43705550120135
328 370 0.274059332246233
318 347 -3.732408358890588
344 370 -5.53733426701854
315 347 3.9184427168471876
287 320 2.5274488884529975
338 341 -4.145152083743929
327 357 0.45104689322786395
326 353 2.31951701078773
332 354 -0.7047962700763302
304 346 2.0618119072200103
308 346 -0.023346044556825873
300 343 3.3153580262671256
328 350 1.4205758640846524
313 351 -4.844202616288199
337 340 1.445594446330888
321 353 -4.844202616288199
304 354 -1.751313725733529
250 346 0.2582187931706581
350 370 3.574453703354731
288 351 4.145152023550564
327 356 0.5841188470777665
320 348 3.9184427168471876
333 351 0.8490926297285697
334 357 2.7803933118077264
326 354 0.242410407030617
336 343 2.023523983245292
328 370 0.6698459156176995
331 356 1.3008299128497565
356 357 4.436121480203944
320 321 3.3153580262671256
353 354 3.3153580262671256
346 354 -2.368217501379304
329 347 1.8471390342477205
330 345 -5.53733426701854
335 352 1.8471390342477205
319 352 -0.4347079946705643
319 349 -0.9436227297103521
305 349 0.054484828546315534
346 355 2.2726891994400433
250 355 0.9629978960423582
339 361 1.986327796610479
349 352 2.2726891994400433
333 361 -2.9316434205780437
341 347 1.4968293639808472
342 358 0.19515760538251437
335 358 -2.7803933790295874
352 358 -2.9316434205780437
338 347 -3.2060451019615273
328 364 -2.1012697910023577
288 364 -0.14812115655181013
340 361 -2.1840514594677467
250 360 1.210635526973574
336 360 1.7513136084096503
337 359 3.9184427168471876
232 349 -2.368217501379304
355 360 1.0221648177565306
340 359 -0.13248112001244716
301 359 2.101269714871794
345 362 0.48390574875928927
330 363 1.3241144775306468
330 365 3.574453703354731
334 358 -1.6328170469254393
364 370 -1.2778514672160726
333 518 -2.023524054927849
347 366 1.8144599138640842
361 518 1.9149341938214999
338 366 -4.145152083743929
318 362 2.2726891994400433
363 365 3.574453703354731
338 359 2.7117470592609445
345 363 -4.844202616288199
336 375 -3.9184428135768994
343 375 -2.368217501379304
288 371 3.3153580262671256
340 372 -0.4184259027266788
345 367 1.8144599138640842
346 360 0.1168571278983801
360 375 -1.6328170469254393
364 371 -0.4184259027266788
351 518 -4.145152083743929
361 372 2.023523983245292
360 369 2.4719660016221714
338 373 3.10674997290245
318 378 2.31951701078773
362 367 2.418966462073592
346 369 0.4347078707200993
366 373 -3.0157253387444354
366 378 -2.319517101482562
363 367 -5.53733426701854
340 376 -0.10124760698692858
359 376 0.33778526158074773
372 376 -1.690856787854381
352 374 3.2060450031958343
353 428 1.0022628750411067
346 368 2.2726891994400433
338 377 1.7825318837304605
373 381 -3.2060451019615273
349 374 0.982542654754837
321 428 -2.9316434205780437
368 369 0.9629978960423582
369 375 -2.7117471225450083
300 375 -5.53733426701854
359 377 1.9149341938214999
373 377 3.9184427168471876
366 381 1.6328169387983074
232 379 2.0618119072200103
320 380 3.9184427168471876
321 380 2.2726891994400433
349 379 -0.9244110766470177
354 428 4.844202556684481
361 417 2.8534721380276795
358 374 -2.1840514594677467
361 384 3.574453703354731
359 383 -2.7117471225450083
376 383 0.03891301945135828
334 385 -0.5004308444200505
344 389 2.101269714871794
378 382 1.0422550037182607
357 385 -0.21088196663715686
358 385 1.3716527928075883
370 389 -1.8806142848807943
384 417 3.2060450031958343
366 382 -1.751313725733529
232 397 -3.9184428135768994
366 394 0.38602265684584536
318 438 -2.1840514594677467
362 438 -3.732408358890588
367 438 -2.023524054927849
363 391 2.7117470592609445
379 397 -3.2060451019615273
381 394 3.2060450031958343
378 438 -1.3959339919795308
365 391 0.5336849977291656
320 397 -4.145152083743929
366 395 -1.1246387871621042
394 395 3.7324082779400585
382 395 3.10674997290245
374 392 -2.319517101482562
349 392 0.7580154487445683
370 386 2.2726891994400433
367 387 2.2726891994400433
363 399 -3.43705550120135
382 438 3.4370554399806776
387 399 3.10674997290245
391 399 0.35381849771398977
361 402 1.3716527928075883
374 385 -0.36989699244014895
372 402 0.4347078707200993
377 383 -1.6615502176829433
387 438 -1.986327866288225
348 388 1.9501526258096291
372 403 -1.7825320036768968
330 391 4.145152023550564
348 397 -4.145152083743929
384 518 0.8122799937741847
402 417 3.3153580262671256
402 403 1.3716527928075883
376 403 2.2726891994400433
370 390 3.10674997290245
364 390 -1.8806142848807943
373 398 1.6908566753683048
379 392 -4.43612156009328
381 398 -3.2060451019615273
356 520 1.9501526258096291
348 404 -4.145152083743929
354 409 1.604628978813839
389 400 -0.635285935274005
370 400 -3.732408358890588
390 393 0.2582187931706581
364 393 -0.8122801326543725
364 411 0.1481210376275779
371 411 0.03891301945135828
397 404 2.8534721380276795
388 404 -3.43705550120135
346 409 0.274059332246233
393 411 0.6872705278045488
320 388 -0.10124760698692858
300 408 0.4674453385798212
344 408 1.72076695640305
383 412 0.7580154487445683
377 412 0.08565016394454328
375 408 -3.9184428135768994
389 408 3.3153580262671256
386 400 -4.844202616288199
403 412 0.6872705278045488
377 398 2.141984057957801
385 396 0.35381849771398977
374 396 1.7513136084096503
320 407 -1.5497854889223055
321 414 3.574453703354731
414 428 -2.7803933790295874
408 410 -2.5274489963885465
351 406 2.5856857384930256
406 518 -3.0157253387444354
401 417 4.844202556684481
357 520 1.5769599644200505
388 407 -2.8534722097520193
375 410 3.4370554399806776
394 398 -3.3153581355547077
380 407 -2.7117471225450083
375 413 -0.5672302300910688
371 405 0.7580154487445683
369 413 1.103724552883528
405 411 -0.8306198826413334
401 518 2.4719660016221714
392 396 0.023345926266394867
410 413 -0.08565028243590467
288 405 -0.2899342369326745
386 518 0.48390574875928927
405 415 -1.4455945421327967
288 415 -1.5230824363372633
321 407 -2.9316434205780437
400 518 -3.106750063060895
351 415 -2.5274489963885465
368 409 0.5672301020452246
385 421 -0.635285935274005
396 421 1.604628978813839
404 416 0.7940688968903633
409 428 0.7224263377855422
370 518 0.45104689322786395
370 425 0.5504197869721676
390 425 0.45104689322786395
398 418 0.7580154487445683
388 416 -2.1840514594677467
425 518 1.347717671142901
394 418 -1.4710064589046166
321 427 -1.5769600686022973
393 425 -0.17945749696390423
351 422 0.35381849771398977
438 440 4.844202556684481
387 440 -0.13248112001244716
407 427 0.9436225830949259
368 413 -0.25821891342749526
406 422 0.274059332246233
402 412 1.9149341938214999
421 433 2.8534721380276795
392 426 0.5170228985401271
379 426 -2.1012697910023577
406 423 -0.0544849469084292
431 518 0.274059332246233
399 419 2.023523983245292
385 433 -1.420575958424365
414 427 0.08565016394454328
409 413 0.2899341161553104
411 425 3.2060450031958343
415 422 0.08565016394454328
422 423 0.8677032967963991
406 431 1.3241144775306468
377 418 1.986327796610479
387 419 -0.36989699244014895
392 421 0.2899341161553104
417 518 3.015725255756913
419 440 4.145152023550564
357 420 1.0221648177565306
397 434 1.5230823357393546
404 434 1.6328169387983074
414 435 1.0830275858277314
428 435 -4.145152083743929
379 434 -2.7803933790295874
421 426 3.015725255756913
377 424 1.3241144775306468
385 420 -0.7940690348095123
388 427 -2.2726892867301896
411 430 2.8534721380276795
395 438 3.10674997290245
394 438 3.9184427168471876
389 429 2.93164334365634
402 432 3.574453703354731
416 434 -0.6698460476628039
408 429 1.445594446330888
405 430 -2.319517101482562
417 432 1.6615501074318497
420 520 3.7324082779400585
423 431 0.22663210648628773
428 436 -3.732408358890588
412 439 4.436121480203944
377 439 -1.0022630255891705
391 440 4.844202556684481
435 436 2.184051378192568
412 432 1.986327796610479
424 439 -1.690856787854381
405 437 0.1794573777347761
415 437 0.5170228985401271
430 437 0.8490926297285697
432 518 -0.353818619728701
418 438 -1.0625403846496646
399 440 1.445594446330888
409 410 0.007781661256567096
421 442 1.4968293639808472
424 449 0.8864565510992328
424 445 -1.5230824363372633
377 445 0.08565016394454328
418 446 -0.038913137770452355
433 442 2.141984057957801
439 449 0.45104689322786395
438 446 2.2726891994400433
426 442 3.3153580262671256
414 450 2.31951701078773
435 450 -0.618143736811748
436 443 1.5769599644200505
428 443 -2.368217501379304
389 408 0.9244109312539295
423 518 1.986327796610479
379 442 -2.1012697910023577
436 450 -0.14812115655181013
432 439 0.7224263377855422
445 446 1.445594446330888
389 518 0.6698459156176995
434 451 2.368217406966919
410 444 3.574453703354731
408 444 -1.5769600686022973
432 448 1.7513136084096503
379 451 0.38602265684584536
389 444 -0.023346044556825873
425 430 1.4205758640846524
420 441 -1.5769600686022973
385 441 1.4968293639808472
441 520 -1.6615502176829433
427 450 2.2726891994400433
439 448 3.10674997290245
445 449 0.6698459156176995
422 518 0.9629978960423582
443 450 2.0618119072200103
448 518 1.72076695640305
409 447 -1.371652884404361
410 447 -1.420575958424365
428 447 -1.751313725733529
433 441 -2.7117471225450083
428 450 3.7324082779400585
444 447 -1.60462908492035
440 518 2.7803933118077264
447 450 -1.4968294629075651
442 451 2.2275794437459226
416 452 1.7825318837304605
427 453 3.2060450031958343
434 452 -0.8490927706325437
388 453 -2.2726892867301896
441 457 1.0022628750411067
434 458 4.436121480203944
434 460 -0.6698460476628039
389 455 0.9436225830949259
389 456 -0.13248112001244716
456 518 0.1481210376275779
449 454 1.3008299128497565
445 454 3.10674997290245
391 518 1.72076695640305
457 520 -0.22663222628581936
458 460 0.13248100121840833
452 460 2.368217406966919
444 455 -0.4184259027266788
455 456 1.0221648177565306
433 457 0.8306197427665889
451 458 3.4370554399806776
388 452 -2.8534722097520193
415 430 2.2275794437459226
439 454 1.8144599138640842
447 466 -0.5841189757308616
447 465 0.08565016394454328
446 459 1.7513136084096503
438 459 2.418966462073592
450 466 0.369896870073811
465 466 1.5769599644200505
444 465 0.22663210648628773
462 518 0.08565016394454328
448 462 1.0221648177565306
388 427 -1.4710064589046166
461 518 2.31951701078773
439 518 3.9184427168471876
388 460 -3.732408358890588
445 459 1.5497853865743236
451 464 2.141984057957801
455 463 1.188767543534301
444 463 -0.4347079946705643
456 463 0.4674453385798212
448 518 0.45104689322786395
438 518 4.145152023550564
442 464 0.7759821143416219
448 467 0.5504197869721676
467 518 1.880614156109223
454 518 2.368217406966919
463 518 -0.533685124626992
462 467 0.08565016394454328
459 518 0.21088184704301205
445 518 1.0022628750411067
442 457 -0.21088196663715686
444 518 0.1481210376275779
469 518 -0.24241052705099042
425 469 1.880614156109223
442 451 2.5856857384930256
451 460 -0.14812115655181013
415 518 0.07006324471763459
460 468 1.9501526258096291
451 468 -0.038913137770452355
460 470 -2.1840514594677467
388 470 0.7940688968903633
444 471 1.7513136084096503
471 518 2.0618119072200103
468 470 -1.3008300007371676
472 520 -1.2551670218420983
457 472 1.9149341938214999
468 473 2.31951701078773
450 478 1.4968293639808472
442 472 -0.4839058740936957
451 473 -0.13248112001244716
430 469 -0.33778538326100627
442 475 3.2060450031958343
430 485 0.369896870073811
427 470 -0.5004308444200505
469 485 1.188767543534301
468 476 -0.8864566941706382
474 518 4.145152023550564
430 518 2.7117470592609445
472 475 -0.533685124626992
473 476 -0.9244110766470177
470 476 1.1457782142804072
485 518 2.7803933118077264
465 477 1.5230823357393546
444 477 0.33778526158074773
427 478 1.9501526258096291
466 477 1.0422550037182607
479 518 4.145152023550564
427 476 -0.038913137770452355
471 480 1.6615501074318497
480 518 2.7117470592609445
483 518 1.2778513804684322
481 518 2.31951701078773
479 483 1.445594446330888
481 483 0.982542654754837
476 482 1.880614156109223
473 482 -0.8122801326543725
427 494 4.436121480203944
478 494 4.145152023550564
477 484 1.8471390342477205
427 482 -0.305845384176723
466 484 2.2275794437459226
482 486 1.72076695640305
483 518 1.4968293639808472
473 486 -0.7940690348095123
492 518 2.7803933118077264
495 518 2.368217406966919
450 484 -0.40219829746062086
492 495 2.7803933118077264
493 520 4.145152023550564
489 520 3.4370554399806776
473 487 1.8471390342477205
486 488 1.604628978813839
444 491 -0.21088196663715686
471 491 0.8122799937741847
512 518 5.537334267018537
451 487 1.2551669361900215
473 488 -0.7401649710893459
427 486 -0.7759822513321553
480 491 -0.5841189757308616
491 518 -0.8122801326543725
488 490 1.445594446330888
477 503 -0.16377929735639296
444 503 3.3153580262671256
498 518 3.9184427168471876
487 490 -0.353818619728701
427 488 -1.2778514672160726
484 503 0.08565016394454328
496 520 -0.8864566941706382
472 496 2.141984057957801
474 503 0.9436225830949259
489 496 -0.8306198826413334
503 518 2.4719660016221714
490 497 1.3241144775306468
503 518 1.232765242543629
475 496 -0.36989699244014895
487 497 0.023345926266394867
427 490 -1.167151619412428
498 512 4.844202556684481
450 500 2.2275794437459226
484 499 1.124638707269666
450 499 -0.4839058740936957
450 504 3.7324082779400585
507 518 3.3153580262671256
492 512 2.5274488884529975
496 520 -0.635285935274005
451 475 2.7803933118077264
427 497 0.2899341161553104
484 501 0.8864565510992328
506 518 1.188767543534301
500 504 4.145152023550564
499 501 0.5504197869721676
491 503 -0.4674454634335292
505 518 1.5769599644200505
508 518 3.574453703354731
478 500 3.3153580262671256
506 507 1.72076695640305
495 512 1.72076695640305
487 502 2.7117470592609445
512 518 0.40219817433836536
451 502 0.7401648358628796
503 505 2.4719660016221714
505 506 2.184051378192568
508 512 3.574453703354731
499 504 0.6181436068748636
497 502 0.03891301945135828
503 510 2.93164334365634
495 509 1.188767543534301
484 510 0.1481210376275779
509 512 2.2275794437459226
502 511 2.184051378192568
501 504 0.5170228985401271
501 510 0.48390574875928927
451 511 1.2778513804684322
504 510 2.023523983245292
514 520 -0.007781779532672672
496 513 -0.6872706606037844
475 513 -0.7759822513321553
496 514 2.368217406966919
495 512 5.537334267018537
497 511 -0.08565028243590467
478 504 2.646993557188065
494 517 3.2060450031958343
504 519 4.844202556684481
503 518 0.9244109312539295
505 518 0.023345926266394867
506 518 -0.6698460476628039
503 521 0.7401648358628796
427 517 3.9184427168471876
518 521 3.2060450031958343
496 515 -0.4839058740936957
513 515 1.986327796610479
475 516 3.9184427168471876
494 523 1.9149341938214999
478 523 0.48390574875928927
504 520 1.3008299128497565
510 520 2.0618119072200103
514 515 -0.5841189757308616
513 516 -0.19515772478657212
517 523 4.844202556684481
519 520 1.604628978813839
503 520 1.5230823357393546
520 521 3.574453703354731
511 524 0.07006324471763459
451 524 0.3058452631148958
497 524 1.210635526973574
515 516 -0.22663222628581936
520 522 -0.038913137770452355
514 522 1.72076695640305
475 525 1.445594446330888
451 525 1.3959338990403656
515 522 -0.33778538326100627
427 524 1.2778513804684322
518 526 4.145152023550564
524 525 -0.618143736811748
522 527 0.45104689322786395
515 527 1.6615501074318497
518 529 5.537334267018537
520 527 -0.11685724657693086
526 529 3.4370554399806776
515 528 1.0830275858277314
516 528 3.10674997290245
527 528 0.7047961364960313
475 520 3.4370554399806776
517 520 2.93164334365634
516 520 1.210635526973574
478 520 -1.0022630255891705
475 524 -0.07006336313715722
520 523 1.2551669361900215
504 520 -0.0544849469084292
427 531 1.124638707269666
520 528 1.3716527928075883
427 520 0.9244109312539295
520 531 4.436121480203944
518 521 3.015725255756913
521 530 2.418966462073592
518 520 3.3153580262671256
518 530 2.8534721380276795
475 531 2.0618119072200103
512 518 5.537334267018537
524 531 -2.5856858519456853
527 532 -0.4674454634335292
520 532 5.537334267018537
528 532 0.5170228985401271
520 531 5.537334267018537
518 533 4.844202556684481
518 535 4.844202556684481
518 534 -0.32179504083642385
518 536 -2.1419841365639445
534 535 2.4719660016221714
518 535 0.4674453385798212
534 536 1.72076695640305
535 536 1.5497853865743236
512 535 0.21088184704301205
531 537 4.145152023550564
520 537 1.9149341938214999
518 538 3.10674997290245
538 539 5.537334267018537
518 539 3.9184427168471876
520 540 1.6908566753683048
535 543 0.7224263377855422
520 541 2.5856857384930256
518 543 3.015725255756913
540 541 1.5497853865743236
520 544 3.015725255756913
518 542 3.3153580262671256
520 542 3.7324082779400585
538 545 4.145152023550564
518 538 3.2060450031958343
538 546 2.418966462073592
545 546 0.03891301945135828
538 546 2.8534721380276795
520 547 3.9184427168471876
518 520 1.8144599138640842
