MULTICUT
0 3 1.880614156109223
1 3 1.445594446330888
1 2 -0.038913137770452355
2 3 1.347717671142901
3 4 -5.53733426701854
3 5 -5.53733426701854
4 5 1.8471390342477205
5 6 3.015725255756913
4 6 2.8534721380276795
3 8 -5.53733426701854
5 8 2.2275794437459226
3 9 -5.53733426701854
4 9 0.35381849771398977
3 10 -5.53733426701854
5 7 4.436121480203944
9 10 0.19515760538251437
7 8 3.9184427168471876
3 11 -4.844202616288199
6 9 -0.0544849469084292
6 8 1.232765242543629
10 11 1.8471390342477205
8 9 3.2060450031958343
5 8 0.5504197869721676
9 11 3.574453703354731
3 12 -5.53733426701854
8 12 2.8534721380276795
3 14 -5.53733426701854
11 14 -0.0544849469084292
3 13 -5.53733426701854
9 14 3.2060450031958343
3 15 -5.53733426701854
13 15 3.3153580262671256
3 16 -4.844202616288199
3 17 -5.53733426701854
14 16 2.4719660016221714
15 17 2.93164334365634
3 18 -5.53733426701854
17 18 3.3153580262671256
3 19 -5.53733426701854
12 21 0.8490926297285697
3 21 -5.53733426701854
18 22 2.93164334365634
3 22 -5.53733426701854
19 22 4.145152023550564
3 29 -5.53733426701854
13 29 0.652518806521984
17 22 3.7324082779400585
8 21 -2.2726892867301896
15 22 4.844202556684481
9 16 3.574453703354731
20 29 -0.5170230248961472
13 20 3.3153580262671256
19 24 4.436121480203944
15 20 1.471006361575077
3 26 -5.53733426701854
8 28 3.10674997290245
15 23 4.145152023550564
26 29 2.368217406966919
9 27 1.471006361575077
8 27 -2.8534722097520193
8 25 3.2060450031958343
20 23 3.7324082779400585
3 29 -5.53733426701854
25 28 3.574453703354731
8 30 3.4370554399806776
22 33 2.418966462073592
28 30 3.574453703354731
15 33 2.7117470592609445
21 31 -0.353818619728701
8 31 4.844202556684481
3 29 -5.53733426701854
19 35 3.574453703354731
3 35 -5.53733426701854
21 29 -1.1887676261434261
19 33 -0.5841189757308616
8 34 3.7324082779400585
9 32 1.4205758640846524
3 38 -5.53733426701854
29 38 2.418966462073592
8 28 3.9184427168471876
24 36 3.574453703354731
30 34 0.1637791782871667
24 35 1.6328169387983074
35 36 5.537334267018537
28 34 3.7324082779400585
3 44 -5.53733426701854
35 44 2.93164334365634
3 41 -4.145152083743929
38 41 3.9184427168471876
32 37 3.9184427168471876
9 37 5.537334267018537
29 41 1.4205758640846524
8 39 -0.6010891274007599
29 31 3.2060450031958343
24 35 1.471006361575077
27 39 3.10674997290245
32 49 1.5497853865743236
34 39 1.7825318837304605
34 45 -0.08565028243590467
28 45 0.007781661256567096
19 40 -0.0544849469084292
37 49 3.7324082779400585
19 35 0.7224263377855422
19 43 1.4968293639808472
40 43 4.844202556684481
35 40 3.7324082779400585
33 46 0.5336849977291656
15 46 4.145152023550564
33 43 0.4347078707200993
39 45 2.7803933118077264
23 42 1.880614156109223
20 42 -0.618143736811748
42 47 0.10124748840924536
23 47 3.015725255756913
35 48 4.436121480203944
9 39 -0.33778538326100627
33 40 3.574453703354731
40 48 5.537334267018537
8 45 0.242410407030617
44 51 3.7324082779400585
3 51 -5.53733426701854
8 50 1.3716527928075883
33 54 2.023523983245292
45 50 -0.007781779532672672
46 54 2.5856857384930256
15 47 -0.305845384176723
44 48 2.2275794437459226
47 63 3.2060450031958343
15 63 5.537334267018537
39 50 2.2275794437459226
39 53 3.9184427168471876
50 53 4.436121480203944
9 49 4.436121480203944
8 56 2.184051378192568
42 52 1.604628978813839
50 56 2.5856857384930256
20 52 0.5004307185850176
47 52 0.13248100121840833
8 29 2.101269714871794
20 55 2.5274488884529975
52 55 1.9501526258096291
9 57 4.145152023550564
8 50 3.574453703354731
47 55 0.45104689322786395
40 44 -0.023346044556825873
33 58 1.6908566753683048
40 58 1.3716527928075883
9 93 2.141984057957801
29 55 1.8144599138640842
54 58 2.023523983245292
9 59 3.3153580262671256
57 59 4.145152023550564
44 58 -0.14812115655181013
57 93 3.015725255756913
9 93 3.7324082779400585
9 53 2.184051378192568
54 60 1.9501526258096291
8 61 3.7324082779400585
29 61 1.4205758640846524
59 93 4.145152023550564
44 64 3.574453703354731
29 47 1.5230823357393546
46 60 0.6872705278045488
51 64 -0.4674454634335292
54 58 1.103724552883528
54 62 2.31951701078773
58 62 2.4719660016221714
64 66 1.7513136084096503
51 66 2.5856857384930256
60 73 -0.5504199144331001
46 73 4.436121480203944
54 73 0.7940688968903633
15 65 4.436121480203944
58 73 -0.13248112001244716
50 69 2.7803933118077264
8 69 4.436121480203944
61 70 2.2726891994400433
9 50 0.5504197869721676
47 68 -0.5004308444200505
63 68 0.7759821143416219
8 70 2.646993557188065
29 68 0.5004307185850176
8 95 4.436121480203944
44 67 4.844202556684481
29 70 -0.16377929735639296
15 73 4.844202556684481
51 71 2.418966462073592
65 73 0.7580154487445683
66 71 4.145152023550564
3 71 -4.844202616288199
9 69 0.7224263377855422
8 72 1.4968293639808472
44 77 2.368217406966919
58 77 2.418966462073592
64 67 0.5004307185850176
72 74 1.347717671142901
8 74 -0.6698460476628039
63 65 3.9184427168471876
66 67 -2.1419841365639445
74 95 0.8677032967963991
8 76 1.9501526258096291
70 76 4.145152023550564
67 77 2.4719660016221714
72 79 2.184051378192568
29 75 -1.9501526936104758
8 79 2.0618119072200103
68 75 0.7759821143416219
58 67 -2.4719661045957224
58 66 2.7117470592609445
8 9 0.7047961364960313
74 79 1.347717671142901
68 85 -0.635285935274005
73 80 3.9184427168471876
29 76 -0.5841189757308616
75 85 -0.25821891342749526
63 85 1.4205758640846524
9 81 3.3153580262671256
65 78 1.5769599644200505
73 78 2.5274488884529975
77 86 3.4370554399806776
58 77 0.6181436068748636
65 84 4.145152023550564
74 82 2.0618119072200103
83 95 3.574453703354731
79 82 2.93164334365634
74 83 3.9184427168471876
78 80 1.445594446330888
81 93 3.7324082779400585
58 86 3.3153580262671256
78 84 0.7759821143416219
73 87 4.844202556684481
66 88 0.9436225830949259
71 88 2.2275794437459226
65 85 1.0022628750411067
80 87 1.2551669361900215
8 94 -0.21088196663715686
79 94 0.7940688968903633
82 94 0.07006324471763459
58 89 1.880614156109223
88 89 -0.8122801326543725
58 92 0.5336849977291656
74 94 4.145152023550564
65 75 -3.0157253387444354
89 92 4.844202556684481
81 93 3.015725255756913
9 93 2.4719660016221714
71 96 2.31951701078773
88 96 4.436121480203944
3 96 -5.53733426701854
81 100 5.537334267018537
75 91 -0.4510470176203887
80 97 1.9501526258096291
65 91 -5.53733426701854
87 97 1.986327796610479
8 101 1.5497853865743236
94 101 4.145152023550564
93 100 5.537334267018537
8 90 1.0221648177565306
90 101 1.72076695640305
8 29 -0.6698460476628039
87 99 3.7324082779400585
97 99 4.844202556684481
73 102 4.844202556684481
9 90 1.3716527928075883
99 102 2.4719660016221714
84 98 -0.40219829746062086
78 98 1.4205758640846524
65 98 2.7803933118077264
80 99 2.7803933118077264
80 98 -0.5504199144331001
93 104 3.4370554399806776
74 103 2.2275794437459226
83 103 4.145152023550564
9 104 4.145152023550564
9 101 1.6908566753683048
98 99 3.3153580262671256
58 105 -3.106750063060895
92 105 1.9501526258096291
88 92 0.2899341161553104
75 108 -1.8806142848807943
29 108 2.184051378192568
91 108 -4.844202616288199
88 105 2.7803933118077264
95 103 2.2726891994400433
103 106 2.4719660016221714
95 106 3.574453703354731
74 106 -0.6525189378391278
96 105 3.9184427168471876
93 109 2.93164334365634
91 98 -4.145152083743929
29 107 1.5230823357393546
107 108 2.368217406966919
73 114 2.93164334365634
58 114 -0.0544849469084292
29 111 2.101269714871794
99 110 3.9184427168471876
102 110 3.3153580262671256
95 113 2.184051378192568
95 112 3.7324082779400585
112 113 1.6615501074318497
73 110 4.145152023550564
91 99 -5.53733426701854
94 106 -2.368217501379304
94 115 0.8306197427665889
58 117 -1.1246387871621042
105 117 3.10674997290245
9 94 0.3217949194737102
29 116 2.7803933118077264
29 108 2.101269714871794
99 121 -3.9184428135768994
111 116 2.2275794437459226
29 91 -3.9184428135768994
91 121 3.2060450031958343
93 119 4.436121480203944
94 120 0.33778526158074773
115 120 4.844202556684481
106 120 3.2060450031958343
93 118 -2.22757952790676
109 118 2.2726891994400433
29 116 3.4370554399806776
104 119 1.0830275858277314
29 95 3.4370554399806776
110 121 -2.6469936768108107
96 125 2.023523983245292
3 125 -5.53733426701854
96 117 3.10674997290245
115 122 -0.14812115655181013
94 122 0.5336849977291656
9 123 2.5274488884529975
94 123 0.274059332246233
91 126 3.9184427168471876
29 126 -4.145152083743929
120 124 3.4370554399806776
106 124 1.6615501074318497
122 123 -0.9629980439232386
73 121 -5.53733426701854
115 124 5.537334267018537
104 127 3.7324082779400585
119 127 1.188767543534301
125 128 1.232765242543629
3 128 -5.53733426701854
95 132 4.436121480203944
9 122 -4.43612156009328
95 130 3.015725255756913
58 133 3.7324082779400585
96 128 2.7803933118077264
114 121 0.40219817433836536
117 133 0.33778526158074773
115 129 2.368217406966919
122 129 1.3959338990403656
118 131 1.2778513804684322
109 131 3.015725255756913
29 130 1.210635526973574
118 119 -4.43612156009328
115 122 0.8306197427665889
122 124 1.0830275858277314
130 134 1.72076695640305
130 132 1.4205758640846524
117 137 0.9053573740495944
29 132 3.7324082779400585
133 137 3.4370554399806776
132 134 4.844202556684481
95 134 3.4370554399806776
96 137 0.13248100121840833
106 122 -3.5744537730315336
95 135 2.418966462073592
29 136 3.2060450031958343
118 127 -2.368217501379304
127 140 -1.0022630255891705
118 140 2.93164334365634
9 138 3.2060450031958343
104 138 2.141984057957801
114 148 -3.0157253387444354
96 141 3.4370554399806776
95 122 -5.53733426701854
132 135 3.2060450031958343
134 135 2.7117470592609445
128 141 4.844202556684481
116 167 3.3153580262671256
29 167 -1.042255157127819
104 140 -2.8534722097520193
96 139 3.7324082779400585
121 148 -4.844202616288199
133 142 2.31951701078773
58 148 -5.53733426701854
58 142 2.184051378192568
118 143 3.4370554399806776
131 143 2.0618119072200103
137 139 -0.4674454634335292
58 150 -5.53733426701854
29 91 -3.9184428135768994
137 142 0.8490926297285697
118 144 1.0022628750411067
139 146 -1.9501526936104758
137 149 -5.53733426701854
137 145 1.0022628750411067
139 145 -0.9436227297103521
145 146 -1.847139159904398
137 152 -5.53733426701854
142 152 -3.43705550120135
149 152 1.5230823357393546
148 150 3.015725255756913
143 144 -0.4839058740936957
132 147 5.537334267018537
145 149 -4.145152083743929
138 140 -3.2060451019615273
146 151 -2.6469936768108107
145 151 2.141984057957801
128 139 3.7324082779400585
3 164 -2.319517101482562
91 148 -5.53733426701854
91 155 -5.53733426701854
146 153 -2.8534722097520193
9 140 -3.9184428135768994
148 155 2.8534721380276795
151 153 -0.867703438765498
132 154 2.184051378192568
140 144 -1.371652884404361
147 154 2.141984057957801
143 157 2.5856857384930256
144 157 -0.08565028243590467
149 151 -3.732408358890588
3 160 -2.7803933790295874
58 169 -4.844202616288199
151 166 -2.5274489963885465
150 169 -1.7825320036768968
142 169 -5.53733426701854
149 166 -1.1246387871621042
153 166 -2.418966560561031
160 164 3.574453703354731
147 156 2.2726891994400433
91 159 -4.844202616288199
155 159 0.5336849977291656
142 163 -3.732408358890588
3 164 -2.368217501379304
152 163 -0.9053575182618498
152 166 -2.368217501379304
147 161 2.8534721380276795
156 161 3.574453703354731
128 164 -3.5744537730315336
154 161 0.8122799937741847
147 161 3.574453703354731
146 158 2.93164334365634
131 157 2.7117470592609445
161 165 3.574453703354731
154 165 3.4370554399806776
163 169 3.7324082779400585
116 162 4.436121480203944
29 162 0.5004307185850176
163 166 4.145152023550564
148 169 -2.2726892867301896
139 158 -0.007781779532672672
162 167 4.436121480203944
153 158 -3.9184428135768994
91 171 -5.53733426701854
159 171 -0.40219829746062086
155 171 -2.6469936768108107
148 171 -2.368217501379304
128 158 -2.368217501379304
169 171 3.10674997290245
132 168 3.10674997290245
29 168 -0.6698460476628039
144 170 -1.1887676261434261
157 170 2.5856857384930256
166 172 4.436121480203944
153 172 -1.2778514672160726
29 167 2.7117470592609445
91 178 -0.618143736811748
171 178 -5.53733426701854
29 174 0.3217949194737102
131 170 3.9184427168471876
168 174 2.93164334365634
29 178 2.31951701078773
132 174 2.93164334365634
154 174 0.41842577919951873
147 173 4.844202556684481
161 173 3.7324082779400585
158 180 0.48390574875928927
128 180 -4.43612156009328
95 175 0.6352858046593717
164 186 -3.106750063060895
175 176 0.9436225830949259
95 176 3.9184427168471876
161 177 3.7324082779400585
161 179 0.9053573740495944
165 179 1.6908566753683048
140 182 3.2060450031958343
169 195 -5.53733426701854
166 195 -4.43612156009328
144 182 -2.22757952790676
122 175 -1.6615502176829433
153 180 -5.53733426701854
174 189 -4.43612156009328
29 189 -5.53733426701854
163 195 -5.53733426701854
172 190 -3.732408358890588
154 179 3.3153580262671256
172 195 -4.43612156009328
153 190 -2.9316434205780437
128 186 -5.53733426701854
161 181 1.8144599138640842
171 193 -3.2060451019615273
179 181 1.986327796610479
190 195 3.4370554399806776
193 195 3.7324082779400585
177 183 0.35381849771398977
181 183 1.5230823357393546
174 179 0.4674453385798212
178 193 -4.844202616288199
175 191 -0.5004308444200505
176 191 0.9629978960423582
177 185 0.41842577919951873
177 184 0.6872705278045488
183 184 1.2778513804684322
179 188 1.347717671142901
184 185 1.4968293639808472
132 173 3.7324082779400585
177 187 1.232765242543629
161 187 1.8144599138640842
185 187 1.880614156109223
181 188 0.023345926266394867
181 192 2.2275794437459226
29 198 -5.53733426701854
183 192 0.9629978960423582
188 192 3.574453703354731
189 198 1.445594446330888
179 197 0.07006324471763459
184 192 2.368217406966919
188 197 4.436121480203944
29 193 -4.145152083743929
29 219 3.2060450031958343
122 191 -5.53733426701854
170 200 3.4370554399806776
9 202 -4.145152083743929
185 194 0.6010889981175147
184 194 1.9501526258096291
144 200 -2.8534722097520193
140 202 3.10674997290245
122 202 1.5769599644200505
187 194 0.5504197869721676
153 195 -5.53733426701854
187 196 0.8122799937741847
194 196 2.2726891994400433
161 196 2.0618119072200103
192 197 3.4370554399806776
140 144 -0.023346044556825873
192 199 1.7513136084096503
189 205 -3.732408358890588
167 208 3.9184427168471876
29 208 -2.5856858519456853
95 191 0.3058452631148958
197 199 3.574453703354731
179 205 -3.0157253387444354
208 219 -3.5744537730315336
184 199 1.3959338990403656
180 204 1.6328169387983074
128 204 -4.844202616288199
194 199 1.1671515377428254
196 199 1.6908566753683048
198 205 -1.042255157127819
95 201 1.3716527928075883
132 201 2.141984057957801
128 212 -2.7117471225450083
186 212 1.6908566753683048
173 196 1.3008299128497565
198 207 1.986327796610479
131 200 2.7803933118077264
205 207 0.3058452631148958
29 215 -1.420575958424365
29 203 1.72076695640305
193 203 -5.53733426701854
173 199 0.8864565510992328
198 215 -2.1840514594677467
167 215 -4.43612156009328
195 203 -4.844202616288199
173 201 1.986327796610479
207 215 -1.5230824363372633
197 206 4.436121480203944
197 209 3.7324082779400585
173 197 3.9184427168471876
204 212 2.8534721380276795
179 209 0.7580154487445683
195 211 3.4370554399806776
201 213 2.141984057957801
208 218 1.5497853865743236
195 214 4.145152023550564
191 213 -3.0157253387444354
206 209 2.646993557188065
218 219 0.242410407030617
153 204 -5.53733426701854
173 210 3.3153580262671256
167 217 2.141984057957801
204 227 -5.53733426701854
210 213 4.844202556684481
153 227 3.10674997290245
122 243 1.5497853865743236
191 243 -4.43612156009328
197 216 2.7117470592609445
206 216 2.0618119072200103
197 210 1.6908566753683048
167 221 -4.43612156009328
186 220 -0.8864566941706382
186 222 5.537334267018537
215 221 4.145152023550564
212 220 0.7047961364960313
209 216 3.9184427168471876
179 207 -3.0157253387444354
209 223 -0.7759822513321553
179 223 1.6908566753683048
179 215 -1.0221649697100497
197 213 1.9149341938214999
204 220 2.418966462073592
195 214 2.0618119072200103
186 226 0.5504197869721676
222 226 2.646993557188065
213 216 2.7803933118077264
216 223 0.2899341161553104
203 214 -4.145152083743929
211 214 0.40219817433836536
202 233 -4.43612156009328
167 218 -1.1246387871621042
216 225 2.418966462073592
167 229 -5.53733426701854
218 229 -3.9184428135768994
202 224 3.9184427168471876
195 236 1.3959338990403656
153 236 -5.53733426701854
220 226 -0.17945749696390423
223 225 -0.6010891274007599
215 231 0.38602265684584536
204 226 0.3217949194737102
179 231 1.188767543534301
29 214 -5.53733426701854
225 230 2.4719660016221714
223 230 0.1794573777347761
140 233 -5.53733426701854
213 225 2.93164334365634
179 228 2.141984057957801
167 238 -5.53733426701854
221 231 0.5672301020452246
229 238 2.5274488884529975
214 236 2.5856857384930256
213 232 3.4370554399806776
179 230 -1.420575958424365
225 234 2.7117470592609445
224 233 -5.53733426701854
228 230 -1.60462908492035
225 235 1.3241144775306468
186 226 1.5497853865743236
234 235 1.5769599644200505
228 239 0.7940688968903633
217 238 -4.844202616288199
218 238 -5.53733426701854
213 234 1.3008299128497565
230 235 2.646993557188065
230 239 3.2060450031958343
204 241 0.2582187931706581
191 232 -1.8144600365838361
227 241 -0.5504199144331001
235 237 2.2275794437459226
234 237 2.31951701078773
213 240 0.41842577919951873
234 240 2.368217406966919
186 204 -1.4455945421327967
200 248 -0.6872706606037844
213 242 0.38602265684584536
144 248 2.368217406966919
232 242 1.7825318837304605
240 242 4.436121480203944
200 257 1.124638707269666
167 255 -3.106750063060895
248 257 1.471006361575077
221 255 1.188767543534301
217 260 -4.43612156009328
214 256 4.436121480203944
179 239 -0.19515772478657212
179 221 -0.3860227795812654
238 260 4.145152023550564
204 251 1.9501526258096291
186 254 -4.43612156009328
251 254 2.368217406966919
234 245 -1.083027742309897
237 245 -1.690856787854381
235 247 -0.17945749696390423
230 247 -0.9629980439232386
214 250 4.436121480203944
191 242 2.418966462073592
237 247 -1.690856787854381
240 244 0.242410407030617
234 246 -0.4184259027266788
179 230 -2.1419841365639445
238 249 4.844202556684481
236 250 1.9149341938214999
244 246 1.986327796610479
245 246 1.6615501074318497
245 247 2.2726891994400433
179 247 1.471006361575077
242 244 0.19515760538251437
243 267 0.9053573740495944
191 267 -1.5769600686022973
219 253 3.574453703354731
241 326 -1.751313725733529
186 252 2.8534721380276795
122 267 1.72076695640305
29 256 -5.53733426701854
241 251 1.471006361575077
186 258 -4.844202616288199
218 253 0.48390574875928927
153 250 -5.53733426701854
254 258 3.7324082779400585
244 259 -0.21088196663715686
242 259 -0.27405945275533616
179 255 -1.8806142848807943
252 258 -3.732408358890588
191 259 3.10674997290245
167 260 -5.53733426701854
219 261 3.4370554399806776
246 259 -0.7940690348095123
245 259 -1.3008300007371676
247 259 -1.8144600365838361
227 326 -5.53733426701854
241 254 0.7759821143416219
122 224 1.2778513804684322
179 262 2.646993557188065
167 270 -5.53733426701854
255 270 -4.844202616288199
260 270 2.5856857384930256
179 259 -3.2060451019615273
254 263 1.124638707269666
218 219 0.1481210376275779
241 263 1.210635526973574
258 263 0.7224263377855422
200 248 0.10124748840924536
186 258 -2.1840514594677467
186 269 -4.145152083743929
258 269 0.9244109312539295
248 264 1.880614156109223
144 264 3.9184427168471876
191 265 -0.6010891274007599
238 272 3.015725255756913
218 272 -5.53733426701854
153 214 -5.53733426701854
258 266 1.4968293639808472
265 267 -0.32179504083642385
259 262 -0.36989699244014895
263 266 2.0618119072200103
219 268 2.93164334365634
218 261 -0.27405945275533616
153 326 -5.53733426701854
259 265 0.6010889981175147
241 273 -3.3153581355547077
29 268 2.2726891994400433
273 326 3.4370554399806776
266 269 0.023345926266394867
263 273 -4.844202616288199
218 219 -3.43705550120135
267 271 1.471006361575077
259 283 -0.7580155848378691
259 274 -2.319517101482562
255 275 -3.9184428135768994
200 264 0.2899341161553104
262 274 3.3153580262671256
270 275 2.4719660016221714
259 267 0.4674453385798212
267 283 2.8534721380276795
274 283 4.145152023550564
179 275 -4.145152083743929
266 273 -4.43612156009328
179 281 -5.53733426701854
179 277 -4.43612156009328
179 278 -5.53733426701854
275 278 2.7117470592609445
277 281 2.5856857384930256
179 282 -4.844202616288199
214 279 4.844202556684481
153 290 4.436121480203944
277 282 1.9501526258096291
278 282 3.7324082779400585
214 290 -5.53733426701854
179 288 -5.53733426701854
266 280 -5.53733426701854
281 288 2.7117470592609445
273 280 2.141984057957801
238 291 4.436121480203944
269 276 0.33778526158074773
122 271 2.141984057957801
260 291 2.4719660016221714
266 276 2.7803933118077264
262 267 1.986327796610479
269 284 0.1794573777347761
262 288 -5.53733426701854
270 291 2.368217406966919
214 287 4.145152023550564
266 326 -4.43612156009328
280 326 2.93164334365634
276 284 1.9501526258096291
29 286 1.604628978813839
256 286 -5.53733426701854
264 285 4.844202556684481
200 285 -0.22663222628581936
144 285 2.8534721380276795
262 283 3.574453703354731
270 289 2.646993557188065
289 291 4.436121480203944
276 326 -3.0157253387444354
275 289 0.13248100121840833
286 292 0.9053573740495944
276 293 -5.53733426701854
278 289 4.436121480203944
29 292 3.7324082779400585
293 326 4.844202556684481
122 267 2.2726891994400433
214 294 3.574453703354731
284 293 -5.53733426701854
214 294 1.7513136084096503
214 301 2.368217406966919
256 294 2.8534721380276795
290 301 -5.53733426701854
214 295 2.2726891994400433
284 296 -5.53733426701854
256 292 -5.53733426701854
287 294 2.101269714871794
287 295 3.3153580262671256
293 296 3.2060450031958343
29 219 2.31951701078773
200 302 2.418966462073592
279 295 3.4370554399806776
144 297 3.3153580262671256
267 310 3.015725255756913
262 298 2.31951701078773
288 300 4.145152023550564
262 310 -1.3959339919795308
281 303 2.184051378192568
272 305 1.8144599138640842
285 302 1.9149341938214999
277 303 1.2551669361900215
218 305 -5.53733426701854
224 309 2.93164334365634
308 326 4.145152023550564
233 309 -5.53733426701854
282 303 3.3153580262671256
238 305 1.7513136084096503
294 295 2.5274488884529975
294 301 4.844202556684481
262 299 4.844202556684481
288 303 2.8534721380276795
293 308 2.7117470592609445
298 299 1.9149341938214999
278 304 1.604628978813839
289 304 1.9149341938214999
279 294 4.844202556684481
296 308 2.184051378192568
233 314 2.7117470592609445
289 305 0.5004307185850176
256 307 2.7803933118077264
140 314 -5.53733426701854
282 304 3.574453703354731
291 305 0.5672301020452246
288 306 3.015725255756913
304 305 3.574453703354731
288 317 2.7117470592609445
300 317 3.2060450031958343
294 307 1.4968293639808472
262 306 -4.844202616288199
303 317 1.5769599644200505
262 299 3.015725255756913
299 306 -4.844202616288199
307 318 1.3959338990403656
300 306 0.03891301945135828
256 318 0.22663210648628773
262 311 2.7803933118077264
306 317 3.7324082779400585
29 218 -1.8144600365838361
292 318 -5.53733426701854
309 314 -5.53733426701854
310 311 1.188767543534301
262 312 1.5230823357393546
262 313 1.0830275858277314
294 319 4.844202556684481
311 312 3.10674997290245
312 313 2.5274488884529975
282 317 0.6010889981175147
307 319 1.6615501074318497
290 294 -5.53733426701854
140 316 -5.53733426701854
314 316 3.7324082779400585
262 312 1.3008299128497565
299 312 1.604628978813839
299 315 2.5274488884529975
144 316 -5.53733426701854
318 319 3.4370554399806776
312 315 1.103724552883528
299 317 -5.53733426701854
305 317 4.844202556684481
282 305 2.7117470592609445
302 333 -5.53733426701854
302 328 -5.53733426701854
285 328 -2.418966560561031
285 320 1.8144599138640842
144 320 2.184051378192568
312 321 2.2275794437459226
315 321 1.1457782142804072
267 322 3.2060450031958343
310 322 2.7117470592609445
312 323 1.3716527928075883
302 329 -5.53733426701854
312 324 1.72076695640305
315 325 1.3959338990403656
299 325 -1.60462908492035
328 329 3.9184427168471876
320 328 -5.53733426701854
323 324 2.0618119072200103
321 325 1.0830275858277314
317 325 -5.53733426701854
312 327 0.40219817433836536
321 327 1.347717671142901
311 323 0.5672301020452246
324 327 1.6328169387983074
329 333 3.9184427168471876
316 331 2.7117470592609445
144 331 -5.53733426701854
325 327 1.1457782142804072
314 331 2.4719660016221714
309 331 -5.53733426701854
323 330 1.0625402297313233
324 330 1.0830275858277314
327 330 2.101269714871794
317 327 -5.53733426701854
294 332 4.145152023550564
311 330 3.015725255756913
317 330 -5.53733426701854
144 337 1.232765242543629
320 333 -5.53733426701854
328 333 3.574453703354731
294 335 4.844202556684481
144 333 -5.53733426701854
330 334 3.7324082779400585
331 337 -5.53733426701854
317 341 1.5769599644200505
330 341 -5.53733426701854
333 338 3.9184427168471876
322 339 -4.844202616288199
310 339 -4.844202616288199
330 336 2.5274488884529975
334 336 1.5497853865743236
336 341 -5.53733426701854
305 341 3.015725255756913
267 339 -5.53733426701854
310 330 0.33778526158074773
331 342 3.7324082779400585
122 309 0.7759821143416219
144 340 3.10674997290245
319 346 2.93164334365634
331 343 2.93164334365634
331 354 4.844202556684481
334 344 3.2060450031958343
334 345 0.4347078707200993
336 345 1.8144599138640842
318 350 3.7324082779400585
319 350 2.5856857384930256
333 340 -5.53733426701854
343 354 4.145152023550564
344 345 4.145152023550564
292 350 -4.844202616288199
346 350 4.844202556684481
294 346 2.8534721380276795
144 347 3.2060450031958343
337 347 3.2060450031958343
310 349 2.93164334365634
305 336 -5.53733426701854
305 348 4.145152023550564
342 343 4.145152023550564
339 349 -5.53733426701854
309 354 -5.53733426701854
305 345 -5.53733426701854
294 350 1.986327796610479
335 350 5.537334267018537
330 344 2.101269714871794
144 337 0.274059332246233
305 352 1.471006361575077
305 351 3.7324082779400585
331 354 1.8144599138640842
342 354 2.4719660016221714
292 353 3.3153580262671256
350 353 -5.53733426701854
337 354 -5.53733426701854
330 345 1.4968293639808472
305 356 3.574453703354731
305 357 2.418966462073592
352 357 2.93164334365634
305 358 3.9184427168471876
310 345 2.101269714871794
333 355 3.10674997290245
305 359 3.7324082779400585
305 364 3.3153580262671256
340 355 -5.53733426701854
358 359 3.574453703354731
348 357 5.537334267018537
352 364 0.6698459156176995
290 332 -4.844202616288199
305 360 3.10674997290245
356 360 4.145152023550564
339 363 3.3153580262671256
352 362 2.023523983245292
362 364 4.436121480203944
349 363 -5.53733426701854
345 360 -5.53733426701854
294 361 3.10674997290245
357 362 1.471006361575077
144 365 2.0618119072200103
357 364 3.9184427168471876
337 365 3.574453703354731
144 355 -5.53733426701854
153 308 -4.844202616288199
305 366 3.3153580262671256
218 366 -5.53733426701854
332 369 3.9184427168471876
363 377 -5.53733426701854
349 377 3.2060450031958343
305 374 3.4370554399806776
364 366 2.8534721380276795
350 368 2.8534721380276795
361 367 2.646993557188065
267 363 -5.53733426701854
292 368 -5.53733426701854
294 367 3.10674997290245
294 367 3.9184427168471876
290 369 -3.9184428135768994
338 355 1.3241144775306468
144 370 1.3716527928075883
365 370 2.2726891994400433
305 371 4.436121480203944
122 363 -5.53733426701854
337 370 4.145152023550564
290 308 -4.844202616288199
335 372 4.145152023550564
354 373 5.537334267018537
348 382 3.4370554399806776
357 375 4.145152023550564
366 376 2.7117470592609445
310 377 0.7224263377855422
357 382 1.9149341938214999
218 376 -5.53733426701854
29 368 -4.844202616288199
369 379 3.7324082779400585
364 376 3.9184427168471876
290 379 -3.43705550120135
369 378 3.574453703354731
371 374 1.445594446330888
294 380 2.646993557188065
375 382 3.4370554399806776
332 383 2.141984057957801
335 380 1.6908566753683048
294 383 1.8471390342477205
354 381 3.574453703354731
354 387 3.4370554399806776
379 389 -1.3959339919795308
290 385 2.7803933118077264
373 381 3.2060450031958343
309 387 -5.53733426701854
290 389 1.124638707269666
308 385 -4.844202616288199
360 384 3.7324082779400585
356 384 3.7324082779400585
368 391 3.10674997290245
29 391 -4.43612156009328
378 379 1.124638707269666
144 386 4.145152023550564
370 386 2.5856857384930256
354 390 4.145152023550564
374 388 3.3153580262671256
374 393 1.5230823357393546
305 393 0.5841188470777665
358 393 3.3153580262671256
387 390 2.5856857384930256
122 438 2.646993557188065
305 392 3.3153580262671256
308 395 2.5856857384930256
371 388 1.3008299128497565
305 382 1.445594446330888
369 383 1.4205758640846524
338 396 3.015725255756913
355 396 2.7117470592609445
305 388 3.2060450031958343
122 415 1.103724552883528
359 401 1.72076695640305
359 394 3.9184427168471876
368 402 1.0422550037182607
378 399 0.19515760538251437
379 399 -0.40219829746062086
379 403 -0.6525189378391278
308 400 0.982542654754837
309 438 1.5769599644200505
363 415 -5.53733426701854
388 393 3.574453703354731
358 401 3.574453703354731
394 401 2.5274488884529975
391 402 0.8122799937741847
335 368 2.5274488884529975
376 430 0.10124748840924536
290 404 0.9436225830949259
290 408 -1.1887676261434261
308 397 0.1637791782871667
308 398 2.184051378192568
337 386 2.023523983245292
218 430 -4.844202616288199
399 403 0.1794573777347761
389 403 -0.6872706606037844
389 404 2.4719660016221714
385 408 -2.319517101482562
395 400 0.9244109312539295
369 399 -1.847139159904398
308 405 -1.1457782950449733
385 405 -2.22757952790676
305 407 1.9501526258096291
357 411 -0.4184259027266788
294 412 0.5672301020452246
369 412 -1.167151619412428
397 406 -0.0544849469084292
308 406 -0.7580155848378691
364 411 0.274059332246233
367 412 0.9629978960423582
383 412 5.537334267018537
399 412 2.7803933118077264
397 405 -0.07006336313715722
387 410 3.10674997290245
382 392 2.418966462073592
398 406 -0.16377929735639296
375 429 -1.0625403846496646
375 411 -0.33778538326100627
380 421 -0.6698460476628039
380 412 -0.8490927706325437
294 412 -0.6010891274007599
390 410 3.10674997290245
411 429 0.9436225830949259
364 430 0.08565016394454328
412 421 2.368217406966919
354 373 3.2060450031958343
122 417 1.8471390342477205
359 401 3.015725255756913
335 418 -1.690856787854381
335 416 0.5672301020452246
335 419 -0.3860227795812654
335 420 -1.7825320036768968
380 420 -1.167151619412428
308 414 -0.6872706606037844
308 409 1.7825318837304605
415 417 3.4370554399806776
359 407 0.7401648358628796
402 418 2.646993557188065
416 419 0.6181436068748636
416 418 1.210635526973574
389 428 1.9149341938214999
404 428 3.3153580262671256
406 413 1.124638707269666
398 413 -0.722426472174637
398 414 -1.371652884404361
337 373 -5.53733426701854
387 438 -5.53733426701854
420 421 2.184051378192568
403 428 1.5769599644200505
409 414 1.1671515377428254
29 422 0.7401648358628796
29 426 -0.9629980439232386
391 426 -1.3008300007371676
385 424 0.007781661256567096
422 426 1.5230823357393546
402 426 -0.13248112001244716
408 424 1.3008299128497565
413 414 2.4719660016221714
144 337 3.3153580262671256
122 425 0.6698459156176995
335 427 -0.618143736811748
290 423 -0.9825428039459942
405 406 0.4347078707200993
417 425 4.145152023550564
392 429 1.347717671142901
419 427 -0.4510470176203887
420 427 0.03891301945135828
403 412 -0.10124760698692858
408 423 1.6908566753683048
405 424 -0.023346044556825873
405 431 0.21088184704301205
406 431 -0.023346044556825873
392 407 0.7224263377855422
412 428 4.145152023550564
363 433 1.6615501074318497
359 429 -0.5170230248961472
337 354 -5.53733426701854
407 429 1.1457782142804072
411 430 1.5497853865743236
424 431 -1.60462908492035
305 434 1.880614156109223
393 436 1.986327796610479
411 435 0.3217949194737102
404 423 0.9436225830949259
415 433 -5.53733426701854
345 384 -4.43612156009328
356 434 1.8144599138640842
388 434 3.7324082779400585
358 436 1.4968293639808472
429 435 2.418966462073592
423 424 -0.36989699244014895
308 400 -1.5769600686022973
384 455 -0.33778538326100627
430 435 2.646993557188065
414 432 3.10674997290245
345 455 -4.145152083743929
401 429 -1.3008300007371676
423 428 -0.5004308444200505
409 432 1.3241144775306468
384 434 2.8534721380276795
413 437 1.7825318837304605
414 437 1.1671515377428254
338 355 2.0618119072200103
377 433 -5.53733426701854
431 437 2.023523983245292
432 437 2.023523983245292
387 390 2.101269714871794
388 449 2.101269714871794
401 451 -3.0157253387444354
418 439 -2.1840514594677467
416 439 -1.1887676261434261
419 439 -0.635285935274005
358 451 -1.167151619412428
393 449 2.101269714871794
412 444 3.574453703354731
431 441 1.347717671142901
436 449 3.574453703354731
424 441 -0.007781779532672672
387 448 0.5504197869721676
29 443 2.8534721380276795
427 440 3.2060450031958343
420 440 0.21088184704301205
412 446 3.015725255756913
409 447 -0.722426472174637
308 447 -4.43612156009328
438 448 -4.844202616288199
429 451 0.982542654754837
427 439 0.369896870073811
415 463 -5.53733426701854
29 442 0.5504197869721676
29 445 1.5769599644200505
418 494 0.5841188470777665
400 447 -0.24241052705099042
433 463 1.7825318837304605
443 445 3.4370554399806776
439 494 -1.1037246319352672
434 455 -0.22663222628581936
430 457 4.844202556684481
29 450 1.5230823357393546
422 450 0.982542654754837
423 459 3.574453703354731
432 501 2.4719660016221714
409 501 0.242410407030617
445 450 3.4370554399806776
421 440 0.6352858046593717
424 459 -1.1037246319352672
447 501 1.2551669361900215
424 452 0.10124748840924536
441 452 -0.635285935274005
431 453 1.103724552883528
437 453 3.9184427168471876
417 463 -5.53733426701854
218 457 -2.9316434205780437
426 450 1.4205758640846524
354 454 3.015725255756913
390 448 1.5497853865743236
429 456 4.844202556684481
435 465 1.9501526258096291
428 469 0.40219817433836536
428 458 1.880614156109223
423 458 1.3716527928075883
432 453 0.2899341161553104
442 443 2.184051378192568
412 469 1.210635526973574
452 459 2.101269714871794
453 501 0.1168571278983801
337 473 -5.53733426701854
354 462 2.418966462073592
433 464 0.982542654754837
429 465 2.93164334365634
218 466 1.0422550037182607
29 466 1.7513136084096503
421 468 0.5504197869721676
412 474 2.5856857384930256
453 471 1.1671515377428254
354 473 0.9436225830949259
390 462 2.7803933118077264
463 464 1.124638707269666
440 468 1.8471390342477205
421 446 1.8471390342477205
444 474 3.10674997290245
471 501 2.4719660016221714
345 477 -0.24241052705099042
412 476 2.0618119072200103
455 477 0.9053573740495944
446 476 3.574453703354731
458 459 1.232765242543629
355 460 2.7117470592609445
456 480 3.4370554399806776
429 480 0.2899341161553104
429 478 1.232765242543629
426 484 -0.3860227795812654
439 461 0.007781661256567096
465 478 4.436121480203944
402 484 0.8677032967963991
402 494 0.5841188470777665
461 494 0.10124748840924536
458 469 3.4370554399806776
448 462 5.537334267018537
218 491 -2.22757952790676
29 483 -0.14812115655181013
421 495 1.72076695640305
431 486 0.03891301945135828
457 491 -1.0221649697100497
442 483 -0.16377929735639296
450 484 0.13248100121840833
446 495 1.471006361575077
444 476 1.5230823357393546
441 486 0.8490926297285697
453 486 0.5004307185850176
355 472 2.646993557188065
355 467 4.436121480203944
457 533 1.5497853865743236
443 492 -0.17945749696390423
452 496 1.6615501074318497
441 496 -1.4710064589046166
460 472 3.7324082779400585
454 473 2.418966462073592
491 533 1.6615501074318497
466 483 -0.27405945275533616
442 492 -0.5841189757308616
427 461 0.5004307185850176
468 495 2.4719660016221714
469 474 1.5230823357393546
449 475 3.9184427168471876
436 475 1.6908566753683048
358 475 3.015725255756913
429 480 0.08565016394454328
435 481 -1.3008300007371676
435 482 -0.353818619728701
453 470 1.3241144775306468
447 479 0.8677032967963991
388 475 2.8534721380276795
465 481 0.242410407030617
481 482 1.880614156109223
430 482 3.9184427168471876
466 491 -0.7940690348095123
483 492 4.436121480203944
470 471 1.986327796610479
479 501 3.015725255756913
429 489 2.5856857384930256
465 490 2.646993557188065
402 493 2.646993557188065
447 487 0.1637791782871667
451 489 -0.6872706606037844
480 489 4.145152023550564
481 490 2.646993557188065
493 494 3.2060450031958343
427 494 1.4205758640846524
458 485 3.4370554399806776
459 485 4.436121480203944
447 501 2.5274488884529975
454 462 0.48390574875928927
445 492 0.48390574875928927
484 493 0.45104689322786395
479 487 4.844202556684481
454 499 3.2060450031958343
377 488 2.7803933118077264
310 488 3.2060450031958343
451 498 -0.8490927706325437
462 499 3.574453703354731
358 498 -0.4839058740936957
478 480 4.145152023550564
430 533 2.93164334365634
450 492 0.1794573777347761
459 496 2.418966462073592
486 496 -0.353818619728701
345 522 -2.8534722097520193
455 497 1.347717671142901
310 522 -3.732408358890588
477 522 -0.9629980439232386
489 498 2.93164334365634
478 490 3.9184427168471876
470 501 1.7513136084096503
355 506 0.8490926297285697
450 525 2.5856857384930256
468 500 2.4719660016221714
469 510 4.145152023550564
467 506 0.6872705278045488
388 497 1.0625402297313233
492 525 4.844202556684481
440 500 2.101269714871794
458 510 4.844202556684481
487 501 1.880614156109223
467 505 0.8490926297285697
455 502 1.3241144775306468
466 524 3.4370554399806776
495 508 -0.08565028243590467
474 509 1.103724552883528
355 505 3.9184427168471876
505 506 3.9184427168471876
144 506 -3.43705550120135
433 463 2.31951701078773
497 502 3.9184427168471876
491 524 3.015725255756913
484 525 -0.9436227297103521
440 494 1.5497853865743236
468 508 0.9053573740495944
476 495 1.0625402297313233
444 509 2.646993557188065
469 509 2.5856857384930256
438 516 2.8534721380276795
466 518 1.0022628750411067
483 518 4.844202556684481
484 503 0.21088184704301205
122 516 1.5769599644200505
477 502 -1.2778514672160726
493 503 0.7940688968903633
460 532 -0.038913137770452355
473 512 4.436121480203944
448 513 3.574453703354731
448 527 1.7825318837304605
310 541 -1.3477177614522067
484 507 2.5274488884529975
493 514 2.023523983245292
494 514 2.5856857384930256
476 515 4.145152023550564
486 504 2.023523983245292
355 532 1.445594446330888
355 460 0.38602265684584536
337 512 -4.844202616288199
473 499 3.7324082779400585
462 513 1.5230823357393546
438 527 -5.53733426701854
488 541 -4.844202616288199
522 541 2.5274488884529975
507 525 0.9629978960423582
500 508 1.6615501074318497
453 504 -0.36989699244014895
144 511 2.0618119072200103
337 511 3.2060450031958343
502 522 2.418966462073592
501 521 3.10674997290245
479 521 2.93164334365634
355 532 3.4370554399806776
513 527 3.4370554399806776
503 507 1.0625402297313233
480 517 3.4370554399806776
481 523 1.6615501074318497
476 531 3.4370554399806776
496 526 4.436121480203944
490 523 0.2582187931706581
518 524 4.145152023550564
515 531 2.418966462073592
444 515 3.4370554399806776
459 526 1.7513136084096503
482 523 0.08565016394454328
507 519 2.023523983245292
503 519 0.8490926297285697
440 530 1.5230823357393546
500 530 2.368217406966919
486 526 -0.533685124626992
479 501 3.9184427168471876
511 512 -5.53733426701854
503 514 0.4347078707200993
504 526 1.5497853865743236
470 504 2.023523983245292
355 540 3.2060450031958343
494 529 4.436121480203944
440 529 -0.007781779532672672
509 520 2.646993557188065
469 520 3.10674997290245
532 540 2.4719660016221714
529 530 2.2275794437459226
501 504 1.8144599138640842
388 537 2.5274488884529975
482 528 1.232765242543629
494 535 2.141984057957801
475 537 2.7117470592609445
523 528 1.347717671142901
430 528 3.7324082779400585
524 533 0.40219817433836536
540 578 0.5504197869721676
499 534 4.844202556684481
508 538 0.5170228985401271
509 544 3.2060450031958343
388 502 1.5497853865743236
508 530 2.31951701078773
495 538 -0.25821891342749526
444 544 3.3153580262671256
510 520 1.5769599644200505
506 536 3.10674997290245
503 535 0.7759821143416219
514 535 1.72076695640305
509 545 2.184051378192568
144 536 -3.9184428135768994
478 517 3.574453703354731
519 535 2.023523983245292
520 545 1.103724552883528
518 543 2.7803933118077264
483 543 2.418966462073592
459 539 4.145152023550564
526 539 3.9184427168471876
473 534 2.418966462073592
478 523 2.023523983245292
485 539 2.418966462073592
462 554 1.7513136084096503
377 559 -3.106750063060895
524 542 3.2060450031958343
483 548 2.646993557188065
525 553 3.2060450031958343
507 553 -0.4510470176203887
458 546 5.537334267018537
485 546 3.3153580262671256
501 550 3.10674997290245
499 554 2.0618119072200103
433 559 0.3058452631148958
533 542 0.8864565510992328
507 535 1.471006361575077
544 545 1.0625402297313233
475 551 0.2582187931706581
489 552 0.7940688968903633
480 552 -0.353818619728701
517 552 -0.4839058740936957
478 561 2.8534721380276795
501 547 2.184051378192568
417 433 -2.5274489963885465
543 548 3.574453703354731
510 545 2.7803933118077264
438 568 -4.145152083743929
417 558 -4.844202616288199
433 558 3.7324082779400585
475 555 0.8306197427665889
501 549 2.4719660016221714
513 554 0.8490926297285697
527 568 0.48390574875928927
444 531 3.10674997290245
547 549 1.471006361575077
549 550 2.7803933118077264
552 563 1.445594446330888
517 563 -0.9436227297103521
558 559 1.3959338990403656
518 542 0.9436225830949259
475 560 -0.635285935274005
430 556 4.844202556684481
533 556 2.5856857384930256
537 560 0.6872705278045488
555 560 -1.371652884404361
528 556 2.646993557188065
508 529 2.31951701078773
534 565 1.4968293639808472
529 557 2.368217406966919
495 562 2.7117470592609445
495 575 0.1168571278983801
476 575 2.5274488884529975
504 564 2.8534721380276795
492 548 1.9501526258096291
494 557 0.8306197427665889
562 575 0.8122799937741847
531 575 4.436121480203944
444 545 3.3153580262671256
501 564 3.574453703354731
512 580 0.8306197427665889
522 582 -1.2327653271421226
537 569 0.8122799937741847
498 560 0.03891301945135828
489 560 -1.2327653271421226
489 570 -0.4184259027266788
552 570 0.054484828546315534
552 571 1.0625402297313233
542 573 1.6615501074318497
504 584 0.6352858046593717
511 580 -3.9184428135768994
473 565 0.48390574875928927
560 569 0.982542654754837
560 570 1.4205758640846524
570 571 3.4370554399806776
542 556 1.347717671142901
518 573 4.145152023550564
535 553 0.45104689322786395
508 557 1.8144599138640842
538 562 -1.1246387871621042
539 546 2.7117470592609445
564 584 3.574453703354731
505 579 1.0422550037182607
499 576 -0.9825428039459942
513 567 -1.420575958424365
527 567 1.210635526973574
417 612 -1.1887676261434261
541 592 -2.9316434205780437
541 582 -0.023346044556825873
358 560 -3.2060451019615273
478 587 1.2551669361900215
478 588 0.7401648358628796
494 596 -2.1419841365639445
355 579 0.242410407030617
534 576 -0.40219829746062086
558 612 -2.1419841365639445
488 592 2.5274488884529975
551 555 0.3217949194737102
561 587 2.8534721380276795
587 588 1.7825318837304605
525 548 4.844202556684481
535 596 -0.13248112001244716
508 562 -1.5769600686022973
473 581 1.347717671142901
554 566 -0.9244110766470177
553 590 4.145152023550564
444 510 1.8471390342477205
550 577 3.7324082779400585
565 581 1.1671515377428254
554 576 -0.9629980439232386
513 566 -1.4710064589046166
475 560 -2.023524054927849
525 590 0.19515760538251437
501 577 2.418966462073592
532 578 2.2275794437459226
355 578 -0.14812115655181013
512 581 0.5672301020452246
552 586 2.31951701078773
556 572 0.9629978960423582
556 589 1.8144599138640842
494 583 -1.167151619412428
557 574 3.3153580262671256
504 539 1.7825318837304605
566 576 -0.25821891342749526
566 567 1.5769599644200505
567 568 1.445594446330888
563 586 1.8471390342477205
542 589 1.188767543534301
557 583 0.6352858046593717
508 574 2.0618119072200103
444 458 2.7117470592609445
377 585 3.574453703354731
488 585 4.844202556684481
388 598 -3.3153581355547077
569 593 1.8144599138640842
560 593 0.6698459156176995
551 560 0.07006324471763459
523 594 -0.25821891342749526
528 594 0.5672301020452246
580 581 1.8144599138640842
571 586 2.31951701078773
517 561 1.3716527928075883
478 594 -0.3860227795812654
572 589 2.7803933118077264
583 596 1.5497853865743236
574 583 1.232765242543629
504 546 3.9184427168471876
566 591 1.188767543534301
122 601 -0.7759822513321553
425 601 -0.36989699244014895
522 620 -2.9316434205780437
502 598 -2.7117471225450083
535 595 5.537334267018537
576 591 0.5170228985401271
417 601 -0.7401649710893459
582 592 -1.371652884404361
582 620 -3.5744537730315336
537 598 -2.6469936768108107
553 595 0.1481210376275779
417 611 0.3217949194737102
559 602 -0.4510470176203887
569 607 -0.4184259027266788
517 603 0.9629978960423582
601 611 0.40219817433836536
611 612 2.7117470592609445
558 602 -0.7047962700763302
598 620 1.72076695640305
598 607 -0.4674454634335292
563 603 -0.9053575182618498
561 603 3.7324082779400585
556 594 0.274059332246233
548 590 3.3153580262671256
505 605 -2.4719661045957224
506 605 -1.5497854889223055
567 606 0.19515760538251437
567 597 1.4205758640846524
122 619 -0.13248112001244716
562 613 2.0618119072200103
575 613 -1.042255157127819
575 599 2.418966462073592
547 608 0.03891301945135828
501 550 1.72076695640305
536 605 -1.8144600365838361
568 597 1.0422550037182607
516 619 1.8471390342477205
601 619 1.3241144775306468
377 602 -3.5744537730315336
586 603 0.4347078707200993
572 594 1.445594446330888
573 589 1.5497853865743236
549 608 1.188767543534301
355 618 -3.0157253387444354
579 600 0.7580154487445683
536 609 -1.2327653271421226
144 609 -2.9316434205780437
144 633 4.145152023550564
511 633 2.8534721380276795
511 614 3.4370554399806776
534 627 -3.106750063060895
560 637 2.5274488884529975
570 637 2.023523983245292
574 604 3.7324082779400585
508 604 3.015725255756913
531 623 0.6698459156176995
578 618 -2.7117471225450083
579 618 -2.023524054927849
600 605 1.1457782142804072
605 609 2.184051378192568
576 627 -1.371652884404361
597 606 0.08565016394454328
571 637 3.3153580262671256
599 623 -0.24241052705099042
501 608 1.1671515377428254
550 608 1.986327796610479
581 610 -0.7759822513321553
565 610 -1.8144600365838361
478 621 -0.25821891342749526
508 617 2.418966462073592
562 617 -0.635285935274005
565 627 -2.6469936768108107
591 606 0.6181436068748636
588 621 0.7759821143416219
594 621 1.880614156109223
613 617 -0.618143736811748
593 636 -0.32179504083642385
586 615 2.7117470592609445
574 596 -1.2551670218420983
531 629 0.5170228985401271
580 614 -4.844202616288199
580 610 -0.40219829746062086
591 627 -0.5170230248961472
593 607 0.1168571278983801
560 636 0.1794573777347761
444 629 -1.1037246319352672
591 635 -2.0618119810484816
377 655 -3.2060451019615273
607 625 2.141984057957801
535 622 0.5170228985401271
546 650 1.3716527928075883
600 618 0.982542654754837
627 635 2.7803933118077264
602 612 0.007781661256567096
602 655 0.2582187931706581
593 625 -0.32179504083642385
636 637 2.2275794437459226
596 622 2.184051378192568
604 617 2.31951701078773
609 626 2.4719660016221714
586 616 2.141984057957801
458 640 1.3241144775306468
144 626 -4.43612156009328
614 633 4.436121480203944
610 627 -0.533685124626992
592 620 -1.6615502176829433
571 615 0.652518806521984
615 616 0.9629978960423582
603 616 1.3241144775306468
572 621 4.844202556684481
599 613 -1.2778514672160726
623 629 0.35381849771398977
578 642 -0.7580155848378691
578 651 -0.19515772478657212
578 631 -1.420575958424365
610 634 -0.33778538326100627
627 634 2.5856857384930256
606 624 -0.635285935274005
597 624 -0.9053575182618498
597 628 -1.914934325902037
568 628 -0.722426472174637
592 647 -1.8144600365838361
607 620 -0.038913137770452355
588 643 2.141984057957801
588 648 1.1671515377428254
553 657 0.9436225830949259
595 657 3.10674997290245
599 644 -1.4710064589046166
504 641 1.445594446330888
642 651 1.6615501074318497
618 631 1.103724552883528
620 647 0.5004307185850176
620 625 0.8490926297285697
625 636 1.5230823357393546
643 648 3.7324082779400585
621 648 2.2726891994400433
613 644 4.844202556684481
640 650 0.48390574875928927
584 641 3.3153580262671256
600 632 1.6908566753683048
605 632 0.7580154487445683
605 626 1.6328169387983074
606 635 -2.7117471225450083
438 670 0.2899341161553104
599 659 -1.7207670712436016
444 630 1.0830275858277314
624 628 1.6615501074318497
587 643 0.07006324471763459
574 622 -1.4710064589046166
644 659 0.6181436068748636
623 659 0.45104689322786395
580 652 -2.5856858519456853
617 639 -0.618143736811748
613 639 2.7117470592609445
444 645 1.3716527928075883
546 584 0.8677032967963991
501 584 2.5274488884529975
626 632 1.0830275858277314
610 652 -2.1012697910023577
438 628 -3.9184428135768994
587 648 0.9053573740495944
438 671 -0.6010891274007599
516 661 0.4347078707200993
619 653 1.1457782142804072
637 673 3.4370554399806776
589 663 2.368217406966919
573 663 1.9149341938214999
617 638 1.0830275858277314
458 660 -0.7401649710893459
631 651 0.9244109312539295
624 635 0.8864565510992328
670 671 2.184051378192568
516 671 -0.4184259027266788
619 661 0.45104689322786395
601 653 1.471006361575077
638 639 -1.0022630255891705
630 645 0.5672301020452246
458 645 0.6698459156176995
640 660 3.10674997290245
614 652 -4.844202616288199
601 654 2.4719660016221714
602 672 -0.007781779532672672
615 656 2.8534721380276795
535 658 0.5336849977291656
501 646 4.436121480203944
653 661 4.145152023550564
653 654 5.537334267018537
611 654 0.40219817433836536
612 672 1.72076695640305
488 647 -1.371652884404361
622 658 1.3959338990403656
629 630 -0.08565028243590467
645 660 1.6615501074318497
584 650 4.145152023550564
616 656 -0.16377929735639296
518 680 0.5841188470777665
574 658 -0.7401649710893459
574 649 2.2726891994400433
604 649 1.7825318837304605
618 632 0.41842577919951873
634 652 1.103724552883528
661 671 2.7117470592609445
573 680 0.5336849977291656
620 679 1.0422550037182607
623 667 -0.22663222628581936
629 667 -0.8306198826413334
630 667 -1.7207670712436016
550 668 3.4370554399806776
663 680 1.72076695640305
617 649 0.38602265684584536
659 667 0.8306197427665889
642 669 2.8534721380276795
624 664 2.4719660016221714
488 687 -2.5856858519456853
647 687 -1.2327653271421226
625 662 1.6328169387983074
637 689 0.8306197427665889
616 674 1.0422550037182607
603 674 2.5274488884529975
543 699 0.8677032967963991
595 666 1.7513136084096503
535 666 1.124638707269666
617 675 -0.4347079946705643
638 675 -0.7580155848378691
501 682 2.5274488884529975
651 669 2.93164334365634
635 664 3.4370554399806776
636 662 0.369896870073811
673 689 -1.8806142848807943
518 699 1.445594446330888
548 699 2.93164334365634
649 675 -0.353818619728701
584 682 0.07006324471763459
618 684 1.5497853865743236
612 688 0.5170228985401271
620 678 -1.042255157127819
638 676 -1.986327866288225
639 676 0.9629978960423582
630 660 0.07006324471763459
632 684 0.03891301945135828
672 688 1.471006361575077
647 678 0.2582187931706581
656 674 3.015725255756913
660 667 -0.07006336313715722
631 677 1.6615501074318497
618 677 1.6908566753683048
635 685 2.93164334365634
602 686 -0.635285935274005
636 665 0.5170228985401271
637 665 1.4205758640846524
571 689 0.6698459156176995
644 681 0.45104689322786395
659 681 1.5497853865743236
501 683 0.8490926297285697
646 683 2.5856857384930256
672 686 1.2551669361900215
655 686 1.8144599138640842
678 679 0.2582187931706581
658 666 0.45104689322786395
675 676 2.5856857384930256
613 676 1.5769599644200505
608 646 -0.722426472174637
611 688 -0.5504199144331001
585 702 -2.7117471225450083
488 702 -2.7117471225450083
620 696 -0.6872706606037844
625 696 -0.25821891342749526
680 699 4.145152023550564
649 691 0.7224263377855422
584 700 2.7803933118077264
584 692 -1.6328170469254393
646 713 0.2582187931706581
677 684 0.40219817433836536
627 685 1.445594446330888
664 685 1.445594446330888
654 688 3.574453703354731
585 655 -3.106750063060895
687 702 0.023345926266394867
662 696 0.4674453385798212
662 665 0.023345926266394867
572 648 1.7825318837304605
675 691 -0.867703438765498
692 700 -0.7759822513321553
682 683 1.3959338990403656
608 713 0.4347078707200993
632 701 -1.4710064589046166
626 701 2.023523983245292
628 727 -0.722426472174637
585 708 -2.1419841365639445
662 703 -0.21088196663715686
548 690 4.436121480203944
553 709 0.652518806521984
574 724 -1.8144600365838361
640 711 -0.023346044556825873
650 711 1.0022628750411067
631 669 3.574453703354731
684 701 1.9501526258096291
627 652 0.10124748840924536
438 727 0.40219817433836536
655 708 3.7324082779400585
665 703 -0.6872706606037844
590 709 0.5336849977291656
658 724 4.844202556684481
649 724 -1.420575958424365
667 681 0.3217949194737102
660 711 0.5336849977291656
683 713 1.5230823357393546
144 693 2.2275794437459226
633 693 2.2726891994400433
627 694 3.015725255756913
672 695 1.72076695640305
561 698 4.436121480203944
608 714 -0.19515772478657212
685 694 1.8144599138640842
624 727 -1.8144600365838361
603 698 4.436121480203944
548 709 2.93164334365634
657 709 3.9184427168471876
713 714 0.7580154487445683
637 697 1.9149341938214999
571 704 1.5769599644200505
587 698 0.007781661256567096
648 698 4.145152023550564
548 718 1.7513136084096503
667 706 2.5856857384930256
692 720 1.1457782142804072
584 720 -0.8122801326543725
550 707 -0.25821891342749526
688 695 3.3153580262671256
702 708 -0.7940690348095123
678 687 -0.8306198826413334
679 696 1.1457782142804072
665 697 1.445594446330888
615 704 3.10674997290245
681 706 0.054484828546315534
660 706 2.368217406966919
682 720 -0.11685724657693086
668 707 -0.25821891342749526
626 738 -0.5504199144331001
652 723 0.007781661256567096
627 723 -0.5170230248961472
664 726 1.880614156109223
708 728 1.4968293639808472
678 715 -0.4674454634335292
679 715 -0.0544849469084292
571 716 1.347717671142901
548 705 3.10674997290245
595 710 0.5336849977291656
666 710 0.9629978960423582
660 725 3.574453703354731
668 722 0.8864565510992328
144 738 -1.5497854889223055
685 726 2.2275794437459226
702 728 2.0618119072200103
696 703 -2.7803933790295874
673 697 1.5769599644200505
689 716 1.1671515377428254
589 680 0.9244109312539295
690 718 3.10674997290245
690 705 4.145152023550564
657 710 1.3008299128497565
711 725 1.5230823357393546
572 717 3.3153580262671256
681 719 3.3153580262671256
682 721 1.347717671142901
682 712 -0.25821891342749526
683 712 -0.21088196663715686
704 716 2.8534721380276795
589 717 1.9149341938214999
658 710 3.10674997290245
644 676 0.9244109312539295
644 719 -0.7401649710893459
707 722 1.0022628750411067
661 734 0.5170228985401271
672 735 -0.5504199144331001
678 702 -2.023524054927849
648 717 1.986327796610479
691 732 1.2551669361900215
675 732 0.1481210376275779
608 707 -1.5497854889223055
694 723 1.3716527928075883
671 734 0.45104689322786395
695 735 1.4205758640846524
686 735 -0.7759822513321553
698 717 2.184051378192568
699 718 3.574453703354731
712 713 -1.1457782950449733
707 714 -1.6328170469254393
671 739 1.4968293639808472
679 729 1.7513136084096503
691 731 1.6908566753683048
660 737 2.93164334365634
631 684 -0.10124760698692858
701 738 -3.2060451019615273
614 693 -0.5504199144331001
664 727 -1.847139159904398
670 727 2.7803933118077264
670 739 1.8144599138640842
702 715 0.33778526158074773
715 729 1.3008299128497565
731 732 1.8471390342477205
676 732 0.5504197869721676
706 719 -0.4510470176203887
712 721 0.48390574875928927
652 733 1.471006361575077
695 741 2.4719660016221714
665 730 2.184051378192568
673 745 1.9149341938214999
673 736 -2.1419841365639445
631 701 -0.14812115655181013
614 733 -4.844202616288199
726 727 -1.3008300007371676
653 734 -1.8144600365838361
735 741 -1.2327653271421226
655 735 -1.3959339919795308
703 730 2.368217406966919
697 730 1.2778513804684322
689 736 1.7513136084096503
691 724 -0.6872706606037844
706 737 0.9244109312539295
654 695 3.7324082779400585
715 742 1.9149341938214999
644 732 3.015725255756913
719 732 -1.324114566604422
700 740 1.9149341938214999
692 746 0.9244109312539295
734 739 -1.371652884404361
729 742 3.10674997290245
724 731 3.4370554399806776
700 746 -0.4674454634335292
144 744 3.9184427168471876
702 749 3.4370554399806776
660 706 2.5856857384930256
720 721 1.0022628750411067
723 733 -0.7047962700763302
736 745 0.6698459156176995
716 736 1.4968293639808472
584 740 2.93164334365634
702 708 2.5856857384930256
698 743 2.368217406966919
708 749 1.5497853865743236
702 742 0.19515760538251437
603 743 2.2726891994400433
717 743 3.10674997290245
740 746 -1.2778514672160726
720 746 0.1637791782871667
589 747 0.7580154487445683
650 748 0.2899341161553104
584 748 1.9149341938214999
707 712 -0.5672302300910688
738 744 0.35381849771398977
697 745 1.124638707269666
680 747 -2.0618119810484816
548 690 2.4719660016221714
711 748 0.652518806521984
712 722 -0.7759822513321553
726 733 3.10674997290245
723 726 2.101269714871794
694 726 2.7117470592609445
717 747 0.7224263377855422
712 714 -2.368217501379304
727 739 1.0422550037182607
693 744 1.0830275858277314
742 749 0.8306197427665889
696 729 1.6615501074318497
716 745 1.0625402297313233
657 658 0.40219817433836536
660 719 -2.4719661045957224
615 716 -0.023346044556825873
719 731 0.8306197427665889
701 744 -1.914934325902037
656 716 0.9244109312539295
712 720 1.347717671142901
603 717 2.141984057957801
708 735 -1.1887676261434261
