MULTICUT
0 1 2.418966462073592
0 2 2.7117470592609445
0 3 2.418966462073592
0 4 3.10674997290245
0 5 1.0422550037182607
0 6 2.141984057957801
0 7 1.188767543534301
5 7 3.9184427168471876
3 7 3.2060450031958343
4 8 4.436121480203944
0 8 1.1671515377428254
0 10 2.4719660016221714
5 10 2.93164334365634
3 9 3.015725255756913
5 11 -1.3008300007371676
7 11 -1.1246387871621042
0 12 2.646993557188065
0 9 -0.0544849469084292
8 12 3.574453703354731
11 13 -1.083027742309897
0 3 0.7047961364960313
7 13 -3.732408358890588
7 14 -4.844202616288199
13 14 -1.8144600365838361
0 5 -0.8864566941706382
5 13 -1.2551670218420983
0 7 -1.1457782950449733
0 14 -4.145152083743929
5 12 0.19515760538251437
5 8 1.9149341938214999
0 25 3.2060450031958343
5 16 -2.368217501379304
13 16 -5.53733426701854
13 15 -4.43612156009328
14 15 -3.3153581355547077
13 18 -4.43612156009328
4 5 4.145152023550564
16 18 -1.2327653271421226
15 18 2.4719660016221714
14 20 3.7324082779400585
0 20 -4.43612156009328
0 19 -3.43705550120135
15 17 0.8864565510992328
14 17 -3.9184428135768994
19 20 -1.0022630255891705
17 18 -1.2106356105583946
0 21 -0.5841189757308616
21 25 2.4719660016221714
0 32 -0.6010891274007599
19 23 -1.4710064589046166
0 24 -2.8534722097520193
14 18 -4.43612156009328
23 24 2.7117470592609445
20 22 -3.9184428135768994
19 22 1.2778513804684322
21 27 -1.5769600686022973
24 27 1.124638707269666
16 30 0.5841188470777665
14 26 3.7324082779400585
5 30 -3.9184428135768994
18 26 -5.53733426701854
18 30 -1.0022630255891705
22 23 2.368217406966919
5 28 -3.5744537730315336
20 29 -1.3008300007371676
4 28 -3.5744537730315336
22 29 1.124638707269666
20 26 0.007781661256567096
5 38 -4.43612156009328
28 38 -0.5672302300910688
26 29 0.5504197869721676
24 36 1.232765242543629
27 34 1.3959338990403656
23 36 0.8677032967963991
21 34 -4.145152083743929
28 31 1.8144599138640842
26 30 -0.6010891274007599
25 34 -3.43705550120135
27 33 0.2899341161553104
33 34 0.07006324471763459
28 35 1.0022628750411067
4 35 -3.106750063060895
31 38 -2.1012697910023577
24 33 0.5170228985401271
4 37 -2.9316434205780437
30 39 1.6328169387983074
26 39 -2.023524054927849
26 45 -0.5504199144331001
35 37 2.8534721380276795
31 35 1.188767543534301
39 45 2.418966462073592
25 32 -2.7117471225450083
29 40 -1.5230824363372633
22 40 1.6328169387983074
5 47 -4.43612156009328
5 41 3.7324082779400585
29 45 -1.3477177614522067
38 47 3.015725255756913
40 45 -5.53733426701854
4 43 1.0221648177565306
22 42 3.2060450031958343
0 43 1.445594446330888
5 39 -2.2726892867301896
0 4 0.40219817433836536
31 46 2.8534721380276795
33 36 1.72076695640305
38 46 -2.8534722097520193
33 53 0.03891301945135828
0 37 -2.22757952790676
31 37 -0.32179504083642385
34 53 -3.0157253387444354
23 44 3.2060450031958343
34 48 2.2275794437459226
40 42 1.0221648177565306
23 42 0.8306197427665889
36 44 -1.1037246319352672
36 53 1.604628978813839
5 52 2.5856857384930256
48 53 0.03891301945135828
23 51 -0.11685724657693086
34 56 1.6328169387983074
25 56 -3.9184428135768994
39 52 -2.5856858519456853
42 51 2.5274488884529975
44 51 1.6908566753683048
39 49 0.7580154487445683
25 50 3.10674997290245
0 54 3.10674997290245
49 52 -4.844202616288199
0 62 -5.53733426701854
31 57 -1.2551670218420983
37 57 1.5230823357393546
48 56 1.5497853865743236
52 60 -3.9184428135768994
39 55 0.6872705278045488
46 57 -1.1887676261434261
49 60 1.5230823357393546
45 55 0.7759821143416219
40 51 0.9629978960423582
45 58 0.274059332246233
40 58 -2.7117471225450083
41 52 -0.7940690348095123
5 52 4.436121480203944
49 55 1.72076695640305
55 58 4.145152023550564
44 53 -4.145152083743929
0 57 -2.1012697910023577
38 63 1.0625402297313233
38 61 0.5170228985401271
47 61 -0.4347079946705643
61 63 0.369896870073811
57 59 1.7513136084096503
46 59 -4.844202616288199
40 64 0.8864565510992328
53 65 -3.9184428135768994
32 50 -1.2778514672160726
46 63 -0.21088196663715686
58 64 -0.618143736811748
44 65 3.7324082779400585
0 68 -4.844202616288199
51 64 3.574453703354731
62 68 1.7825318837304605
25 32 -1.2106356105583946
55 60 -0.19515772478657212
44 64 0.9629978960423582
32 56 -2.1840514594677467
60 67 -0.635285935274005
55 67 -1.60462908492035
53 56 -1.4968294629075651
0 71 -4.844202616288199
59 75 0.5504197869721676
52 66 -0.6010891274007599
62 71 3.10674997290245
0 59 -3.3153581355547077
46 75 -5.53733426701854
60 66 1.124638707269666
44 69 0.8864565510992328
5 61 -5.53733426701854
64 69 2.5274488884529975
46 70 -4.844202616288199
70 75 2.418966462073592
65 69 2.93164334365634
63 70 1.103724552883528
0 72 -5.53733426701854
71 72 2.93164334365634
66 67 1.0422550037182607
56 65 4.145152023550564
68 71 2.5274488884529975
0 75 -4.145152083743929
58 69 -2.319517101482562
0 71 -5.53733426701854
52 73 -0.5170230248961472
66 73 0.6352858046593717
69 78 3.7324082779400585
65 78 0.3217949194737102
0 71 -5.53733426701854
69 77 2.418966462073592
74 78 2.141984057957801
65 74 -0.21088196663715686
58 77 0.3217949194737102
0 82 -3.43705550120135
75 82 2.184051378192568
65 78 1.0022628750411067
32 107 3.9184427168471876
63 79 -0.3860227795812654
61 79 -2.1012697910023577
58 67 -1.4710064589046166
54 71 -5.53733426701854
70 79 -2.5274489963885465
66 76 1.210635526973574
67 76 -1.3959339919795308
65 81 0.6010889981175147
67 77 2.141984057957801
78 81 1.471006361575077
56 87 -2.5856858519456853
56 81 0.2899341161553104
32 87 2.7803933118077264
76 83 0.9244109312539295
67 83 -2.7803933790295874
56 86 0.9436225830949259
86 87 -0.7401649710893459
71 89 2.023523983245292
54 89 -5.53733426701854
73 76 -1.847139159904398
70 80 -1.042255157127819
52 96 -4.844202616288199
79 80 -0.4674454634335292
81 84 1.3959338990403656
78 84 2.184051378192568
54 90 0.8306197427665889
82 95 2.2726891994400433
70 88 -2.368217501379304
52 97 -4.844202616288199
56 93 -2.8534722097520193
0 90 0.9244109312539295
0 95 -2.6469936768108107
96 97 -0.5504199144331001
73 96 -3.3153581355547077
77 83 0.369896870073811
81 93 -0.21088196663715686
75 85 2.7803933118077264
32 94 1.347717671142901
82 85 2.646993557188065
80 88 -0.9244110766470177
94 107 3.015725255756913
0 98 -5.53733426701854
71 98 2.646993557188065
61 91 1.347717671142901
5 91 -2.8534722097520193
78 92 -1.8806142848807943
61 80 1.2551669361900215
73 83 -5.53733426701854
86 93 -1.986327866288225
70 85 -0.4674454634335292
32 107 1.1671515377428254
85 88 -1.847139159904398
52 91 -3.5744537730315336
84 92 -0.533685124626992
84 93 1.103724552883528
96 106 0.1168571278983801
73 106 -3.732408358890588
69 104 1.2778513804684322
78 104 1.188767543534301
78 108 0.8864565510992328
92 108 3.4370554399806776
71 99 2.5274488884529975
54 105 -3.9184428135768994
80 100 -0.4184259027266788
83 115 -2.1012697910023577
77 104 -0.14812115655181013
89 105 2.101269714871794
88 100 -1.751313725733529
80 91 1.232765242543629
77 115 -0.10124760698692858
85 102 2.31951701078773
88 102 -1.9501526936104758
90 105 -3.9184428135768994
104 115 3.574453703354731
104 108 2.5274488884529975
100 103 1.347717671142901
80 103 -0.9629980439232386
83 112 -2.1419841365639445
86 101 -0.22663222628581936
112 115 0.03891301945135828
82 102 1.0830275858277314
88 117 -3.2060451019615273
91 111 -0.9436227297103521
102 117 1.6615501074318497
52 111 -3.9184428135768994
93 101 -1.9501526936104758
87 101 -3.2060451019615273
87 107 3.2060450031958343
93 109 0.023345926266394867
87 113 -3.732408358890588
87 114 -1.0221649697100497
71 105 3.2060450031958343
101 109 -1.751313725733529
113 114 0.08565016394454328
91 110 -0.533685124626992
73 112 -0.07006336313715722
95 102 3.10674997290245
100 117 -3.5744537730315336
110 111 0.7224263377855422
92 93 -2.7117471225450083
80 110 -0.533685124626992
92 109 -1.847139159904398
107 114 -0.8306198826413334
0 99 -4.844202616288199
98 99 1.5230823357393546
80 117 -0.3860227795812654
101 119 -1.5230824363372633
87 119 0.6010889981175147
110 117 0.7940688968903633
71 90 -4.844202616288199
52 121 -1.2327653271421226
73 116 -0.36989699244014895
103 117 -3.2060451019615273
97 121 -1.986327866288225
106 116 2.368217406966919
113 119 -0.9053575182618498
107 125 3.9184427168471876
96 116 -0.2899342369326745
97 116 -2.6469936768108107
109 119 -0.5170230248961472
95 118 2.2275794437459226
102 118 1.7825318837304605
73 134 -1.847139159904398
112 134 -1.420575958424365
116 134 -0.9436227297103521
110 120 0.8864565510992328
111 120 -0.7940690348095123
111 145 -1.5497854889223055
52 145 3.10674997290245
116 123 1.5497853865743236
123 134 2.8534721380276795
109 130 -1.7207670712436016
92 130 0.7759821143416219
117 118 -0.5841189757308616
52 126 -0.4510470176203887
121 126 0.4347078707200993
112 129 0.5504197869721676
113 127 -0.4184259027266788
113 122 -0.8122801326543725
114 122 -0.4510470176203887
0 71 -4.844202616288199
117 120 -0.14812115655181013
116 121 -0.14812115655181013
115 129 2.5856857384930256
119 127 -3.3153581355547077
107 122 -3.0157253387444354
122 127 0.6010889981175147
52 128 -2.023524054927849
116 133 -0.25821891342749526
108 124 1.6908566753683048
109 131 2.418966462073592
126 128 2.101269714871794
121 133 1.4968293639808472
92 124 0.7580154487445683
130 131 -0.14812115655181013
117 132 -3.43705550120135
120 132 1.0830275858277314
0 118 -2.7803933790295874
120 145 -2.0618119810484816
129 134 -0.9825428039459942
0 117 -2.4719661045957224
135 145 0.4674453385798212
52 135 -0.13248112001244716
104 124 0.5504197869721676
123 142 0.5170228985401271
119 138 -0.7401649710893459
116 142 -2.1419841365639445
109 138 -0.305845384176723
127 138 1.7513136084096503
126 136 -2.023524054927849
121 136 -0.36989699244014895
122 139 -0.9436227297103521
122 141 -1.3959339919795308
107 141 -3.3153581355547077
128 135 0.9629978960423582
127 139 0.7940688968903633
115 137 3.574453703354731
109 140 -0.5841189757308616
133 136 -0.353818619728701
129 137 1.9149341938214999
104 137 -1.7825320036768968
138 140 1.6615501074318497
139 141 2.7803933118077264
133 142 -3.9184428135768994
138 139 3.015725255756913
117 144 2.0618119072200103
132 145 -4.145152083743929
126 145 0.5004307185850176
0 144 -5.53733426701854
128 145 -2.0618119810484816
131 140 -0.5841189757308616
131 147 -2.0618119810484816
134 142 1.3959338990403656
140 147 1.445594446330888
117 150 -3.43705550120135
132 150 2.646993557188065
132 153 1.6615501074318497
145 153 -4.145152083743929
138 143 0.7759821143416219
144 150 -0.9629980439232386
136 145 -2.1012697910023577
140 143 0.8306197427665889
139 143 1.8471390342477205
137 151 1.3959338990403656
137 152 -1.420575958424365
104 152 -3.3153581355547077
124 152 -3.2060451019615273
129 151 2.2275794437459226
130 147 -2.5274489963885465
124 158 -2.4719661045957224
92 158 -1.751313725733529
92 162 -0.6525189378391278
140 148 2.8534721380276795
141 146 -1.042255157127819
107 146 -5.53733426701854
150 153 3.574453703354731
152 158 0.242410407030617
158 162 -0.32179504083642385
143 148 1.1671515377428254
136 149 1.471006361575077
133 149 2.646993557188065
130 162 -1.5497854889223055
130 163 -3.5744537730315336
162 163 0.7401648358628796
147 163 2.5274488884529975
133 154 -2.7803933790295874
142 154 3.7324082779400585
149 154 -2.8534722097520193
129 142 -2.9316434205780437
141 157 -0.33778538326100627
146 157 -2.7117471225450083
150 161 1.4968293639808472
129 156 3.2060450031958343
139 155 -0.4184259027266788
139 157 -0.6698460476628039
144 161 0.21088184704301205
151 156 1.2778513804684322
143 155 -1.2327653271421226
155 157 1.210635526973574
107 160 -4.844202616288199
147 148 0.38602265684584536
148 155 -0.007781779532672672
146 160 0.4674453385798212
147 164 2.93164334365634
151 152 -4.43612156009328
148 164 1.0625402297313233
157 160 -2.5274489963885465
155 164 0.7580154487445683
0 99 -4.43612156009328
142 159 3.574453703354731
129 159 -2.6469936768108107
156 159 -4.145152083743929
163 164 0.7580154487445683
163 166 2.5856857384930256
164 166 2.5274488884529975
152 165 0.2899341161553104
158 165 2.4719660016221714
0 161 -2.5274489963885465
154 159 3.7324082779400585
151 165 -3.5744537730315336
107 167 2.368217406966919
160 167 -3.2060451019615273
0 171 2.0618119072200103
159 168 -0.4839058740936957
156 168 0.10124748840924536
151 173 -3.9184428135768994
165 173 1.6328169387983074
157 169 2.2726891994400433
155 169 0.8306197427665889
145 149 -1.1246387871621042
164 169 -3.732408358890588
158 170 0.9244109312539295
162 170 -0.16377929735639296
161 171 -4.43612156009328
154 168 -0.27405945275533616
151 177 -3.2060451019615273
173 177 2.5274488884529975
151 168 -2.6469936768108107
165 170 0.1168571278983801
150 175 -1.167151619412428
153 175 3.3153580262671256
154 176 1.7825318837304605
165 178 -0.25821891342749526
149 176 -3.2060451019615273
170 178 0.41842577919951873
168 172 1.4205758640846524
107 183 -0.5170230248961472
107 179 0.8306197427665889
179 183 1.3241144775306468
99 174 4.436121480203944
153 186 1.188767543534301
145 186 -5.53733426701854
149 181 -1.5230824363372633
161 175 -4.844202616288199
176 181 0.08565016394454328
168 176 0.21088184704301205
167 183 -0.023346044556825873
153 180 3.9184427168471876
163 178 -0.2899342369326745
167 182 1.1457782142804072
182 183 2.0618119072200103
175 180 2.31951701078773
151 172 -3.2060451019615273
162 178 1.0022628750411067
157 167 -3.732408358890588
173 178 0.7047961364960313
168 184 -0.25821891342749526
163 185 0.03891301945135828
172 184 -0.9825428039459942
178 185 0.9436225830949259
166 185 -0.24241052705099042
172 187 0.5004307185850176
180 186 4.844202556684481
151 187 -2.7803933790295874
176 184 -2.1012697910023577
184 187 -0.007781779532672672
149 190 -0.5672302300910688
181 190 1.6908566753683048
107 188 2.2275794437459226
157 182 -4.844202616288199
179 188 2.4719660016221714
183 195 2.418966462073592
182 195 3.574453703354731
0 198 -5.53733426701854
176 191 0.8677032967963991
99 198 2.8534721380276795
181 191 -1.2551670218420983
184 191 -4.43612156009328
145 189 3.3153580262671256
173 192 -1.4710064589046166
166 169 -1.9501526936104758
145 190 -3.5744537730315336
177 192 -1.4455945421327967
161 197 0.8864565510992328
175 197 -3.106750063060895
177 196 -0.14812115655181013
178 192 -2.319517101482562
178 193 -1.914934325902037
180 197 -3.9184428135768994
151 196 -3.3153581355547077
192 196 2.2726891994400433
192 193 1.4205758640846524
185 194 0.6352858046593717
166 194 3.2060450031958343
157 201 -4.43612156009328
182 201 -1.3008300007371676
183 188 2.7117470592609445
171 197 -5.53733426701854
145 202 -4.145152083743929
190 202 -1.690856787854381
190 191 -3.732408358890588
157 166 0.21088184704301205
145 199 -4.145152083743929
151 200 0.21088184704301205
186 189 -5.53733426701854
189 199 -5.53733426701854
199 202 1.347717671142901
187 191 -1.4968294629075651
178 194 0.7401648358628796
195 201 -3.3153581355547077
189 203 -4.844202616288199
199 203 1.72076695640305
187 200 -2.5856858519456853
157 204 2.2275794437459226
99 171 -5.53733426701854
151 205 -2.8534722097520193
196 205 1.6908566753683048
192 205 2.5856857384930256
193 207 -0.5004308444200505
191 200 -3.43705550120135
193 205 0.7940688968903633
178 207 0.8864565510992328
201 204 -4.844202616288199
0 99 -5.53733426701854
189 212 -3.3153581355547077
190 213 -0.9244110766470177
191 213 -3.9184428135768994
200 216 -4.844202616288199
193 206 -0.635285935274005
194 208 0.2582187931706581
166 208 -0.4347079946705643
107 183 3.015725255756913
203 212 -0.4674454634335292
202 213 1.2551669361900215
191 216 1.4968293639808472
206 207 1.445594446330888
107 195 3.015725255756913
186 209 1.9501526258096291
205 206 -0.27405945275533616
200 205 -4.145152083743929
199 210 -0.867703438765498
202 210 -0.353818619728701
200 214 -2.418966560561031
178 211 1.8471390342477205
180 209 2.5856857384930256
205 214 0.8306197427665889
207 211 0.8306197427665889
194 211 0.03891301945135828
166 204 -1.2551670218420983
166 219 1.6615501074318497
203 210 -0.6872706606037844
210 212 -0.5170230248961472
214 216 0.22663210648628773
186 212 1.1457782142804072
205 217 3.2060450031958343
208 222 0.10124748840924536
166 222 -0.023346044556825873
195 228 -3.43705550120135
210 213 -0.19515772478657212
219 222 -0.5504199144331001
201 228 1.8471390342477205
213 215 -0.22663222628581936
206 217 -0.19515772478657212
207 218 0.38602265684584536
208 224 1.0022628750411067
210 215 1.5230823357393546
211 218 -0.25821891342749526
194 224 1.7825318837304605
217 218 1.7513136084096503
99 223 5.537334267018537
212 220 1.4968293639808472
210 220 -0.8122801326543725
214 229 1.5497853865743236
186 220 3.10674997290245
216 229 0.8677032967963991
213 221 -0.27405945275533616
211 224 2.368217406966919
215 221 1.72076695640305
222 224 1.471006361575077
107 228 -5.53733426701854
218 224 0.1481210376275779
210 225 -0.7940690348095123
220 225 0.982542654754837
210 226 -0.8864566941706382
225 226 1.72076695640305
221 227 1.4205758640846524
213 227 0.41842577919951873
215 234 -0.9629980439232386
214 230 -1.4455945421327967
205 230 -2.1419841365639445
226 234 0.5504197869721676
213 216 -2.5856858519456853
217 230 -2.7803933790295874
166 233 1.5230823357393546
204 233 -0.6010891274007599
221 234 -1.2327653271421226
229 230 -2.7117471225450083
221 231 -0.4839058740936957
213 240 -2.6469936768108107
216 240 -4.844202616288199
217 232 -2.1419841365639445
231 234 -0.3860227795812654
230 232 2.141984057957801
180 239 -2.4719661045957224
218 235 -1.420575958424365
224 235 0.242410407030617
197 239 1.986327796610479
186 225 0.03891301945135828
227 231 0.10124748840924536
232 235 2.368217406966919
219 233 1.445594446330888
180 238 1.604628978813839
224 236 1.3241144775306468
222 237 -2.1419841365639445
219 237 -4.43612156009328
238 239 -2.1419841365639445
222 236 -0.8490927706325437
209 238 2.418966462073592
186 226 -0.8864566941706382
227 240 -0.0544849469084292
235 236 2.101269714871794
204 228 -4.43612156009328
236 237 1.0022628750411067
219 245 -1.4710064589046166
237 245 1.72076695640305
186 234 1.880614156109223
216 241 -5.53733426701854
240 241 1.9149341938214999
229 243 2.31951701078773
230 244 -2.023524054927849
233 253 1.7825318837304605
204 253 -2.5856858519456853
229 241 -4.844202616288199
243 244 -0.5504199144331001
230 251 -2.023524054927849
186 238 0.2899341161553104
232 251 -0.635285935274005
227 234 -2.7803933790295874
232 242 0.7401648358628796
232 252 -0.9629980439232386
232 246 -1.6328170469254393
235 247 -0.4510470176203887
107 254 3.9184427168471876
171 239 -3.2060451019615273
241 243 -3.732408358890588
244 251 1.8144599138640842
242 251 1.103724552883528
246 252 1.1457782142804072
219 253 2.0618119072200103
236 247 -1.324114566604422
236 250 -0.9436227297103521
237 250 -2.5274489963885465
234 240 -5.53733426701854
246 247 1.232765242543629
238 248 2.8534721380276795
186 248 2.5274488884529975
236 249 3.7324082779400585
242 252 1.7513136084096503
247 249 -0.13248112001244716
245 250 -0.353818619728701
234 266 0.1637791782871667
240 266 -5.53733426701854
239 256 0.5841188470777665
238 256 -0.7401649710893459
248 256 -0.13248112001244716
249 250 -1.042255157127819
243 257 3.10674997290245
244 257 -0.8864566941706382
99 255 4.145152023550564
171 262 3.015725255756913
171 256 -4.43612156009328
219 250 0.40219817433836536
244 258 1.5769599644200505
246 259 -0.2899342369326745
247 260 1.72076695640305
249 260 1.347717671142901
257 258 -0.7401649710893459
251 258 2.8534721380276795
247 259 -0.618143736811748
243 269 -1.5497854889223055
242 261 1.0022628750411067
256 262 -3.106750063060895
241 269 -3.3153581355547077
257 269 -0.867703438765498
251 261 2.141984057957801
252 261 2.646993557188065
228 254 -4.43612156009328
249 263 -1.986327866288225
250 263 1.9501526258096291
250 264 -0.07006336313715722
219 265 1.9501526258096291
253 265 1.471006361575077
241 266 -4.844202616288199
252 259 -0.10124760698692858
259 260 1.0221648177565306
250 265 1.0221648177565306
171 268 2.101269714871794
241 274 -2.2726892867301896
262 268 2.2275794437459226
266 274 -0.0544849469084292
269 274 0.9053573740495944
263 264 0.007781661256567096
256 271 -0.023346044556825873
248 271 -2.368217501379304
257 267 2.0618119072200103
252 270 2.141984057957801
259 270 -0.533685124626992
186 266 -4.43612156009328
258 267 0.982542654754837
260 270 1.0022628750411067
267 269 0.1637791782871667
261 273 0.007781661256567096
252 273 1.445594446330888
262 271 -3.732408358890588
251 273 1.0830275858277314
249 270 -1.986327866288225
255 272 1.4968293639808472
99 272 3.7324082779400585
186 271 -1.4968294629075651
264 277 -0.2899342369326745
250 277 1.124638707269666
99 268 -5.53733426701854
250 275 -1.2778514672160726
265 275 0.33778526158074773
265 293 1.3008299128497565
263 277 0.21088184704301205
275 293 -0.2899342369326745
253 293 2.31951701078773
258 276 -0.13248112001244716
267 276 -1.914934325902037
251 276 0.2899341161553104
275 277 0.6352858046593717
271 278 1.210635526973574
266 287 -4.43612156009328
274 287 -0.5170230248961472
270 279 -0.8122801326543725
270 280 -0.6010891274007599
252 279 1.3959338990403656
249 280 -2.22757952790676
253 285 0.1637791782871667
204 285 -1.7825320036768968
263 281 -0.533685124626992
277 281 -0.353818619728701
228 297 3.7324082779400585
254 297 -2.5274489963885465
107 297 -4.43612156009328
263 284 0.007781661256567096
277 282 0.7224263377855422
228 285 -1.3008300007371676
249 284 0.3058452631148958
266 288 0.7224263377855422
251 283 0.9629978960423582
273 283 0.9436225830949259
270 291 -1.4455945421327967
285 289 -0.9825428039459942
228 289 0.9436225830949259
287 288 2.101269714871794
276 283 1.0221648177565306
279 291 -0.24241052705099042
280 291 0.242410407030617
281 284 0.5672301020452246
281 282 1.8144599138640842
275 282 -1.0022630255891705
271 292 -5.53733426701854
280 286 2.2275794437459226
278 292 -3.3153581355547077
186 288 -0.867703438765498
249 286 -0.0544849469084292
273 290 -0.6010891274007599
283 290 2.0618119072200103
252 290 -0.4184259027266788
267 274 2.7117470592609445
285 293 -0.07006336313715722
279 296 1.445594446330888
279 290 -0.533685124626992
186 298 0.1481210376275779
284 294 -0.36989699244014895
281 295 -1.8144600365838361
282 295 -0.9629980439232386
99 262 -4.844202616288199
271 298 2.184051378192568
294 295 2.2726891994400433
290 296 -3.3153581355547077
291 296 -3.106750063060895
284 286 -0.16377929735639296
275 295 2.31951701078773
274 276 -0.4839058740936957
286 294 1.5769599644200505
288 303 3.574453703354731
293 301 -0.36989699244014895
285 301 -1.4968294629075651
186 303 1.3959338990403656
292 300 2.646993557188065
262 271 -4.43612156009328
287 299 4.436121480203944
274 299 -1.8144600365838361
262 300 3.9184427168471876
276 290 -2.4719661045957224
289 301 -5.53733426701854
278 300 -3.732408358890588
286 312 -1.8144600365838361
275 302 0.6352858046593717
293 302 -0.618143736811748
298 303 2.0618119072200103
280 312 -2.4719661045957224
262 278 -2.7117471225450083
295 305 1.1457782142804072
275 305 2.8534721380276795
289 307 -0.635285935274005
291 312 -3.43705550120135
301 307 -1.6328170469254393
291 311 -0.0544849469084292
228 307 2.5274488884529975
296 311 2.2726891994400433
311 312 -1.914934325902037
99 308 4.436121480203944
276 304 2.4719660016221714
290 304 -1.3959339919795308
290 309 1.2778513804684322
304 309 0.5004307185850176
296 309 -1.986327866288225
274 306 1.124638707269666
274 316 -0.2899342369326745
274 319 0.5841188470777665
296 310 2.184051378192568
294 312 -5.53733426701854
306 316 1.471006361575077
316 319 2.141984057957801
276 319 -1.6615502176829433
309 310 -0.5841189757308616
294 305 -0.038913137770452355
301 302 -1.371652884404361
294 313 -0.9825428039459942
297 307 1.5230823357393546
305 313 1.232765242543629
298 314 0.6010889981175147
303 314 0.5841188470777665
304 319 -0.40219829746062086
271 314 2.31951701078773
299 306 -4.844202616288199
302 307 1.471006361575077
310 315 0.982542654754837
309 315 2.023523983245292
287 322 4.145152023550564
288 322 2.418966462073592
294 317 1.7825318837304605
288 314 2.184051378192568
312 317 -1.5230824363372633
296 315 0.982542654754837
307 320 0.5004307185850176
302 320 -0.25821891342749526
299 318 3.015725255756913
306 318 -4.844202616288199
311 317 1.3959338990403656
316 318 -4.844202616288199
313 317 2.5274488884529975
262 314 -5.53733426701854
302 305 2.0618119072200103
297 320 -0.722426472174637
309 319 0.8306197427665889
287 318 1.3716527928075883
309 321 0.007781661256567096
311 328 0.19515760538251437
297 330 1.7513136084096503
319 321 1.7825318837304605
315 321 -0.07006336313715722
296 328 -0.5170230248961472
317 328 -1.1887676261434261
320 330 1.880614156109223
315 324 1.1457782142804072
99 334 3.7324082779400585
296 324 -0.4510470176203887
314 322 1.210635526973574
321 324 2.2726891994400433
324 328 1.6328169387983074
305 337 -2.1012697910023577
302 327 0.9629978960423582
313 337 -2.9316434205780437
320 327 0.35381849771398977
318 325 2.31951701078773
316 325 -4.844202616288199
319 324 3.574453703354731
302 326 -3.3153581355547077
320 335 0.8677032967963991
327 335 1.3959338990403656
302 323 2.7117470592609445
323 326 -2.9316434205780437
326 327 0.4674453385798212
308 334 1.6328169387983074
324 325 -4.145152083743929
318 333 0.10124748840924536
317 339 -1.2551670218420983
313 329 0.7224263377855422
287 333 2.184051378192568
325 333 1.8471390342477205
328 339 3.10674997290245
317 329 0.9629978960423582
313 339 -2.9316434205780437
337 339 3.4370554399806776
329 339 -0.08565028243590467
330 335 0.9629978960423582
302 337 -2.2726892867301896
326 332 1.0022628750411067
323 337 -2.6469936768108107
327 332 0.4674453385798212
331 334 3.9184427168471876
308 331 0.9053573740495944
326 337 1.9501526258096291
308 334 -0.038913137770452355
322 336 0.1481210376275779
99 334 1.445594446330888
314 336 3.9184427168471876
287 336 1.471006361575077
325 328 -2.7803933790295874
332 335 1.2551669361900215
325 342 -3.2060451019615273
328 342 -1.986327866288225
297 340 1.8144599138640842
107 340 -3.43705550120135
99 350 0.9436225830949259
334 350 1.471006361575077
328 338 2.184051378192568
332 345 -1.8806142848807943
107 349 -4.145152083743929
340 349 -0.7580155848378691
326 345 -3.732408358890588
333 342 1.0022628750411067
337 345 -3.732408358890588
99 341 2.0618119072200103
338 342 1.0221648177565306
99 346 2.93164334365634
99 344 -0.5504199144331001
99 343 -0.27405945275533616
341 344 2.184051378192568
341 343 1.8144599138640842
335 345 -3.9184428135768994
99 347 -1.3477177614522067
297 335 0.3058452631148958
99 348 -0.16377929735639296
99 350 -0.8864566941706382
344 350 1.8144599138640842
99 350 -0.32179504083642385
262 353 -4.145152083743929
287 361 2.8534721380276795
348 350 1.3241144775306468
347 350 1.9501526258096291
347 350 1.6908566753683048
336 361 0.41842577919951873
99 353 2.646993557188065
297 356 2.184051378192568
335 356 0.1637791782871667
297 349 -0.9825428039459942
346 351 3.574453703354731
99 351 3.3153580262671256
334 351 0.274059332246233
343 353 2.7803933118077264
350 351 2.101269714871794
99 350 1.0422550037182607
353 360 3.3153580262671256
262 360 -2.0618119810484816
262 354 -4.43612156009328
328 355 -2.023524054927849
354 360 -0.6872706606037844
339 355 -2.319517101482562
314 354 -4.844202616288199
333 361 3.3153580262671256
336 354 -4.43612156009328
346 357 1.4968293639808472
341 352 1.471006361575077
343 350 0.982542654754837
341 350 0.45104689322786395
99 357 0.7580154487445683
344 359 3.4370554399806776
354 370 0.41842577919951873
336 370 -5.53733426701854
338 358 -2.5856858519456853
339 458 -1.5497854889223055
350 359 2.7117470592609445
344 352 1.2778513804684322
99 362 4.145152023550564
354 364 0.6698459156176995
364 370 2.2275794437459226
328 358 -1.0022630255891705
351 363 3.9184427168471876
342 369 -3.2060451019615273
338 369 -2.0618119810484816
350 352 1.103724552883528
337 458 -1.9501526936104758
349 356 -1.167151619412428
347 366 5.537334267018537
350 362 2.368217406966919
350 366 2.7117470592609445
352 359 1.5769599644200505
358 369 -5.53733426701854
337 374 2.368217406966919
350 353 2.31951701078773
333 369 -0.40219829746062086
374 458 0.6872705278045488
99 350 -0.0544849469084292
346 350 3.015725255756913
350 351 0.9629978960423582
350 357 0.6698459156176995
350 363 2.31951701078773
355 358 -0.023346044556825873
345 374 -2.7803933790295874
335 365 1.3959338990403656
335 367 -0.7580155848378691
356 367 3.9184427168471876
360 364 1.103724552883528
365 367 1.5769599644200505
358 376 -5.53733426701854
355 376 -4.844202616288199
99 350 2.31951701078773
99 368 2.2726891994400433
369 376 3.9184427168471876
355 373 -4.145152083743929
333 376 -2.8534722097520193
373 376 2.0618119072200103
345 365 -2.5856858519456853
107 356 -4.145152083743929
353 372 1.4968293639808472
99 371 2.31951701078773
350 368 2.0618119072200103
360 372 -0.11685724657693086
373 458 -4.43612156009328
361 376 -4.43612156009328
360 375 1.124638707269666
364 375 2.141984057957801
350 368 1.6615501074318497
372 375 0.7580154487445683
353 378 5.537334267018537
372 378 2.2275794437459226
364 381 3.015725255756913
361 383 5.537334267018537
345 385 -3.5744537730315336
370 381 5.537334267018537
374 385 -3.43705550120135
336 383 -3.9184428135768994
368 377 2.5274488884529975
373 379 2.368217406966919
345 380 -4.844202616288199
350 377 2.8534721380276795
350 378 2.368217406966919
376 379 3.574453703354731
380 385 3.3153580262671256
350 371 1.8144599138640842
375 378 1.604628978813839
375 381 2.0618119072200103
365 380 -4.844202616288199
378 381 3.9184427168471876
336 382 1.5230823357393546
382 383 -0.9629980439232386
383 390 3.574453703354731
370 382 -5.53733426701854
382 390 -0.8306198826413334
350 386 -1.3477177614522067
370 378 2.5274488884529975
378 382 -4.844202616288199
350 356 -1.420575958424365
107 350 -4.145152083743929
376 384 3.3153580262671256
350 367 -3.106750063060895
376 387 3.015725255756913
365 385 -5.53733426701854
107 392 -4.145152083743929
384 387 0.5504197869721676
350 392 -0.25821891342749526
376 388 -1.8144600365838361
379 388 -1.0221649697100497
107 389 -2.6469936768108107
389 392 -1.914934325902037
386 405 0.7047961364960313
350 405 -4.844202616288199
373 388 -1.2106356105583946
392 397 3.9184427168471876
350 397 2.7117470592609445
391 458 0.6352858046593717
374 391 3.574453703354731
107 394 -3.43705550120135
387 388 -0.10124760698692858
389 394 1.0022628750411067
107 401 -3.43705550120135
373 396 0.5841188470777665
385 399 3.10674997290245
107 393 -3.2060451019615273
388 396 -0.5170230248961472
374 399 -4.844202616288199
393 394 -0.7401649710893459
350 395 3.10674997290245
367 398 3.7324082779400585
396 458 -4.844202616288199
350 398 -2.7803933790295874
393 401 -1.042255157127819
376 402 3.10674997290245
387 402 4.436121480203944
388 402 -1.0022630255891705
396 402 2.646993557188065
392 394 0.6872705278045488
392 393 -2.9316434205780437
361 402 -3.2060451019615273
367 400 -0.11685724657693086
365 400 1.7513136084096503
398 400 3.10674997290245
374 385 -2.2726892867301896
392 401 3.3153580262671256
350 405 -4.145152083743929
384 402 0.8864565510992328
385 391 -5.53733426701854
350 405 -4.43612156009328
395 405 -5.53733426701854
382 383 2.023523983245292
350 392 0.8677032967963991
350 392 3.10674997290245
350 405 -4.844202616288199
402 458 -5.53733426701854
350 403 2.2275794437459226
378 405 -5.53733426701854
385 409 3.4370554399806776
365 409 -3.3153581355547077
400 409 -4.844202616288199
350 412 1.7513136084096503
392 406 1.347717671142901
392 407 3.2060450031958343
405 412 -3.3153581355547077
350 406 0.6352858046593717
350 404 1.2778513804684322
350 400 -3.43705550120135
350 407 1.103724552883528
403 404 1.6615501074318497
385 408 3.574453703354731
391 408 -5.53733426701854
385 411 0.8864565510992328
350 410 2.2275794437459226
409 411 -0.14812115655181013
361 414 5.537334267018537
350 392 1.0830275858277314
383 414 4.436121480203944
402 413 4.145152023550564
361 413 -3.2060451019615273
350 407 0.023345926266394867
407 415 2.7117470592609445
350 415 2.2726891994400433
408 418 3.9184427168471876
378 383 -4.145152083743929
350 416 1.9149341938214999
385 409 3.574453703354731
391 418 -5.53733426701854
385 418 3.3153580262671256
385 400 -2.2726892867301896
350 415 2.5274488884529975
350 419 -0.007781779532672672
350 417 2.2726891994400433
413 414 -0.722426472174637
385 423 4.844202556684481
400 423 -3.43705550120135
402 414 -1.2778514672160726
415 420 1.6908566753683048
378 421 -0.22663222628581936
350 420 2.31951701078773
383 424 1.880614156109223
378 424 -3.0157253387444354
405 421 -0.21088196663715686
350 422 0.982542654754837
350 425 2.5856857384930256
400 425 -2.7117471225450083
350 426 0.07006324471763459
405 433 -5.53733426701854
385 427 1.232765242543629
350 433 1.986327796610479
418 458 -3.2060451019615273
428 458 2.184051378192568
418 428 -2.22757952790676
383 432 1.0830275858277314
414 432 0.6181436068748636
431 458 2.5856857384930256
385 429 -0.07006336313715722
428 431 2.646993557188065
427 429 2.7803933118077264
350 405 -4.844202616288199
405 436 -5.53733426701854
414 430 3.574453703354731
402 430 -0.6872706606037844
350 434 1.1671515377428254
350 435 0.9436225830949259
378 405 -3.0157253387444354
423 429 0.5170228985401271
350 433 1.8144599138640842
350 436 -0.10124760698692858
425 434 2.7803933118077264
350 405 -4.43612156009328
405 438 -4.43612156009328
405 424 -0.13248112001244716
430 432 0.9244109312539295
385 429 -0.17945749696390423
434 435 0.07006324471763459
350 434 1.7513136084096503
383 437 1.124638707269666
432 437 -0.4347079946705643
400 440 2.2726891994400433
400 444 3.015725255756913
425 444 -3.2060451019615273
432 442 3.574453703354731
385 423 3.7324082779400585
437 442 0.982542654754837
385 440 -4.844202616288199
424 439 0.8677032967963991
405 439 0.8490926297285697
440 444 2.7117470592609445
350 425 2.7803933118077264
430 442 4.145152023550564
350 441 1.3959338990403656
405 438 -3.43705550120135
405 446 -3.106750063060895
438 446 3.10674997290245
383 439 -1.2106356105583946
437 439 -1.8144600365838361
402 443 4.145152023550564
350 445 2.141984057957801
433 445 3.4370554399806776
443 458 -3.106750063060895
405 447 -3.3153581355547077
425 449 3.574453703354731
385 431 0.9244109312539295
385 428 -2.7803933790295874
385 458 0.5336849977291656
438 447 4.436121480203944
402 450 2.5856857384930256
443 450 1.232765242543629
425 448 -2.6469936768108107
444 448 3.9184427168471876
448 449 -3.43705550120135
350 451 -0.33778538326100627
439 452 0.35381849771398977
437 452 0.9053573740495944
350 449 2.8534721380276795
438 439 -2.6469936768108107
440 448 3.3153580262671256
438 452 -0.353818619728701
450 458 -0.6525189378391278
402 453 -3.2060451019615273
430 453 2.023523983245292
450 453 -1.914934325902037
450 455 -1.042255157127819
453 455 2.023523983245292
455 458 3.10674997290245
437 454 2.141984057957801
442 454 -1.914934325902037
458 459 4.145152023550564
440 461 -0.5170230248961472
385 459 -1.847139159904398
385 461 -1.3008300007371676
448 461 1.604628978813839
447 457 -4.844202616288199
452 456 1.1671515377428254
437 456 0.41842577919951873
405 457 2.418966462073592
438 456 0.5841188470777665
454 456 1.6908566753683048
438 457 -5.53733426701854
438 464 -4.43612156009328
430 458 4.436121480203944
457 464 2.93164334365634
430 455 0.242410407030617
442 460 2.141984057957801
430 460 3.9184427168471876
454 462 2.93164334365634
460 462 -1.751313725733529
456 463 3.4370554399806776
454 463 0.1794573777347761
462 463 1.5230823357393546
438 463 1.0625402297313233
350 465 1.471006361575077
449 466 1.5769599644200505
448 466 0.9629978960423582
350 466 1.5497853865743236
385 467 -1.0221649697100497
459 467 1.5230823357393546
458 478 1.210635526973574
459 478 0.3058452631148958
385 468 2.31951701078773
385 469 3.9184427168471876
461 475 0.35381849771398977
350 457 -5.53733426701854
448 475 -1.60462908492035
438 474 -3.5744537730315336
464 474 3.574453703354731
385 475 3.7324082779400585
458 471 3.2060450031958343
459 473 -0.5170230248961472
471 478 4.844202556684481
473 478 4.436121480203944
385 472 2.5856857384930256
468 472 4.145152023550564
462 470 2.5274488884529975
460 470 -1.5497854889223055
430 471 3.3153580262671256
469 472 4.844202556684481
463 476 0.242410407030617
459 478 -2.023524054927849
467 478 -0.9244110766470177
467 468 0.274059332246233
350 464 -3.732408358890588
438 476 -1.751313725733529
462 476 -0.6525189378391278
470 476 1.5769599644200505
469 479 3.2060450031958343
385 479 1.6328169387983074
350 477 3.3153580262671256
474 480 2.368217406966919
438 480 -3.43705550120135
350 448 0.45104689322786395
467 472 -0.0544849469084292
470 483 2.023523983245292
460 483 -0.722426472174637
460 484 1.9501526258096291
467 481 2.5856857384930256
472 481 2.7803933118077264
483 484 0.8490926297285697
430 484 0.35381849771398977
474 482 2.2275794437459226
385 485 2.418966462073592
480 482 2.5274488884529975
475 485 3.574453703354731
350 486 -1.1457782950449733
464 482 1.1457782142804072
430 478 2.93164334365634
479 485 3.9184427168471876
477 486 -1.167151619412428
448 485 -1.1246387871621042
438 489 0.5504197869721676
467 492 -1.9501526936104758
350 487 3.2060450031958343
480 489 0.9436225830949259
476 483 2.368217406966919
478 492 5.537334267018537
438 488 -0.11685724657693086
488 489 2.0618119072200103
350 491 0.7759821143416219
488 490 1.5497853865743236
438 490 -2.1419841365639445
478 484 -2.7803933790295874
481 492 -1.847139159904398
481 494 -2.8534722097520193
464 480 3.7324082779400585
492 494 3.015725255756913
438 493 -1.5769600686022973
490 493 1.880614156109223
477 503 -1.7207670712436016
464 489 -0.0544849469084292
438 495 -1.0221649697100497
350 503 -1.083027742309897
493 495 2.101269714871794
350 496 0.007781661256567096
486 497 0.4347078707200993
496 503 0.13248100121840833
350 497 2.5274488884529975
489 490 0.8306197427665889
469 485 2.31951701078773
477 497 2.646993557188065
478 494 4.844202556684481
438 498 -1.751313725733529
489 493 2.7117470592609445
495 498 1.72076695640305
438 500 -4.844202616288199
481 505 -2.7803933790295874
472 505 0.7580154487445683
498 500 0.054484828546315534
494 505 3.10674997290245
469 501 2.7803933118077264
485 502 3.9184427168471876
469 505 0.38602265684584536
485 501 -1.083027742309897
489 504 0.274059332246233
495 499 0.5336849977291656
483 507 0.5004307185850176
484 507 0.6872705278045488
464 504 0.8490926297285697
493 499 1.0022628750411067
476 507 2.2275794437459226
497 503 -1.083027742309897
501 505 -0.635285935274005
350 508 0.9629978960423582
478 501 -0.6525189378391278
493 504 0.5672301020452246
478 505 4.145152023550564
493 509 1.188767543534301
499 506 1.604628978813839
495 506 0.33778526158074773
501 502 -0.16377929735639296
504 509 1.9501526258096291
498 506 -0.17945749696390423
506 510 2.101269714871794
498 510 0.054484828546315534
499 509 -0.13248112001244716
500 510 -1.0022630255891705
350 512 2.5856857384930256
485 513 4.436121480203944
448 513 -1.083027742309897
485 511 2.93164334365634
506 509 -0.635285935274005
350 504 -1.986327866288225
485 501 -2.368217501379304
511 513 2.2275794437459226
350 503 -2.0618119810484816
500 514 -1.2327653271421226
350 509 -3.43705550120135
509 510 -0.9244110766470177
510 514 2.101269714871794
350 516 1.347717671142901
509 515 2.101269714871794
510 515 -1.371652884404361
478 518 -1.7207670712436016
484 518 0.7759821143416219
501 511 -2.1419841365639445
478 517 3.7324082779400585
476 500 1.0422550037182607
478 519 1.4205758640846524
350 478 3.574453703354731
514 515 -1.2106356105583946
507 518 0.2582187931706581
501 513 -4.145152083743929
509 522 -2.6469936768108107
478 520 -2.0618119810484816
350 522 2.2275794437459226
515 522 -3.43705550120135
478 521 -0.10124760698692858
500 507 0.5170228985401271
520 521 1.986327796610479
501 523 0.274059332246233
513 523 -3.732408358890588
350 519 0.48390574875928927
448 523 1.7513136084096503
500 515 1.188767543534301
518 524 2.93164334365634
507 524 -0.722426472174637
478 524 -2.1419841365639445
350 478 0.9629978960423582
478 526 4.436121480203944
501 526 -4.145152083743929
350 528 0.5504197869721676
478 521 0.5672301020452246
523 526 -5.53733426701854
448 528 1.0221648177565306
350 515 -2.7117471225450083
517 521 -2.7117471225450083
350 525 1.0221648177565306
448 527 2.2726891994400433
527 528 0.9244109312539295
350 531 3.574453703354731
350 478 3.2060450031958343
350 500 -4.145152083743929
500 524 4.436121480203944
507 524 -0.14812115655181013
507 529 1.5230823357393546
478 530 3.7324082779400585
350 532 0.7580154487445683
524 529 -1.420575958424365
528 532 2.101269714871794
478 544 -0.13248112001244716
448 539 3.015725255756913
527 539 1.880614156109223
350 537 1.0830275858277314
350 534 1.5769599644200505
350 533 0.9053573740495944
350 535 1.210635526973574
523 539 -0.038913137770452355
350 544 0.19515760538251437
521 530 -0.8490927706325437
350 530 1.0625402297313233
350 521 -1.8806142848807943
350 538 0.7940688968903633
524 544 0.6181436068748636
350 517 0.10124748840924536
526 539 -1.5497854889223055
521 541 0.5841188470777665
350 536 2.8534721380276795
478 536 3.2060450031958343
350 524 -4.145152083743929
530 541 3.4370554399806776
528 540 0.7224263377855422
535 536 1.3241144775306468
526 536 3.10674997290245
532 540 -0.2899342369326745
528 539 0.3217949194737102
539 540 2.2275794437459226
350 540 2.0618119072200103
350 541 -0.4839058740936957
538 541 -1.4710064589046166
521 545 -0.9436227297103521
350 526 1.7825318837304605
350 539 1.103724552883528
350 545 2.418966462073592
350 536 2.8534721380276795
541 545 3.2060450031958343
350 542 0.8306197427665889
538 547 1.6908566753683048
525 542 1.4968293639808472
537 542 0.6181436068748636
541 547 -0.6698460476628039
525 543 4.844202556684481
525 546 2.93164334365634
543 546 2.4719660016221714
350 549 2.31951701078773
524 549 -2.2726892867301896
350 541 0.40219817433836536
541 551 -1.420575958424365
542 546 0.08565016394454328
350 551 -0.21088196663715686
350 547 0.5004307185850176
547 551 -0.11685724657693086
524 548 3.10674997290245
548 549 -1.9501526936104758
350 550 0.7580154487445683
350 553 2.7117470592609445
525 553 3.10674997290245
525 552 3.7324082779400585
542 543 0.7224263377855422
350 542 1.9149341938214999
350 548 -4.145152083743929
543 552 1.9501526258096291
350 556 0.1794573777347761
542 552 1.7513136084096503
350 554 0.6352858046593717
350 524 -2.22757952790676
350 555 2.418966462073592
525 542 3.4370554399806776
350 557 -2.5274489963885465
542 553 0.19515760538251437
555 557 -3.5744537730315336
550 557 -3.2060451019615273
