MULTICUT
0 2 -0.0374858
0 9 0.962885
0 11 -0.340248
1 2 -0.173202
1 15 0.346404
2 9 -0.509738
2 15 -0.963446
3 8 0.184864
3 10 -0.092432
4 8 -5.06368
5 8 4.13973
5 9 1.23147
6 7 -15.2257
6 8 -1.72077
6 17 -5.53733
6 24 -2.10127
6 26 -3.10675
6 27 -4.8442
6 28 -4.14515
6 31 -4.8442
6 34 -5.53733
6 37 -9.97346
6 38 -0.962998
6 39 -11.0747
6 40 -3.91844
6 41 -4.43612
6 43 -2.93164
6 44 -4.8442
6 50 -14.3
7 8 -1.47101
7 10 1.22209
7 13 0.562391
7 17 -5.8185
7 18 -1.25517
8 9 2.22758
8 10 -11.3784
8 12 -2.55772
8 14 0.710969
8 16 0.193153
8 19 -6.46467
8 20 5.24115
8 21 -1.75131
8 22 1.91305
8 23 3.94509
8 25 -4.8442
8 29 1.58614
8 33 5.05765
8 35 0.457297
8 56 -4.14515
8 65 -11.0747
8 66 -2.58569
8 71 -4.43612
8 74 -9.68841
9 11 -2.36952
9 15 4.22515
9 23 2.85347
10 13 0.00840845
10 16 -2.33421
10 20 -3.20605
12 14 -0.0754337
12 21 -0.418426
12 23 -3.57445
13 17 -10.3815
13 18 -0.258219
13 20 -11.0747
14 21 -2.06181
15 23 4.83299
15 32 -3.47781
15 42 11.106
15 49 1.03974
15 61 2.47197
15 77 -3.10675
16 20 0.386306
16 25 -7.0921
17 18 -3.54216
17 20 3.37167
17 24 -4.14515
17 26 -0.318325
17 34 3.79206
19 22 -0.775982
19 23 -3.43706
19 33 -3.57445
19 48 -1.16715
20 25 -7.71466
20 29 0.143826
20 34 2.04727
20 55 -3.20605
20 63 -16.7259
20 64 -4.43612
20 65 -4.43612
21 23 -11.6056
21 30 -0.924411
22 33 4.09257
23 30 3.20763
23 33 0.984333
23 48 1.60807
23 58 -9.45578
23 59 -3.43706
23 60 -4.8442
23 61 2.58569
23 71 -4.8442
23 73 -4.8442
23 77 -5.53733
24 26 -0.669846
25 29 -3.05342
25 35 -0.630752
26 34 -10.3726
27 31 -1.25517
27 37 -2.22758
28 31 -2.77261
28 34 -3.01573
29 35 1.27447
31 34 0.982543
31 36 -7.61491
31 37 3.31536
32 42 -1.32729
33 48 6.61203
33 56 -6.13347
33 57 0.227031
33 58 -1.8373
34 36 -5.98025
34 37 4.14515
34 55 -2.93164
34 62 4.37606
34 64 -9.68249
34 70 -4.14515
34 81 -5.53733
34 83 -2.78039
36 37 -2.52745
37 38 -1.63282
37 41 -3.73241
37 46 -10.8805
37 52 6.3794
37 54 3.43706
37 68 -0.500431
37 70 -7.16088
38 41 -0.289934
38 45 -0.258219
38 46 -0.867703
39 40 -3.83798
39 43 -0.6014
40 41 -1.02855
40 43 -1.50073
40 47 -0.43402
41 45 -6.97144
41 46 -0.924411
41 47 2.34036
41 52 -2.11585
42 49 1.91493
42 77 -1.23277
42 78 2.53265
42 86 -6.3279
42 107 -3.10675
42 135 -3.57445
42 147 -10.6825
42 160 0.289934
43 44 -0.289934
43 47 0.109729
43 50 -0.849093
43 51 -2.88562
44 50 1.16715
45 46 -0.740165
47 51 -2.52745
47 52 -5.03157
50 51 6.247
50 75 -14.8071
50 88 -5.90477
51 52 7.02519
51 69 -5.03613
51 75 -4.14515
51 79 -8.76265
52 53 -1.31841
52 54 4.79148
52 68 -0.19298
52 79 -7.30686
53 54 -0.584119
55 64 0.635286
56 57 -0.23105
56 66 0.971457
57 58 -0.656547
57 66 -0.78447
58 60 3.44728
58 66 5.96998
58 67 0.902708
58 71 7.91145
59 71 3.91844
59 72 -3.39662
59 73 1.04226
59 85 0.423705
59 90 4.49529
61 77 -8.97439
62 81 -4.14515
62 83 -10.1536
63 64 7.03129
63 65 3.91844
64 65 3.43706
64 81 6.65977
64 83 2.85347
64 98 -0.148121
64 101 7.21807
64 104 3.83077
64 109 -5.53733
64 111 10.2919
64 114 0.226632
64 115 0.248022
65 71 9.05705
65 74 7.37719
65 76 3.73241
65 80 1.80588
65 87 -3.77064
65 96 3.91844
65 98 -2.49292
65 109 -7.50789
66 67 3.08845
66 71 12.2383
66 89 -1.25517
68 70 -2.50453
68 79 -3.57445
69 75 1.04943
69 79 0.524716
70 79 1.81446
70 83 3.01697
70 84 -1.25517
70 93 0.201984
71 74 2.62504
71 80 7.89444
71 89 -0.740165
71 90 8.37879
71 100 3.46976
71 109 -2.52745
71 112 5.79963
71 117 0.326755
71 126 -2.10127
71 127 -0.326211
72 73 -3.91844
72 85 -11.6943
73 77 3.9868
73 85 3.43765
73 99 0.00494447
73 103 -3.66676
73 105 0.0126554
73 118 0.00342156
73 139 -0.00985273
73 153 0.00341547
73 154 0.00340987
73 156 -0.00156253
74 80 6.43366
75 79 1.69694
75 88 9.56787
75 91 2.51071
75 92 4.80174
75 104 0.821712
75 106 4.66769
75 113 -0.0179011
75 123 0.0358022
76 87 -1.84714
77 78 -4.72767
77 85 0.44944
77 99 0.0105945
77 103 -0.175547
77 105 5.88442
77 118 0.0658234
77 139 -0.0505012
77 153 0.0122384
77 154 0.0111549
77 156 -0.00295718
78 86 -2.55026
78 105 -2.85347
79 82 1.35587
79 91 7.89684
79 93 0.321795
79 94 2.78039
81 83 5.48353
83 84 -2.12287
83 93 2.81099
83 95 -0.478402
83 104 5.66904
84 93 -2.42814
85 90 5.68286
85 99 2.85866
85 102 -0.250496
85 103 -0.627228
85 108 2.14198
85 116 2.3333
86 105 -0.0329657
86 107 -0.63835
88 92 2.78039
88 106 9.00022
88 113 1.55672
88 123 2.37708
88 124 2.54525
88 137 0.0719653
88 140 4.09103
88 142 1.76237
88 145 2.41897
90 102 -2.78696
90 108 1.21064
90 116 0.92028
90 117 1.19544
90 120 -7.75944
90 122 -0.0741932
90 134 -0.0557857
91 93 7.44641
91 94 8.09698
91 97 -2.9755
91 104 2.39074
91 106 1.17753
91 113 0.0832509
91 123 -0.0416255
93 97 -8.25544
93 104 4.68321
96 98 -0.023346
98 109 -3.43706
99 103 -1.17444
99 105 3.78843
99 116 0.433566
99 118 0.127403
99 139 -0.0505012
99 153 0.0122384
99 154 0.0111549
99 156 -0.00220025
101 109 -3.01573
101 110 6.42245
101 115 0.348661
101 119 5.0171
101 121 3.76415
102 108 -0.687271
103 105 -0.118249
103 118 -4.84674
104 106 1.33633
104 111 2.64699
104 113 0.415399
104 114 0.179457
104 123 -0.0537547
104 132 3.5978
104 137 0.0268259
104 141 2.34066
104 142 4.75618
105 107 6.17063
105 116 1.93881
105 118 0.167959
105 128 4.39112
105 129 10.783
105 134 1.72692
105 139 -3.73025
105 147 2.05221
105 149 3.89382
105 153 0.198715
105 154 0.180387
105 155 3.44158
105 156 -0.0379345
106 113 -0.0268555
106 123 0.172463
106 137 0.0389304
107 135 3.39081
107 139 -0.341722
107 147 0.479986
107 153 0.0145074
107 154 0.0133821
107 156 -0.019431
109 121 -0.775982
109 125 3.82862
109 126 0.226632
109 133 -4.14515
109 136 -15.9189
110 119 0.943623
111 114 1.72077
111 115 3.05766
111 130 2.36179
111 132 3.87764
112 126 -8.72786
112 127 -0.656783
112 138 2.28565
113 123 -0.436367
113 137 -0.0269103
113 142 -0.0272246
115 119 2.38064
115 132 2.33737
115 143 0.132139
115 148 2.35356
116 118 0.0530876
116 120 -9.11063
116 134 1.91905
116 139 -0.0252506
116 153 0.0122384
116 154 0.0751036
116 156 -0.00266413
117 122 -0.141276
117 127 -3.31536
117 134 -0.0557857
118 139 0
118 156 0
119 121 7.28546
119 148 0.679625
120 122 -3.10675
120 131 -6.37273
120 134 -4.37459
121 125 -6.57327
121 144 -0.949013
121 148 0.713861
122 134 -0.650437
123 137 0.153366
123 142 7.88029
125 136 -5.53733
125 142 -1.84714
125 144 0.369897
125 150 -9.68249
125 167 -3.91844
125 168 -2.47197
126 133 -7.65085
126 138 -4.41968
127 134 -0.500431
127 138 -0.661146
128 139 -0.0256751
128 153 0.0061192
128 154 0.00557744
128 156 -0.00107707
129 139 -0.0979614
129 149 0.721108
129 153 0.0183576
129 154 0.0167323
129 155 0.0623386
129 156 -0.00503635
130 132 4.19833
131 134 5.47646
132 141 2.20142
132 142 0.917477
132 143 0.13695
132 148 0.170667
133 136 -3.8913
133 138 -3.72939
133 146 -2.58569
134 138 3.8813
134 139 -0.0474602
134 151 3.1917
134 153 0.0560459
134 154 0.134783
134 156 -0.00182069
134 157 0.0778499
135 139 -0.225288
135 147 5.66982
136 146 -2.36822
136 150 -4.30585
136 152 -0.0856503
137 142 0.0930773
138 146 -0.353819
138 150 -11.0747
138 151 0.943623
139 147 -0.541837
139 149 -0.0949204
139 153 -0.024823
139 154 0
139 155 -0.0474602
139 156 0
140 142 3.38128
141 142 0.902654
142 143 0.0263628
142 144 -2.47197
142 145 4.14515
142 148 8.56854
142 159 6.1488
142 165 5.21016
142 167 -8.55306
142 169 4.9539
142 170 2.78039
142 171 -0.150422
142 172 -0.0181611
142 176 2.52745
142 177 -0.194525
142 187 6.8913
142 188 6.09937
142 190 -2.64125
142 197 -0.583115
143 148 0.314419
144 148 -1.14876
146 150 -4.8442
146 152 -2.47197
147 153 0.0170044
147 154 0.0154549
147 156 -0.00302466
147 160 -9.01284
149 153 0.625712
149 154 0.0111549
149 155 0.951168
149 156 -0.00267761
150 151 -5.53733
150 152 -4.82588
150 157 -10.1839
150 164 -9.14061
150 166 -1.34772
150 168 -0.0836166
150 174 -10.3087
151 157 0.82533
153 154 1.65854
153 155 1.20929
153 156 -0.0196062
153 158 -10.6848
154 155 0.00987745
154 156 -0.00105941
154 157 1.6432
154 158 -1.44559
155 156 -0.00205427
155 158 -6.99624
155 160 -5.93576
156 160 -0.849093
157 158 -2.38329
157 161 2.58054
157 162 -5.55968
157 163 -0.524729
157 166 -1.23277
157 174 -1.44559
157 192 -2.06181
158 160 5.59221
158 163 -8.46898
158 184 -3.87077
160 175 -25.1993
160 184 -5.53733
160 186 -1.23277
160 206 0.905357
161 162 -4.14251
162 163 1.17232
162 189 -12.4758
162 192 -5.53733
162 213 -0.0700634
162 214 -5.53733
163 178 -0.190143
163 180 -3.01573
163 181 0.47946
163 182 -4.22328
163 184 -0.305845
163 189 -4.8442
163 193 -26.8784
163 198 1.20806
163 199 -21.4562
163 212 -4.43612
163 249 -2.64699
163 256 5.06596
163 258 -4.14515
163 263 -3.94243
163 275 0.067045
163 281 8.23949
163 294 -10.3937
163 305 -9.61776
163 308 -0.226632
163 319 -1.52308
163 324 3.57445
163 325 1.08303
164 174 -0.964837
165 167 -5.53733
165 171 -0.276441
165 172 -0.0363238
165 173 -4.8442
165 177 -0.394755
165 179 -0.0695766
165 190 -0.132557
166 174 -2.93164
167 168 -0.6363
167 173 -3.63221
167 174 -0.472715
168 174 0.32906
170 187 0.180928
170 197 -6.88402
171 172 2.06181
171 177 4.84593
171 179 0.551371
171 183 5.87453
171 190 5.20661
171 191 2.85347
171 196 1.84714
171 197 11.1421
171 203 7.24669
171 205 0.00778166
171 207 1.21064
171 209 0.762388
171 215 9.14013
171 217 4.01037
171 219 11.1459
171 225 3.26311
171 228 0.185701
171 231 2.33103
171 239 0.253196
172 177 1.52308
173 174 -1.66155
173 179 -0.258219
173 183 -6.63019
173 200 -5.53733
173 201 -4.43612
174 192 2.64699
174 195 2.74384
174 201 -1.25517
174 208 -0.0411731
174 221 -0.353819
174 226 1.67754
174 230 -0.0784857
174 232 -2.52745
174 241 -4.8442
174 255 -3.20605
175 184 0.289934
175 185 -2.57343
175 186 0.208476
175 199 -8.37595
175 206 -4.8442
176 177 -2.42124
177 190 1.98633
177 196 0.321795
178 181 -0.0742441
178 182 0.05442
179 183 4.12588
180 189 -3.37073
180 193 -1.9164
180 204 -2.60934
181 182 -2.35863
181 193 -7.67932
181 198 2.31268
181 202 2.76829
181 212 -3.10675
182 198 -0.517023
183 191 3.73241
183 194 8.9179
183 200 0.0216049
183 207 4.23402
183 211 0.0217037
183 220 -0.16993
184 199 -15.8366
185 186 -0.139911
186 206 -1.81446
187 197 -0.000256896
188 190 -1.69086
189 193 3.13578
189 204 4.5092
189 214 2.52745
189 223 -2.27269
189 245 2.20158
189 252 -0.00415362
189 261 0.619914
189 295 5.33257
190 196 0.618144
190 197 1.16623
192 213 -4.14515
192 221 -1.16715
193 202 -3.73241
193 204 2.19799
193 212 5.42627
193 295 1.08026
193 305 -0.359144
193 308 -2.41897
194 200 0.00526256
194 210 1.26889
194 220 -0.0451792
195 201 -2.64699
195 208 -0.196711
195 211 -3.43706
199 206 1.98633
199 224 -2.30211
199 237 -9.97346
199 246 -4.8442
199 249 -1.78253
199 250 0.0233459
200 201 -0.248787
200 210 2.22758
200 211 0.426363
200 218 2.59986
200 220 2.47083
200 233 -2.00525
201 211 -0.497574
203 205 0.669846
203 207 2.58569
203 209 5.67496
203 215 3.91844
203 222 1.02306
203 233 0.0483725
203 235 -2.15837
203 236 0.0337673
203 251 0.0111283
206 224 -3.91844
206 638 -0.0544849
207 209 2.52745
207 220 -0.0641278
207 222 3.31383
208 211 -4.43612
208 216 -4.43612
208 241 -0.179458
211 216 2.4549
211 218 1.11932
211 227 -8.17492
213 214 -3.20605
213 221 -2.31952
213 223 -4.8442
214 223 -0.722426
215 225 3.82918
215 229 -8.23868
215 235 -0.335339
215 236 2.82578
215 244 0.938102
215 254 -5.53733
215 267 -8.64408
215 268 2.06181
216 227 -0.210882
216 241 -3.73241
218 227 -0.418426
218 233 -5.066
219 238 0.417542
219 239 3.49019
220 222 -0.212462
220 233 -2.02228
221 223 -3.10675
221 232 -2.58569
222 233 0.0964325
222 236 0.0668921
222 251 0.00674618
223 232 -4.43612
223 242 -1.57696
223 245 -1.72077
223 261 -2.64699
223 265 -0.533685
224 234 -0.289833
224 237 -1.92745
224 638 -10.3815
225 228 0.697048
225 231 0.359107
225 243 2.918
225 254 -4.26611
226 230 -0.0784857
226 242 -4.29907
226 255 -2.71175
227 233 -4.43612
227 240 -0.148121
227 241 -0.669846
230 232 -3.73241
230 242 -3.07423
231 239 2.61111
231 243 3.10675
232 242 -1.02216
233 236 1.94386
233 240 0.0803313
233 247 -2.3179
233 248 -5.12677
233 251 0.48972
233 257 -2.62915
233 262 0.0254672
234 237 3.05496
235 236 -5.14177
235 244 -1.34122
236 244 1.34108
236 247 0.516225
236 251 0.505832
236 257 -2.93164
236 268 0.722426
236 277 -8.94415
236 278 0.286009
236 279 -6.46059
236 283 0.0243485
236 286 1.96493
236 287 -2.60811
236 297 0.488882
236 300 -9.38771
236 301 -1.39593
237 250 -2.02665
237 264 2.10127
237 272 -2.89378
237 638 -5.53733
238 239 1.74578
239 243 3.0958
239 253 6.3136
239 260 0.687271
239 273 1.08835
240 241 -5.53733
240 248 -0.356917
240 262 0.288182
241 255 -0.116857
241 259 -3.7828
241 262 -9.97346
241 282 -9.28032
241 292 -7.75148
241 293 -5.53733
241 307 -1.52308
241 314 -5.53733
242 255 -0.305845
242 259 0.611743
242 265 2.56004
243 254 -1.25517
243 260 2.05586
243 266 -2.71175
243 267 -3.57445
243 271 -3.43706
243 273 1.57947
243 274 0.147357
243 280 -4.90448
243 284 -1.69086
245 252 -0.0415663
245 261 0.863538
245 295 1.45697
246 249 0.0487639
246 250 -2.7444
246 258 -1.74637
246 263 0.255342
246 270 -1.83298
246 275 1.91987
247 248 -0.618566
247 251 0.0254963
247 257 -2.254
247 262 2.58569
247 269 7.3313
247 276 2.04
247 279 -0.483456
247 282 0.0195532
247 286 0.170555
248 262 -7.67456
249 258 -0.0975278
250 264 -0.81228
250 275 -3.73241
251 257 -0.0389131
251 278 0.0254963
252 261 -0.00415944
254 266 -0.794069
254 267 -0.669846
255 259 -2.41897
258 263 -0.700461
259 265 0.537986
259 298 -2.87363
259 307 0.981327
261 265 -0.259724
261 295 1.03884
261 307 -0.491165
261 328 -1.42604
261 344 -5.84834
261 345 1.54979
261 364 2.78039
261 365 -5.53733
261 383 -7.3512
261 385 -4.8442
261 405 -3.73241
261 409 -1.12464
262 276 3.13193
262 282 0.489786
263 270 -0.333759
263 275 0.0217733
264 272 -1.54979
264 275 1.52308
265 298 -0.687271
265 307 0.643504
266 267 2.06181
267 268 -24.0422
267 271 3.39515
267 273 -3.73241
267 280 -2.66201
267 299 -4.8442
268 273 2.06181
268 277 -2.52745
268 285 -5.53733
268 302 1.81226
268 304 -1.0861
269 276 0.00224009
269 279 -0.157452
269 282 -0.0142995
269 283 -0.00155976
269 286 -0.312004
270 275 -4.69222
271 274 -1.08303
271 280 -0.386023
272 275 -3.95904
272 638 -3.57445
273 280 -0.347296
273 284 -3.31536
273 285 -5.53733
273 289 -6.07884
273 299 5.68285
273 302 1.49439
273 303 -9.4616
273 304 -0.828177
273 309 -12.9078
273 311 4.75602
273 313 1.02216
274 280 -0.736601
275 288 -0.0358888
275 294 -0.482719
275 306 0.384804
275 315 -0.839997
275 316 -0.00174575
275 323 1.28389
275 638 -4.14515
276 282 0.551527
276 283 0.0777272
277 278 -0.599989
277 285 0.0014022
277 287 -0.0389132
277 290 3.23909
277 300 1.535
277 332 -0.0374627
278 287 -0.64603
279 286 -1.21242
280 284 -0.775982
280 299 -0.687827
281 305 -1.00226
282 283 3.27815
282 286 0.0650256
282 292 -4.69984
282 297 -0.0158517
283 286 0.0486969
283 291 -2.06647
283 292 -2.38913
283 296 -0.154445
283 297 -0.0613352
285 290 0.00280437
285 302 -4.43612
285 311 -5.53733
285 313 -3.91844
285 334 -9.28032
285 337 -9.28032
286 297 0.330927
287 300 -1.39593
288 294 2.18131
288 306 0.0629453
289 303 -1.65529
290 300 7.38278
290 320 3.01573
290 322 2.85156
290 326 -0.206663
290 332 -0.0736762
290 337 -4.8442
291 292 1.20493
291 296 0.262994
292 293 1.36621
292 296 1.13716
292 297 3.28469
292 312 0.582289
292 314 0.161436
294 306 2.02447
294 315 -0.223016
294 318 1.5267
294 324 -2.36822
295 305 -1.44071
295 340 0.679368
295 357 0.201606
295 385 -3.31536
296 297 3.7193
297 300 -4.8442
297 312 2.38555
297 314 0.336984
297 317 -21.9566
298 307 -5.37032
300 301 -1.34772
300 317 3.34766
300 322 2.98551
300 326 -0.581381
300 327 0.072563
300 330 -4.8442
300 332 -0.299491
300 337 -3.91844
302 304 -0.82936
303 309 8.61854
303 310 3.84293
303 321 -2.58569
303 329 2.80678
303 334 -5.53733
305 308 -1.29431
305 319 -2.47197
305 325 -5.53733
305 336 -6.31809
305 340 -3.10838
305 341 -7.30686
305 357 -1.85664
305 361 0.746561
305 366 0.77645
305 384 0.172197
306 315 -2.17803
307 314 -9.63397
307 328 1.83214
309 313 -9.39517
309 334 -4.43612
310 321 -0.163779
311 313 5.83508
312 314 3.70322
312 317 -1.52958
312 328 -3.43706
312 331 2.2336
313 334 0.754019
313 349 0.0621006
313 414 -0.0766125
313 422 0.00502635
314 328 -3.91844
315 316 -0.00062695
315 318 -0.892062
315 323 -3.47292
316 323 -0.00952819
317 330 -9.11179
317 331 -10.3263
317 332 -0.0380737
318 323 2.92851
318 324 -3.57445
319 325 -0.0856503
321 334 -2.78039
322 326 -0.207085
322 332 -0.0374627
323 324 -4.14515
323 342 2.27195
323 638 -4.14515
324 325 2.36822
324 336 0.171064
324 341 2.9729
324 342 -4.32656
324 354 -1.93954
324 361 -13.7059
324 368 -1.72581
324 380 0.800071
324 381 0.00199026
325 336 1.78253
326 327 -0.0173509
326 332 -0.0246355
326 337 -7.21651
327 332 -0.0380737
327 337 -2.47197
328 331 -3.91844
328 339 0.0413739
328 345 -0.382766
330 331 2.73243
330 332 -0.140305
330 333 -3.13025
330 335 -0.158073
330 337 1.80818
330 338 -0.323933
331 337 1.145
331 338 -0.25264
331 339 -12.1545
331 347 -7.87318
331 348 -1.34383
331 350 -4.14126
332 335 -0.561221
332 337 -1.63282
334 337 2.38343
334 343 0.707566
334 346 5.24187
334 349 2.85488
334 351 3.04421
334 353 0.507469
334 360 3.15353
334 367 2.89772
334 371 3.24322
334 379 0.00305211
334 388 2.3915
334 390 3.59493
334 394 4.77502
334 396 0.344033
334 399 -0.0256931
334 401 -0.666819
334 406 2.06612
334 414 -1.10175
334 422 0.17232
334 424 0.564319
335 337 -0.171183
335 338 0.0681036
336 341 6.60861
337 338 -1.02776
337 343 0.777082
337 349 0.0838824
337 350 -1.7591
337 358 0.39919
337 367 5.53397
337 369 0.956682
337 372 8.96716
337 391 -7.3555
337 400 -6.29873
337 414 -0.0416343
337 422 0.00251317
339 345 -0.00872952
339 348 -3.63193
339 352 1.4986
339 355 -5.87439
339 359 -0.7493
340 357 2.32265
341 361 -8.76265
342 354 7.35935
342 638 -11.0747
343 349 0.0253689
343 414 -0.0416343
343 422 0.00251317
344 345 -1.66155
344 383 -3.57445
345 355 -2.10127
345 370 -4.54469
345 383 -3.76415
346 349 0.0677151
346 414 -0.0832686
346 422 0.00502635
347 348 -4.31656
348 350 -2.13809
348 352 -3.39473
348 356 0.543843
348 358 2.62786
348 362 0.712171
348 363 -1.75123
348 369 0.0655123
349 351 0.03017
349 353 0.0305375
349 360 0.03017
349 367 1.65953
349 371 0.0634
349 379 0.0288967
349 388 0.0629252
349 390 0.187669
349 394 0.24396
349 396 0.061747
349 399 -0.00838329
349 406 0.101769
349 414 -0.132845
349 422 0.102343
349 424 0.0798424
350 358 -5.74999
351 414 -0.0416343
351 422 0.00251317
352 356 -0.55042
352 359 -1.87769
352 363 -5.94267
352 373 1.27553
353 414 -0.0416343
353 422 0.00251317
354 368 2.77045
354 638 -9.28032
355 359 -5.53733
355 370 -10.3815
355 373 -2.14198
355 383 -3.91844
356 363 -1.79251
357 361 -0.994399
357 366 -0.185481
357 384 -0.258219
357 385 -4.64285
358 362 0.0418602
358 369 2.02699
359 373 -0.131255
360 414 -0.0416343
360 422 0.00251317
361 366 0.232775
361 380 -9.28032
361 384 2.89482
361 389 -2.71175
362 363 -1.69938
362 369 -1.18328
362 373 -4.3869
363 373 -3.57445
364 365 -1.84714
364 375 -0.83062
364 383 -8.76265
365 375 -2.36822
365 383 -0.451047
367 372 2.66659
367 377 -0.194726
367 378 0.610722
367 379 2.08948
367 382 -1.70899
367 388 0.931385
367 401 -0.409439
367 414 -0.0416343
367 422 0.00502635
368 380 -0.666203
368 381 -0.0304236
368 389 -0.162713
368 402 -0.0316473
368 423 2.30711
368 451 -5.79934
368 454 -2.85347
368 480 -8.55306
368 490 -3.73241
368 638 -20.064
369 373 -5.53733
369 386 -5.53733
369 395 -12.9978
369 400 -1.63282
370 374 -5.77731
370 376 -0.0834791
370 383 3.03025
371 422 0.00251317
372 382 -2.36156
372 391 -3.57445
373 383 -4.8442
373 386 4.90781
373 392 0.201682
373 393 -4.08122
373 398 -0.83062
374 376 -1.3293
374 383 -4.14515
375 383 -8.58127
376 383 -0.166958
377 378 -0.428499
377 379 -0.353952
377 382 -0.0081835
377 391 -0.197402
378 382 -0.138055
379 382 -0.166786
379 391 0.0616382
379 401 -0.0669765
379 403 4.09917
379 406 -0.0839052
379 412 0.0324871
379 415 0.741847
379 422 0.00251317
380 381 0.0770117
380 389 3.47031
380 402 -0.00112651
381 389 0.0239089
382 387 -0.0379523
382 391 -0.010256
383 393 0.210882
383 398 -4.5086
383 404 -10.3815
383 405 -4.8442
383 407 1.5745
383 408 -11.796
383 411 -14.6491
383 429 3.73241
383 435 -2.35809
384 385 -7.58703
384 389 -3.7758
384 417 -3.73241
384 420 -1.34772
384 433 -10.6904
385 409 -0.601089
385 417 3.09055
385 418 -9.26974
386 392 1.56489
386 395 0.461892
387 391 -2.4659
388 422 0.00251317
389 402 1.93519
389 420 0.618144
389 423 -0.156647
389 426 -1.88061
390 394 0.0365076
390 399 0.04914
390 414 0.0140071
390 422 0.00449049
391 397 1.88802
391 400 1.10372
391 403 2.61045
391 410 0.56723
391 415 5.22621
391 421 -0.212831
392 395 1.30638
392 398 -0.772921
392 404 -4.43612
392 408 -4.024
393 398 -0.982543
394 396 0.208734
394 399 -0.0568758
394 406 0.996628
394 414 -1.50938
394 422 0.328713
394 424 0.117999
394 425 -9.68249
394 430 1.52461
394 434 2.01007
394 446 -13.9281
394 449 -9.11179
394 472 1.43118
394 487 1.98633
394 488 1.63282
394 491 -12.5867
395 400 -0.0700634
395 404 -10.1306
396 399 -0.0241451
396 414 -0.0263576
396 422 0.0157165
398 408 1.0374
399 406 -0.0338143
399 414 0.274823
399 422 -0.05124
400 404 -0.321795
400 410 0.949529
400 413 -7.3512
401 406 -1.47318
401 412 -0.053712
402 423 -0.167029
403 412 0.0303087
403 415 2.77646
404 406 -3.31536
404 408 -1.75131
404 413 -10.9257
404 415 -1.78253
404 416 -0.623693
404 419 -0.965373
404 429 -3.73241
404 431 -14.1245
404 437 -10.3815
404 438 -0.722426
404 456 -22.8255
405 407 -5.53733
405 409 -1.37165
405 417 1.37165
406 412 -0.111275
406 414 -0.316565
406 415 -8.04378
406 422 0.0241817
406 425 -8.58127
406 428 -12.7174
406 440 -9.97346
406 456 -4.43612
407 411 -6.68108
407 417 -16.612
407 435 -0.206986
407 436 0.0759041
407 439 -1.99845
407 442 -2.10127
409 417 -3.10675
410 413 -10.1087
410 415 0.0856502
410 431 -3.73241
412 415 0.420236
413 416 -6.41451
413 419 -2.22758
413 431 0.116857
414 422 -1.96546
415 421 -0.140552
415 431 -19.1249
416 419 2.39197
416 431 -5.94793
417 418 -8.87224
417 427 2.41897
417 433 -1.37709
417 439 -4.14515
417 452 -10.1202
417 453 -0.954676
417 458 -0.526395
417 460 3.31536
417 463 -3.21134
417 466 1.63282
417 471 -1.61015
417 477 -2.87062
417 479 9.03334
417 498 -2.81196
417 505 1.51882
417 511 -5.53733
417 520 -11.0747
417 525 -8.85269
417 528 -6.72254
417 550 -5.53733
417 556 1.91493
417 564 -0.369897
417 567 -10.3815
417 585 -5.53733
417 588 1.04226
418 427 -3.31536
420 426 -1.02216
420 433 -3.10675
422 424 0.986128
423 426 -1.47101
423 432 -1.34601
423 451 -0.674326
425 428 1.69086
425 434 -4.14515
426 432 0.393854
426 433 -2.93164
428 434 -20.073
428 440 1.30083
429 435 -2.64699
429 437 -6.39399
429 443 -11.0747
429 450 -3.43706
429 464 -6.6726
430 434 1.66472
431 438 -6.50469
432 433 -3.20605
432 448 -8.68101
432 451 1.26146
432 453 -8.85269
433 452 -3.43706
433 453 0.479879
434 440 -10.3815
434 446 -15.9189
434 459 -9.97346
434 470 -4.14515
435 441 -0.488568
435 442 -3.73241
435 444 -0.487637
435 450 -4.35131
436 439 -0.303655
436 442 -0.907518
437 443 3.62511
437 456 1.5766
437 464 0.177543
437 467 0.0967398
437 468 0.878913
439 442 -0.800032
439 445 -2.58569
439 460 -3.31536
440 456 4.00245
440 470 0.0534345
441 442 1.70316
441 444 2.77073
441 447 -2.35592
441 461 -2.34499
442 445 -15.7297
442 447 -10.2902
442 460 -4.43612
442 461 -6.10857
442 478 -1.75131
442 483 3.31536
444 450 1.7859
444 455 2.06492
444 457 -0.195948
444 461 -0.533685
446 449 1.98633
446 459 5.34803
446 470 3.96612
446 473 8.2764
446 475 -0.0553382
446 488 -10.3815
446 494 -5.53733
448 451 -3.01573
448 453 -2.07309
448 454 -1.72077
450 455 0.00233447
450 457 -0.00195778
450 464 2.77727
451 454 0.59044
452 453 -2.22758
452 458 -1.37165
452 466 -1.25517
453 454 -6.6726
453 458 1.68357
453 462 -4.8442
453 463 -1.44895
453 465 -22.2064
453 469 1.30083
453 479 0.0607842
453 480 -1.12464
454 462 2.33189
454 469 -0.467445
454 480 -2.31952
455 457 -0.00843846
456 467 0.0930898
456 468 0.15587
456 470 0.0405356
456 475 1.90911
456 481 2.42488
457 461 -11.6699
457 464 2.10127
458 463 -0.55042
459 470 1.00226
460 478 -11.0747
460 511 -14.8177
460 512 -5.53733
460 520 -11.0747
460 533 -12.0783
460 566 -3.91844
460 580 1.91493
461 464 -5.07083
461 474 2.8472
461 476 -2.41897
461 482 -5.09861
461 483 -4.54947
462 469 -4.8442
464 467 0.0576808
464 468 2.71257
464 476 1.79853
464 481 0.206521
464 485 -1.05075
464 486 0.060971
464 497 -0.112645
465 479 -4.14515
467 468 0.322457
467 481 0.0479944
468 481 0.506247
468 486 0.0494886
468 497 -0.167947
469 480 -7.40697
470 473 4.16218
470 475 0.121458
470 481 0.0315101
473 475 -0.0517449
473 484 1.28856
474 483 -0.210882
475 481 5.19472
475 494 -11.0747
475 497 -0.121579
476 482 0.0444904
476 485 -0.0746114
478 483 -5.64676
478 493 1.57055
478 512 1.06406
479 480 -1.61347
479 490 1.04686
479 498 -3.35644
479 505 0.0366491
480 490 -3.20759
481 485 -0.0802529
481 486 1.0423
481 494 -4.14515
481 495 -0.195158
481 497 -5.25189
481 500 2.35251
481 503 6.15984
481 506 -4.14515
481 513 6.04806
481 522 3.55849
481 527 -4.8442
481 529 -0.0347471
482 483 2.85347
482 485 -0.801123
482 486 1.94184
482 489 1.08078
482 492 6.15157
482 502 -3.91844
482 504 -9.59315
482 508 -1.67922
482 515 1.58082
483 489 2.34286
483 492 0.490042
483 493 -3.9256
483 496 -0.73248
483 499 -3.1111
483 504 -3.91844
485 486 -0.0811372
486 497 -0.483178
486 500 0.0662962
486 502 -2.64699
486 503 0.0662962
486 513 0.132592
486 522 0.0662962
487 491 -13.478
487 494 2.97498
487 517 2.12508
487 518 -0.867703
487 524 -2.43134
487 526 -0.370824
487 531 -0.0152362
487 534 -1.31472
487 536 -4.8442
487 543 0.849093
488 491 -0.353819
488 494 0.584119
489 492 0.243398
490 505 0.101247
490 510 -20.7631
490 521 -3.01573
490 638 0.0856502
491 494 -8.31675
492 496 -2.90848
492 504 -3.31536
493 499 3.1265
493 512 0.304651
494 501 2.3068
494 506 -0.613579
494 513 -6.79215
494 518 -4.02751
495 497 -0.353819
496 504 -0.0389131
497 500 -0.362246
497 502 -4.43612
497 503 -0.196744
497 507 -1.88061
497 512 -5.53733
497 513 -0.178269
497 514 -6.44589
497 519 1.12464
497 522 -0.159388
497 529 1.44537
497 530 4.02986
498 505 -0.0365722
499 504 -0.274059
499 509 -0.832438
499 512 0.884874
502 507 -1.14578
502 508 -0.179458
504 508 -0.244869
504 509 -3.86052
504 512 1.6109
504 515 -0.83062
505 510 -14.9931
505 525 -2.71175
505 528 -5.53733
506 513 -8.05025
507 508 0.0727095
507 514 -2.40604
508 512 -1.96004
508 514 -0.659023
508 515 -0.401373
508 519 -3.07372
508 523 0.0496864
509 512 -15.5363
509 516 -5.47497
510 521 0.584119
510 528 -10.5629
510 539 5.73349
510 546 1.60463
510 549 5.26263
510 638 -11.0747
511 520 1.60463
512 516 2.52745
512 519 -4.14515
512 523 -4.43612
512 530 -11.0747
512 538 0.0313362
512 541 -9.24267
512 544 -5.53733
512 552 -4.43612
512 555 -1.42058
512 561 -1.16715
512 563 -9.97346
512 577 -16.612
512 580 -10.3815
513 518 -3.43706
513 527 -6.67503
513 529 -0.0725108
514 519 -2.93164
518 524 4.7128
518 529 -6.5061
518 532 -1.31395
518 535 0.666805
518 537 -0.173728
518 540 -0.347456
519 523 -0.0496866
520 533 -4.43612
520 550 2.78039
520 566 -11.0747
520 580 -38.7613
520 584 -11.0747
520 585 7.67321
520 586 -5.53733
520 591 -5.53733
520 595 -5.53733
520 597 2.64699
520 607 -15.9189
520 610 -15.9189
521 638 -4.43612
524 526 3.88879
524 532 -6.51753
525 528 0.734836
526 531 3.67474
526 532 -0.962998
527 529 -5.42326
528 539 -9.68249
528 549 -3.91844
528 556 -3.73241
528 564 0.467445
528 567 -0.849093
529 530 5.96502
529 537 -0.81228
529 542 -8.85269
529 544 3.60355
529 553 1.84714
529 558 -5.44153
529 565 1.02809
529 568 -0.740165
529 580 0.59956
530 544 0.679783
530 580 0.229388
531 534 -1.5327
531 536 -19.5786
532 535 -1.51264
532 536 -0.0205016
534 536 -0.467445
535 536 -0.672782
535 540 -3.8491
536 540 0.449402
536 543 -11.0747
536 545 -6.57959
537 540 1.54885
537 542 -3.97445
538 541 -0.258219
540 542 -6.38018
540 545 -3.20605
540 547 1.39593
540 548 -0.687271
540 551 -11.0747
541 552 -4.8442
541 555 0.0700633
541 559 0.727867
541 563 -5.53733
542 548 0.517023
542 553 -4.14515
543 545 5.19032
543 554 -0.00778178
544 552 1.90076
544 565 3.17321
544 568 -2.52053
544 573 2.65543
544 574 0.114627
544 580 2.81496
544 581 3.39803
544 583 -4.8442
544 594 2.84727
544 599 -3.10675
544 604 -5.53733
545 547 -11.9072
545 554 -5.66564
546 549 5.03612
547 551 -6.9119
547 554 2.14198
548 551 0.176643
548 553 -3.39797
548 557 -0.064646
548 558 0.048863
548 562 0.849825
548 571 0.00284928
549 567 0.330544
549 572 5.78732
549 576 2.79337
549 578 1.30083
549 638 -10.3815
551 554 -0.849093
551 557 -2.57332
551 560 1.15236
552 559 -3.73241
552 580 4.41357
553 558 -2.36207
554 560 -4.8442
555 563 -3.91844
556 564 -0.83062
557 558 -0.00131892
557 560 -1.22583
557 562 -0.051388
557 571 -0.015364
558 562 -0.348584
558 568 -2.31952
558 571 1.04577
558 574 -8.15956
559 563 -5.53733
559 575 -9.68249
559 580 -11.0747
560 562 1.65566
560 569 -4.45447
560 570 3.6175
560 571 -0.618144
561 563 -2.41897
562 571 -2.47372
563 580 0.722426
564 567 -0.635286
565 568 -1.84714
565 580 0.229388
566 580 -6.02274
566 584 -0.402198
567 576 3.30059
567 578 1.22674
567 588 -1.10372
567 596 -4.8442
567 600 -0.202495
568 574 -0.229254
569 570 -5.88054
570 571 -2.54937
570 579 -0.635286
571 574 -2.10319
571 579 -4.43612
571 582 1.8266
571 583 0.604486
571 587 -5.52012
571 590 -6.74404
572 576 2.52745
573 580 0.176013
574 580 0.104392
574 583 -6.99862
575 580 0.867703
576 578 2.47975
576 600 -2.85347
576 601 0.377304
576 606 3.8395
576 611 11.2091
576 613 1.25699
576 638 -9.68249
577 580 0.880173
580 581 0.170384
580 584 -0.185589
580 586 0
580 591 1.88061
580 594 0.566299
580 595 2.64699
580 604 -16.612
580 607 5.57426
580 609 3.10675
580 610 5.30784
580 617 2.78039
580 618 3.52269
580 622 -16.612
580 624 -4.8442
580 628 -16.612
580 632 -9.11179
580 634 -2.27269
580 637 -11.0747
580 638 -1.39593
582 587 -0.364905
583 587 -0.173623
583 589 -0.244257
583 592 -0.0542137
583 593 -1.30549
583 594 -4.14515
584 586 0
585 588 -9.97346
585 596 -12.7952
585 597 0.601089
585 607 -4.8442
587 590 -0.708767
587 592 -0.252161
587 593 -0.12608
588 596 0.924411
589 593 2.25819
589 594 -8.19235
590 593 -8.50689
592 593 1.34801
593 594 -2.65266
593 598 0.429208
593 603 0.215246
594 598 -0.361393
594 599 -1.137
594 602 -1.57696
594 604 -4.14515
596 600 -4.33984
596 606 -17.9012
596 607 3.65407
596 615 2.37225
596 620 -5.30151
597 607 -5.53733
598 602 -2.55857
598 603 0.0300004
599 604 -0.467445
600 606 -5.53733
601 638 -4.8442
602 603 -0.451047
602 604 0.294732
602 605 -0.559088
602 608 -1.30083
603 608 -9.68841
604 605 -6.84842
604 608 2.13506
604 612 -0.165395
604 626 3.31536
604 632 0.849093
604 637 1.16715
604 638 -5.53733
605 608 -5.29743
606 613 0.628991
606 614 0.51328
606 615 -5.53733
606 616 -7.39752
606 623 -0.570331
607 620 -8.41866
607 621 -5.53733
607 622 -5.53733
608 612 -0.107537
611 613 1.39126
611 614 9.80544
611 623 -0.09209
611 633 4.24883
611 638 -4.8442
613 614 6.10046
614 616 -0.979053
614 619 1.12597
614 623 -2.39038
614 625 0.263242
614 629 -1.98633
614 633 3.56084
615 616 1.32371
615 619 -1.52279
615 620 -2.93118
616 619 -9.08
616 623 0.0274387
616 625 -0.377276
617 632 -4.43612
619 620 1.0265
619 621 2.46121
619 623 -0.248699
619 627 1.91493
619 629 -0.337785
620 621 5.1736
621 622 2.64699
621 627 1.81446
621 629 -0.81228
621 630 9.46531
621 631 5.91779
621 633 6.67504
621 635 10.0292
621 638 -16.612
622 624 3.01573
622 628 9.48743
622 630 1.76824
622 631 0.427963
622 635 3.3499
623 625 -0.140591
623 633 -0.171567
628 635 2.06181
628 636 5.87439
628 638 -4.8442
629 633 -0.386023
630 631 6.57517
631 635 2.64492
633 638 -10.3815
635 636 2.3314
635 638 -14.1245
636 638 -4.43612
637 638 -7.45227
