MULTICUT
5 147 -2.418966560561031
5 39 1.210635526973574
6 39 0.5004307185850176
6 7 3.7324082779400585
3 7 5.537334267018537
3 8 1.7825318837304605
0 8 2.368217406966919
0 1 -1.2106356105583946
1 2 1.8144599138640842
2 9 -2.8534722097520193
4 9 1.0221648177565306
0 11 0.274059332246233
1 11 3.2060450031958343
1 10 3.9184427168471876
5 12 0.9244109312539295
12 39 -0.24241052705099042
10 11 0.5504197869721676
5 39 -0.8490927706325437
8 13 2.7117470592609445
0 13 2.93164334365634
11 13 2.184051378192568
39 147 -3.5744537730315336
3 13 1.4205758640846524
1 11 3.4370554399806776
4 14 2.8534721380276795
7 13 1.3716527928075883
18 39 1.0830275858277314
9 14 0.3217949194737102
6 18 3.574453703354731
2 14 -3.3153581355547077
13 15 1.9501526258096291
13 17 3.9184427168471876
7 17 1.471006361575077
16 39 0.5841188470777665
15 17 1.3959338990403656
6 19 2.418966462073592
7 20 3.10674997290245
11 22 2.5856857384930256
14 21 3.4370554399806776
13 22 1.1671515377428254
4 21 2.5274488884529975
7 19 1.5230823357393546
7 24 4.844202556684481
13 25 1.6615501074318497
22 25 2.0618119072200103
2 23 3.10674997290245
19 24 0.2582187931706581
1 23 2.7117470592609445
18 19 3.10674997290245
2 21 -2.8534722097520193
13 17 2.646993557188065
21 23 -2.1419841365639445
17 20 1.0422550037182607
17 25 2.93164334365634
1 22 1.986327796610479
28 39 2.0618119072200103
18 28 2.7803933118077264
21 26 -1.8144600365838361
18 24 1.72076695640305
22 27 2.7803933118077264
1 27 2.646993557188065
23 26 0.03891301945135828
17 30 2.646993557188065
20 30 3.7324082779400585
7 30 4.145152023550564
21 33 0.652518806521984
26 33 -0.16377929735639296
4 33 1.72076695640305
17 29 4.436121480203944
7 39 1.1671515377428254
24 39 0.982542654754837
25 29 1.2778513804684322
27 31 2.7117470592609445
1 31 3.3153580262671256
26 32 3.2060450031958343
4 34 1.880614156109223
23 31 2.023523983245292
22 29 1.0830275858277314
35 39 1.880614156109223
7 68 2.93164334365634
18 39 1.72076695640305
30 68 1.5769599644200505
32 33 -0.635285935274005
33 34 2.31951701078773
23 32 1.232765242543629
33 37 3.574453703354731
32 37 -1.5769600686022973
29 36 4.145152023550564
17 36 4.844202556684481
38 39 1.347717671142901
30 40 2.31951701078773
40 68 2.31951701078773
7 41 0.8122799937741847
41 68 2.184051378192568
32 45 -0.4839058740936957
37 45 -0.14812115655181013
22 36 0.13248100121840833
23 45 -0.5504199144331001
22 42 3.2060450031958343
17 40 0.8677032967963991
4 33 1.72076695640305
33 43 2.31951701078773
36 42 -0.36989699244014895
31 45 0.1637791782871667
37 43 2.4719660016221714
37 46 1.72076695640305
45 46 2.7803933118077264
4 43 2.368217406966919
39 41 0.5170228985401271
17 42 0.21088184704301205
41 47 1.3241144775306468
39 47 0.1168571278983801
40 44 3.10674997290245
17 44 1.6615501074318497
17 48 3.4370554399806776
42 48 0.5504197869721676
43 46 0.054484828546315534
43 50 1.5497853865743236
44 68 3.015725255756913
27 45 -0.3860227795812654
46 50 3.574453703354731
47 68 -0.023346044556825873
47 49 3.4370554399806776
49 68 1.4968293639808472
45 52 1.986327796610479
27 52 0.7401648358628796
39 51 1.210635526973574
22 48 0.6698459156176995
17 68 2.368217406966919
45 50 3.10674997290245
39 49 1.2778513804684322
39 68 0.4674453385798212
17 53 3.3153580262671256
48 53 2.5856857384930256
22 53 2.7117470592609445
50 52 1.0830275858277314
39 54 0.6010889981175147
43 55 1.3716527928075883
50 55 4.436121480203944
53 68 4.844202556684481
4 55 -0.0544849469084292
39 56 1.471006361575077
57 68 2.5274488884529975
59 68 3.7324082779400585
57 59 3.9184427168471876
27 58 4.145152023550564
52 58 1.0830275858277314
22 60 3.015725255756913
22 58 1.604628978813839
53 60 2.023523983245292
50 58 -1.9501526936104758
58 61 3.4370554399806776
50 61 -1.3477177614522067
58 60 2.368217406966919
39 62 1.347717671142901
61 63 2.31951701078773
50 63 -3.5744537730315336
59 68 2.7117470592609445
56 68 0.7940688968903633
56 59 3.4370554399806776
50 65 0.08565016394454328
55 65 1.2551669361900215
4 65 2.368217406966919
63 65 -3.5744537730315336
39 66 1.1671515377428254
58 64 3.3153580262671256
61 64 3.574453703354731
4 67 2.4719660016221714
63 69 -1.5497854889223055
65 69 1.6328169387983074
60 64 0.7759821143416219
61 69 -0.40219829746062086
60 68 1.471006361575077
56 70 2.023523983245292
39 70 1.5497853865743236
59 70 4.436121480203944
61 73 1.4205758640846524
69 73 0.5170228985401271
64 73 3.4370554399806776
68 71 1.0625402297313233
60 71 3.3153580262671256
39 72 1.232765242543629
39 78 1.471006361575077
64 74 1.604628978813839
62 78 3.574453703354731
60 74 2.8534721380276795
69 75 2.8534721380276795
71 74 2.8534721380276795
69 76 1.1671515377428254
65 76 2.7803933118077264
73 75 1.445594446330888
75 76 1.188767543534301
39 77 1.604628978813839
68 79 0.6010889981175147
71 79 4.436121480203944
39 59 0.3058452631148958
74 80 0.48390574875928927
4 76 2.0618119072200103
71 80 1.210635526973574
62 82 -0.007781779532672672
39 82 1.604628978813839
64 80 2.8534721380276795
78 82 2.4719660016221714
79 80 2.93164334365634
39 81 0.8864565510992328
68 84 3.4370554399806776
79 84 -1.4455945421327967
79 85 3.10674997290245
84 85 -0.4510470176203887
39 86 0.7047961364960313
59 82 1.2778513804684322
39 88 0.08565016394454328
39 89 0.7047961364960313
64 87 4.145152023550564
75 83 4.436121480203944
86 88 3.7324082779400585
80 85 2.31951701078773
80 87 3.10674997290245
39 90 0.9629978960423582
73 93 0.7401648358628796
75 93 1.4205758640846524
86 90 2.0618119072200103
64 93 0.982542654754837
4 75 -0.10124760698692858
39 92 1.0022628750411067
90 92 1.8144599138640842
39 91 0.4347078707200993
88 91 2.646993557188065
91 147 -3.2060451019615273
77 78 2.8534721380276795
83 93 2.7803933118077264
4 83 -0.4184259027266788
91 94 2.141984057957801
89 102 3.10674997290245
78 97 1.6328169387983074
4 100 2.5856857384930256
88 90 1.232765242543629
39 102 2.31951701078773
77 97 1.6328169387983074
59 68 4.145152023550564
59 98 -0.27405945275533616
68 98 2.7803933118077264
4 105 -0.22663222628581936
68 82 2.5274488884529975
83 105 3.015725255756913
90 95 2.93164334365634
39 96 -0.08565028243590467
89 96 0.7580154487445683
92 95 2.5274488884529975
64 80 3.7324082779400585
39 101 0.7401648358628796
93 99 3.10674997290245
83 99 2.141984057957801
94 147 -2.5856858519456853
96 102 0.1637791782871667
39 103 0.8122799937741847
82 97 0.6698459156176995
88 95 1.103724552883528
39 95 0.7047961364960313
39 104 1.8144599138640842
64 99 0.1168571278983801
39 97 -1.1037246319352672
64 107 0.1794573777347761
80 107 2.0618119072200103
99 107 2.2726891994400433
100 105 -1.8806142848807943
95 108 2.2275794437459226
84 106 3.2060450031958343
88 108 2.93164334365634
39 102 1.4205758640846524
85 106 0.6872705278045488
83 107 1.445594446330888
39 108 -0.305845384176723
4 105 -2.368217501379304
39 109 0.48390574875928927
80 111 3.3153580262671256
85 111 2.93164334365634
84 110 3.7324082779400585
106 110 2.184051378192568
107 113 0.9629978960423582
83 113 -0.5004308444200505
108 109 3.574453703354731
80 113 3.2060450031958343
39 112 0.33778526158074773
109 112 4.436121480203944
105 113 -1.3008300007371676
105 114 3.2060450031958343
88 94 1.3959338990403656
4 114 -0.10124760698692858
113 114 -3.2060451019615273
97 115 1.3008299128497565
39 115 0.6872705278045488
82 115 1.8144599138640842
88 116 3.3153580262671256
106 120 -1.5769600686022973
108 116 2.2726891994400433
110 120 -2.319517101482562
85 120 2.2275794437459226
39 117 1.6615501074318497
84 120 -1.690856787854381
94 121 3.10674997290245
94 116 0.8490926297285697
112 118 3.3153580262671256
102 119 0.3217949194737102
116 121 1.9149341938214999
109 118 4.145152023550564
39 119 -0.4347079946705643
121 147 -2.8534722097520193
116 122 3.2060450031958343
117 124 3.2060450031958343
39 124 2.2275794437459226
82 125 4.145152023550564
68 125 3.3153580262671256
84 123 0.08565016394454328
108 122 1.347717671142901
120 123 3.3153580262671256
113 126 1.72076695640305
80 126 2.101269714871794
114 126 -2.418966560561031
111 127 1.72076695640305
82 125 1.880614156109223
115 125 2.7117470592609445
85 127 2.4719660016221714
39 124 2.5274488884529975
120 127 2.31951701078773
80 127 2.184051378192568
114 135 1.103724552883528
84 120 -0.27405945275533616
4 135 0.7940688968903633
39 128 2.646993557188065
124 128 4.436121480203944
109 132 3.7324082779400585
39 129 0.6872705278045488
82 130 4.436121480203944
120 131 4.436121480203944
118 132 0.8490926297285697
125 130 3.9184427168471876
84 131 1.188767543534301
127 131 1.5230823357393546
127 133 2.5274488884529975
109 122 1.0022628750411067
131 133 0.054484828546315534
121 122 3.015725255756913
84 136 3.2060450031958343
131 136 1.6615501074318497
131 139 3.015725255756913
133 139 3.7324082779400585
122 147 -3.43705550120135
39 125 0.5336849977291656
127 134 3.015725255756913
80 134 0.1168571278983801
80 141 3.574453703354731
133 134 2.368217406966919
134 141 1.2778513804684322
39 137 1.6908566753683048
39 138 0.6010889981175147
39 146 1.4205758640846524
68 142 1.6615501074318497
136 142 0.8490926297285697
114 150 0.08565016394454328
4 145 1.986327796610479
138 146 2.101269714871794
125 146 2.7803933118077264
80 150 1.2778513804684322
135 150 0.6010889981175147
135 145 2.2275794437459226
131 143 3.10674997290245
136 143 -0.9436227297103521
109 140 1.8471390342477205
122 140 -0.36989699244014895
122 144 4.436121480203944
39 118 0.6698459156176995
140 144 -0.4674454634335292
39 132 0.369896870073811
125 142 -0.4674454634335292
39 146 1.986327796610479
134 149 2.184051378192568
141 149 0.6010889981175147
131 133 1.1671515377428254
124 148 4.145152023550564
128 148 3.3153580262671256
145 150 -0.16377929735639296
39 144 1.3716527928075883
39 140 -0.305845384176723
39 109 0.274059332246233
147 152 -3.9184428135768994
122 152 -0.27405945275533616
133 141 1.6908566753683048
144 152 -0.14812115655181013
125 136 4.145152023550564
133 149 2.4719660016221714
80 133 3.574453703354731
125 151 2.31951701078773
39 148 1.210635526973574
136 153 3.4370554399806776
143 153 -0.4510470176203887
146 151 -0.007781779532672672
146 156 3.10674997290245
151 156 2.368217406966919
131 153 0.48390574875928927
151 155 2.5274488884529975
125 155 4.844202556684481
39 154 1.604628978813839
131 157 2.2275794437459226
153 157 1.880614156109223
4 150 -1.8806142848807943
39 156 0.38602265684584536
155 156 5.537334267018537
39 159 0.35381849771398977
148 156 4.436121480203944
39 160 0.22663210648628773
39 158 0.6872705278045488
150 163 -0.618143736811748
144 160 1.6908566753683048
158 159 2.101269714871794
4 163 0.7580154487445683
80 161 4.436121480203944
80 163 -3.43705550120135
133 162 1.8471390342477205
80 162 3.7324082779400585
131 162 0.652518806521984
147 171 -3.5744537730315336
152 171 1.6615501074318497
125 153 5.537334267018537
160 166 2.5274488884529975
39 166 -0.7940690348095123
131 153 1.9501526258096291
39 165 0.982542654754837
144 164 3.3153580262671256
39 167 1.0422550037182607
128 168 2.8534721380276795
164 171 3.9184427168471876
160 164 0.19515760538251437
162 169 0.3217949194737102
164 166 1.3959338990403656
131 169 1.8144599138640842
162 170 -0.25821891342749526
169 170 2.93164334365634
80 170 1.103724552883528
161 163 -2.7117471225450083
148 168 3.574453703354731
39 173 0.369896870073811
166 173 1.347717671142901
4 161 -1.7207670712436016
39 172 1.2551669361900215
80 174 0.9244109312539295
161 174 1.5769599644200505
156 179 5.537334267018537
170 174 1.232765242543629
128 177 3.7324082779400585
155 179 3.7324082779400585
4 174 -2.7117471225450083
39 175 1.347717671142901
148 179 3.015725255756913
173 176 -0.14812115655181013
39 176 -1.8144600365838361
39 178 1.232765242543629
172 178 2.4719660016221714
164 173 3.4370554399806776
169 174 0.8490926297285697
39 178 0.2899341161553104
39 180 1.9149341938214999
168 186 0.38602265684584536
153 183 1.72076695640305
39 177 2.5856857384930256
128 186 3.4370554399806776
148 186 3.574453703354731
131 183 3.7324082779400585
164 272 2.93164334365634
173 272 0.6872705278045488
176 272 -1.690856787854381
39 184 1.445594446330888
169 181 3.574453703354731
174 187 2.4719660016221714
174 189 -0.4674454634335292
4 189 -2.6469936768108107
39 272 -0.618143736811748
131 181 2.8534721380276795
187 189 3.015725255756913
39 182 0.2899341161553104
178 185 0.08565016394454328
147 164 -2.5856858519456853
184 272 2.184051378192568
39 185 -0.17945749696390423
182 184 2.2275794437459226
125 183 3.7324082779400585
169 187 -0.32179504083642385
164 190 0.8306197427665889
147 190 -3.2060451019615273
181 187 1.8144599138640842
39 188 0.7224263377855422
155 193 2.4719660016221714
179 193 4.436121480203944
148 197 -0.8490927706325437
179 195 -1.5769600686022973
195 197 2.646993557188065
39 192 0.982542654754837
179 191 2.31951701078773
125 193 1.445594446330888
39 184 0.7224263377855422
164 200 3.2060450031958343
39 194 -1.7825320036768968
190 200 0.5841188470777665
183 193 3.2060450031958343
191 195 1.3241144775306468
181 205 2.31951701078773
131 205 1.471006361575077
184 196 4.436121480203944
39 203 0.274059332246233
39 198 0.8677032967963991
200 272 0.8490926297285697
194 203 -1.4968294629075651
191 193 4.436121480203944
4 187 -1.371652884404361
184 201 2.2726891994400433
131 199 1.4968293639808472
148 207 -1.7825320036768968
197 207 2.31951701078773
187 205 0.33778526158074773
184 204 0.1481210376275779
201 204 0.7047961364960313
191 209 -5.53733426701854
204 272 -0.24241052705099042
39 196 2.101269714871794
195 209 -4.145152083743929
183 202 3.015725255756913
131 202 1.0221648177565306
131 202 3.4370554399806776
199 202 1.210635526973574
39 206 2.4719660016221714
191 214 -5.53733426701854
131 210 0.5336849977291656
205 210 3.2060450031958343
209 214 -0.16377929735639296
202 210 2.418966462073592
201 208 1.5769599644200505
177 216 1.5769599644200505
184 208 2.4719660016221714
128 216 1.124638707269666
204 208 0.7401648358628796
186 211 4.844202556684481
186 216 3.574453703354731
186 207 -2.0618119810484816
39 212 1.6615501074318497
208 272 0.5336849977291656
39 216 -0.9053575182618498
39 213 2.93164334365634
39 215 0.5170228985401271
190 272 -0.6525189378391278
212 215 2.31951701078773
190 218 0.6872705278045488
183 219 4.844202556684481
218 272 -0.2899342369326745
207 211 -2.5856858519456853
208 220 0.35381849771398977
184 220 -0.6872706606037844
207 230 0.8677032967963991
207 225 1.6615501074318497
214 217 0.5170228985401271
183 221 1.1457782142804072
202 221 2.646993557188065
225 230 4.436121480203944
197 225 2.93164334365634
191 217 -4.844202616288199
219 221 4.145152023550564
210 221 2.646993557188065
209 223 -4.145152083743929
214 223 -0.8490927706325437
211 230 -3.5744537730315336
217 223 -1.3008300007371676
206 213 4.436121480203944
190 227 -1.0022630255891705
212 222 2.0618119072200103
39 213 1.3716527928075883
147 227 -3.732408358890588
218 227 0.6352858046593717
215 222 2.4719660016221714
220 272 -0.7940690348095123
39 272 1.2551669361900215
39 220 -0.4184259027266788
196 220 0.1637791782871667
195 224 -4.145152083743929
209 224 1.8471390342477205
227 272 1.7825318837304605
4 205 -3.0157253387444354
39 222 0.13248100121840833
39 229 1.6615501074318497
213 229 3.7324082779400585
197 226 -0.22663222628581936
195 226 1.5230823357393546
225 226 2.2726891994400433
223 233 2.2275794437459226
210 234 2.646993557188065
224 233 -4.43612156009328
205 234 2.184051378192568
222 228 0.6698459156176995
224 226 -4.145152083743929
39 231 0.5504197869721676
39 232 1.4968293639808472
212 228 0.7940688968903633
216 238 2.93164334365634
186 238 0.9436225830949259
219 244 2.5274488884529975
210 219 0.10124748840924536
183 191 1.7513136084096503
210 244 2.5274488884529975
235 272 1.445594446330888
39 235 1.5230823357393546
39 236 0.40219817433836536
39 237 1.7513136084096503
183 239 3.574453703354731
39 228 0.1637791782871667
231 236 0.35381849771398977
211 238 3.9184427168471876
191 240 -4.145152083743929
191 239 2.2726891994400433
183 244 3.10674997290245
210 247 2.2275794437459226
205 251 -1.371652884404361
217 240 -0.305845384176723
239 244 2.8534721380276795
234 247 2.5856857384930256
4 251 1.124638707269666
241 272 1.72076695640305
39 242 0.45104689322786395
39 249 -0.9629980439232386
237 249 2.5274488884529975
223 243 0.03891301945135828
217 243 -2.5856858519456853
236 242 1.5497853865743236
39 245 1.3241144775306468
231 245 1.5769599644200505
39 250 0.38602265684584536
217 246 -2.5856858519456853
216 250 3.2060450031958343
233 243 -0.8864566941706382
243 246 -0.8122801326543725
234 248 1.9149341938214999
234 251 -1.0022630255891705
191 254 -2.7117471225450083
240 246 -2.0618119810484816
240 254 -1.5769600686022973
248 251 1.5769599644200505
39 213 3.2060450031958343
236 245 1.232765242543629
39 253 2.5856857384930256
240 252 -1.7825320036768968
250 253 3.7324082779400585
246 252 0.6010889981175147
39 236 0.8122799937741847
39 272 1.9149341938214999
252 254 0.9244109312539295
191 259 -2.7117471225450083
254 259 1.604628978813839
239 259 -2.368217501379304
39 256 1.5769599644200505
237 258 1.0221648177565306
247 255 0.982542654754837
234 255 1.4968293639808472
249 258 3.7324082779400585
248 255 1.445594446330888
39 258 1.1457782142804072
39 257 1.72076695640305
246 260 -4.145152083743929
257 258 1.604628978813839
243 260 -2.22757952790676
239 261 1.986327796610479
39 242 0.08565016394454328
251 255 0.7047961364960313
211 265 0.5004307185850176
230 265 -1.167151619412428
224 263 0.10124748840924536
226 263 -2.4719661045957224
210 255 0.38602265684584536
243 271 -0.8864566941706382
244 262 0.9629978960423582
210 262 4.145152023550564
233 271 -2.418966560561031
260 271 -4.145152083743929
252 260 -4.43612156009328
230 269 -3.9184428135768994
226 269 -4.43612156009328
263 269 -1.4968294629075651
251 264 0.8306197427665889
265 269 1.6908566753683048
255 264 0.9629978960423582
239 266 2.93164334365634
254 260 -3.9184428135768994
259 261 -2.9316434205780437
261 266 2.8534721380276795
233 270 -0.4674454634335292
270 271 -1.0022630255891705
39 250 0.982542654754837
39 216 0.652518806521984
224 270 0.8864565510992328
260 281 0.5841188470777665
254 281 -4.43612156009328
264 267 0.5336849977291656
251 267 -1.4710064589046166
242 268 0.7940688968903633
39 211 1.1671515377428254
251 275 -3.3153581355547077
4 275 -4.43612156009328
39 268 0.6010889981175147
39 265 0.03891301945135828
225 269 -5.53733426701854
239 262 -0.6698460476628039
39 277 0.48390574875928927
39 268 0.7224263377855422
39 238 1.6908566753683048
239 286 -0.8306198826413334
262 286 4.844202556684481
266 286 2.2275794437459226
263 270 0.8864565510992328
147 272 -2.6469936768108107
259 281 -4.844202616288199
210 264 -0.305845384176723
267 275 -0.16377929735639296
39 274 1.5230823357393546
39 296 1.986327796610479
39 249 -2.5274489963885465
259 303 -1.7207670712436016
4 290 -4.43612156009328
4 293 -3.0157253387444354
249 296 1.8471390342477205
39 258 -0.40219829746062086
39 258 -0.8306198826413334
261 303 -2.418966560561031
39 273 0.5504197869721676
268 273 3.7324082779400585
275 282 0.6352858046593717
4 282 -3.43705550120135
4 289 -2.368217501379304
289 290 0.10124748840924536
4 276 -2.6469936768108107
4 292 -4.43612156009328
273 277 1.6615501074318497
266 303 -4.844202616288199
276 290 -0.305845384176723
269 284 -3.0157253387444354
271 285 0.242410407030617
260 285 -3.106750063060895
282 295 1.8144599138640842
4 295 -3.5744537730315336
4 287 -2.7803933790295874
4 304 -1.751313725733529
4 283 -1.8806142848807943
4 298 -4.145152083743929
4 299 -5.53733426701854
4 305 -3.9184428135768994
4 279 -2.6469936768108107
39 284 -2.4719661045957224
281 285 -3.9184428135768994
210 267 0.7940688968903633
287 304 2.2275794437459226
283 289 -1.3959339919795308
276 298 -0.9244110766470177
298 299 -0.007781779532672672
292 305 -1.1037246319352672
39 280 1.4205758640846524
270 278 -0.722426472174637
271 278 -4.43612156009328
4 304 -3.2060451019615273
4 288 -1.0221649697100497
295 304 3.7324082779400585
283 288 1.3008299128497565
299 305 3.2060450031958343
279 292 -2.8534722097520193
39 273 1.347717671142901
279 293 -3.106750063060895
263 302 -3.2060451019615273
270 302 -4.844202616288199
275 294 3.015725255756913
272 274 0.274059332246233
269 302 -5.53733426701854
282 294 3.9184427168471876
276 291 -0.36989699244014895
39 272 2.368217406966919
4 312 -2.9316434205780437
304 312 -2.7117471225450083
267 294 -3.5744537730315336
288 312 -0.9825428039459942
279 310 -2.7803933790295874
39 296 1.6615501074318497
258 280 3.574453703354731
278 285 -4.844202616288199
281 303 -1.167151619412428
294 295 1.6615501074318497
290 291 -2.2726892867301896
292 310 -0.4839058740936957
293 310 -0.7580155848378691
278 302 -4.844202616288199
288 297 -1.690856787854381
283 297 -2.1419841365639445
305 310 1.5497853865743236
294 304 2.5856857384930256
289 300 1.8144599138640842
290 300 0.07006324471763459
290 308 0.7401648358628796
291 308 -1.083027742309897
291 306 -4.844202616288199
276 306 -1.690856787854381
298 306 0.6352858046593717
278 314 -5.53733426701854
290 301 -0.14812115655181013
293 319 -2.0618119810484816
302 314 2.4719660016221714
286 303 -5.53733426701854
210 294 -2.1419841365639445
289 297 -1.3477177614522067
300 301 -0.7580155848378691
272 307 2.101269714871794
210 325 1.2551669361900215
293 311 -2.8534722097520193
147 307 -3.2060451019615273
294 325 -2.7803933790295874
297 300 -1.042255157127819
306 308 -0.007781779532672672
310 311 3.7324082779400585
311 319 4.145152023550564
269 323 -4.43612156009328
278 324 1.0022628750411067
285 324 -3.732408358890588
284 323 1.232765242543629
302 323 -0.038913137770452355
314 318 2.31951701078773
278 318 -4.844202616288199
298 309 1.986327796610479
299 309 0.38602265684584536
210 286 2.368217406966919
297 312 -3.0157253387444354
302 326 2.93164334365634
297 327 -2.9316434205780437
300 327 0.9436225830949259
306 316 0.242410407030617
298 316 -0.14812115655181013
305 313 1.9149341938214999
323 326 2.368217406966919
272 320 0.1794573777347761
39 328 1.6908566753683048
303 336 -0.4674454634335292
286 336 -5.53733426701854
304 315 2.4719660016221714
284 328 -1.986327866288225
312 327 1.445594446330888
309 316 0.369896870073811
305 309 0.5841188470777665
310 313 0.3058452631148958
39 321 1.4968293639808472
213 322 2.2275794437459226
39 322 1.8471390342477205
301 327 -2.023524054927849
310 317 1.6328169387983074
312 315 -0.5170230248961472
290 327 -0.4510470176203887
313 317 1.6328169387983074
281 332 -0.722426472174637
318 324 -2.9316434205780437
285 332 -0.8490927706325437
304 333 -2.7117471225450083
290 329 -0.353818619728701
308 329 0.2582187931706581
316 334 0.7224263377855422
309 334 0.33778526158074773
309 331 1.0022628750411067
324 332 0.5170228985401271
304 325 -4.844202616288199
327 329 0.38602265684584536
306 329 1.7513136084096503
306 334 2.101269714871794
305 335 1.6908566753683048
313 335 1.0830275858277314
323 328 -3.9184428135768994
325 333 1.604628978813839
331 334 -0.16377929735639296
305 331 -0.007781779532672672
317 335 0.4674453385798212
39 339 1.3008299128497565
296 341 1.3959338990403656
39 341 1.124638707269666
305 337 0.4347078707200993
317 338 0.7940688968903633
310 338 1.3959338990403656
311 338 1.986327796610479
331 337 0.7401648358628796
335 338 1.232765242543629
39 340 0.6352858046593717
210 330 3.574453703354731
296 321 2.7117470592609445
286 330 3.10674997290245
319 338 1.471006361575077
320 343 1.5230823357393546
272 343 2.418966462073592
318 345 -3.3153581355547077
303 342 -2.368217501379304
336 342 -1.690856787854381
321 340 0.7047961364960313
324 345 -2.1840514594677467
335 337 0.6872705278045488
325 349 -4.43612156009328
315 333 -2.8534722097520193
272 343 1.0022628750411067
296 340 4.436121480203944
281 348 1.0221648177565306
303 348 -0.9825428039459942
342 348 -3.732408358890588
329 334 -0.4184259027266788
324 347 -2.319517101482562
325 330 -0.33778538326100627
327 344 -2.0618119810484816
329 344 -2.418966560561031
334 344 -0.722426472174637
345 347 1.1457782142804072
332 347 -3.0157253387444354
330 349 -3.732408358890588
314 345 -3.0157253387444354
333 349 -3.732408358890588
312 333 -1.4455945421327967
334 346 -0.4674454634335292
331 346 -1.914934325902037
302 345 -4.844202616288199
327 333 -2.023524054927849
327 350 -4.844202616288199
286 342 -0.6698460476628039
333 350 1.124638707269666
341 352 2.7117470592609445
39 352 1.445594446330888
39 353 1.8471390342477205
332 356 -2.22757952790676
281 356 -4.844202616288199
333 374 -1.420575958424365
337 346 -2.8534722097520193
335 346 -2.319517101482562
335 351 -4.43612156009328
347 356 -0.17945749696390423
349 374 3.7324082779400585
302 323 1.8144599138640842
348 356 -4.145152083743929
344 346 0.7759821143416219
346 351 0.33778526158074773
344 350 -3.2060451019615273
338 351 -3.3153581355547077
39 296 -0.17945749696390423
39 354 1.4968293639808472
342 357 -3.732408358890588
39 341 1.9149341938214999
348 357 1.5230823357393546
345 355 -0.22663222628581936
346 350 -3.9184428135768994
319 351 -1.847139159904398
323 362 -2.6469936768108107
350 351 -1.3959339919795308
272 354 1.6615501074318497
328 362 2.93164334365634
347 355 0.1637791782871667
272 358 -0.353818619728701
343 359 1.4205758640846524
302 355 -3.732408358890588
307 358 1.9501526258096291
350 374 -2.1840514594677467
350 360 -0.6010891274007599
272 359 -0.353818619728701
360 374 1.9149341938214999
307 368 1.4968293639808472
342 364 -2.1419841365639445
147 368 -4.145152083743929
357 364 0.7580154487445683
286 349 -2.6469936768108107
353 361 3.574453703354731
347 363 -2.418966560561031
350 365 -1.1887676261434261
351 367 -1.7825320036768968
319 367 -3.9184428135768994
39 361 1.1671515377428254
358 368 0.7940688968903633
39 352 1.5769599644200505
348 373 -2.1419841365639445
286 383 -2.9316434205780437
272 359 -1.1037246319352672
39 341 1.9149341938214999
355 363 -0.7580155848378691
356 373 -2.319517101482562
357 373 -1.847139159904398
349 383 -1.324114566604422
350 367 1.471006361575077
272 369 1.72076695640305
350 374 -4.43612156009328
358 369 1.3241144775306468
350 374 -1.1037246319352672
364 370 1.6615501074318497
39 361 1.8144599138640842
286 370 -3.732408358890588
365 374 1.103724552883528
359 366 0.8677032967963991
355 372 0.8864565510992328
39 272 0.07006324471763459
302 372 -5.53733426701854
272 376 0.2582187931706581
272 379 2.8534721380276795
39 379 0.652518806521984
370 371 1.604628978813839
286 371 -3.732408358890588
350 381 -2.5274489963885465
359 376 0.21088184704301205
364 373 -3.2060451019615273
374 383 -0.5504199144331001
374 381 1.445594446330888
341 377 0.1637791782871667
350 382 -2.8534722097520193
368 369 1.880614156109223
366 376 1.4968293639808472
339 379 3.4370554399806776
39 362 0.8122799937741847
272 375 -0.8864566941706382
39 341 0.652518806521984
39 377 -0.16377929735639296
370 373 -3.732408358890588
381 382 3.2060450031958343
323 380 2.2275794437459226
363 393 -2.1419841365639445
371 378 1.4205758640846524
286 378 -4.145152083743929
376 379 2.646993557188065
302 380 0.5170228985401271
352 384 2.2275794437459226
39 384 -0.9244110766470177
362 380 1.1671515377428254
355 393 -1.2778514672160726
272 385 1.0625402297313233
347 393 -2.5274489963885465
367 382 -4.844202616288199
367 381 -4.145152083743929
375 385 -0.11685724657693086
361 384 0.13248100121840833
371 373 -3.0157253387444354
272 368 1.3716527928075883
372 387 0.369896870073811
359 376 0.21088184704301205
355 387 0.054484828546315534
373 378 -3.106750063060895
387 393 -3.732408358890588
286 399 -3.0157253387444354
356 393 -3.9184428135768994
383 399 -0.7401649710893459
272 390 1.0022628750411067
375 390 -0.4347079946705643
373 386 0.48390574875928927
147 272 -2.8534722097520193
385 390 3.7324082779400585
359 379 -0.36989699244014895
378 386 -1.9501526936104758
272 388 -0.533685124626992
39 392 1.1671515377428254
356 395 -1.6328170469254393
383 396 0.9053573740495944
272 379 3.574453703354731
341 392 1.232765242543629
373 395 -2.4719661045957224
396 399 0.48390574875928927
339 391 2.7803933118077264
39 391 -0.27405945275533616
302 389 -4.145152083743929
372 389 -1.914934325902037
387 389 -2.023524054927849
378 394 0.6010889981175147
39 384 0.8122799937741847
386 395 -2.7117471225450083
386 394 -1.9501526936104758
380 397 0.9244109312539295
302 397 0.9053573740495944
389 397 -3.732408358890588
362 397 2.141984057957801
286 394 -2.9316434205780437
386 403 -0.867703438765498
395 403 -0.9436227297103521
394 403 -2.5856858519456853
374 396 3.9184427168471876
388 390 0.4674453385798212
272 390 2.7117470592609445
286 398 -3.5744537730315336
394 398 0.274059332246233
286 405 2.101269714871794
393 395 -4.43612156009328
398 405 -4.43612156009328
387 400 1.604628978813839
389 400 -1.751313725733529
393 400 -3.9184428135768994
362 404 2.31951701078773
39 392 0.7224263377855422
39 404 1.5497853865743236
398 403 -3.3153581355547077
395 401 0.10124748840924536
339 402 1.8471390342477205
391 402 0.41842577919951873
397 400 -2.2726892867301896
393 401 -4.43612156009328
401 403 -0.7047962700763302
397 404 0.07006324471763459
397 407 2.7117470592609445
397 408 0.10124748840924536
400 408 -2.22757952790676
407 408 -0.4184259027266788
403 406 0.03891301945135828
401 406 -1.1037246319352672
374 399 -0.7759822513321553
339 391 1.880614156109223
398 406 -4.43612156009328
404 407 1.4968293639808472
393 408 -3.5744537730315336
401 409 -2.023524054927849
406 409 1.3959338990403656
393 409 -3.5744537730315336
407 410 1.2778513804684322
408 410 -0.533685124626992
286 412 1.4968293639808472
399 412 -0.635285935274005
405 412 0.6352858046593717
398 409 -4.844202616288199
339 411 3.10674997290245
391 411 3.2060450031958343
272 339 1.5769599644200505
39 415 2.023523983245292
408 413 -2.023524054927849
404 415 4.844202556684481
410 413 0.33778526158074773
404 410 -0.3860227795812654
408 414 -1.914934325902037
374 421 2.646993557188065
272 411 0.7580154487445683
413 414 2.7117470592609445
393 414 1.0830275858277314
404 424 2.0618119072200103
410 424 -0.6872706606037844
409 419 -1.5769600686022973
398 419 -2.22757952790676
39 411 0.5170228985401271
39 416 2.646993557188065
410 418 -1.3959339919795308
409 422 -2.9316434205780437
413 418 -4.43612156009328
393 422 2.4719660016221714
392 417 3.7324082779400585
39 417 0.5672301020452246
418 424 2.184051378192568
415 416 3.4370554399806776
405 419 -4.844202616288199
399 421 -1.0625403846496646
419 422 -5.53733426701854
272 420 1.7513136084096503
39 272 1.0625402297313233
413 424 -5.53733426701854
399 405 -2.8534722097520193
415 424 1.9501526258096291
414 424 -3.43705550120135
414 425 -2.319517101482562
419 423 0.9436225830949259
405 423 -4.145152083743929
424 425 -1.5230824363372633
393 426 -0.2899342369326745
425 426 -0.7047962700763302
405 421 -4.844202616288199
272 428 0.8490926297285697
423 427 2.2726891994400433
405 427 -5.53733426701854
420 428 2.93164334365634
39 428 1.8471390342477205
424 430 4.436121480203944
415 430 4.145152023550564
422 423 -4.844202616288199
272 428 4.436121480203944
39 429 1.8471390342477205
39 432 1.9149341938214999
39 433 2.93164334365634
422 426 0.35381849771398977
423 426 -5.53733426701854
39 431 0.9053573740495944
423 435 -1.0625403846496646
426 435 -1.0221649697100497
427 435 -2.6469936768108107
39 415 3.015725255756913
426 434 0.369896870073811
421 444 3.574453703354731
425 439 -0.7759822513321553
426 439 -0.7401649710893459
421 436 4.844202556684481
424 439 -2.6469936768108107
424 441 4.436121480203944
439 441 -2.6469936768108107
421 437 4.436121480203944
437 444 2.5274488884529975
436 444 2.0618119072200103
39 438 0.5672301020452246
39 440 2.7117470592609445
434 439 -3.9184428135768994
426 443 -4.844202616288199
435 443 -0.5004308444200505
426 446 -1.8144600365838361
434 446 -0.6872706606037844
39 442 0.3058452631148958
421 447 -0.25821891342749526
405 447 -1.7825320036768968
435 448 0.3058452631148958
427 448 -4.145152083743929
421 444 3.574453703354731
405 448 -1.986327866288225
39 445 0.7401648358628796
415 532 2.646993557188065
39 532 1.5769599644200505
444 453 3.4370554399806776
421 453 2.7803933118077264
421 444 2.0618119072200103
433 450 4.844202556684481
39 450 1.2778513804684322
448 455 -1.371652884404361
405 455 -1.2778514672160726
443 448 -2.5274489963885465
39 449 1.986327796610479
439 451 -1.167151619412428
446 452 -0.40219829746062086
443 446 -5.53733426701854
441 451 1.5769599644200505
434 452 1.232765242543629
434 451 -5.53733426701854
451 452 -3.106750063060895
421 453 3.10674997290245
443 452 -4.145152083743929
424 451 0.2899341161553104
39 272 1.188767543534301
39 454 1.445594446330888
424 532 1.347717671142901
451 532 -0.19515772478657212
450 454 2.7117470592609445
440 454 2.8534721380276795
452 458 0.7224263377855422
443 458 -3.5744537730315336
448 458 -0.14812115655181013
440 532 2.646993557188065
430 532 0.023345926266394867
452 456 1.6328169387983074
405 461 0.5170228985401271
424 532 3.10674997290245
456 458 2.418966462073592
455 461 -0.13248112001244716
39 457 1.6908566753683048
447 463 0.22663210648628773
405 463 0.7047961364960313
454 532 3.015725255756913
421 463 -1.9501526936104758
452 471 -2.8534722097520193
421 459 0.8864565510992328
451 471 2.2275794437459226
453 459 1.3241144775306468
421 470 -2.1012697910023577
421 460 1.3959338990403656
374 462 2.368217406966919
463 470 0.7580154487445683
459 460 1.0625402297313233
374 465 2.7803933118077264
39 468 1.880614156109223
39 475 -0.11685724657693086
448 467 -1.371652884404361
455 467 -1.847139159904398
374 466 0.274059332246233
458 467 1.232765242543629
465 466 0.8122799937741847
459 464 1.0422550037182607
453 464 2.8534721380276795
462 466 3.574453703354731
39 469 1.0830275858277314
421 472 -1.7825320036768968
460 464 1.347717671142901
470 472 0.9244109312539295
39 474 0.369896870073811
457 474 2.368217406966919
424 477 1.0422550037182607
461 467 1.72076695640305
421 464 2.184051378192568
461 476 0.1637791782871667
405 476 -0.533685124626992
453 472 0.07006324471763459
374 473 2.418966462073592
462 465 4.844202556684481
477 532 -0.16377929735639296
471 532 0.274059332246233
452 458 0.21088184704301205
465 473 4.436121480203944
424 478 -0.8864566941706382
433 454 4.436121480203944
477 478 1.7513136084096503
421 453 3.574453703354731
39 479 -0.6698460476628039
424 480 4.436121480203944
405 481 0.242410407030617
478 480 0.48390574875928927
476 481 1.5769599644200505
462 473 3.7324082779400585
452 494 -1.083027742309897
458 494 -2.6469936768108107
462 532 0.3058452631148958
374 532 0.7047961364960313
467 494 -5.53733426701854
467 476 0.369896870073811
463 481 0.6698459156176995
473 532 1.9149341938214999
471 494 1.3241144775306468
470 483 -2.4719661045957224
463 483 -3.2060451019615273
39 488 1.188767543534301
463 485 2.023523983245292
472 486 -1.3008300007371676
453 482 4.436121480203944
479 488 0.21088184704301205
481 485 1.8144599138640842
483 485 -0.722426472174637
472 483 -0.9053575182618498
453 486 2.5274488884529975
374 532 -0.17945749696390423
483 486 0.5336849977291656
421 532 2.184051378192568
272 487 2.7803933118077264
457 493 0.023345926266394867
39 488 -0.24241052705099042
421 482 1.986327796610479
39 487 0.8122799937741847
474 493 2.8534721380276795
39 493 1.3959338990403656
467 481 0.1794573777347761
481 484 1.0625402297313233
478 532 -0.7047962700763302
467 484 1.3008299128497565
489 532 2.5856857384930256
480 532 -0.8490927706325437
39 454 2.7803933118077264
490 532 0.08565016394454328
480 490 2.0618119072200103
421 492 1.103724552883528
467 511 -5.53733426701854
467 491 -1.60462908492035
374 498 0.40219817433836536
475 488 1.6328169387983074
494 511 4.145152023550564
498 532 1.5769599644200505
467 495 -1.2551670218420983
484 495 -0.4510470176203887
485 496 1.5769599644200505
483 496 -3.106750063060895
494 532 1.604628978813839
484 485 -0.08565028243590467
492 532 1.8471390342477205
467 497 2.646993557188065
39 493 1.0830275858277314
491 497 -1.4710064589046166
491 495 0.8677032967963991
480 532 2.8534721380276795
490 532 -0.33778538326100627
485 495 0.6872705278045488
483 500 -2.5856858519456853
421 532 1.880614156109223
496 500 1.8144599138640842
272 502 3.4370554399806776
487 503 1.6615501074318497
39 503 2.4719660016221714
488 501 3.9184427168471876
499 532 0.7047961364960313
490 499 0.9629978960423582
486 500 -4.43612156009328
453 504 3.015725255756913
495 497 -0.9244110766470177
497 511 -5.53733426701854
485 497 0.7759821143416219
39 501 0.7759821143416219
499 532 0.4347078707200993
496 497 2.646993557188065
475 501 1.4968293639808472
421 453 2.368217406966919
272 508 3.7324082779400585
39 506 1.9501526258096291
496 505 -1.986327866288225
500 505 -1.690856787854381
501 510 2.5856857384930256
39 510 0.5672301020452246
499 514 2.184051378192568
500 507 -1.324114566604422
514 532 2.8534721380276795
505 507 1.880614156109223
500 512 -1.042255157127819
453 500 -5.53733426701854
507 512 2.2726891994400433
501 509 2.368217406966919
497 525 -5.53733426701854
453 517 -4.43612156009328
502 508 2.7117470592609445
475 509 0.35381849771398977
511 525 4.145152023550564
497 505 -1.371652884404361
500 517 1.188767543534301
39 493 0.274059332246233
39 521 0.7580154487445683
497 515 2.7117470592609445
505 515 -2.5856858519456853
509 510 1.8144599138640842
510 521 2.8534721380276795
493 513 3.015725255756913
39 513 0.4347078707200993
498 518 1.8144599138640842
504 517 -3.5744537730315336
493 519 1.124638707269666
39 519 0.4347078707200993
39 509 0.023345926266394867
518 532 1.1457782142804072
497 532 -4.844202616288199
500 516 0.5170228985401271
39 487 1.8471390342477205
525 532 2.418966462073592
507 515 -2.1012697910023577
512 516 0.9053573740495944
507 522 -2.5274489963885465
421 526 2.93164334365634
515 522 2.418966462073592
512 522 -2.7803933790295874
516 517 -0.25821891342749526
509 520 1.0830275858277314
497 527 -4.43612156009328
512 524 -2.4719661045957224
517 523 0.13248100121840833
509 521 1.3241144775306468
527 532 -0.9629980439232386
522 524 2.368217406966919
516 523 0.007781661256567096
453 526 2.4719660016221714
517 524 0.5504197869721676
504 524 -4.844202616288199
516 524 -1.8806142848807943
520 521 1.5769599644200505
498 532 1.7513136084096503
453 532 2.0618119072200103
515 527 -3.9184428135768994
453 524 -2.5274489963885465
502 529 2.7117470592609445
515 528 -2.7803933790295874
523 524 -2.9316434205780437
508 529 3.3153580262671256
511 532 1.986327796610479
527 528 1.9149341938214999
39 520 0.274059332246233
515 531 -2.9316434205780437
528 531 1.5230823357393546
521 530 3.3153580262671256
522 533 -2.8534722097520193
524 535 0.22663210648628773
39 521 -0.17945749696390423
531 533 1.6908566753683048
453 535 -3.2060451019615273
39 534 1.7825318837304605
524 533 -4.43612156009328
39 530 1.986327796610479
526 532 2.023523983245292
524 532 -4.844202616288199
421 536 1.347717671142901
272 529 3.10674997290245
39 530 1.5769599644200505
532 533 -0.6010891274007599
532 536 1.8144599138640842
532 535 -4.145152083743929
421 532 1.7825318837304605
528 533 0.1481210376275779
528 532 -1.083027742309897
532 537 2.141984057957801
39 272 2.2726891994400433
534 538 3.7324082779400585
39 538 0.7940688968903633
528 532 -3.43705550120135
39 539 0.5504197869721676
39 540 1.188767543534301
532 542 1.5497853865743236
528 542 -0.24241052705099042
530 539 1.8144599138640842
39 532 1.604628978813839
532 541 3.4370554399806776
39 532 1.8471390342477205
39 543 1.6908566753683048
532 544 2.93164334365634
532 546 1.7825318837304605
39 546 1.6908566753683048
39 545 0.19515760538251437
39 544 2.31951701078773
532 547 1.9501526258096291
39 548 1.4968293639808472
272 548 3.7324082779400585
532 549 1.0221648177565306
546 549 3.2060450031958343
546 550 2.8534721380276795
39 549 1.986327796610479
549 550 3.3153580262671256
39 551 1.9149341938214999
39 272 2.5856857384930256
39 552 1.2551669361900215
532 553 3.10674997290245
546 552 1.7825318837304605
546 549 2.368217406966919
546 554 2.31951701078773
549 554 1.7825318837304605
532 555 1.4968293639808472
553 555 1.7825318837304605
39 546 1.3716527928075883
272 556 3.9184427168471876
39 554 1.188767543534301
39 549 1.5769599644200505
532 557 1.0422550037182607
532 559 3.2060450031958343
544 557 2.023523983245292
549 558 2.2275794437459226
39 558 1.5497853865743236
532 544 2.101269714871794
39 560 0.40219817433836536
39 561 0.242410407030617
544 562 2.2275794437459226
532 564 2.141984057957801
39 562 0.8122799937741847
532 563 3.10674997290245
532 562 1.1457782142804072
532 565 2.7117470592609445
532 567 2.0618119072200103
39 532 0.8677032967963991
564 566 1.880614156109223
532 566 0.9436225830949259
39 569 0.6698459156176995
532 568 1.6615501074318497
272 572 3.3153580262671256
39 572 -0.8490927706325437
272 570 0.7047961364960313
39 571 1.347717671142901
39 573 0.38602265684584536
532 575 -0.8122801326543725
39 576 -0.635285935274005
532 577 0.1168571278983801
39 577 -0.21088196663715686
532 574 0.8864565510992328
559 575 -0.36989699244014895
272 581 3.574453703354731
39 579 0.1637791782871667
39 578 0.35381849771398977
272 582 2.2726891994400433
572 582 2.4719660016221714
567 580 1.2551669361900215
532 580 0.2582187931706581
532 580 0.1794573777347761
572 576 1.210635526973574
573 576 -0.22663222628581936
559 577 0.652518806521984
568 580 0.13248100121840833
147 570 0.13248100121840833
575 577 0.5672301020452246
575 580 -0.7580155848378691
570 581 -0.305845384176723
573 577 0.21088184704301205
568 575 0.2582187931706581
