MULTICUT
2 3 0.054484828546315534
0 2 -0.10124760698692858
0 4 2.418966462073592
1 4 0.7759821143416219
2 5 1.9149341938214999
0 5 -0.6698460476628039
4 7 0.7940688968903633
1 7 -0.19515772478657212
3 5 0.6698459156176995
0 7 1.3959338990403656
1 6 2.646993557188065
6 7 0.48390574875928927
1 7 -0.0544849469084292
7 8 3.574453703354731
1 8 -0.22663222628581936
1 7 0.652518806521984
5 9 1.9501526258096291
0 9 -4.145152083743929
1 14 0.5504197869721676
7 14 1.986327796610479
7 11 3.574453703354731
3 9 0.023345926266394867
11 14 2.101269714871794
3 10 1.9501526258096291
0 11 0.9244109312539295
3 12 1.7513136084096503
0 13 2.8534721380276795
9 13 -4.145152083743929
3 15 1.445594446330888
0 14 1.7825318837304605
3 16 1.6615501074318497
3 17 1.5497853865743236
3 18 1.5497853865743236
3 20 1.6908566753683048
9 20 0.4674453385798212
0 9 -3.43705550120135
3 19 1.7513136084096503
10 21 1.3008299128497565
3 21 1.188767543534301
10 19 2.7803933118077264
3 22 2.184051378192568
3 23 1.7513136084096503
21 23 0.7759821143416219
3 25 2.418966462073592
3 10 1.6328169387983074
10 26 2.4719660016221714
21 26 1.7513136084096503
3 28 1.880614156109223
3 24 1.880614156109223
23 28 0.7580154487445683
0 27 1.5769599644200505
18 24 2.646993557188065
10 29 1.1671515377428254
26 29 1.0625402297313233
9 27 -3.43705550120135
3 23 1.188767543534301
3 29 0.369896870073811
3 30 1.3241144775306468
3 21 0.5841188470777665
22 31 2.7803933118077264
3 31 0.7401648358628796
3 34 2.184051378192568
30 45 2.184051378192568
3 45 -0.038913137770452355
3 33 0.6010889981175147
3 35 2.023523983245292
3 32 1.188767543534301
25 34 4.436121480203944
21 35 2.184051378192568
31 32 2.2275794437459226
3 37 0.5672301020452246
33 37 2.2726891994400433
3 44 0.5004307185850176
44 45 1.9149341938214999
3 36 1.124638707269666
32 36 2.368217406966919
26 35 3.3153580262671256
37 44 2.2275794437459226
3 26 0.48390574875928927
3 38 0.8122799937741847
20 49 1.3959338990403656
3 45 0.2582187931706581
9 49 0.1794573777347761
3 44 0.35381849771398977
26 44 4.844202556684481
0 9 -4.43612156009328
25 39 2.101269714871794
3 39 -0.023346044556825873
34 39 2.5274488884529975
31 36 1.0221648177565306
38 39 2.141984057957801
3 49 1.6615501074318497
31 40 0.5336849977291656
3 44 1.4968293639808472
36 41 -1.0625403846496646
31 41 0.1637791782871667
34 44 3.4370554399806776
3 42 0.1794573777347761
39 44 0.8864565510992328
31 47 -1.690856787854381
40 47 1.6328169387983074
38 44 2.141984057957801
3 41 -0.5004308444200505
39 43 3.3153580262671256
3 48 1.6328169387983074
38 48 2.0618119072200103
42 45 2.023523983245292
3 26 1.72076695640305
41 47 -0.6872706606037844
0 46 1.7825318837304605
34 43 2.7803933118077264
43 44 1.6908566753683048
44 48 3.574453703354731
42 48 1.3716527928075883
9 46 -3.732408358890588
45 48 2.141984057957801
31 53 3.4370554399806776
3 53 -0.4347079946705643
0 50 3.10674997290245
31 47 0.35381849771398977
46 50 3.015725255756913
47 62 2.5856857384930256
41 55 -1.8806142848807943
3 55 -1.4455945421327967
44 45 1.880614156109223
41 62 -0.635285935274005
31 57 -1.042255157127819
55 62 3.4370554399806776
47 57 2.7117470592609445
45 51 1.6615501074318497
44 51 3.015725255756913
57 62 1.8471390342477205
3 52 -2.319517101482562
52 55 -1.2106356105583946
44 54 2.101269714871794
53 57 -3.732408358890588
44 58 2.0618119072200103
54 58 3.2060450031958343
3 56 -0.7940690348095123
52 56 0.45104689322786395
9 50 -4.145152083743929
52 62 -2.2726892867301896
26 56 -2.0618119810484816
56 62 -3.43705550120135
50 61 1.2551669361900215
0 61 1.8471390342477205
44 59 3.7324082779400585
26 60 1.2778513804684322
3 58 0.5841188470777665
49 66 2.141984057957801
9 66 0.1794573777347761
9 61 -3.9184428135768994
3 44 1.880614156109223
44 58 1.8471390342477205
26 62 -0.8490927706325437
3 66 1.4205758640846524
26 63 -0.22663222628581936
62 63 -1.1246387871621042
60 63 0.369896870073811
26 63 0.4347078707200993
44 64 2.646993557188065
63 67 -0.9825428039459942
62 67 2.184051378192568
26 65 -0.16377929735639296
59 64 3.015725255756913
44 70 1.4205758640846524
26 70 0.9629978960423582
26 71 1.6908566753683048
62 68 4.145152023550564
65 71 1.7825318837304605
67 68 0.7759821143416219
64 70 1.986327796610479
70 71 4.145152023550564
53 62 -4.844202616288199
3 69 1.8144599138640842
44 69 3.4370554399806776
63 65 1.232765242543629
63 73 -2.1419841365639445
67 73 2.7803933118077264
62 72 4.436121480203944
65 73 -0.722426472174637
68 72 4.436121480203944
53 74 -2.6469936768108107
3 74 -2.9316434205780437
3 77 -3.9184428135768994
74 77 3.3153580262671256
0 9 -3.106750063060895
59 76 1.3241144775306468
64 76 1.471006361575077
53 75 -0.2899342369326745
74 75 -2.5274489963885465
71 73 -4.145152083743929
0 78 1.9501526258096291
9 78 -3.732408358890588
3 9 -0.14812115655181013
62 75 -1.7207670712436016
44 79 1.5497853865743236
62 82 -0.22663222628581936
59 79 1.7513136084096503
76 81 3.015725255756913
71 84 -1.7825320036768968
62 83 -0.0544849469084292
75 80 1.210635526973574
59 81 1.4968293639808472
73 84 2.368217406966919
74 80 -1.2327653271421226
70 84 -1.167151619412428
82 83 1.2551669361900215
70 76 2.7803933118077264
62 80 0.40219817433836536
62 74 1.2778513804684322
79 81 0.8306197427665889
72 82 -1.324114566604422
68 86 0.7759821143416219
9 102 0.3217949194737102
72 83 -0.4674454634335292
3 102 0.9629978960423582
72 86 0.9629978960423582
79 85 -0.7047962700763302
81 85 0.8490926297285697
76 91 -1.083027742309897
81 91 0.3217949194737102
76 84 -0.9629980439232386
44 85 -1.0625403846496646
44 87 0.38602265684584536
81 90 0.4674453385798212
92 102 0.07006324471763459
9 92 2.418966462073592
3 44 1.4968293639808472
85 87 1.124638707269666
90 91 3.3153580262671256
84 91 2.141984057957801
44 88 2.8534721380276795
72 93 -1.847139159904398
83 93 2.2275794437459226
67 89 -2.368217501379304
85 90 0.22663210648628773
68 89 1.445594446330888
73 89 0.08565016394454328
44 94 -0.007781779532672672
87 94 2.023523983245292
86 97 0.1168571278983801
72 97 3.574453703354731
44 95 2.646993557188065
88 94 -0.4839058740936957
84 96 4.844202556684481
90 94 2.5274488884529975
84 89 1.445594446330888
86 89 -2.7117471225450083
62 93 -1.8806142848807943
3 74 -3.732408358890588
89 98 -1.8806142848807943
86 98 3.9184427168471876
74 100 0.5504197869721676
91 96 2.5856857384930256
62 100 1.8144599138640842
0 9 -4.43612156009328
96 103 4.145152023550564
84 103 4.145152023550564
90 99 2.646993557188065
91 99 2.418966462073592
3 95 1.3241144775306468
3 44 2.2726891994400433
84 98 0.9629978960423582
62 101 1.0830275858277314
94 99 3.3153580262671256
96 99 2.5856857384930256
88 104 2.4719660016221714
94 104 0.3217949194737102
74 106 0.35381849771398977
3 105 1.1457782142804072
100 106 0.8306197427665889
97 98 -0.5504199144331001
98 109 1.0422550037182607
97 109 5.537334267018537
74 105 -5.53733426701854
84 109 2.646993557188065
102 105 1.6615501074318497
62 107 -0.33778538326100627
101 107 0.6872705278045488
101 108 1.103724552883528
62 108 2.646993557188065
93 97 -1.914934325902037
3 88 1.3008299128497565
62 106 1.347717671142901
107 108 0.054484828546315534
62 110 -2.4719661045957224
107 110 -0.11685724657693086
92 116 1.9501526258096291
9 116 1.986327796610479
94 114 2.31951701078773
104 114 1.7825318837304605
102 116 -0.4674454634335292
84 96 4.844202556684481
107 113 -1.3959339919795308
108 113 -4.844202616288199
99 114 0.7940688968903633
110 111 -0.8864566941706382
110 112 1.103724552883528
111 112 -0.32179504083642385
112 113 -5.53733426701854
102 115 2.4719660016221714
105 115 4.436121480203944
9 117 1.9149341938214999
93 109 1.2778513804684322
116 117 1.3959338990403656
99 154 0.6698459156176995
114 154 1.880614156109223
96 154 3.10674997290245
110 112 1.5769599644200505
110 113 -4.844202616288199
104 118 2.101269714871794
114 118 0.8306197427665889
88 118 2.5856857384930256
110 120 -1.751313725733529
113 120 -0.5504199144331001
110 119 -4.145152083743929
62 119 -1.60462908492035
93 119 -3.0157253387444354
108 120 -0.8306198826413334
74 124 2.8534721380276795
105 124 -5.53733426701854
93 121 -2.4719661045957224
110 123 -2.7117471225450083
106 124 -1.60462908492035
119 121 -0.007781779532672672
119 123 -1.083027742309897
62 124 1.210635526973574
115 124 -4.844202616288199
117 132 1.8144599138640842
9 132 2.7803933118077264
120 123 3.574453703354731
121 123 2.7117470592609445
62 130 4.145152023550564
102 122 1.8471390342477205
102 134 0.1168571278983801
118 154 -0.0544849469084292
122 134 2.101269714871794
116 134 -0.4839058740936957
96 126 -3.43705550120135
84 126 -3.9184428135768994
93 125 1.124638707269666
121 125 1.445594446330888
115 122 3.2060450031958343
109 129 -0.16377929735639296
126 129 0.03891301945135828
120 127 -0.5004308444200505
108 127 0.8122799937741847
109 133 3.2060450031958343
93 128 1.2778513804684322
125 128 0.6352858046593717
96 131 -3.9184428135768994
62 127 3.2060450031958343
126 131 2.646993557188065
109 128 2.2726891994400433
123 127 0.07006324471763459
121 127 2.0618119072200103
117 134 -0.6525189378391278
121 130 1.72076695640305
125 130 -0.5170230248961472
109 125 -0.867703438765498
109 130 -0.7047962700763302
109 136 0.6181436068748636
127 130 0.242410407030617
9 137 2.7117470592609445
133 136 2.4719660016221714
132 137 2.2275794437459226
129 135 1.0221648177565306
130 172 5.537334267018537
109 135 2.5856857384930256
96 138 -0.25821891342749526
131 138 1.188767543534301
126 135 -3.43705550120135
109 141 3.574453703354731
130 141 -2.7117471225450083
132 134 -0.5841189757308616
131 135 -5.53733426701854
130 145 1.6328169387983074
88 154 -0.36989699244014895
145 172 4.145152023550564
62 145 3.7324082779400585
115 134 3.10674997290245
138 154 -2.1012697910023577
62 115 -5.53733426701854
131 139 -3.43705550120135
135 139 0.5004307185850176
3 147 1.986327796610479
88 147 1.471006361575077
146 154 -1.751313725733529
138 146 1.9501526258096291
131 143 -1.167151619412428
139 143 1.3241144775306468
135 136 -0.17945749696390423
135 140 -0.11685724657693086
133 141 2.7117470592609445
135 142 -3.106750063060895
130 144 -0.6698460476628039
144 172 4.844202556684481
140 142 0.8490926297285697
141 144 1.9149341938214999
139 142 -1.0625403846496646
136 149 1.124638707269666
138 143 -0.8122801326543725
133 149 3.10674997290245
3 88 0.8490926297285697
139 148 -0.9053575182618498
142 148 0.5504197869721676
154 162 -4.844202616288199
152 154 3.9184427168471876
88 162 3.10674997290245
146 152 0.8677032967963991
134 137 -0.6010891274007599
138 152 -0.7401649710893459
143 148 -2.5856858519456853
136 140 -1.2778514672160726
138 154 0.1637791782871667
143 150 -3.0157253387444354
143 154 3.015725255756913
148 150 1.1671515377428254
143 153 -2.5274489963885465
148 151 0.2582187931706581
142 151 -0.22663222628581936
142 155 -2.0618119810484816
140 155 -5.53733426701854
150 153 1.0221648177565306
151 155 -2.9316434205780437
134 158 2.4719660016221714
115 158 3.015725255756913
88 159 2.2726891994400433
3 159 1.72076695640305
150 151 -0.22663222628581936
150 156 0.7940688968903633
151 156 0.6698459156176995
143 160 0.8306197427665889
140 161 -0.4674454634335292
153 160 0.2899341161553104
155 161 -3.0157253387444354
62 172 3.7324082779400585
151 157 0.2899341161553104
156 157 0.369896870073811
153 156 -0.4839058740936957
155 157 -5.53733426701854
136 161 2.4719660016221714
153 163 0.1637791782871667
156 163 -1.4455945421327967
143 165 0.9436225830949259
134 176 2.31951701078773
137 176 -0.2899342369326745
154 165 0.41842577919951873
154 164 3.4370554399806776
164 165 1.210635526973574
160 165 1.8144599138640842
160 163 -0.14812115655181013
157 163 0.38602265684584536
155 167 -1.4710064589046166
159 162 0.41842577919951873
157 167 -3.0157253387444354
161 167 2.0618119072200103
133 136 2.93164334365634
160 166 -1.690856787854381
163 166 -1.9501526936104758
163 169 -2.8534722097520193
165 166 -1.690856787854381
166 169 2.7117470592609445
157 171 -1.6615502176829433
163 171 -1.986327866288225
167 171 3.574453703354731
164 168 2.5274488884529975
165 168 1.7825318837304605
169 171 -0.7940690348095123
62 158 -5.53733426701854
166 170 -0.867703438765498
168 170 0.19515760538251437
159 173 -5.53733426701854
162 173 -5.53733426701854
133 178 1.232765242543629
141 178 0.2899341161553104
141 174 3.3153580262671256
169 170 -1.8806142848807943
174 178 1.8144599138640842
141 172 1.5230823357393546
170 171 1.7513136084096503
136 167 3.9184427168471876
164 177 0.242410407030617
134 137 -0.618143736811748
168 177 -0.36989699244014895
154 177 2.93164334365634
172 174 1.8471390342477205
162 175 1.2778513804684322
154 175 -4.43612156009328
136 171 2.7803933118077264
170 177 0.35381849771398977
136 170 2.2275794437459226
136 177 3.3153580262671256
173 175 -5.53733426701854
173 181 0.7940688968903633
159 181 -5.53733426701854
173 179 3.015725255756913
174 180 -1.2327653271421226
172 180 -0.8306198826413334
173 183 0.1168571278983801
173 182 -0.5170230248961472
172 184 3.4370554399806776
181 183 0.5672301020452246
175 182 0.7401648358628796
180 184 1.8144599138640842
137 192 -0.305845384176723
154 182 -2.0618119810484816
134 192 3.10674997290245
177 197 3.9184427168471876
154 197 3.4370554399806776
174 184 2.2275794437459226
179 183 -0.9436227297103521
183 185 1.9149341938214999
182 187 0.1794573777347761
179 185 -1.0022630255891705
173 187 -1.1457782950449733
181 185 -0.8306198826413334
181 186 1.2551669361900215
173 190 -0.8122801326543725
187 190 0.8122799937741847
185 186 -0.6010891274007599
185 188 1.6615501074318497
179 188 -1.1246387871621042
3 181 -3.2060451019615273
62 191 2.93164334365634
3 186 -3.3153581355547077
173 188 -2.5274489963885465
186 189 1.6615501074318497
185 189 -1.5230824363372633
188 189 -1.690856787854381
3 189 -4.145152083743929
9 192 0.13248100121840833
62 194 -3.9184428135768994
158 194 -4.844202616288199
134 194 -5.53733426701854
191 194 -2.7117471225450083
187 196 -1.0022630255891705
182 196 -1.371652884404361
182 193 0.8864565510992328
154 193 -0.8490927706325437
133 174 -0.4184259027266788
174 198 3.4370554399806776
134 201 -4.43612156009328
190 196 -4.145152083743929
133 198 2.4719660016221714
194 201 -1.5769600686022973
193 197 -1.914934325902037
193 196 -2.9316434205780437
188 195 1.5497853865743236
173 195 -2.6469936768108107
136 184 1.0022628750411067
191 366 -0.4184259027266788
62 366 4.145152023550564
194 366 -2.5274489963885465
136 172 0.6010889981175147
172 202 3.9184427168471876
189 200 0.982542654754837
173 200 0.8490926297285697
193 199 0.7940688968903633
195 200 -0.32179504083642385
197 199 -3.2060451019615273
136 174 -0.4674454634335292
196 199 -2.22757952790676
136 202 4.436121480203944
201 204 -5.53733426701854
134 204 -3.732408358890588
192 204 -4.43612156009328
192 203 3.3153580262671256
9 203 -1.042255157127819
201 366 -1.8806142848807943
192 208 -1.0625403846496646
3 200 -4.145152083743929
204 208 -2.6469936768108107
136 198 -0.10124760698692858
203 238 0.5004307185850176
9 238 -3.3153581355547077
203 208 -0.4674454634335292
190 205 3.7324082779400585
196 205 -3.0157253387444354
133 136 -0.7580155848378691
204 366 -5.53733426701854
199 206 -2.22757952790676
9 221 -4.844202616288199
196 206 -1.1887676261434261
221 238 2.4719660016221714
62 207 0.40219817433836536
205 206 1.188767543534301
172 207 0.38602265684584536
133 215 -0.8306198826413334
204 209 -3.5744537730315336
208 209 0.982542654754837
136 215 3.7324082779400585
173 205 -0.4674454634335292
177 213 4.844202556684481
136 213 4.844202556684481
204 210 -4.844202616288199
209 210 1.3716527928075883
204 211 -4.145152083743929
203 214 -3.9184428135768994
210 211 0.242410407030617
208 214 -3.9184428135768994
205 212 -0.14812115655181013
173 212 1.7513136084096503
136 172 1.347717671142901
208 216 -4.43612156009328
177 199 -2.5274489963885465
214 216 2.646993557188065
207 218 1.9149341938214999
62 218 1.5769599644200505
206 212 -1.2327653271421226
199 212 -3.5744537730315336
224 366 3.10674997290245
204 224 -3.732408358890588
209 219 -4.145152083743929
203 223 -1.2327653271421226
216 219 2.7117470592609445
214 223 -3.3153581355547077
223 238 -0.7940690348095123
210 219 -5.53733426701854
200 212 -0.038913137770452355
211 224 -2.4719661045957224
200 217 0.5672301020452246
212 220 0.2582187931706581
3 217 -3.5744537730315336
200 220 0.22663210648628773
211 219 -4.844202616288199
211 225 -4.43612156009328
219 225 3.015725255756913
217 220 -1.4968294629075651
172 222 5.537334267018537
207 227 1.3008299128497565
218 234 1.7825318837304605
62 234 1.8471390342477205
136 177 3.7324082779400585
207 222 0.4674453385798212
218 227 -0.023346044556825873
199 232 -0.7580155848378691
177 232 -0.007781779532672672
218 231 2.7803933118077264
211 228 -3.9184428135768994
231 234 3.7324082779400585
225 228 3.2060450031958343
216 223 -3.9184428135768994
216 229 -3.732408358890588
223 229 1.445594446330888
227 231 0.35381849771398977
219 229 -3.9184428135768994
220 226 -0.32179504083642385
219 230 -4.844202616288199
229 230 1.210635526973574
217 226 1.880614156109223
234 366 2.7117470592609445
223 240 -3.732408358890588
238 240 -4.844202616288199
212 232 0.7047961364960313
136 232 -1.7207670712436016
3 236 1.0422550037182607
217 236 -4.844202616288199
219 235 -5.53733426701854
226 236 -5.53733426701854
230 235 1.103724552883528
219 237 -5.53733426701854
225 237 -5.53733426701854
235 237 2.31951701078773
136 233 2.141984057957801
207 241 0.35381849771398977
227 241 2.8534721380276795
225 239 -5.53733426701854
212 226 1.0422550037182607
172 233 3.3153580262671256
224 228 -3.5744537730315336
237 239 1.9149341938214999
223 242 -4.844202616288199
238 248 -0.8306198826413334
240 242 2.5274488884529975
240 248 -4.145152083743929
222 243 -0.7047962700763302
207 243 0.13248100121840833
229 242 -3.106750063060895
230 244 -5.53733426701854
229 244 -3.43705550120135
228 239 -5.53733426701854
242 244 2.7117470592609445
136 251 -0.7940690348095123
233 251 2.2275794437459226
228 245 -5.53733426701854
239 245 1.6328169387983074
222 233 1.210635526973574
230 247 -4.844202616288199
244 247 3.10674997290245
233 246 1.4968293639808472
241 243 0.6698459156176995
235 247 -3.732408358890588
3 250 1.7513136084096503
236 250 1.986327796610479
235 249 -4.43612156009328
222 246 0.35381849771398977
237 249 -4.43612156009328
247 249 2.7117470592609445
3 232 -3.732408358890588
224 252 -3.2060451019615273
228 252 -4.844202616288199
227 234 0.07006324471763459
245 252 0.8490926297285697
239 249 -4.43612156009328
239 253 -3.9184428135768994
246 251 0.7759821143416219
249 253 2.646993557188065
239 254 -4.145152083743929
212 236 -5.53733426701854
243 246 -0.5504199144331001
253 254 2.646993557188065
136 256 -1.7207670712436016
251 256 1.880614156109223
239 255 -4.145152083743929
242 248 -5.53733426701854
3 212 -3.9184428135768994
243 251 0.6010889981175147
254 255 2.646993557188065
3 136 -4.844202616288199
245 255 -3.43705550120135
245 258 -3.5744537730315336
244 248 -5.53733426701854
255 258 3.7324082779400585
243 257 0.4347078707200993
241 257 3.574453703354731
244 259 -5.53733426701854
248 263 -4.844202616288199
238 263 -3.732408358890588
3 236 1.3241144775306468
248 259 2.0618119072200103
251 257 1.5230823357393546
244 260 -4.844202616288199
247 260 -3.9184428135768994
259 260 2.5274488884529975
247 262 -3.732408358890588
252 258 -4.43612156009328
260 262 2.368217406966919
252 265 -0.3860227795812654
224 265 0.274059332246233
249 262 -3.732408358890588
136 261 2.418966462073592
249 264 -4.844202616288199
256 261 1.471006361575077
262 264 1.880614156109223
258 265 -2.319517101482562
238 274 -0.8864566941706382
253 264 -4.43612156009328
263 274 -4.43612156009328
254 264 -4.43612156009328
256 257 -2.7803933790295874
254 266 -2.9316434205780437
255 266 -2.9316434205780437
264 266 2.2726891994400433
234 241 0.982542654754837
248 267 -4.844202616288199
258 266 -4.145152083743929
263 267 2.7117470592609445
258 270 -4.43612156009328
248 271 -4.844202616288199
266 270 1.8144599138640842
267 271 2.5856857384930256
261 268 0.4674453385798212
234 269 4.436121480203944
248 272 -4.844202616288199
271 272 2.5856857384930256
136 268 -0.038913137770452355
234 276 -0.07006336313715722
276 366 2.93164334365634
248 273 -4.844202616288199
257 261 -1.60462908492035
269 276 3.3153580262671256
272 273 2.5856857384930256
261 290 -0.40219829746062086
241 275 -1.371652884404361
234 275 2.8534721380276795
248 277 -3.9184428135768994
257 290 0.2582187931706581
259 277 -3.3153581355547077
273 277 2.8534721380276795
259 279 -2.8534722097520193
265 270 -1.167151619412428
260 279 -3.3153581355547077
277 279 2.7803933118077264
260 280 -3.106750063060895
262 280 -3.43705550120135
279 280 2.7117470592609445
265 284 -0.038913137770452355
262 282 -3.5744537730315336
263 281 -5.53733426701854
270 284 0.5672301020452246
280 282 3.015725255756913
274 281 1.8471390342477205
257 278 2.7803933118077264
262 285 -4.145152083743929
282 285 2.7117470592609445
263 286 -5.53733426701854
278 290 1.0221648177565306
264 285 -5.53733426701854
281 286 2.141984057957801
268 290 -1.6615502176829433
241 283 -1.8144600365838361
275 283 1.347717671142901
264 289 -4.145152083743929
285 289 2.7117470592609445
263 288 -4.145152083743929
257 283 -1.7825320036768968
286 288 2.184051378192568
257 287 -2.22757952790676
283 287 1.880614156109223
266 289 -3.9184428135768994
274 297 -4.43612156009328
238 297 -5.53733426701854
270 293 -4.145152083743929
289 293 3.015725255756913
267 288 -2.9316434205780437
257 291 -3.3153581355547077
287 291 1.72076695640305
267 292 -2.6469936768108107
271 292 -3.43705550120135
288 292 1.6908566753683048
270 296 -4.145152083743929
293 296 2.31951701078773
271 294 -4.145152083743929
136 290 4.436121480203944
272 294 -4.145152083743929
292 294 1.8144599138640842
270 298 -4.43612156009328
296 298 2.646993557188065
224 284 -1.5230824363372633
273 294 -4.145152083743929
270 299 -4.43612156009328
298 299 3.2060450031958343
277 294 -4.43612156009328
136 278 -1.5769600686022973
234 257 -2.6469936768108107
234 283 1.103724552883528
234 295 3.9184427168471876
234 291 3.10674997290245
279 294 -4.43612156009328
281 297 -4.43612156009328
234 287 1.3959338990403656
269 304 4.844202556684481
276 304 1.604628978813839
238 308 -1.0221649697100497
136 234 3.10674997290245
280 294 -4.844202616288199
286 297 -5.53733426701854
297 308 -4.145152083743929
280 300 -3.9184428135768994
284 299 -5.53733426701854
282 300 -3.43705550120135
294 300 2.2275794437459226
282 301 -3.5744537730315336
304 366 2.418966462073592
285 301 -4.145152083743929
300 301 2.418966462073592
288 297 -4.43612156009328
3 302 -3.9184428135768994
136 302 -3.3153581355547077
234 304 -0.5841189757308616
285 303 -4.43612156009328
301 303 2.141984057957801
284 314 -0.33778538326100627
224 314 1.604628978813839
289 303 -4.145152083743929
292 297 -4.145152083743929
289 305 -3.3153581355547077
292 306 -4.145152083743929
303 305 2.2275794437459226
297 306 2.7117470592609445
289 307 -3.732408358890588
305 307 1.880614156109223
294 306 -4.844202616288199
289 309 -3.5744537730315336
295 304 -0.7401649710893459
299 314 -1.5230824363372633
293 309 -2.7803933790295874
307 309 1.986327796610479
293 310 -2.7803933790295874
294 311 -4.43612156009328
296 310 -3.5744537730315336
309 310 2.0618119072200103
306 311 2.93164334365634
136 336 4.436121480203944
296 312 -3.732408358890588
298 312 -3.732408358890588
310 312 1.9149341938214999
298 313 -3.3153581355547077
299 313 -5.53733426701854
312 313 1.880614156109223
299 315 -4.844202616288199
297 316 -4.43612156009328
313 315 2.2726891994400433
308 316 1.7825318837304605
234 304 0.7401648358628796
297 318 -4.844202616288199
316 318 2.2275794437459226
302 317 -4.844202616288199
136 317 -2.5856858519456853
299 319 -5.53733426701854
300 320 -3.5744537730315336
315 319 1.8144599138640842
311 320 3.10674997290245
301 320 -3.3153581355547077
297 321 -4.43612156009328
318 321 2.184051378192568
303 323 -3.9184428135768994
297 322 -5.53733426701854
308 325 -4.844202616288199
238 325 -4.844202616288199
320 323 2.93164334365634
321 322 1.880614156109223
314 319 -0.5504199144331001
306 322 -3.732408358890588
305 323 -3.5744537730315336
306 324 -4.145152083743929
322 324 1.6328169387983074
307 323 -4.43612156009328
309 323 -5.53733426701854
311 324 -3.5744537730315336
310 323 -4.844202616288199
311 326 -4.43612156009328
324 326 1.8471390342477205
312 323 -3.43705550120135
312 327 -2.1840514594677467
313 327 -3.106750063060895
323 327 3.10674997290245
316 325 -3.9184428135768994
317 332 -1.0221649697100497
136 337 -2.8534722097520193
304 336 2.646993557188065
313 330 -2.7803933790295874
311 328 -4.43612156009328
316 329 -2.7117471225450083
238 339 -0.618143736811748
302 332 -2.319517101482562
317 337 -3.0157253387444354
315 330 -3.5744537730315336
327 330 2.418966462073592
326 328 1.5769599644200505
318 329 -3.106750063060895
325 329 2.368217406966919
325 339 -3.732408358890588
315 333 -3.732408358890588
318 331 -4.43612156009328
336 337 -5.53733426701854
319 333 -5.53733426701854
330 333 2.368217406966919
321 331 -3.732408358890588
329 331 2.5274488884529975
321 334 -3.3153581355547077
332 337 -1.7825320036768968
320 328 -4.145152083743929
322 334 -3.43705550120135
331 334 2.4719660016221714
136 304 5.537334267018537
322 335 -4.844202616288199
336 366 1.72076695640305
324 335 -4.43612156009328
334 335 2.31951701078773
323 328 -5.53733426701854
224 319 -1.6615502176829433
326 335 -4.145152083743929
224 343 1.72076695640305
326 338 -5.53733426701854
319 343 -0.16377929735639296
335 338 2.8534721380276795
3 345 -1.9501526936104758
323 340 -4.43612156009328
302 345 -3.9184428135768994
328 340 2.7117470592609445
323 341 -4.844202616288199
325 342 -4.43612156009328
340 341 2.4719660016221714
339 342 2.023523983245292
328 338 -5.53733426701854
327 341 -4.145152083743929
332 344 0.5336849977291656
329 342 -4.145152083743929
302 344 -0.8490927706325437
330 341 -4.145152083743929
331 342 -4.844202616288199
337 344 -1.5230824363372633
333 343 -5.53733426701854
333 341 -4.844202616288199
334 342 -4.844202616288199
335 342 -5.53733426701854
339 346 -3.732408358890588
238 346 -4.145152083743929
338 340 -4.844202616288199
340 347 -3.732408358890588
341 347 -4.145152083743929
338 347 2.418966462073592
338 342 -4.844202616288199
333 349 -5.53733426701854
341 349 1.8144599138640842
341 348 -3.106750063060895
347 348 2.2726891994400433
238 338 -5.53733426701854
238 342 -3.0157253387444354
304 350 2.5856857384930256
304 336 1.2551669361900215
342 346 -1.60462908492035
345 352 -0.533685124626992
302 352 -4.844202616288199
345 353 -2.4719661045957224
336 355 2.93164334365634
3 353 -3.9184428135768994
352 353 -2.1012697910023577
336 350 3.7324082779400585
355 366 4.436121480203944
336 351 -1.7825320036768968
338 358 -5.53733426701854
238 358 2.8534721380276795
348 358 -4.844202616288199
347 358 -4.844202616288199
337 351 -4.43612156009328
348 349 -4.844202616288199
349 358 -0.11685724657693086
351 354 1.604628978813839
336 354 -3.106750063060895
354 356 1.232765242543629
336 356 -4.145152083743929
337 357 2.7803933118077264
351 357 -4.844202616288199
349 360 0.2582187931706581
354 357 -5.53733426701854
333 360 -2.5856858519456853
224 359 0.41842577919951873
343 359 0.982542654754837
343 361 -0.023346044556825873
344 357 -1.8144600365838361
356 357 -5.53733426701854
333 361 -2.6469936768108107
224 364 1.6328169387983074
359 364 1.8471390342477205
359 361 -2.319517101482562
358 360 -2.5274489963885465
336 363 -5.53733426701854
336 366 3.4370554399806776
333 365 -2.023524054927849
356 363 1.986327796610479
361 365 0.2582187931706581
360 365 0.9053573740495944
344 362 0.7580154487445683
357 362 -2.7803933790295874
302 362 -0.867703438765498
336 371 -1.8144600365838361
363 371 -2.418966560561031
359 370 -2.5856858519456853
361 370 -3.5744537730315336
360 373 -1.6328170469254393
364 370 -5.53733426701854
353 376 1.8471390342477205
357 368 3.574453703354731
356 368 -4.844202616288199
336 369 2.418966462073592
366 369 3.2060450031958343
3 376 -3.43705550120135
363 368 -5.53733426701854
365 373 -3.106750063060895
358 373 -3.43705550120135
362 367 1.0022628750411067
357 367 -2.319517101482562
302 367 -1.042255157127819
336 372 -1.083027742309897
371 372 0.652518806521984
367 368 -2.7803933790295874
361 373 -4.43612156009328
3 377 -3.106750063060895
336 374 2.2726891994400433
358 381 -4.43612156009328
366 374 2.93164334365634
373 381 1.6328169387983074
352 375 1.5230823357393546
302 375 -4.43612156009328
376 377 2.2275794437459226
352 376 -2.368217501379304
370 373 0.3217949194737102
375 376 -0.9053575182618498
371 378 -1.2327653271421226
372 378 -4.844202616288199
364 373 -4.844202616288199
369 372 -3.43705550120135
336 366 2.5856857384930256
369 382 -3.9184428135768994
363 378 -4.844202616288199
372 382 0.8490926297285697
366 382 -2.7117471225450083
363 379 1.2778513804684322
378 379 -3.9184428135768994
378 382 -5.53733426701854
378 380 1.210635526973574
380 382 -5.53733426701854
377 391 -2.5856858519456853
368 383 2.2726891994400433
363 383 -3.3153581355547077
3 391 -1.083027742309897
379 383 -4.145152083743929
376 386 0.13248100121840833
375 386 1.7513136084096503
3 390 0.9436225830949259
373 384 3.3153580262671256
390 391 1.7825318837304605
364 384 -5.53733426701854
377 387 -3.43705550120135
376 387 -2.5274489963885465
379 385 1.9149341938214999
378 385 -3.43705550120135
386 387 -1.847139159904398
380 385 -5.53733426701854
387 391 1.5497853865743236
383 385 -4.844202616288199
367 383 -4.844202616288199
381 388 2.7117470592609445
358 388 -4.43612156009328
302 386 -2.368217501379304
238 388 -5.53733426701854
386 389 1.72076695640305
302 389 -3.732408358890588
382 401 1.6908566753683048
366 401 -0.36989699244014895
380 392 2.5856857384930256
382 392 -5.53733426701854
373 396 -4.145152083743929
381 396 -3.5744537730315336
373 397 -3.5744537730315336
384 397 -5.53733426701854
396 397 2.368217406966919
387 394 -2.1840514594677467
386 394 -1.0625403846496646
385 393 2.5274488884529975
380 393 -5.53733426701854
389 394 -1.3477177614522067
388 396 -4.844202616288199
383 393 -4.844202616288199
393 395 2.5274488884529975
380 395 -4.43612156009328
392 395 -3.732408358890588
3 391 1.210635526973574
3 387 -1.1037246319352672
389 398 0.7940688968903633
302 398 -3.9184428135768994
395 399 2.023523983245292
392 404 1.8144599138640842
392 399 -4.145152083743929
382 404 -5.53733426701854
396 402 1.2551669361900215
388 402 -3.9184428135768994
394 398 -0.722426472174637
383 395 -5.53733426701854
401 404 -5.53733426701854
224 400 3.10674997290245
3 394 -3.2060451019615273
364 400 3.9184427168471876
383 403 2.368217406966919
395 403 -4.145152083743929
399 403 -4.844202616288199
366 407 1.0221648177565306
401 407 -1.2327653271421226
399 405 2.418966462073592
392 405 -3.43705550120135
224 407 1.103724552883528
388 406 2.2275794437459226
238 406 -5.53733426701854
404 405 -4.844202616288199
224 401 -0.21088196663715686
397 411 -3.2060451019615273
402 408 1.232765242543629
388 408 -5.53733426701854
367 403 -3.9184428135768994
384 411 -1.4968294629075651
397 402 -1.1246387871621042
406 408 -4.43612156009328
397 413 -3.43705550120135
402 413 -2.7117471225450083
3 398 -1.4710064589046166
403 405 -4.844202616288199
411 413 -0.40219829746062086
405 409 1.7825318837304605
404 409 -5.53733426701854
401 412 -3.732408358890588
404 412 -4.43612156009328
408 413 -5.53733426701854
408 410 1.7825318837304605
403 409 -5.53733426701854
406 410 -3.9184428135768994
302 416 -4.145152083743929
367 416 -1.8806142848807943
398 421 -0.9629980439232386
3 421 -2.5274489963885465
302 421 -1.5230824363372633
403 416 -4.844202616288199
410 413 -5.53733426701854
302 418 -4.43612156009328
416 418 1.8144599138640842
412 428 -3.9184428135768994
401 428 -5.53733426701854
413 415 2.368217406966919
410 415 -4.844202616288199
410 414 1.3008299128497565
406 414 -4.145152083743929
302 420 -3.9184428135768994
418 420 2.4719660016221714
409 417 1.3008299128497565
404 417 -4.43612156009328
410 419 -5.53733426701854
420 421 2.7803933118077264
415 419 2.418966462073592
414 419 -5.53733426701854
224 428 -5.53733426701854
411 415 -2.6469936768108107
403 424 3.4370554399806776
411 425 0.242410407030617
238 422 -2.7803933790295874
416 424 -3.2060451019615273
415 425 -4.145152083743929
406 422 -0.19515772478657212
224 432 -5.53733426701854
403 417 -1.9501526936104758
428 432 2.8534721380276795
419 425 -3.9184428135768994
416 427 -3.5744537730315336
424 427 3.3153580262671256
384 425 -4.145152083743929
238 426 -2.8534722097520193
422 426 1.6908566753683048
416 429 -4.43612156009328
427 429 3.015725255756913
414 423 1.7513136084096503
406 423 -3.0157253387444354
422 423 -1.986327866288225
416 431 -4.43612156009328
429 431 2.4719660016221714
416 433 -4.145152083743929
418 433 -2.8534722097520193
431 433 2.368217406966919
418 436 -3.9184428135768994
433 436 3.10674997290245
423 426 -1.5497854889223055
418 438 -4.145152083743929
403 439 -3.3153581355547077
417 439 -0.7940690348095123
417 434 2.141984057957801
404 434 -5.53733426701854
224 437 -4.844202616288199
423 430 2.368217406966919
436 438 2.7803933118077264
434 439 2.7803933118077264
432 437 -4.844202616288199
419 423 -5.53733426701854
426 430 -0.7401649710893459
418 440 -4.43612156009328
425 435 0.35381849771398977
420 440 -3.5744537730315336
438 440 2.7117470592609445
419 435 -4.844202616288199
420 443 -3.43705550120135
403 445 -5.53733426701854
439 445 2.368217406966919
421 443 -3.0157253387444354
440 443 2.7117470592609445
424 445 -4.844202616288199
421 444 -4.43612156009328
443 444 2.368217406966919
384 435 -4.844202616288199
419 430 -5.53733426701854
437 452 -0.22663222628581936
224 452 -5.53733426701854
435 442 1.347717671142901
419 442 -5.53733426701854
437 441 0.9436225830949259
224 447 3.9184427168471876
426 446 0.41842577919951873
430 446 2.4719660016221714
238 446 0.274059332246233
424 449 -3.43705550120135
434 454 -3.5744537730315336
404 454 2.7117470592609445
427 449 -2.6469936768108107
445 449 2.31951701078773
384 442 -4.844202616288199
427 451 -3.5744537730315336
442 448 0.6698459156176995
419 448 -5.53733426701854
429 451 -3.732408358890588
449 451 2.7117470592609445
429 453 -3.5744537730315336
441 450 0.652518806521984
437 450 0.07006324471763459
431 453 -3.3153581355547077
451 453 2.368217406966919
432 441 -4.844202616288199
447 452 -5.53733426701854
431 455 -3.106750063060895
428 458 -4.145152083743929
433 455 -2.5274489963885465
453 455 2.418966462073592
432 458 -5.53733426701854
450 452 -3.5744537730315336
384 448 -5.53733426701854
433 456 -2.8534722097520193
434 457 -4.844202616288199
454 457 3.574453703354731
3 444 -3.43705550120135
436 456 -2.9316434205780437
455 456 2.184051378192568
439 457 -3.9184428135768994
419 446 -5.53733426701854
436 459 -3.43705550120135
439 460 -4.844202616288199
457 460 2.93164334365634
412 462 0.7047961364960313
428 462 -3.106750063060895
438 459 -3.732408358890588
456 459 2.418966462073592
458 462 0.03891301945135828
438 461 -3.732408358890588
440 461 -3.3153581355547077
459 461 2.184051378192568
432 450 -3.732408358890588
440 465 -3.5744537730315336
443 465 -3.5744537730315336
461 465 2.31951701078773
443 467 -5.53733426701854
447 463 -1.914934325902037
447 464 -0.9629980439232386
224 464 -1.2778514672160726
444 467 -2.8534722097520193
465 467 2.0618119072200103
445 460 -3.732408358890588
463 464 -2.22757952790676
445 469 -5.53733426701854
224 466 0.7047961364960313
364 475 3.10674997290245
460 469 3.4370554399806776
452 463 -4.844202616288199
464 466 0.4347078707200993
384 475 -5.53733426701854
404 474 -5.53733426701854
412 474 0.054484828546315534
452 471 0.7224263377855422
463 471 -3.3153581355547077
3 467 -2.368217501379304
400 475 1.604628978813839
448 468 0.9629978960423582
449 469 -3.732408358890588
419 468 -4.43612156009328
449 476 -3.2060451019615273
412 477 -0.0544849469084292
419 473 2.368217406966919
451 476 -3.5744537730315336
469 476 3.574453703354731
474 477 -1.1457782950449733
462 477 -1.7207670712436016
450 471 -0.5170230248961472
446 473 -5.53733426701854
451 478 -3.9184428135768994
464 470 -0.7759822513321553
453 478 -3.9184428135768994
476 478 2.93164334365634
454 474 -4.145152083743929
463 470 0.45104689322786395
400 466 0.4674453385798212
453 480 -3.732408358890588
454 483 -3.5744537730315336
462 488 0.8306197427665889
458 488 -2.2726892867301896
468 472 1.986327796610479
419 472 -4.145152083743929
455 480 -3.3153581355547077
478 480 3.015725255756913
474 483 2.31951701078773
466 470 -2.023524054927849
384 468 -4.43612156009328
455 482 -3.3153581355547077
456 482 -3.43705550120135
480 482 2.8534721380276795
457 483 -3.732408358890588
456 485 -3.5744537730315336
457 486 -3.732408358890588
483 486 2.418966462073592
450 481 -2.22757952790676
463 484 -2.9316434205780437
459 485 -3.732408358890588
482 485 2.8534721380276795
460 486 -5.53733426701854
432 481 0.1168571278983801
471 484 1.5497853865743236
384 472 -4.145152083743929
461 485 -3.3153581355547077
472 479 1.6908566753683048
419 479 -4.145152083743929
470 484 -1.371652884404361
473 479 -5.53733426701854
465 489 -4.844202616288199
461 489 -4.145152083743929
460 490 -4.844202616288199
485 489 2.31951701078773
486 490 2.93164334365634
471 481 0.2899341161553104
467 489 -3.9184428135768994
470 487 -4.145152083743929
477 488 -4.145152083743929
384 479 -5.53733426701854
469 490 -5.53733426701854
466 487 -5.53733426701854
458 481 -5.53733426701854
484 487 -0.9436227297103521
400 487 -5.53733426701854
238 473 -4.844202616288199
481 491 2.418966462073592
471 491 -0.07006336313715722
484 491 -2.9316434205780437
474 494 -2.5856858519456853
477 494 -5.53733426701854
238 501 2.4719660016221714
473 501 -5.53733426701854
483 492 0.8864565510992328
474 492 0.7047961364960313
484 493 0.1637791782871667
492 494 -0.22663222628581936
487 493 -5.53733426701854
476 490 -4.43612156009328
478 490 -4.844202616288199
486 492 -0.7580155848378691
480 490 -4.43612156009328
491 493 -1.9501526936104758
482 497 -2.368217501379304
480 497 -2.6469936768108107
479 495 1.6328169387983074
473 495 -5.53733426701854
490 497 2.418966462073592
458 491 -4.145152083743929
485 498 -3.732408358890588
482 498 -3.732408358890588
486 496 -4.43612156009328
487 509 -5.53733426701854
497 498 2.101269714871794
490 496 -4.844202616288199
492 496 -1.167151619412428
493 509 0.33778526158074773
492 499 -1.0022630255891705
458 503 -4.844202616288199
491 506 1.6908566753683048
493 506 -3.106750063060895
479 500 -4.844202616288199
3 489 -3.3153581355547077
494 499 -3.732408358890588
488 503 1.1671515377428254
384 500 2.0618119072200103
495 500 -5.53733426701854
489 498 -5.53733426701854
494 502 -4.43612156009328
487 504 -3.3153581355547077
475 508 -5.53733426701854
384 508 3.015725255756913
499 502 1.4968293639808472
504 509 -0.8306198826413334
496 499 -4.145152083743929
487 505 -3.43705550120135
477 503 -5.53733426701854
504 505 0.9244109312539295
496 511 -4.43612156009328
487 507 -4.145152083743929
499 511 0.8677032967963991
505 507 1.5497853865743236
500 508 1.8471390342477205
400 510 -4.43612156009328
458 506 -4.844202616288199
506 509 -5.53733426701854
487 510 1.1671515377428254
473 512 2.93164334365634
3 498 -2.7803933790295874
501 512 -4.844202616288199
496 497 -4.844202616288199
503 516 0.8677032967963991
458 516 -5.53733426701854
496 498 -4.43612156009328
499 521 -1.60462908492035
502 521 -3.43705550120135
510 517 0.7580154487445683
400 517 -2.9316434205780437
495 513 1.9501526258096291
473 513 -4.844202616288199
475 517 -3.9184428135768994
512 513 -4.844202616288199
496 519 -2.5274489963885465
504 522 -0.3860227795812654
505 522 -2.4719661045957224
508 514 0.9053573740495944
512 515 3.015725255756913
501 515 -4.844202616288199
511 519 -3.0157253387444354
475 514 -4.43612156009328
507 522 -2.7803933790295874
500 514 0.274059332246233
500 513 -5.53733426701854
511 521 -5.53733426701854
507 510 -2.22757952790676
507 524 -0.19515772478657212
510 524 -4.844202616288199
515 520 2.7803933118077264
477 516 -4.844202616288199
501 520 -5.53733426701854
500 523 3.015725255756913
513 523 -4.844202616288199
513 518 1.6908566753683048
512 518 -3.9184428135768994
515 518 -2.7803933790295874
494 528 -5.53733426701854
502 528 -0.07006336313715722
517 524 -2.5856858519456853
509 522 -4.844202616288199
518 523 -4.844202616288199
511 530 -4.145152083743929
514 526 1.7513136084096503
519 530 1.3241144775306468
475 526 -5.53733426701854
458 527 0.07006324471763459
506 527 -4.844202616288199
518 520 -3.9184428135768994
511 525 1.5230823357393546
521 525 -5.53733426701854
521 528 -5.53733426701854
516 532 -5.53733426701854
517 552 -2.7117471225450083
518 529 1.3008299128497565
477 532 0.13248100121840833
522 524 -5.53733426701854
520 529 -5.53733426701854
3 496 -3.9184428135768994
523 533 2.4719660016221714
475 552 -5.53733426701854
518 533 -4.145152083743929
496 563 -4.43612156009328
519 563 -3.106750063060895
530 534 3.10674997290245
511 534 -3.5744537730315336
525 531 1.880614156109223
475 540 -4.844202616288199
525 534 -4.145152083743929
521 531 -4.145152083743929
516 527 -4.145152083743929
526 540 1.103724552883528
529 533 -5.53733426701854
496 546 -5.53733426701854
521 535 2.141984057957801
528 535 -4.844202616288199
527 538 -5.53733426701854
546 563 -2.368217501379304
516 538 1.9501526258096291
494 532 -5.53733426701854
524 552 -5.53733426701854
530 563 -4.145152083743929
494 537 -5.53733426701854
531 534 -3.9184428135768994
528 537 1.880614156109223
540 552 0.8864565510992328
531 536 2.184051378192568
535 539 2.8534721380276795
529 541 1.188767543534301
521 536 -4.844202616288199
528 539 -5.53733426701854
520 541 -3.732408358890588
537 542 2.418966462073592
527 549 -0.007781779532672672
506 549 -3.732408358890588
534 563 -4.844202616288199
535 536 -3.2060451019615273
494 542 -5.53733426701854
539 543 2.0618119072200103
514 553 -0.8306198826413334
500 553 -3.2060451019615273
523 553 -5.53733426701854
533 553 -5.53733426701854
3 546 -2.418966560561031
528 543 -4.844202616288199
532 538 -5.53733426701854
526 553 -3.5744537730315336
531 547 -3.3153581355547077
542 545 2.31951701078773
534 547 1.986327796610479
536 547 -4.145152083743929
494 545 -3.9184428135768994
533 541 -4.145152083743929
536 544 2.368217406966919
543 548 2.2726891994400433
528 548 -5.53733426701854
535 544 -4.145152083743929
537 548 -3.3153581355547077
540 553 -2.7117471225450083
545 551 2.418966462073592
539 544 -4.43612156009328
494 551 -4.43612156009328
538 549 -4.844202616288199
544 550 2.4719660016221714
548 555 2.368217406966919
537 555 -4.43612156009328
532 558 1.2551669361900215
538 558 -5.53733426701854
539 550 -4.145152083743929
542 555 -3.732408358890588
3 563 1.4205758640846524
3 534 -3.732408358890588
547 554 2.101269714871794
536 554 -3.9184428135768994
544 554 -3.5744537730315336
543 550 -3.43705550120135
555 557 2.7117470592609445
542 557 -5.53733426701854
549 560 -0.21088196663715686
506 560 -1.1457782950449733
545 557 -4.145152083743929
546 577 -2.418966560561031
554 559 1.6615501074318497
544 559 -2.8534722097520193
550 556 1.986327796610479
543 556 -4.43612156009328
551 562 2.184051378192568
494 562 -5.53733426701854
3 577 1.6908566753683048
3 547 -3.0157253387444354
550 559 -3.2060451019615273
548 556 -3.9184428135768994
557 561 2.5274488884529975
545 561 -4.844202616288199
551 561 -5.53733426701854
494 564 1.880614156109223
532 564 -3.3153581355547077
538 569 1.4968293639808472
549 569 -3.0157253387444354
3 554 -2.9316434205780437
556 559 -4.844202616288199
555 556 -4.844202616288199
558 564 -3.732408358890588
562 566 2.2726891994400433
494 566 -4.844202616288199
558 567 1.2551669361900215
538 567 -5.53733426701854
509 565 0.03891301945135828
522 565 -4.844202616288199
540 574 0.8490926297285697
560 569 -2.9316434205780437
552 574 1.7825318837304605
553 574 -3.43705550120135
238 520 -5.53733426701854
558 568 -4.43612156009328
556 557 -4.43612156009328
564 568 2.7117470592609445
552 576 -3.9184428135768994
563 577 -0.353818619728701
3 559 -2.9316434205780437
524 576 0.7940688968903633
561 571 2.4719660016221714
551 571 -5.53733426701854
558 573 -5.53733426701854
533 579 -4.844202616288199
541 579 -1.2778514672160726
541 572 1.4205758640846524
556 561 -4.844202616288199
562 571 -4.844202616288199
568 573 2.0618119072200103
572 579 1.347717671142901
520 572 -4.145152083743929
561 570 -3.9184428135768994
556 570 2.2275794437459226
506 565 -5.53733426701854
533 574 0.9244109312539295
564 566 -4.43612156009328
567 573 -5.53733426701854
567 569 -4.844202616288199
571 575 2.418966462073592
562 575 -3.9184428135768994
566 575 -3.732408358890588
566 581 1.72076695640305
564 581 -4.145152083743929
569 583 1.880614156109223
568 581 -3.5744537730315336
560 583 -3.43705550120135
574 576 -3.43705550120135
556 580 -2.4719661045957224
570 578 1.5497853865743236
561 578 -3.9184428135768994
575 582 2.5856857384930256
566 582 -3.732408358890588
560 584 1.0422550037182607
559 580 0.652518806521984
570 580 -2.2726892867301896
506 584 -0.4674454634335292
533 585 -2.0618119810484816
571 578 -4.145152083743929
522 576 -5.53733426701854
579 585 -0.9053575182618498
578 580 -0.7759822513321553
238 594 2.7117470592609445
575 578 -4.844202616288199
573 581 -4.844202616288199
520 594 -4.145152083743929
3 580 -2.7117471225450083
583 584 -2.319517101482562
582 586 2.93164334365634
566 586 -3.5744537730315336
581 586 -4.145152083743929
581 588 -5.53733426701854
581 587 2.2726891994400433
573 587 -4.844202616288199
576 589 0.6698459156176995
574 589 -4.844202616288199
578 582 -4.844202616288199
586 588 1.9149341938214999
567 583 -5.53733426701854
520 579 -3.43705550120135
579 592 -3.0157253387444354
520 592 2.31951701078773
587 591 2.2726891994400433
573 591 -5.53733426701854
579 601 -4.43612156009328
578 586 -3.43705550120135
585 601 0.369896870073811
592 601 3.4370554399806776
3 590 1.3241144775306468
585 589 -1.751313725733529
3 578 -0.9629980439232386
588 593 1.9149341938214999
581 593 -5.53733426701854
522 595 -4.43612156009328
585 600 -0.0544849469084292
3 586 -3.5744537730315336
587 593 -3.5744537730315336
565 595 0.38602265684584536
522 589 -4.844202616288199
589 600 0.5336849977291656
573 597 2.5856857384930256
567 597 -5.53733426701854
567 598 1.7513136084096503
583 598 -5.53733426701854
583 599 2.5274488884529975
584 599 -2.319517101482562
3 588 -4.43612156009328
593 596 1.8471390342477205
587 596 -3.732408358890588
591 596 -4.844202616288199
597 602 2.7117470592609445
567 602 -5.53733426701854
506 607 -3.5744537730315336
584 607 -0.038913137770452355
506 595 -4.844202616288199
520 605 -5.53733426701854
594 605 2.101269714871794
522 600 -4.844202616288199
522 604 -4.844202616288199
599 607 -5.53733426701854
595 604 1.0022628750411067
598 603 1.9149341938214999
583 603 -4.145152083743929
3 593 -3.732408358890588
598 602 -4.43612156009328
599 603 -4.43612156009328
600 601 -4.145152083743929
3 596 -4.43612156009328
592 605 -3.9184428135768994
591 606 2.418966462073592
573 606 -4.844202616288199
592 609 -4.844202616288199
605 609 2.101269714871794
597 606 -5.53733426701854
604 611 0.7759821143416219
522 611 -4.844202616288199
606 608 2.2726891994400433
597 608 -4.844202616288199
603 610 2.141984057957801
599 610 -4.844202616288199
602 608 -4.844202616288199
602 603 -5.53733426701854
590 612 -3.3153581355547077
3 612 -3.106750063060895
506 604 -2.2726892867301896
522 601 2.368217406966919
604 618 -4.43612156009328
594 614 -3.5744537730315336
506 618 1.3241144775306468
610 613 1.8471390342477205
599 613 -5.53733426701854
607 615 -0.10124760698692858
506 615 -4.844202616288199
596 606 -4.844202616288199
611 618 -4.43612156009328
611 616 1.124638707269666
522 616 -3.5744537730315336
594 619 1.9149341938214999
238 619 2.7117470592609445
596 608 -5.53733426701854
605 614 -2.7117471225450083
614 619 -3.732408358890588
608 617 2.5856857384930256
602 617 -4.844202616288199
592 624 -3.3153581355547077
605 625 -4.844202616288199
3 612 -3.3153581355547077
602 610 -4.844202616288199
609 624 1.72076695640305
614 625 -0.25821891342749526
601 626 -3.9184428135768994
592 626 -2.9316434205780437
624 626 2.2275794437459226
610 627 -3.9184428135768994
522 623 -5.53733426701854
601 628 -4.43612156009328
602 627 1.6908566753683048
599 615 -5.53733426701854
616 623 0.652518806521984
626 628 2.2726891994400433
617 622 1.9501526258096291
602 622 -5.53733426701854
613 620 2.5274488884529975
599 620 -5.53733426701854
615 621 0.33778526158074773
506 621 -4.43612156009328
609 625 -3.43705550120135
614 637 -5.53733426701854
619 629 3.2060450031958343
613 627 -3.5744537730315336
616 618 -5.53733426701854
629 637 3.10674997290245
601 634 -4.145152083743929
628 634 2.4719660016221714
609 631 -5.53733426701854
238 629 3.3153580262671256
618 621 -4.844202616288199
625 631 2.93164334365634
612 630 -1.7207670712436016
601 636 -5.53733426701854
634 636 2.5856857384930256
596 617 -5.53733426701854
612 632 1.0830275858277314
630 632 0.5672301020452246
3 632 -2.7803933790295874
599 621 -5.53733426701854
620 633 1.986327796610479
623 635 1.2551669361900215
522 635 -5.53733426701854
620 627 -5.53733426701854
599 633 -5.53733426701854
596 622 -4.844202616288199
618 623 -4.43612156009328
625 637 -5.53733426701854
621 640 1.6615501074318497
618 640 -4.43612156009328
635 638 1.210635526973574
618 635 -4.844202616288199
522 638 -5.53733426701854
622 642 2.101269714871794
602 642 -4.43612156009328
522 641 3.3153580262671256
601 641 -0.6525189378391278
627 642 -4.844202616288199
627 633 -5.53733426701854
636 641 -3.732408358890588
624 631 -4.43612156009328
612 639 -0.24241052705099042
624 645 -4.43612156009328
630 639 1.124638707269666
626 645 -2.8534722097520193
631 645 2.2275794437459226
618 644 -4.844202616288199
638 643 1.3008299128497565
522 643 -5.53733426701854
626 648 -3.732408358890588
625 650 -4.145152083743929
640 644 1.9149341938214999
628 648 -3.3153581355547077
645 648 2.5274488884529975
631 650 -4.844202616288199
637 650 1.8471390342477205
642 646 2.0618119072200103
628 651 -3.106750063060895
628 649 -3.732408358890588
627 646 -4.844202616288199
618 638 -5.53733426701854
641 643 -5.53733426701854
634 651 -3.3153581355547077
649 651 2.418966462073592
648 649 2.368217406966919
632 666 -1.5230824363372633
630 666 -2.418966560561031
634 655 -2.9316434205780437
639 666 -3.732408358890588
599 640 -5.53733426701854
651 655 2.7803933118077264
643 647 1.4968293639808472
641 647 -5.53733426701854
636 655 -4.43612156009328
3 661 1.232765242543629
646 652 1.7513136084096503
618 653 2.7117470592609445
638 653 -4.844202616288199
636 663 -4.43612156009328
636 656 -4.43612156009328
612 661 -2.7803933790295874
596 642 -3.732408358890588
627 652 -5.53733426701854
643 653 -3.732408358890588
641 663 3.3153580262671256
655 656 2.7117470592609445
647 654 1.7513136084096503
641 654 -5.53733426701854
639 661 -0.4510470176203887
644 658 2.418966462073592
653 660 2.368217406966919
643 660 -3.3153581355547077
599 644 -5.53733426701854
618 658 -4.844202616288199
647 660 -3.106750063060895
656 663 1.0625402297313233
596 657 2.184051378192568
642 657 -4.844202616288199
637 668 -5.53733426701854
646 657 -5.53733426701854
654 659 1.8144599138640842
641 659 -4.844202616288199
629 668 -3.732408358890588
658 664 1.9149341938214999
618 664 -4.145152083743929
660 665 2.646993557188065
647 665 -3.732408358890588
645 650 -4.145152083743929
654 665 -4.43612156009328
659 662 2.101269714871794
641 662 -5.53733426701854
645 669 -3.9184428135768994
652 657 -3.9184428135768994
648 669 -4.145152083743929
650 669 1.6908566753683048
3 666 -3.5744537730315336
653 664 -4.43612156009328
659 665 -3.5744537730315336
649 669 -4.43612156009328
644 671 -5.53733426701854
663 667 2.5274488884529975
599 671 1.9149341938214999
658 671 -5.53733426701854
656 667 3.2060450031958343
651 669 -4.145152083743929
650 668 -2.9316434205780437
238 668 -4.844202616288199
665 672 2.31951701078773
651 674 -3.9184428135768994
650 677 -4.43612156009328
3 657 -4.145152083743929
662 672 -3.9184428135768994
655 674 -4.145152083743929
669 674 2.646993557188065
668 677 -0.4674454634335292
662 670 1.7513136084096503
641 670 -4.145152083743929
655 676 -5.53733426701854
663 670 -2.8534722097520193
656 676 -4.43612156009328
674 676 2.7803933118077264
3 687 -2.5274489963885465
664 675 2.101269714871794
653 675 -3.2060451019615273
666 687 -4.145152083743929
664 671 -5.53733426701854
660 675 -3.5744537730315336
670 673 1.5230823357393546
663 673 -2.7117471225450083
661 666 -4.43612156009328
665 675 -4.43612156009328
667 673 -4.43612156009328
670 672 -3.0157253387444354
675 678 1.9501526258096291
665 678 -4.145152083743929
670 679 -2.4719661045957224
672 679 2.4719660016221714
673 679 -2.418966560561031
673 681 -4.145152083743929
669 685 -4.43612156009328
633 671 -3.9184428135768994
679 681 3.2060450031958343
677 685 2.31951701078773
633 682 2.101269714871794
671 682 -5.53733426701854
678 683 2.184051378192568
665 683 -3.9184428135768994
673 680 1.0830275858277314
667 680 -4.43612156009328
671 675 -5.53733426701854
672 683 -4.145152083743929
238 677 -4.43612156009328
627 686 2.2275794437459226
633 686 -5.53733426701854
680 684 1.0221648177565306
667 684 -5.53733426701854
656 684 -5.53733426701854
674 685 -2.9316434205780437
683 688 2.2726891994400433
672 688 -4.844202616288199
674 691 -3.5744537730315336
671 678 -5.53733426701854
680 681 -4.844202616288199
676 691 -4.43612156009328
685 691 2.7117470592609445
684 689 0.7047961364960313
656 689 -4.844202616288199
676 693 -3.732408358890588
679 688 -4.844202616288199
691 693 2.4719660016221714
687 696 0.9244109312539295
688 690 2.184051378192568
680 692 -3.5744537730315336
666 696 -5.53733426701854
679 690 -4.43612156009328
681 692 2.418966462073592
684 692 -3.2060451019615273
676 695 -4.145152083743929
682 686 -3.43705550120135
671 683 -4.145152083743929
681 690 -4.43612156009328
656 695 2.5856857384930256
682 697 -5.53733426701854
682 698 1.986327796610479
671 698 -5.53733426701854
690 694 2.368217406966919
684 699 -4.844202616288199
686 697 2.7803933118077264
681 694 -4.844202616288199
692 699 2.2726891994400433
689 699 -4.145152083743929
683 700 -2.9316434205780437
677 704 -4.844202616288199
652 686 -4.844202616288199
671 700 2.368217406966919
688 700 -3.2060451019615273
693 695 1.7513136084096503
238 704 0.6872705278045488
694 701 2.101269714871794
681 701 -4.43612156009328
685 704 -4.145152083743929
688 702 -3.9184428135768994
700 702 2.5856857384930256
690 702 -3.43705550120135
689 695 -4.43612156009328
687 712 -0.27405945275533616
701 703 2.023523983245292
681 703 -5.53733426701854
696 712 -1.5230824363372633
690 705 -3.43705550120135
699 707 3.4370554399806776
689 707 -4.43612156009328
3 666 -4.145152083743929
702 705 2.5274488884529975
694 705 -3.2060451019615273
692 703 -4.43612156009328
657 736 -4.844202616288199
652 713 2.141984057957801
703 706 2.141984057957801
692 706 -4.145152083743929
3 736 1.471006361575077
686 713 -4.43612156009328
697 698 -5.53733426701854
691 704 -4.145152083743929
694 708 -3.5744537730315336
691 711 -4.844202616288199
697 713 -4.43612156009328
705 708 2.368217406966919
701 708 -4.145152083743929
699 706 -5.53733426701854
693 711 -3.732408358890588
704 711 2.023523983245292
657 713 -3.43705550120135
707 709 3.015725255756913
689 709 -4.844202616288199
693 717 -4.43612156009328
238 718 -3.43705550120135
698 700 -4.43612156009328
711 717 2.368217406966919
701 715 -3.3153581355547077
695 710 -1.3959339919795308
708 715 2.2726891994400433
703 715 -3.106750063060895
689 710 0.8122799937741847
698 714 3.2060450031958343
700 714 -4.844202616288199
706 716 2.141984057957801
699 716 -4.145152083743929
695 719 -0.7759822513321553
693 726 -3.732408358890588
238 720 -5.53733426701854
718 720 1.232765242543629
702 714 -4.844202616288199
707 716 -3.5744537730315336
710 719 1.6328169387983074
693 719 -1.3959339919795308
717 726 2.5856857384930256
713 736 1.6908566753683048
703 724 -3.3153581355547077
3 712 -3.732408358890588
715 724 2.31951701078773
706 724 -3.43705550120135
696 730 1.3241144775306468
697 723 3.2060450031958343
714 721 2.31951701078773
702 721 -5.53733426701854
716 722 2.5274488884529975
707 722 -3.9184428135768994
693 727 -3.5744537730315336
238 744 -0.14812115655181013
712 730 0.1168571278983801
698 723 -3.43705550120135
705 721 -3.2060451019615273
709 710 -3.9184428135768994
726 727 2.2726891994400433
718 744 -2.9316434205780437
709 725 1.7513136084096503
693 732 -2.8534722097520193
710 725 -4.145152083743929
719 732 0.023345926266394867
713 723 -3.9184428135768994
722 729 1.986327796610479
707 729 -3.5744537730315336
693 733 -1.083027742309897
693 734 -2.9316434205780437
238 738 -5.53733426701854
238 745 2.93164334365634
714 723 -3.2060451019615273
708 721 -3.3153581355547077
709 729 -3.43705550120135
732 733 0.6181436068748636
733 734 -0.867703438765498
727 734 2.2726891994400433
704 738 -5.53733426701854
720 738 -0.08565028243590467
744 745 3.7324082779400585
724 728 2.141984057957801
706 728 -3.3153581355547077
733 735 0.6010889981175147
716 728 -3.732408358890588
734 735 2.5274488884529975
721 723 -2.7117471225450083
715 721 -4.43612156009328
719 725 -3.732408358890588
696 739 0.33778526158074773
666 739 -4.844202616288199
729 731 2.141984057957801
709 731 -3.43705550120135
722 728 -5.53733426701854
725 731 -4.145152083743929
730 742 -0.7759822513321553
696 742 -3.0157253387444354
721 740 1.4205758640846524
711 738 -4.145152083743929
715 740 -4.43612156009328
731 737 1.7825318837304605
725 737 -4.43612156009328
717 738 -3.9184428135768994
723 740 -3.43705550120135
724 740 -4.145152083743929
720 744 -4.844202616288199
717 743 -3.732408358890588
728 729 -4.43612156009328
738 743 1.9501526258096291
737 741 1.6908566753683048
725 741 -4.145152083743929
717 748 -4.145152083743929
728 740 -4.844202616288199
726 748 -2.8534722097520193
743 748 2.31951701078773
729 747 -3.43705550120135
726 749 -3.0157253387444354
738 744 -5.53733426701854
739 742 -5.53733426701854
728 747 4.145152023550564
731 747 -4.844202616288199
725 732 -4.145152083743929
727 749 -3.3153581355547077
748 749 2.5274488884529975
730 746 1.0022628750411067
742 746 -3.2060451019615273
727 751 -3.5744537730315336
749 751 2.5856857384930256
712 750 0.4674453385798212
712 746 -0.8490927706325437
666 753 -3.2060451019615273
746 750 -1.3959339919795308
739 753 0.4674453385798212
737 747 -3.3153581355547077
723 756 -4.43612156009328
732 757 -3.3153581355547077
3 750 -4.145152083743929
740 756 2.101269714871794
725 757 0.7580154487445683
734 751 -3.106750063060895
3 713 -0.6698460476628039
747 752 3.574453703354731
737 752 -3.3153581355547077
734 755 -3.3153581355547077
741 752 -2.4719661045957224
735 755 -3.5744537730315336
751 755 2.2726891994400433
713 782 -1.1887676261434261
728 762 -0.6698460476628039
733 761 -1.371652884404361
735 761 -3.43705550120135
3 782 1.347717671142901
740 762 -5.53733426701854
747 762 -0.16377929735639296
755 761 2.646993557188065
732 761 -5.53733426701854
723 782 -4.43612156009328
752 762 2.5274488884529975
742 754 2.7803933118077264
739 759 0.5336849977291656
753 759 0.35381849771398977
739 754 -5.53733426701854
3 760 1.2551669361900215
738 763 -4.844202616288199
744 763 1.880614156109223
746 758 1.3241144775306468
742 758 -3.3153581355547077
753 767 -3.106750063060895
740 764 -5.53733426701854
762 764 3.3153580262671256
743 763 -3.5744537730315336
754 758 -3.43705550120135
754 759 -3.9184428135768994
759 767 -3.2060451019615273
741 768 2.184051378192568
725 768 -4.844202616288199
748 766 -2.9316434205780437
750 758 -2.8534722097520193
763 766 2.184051378192568
3 780 -3.3153581355547077
749 769 -3.5744537730315336
666 780 -1.914934325902037
757 768 -3.9184428135768994
757 761 1.880614156109223
766 769 2.023523983245292
740 774 -4.145152083743929
764 774 2.368217406966919
752 768 -2.5274489963885465
751 771 -4.43612156009328
756 782 1.986327796610479
769 771 2.31951701078773
752 775 -4.844202616288199
768 775 2.023523983245292
744 772 -2.023524054927849
754 765 2.4719660016221714
666 784 -4.844202616288199
751 776 -3.5744537730315336
759 765 -3.9184428135768994
753 784 -0.8864566941706382
755 776 -3.732408358890588
771 776 2.7117470592609445
744 777 -3.9184428135768994
760 780 -3.43705550120135
761 776 -5.53733426701854
772 777 1.0221648177565306
745 772 -3.9184428135768994
758 770 1.471006361575077
754 770 -4.145152083743929
765 770 -2.5274489963885465
780 784 -1.1246387871621042
756 774 -3.9184428135768994
762 775 -4.43612156009328
765 773 3.2060450031958343
756 785 -4.145152083743929
774 785 2.5274488884529975
761 783 -3.732408358890588
759 773 -4.145152083743929
776 783 2.8534721380276795
767 779 2.368217406966919
753 779 -5.53733426701854
744 786 -4.43612156009328
750 770 -2.22757952790676
777 786 1.3241144775306468
770 778 1.880614156109223
765 778 -3.2060451019615273
773 778 -2.2726892867301896
779 784 -5.53733426701854
761 768 -3.9184428135768994
763 786 -3.106750063060895
773 781 2.0618119072200103
762 789 -3.732408358890588
775 789 2.184051378192568
759 781 -4.844202616288199
762 792 -3.9184428135768994
789 792 1.72076695640305
763 790 -3.9184428135768994
786 790 1.5230823357393546
750 778 -2.319517101482562
764 792 -3.9184428135768994
766 790 -5.53733426701854
778 787 1.8144599138640842
773 787 -2.9316434205780437
764 794 -5.53733426701854
792 794 2.101269714871794
781 787 -3.106750063060895
759 779 -4.145152083743929
769 790 -4.844202616288199
781 788 2.2726891994400433
759 788 -3.732408358890588
771 790 -4.145152083743929
750 787 -2.0618119810484816
774 794 -5.53733426701854
787 791 1.7513136084096503
781 791 -3.43705550120135
780 803 -1.042255157127819
788 791 -4.145152083743929
3 756 -0.22663222628581936
776 790 -4.844202616288199
745 777 -3.732408358890588
788 793 1.6908566753683048
779 796 2.2275794437459226
784 796 -4.145152083743929
760 803 -5.53733426701854
3 815 1.7825318837304605
768 801 -4.145152083743929
759 793 -3.732408358890588
756 815 0.8677032967963991
761 801 1.7825318837304605
759 795 0.40219817433836536
777 805 -4.145152083743929
750 791 -2.023524054927849
779 795 -3.5744537730315336
775 801 -3.9184428135768994
783 790 -3.2060451019615273
786 805 -4.43612156009328
745 805 2.5274488884529975
791 797 2.184051378192568
788 797 -3.43705550120135
784 798 1.986327796610479
774 806 -3.9184428135768994
783 804 -3.5744537730315336
793 797 -3.0157253387444354
780 798 -1.420575958424365
794 806 2.368217406966919
790 804 2.418966462073592
793 799 2.418966462073592
775 807 -4.844202616288199
795 799 -3.9184428135768994
801 807 2.7117470592609445
796 800 2.93164334365634
784 800 -4.145152083743929
785 815 -4.145152083743929
785 810 -4.43612156009328
775 811 -3.9184428135768994
783 808 -3.0157253387444354
750 797 -1.6328170469254393
795 796 -3.106750063060895
798 800 -4.844202616288199
798 803 -4.43612156009328
806 810 2.2726891994400433
807 811 2.8534721380276795
804 808 2.101269714871794
790 805 -3.732408358890588
797 802 0.652518806521984
793 802 -2.22757952790676
761 824 -2.368217501379304
783 813 -2.4719661045957224
790 812 -5.53733426701854
799 802 -1.4710064589046166
783 824 -1.0022630255891705
808 813 2.7117470592609445
805 812 2.646993557188065
783 820 1.445594446330888
795 800 -3.732408358890588
789 811 -3.106750063060895
820 824 0.054484828546315534
800 809 2.4719660016221714
789 816 -2.9316434205780437
750 802 0.8306197427665889
798 809 -4.844202616288199
792 816 -2.7803933790295874
811 816 2.93164334365634
792 819 -3.9184428135768994
794 819 -4.844202616288199
816 819 2.93164334365634
794 823 -4.145152083743929
761 832 -4.145152083743929
790 821 -4.43612156009328
819 823 2.5274488884529975
824 832 -0.14812115655181013
812 821 1.986327796610479
790 825 -3.732408358890588
810 815 0.3217949194737102
813 820 -5.53733426701854
821 825 2.418966462073592
795 814 0.6010889981175147
800 814 -3.732408358890588
809 818 2.2726891994400433
760 822 -5.53733426701854
790 827 -5.53733426701854
809 814 -3.3153581355547077
798 818 -5.53733426701854
803 822 1.604628978813839
825 827 2.101269714871794
799 817 3.10674997290245
795 817 -4.43612156009328
790 834 -3.732408358890588
790 828 -4.43612156009328
801 832 -3.5744537730315336
804 834 -4.43612156009328
828 834 2.368217406966919
827 828 2.5274488884529975
798 826 -5.53733426701854
794 831 -4.145152083743929
801 843 -4.145152083743929
832 843 2.7803933118077264
745 838 -3.0157253387444354
814 817 -3.43705550120135
818 826 1.9501526258096291
823 831 2.2275794437459226
794 836 -4.844202616288199
804 837 -5.53733426701854
834 837 2.5856857384930256
802 817 -0.27405945275533616
806 836 -3.106750063060895
831 836 2.31951701078773
805 838 -3.0157253387444354
798 830 -4.844202616288199
806 842 -4.145152083743929
805 844 -3.732408358890588
838 844 2.418966462073592
826 830 2.368217406966919
3 810 0.7580154487445683
836 842 1.8471390342477205
807 843 -4.43612156009328
808 837 -2.8534722097520193
814 829 1.986327796610479
809 829 -3.43705550120135
805 845 -4.43612156009328
818 829 -3.43705550120135
810 842 -4.43612156009328
811 843 -4.145152083743929
844 845 1.2778513804684322
798 841 -4.844202616288199
798 835 1.124638707269666
803 835 -3.3153581355547077
811 849 -4.844202616288199
824 833 1.604628978813839
820 833 0.7580154487445683
830 841 2.93164334365634
822 835 -5.53733426701854
843 849 2.31951701078773
813 833 -4.844202616288199
813 837 -5.53733426701854
812 845 -3.732408358890588
817 839 2.7117470592609445
814 839 -3.43705550120135
829 840 1.986327796610479
818 840 -3.0157253387444354
829 839 -3.43705550120135
826 840 -2.9316434205780437
832 833 0.8864565510992328
816 849 -4.844202616288199
821 845 -2.5274489963885465
238 838 -3.43705550120135
840 846 2.5274488884529975
826 846 -2.7117471225450083
816 853 -3.5744537730315336
821 851 -3.9184428135768994
845 851 1.4205758640846524
802 839 -0.533685124626992
830 846 -2.4719661045957224
835 841 -4.145152083743929
819 853 -3.9184428135768994
849 853 2.0618119072200103
825 851 -3.732408358890588
802 847 1.1457782142804072
839 847 -0.007781779532672672
839 840 -2.6469936768108107
823 853 -3.732408358890588
827 851 -3.732408358890588
846 848 2.5274488884529975
830 848 -2.9316434205780437
823 856 -5.53733426701854
750 847 1.0830275858277314
841 848 -3.5744537730315336
853 856 2.5856857384930256
828 851 -3.5744537730315336
839 850 1.986327796610479
840 850 -3.3153581355547077
823 860 -3.732408358890588
846 850 -3.2060451019615273
831 860 -2.7117471225450083
856 860 2.7803933118077264
834 851 -4.844202616288199
831 865 -3.106750063060895
834 861 -3.9184428135768994
834 857 -4.145152083743929
851 857 2.8534721380276795
836 865 -3.106750063060895
860 865 2.5856857384930256
837 861 -4.43612156009328
857 861 2.93164334365634
848 852 2.31951701078773
836 868 -3.0157253387444354
848 850 -3.2060451019615273
841 852 -4.43612156009328
842 868 -4.145152083743929
865 868 2.31951701078773
847 854 1.4968293639808472
842 871 -4.145152083743929
837 866 -3.5744537730315336
238 844 -3.43705550120135
850 854 -0.25821891342749526
3 822 -3.43705550120135
3 842 -3.106750063060895
868 871 2.2726891994400433
813 866 2.2726891994400433
861 866 2.5856857384930256
238 845 -4.43612156009328
848 859 -3.0157253387444354
841 855 2.418966462073592
835 855 -3.9184428135768994
822 864 2.0618119072200103
3 864 -3.3153581355547077
850 859 2.31951701078773
852 859 -2.5274489963885465
750 858 2.8534721380276795
847 858 0.274059332246233
822 863 -5.53733426701854
843 878 -3.732408358890588
854 858 0.2582187931706581
835 863 1.6615501074318497
832 878 -2.8534722097520193
854 862 1.3241144775306468
833 872 2.023523983245292
850 862 -0.007781779532672672
852 855 -3.2060451019615273
813 872 -4.844202616288199
852 867 2.2726891994400433
3 858 -3.3153581355547077
855 867 -3.43705550120135
3 871 1.445594446330888
238 851 -3.9184428135768994
858 869 2.101269714871794
854 869 0.13248100121840833
862 870 1.5230823357393546
843 884 -3.3153581355547077
872 887 1.986327796610479
851 879 -3.732408358890588
238 879 0.5170228985401271
862 869 0.13248100121840833
859 870 -0.16377929735639296
849 884 -3.9184428135768994
878 884 2.5856857384930256
832 872 0.7940688968903633
813 887 -4.145152083743929
852 875 -2.8534722097520193
867 873 2.418966462073592
855 873 -3.3153581355547077
859 875 2.418966462073592
867 875 -3.106750063060895
855 863 -4.844202616288199
870 874 1.5230823357393546
851 885 -4.145152083743929
859 874 -0.4674454634335292
863 864 -4.844202616288199
879 885 1.9501526258096291
869 876 2.023523983245292
862 876 -0.22663222628581936
873 877 1.9501526258096291
855 877 -4.43612156009328
864 882 -4.844202616288199
864 883 2.184051378192568
3 869 -3.2060451019615273
870 876 0.242410407030617
863 882 2.5856857384930256
3 883 -3.732408358890588
853 884 -3.5744537730315336
857 885 -4.43612156009328
875 880 2.184051378192568
867 880 -2.7803933790295874
857 890 -3.732408358890588
873 880 -3.2060451019615273
872 878 -4.145152083743929
861 890 -4.145152083743929
885 890 2.7117470592609445
877 881 2.101269714871794
855 881 -4.145152083743929
855 886 2.4719660016221714
853 891 -3.2060451019615273
861 892 -4.844202616288199
874 876 0.45104689322786395
874 875 -0.533685124626992
863 886 -4.43612156009328
884 891 2.368217406966919
866 892 -3.2060451019615273
890 892 2.5856857384930256
856 891 -3.5744537730315336
813 889 2.7803933118077264
866 896 -4.145152083743929
3 876 -4.145152083743929
877 880 -3.3153581355547077
860 891 -2.8534722097520193
892 896 2.141984057957801
881 888 2.2275794437459226
855 888 -3.9184428135768994
860 898 -2.5274489963885465
866 889 1.210635526973574
874 880 -0.6525189378391278
865 898 -2.5274489963885465
891 898 2.5274488884529975
877 893 -3.106750063060895
865 901 -2.5274489963885465
887 895 1.986327796610479
238 905 -2.9316434205780437
880 893 2.8534721380276795
881 893 -2.418966560561031
868 901 -2.7803933790295874
898 901 2.7117470592609445
889 895 -3.9184428135768994
882 894 3.3153580262671256
864 894 -3.2060451019615273
868 904 -3.732408358890588
882 886 -4.145152083743929
883 894 -4.43612156009328
871 904 -4.43612156009328
901 904 2.368217406966919
889 896 -4.145152083743929
881 900 -2.2726892867301896
888 897 2.101269714871794
855 897 -4.43612156009328
872 899 1.232765242543629
887 899 0.35381849771398977
893 900 2.141984057957801
888 900 -2.1012697910023577
886 897 -5.53733426701854
895 899 2.101269714871794
894 903 1.986327796610479
883 903 -4.844202616288199
238 918 -4.844202616288199
888 907 -2.5856858519456853
897 902 2.368217406966919
886 902 -4.43612156009328
879 918 -3.43705550120135
874 893 -0.6872706606037844
900 907 1.9149341938214999
897 907 -3.5744537730315336
886 894 -3.732408358890588
885 918 -3.43705550120135
905 918 -3.3153581355547077
874 906 2.0618119072200103
893 906 -0.5170230248961472
878 899 -4.844202616288199
902 908 2.418966462073592
886 908 -4.145152083743929
885 922 -3.0157253387444354
905 928 -2.1012697910023577
900 906 -0.3860227795812654
918 922 2.418966462073592
238 928 1.2551669361900215
906 909 1.986327796610479
900 909 -0.618143736811748
884 923 -3.5744537730315336
876 906 0.03891301945135828
902 907 -4.43612156009328
886 903 -3.2060451019615273
891 923 -4.844202616288199
878 923 -5.53733426701854
890 922 -3.9184428135768994
907 910 2.8534721380276795
908 911 2.646993557188065
886 911 -4.844202616288199
886 916 2.31951701078773
903 916 -4.844202616288199
891 927 -5.53733426701854
889 917 -3.5744537730315336
889 912 2.2275794437459226
907 909 -0.722426472174637
902 910 -3.43705550120135
923 927 2.2275794437459226
878 895 -5.53733426701854
895 917 2.7117470592609445
896 912 -4.145152083743929
892 922 -4.145152083743929
902 914 -3.43705550120135
896 922 -4.145152083743929
910 914 2.646993557188065
908 914 -2.9316434205780437
898 927 -4.844202616288199
909 913 2.4719660016221714
907 913 -0.635285935274005
911 915 1.9501526258096291
886 915 -4.43612156009328
876 909 -0.023346044556825873
910 913 -0.5841189757308616
901 927 -4.43612156009328
912 922 4.145152023550564
908 920 -3.0157253387444354
903 919 2.101269714871794
883 919 -4.844202616288199
889 924 -3.732408358890588
914 920 2.368217406966919
911 920 -2.2726892867301896
917 924 2.31951701078773
912 924 -4.43612156009328
915 921 1.8144599138640842
886 921 -3.43705550120135
876 913 -0.4839058740936957
904 927 -4.844202616288199
911 925 -2.22757952790676
904 933 -2.7803933790295874
913 914 -0.5841189757308616
920 925 2.418966462073592
915 925 -1.7825320036768968
927 933 3.10674997290245
878 917 -3.5744537730315336
921 926 2.5274488884529975
886 926 -3.5744537730315336
916 926 -3.43705550120135
916 919 -4.844202616288199
871 933 -0.8306198826413334
918 928 -1.6328170469254393
915 929 -2.6469936768108107
916 932 2.646993557188065
3 933 0.6872705278045488
918 934 -3.5744537730315336
928 934 2.0618119072200103
913 920 -0.4510470176203887
925 929 1.6328169387983074
921 929 -1.914934325902037
919 932 -3.732408358890588
926 931 2.31951701078773
919 930 2.2275794437459226
883 930 -4.145152083743929
916 931 -4.844202616288199
878 924 -4.844202616288199
921 935 -2.7117471225450083
918 941 -4.145152083743929
934 941 2.7117470592609445
913 925 -0.3860227795812654
929 935 2.184051378192568
926 935 -2.8534722097520193
932 937 3.015725255756913
919 937 -3.9184428135768994
930 938 2.2275794437459226
883 938 -4.43612156009328
883 940 2.7117470592609445
3 940 -3.0157253387444354
913 939 2.2726891994400433
925 939 -0.7401649710893459
931 936 2.4719660016221714
916 936 -3.9184428135768994
3 949 -3.732408358890588
924 952 1.986327796610479
912 952 -4.844202616288199
918 946 -3.3153581355547077
929 939 -0.5672302300910688
930 937 -2.7803933790295874
940 949 2.418966462073592
941 946 2.5856857384930256
926 942 -2.319517101482562
923 944 1.8144599138640842
878 944 -5.53733426701854
918 950 -3.9184428135768994
946 950 2.4719660016221714
935 942 2.5274488884529975
931 942 -2.5856858519456853
922 950 -4.844202616288199
936 943 2.646993557188065
916 943 -3.3153581355547077
938 945 2.2275794437459226
883 945 -5.53733426701854
922 954 -5.53733426701854
950 954 2.7117470592609445
876 939 -1.042255157127819
932 943 -2.4719661045957224
931 947 -2.7803933790295874
922 958 -5.53733426701854
935 939 -0.40219829746062086
942 947 2.8534721380276795
936 947 -2.7803933790295874
937 938 -3.106750063060895
954 958 2.646993557188065
876 975 -5.53733426701854
943 948 2.184051378192568
932 948 -3.0157253387444354
927 957 -2.6469936768108107
923 957 -3.106750063060895
3 975 1.3241144775306468
937 948 -4.844202616288199
936 955 -2.4719661045957224
945 951 2.8534721380276795
883 951 -3.3153581355547077
912 953 2.2726891994400433
922 953 -0.2899342369326745
934 960 -3.106750063060895
928 960 -1.6615502176829433
939 942 -0.618143736811748
947 955 2.141984057957801
943 955 -2.368217501379304
940 951 -3.2060451019615273
944 957 -3.106750063060895
952 953 -3.732408358890588
948 956 2.023523983245292
937 956 -5.53733426701854
238 960 -5.53733426701854
937 945 -3.732408358890588
933 957 -2.0618119810484816
953 958 -3.9184428135768994
939 947 -0.8122801326543725
948 955 -2.5856858519456853
941 960 -2.7117471225450083
947 961 -0.7401649710893459
941 962 -3.106750063060895
939 961 2.101269714871794
937 951 -4.844202616288199
949 951 -3.106750063060895
960 962 2.0618119072200103
949 966 1.9501526258096291
924 959 1.103724552883528
952 959 2.7117470592609445
3 966 -4.145152083743929
946 962 -2.7803933790295874
948 965 -3.43705550120135
951 964 2.2726891994400433
949 964 -3.732408358890588
953 959 -3.9184428135768994
955 961 -0.9053575182618498
955 965 2.141984057957801
956 965 -3.5744537730315336
3 957 -3.0157253387444354
950 962 -2.418966560561031
956 963 1.9501526258096291
937 963 -4.43612156009328
950 970 -3.43705550120135
962 970 1.471006361575077
961 967 2.418966462073592
958 979 -1.8144600365838361
876 961 -1.1246387871621042
955 967 -1.2551670218420983
878 959 -4.43612156009328
953 979 0.5504197869721676
963 968 2.023523983245292
937 968 -4.145152083743929
964 969 2.4719660016221714
949 969 -3.43705550120135
954 970 -3.9184428135768994
937 973 3.2060450031958343
951 973 -2.5274489963885465
957 971 -0.5004308444200505
944 971 1.4205758640846524
953 977 -4.844202616288199
963 965 -3.0157253387444354
964 973 -2.8534722097520193
878 971 -5.53733426701854
959 977 1.8144599138640842
958 970 -3.732408358890588
965 967 -1.4710064589046166
876 972 2.5856857384930256
961 972 -1.083027742309897
968 976 1.6328169387983074
937 976 -5.53733426701854
969 974 2.7803933118077264
949 974 -3.106750063060895
967 972 -1.4455945421327967
966 974 -3.9184428135768994
967 978 1.8144599138640842
973 980 3.10674997290245
964 980 -3.0157253387444354
970 979 0.652518806521984
238 962 -3.9184428135768994
965 978 -1.5497854889223055
965 968 -3.5744537730315336
969 980 -3.43705550120135
974 981 2.2275794437459226
966 981 -4.145152083743929
977 994 1.8471390342477205
953 994 -3.0157253387444354
3 971 -0.7401649710893459
979 994 -2.1419841365639445
974 980 -3.3153581355547077
978 982 2.646993557188065
238 970 -4.145152083743929
965 982 -2.418966560561031
965 976 -3.9184428135768994
976 983 2.5856857384930256
937 983 -4.844202616288199
981 984 1.6615501074318497
966 984 -4.43612156009328
3 1006 1.0221648177565306
971 1006 0.1168571278983801
878 985 2.0618119072200103
959 985 -3.9184428135768994
972 975 -5.53733426701854
973 983 -2.418966560561031
977 985 -3.106750063060895
3 991 -4.43612156009328
971 992 1.6328169387983074
878 992 -5.53733426701854
972 978 -2.023524054927849
980 981 -3.0157253387444354
966 991 2.101269714871794
992 1006 2.7803933118077264
985 986 2.646993557188065
977 986 -3.732408358890588
986 994 -4.844202616288199
3 972 -4.145152083743929
978 987 -2.0618119810484816
982 988 2.368217406966919
965 988 -2.8534722097520193
983 989 2.101269714871794
973 989 -4.145152083743929
972 987 2.2275794437459226
982 987 -2.1012697910023577
980 989 -4.43612156009328
980 990 3.015725255756913
981 990 -2.7803933790295874
970 994 -3.9184428135768994
965 983 -4.844202616288199
984 990 -4.844202616288199
985 992 -5.53733426701854
238 994 0.45104689322786395
989 993 1.8471390342477205
980 993 -3.2060451019615273
987 988 -1.324114566604422
965 989 -4.43612156009328
986 992 -5.53733426701854
3 987 -3.732408358890588
988 995 1.5769599644200505
993 996 2.023523983245292
980 996 -3.3153581355547077
966 997 -3.106750063060895
965 995 -2.7803933790295874
984 997 2.141984057957801
991 997 -5.53733426701854
238 1002 -4.844202616288199
965 993 -3.5744537730315336
990 996 -3.5744537730315336
995 998 2.7117470592609445
965 998 -3.106750063060895
994 1005 3.9184427168471876
996 999 1.72076695640305
990 999 -5.53733426701854
986 1000 1.986327796610479
994 1000 -5.53733426701854
238 1008 -4.43612156009328
987 995 -0.5504199144331001
1000 1005 -5.53733426701854
1002 1008 -0.40219829746062086
993 1004 -2.6469936768108107
990 1001 2.8534721380276795
986 1006 -5.53733426701854
965 1004 2.2726891994400433
996 1004 -2.9316434205780437
984 1001 -4.145152083743929
998 1003 2.141984057957801
965 1003 -3.2060451019615273
997 1001 -5.53733426701854
994 1008 -3.9184428135768994
994 1011 -4.43612156009328
987 998 -1.1037246319352672
999 1004 -2.9316434205780437
1008 1011 2.93164334365634
1003 1007 1.986327796610479
965 1007 -3.9184428135768994
1000 1006 -4.43612156009328
987 1010 2.31951701078773
998 1010 -1.5230824363372633
999 1009 1.6615501074318497
990 1009 -3.0157253387444354
1002 1016 -3.732408358890588
238 1016 2.2275794437459226
1003 1010 -1.4968294629075651
1004 1007 -1.9501526936104758
1001 1009 -3.43705550120135
1005 1011 -3.0157253387444354
1009 1012 1.880614156109223
1001 1012 -3.0157253387444354
1004 1013 2.418966462073592
999 1013 -2.22757952790676
1007 1010 -1.7207670712436016
1009 1013 -2.368217501379304
1007 1014 1.604628978813839
1004 1014 -2.0618119810484816
1012 1015 2.0618119072200103
1001 1015 -4.145152083743929
3 1000 -3.3153581355547077
1013 1017 2.7117470592609445
1009 1017 -2.6469936768108107
1000 1020 0.4674453385798212
1005 1020 -2.1419841365639445
1012 1017 -2.7803933790295874
1014 1018 0.982542654754837
1004 1018 -2.9316434205780437
3 1010 -3.732408358890588
1013 1018 -2.8534722097520193
1015 1019 1.986327796610479
1001 1019 -4.844202616288199
1010 1014 -1.9501526936104758
1008 1016 -5.53733426701854
1017 1021 1.9501526258096291
1012 1021 -2.5274489963885465
1015 1021 -2.7803933790295874
991 1022 2.7803933118077264
3 1022 -3.106750063060895
1011 1023 -2.368217501379304
1011 1016 -4.844202616288199
1010 1018 -2.319517101482562
1017 1018 -2.9316434205780437
3 1020 -2.1419841365639445
1005 1023 1.0022628750411067
1001 1024 -4.844202616288199
1019 1021 -2.319517101482562
1019 1024 1.8144599138640842
1016 1023 1.0625402297313233
1018 1021 -3.43705550120135
1020 1023 -1.2106356105583946
1021 1024 -1.7825320036768968
997 1022 -4.844202616288199
