MULTICUT
0 1 2.09171
0 2 1.16035
0 3 3.64643
0 4 1.2742
0 5 1.67558
0 6 0.328027
0 9 -8.58127
0 13 -3.43706
0 14 1.33802
0 16 -2.85347
0 19 -0.601089
0 22 -2.22758
0 26 1.13718
0 30 -9.56178
0 32 -49.363
0 34 -5.53733
0 40 -6.08405
0 44 -5.53733
0 50 -5.53733
0 51 -14.8177
0 60 -10.7897
0 80 -2.52745
0 84 1.47508
0 95 -5.53733
1 3 0.129301
1 4 0.164004
2 3 1.45363
2 4 0.476658
3 4 2.90465
3 5 0.141436
3 6 0.289067
3 7 -1.12464
3 8 -3.73241
3 9 -4.8442
3 14 0.612956
3 17 -3.57445
3 22 -6.03839
3 26 0.705839
3 84 0.282278
4 5 0.314885
4 6 0.381339
4 7 -1.30083
4 8 -1.25517
4 11 -6.28666
4 14 0.62107
4 17 -3.57445
4 23 -8.87224
4 24 -4.85838
4 26 0.50195
4 28 -9.36374
4 31 -11.9653
4 35 -0.517023
4 48 -4.8442
4 49 -4.8442
4 57 -3.91844
4 62 -1.23277
4 66 -2.25706
4 72 2.75676
4 84 0.304452
7 8 -1.08303
8 9 -1.81446
8 10 -8.87224
8 11 -5.53733
9 10 -13.2888
9 11 -0.601089
9 12 -3.91844
9 13 -1.00226
9 15 -3.91844
9 18 -0.75041
9 24 -2.57394
10 11 -2.23503
10 12 -0.324179
11 24 1.63282
13 15 -0.0643851
13 16 -0.12877
14 16 -1.57696
14 19 -5.20023
14 21 -11.5007
15 16 2.49276
15 18 -0.132815
15 24 -0.618144
15 25 3.24698
15 27 4.42828
16 20 0.023004
16 21 0.740685
16 27 0.137158
16 29 -0.160956
17 22 0.195833
17 23 -5.73285
17 30 -15.9963
18 24 -1.34772
18 25 -0.265629
19 21 -2.18405
19 42 5.98644
19 47 4.36344
19 51 -4.14515
19 59 -0.83062
19 63 -3.01573
19 65 3.91844
19 69 -3.31536
19 73 -13.5876
19 78 -3.73241
19 88 4.47307
19 90 4.87557
19 108 -9.97346
19 119 3.91844
19 152 -3.43706
19 160 -4.14515
19 164 -4.14515
19 182 -6.08405
19 183 -7.58221
19 184 -3.20605
20 21 0.0377118
20 27 0.0446768
20 29 -0.0389746
21 27 2.72877
21 29 -3.79184
21 39 -3.01103e-05
21 41 0.767655
21 42 -2.58569
21 46 -1.3173
22 30 -0.150321
23 30 0.326946
23 31 -0.324567
23 38 -0.386023
24 25 -8.24908
24 27 -1.46519
24 28 2.28362
24 33 -3.60816
27 29 -6.90193
27 33 1.08425
27 36 1.9311
27 39 3.20399
27 45 0.0997624
27 46 -0.797142
28 33 -0.067575
28 35 -0.0197248
28 37 0.0810808
30 31 -0.265476
30 38 -2.52745
30 40 4.497
30 43 -2.36822
31 38 -2.56872
31 43 -0.924411
31 52 -1.38142
31 56 -1.06737
31 57 -0.943623
31 60 -0.386023
32 34 2.93164
32 44 4.12479
32 50 2.64699
32 51 2.52745
33 37 -5.43316
33 45 1.54799
33 58 0.038913
33 68 4.25335
33 75 -3.31536
35 37 -6.72946
35 48 -3.31536
35 54 -4.10231
35 58 -0.0700634
35 64 -1.84714
37 58 -2.14198
39 45 -0.106565
39 46 -0.022156
40 43 -3.79729
40 60 3.30501
41 42 -0.740165
41 46 -1.81036
41 53 -0.226632
42 53 -4.72913
42 55 -0.517023
42 59 -5.65993
42 67 -3.31536
42 69 -0.740165
43 52 -1.75131
43 60 -3.20605
45 46 -2.71175
45 55 -3.71603
45 74 -6.1019
45 75 -3.20605
45 79 -4.22328
45 81 -2.2023
46 53 -1.95015
46 55 0.0233459
48 49 -0.55042
48 54 -0.173077
49 54 -2.64699
49 62 -1.98633
50 51 1.52308
51 84 -15.9189
51 85 4.40466
51 95 2.82201
51 107 5.50588
51 143 6.7071
51 153 3.421
51 155 4.27184
51 157 6.68617
51 158 5.00504
51 159 1.16034
51 161 3.904
51 164 -7.30772
51 165 1.51713
51 168 2.788
51 171 5.31634
51 173 1.51612
51 179 -1.34772
51 183 12.2667
51 185 3.10675
51 187 0.973827
51 189 -3.71565
51 190 3.50543
51 191 -33.0873
51 192 0.437629
51 194 2.22758
51 195 1.75131
51 197 1.91493
51 198 2.27269
51 199 -0.00778178
51 200 2.31952
51 202 0.982543
51 204 9.22186
51 205 0.0700632
51 209 5.94277
51 210 -0.101248
51 213 1.39593
51 214 -0.337785
51 218 -3.73241
51 219 1.47101
51 220 1.32254
51 227 5.01007
51 228 5.90764
51 230 -0.313037
51 231 3.20604
51 233 0.775982
51 235 -3.13706
51 237 -14.184
51 240 -8.13513
51 241 0.962998
51 243 2.58569
51 244 1.34772
51 245 0.0177538
51 247 0.320505
51 248 -0.75059
51 249 2.22758
51 250 3.76772
51 251 6.41379
51 253 -0.571511
51 255 1.18549
51 256 3.57445
51 257 0.905357
51 258 1.57696
51 259 1.08303
51 260 -0.130052
51 261 -0.277734
51 263 2.31952
51 264 0.758015
51 265 -0.210882
51 266 2.71175
51 267 0.635286
51 268 2.41897
51 269 0.179457
51 270 -2.52745
52 60 -6.7805
53 55 -1.75131
54 62 -0.40634
54 64 -0.261359
54 71 -1.27446
55 69 -0.305845
55 70 -1.16824
55 74 -2.06181
56 57 -0.00204649
56 60 0.281217
56 61 -0.350869
57 61 -0.0695962
57 72 -1.54979
58 64 -1.42058
58 68 0.55042
59 63 -1.26333
59 67 -0.418426
60 61 -7.01079
60 80 -0.250705
61 72 -6.20696
61 76 2.67509
61 80 -0.358518
62 66 -1.58882
62 71 -9.55231
62 72 -3.22591
62 86 -3.20605
62 89 -2.09031
63 67 -0.0643266
63 69 -1.67414
64 68 -0.982543
64 71 1.04544
66 72 -1.44392
67 69 1.87997
68 71 -9.72379
68 75 -5.8567
68 79 -10.6989
68 82 -8.53218
68 92 -6.16883
68 97 0.210882
69 70 4.28467
69 73 -1.04226
69 77 -0.418426
69 78 -1.00763
70 74 2.89327
70 77 -1.24144
71 82 -0.504965
71 86 1.52953
72 76 -15.2198
72 89 -3.57445
72 96 -18.6718
72 102 -3.31536
73 78 -5.2392
74 77 -0.035468
74 78 -5.93247
74 79 0.0349364
74 81 0.124669
74 83 0.0352647
74 87 0.380727
74 94 2.13099
74 105 1.4311
74 106 -0.162604
74 111 1.45284
75 79 0.532345
76 80 -12.9476
76 100 8.95785
76 102 3.71007
76 112 0.13981
76 124 -3.75439
76 128 -0.283869
76 137 -0.269363
76 140 -0.267247
77 78 1.24688
78 90 -4.8442
78 98 -9.28032
78 105 -2.58569
78 108 -4.43612
78 111 -0.601089
78 135 -1.78253
79 81 0.013454
79 83 0.815443
79 87 0.19332
79 92 -3.06472
80 84 -13.1795
80 100 -2.14198
80 120 0.584119
81 83 0.0167188
81 87 0.0210705
82 86 -1.53895
82 91 -1.24854
82 97 -2.58569
83 87 0.0857345
84 120 -7.54287
84 128 -20.15
84 139 2.64699
84 161 -6.20696
84 162 -4.43612
86 89 -4.90193
86 91 -6.53739
86 96 -6.50413
86 97 -8.28126
86 103 1.09434
86 114 -10.3815
87 92 -2.31952
87 93 -1.91493
87 94 2.72413
87 99 1.34558
87 104 -0.00523967
87 106 -0.0261734
87 109 -0.0435483
87 113 -0.11974
89 96 -2.61527
90 98 -4.61619
90 108 -3.43706
92 93 2.21464
92 97 -4.14515
92 99 -0.428903
92 103 0.83062
92 104 1.711
92 109 -7.06436
93 99 -1.13572
94 106 -0.0261734
96 101 -2.18622
96 102 -0.467445
96 114 -2.64699
97 103 -2.41897
98 108 1.84714
99 104 -0.0257928
100 120 -0.872646
100 128 -2.36822
101 102 -3.00983
101 110 -0.382658
101 112 -4.97616
101 114 -0.0544849
102 112 0.245336
103 109 -4.15734
103 114 -8.57661
103 116 -0.0483578
103 121 1.5315
103 126 -0.476595
104 109 -1.15393
105 106 -0.0829565
105 111 2.99111
105 113 -5.90713
105 118 1.05059
105 130 -0.325923
105 135 0.0937158
105 141 -0.369897
105 142 -0.618144
106 111 -0.166774
106 113 -1.52791
108 119 -6.96357
108 135 -2.28337
108 141 -7.17015
108 142 1.02269
108 148 1.2322
108 149 0.0678546
108 152 1.81446
108 160 -0.982543
108 164 2.18405
109 113 1.75871
109 115 -0.574921
109 116 -4.33025
109 117 -1.84501
110 112 -0.386023
112 114 -5.53733
112 124 -0.517954
113 117 -1.36123
113 118 -6.62409
113 127 -0.972827
113 133 -2.28206
113 134 0.0764613
114 124 -10.3815
114 125 -2.27269
114 126 -3.31536
115 116 2.89362
115 117 1.09224
115 122 -0.0477069
115 127 1.14479
115 129 1.08766
115 138 -0.23762
116 121 -1.10425
116 125 -0.036442
116 129 1.55284
116 131 0.0245975
116 138 0.000419535
117 122 -0.202139
117 127 -0.273922
118 123 -0.163673
118 130 -0.120232
118 132 0.0406852
118 134 -0.345689
120 128 -0.023346
121 125 -0.0254978
121 126 -0.922753
121 131 -0.0447333
122 127 -0.271
123 132 -0.188543
124 125 -0.0544849
124 136 -3.02427
124 137 -0.689422
125 126 0.0509957
125 131 -2.35956
125 136 -21.7083
125 147 2.49437
127 133 -5.45033
127 138 -3.80009
127 144 0.980778
127 145 -1.91493
127 146 0.688515
127 147 -0.115597
127 150 -1.02928
128 136 0.150286
128 137 2.50612
128 139 -8.85269
128 140 1.28366
128 151 0.0345732
128 162 -9.28032
128 167 0.119208
128 169 -5.53733
128 176 -0.0260333
129 131 0.00839833
129 138 -0.0465868
130 132 -0.172137
130 133 1.57696
130 134 -4.12604
130 142 2.6971
130 145 -5.53733
130 146 2.03275
130 150 -2.10127
131 138 -2.2263
131 147 -2.06375
132 134 -0.0645688
133 134 -0.163779
133 145 -7.72348
135 141 -1.49683
136 137 2.89567
136 147 -4.14515
136 150 -2.78039
136 151 1.12905
136 154 -1.64053
136 167 0.826052
136 176 -0.0344312
137 140 1.14038
137 167 0.16024
137 176 -0.0340167
138 144 -0.520751
138 147 0.948192
141 142 -1.37165
142 148 -0.0011253
142 149 -5.09278
142 150 -4.91968
143 157 1.18117
144 147 -0.284098
145 146 -1.52308
146 150 -7.68545
147 150 1.63282
148 149 1.09542
148 156 -3.91844
148 164 0.414489
148 170 0.297058
149 150 1.95015
149 156 -5.61302
150 154 -0.964163
150 156 -3.73241
150 163 -4.34304
150 166 -3.58795
150 172 -2.06181
150 174 0.603633
150 207 -1.73535
151 154 -0.563251
151 167 1.91206
151 172 -3.25567
152 160 -0.758016
153 155 1.72
153 161 1.20251
154 172 -3.20605
156 170 -2.58569
156 174 -2.78039
156 175 -4.8442
156 178 -3.57445
157 165 1.39435
160 164 -1.16715
161 162 0.0461747
161 167 -4.14515
161 169 10.3035
161 176 -4.8442
161 191 -8.55306
161 201 -0.226632
161 203 -3.01573
162 169 0.354826
163 166 -0.023346
163 172 -8.98936
164 170 0.754126
164 189 2.71385
166 172 -11.0747
167 172 -4.43612
167 176 -0.317552
167 180 -4.4839
167 191 -0.135928
167 196 -3.92847
167 203 0.805907
167 207 1.60303
167 208 2.5301
167 211 -0.0178646
169 176 -5.53733
170 175 -4.8442
170 178 -8.85269
170 189 1.47527
172 177 3.31536
172 180 6.12248
172 181 -4.04726
172 186 0.584119
172 207 -4.43612
174 178 -11.1342
174 188 -4.8442
174 193 -11.0747
174 207 -0.554863
175 178 3.24678
175 193 0.0240687
177 180 1.43688
178 188 3.03817
178 189 -15.3981
178 193 4.88269
178 206 -1.85598
178 207 -2.6294
178 216 -0.21745
178 217 -0.276839
178 221 0.0719336
178 222 6.09959
178 225 5.95881
178 238 -0.149372
179 191 0.704796
180 181 -1.10351
180 186 2.64699
180 196 4.14515
180 207 -16.1471
181 186 -0.517023
182 183 -1.22766
182 184 -0.740165
183 184 -3.9739
183 187 2.18052
183 192 1.54537
183 200 1.69086
185 191 -5.53733
186 207 -4.8442
188 193 0.0240687
189 204 -7.648
189 217 0.651492
189 220 -0.0199932
189 225 -2.0044
189 238 0.17987
189 242 -1.08303
189 251 -0.178145
189 252 0.884121
189 253 1.38494
191 195 -3.31536
191 201 -0.210882
191 203 -0.339485
191 209 -5.53733
191 210 -5.53733
191 211 -1.46064
191 212 -27.3238
191 218 2.93164
193 206 -2.22758
193 207 -0.95954
193 221 0.0596221
193 222 0.420219
193 225 0.372991
204 220 0.306981
204 253 -0.22409
206 207 4.76974
207 208 4.77448
207 216 0.421397
207 221 -0.0777147
207 224 3.86999
207 228 1.28984
207 229 -0.199957
207 248 -0.572752
208 211 -0.082369
208 215 -1.89354
208 223 -0.858932
208 226 -0.543529
208 229 -0.136942
211 212 0.0266636
211 215 1.47417
212 215 -0.00415362
212 218 -11.353
212 226 -0.494289
212 232 -3.38001
212 234 -2.77348
212 237 -4.8309
215 223 0.375943
215 226 0.468903
215 237 0.00203371
216 221 -0.0854885
216 222 -0.553335
216 228 2.40298
216 248 -0.492092
217 225 -1.10629
218 232 0.75138
218 240 0.805964
220 253 -0.117946
221 222 0.596277
221 228 -7.96453
221 248 0
222 225 3.17381
222 228 -0.34398
222 238 -0.161503
222 239 0.0506109
222 242 0.101143
223 226 0.750921
223 229 0.00720348
224 228 2.10506
224 248 -0.24999
225 238 -4.56343
225 239 3.45376
225 242 3.24477
226 229 0.00883984
226 237 0.0874667
226 246 0.0132152
226 254 0.0491462
227 230 -1.56519
227 235 -2.80379
228 229 -1.00927
228 237 -2.14198
228 238 -0.777151
228 245 1.13485
228 246 -1.72077
228 247 1.29168
228 248 -1.9345
228 251 5.35353
228 255 1.46349
228 261 -0.13863
229 237 0.0614875
229 246 0.0402394
229 254 0.0143955
232 234 1.6305
232 236 0.00494591
232 240 0.605099
234 236 0.234911
234 237 0.00440704
234 240 0.0155977
236 237 -2.17255
236 240 -2.83438
237 240 1.17636
237 246 1.57574
237 254 0.0223152
237 261 0.139104
237 263 -4.22284
238 239 -0.392345
238 242 -6.38694
238 251 -8.73503
238 253 0.296321
240 249 -6.08405
245 248 -0.197679
246 254 0.0166494
247 248 -0.186744
248 251 -0.780002
248 255 -2.23243
250 259 0.618144
250 262 5.48926
250 266 3.30191
251 253 -0.749112
252 253 0.334094
255 260 -0.716302
255 265 -1.42058
260 265 -0.116857
264 270 -3.20605
268 270 -3.57445
