MULTICUT
0 10 2.368217406966919
7 10 2.5274488884529975
4 7 1.6908566753683048
2 4 4.145152023550564
2 5 0.7940688968903633
3 5 0.7759821143416219
3 9 0.2899341161553104
8 9 1.347717671142901
8 439 2.93164334365634
1 439 1.103724552883528
5 16 -0.3860227795812654
3 6 2.4719660016221714
5 6 1.210635526973574
3 11 2.5856857384930256
6 11 2.5856857384930256
6 16 2.2275794437459226
3 12 3.2060450031958343
4 13 1.210635526973574
2 13 0.1168571278983801
5 13 1.9149341938214999
9 439 0.1637791782871667
11 16 2.2275794437459226
11 12 2.4719660016221714
3 14 0.6352858046593717
9 14 0.6181436068748636
13 16 -0.5170230248961472
10 15 1.232765242543629
14 439 0.274059332246233
12 17 1.986327796610479
12 16 3.015725255756913
11 17 2.8534721380276795
16 17 3.015725255756913
3 18 -2.8534722097520193
12 19 -3.732408358890588
3 19 -1.0221649697100497
18 19 -5.53733426701854
7 20 1.880614156109223
4 20 3.574453703354731
14 18 -3.5744537730315336
18 439 -1.914934325902037
19 23 -5.53733426701854
18 23 2.5274488884529975
4 21 3.015725255756913
13 21 2.368217406966919
16 19 -3.9184428135768994
25 439 -3.3153581355547077
10 22 1.4205758640846524
7 22 2.023523983245292
18 25 -3.3153581355547077
16 21 0.8306197427665889
20 22 1.3008299128497565
16 26 -4.844202616288199
19 26 1.8144599138640842
18 28 -3.732408358890588
25 28 3.7324082779400585
24 439 1.6908566753683048
30 439 3.10674997290245
25 30 -3.2060451019615273
10 27 2.184051378192568
22 27 2.368217406966919
23 26 -3.106750063060895
29 439 2.023523983245292
24 29 2.023523983245292
16 32 -3.2060451019615273
20 27 0.652518806521984
26 32 1.2778513804684322
4 27 1.445594446330888
24 31 0.6010889981175147
31 439 1.5769599644200505
23 32 -1.324114566604422
28 30 -2.319517101482562
29 31 0.6698459156176995
16 34 -4.844202616288199
32 34 2.101269714871794
32 40 2.2275794437459226
23 40 -5.53733426701854
18 33 2.7117470592609445
28 38 -4.145152083743929
30 38 2.7117470592609445
28 33 -2.7803933790295874
23 36 -4.844202616288199
10 35 2.7803933118077264
27 35 2.101269714871794
36 40 1.3959338990403656
18 36 -5.53733426701854
18 37 -5.53733426701854
36 37 2.141984057957801
33 39 -3.5744537730315336
28 39 3.7324082779400585
4 35 2.2726891994400433
18 44 -5.53733426701854
37 44 -0.4674454634335292
40 41 -1.6328170469254393
36 41 -2.6469936768108107
37 41 -2.6469936768108107
38 39 -4.43612156009328
33 44 -4.844202616288199
21 43 -1.914934325902037
16 43 -2.1840514594677467
41 44 -0.4839058740936957
34 40 2.93164334365634
39 44 3.10674997290245
42 439 4.145152023550564
4 43 -3.5744537730315336
41 49 1.103724552883528
74 439 2.368217406966919
40 49 0.054484828546315534
44 50 3.2060450031958343
41 50 -0.5004308444200505
40 48 0.33778526158074773
48 49 0.6010889981175147
10 45 1.188767543534301
43 76 -5.53733426701854
43 58 -4.844202616288199
16 47 -2.1012697910023577
34 62 1.103724552883528
35 45 1.445594446330888
58 76 1.1671515377428254
43 47 0.9244109312539295
40 62 3.9184427168471876
4 46 0.6010889981175147
40 54 -2.368217501379304
48 54 1.8471390342477205
48 51 0.8864565510992328
49 51 -0.07006336313715722
52 439 3.015725255756913
53 439 3.574453703354731
49 50 1.3716527928075883
38 439 2.418966462073592
39 55 2.93164334365634
4 45 2.2275794437459226
38 55 -4.43612156009328
4 60 -1.083027742309897
43 60 0.6181436068748636
43 65 -5.53733426701854
16 56 -2.1012697910023577
57 439 0.7940688968903633
46 60 0.007781661256567096
58 65 2.141984057957801
47 56 1.986327796610479
52 57 2.93164334365634
4 61 -3.732408358890588
16 59 -0.8122801326543725
4 10 2.184051378192568
56 59 0.5841188470777665
4 77 -1.5230824363372633
40 73 0.9244109312539295
61 77 2.5856857384930256
54 73 1.604628978813839
4 67 -3.0157253387444354
49 63 -0.11685724657693086
61 67 1.3008299128497565
51 63 1.986327796610479
50 63 -0.635285935274005
38 52 1.9149341938214999
4 75 -0.16377929735639296
51 64 0.5170228985401271
67 75 1.3241144775306468
51 54 0.652518806521984
46 77 -0.7940690348095123
39 50 0.5841188470777665
10 69 2.5856857384930256
58 106 0.023345926266394867
4 69 1.6615501074318497
76 106 -1.5230824363372633
63 64 0.982542654754837
38 57 0.9629978960423582
16 66 -1.6328170469254393
54 68 2.141984057957801
54 64 0.19515760538251437
39 70 1.9149341938214999
55 70 1.4968293639808472
71 439 1.6908566753683048
64 68 1.2551669361900215
57 71 1.9501526258096291
60 77 -1.914934325902037
47 65 -4.43612156009328
59 66 -2.1840514594677467
61 75 3.3153580262671256
72 77 -3.9184428135768994
60 72 1.986327796610479
56 66 0.3058452631148958
4 78 2.93164334365634
40 79 -2.1840514594677467
73 79 2.418966462073592
50 64 1.6908566753683048
50 80 4.145152023550564
39 80 4.145152023550564
69 78 2.7117470592609445
65 106 1.3959338990403656
68 73 0.38602265684584536
70 80 3.10674997290245
47 98 -4.844202616288199
74 93 0.9053573740495944
75 77 3.2060450031958343
65 98 1.7825318837304605
38 70 -3.2060451019615273
60 84 0.7224263377855422
66 81 0.242410407030617
16 81 -2.7803933790295874
43 84 0.7940688968903633
38 71 2.418966462073592
72 84 1.9501526258096291
73 82 1.2778513804684322
70 95 -3.5744537730315336
38 95 3.3153580262671256
66 98 -2.418966560561031
68 82 -0.3860227795812654
64 86 -0.3860227795812654
68 86 0.8306197427665889
40 50 3.9184427168471876
50 79 0.40219817433836536
50 86 -0.618143736811748
4 85 -5.53733426701854
75 85 -5.53733426701854
77 83 0.982542654754837
66 100 0.22663210648628773
81 100 0.38602265684584536
16 92 -4.145152083743929
87 439 1.347717671142901
83 84 -3.106750063060895
81 92 1.210635526973574
79 82 -0.023346044556825873
82 86 -0.5672302300910688
71 87 2.2726891994400433
4 94 -1.690856787854381
65 91 -1.7825320036768968
88 439 3.2060450031958343
87 88 2.141984057957801
77 89 0.5841188470777665
83 89 0.7047961364960313
85 94 0.1794573777347761
43 106 -5.53733426701854
4 90 4.145152023550564
80 96 1.6615501074318497
78 90 3.574453703354731
75 89 0.08565016394454328
92 100 0.652518806521984
79 86 1.5497853865743236
10 97 1.6908566753683048
75 102 2.023523983245292
69 97 2.2275794437459226
89 102 0.8677032967963991
75 99 -3.2060451019615273
65 107 1.5497853865743236
98 107 2.93164334365634
85 99 -1.0221649697100497
91 106 -1.5497854889223055
91 107 -2.418966560561031
50 96 -0.9436227297103521
70 96 0.19515760538251437
94 101 -2.023524054927849
85 101 -3.5744537730315336
84 103 -1.690856787854381
100 104 4.145152023550564
92 104 1.6908566753683048
78 97 1.9501526258096291
43 103 -0.4347079946705643
4 78 3.9184427168471876
78 94 0.08565016394454328
43 118 -0.9825428039459942
43 124 -1.1246387871621042
16 110 -4.43612156009328
38 111 -1.2778514672160726
71 111 -0.4347079946705643
71 116 -2.9316434205780437
99 102 -0.13248112001244716
83 102 2.101269714871794
103 118 -0.6698460476628039
118 124 -0.33778538326100627
92 110 -0.9053575182618498
106 124 -4.844202616288199
104 110 0.9244109312539295
85 141 -3.9184428135768994
84 112 1.6328169387983074
103 112 0.45104689322786395
98 104 -3.9184428135768994
66 104 1.3716527928075883
87 439 1.6908566753683048
101 141 0.21088184704301205
95 96 -1.420575958424365
111 116 -2.7117471225450083
10 109 3.3153580262671256
97 109 1.9501526258096291
50 115 -0.8490927706325437
96 115 2.5856857384930256
108 439 2.7803933118077264
78 101 -1.1457782950449733
87 116 -1.690856787854381
78 109 3.015725255756913
85 135 -2.5274489963885465
83 105 1.880614156109223
84 105 -3.3153581355547077
135 141 2.184051378192568
99 135 -1.6615502176829433
102 105 1.471006361575077
99 117 -1.371652884404361
84 120 -4.145152083743929
98 106 2.93164334365634
91 98 -1.3477177614522067
16 127 -1.3477177614522067
117 135 -0.305845384176723
102 117 -1.1887676261434261
105 120 0.21088184704301205
102 114 1.880614156109223
50 113 3.574453703354731
112 120 -5.53733426701854
34 127 -3.9184428135768994
101 119 -1.371652884404361
96 131 2.023523983245292
87 128 -1.2551670218420983
128 439 -2.7803933790295874
93 151 2.646993557188065
78 119 1.0422550037182607
95 131 -3.0157253387444354
105 114 0.7580154487445683
110 127 1.0625402297313233
115 131 1.72076695640305
102 122 -2.4719661045957224
127 137 1.4968293639808472
34 137 -5.53733426701854
50 121 -0.7940690348095123
116 128 -3.43705550120135
112 118 -0.16377929735639296
34 40 -1.9501526936104758
113 121 -0.14812115655181013
115 121 2.4719660016221714
112 123 0.13248100121840833
118 123 0.2899341161553104
104 136 1.6908566753683048
117 122 -4.844202616288199
114 120 1.2551669361900215
102 125 -2.5856858519456853
114 125 -3.9184428135768994
122 125 1.604628978813839
104 126 0.7401648358628796
137 146 3.10674997290245
34 146 -4.844202616288199
123 124 1.3959338990403656
126 136 3.10674997290245
40 146 -4.844202616288199
106 130 2.646993557188065
98 132 -3.732408358890588
104 132 1.6615501074318497
104 129 3.015725255756913
104 137 0.1481210376275779
120 123 -1.751313725733529
98 130 2.4719660016221714
129 137 1.103724552883528
110 137 -0.21088196663715686
121 131 3.10674997290245
104 136 0.21088184704301205
113 131 -0.25821891342749526
120 125 -4.145152083743929
132 136 1.103724552883528
74 108 2.141984057957801
138 141 -1.167151619412428
101 138 -0.6698460476628039
101 134 -0.618143736811748
120 124 0.7047961364960313
129 136 3.2060450031958343
38 133 -1.4968294629075651
119 134 0.9053573740495944
134 138 1.232765242543629
122 135 -4.43612156009328
136 137 4.145152023550564
111 133 1.0221648177565306
122 159 -3.5744537730315336
135 159 -3.2060451019615273
125 159 -2.5274489963885465
50 131 -0.6010891274007599
38 131 -4.43612156009328
119 140 -2.1840514594677467
135 144 0.22663210648628773
125 173 1.0830275858277314
38 147 2.368217406966919
74 151 0.8864565510992328
141 144 0.07006324471763459
159 173 0.21088184704301205
50 146 -1.8806142848807943
120 142 -3.732408358890588
125 142 2.141984057957801
120 145 -3.43705550120135
124 130 -3.5744537730315336
98 150 -3.43705550120135
132 150 1.0221648177565306
132 153 2.2275794437459226
78 140 -3.0157253387444354
142 145 1.7513136084096503
136 153 -0.9629980439232386
74 439 2.141984057957801
120 148 -2.1840514594677467
120 143 0.7580154487445683
124 143 0.8306197427665889
130 152 -2.9316434205780437
74 139 3.4370554399806776
134 140 -1.2106356105583946
145 148 1.5230823357393546
124 152 1.9149341938214999
116 133 -3.9184428135768994
139 439 1.880614156109223
139 151 1.6328169387983074
98 152 -2.8534722097520193
50 154 1.604628978813839
131 158 3.4370554399806776
98 157 -4.844202616288199
146 155 3.015725255756913
152 157 1.7513136084096503
150 153 0.4347078707200993
137 155 4.844202556684481
124 149 0.982542654754837
128 171 -3.732408358890588
138 140 -1.1457782950449733
143 148 0.8677032967963991
171 439 2.8534721380276795
135 166 -0.023346044556825873
143 149 0.5672301020452246
159 166 -1.8806142848807943
150 157 2.31951701078773
146 154 -3.5744537730315336
138 161 -0.9825428039459942
138 165 -0.6698460476628039
124 156 0.9244109312539295
152 156 2.101269714871794
151 162 2.8534721380276795
140 161 1.6615501074318497
141 165 1.7825318837304605
142 173 -1.2551670218420983
78 177 0.13248100121840833
140 177 -5.53733426701854
143 163 -0.21088196663715686
149 163 -0.023346044556825873
50 160 4.436121480203944
139 162 -0.2899342369326745
144 165 1.0830275858277314
144 166 2.101269714871794
38 158 -4.43612156009328
142 169 -2.1419841365639445
145 169 -1.751313725733529
136 170 -1.4968294629075651
136 167 3.2060450031958343
137 167 3.2060450031958343
147 164 2.184051378192568
38 164 2.4719660016221714
161 165 2.93164334365634
148 169 -0.32179504083642385
148 163 1.9501526258096291
124 163 0.07006324471763459
153 157 0.21088184704301205
153 170 1.0422550037182607
131 160 -0.22663222628581936
169 173 2.5856857384930256
124 168 0.41842577919951873
156 168 1.986327796610479
156 157 2.023523983245292
163 168 1.880614156109223
154 155 -2.0618119810484816
148 182 -1.1457782950449733
148 197 0.7940688968903633
159 178 0.6698459156176995
148 186 0.1168571278983801
136 179 -1.5230824363372633
38 175 0.48390574875928927
161 177 -5.53733426701854
166 178 -0.25821891342749526
182 197 0.9244109312539295
186 197 1.4205758640846524
170 179 1.4968293639808472
164 175 1.880614156109223
157 170 0.8122799937741847
50 185 -0.13248112001244716
116 180 -2.22757952790676
176 439 0.5672301020452246
139 176 3.015725255756913
163 186 -0.5170230248961472
154 185 4.844202556684481
38 164 0.22663210648628773
128 180 -2.8534722097520193
78 181 1.986327796610479
165 174 2.93164334365634
163 198 -0.21088196663715686
156 183 -0.5004308444200505
157 183 -0.5504199144331001
157 184 1.0221648177565306
164 191 3.3153580262671256
128 193 1.5769599644200505
172 439 2.5856857384930256
177 181 -0.4674454634335292
161 174 1.7513136084096503
169 182 0.7580154487445683
186 198 2.418966462073592
38 191 3.2060450031958343
180 193 -1.9501526936104758
172 176 3.2060450031958343
165 166 0.9436225830949259
168 183 -0.7940690348095123
167 179 -1.7207670712436016
162 176 0.1794573777347761
173 178 -0.5504199144331001
38 200 -4.844202616288199
38 195 -3.732408358890588
168 198 1.4205758640846524
160 185 0.2899341161553104
175 200 -3.5744537730315336
128 439 -4.145152083743929
173 207 1.3008299128497565
167 188 0.7224263377855422
165 178 -0.22663222628581936
178 207 -0.533685124626992
179 188 2.646993557188065
195 200 4.844202556684481
168 194 -0.305845384176723
170 187 0.1637791782871667
137 154 -3.2060451019615273
183 194 0.6352858046593717
183 184 -2.023524054927849
157 187 0.48390574875928927
78 192 -1.914934325902037
157 189 0.652518806521984
170 190 -0.353818619728701
175 191 0.9436225830949259
116 203 3.7324082779400585
179 190 0.45104689322786395
196 439 -0.7580155848378691
172 196 0.03891301945135828
176 196 0.7580154487445683
184 189 1.1671515377428254
187 190 1.445594446330888
154 167 -1.914934325902037
181 192 -1.9501526936104758
38 202 -2.319517101482562
133 202 -0.7401649710893459
168 201 -1.1037246319352672
184 199 2.101269714871794
180 204 -1.847139159904398
193 206 2.101269714871794
174 177 -4.43612156009328
198 201 -0.9436227297103521
194 201 2.5274488884529975
184 194 -0.5004308444200505
204 206 1.471006361575077
177 192 1.8471390342477205
177 205 0.7580154487445683
174 205 -5.53733426701854
160 209 -1.042255157127819
131 209 -3.3153581355547077
116 204 -2.5274489963885465
188 190 2.101269714871794
185 209 0.007781661256567096
193 439 -3.2060451019615273
162 196 -1.5769600686022973
169 210 0.274059332246233
195 202 -2.7803933790295874
173 210 0.7047961364960313
182 210 1.6908566753683048
154 188 -1.1246387871621042
116 202 -0.7047962700763302
187 208 0.7580154487445683
191 200 -5.53733426701854
194 199 -0.4839058740936957
157 208 0.3058452631148958
203 204 -2.418966560561031
190 208 -0.17945749696390423
158 209 -3.0157253387444354
189 208 1.7513136084096503
194 211 2.023523983245292
199 211 -1.0221649697100497
190 212 1.5497853865743236
209 216 -0.24241052705099042
158 216 -2.7117471225450083
195 220 -3.9184428135768994
202 220 -0.8122801326543725
197 210 1.124638707269666
201 211 1.3008299128497565
208 212 2.4719660016221714
189 219 -0.9436227297103521
189 215 -0.21088196663715686
188 212 2.101269714871794
202 221 -0.08565028243590467
116 221 3.7324082779400585
192 205 -0.24241052705099042
189 199 -0.7047962700763302
215 219 2.31951701078773
78 213 1.9149341938214999
165 205 -2.319517101482562
199 219 0.7224263377855422
78 217 4.436121480203944
201 214 2.023523983245292
213 217 3.015725255756913
207 210 0.023345926266394867
211 214 1.1671515377428254
206 439 -1.4710064589046166
165 233 -1.0625403846496646
178 230 -3.43705550120135
210 218 2.101269714871794
185 225 -1.8806142848807943
203 221 1.7513136084096503
205 233 -5.53733426701854
165 230 -1.4455945421327967
207 230 -3.2060451019615273
207 218 2.8534721380276795
208 215 0.13248100121840833
209 225 0.13248100121840833
205 222 -0.14812115655181013
192 222 1.604628978813839
204 221 -4.145152083743929
230 233 -5.53733426701854
199 224 -2.368217501379304
38 216 -1.5769600686022973
220 226 -0.722426472174637
202 226 -2.023524054927849
211 224 -0.7759822513321553
198 244 -3.5744537730315336
198 214 -2.5856858519456853
185 188 0.33778526158074773
221 254 2.4719660016221714
223 439 -0.40219829746062086
196 223 2.31951701078773
214 244 0.5672301020452246
202 254 0.242410407030617
206 221 -3.43705550120135
208 238 -0.3860227795812654
38 235 -2.7117471225450083
195 227 -4.145152083743929
206 242 -2.0618119810484816
215 238 1.0221648177565306
216 235 1.4205758640846524
220 227 1.2551669361900215
221 242 0.054484828546315534
217 229 2.31951701078773
78 229 1.880614156109223
209 234 -0.722426472174637
216 234 3.10674997290245
225 234 -1.1246387871621042
38 236 3.2060450031958343
220 228 -0.5672302300910688
197 218 0.2582187931706581
212 238 -0.7401649710893459
162 223 -0.9053575182618498
197 231 1.4205758640846524
199 237 -2.7117471225450083
212 239 -2.023524054927849
220 232 -0.40219829746062086
226 232 1.6615501074318497
221 241 4.145152023550564
78 217 3.4370554399806776
186 244 -2.6469936768108107
224 237 1.5230823357393546
238 239 2.418966462073592
228 232 -2.7803933790295874
226 254 -4.43612156009328
186 231 0.8122799937741847
212 240 1.9149341938214999
188 240 0.9053573740495944
78 222 -1.7207670712436016
218 230 -2.0618119810484816
222 233 -4.844202616288199
230 243 3.10674997290245
218 243 -3.9184428135768994
214 245 -4.43612156009328
211 245 -4.844202616288199
211 246 -4.844202616288199
215 237 -0.867703438765498
215 247 -0.36989699244014895
212 248 -1.751313725733529
38 234 -4.145152083743929
200 227 -5.53733426701854
218 231 2.7803933118077264
245 246 0.4674453385798212
219 237 -1.2327653271421226
237 247 0.6010889981175147
238 247 1.210635526973574
234 235 1.103724552883528
38 200 -5.53733426701854
232 254 -5.53733426701854
186 218 0.007781661256567096
218 244 -1.167151619412428
206 250 -0.722426472174637
250 439 2.141984057957801
227 228 -2.5856858519456853
212 260 -0.038913137770452355
38 267 -4.844202616288199
227 257 -1.986327866288225
228 257 3.4370554399806776
244 245 -3.43705550120135
239 260 3.4370554399806776
248 260 2.93164334365634
200 267 0.982542654754837
224 255 -1.1037246319352672
188 249 1.7825318837304605
251 439 0.2582187931706581
223 251 2.5274488884529975
246 255 -0.8864566941706382
242 250 -3.9184428135768994
240 248 -1.0022630255891705
222 258 -0.7047962700763302
247 252 -0.07006336313715722
240 280 0.242410407030617
78 229 1.604628978813839
237 255 -0.635285935274005
237 252 -0.16377929735639296
248 280 2.4719660016221714
244 284 -1.847139159904398
237 278 -0.4184259027266788
238 253 -0.08565028243590467
239 253 -0.038913137770452355
188 264 -1.3008300007371676
188 261 0.5841188470777665
245 284 -3.9184428135768994
255 278 1.6615501074318497
249 264 0.38602265684584536
188 225 -1.7825320036768968
234 236 -2.2726892867301896
162 251 -0.5170230248961472
233 269 0.3217949194737102
239 256 -0.24241052705099042
236 287 -3.5744537730315336
227 306 -1.914934325902037
257 306 2.101269714871794
78 258 -0.038913137770452355
230 269 -1.8806142848807943
253 256 1.0830275858277314
249 261 -0.33778538326100627
234 287 2.646993557188065
237 290 -0.3860227795812654
239 259 -0.023346044556825873
278 290 2.184051378192568
252 253 0.007781661256567096
256 259 1.0830275858277314
261 264 1.6328169387983074
222 282 0.22663210648628773
233 282 -5.53733426701854
252 262 0.8490926297285697
253 262 -0.3860227795812654
259 263 1.1671515377428254
239 263 0.9053573740495944
240 264 0.5170228985401271
188 266 2.5274488884529975
242 268 0.41842577919951873
258 282 0.1794573777347761
261 266 2.023523983245292
221 268 1.210635526973574
230 265 1.9149341938214999
243 265 1.1671515377428254
245 307 -1.324114566604422
246 308 -0.4184259027266788
240 298 2.2275794437459226
241 281 -2.368217501379304
241 288 -3.3153581355547077
221 288 -4.844202616288199
284 307 -1.847139159904398
307 308 1.880614156109223
255 308 -0.36989699244014895
281 288 0.6698459156176995
242 439 -2.9316434205780437
230 271 -2.418966560561031
38 293 -2.319517101482562
269 271 2.31951701078773
256 262 -0.635285935274005
260 263 0.3217949194737102
280 298 3.4370554399806776
264 298 1.0022628750411067
287 293 2.93164334365634
218 277 -3.732408358890588
278 308 0.21088184704301205
262 270 1.445594446330888
256 270 -0.4839058740936957
260 273 0.21088184704301205
243 277 3.2060450031958343
259 270 -0.5170230248961472
263 273 1.2551669361900215
267 293 -4.844202616288199
268 439 -4.145152083743929
252 290 -1.0625403846496646
270 272 2.0618119072200103
259 272 -0.7401649710893459
306 338 -4.844202616288199
257 338 -1.847139159904398
265 271 -3.43705550120135
263 272 -1.4455945421327967
268 288 -2.9316434205780437
265 283 -4.43612156009328
244 277 -4.844202616288199
272 274 2.2275794437459226
263 274 -1.60462908492035
273 275 1.347717671142901
260 275 -0.4510470176203887
260 279 -0.5841189757308616
248 279 -1.0022630255891705
228 276 -2.5274489963885465
232 276 1.6328169387983074
271 283 2.023523983245292
275 279 1.5497853865743236
227 267 -3.43705550120135
257 276 -2.8534722097520193
262 290 -1.2327653271421226
248 286 -0.8122801326543725
267 294 -4.145152083743929
269 282 -3.9184428135768994
279 286 1.3241144775306468
227 294 1.72076695640305
78 301 4.145152023550564
265 289 2.368217406966919
243 289 0.8306197427665889
274 285 1.3959338990403656
263 285 -1.3008300007371676
248 292 -1.042255157127819
234 299 1.0221648177565306
234 305 0.7940688968903633
229 301 2.418966462073592
277 284 -1.986327866288225
286 292 0.9629978960423582
299 305 0.3217949194737102
254 276 -3.732408358890588
243 296 3.4370554399806776
285 291 1.124638707269666
263 291 -2.5856858519456853
248 297 -1.3959339919795308
280 297 -0.722426472174637
261 298 0.652518806521984
241 295 -3.9184428135768994
281 295 1.9149341938214999
270 290 -1.0625403846496646
292 297 1.4968293639808472
78 302 0.9436225830949259
258 302 1.0221648177565306
270 309 -0.8490927706325437
273 291 -2.0618119810484816
268 314 -2.6469936768108107
290 309 2.93164334365634
288 314 -2.023524054927849
271 282 -4.43612156009328
265 303 -4.844202616288199
272 309 -0.5841189757308616
275 291 -1.690856787854381
280 300 -1.0221649697100497
267 312 -4.844202616288199
283 303 2.5856857384930256
274 309 -0.6698460476628039
279 291 -2.22757952790676
297 300 1.0022628750411067
266 298 1.347717671142901
293 312 -1.1246387871621042
294 312 1.3716527928075883
288 295 -0.16377929735639296
288 313 2.418966462073592
289 296 1.986327796610479
277 296 1.2551669361900215
295 313 0.40219817433836536
265 315 -4.844202616288199
286 310 -2.5856858519456853
280 304 -1.1457782950449733
78 301 3.3153580262671256
303 315 2.4719660016221714
285 309 -0.4839058740936957
291 310 1.604628978813839
300 304 0.9629978960423582
282 283 -4.43612156009328
265 316 -4.844202616288199
290 317 3.10674997290245
292 310 -2.5274489963885465
304 311 1.0830275858277314
280 311 -1.167151619412428
299 319 3.015725255756913
282 302 1.0022628750411067
315 316 2.7117470592609445
289 316 -4.43612156009328
278 317 0.1481210376275779
291 309 -0.5004308444200505
234 319 0.5004307185850176
294 306 -1.986327866288225
314 439 -5.53733426701854
289 320 -5.53733426701854
297 310 -2.4719661045957224
298 311 -1.4968294629075651
298 318 -1.7825320036768968
293 294 -4.43612156009328
293 306 2.646993557188065
316 320 2.93164334365634
277 307 -0.4184259027266788
311 318 0.982542654754837
296 321 0.6181436068748636
309 317 2.8534721380276795
291 317 0.023345926266394867
298 322 -1.7825320036768968
288 330 -2.5274489963885465
277 321 1.210635526973574
318 322 1.0830275858277314
225 266 -0.3860227795812654
314 330 0.7047961364960313
300 310 -2.4719661045957224
289 321 2.5274488884529975
289 324 -4.43612156009328
291 341 0.07006324471763459
304 310 -2.319517101482562
305 329 2.368217406966919
276 323 1.0830275858277314
320 324 1.6908566753683048
317 341 2.646993557188065
299 329 -0.07006336313715722
323 338 -3.9184428135768994
277 325 -2.2726892867301896
307 326 1.471006361575077
304 327 -1.1246387871621042
298 328 -1.6328170469254393
287 305 -0.4674454634335292
282 303 -3.9184428135768994
307 325 0.007781661256567096
308 326 0.054484828546315534
310 327 1.9501526258096291
311 327 -1.371652884404361
322 328 1.986327796610479
313 330 -2.319517101482562
310 341 0.4674453385798212
311 331 -1.324114566604422
305 343 3.7324082779400585
287 343 -0.10124760698692858
241 254 1.72076695640305
327 331 2.7117470592609445
241 323 -2.023524054927849
298 332 -2.5274489963885465
313 349 -0.5504199144331001
314 339 1.604628978813839
282 315 -3.9184428135768994
325 326 0.1168571278983801
318 331 -1.3477177614522067
328 332 1.7513136084096503
330 349 1.4968293639808472
277 334 -0.635285935274005
325 334 -0.007781779532672672
308 346 -4.145152083743929
278 355 -2.8534722097520193
317 355 -3.9184428135768994
318 333 -1.0221649697100497
305 337 -3.9184428135768994
330 339 0.023345926266394867
344 439 0.10124748840924536
282 316 -2.5274489963885465
331 333 2.4719660016221714
322 333 -1.4455945421327967
339 439 -4.43612156009328
251 344 1.6328169387983074
316 345 -2.7803933790295874
322 335 -1.1037246319352672
298 336 -2.1419841365639445
241 348 -3.5744537730315336
295 348 1.6328169387983074
282 345 3.7324082779400585
320 345 -3.732408358890588
321 324 -5.53733426701854
321 334 -0.6698460476628039
278 346 -0.635285935274005
333 335 2.646993557188065
332 336 1.604628978813839
322 342 -1.2106356105583946
335 342 2.2726891994400433
225 298 -0.4184259027266788
293 343 -1.4455945421327967
325 340 -0.8490927706325437
298 347 -1.690856787854381
225 361 -0.27405945275533616
324 345 -3.43705550120135
334 340 0.41842577919951873
326 340 -1.9501526936104758
346 355 -5.53733426701854
336 347 1.5497853865743236
298 361 -1.0221649697100497
329 337 -4.145152083743929
293 338 -3.106750063060895
162 344 -0.6872706606037844
340 350 1.8471390342477205
326 350 -2.1012697910023577
308 350 -0.7401649710893459
327 341 0.023345926266394867
328 342 -0.8864566941706382
298 351 -1.371652884404361
298 354 0.7940688968903633
319 362 1.1671515377428254
337 352 1.8144599138640842
305 352 -2.5856858519456853
353 439 1.7825318837304605
301 302 2.4719660016221714
346 350 -5.53733426701854
347 351 1.7825318837304605
351 354 1.5769599644200505
234 362 1.347717671142901
313 348 1.1457782142804072
344 353 1.7825318837304605
317 369 -5.53733426701854
331 341 0.4674453385798212
330 364 -1.3959339919795308
339 364 1.3716527928075883
355 369 0.8490926297285697
225 362 0.1637791782871667
349 364 -0.9436227297103521
328 356 -0.7940690348095123
332 356 -0.8864566941706382
299 366 0.5504197869721676
329 366 0.1168571278983801
329 362 -3.43705550120135
337 362 -0.21088196663715686
293 368 -1.420575958424365
342 356 2.184051378192568
343 368 3.3153580262671256
334 360 0.5841188470777665
333 341 0.7224263377855422
305 357 1.3959338990403656
335 341 1.188767543534301
336 356 -0.9629980439232386
361 362 0.4347078707200993
299 362 1.880614156109223
340 360 -2.023524054927849
336 358 -1.042255157127819
337 359 -3.2060451019615273
341 342 2.418966462073592
356 358 1.72076695640305
362 366 -2.1012697910023577
352 357 -2.1012697910023577
343 357 0.652518806521984
162 353 0.6698459156176995
346 373 -1.6615502176829433
352 363 0.07006324471763459
293 384 -0.24241052705099042
338 384 -2.7803933790295874
324 334 -3.3153581355547077
355 373 -3.3153581355547077
352 359 -2.319517101482562
357 363 -0.9825428039459942
345 365 0.2899341161553104
347 358 -1.0022630255891705
359 367 1.8144599138640842
352 367 -2.4719661045957224
78 302 1.880614156109223
282 365 -0.023346044556825873
350 360 -1.4968294629075651
351 358 -0.9244110766470177
324 379 1.2551669361900215
334 379 -2.6469936768108107
341 356 1.3959338990403656
354 358 -2.22757952790676
359 362 -1.690856787854381
313 364 -0.722426472174637
358 370 3.015725255756913
354 370 -1.914934325902037
372 439 -0.4674454634335292
353 372 2.141984057957801
360 379 -1.4710064589046166
341 369 -4.145152083743929
363 367 -2.319517101482562
302 377 1.103724552883528
362 374 -1.420575958424365
359 374 1.1671515377428254
293 378 -0.8490927706325437
338 375 -0.8864566941706382
282 377 3.9184427168471876
341 358 1.0422550037182607
350 385 -0.08565028243590467
346 385 -4.145152083743929
366 371 1.0022628750411067
378 384 0.9629978960423582
341 370 2.8534721380276795
299 371 1.2778513804684322
368 378 2.7803933118077264
375 384 -2.368217501379304
359 376 -1.6615502176829433
362 371 1.3716527928075883
323 375 -4.844202616288199
345 379 -3.5744537730315336
350 379 -1.8144600365838361
381 439 0.33778526158074773
365 379 -0.9629980439232386
373 385 -2.1012697910023577
374 376 -0.618143736811748
367 376 -1.7207670712436016
372 381 1.9501526258096291
162 372 -0.6010891274007599
355 387 -4.844202616288199
367 382 0.3217949194737102
379 385 -0.9053575182618498
373 387 3.3153580262671256
363 382 0.4347078707200993
343 396 -4.145152083743929
376 382 -0.6872706606037844
369 387 -5.53733426701854
361 388 -0.11685724657693086
241 386 3.3153580262671256
354 388 -0.8306198826413334
374 380 1.4205758640846524
376 380 -1.4455945421327967
357 383 -1.1887676261434261
343 383 -3.3153581355547077
348 386 -3.2060451019615273
341 393 0.1637791782871667
362 388 -0.22663222628581936
369 393 -0.7401649710893459
362 380 -1.1457782950449733
363 383 -2.5856858519456853
162 381 -0.10124760698692858
354 391 -0.4510470176203887
380 382 1.445594446330888
368 396 -4.43612156009328
362 397 1.3241144775306468
396 398 3.9184427168471876
368 398 -5.53733426701854
368 390 1.445594446330888
381 394 1.880614156109223
282 379 -4.844202616288199
388 397 -0.4184259027266788
378 390 -0.07006336313715722
394 439 0.8122799937741847
370 393 -0.08565028243590467
383 389 0.1168571278983801
375 402 0.1481210376275779
370 391 1.6615501074318497
343 389 -4.844202616288199
384 402 3.574453703354731
382 392 -1.042255157127819
363 392 2.31951701078773
313 339 -3.5744537730315336
380 392 -0.7940690348095123
389 396 -5.53733426701854
323 402 -3.106750063060895
370 404 0.6698459156176995
362 401 2.5856857384930256
380 401 -2.0618119810484816
241 403 -0.27405945275533616
373 379 -5.53733426701854
391 404 0.41842577919951873
323 403 -1.6615502176829433
380 395 -1.371652884404361
392 395 1.347717671142901
313 407 -4.43612156009328
390 398 -3.0157253387444354
384 390 -0.14812115655181013
386 403 -3.5744537730315336
339 407 -0.6698460476628039
162 394 -0.19515772478657212
387 412 2.8534721380276795
369 412 -5.53733426701854
384 399 2.418966462073592
393 404 3.9184427168471876
383 392 -1.914934325902037
390 399 1.9149341938214999
392 401 1.103724552883528
383 401 -3.43705550120135
395 401 1.6908566753683048
389 401 -5.53733426701854
282 400 4.436121480203944
398 406 0.1481210376275779
390 406 -1.3477177614522067
399 402 2.646993557188065
402 403 2.4719660016221714
393 412 -3.732408358890588
339 409 -2.023524054927849
348 403 -0.5504199144331001
407 409 2.418966462073592
373 435 3.7324082779400585
391 410 0.8677032967963991
354 410 0.21088184704301205
388 410 -0.40219829746062086
401 404 0.5504197869721676
391 401 -1.5769600686022973
396 405 3.015725255756913
390 411 -1.042255157127819
389 405 -4.844202616288199
406 411 2.7117470592609445
401 410 -0.867703438765498
398 405 4.145152023550564
362 408 0.007781661256567096
401 408 -0.533685124626992
399 411 -2.22757952790676
313 403 -0.5504199144331001
377 400 2.023523983245292
403 407 -0.7580155848378691
388 401 -0.7580155848378691
397 401 -1.371652884404361
405 406 0.07006324471763459
362 401 -0.8306198826413334
78 413 0.6181436068748636
389 414 -5.53733426701854
405 414 3.574453703354731
302 413 1.604628978813839
389 431 -0.7580155848378691
406 414 0.21088184704301205
401 431 -0.16377929735639296
282 377 3.10674997290245
409 439 -4.43612156009328
393 420 2.5274488884529975
389 422 -3.732408358890588
403 415 3.9184427168471876
412 420 -1.1457782950449733
414 422 0.982542654754837
399 403 -0.32179504083642385
282 416 2.418966462073592
282 377 2.184051378192568
379 419 -3.5744537730315336
407 415 -1.0625403846496646
377 416 1.232765242543629
282 419 1.103724552883528
422 431 2.5274488884529975
403 411 -0.07006336313715722
406 418 -0.0544849469084292
409 421 0.21088184704301205
421 439 -5.53733426701854
404 420 2.4719660016221714
414 418 3.10674997290245
411 418 -1.7207670712436016
403 421 -0.19515772478657212
409 415 -0.8306198826413334
377 413 0.1637791782871667
411 421 1.0625402297313233
78 417 0.369896870073811
413 417 1.4968293639808472
373 419 -3.2060451019615273
412 427 -1.3008300007371676
411 423 -0.023346044556825873
420 427 1.3241144775306468
418 423 0.7401648358628796
78 424 2.5274488884529975
409 430 -1.1246387871621042
377 417 0.1637791782871667
415 430 2.5856857384930256
282 425 1.6328169387983074
377 425 1.3241144775306468
282 426 1.6908566753683048
401 437 1.880614156109223
414 429 -0.867703438765498
425 426 2.418966462073592
422 429 3.3153580262671256
387 435 2.418966462073592
401 420 0.7047961364960313
421 423 1.445594446330888
282 428 1.3241144775306468
426 428 1.880614156109223
419 435 -4.844202616288199
418 429 -0.9825428039459942
421 430 -1.1037246319352672
420 438 2.368217406966919
420 437 2.31951701078773
429 432 2.2726891994400433
418 432 -1.2551670218420983
419 428 1.72076695640305
437 438 2.5274488884529975
417 434 1.103724552883528
427 436 -0.40219829746062086
420 436 2.7117470592609445
78 434 0.6010889981175147
415 421 0.07006324471763459
412 438 -1.690856787854381
422 433 1.986327796610479
427 438 0.9244109312539295
431 433 3.7324082779400585
377 426 0.9053573740495944
439 444 1.1457782142804072
394 444 1.6615501074318497
423 432 0.6352858046593717
377 419 0.9629978960423582
423 439 -5.53733426701854
439 440 3.015725255756913
421 440 -4.844202616288199
377 434 0.5170228985401271
377 428 0.7940688968903633
429 433 1.1671515377428254
401 433 2.368217406966919
436 438 2.8534721380276795
421 439 -5.53733426701854
162 444 -0.9629980439232386
419 446 -4.43612156009328
435 446 1.0830275858277314
435 441 -1.1887676261434261
387 441 -0.5170230248961472
432 433 1.6615501074318497
423 451 -2.7803933790295874
432 451 -2.5856858519456853
439 451 0.5841188470777665
435 442 4.844202556684481
387 443 -1.6615502176829433
441 443 0.8306197427665889
377 446 -5.53733426701854
377 445 1.232765242543629
442 446 2.0618119072200103
78 447 0.7401648358628796
434 447 0.8677032967963991
441 448 -2.2726892867301896
443 449 -1.4968294629075651
433 450 3.10674997290245
441 449 -1.3959339919795308
441 442 -4.43612156009328
448 449 0.652518806521984
412 443 -3.43705550120135
446 453 1.880614156109223
442 453 3.574453703354731
377 447 0.4674453385798212
433 451 -2.5274489963885465
441 454 -3.5744537730315336
412 452 4.844202556684481
451 457 1.5497853865743236
448 454 0.9244109312539295
450 457 -4.43612156009328
78 455 0.5004307185850176
447 455 1.4205758640846524
443 458 -4.844202616288199
449 458 0.41842577919951873
448 456 -1.4968294629075651
449 456 -0.618143736811748
438 452 -1.083027742309897
78 460 0.5504197869721676
451 459 0.9436225830949259
455 460 1.6615501074318497
377 455 0.6352858046593717
457 459 1.9149341938214999
450 466 -4.844202616288199
457 466 3.7324082779400585
439 461 0.3217949194737102
456 458 -1.5497854889223055
451 461 1.6615501074318497
448 463 -0.10124760698692858
456 463 -1.2327653271421226
401 462 2.31951701078773
454 463 0.7047961364960313
78 465 0.4347078707200993
451 464 0.22663210648628773
460 465 1.5230823357393546
459 464 3.7324082779400585
412 442 1.9501526258096291
412 441 0.5170228985401271
452 489 -0.722426472174637
451 488 0.2899341161553104
438 489 4.145152023550564
464 488 2.93164334365634
444 470 -0.40219829746062086
377 460 0.5336849977291656
458 463 0.652518806521984
162 470 3.7324082779400585
453 473 2.93164334365634
441 463 -3.43705550120135
401 467 1.188767543534301
459 466 1.6908566753683048
442 473 3.7324082779400585
462 467 1.1671515377428254
441 458 -4.844202616288199
441 443 0.8677032967963991
451 468 0.38602265684584536
461 468 0.41842577919951873
439 469 0.5841188470777665
401 438 -3.43705550120135
468 488 2.368217406966919
461 469 1.6328169387983074
439 471 0.274059332246233
464 466 2.141984057957801
469 471 2.141984057957801
377 465 0.9629978960423582
461 474 0.8122799937741847
439 475 -0.038913137770452355
433 467 1.2778513804684322
466 488 2.7117470592609445
468 474 2.101269714871794
471 475 2.141984057957801
377 472 4.145152023550564
439 476 0.3217949194737102
475 476 2.023523983245292
439 470 -0.023346044556825873
450 479 3.4370554399806776
461 477 1.0422550037182607
466 479 -4.844202616288199
474 477 3.4370554399806776
439 478 2.5274488884529975
412 489 -0.4674454634335292
401 467 1.232765242543629
469 477 2.418966462073592
474 488 2.141984057957801
465 480 1.1457782142804072
377 480 4.145152023550564
412 481 4.844202556684481
439 482 -0.08565028243590467
476 482 1.6328169387983074
438 487 0.6872705278045488
475 483 0.1794573777347761
439 484 0.7580154487445683
477 488 2.418966462073592
471 483 0.9053573740495944
476 483 -0.16377929735639296
482 484 1.3959338990403656
433 485 0.19515760538251437
450 485 0.9436225830949259
476 486 0.35381849771398977
481 489 0.242410407030617
467 485 1.3008299128497565
483 486 1.986327796610479
476 488 0.9629978960423582
401 487 -2.1012697910023577
479 485 1.3241144775306468
486 488 1.9501526258096291
453 497 -4.844202616288199
469 488 1.6908566753683048
471 488 2.418966462073592
446 497 -5.53733426701854
473 497 -4.844202616288199
478 491 -0.10124760698692858
482 488 0.8677032967963991
473 502 -5.53733426701854
479 490 0.274059332246233
479 492 1.5769599644200505
466 492 -5.53733426701854
483 488 2.2726891994400433
497 502 3.4370554399806776
487 489 0.9436225830949259
485 490 1.8144599138640842
484 488 1.4205758640846524
439 491 -1.2551670218420983
439 491 -0.5672302300910688
401 485 0.5336849977291656
490 492 2.023523983245292
470 491 -1.4710064589046166
442 502 -4.145152083743929
439 493 0.08565016394454328
491 493 0.5504197869721676
489 494 -0.7940690348095123
481 494 4.145152023550564
377 465 0.5672301020452246
412 502 -5.53733426701854
491 498 -2.7117471225450083
470 498 2.184051378192568
401 495 1.986327796610479
401 492 0.6010889981175147
484 493 0.1794573777347761
401 466 -5.53733426701854
493 498 0.5504197869721676
493 500 0.7401648358628796
484 500 0.3217949194737102
489 503 2.5274488884529975
494 503 0.10124748840924536
162 498 1.6908566753683048
377 501 -5.53733426701854
446 501 2.101269714871794
481 499 3.7324082779400585
489 508 -5.53733426701854
487 508 -2.5856858519456853
488 496 0.9436225830949259
401 488 -5.53733426701854
494 499 1.72076695640305
78 504 0.40219817433836536
401 508 -5.53733426701854
465 504 1.604628978813839
401 496 -5.53733426701854
494 506 0.652518806521984
493 507 -1.6328170469254393
498 507 2.141984057957801
162 505 0.982542654754837
497 501 -5.53733426701854
499 506 1.0422550037182607
498 505 1.986327796610479
494 510 -2.8534722097520193
488 493 -2.023524054927849
503 510 -1.2778514672160726
488 500 -2.319517101482562
488 507 3.015725255756913
377 504 0.1481210376275779
481 502 -4.145152083743929
503 508 -2.0618119810484816
162 509 2.2726891994400433
505 509 2.368217406966919
495 508 -5.53733426701854
488 498 2.5274488884529975
496 511 2.646993557188065
488 511 -1.2327653271421226
506 510 -1.3477177614522067
505 512 1.347717671142901
401 508 -5.53733426701854
498 512 2.4719660016221714
508 510 -3.5744537730315336
377 513 2.2726891994400433
509 512 0.2899341161553104
508 516 -5.53733426701854
509 514 2.0618119072200103
510 516 1.986327796610479
512 514 2.93164334365634
162 515 2.4719660016221714
504 517 0.9053573740495944
377 517 3.015725255756913
506 521 -2.4719661045957224
488 518 -4.43612156009328
488 525 2.8534721380276795
510 521 -5.53733426701854
498 525 0.982542654754837
488 519 -4.145152083743929
512 525 3.2060450031958343
518 519 0.3058452631148958
162 514 3.10674997290245
499 521 -5.53733426701854
401 511 -5.53733426701854
511 519 -2.0618119810484816
514 525 4.436121480203944
488 523 -3.9184428135768994
518 523 0.41842577919951873
377 504 0.2899341161553104
377 524 -1.8144600365838361
481 521 -4.844202616288199
162 525 3.4370554399806776
515 520 2.4719660016221714
162 520 2.0618119072200103
501 524 -0.722426472174637
508 530 -1.3959339919795308
518 522 0.40219817433836536
516 530 0.7580154487445683
488 527 -3.43705550120135
513 524 -0.9436227297103521
523 527 1.8144599138640842
525 527 -5.53733426701854
516 521 -5.53733426701854
401 519 -3.9184428135768994
162 520 0.40219817433836536
518 529 0.4347078707200993
523 529 2.0618119072200103
520 525 2.418966462073592
497 524 -2.4719661045957224
377 526 2.368217406966919
522 529 2.31951701078773
526 528 2.101269714871794
377 528 1.9501526258096291
401 518 -1.371652884404361
524 537 -0.14812115655181013
497 537 1.3716527928075883
522 531 -0.635285935274005
377 524 -0.4347079946705643
401 531 0.5672301020452246
530 532 2.31951701078773
508 532 -2.023524054927849
481 533 2.8534721380276795
508 534 -2.5274489963885465
523 525 -1.986327866288225
162 535 2.2275794437459226
377 537 -2.5856858519456853
521 530 -4.844202616288199
532 534 1.604628978813839
520 535 1.72076695640305
522 554 0.4347078707200993
529 554 -0.11685724657693086
377 528 2.646993557188065
401 538 2.8534721380276795
377 536 0.22663210648628773
528 536 1.1457782142804072
531 554 1.0422550037182607
497 539 0.5170228985401271
537 539 0.21088184704301205
529 543 -1.0221649697100497
521 532 -2.6469936768108107
401 534 -2.0618119810484816
525 535 1.8144599138640842
481 547 -4.43612156009328
401 544 2.4719660016221714
531 542 1.5497853865743236
523 543 -2.5856858519456853
533 547 -4.43612156009328
521 547 2.93164334365634
521 534 -3.106750063060895
401 542 2.418966462073592
543 554 2.4719660016221714
538 544 4.436121480203944
536 540 1.3241144775306468
377 540 0.6872705278045488
523 554 -3.106750063060895
377 536 0.2899341161553104
377 541 1.3716527928075883
540 541 2.418966462073592
525 545 -2.1012697910023577
377 539 -1.5230824363372633
523 545 -2.2726892867301896
539 552 -1.847139159904398
377 552 -0.722426472174637
542 554 0.3058452631148958
481 497 -2.368217501379304
523 550 -1.2778514672160726
525 549 -1.7825320036768968
377 540 0.48390574875928927
545 550 -0.32179504083642385
545 549 1.6328169387983074
541 546 1.4968293639808472
377 546 0.5170228985401271
521 539 -4.844202616288199
521 552 -0.4347079946705643
546 548 1.6908566753683048
377 548 0.7224263377855422
481 521 -3.3153581355547077
521 533 -3.3153581355547077
377 541 1.2551669361900215
377 551 0.6872705278045488
497 521 -1.2327653271421226
548 551 1.6908566753683048
377 553 2.7803933118077264
545 555 -0.24241052705099042
551 553 1.5230823357393546
401 521 -5.53733426701854
550 554 -4.43612156009328
377 546 0.9244109312539295
401 558 -5.53733426701854
525 556 -0.6525189378391278
549 556 1.5769599644200505
377 548 1.0422550037182607
377 557 0.1168571278983801
552 557 1.0022628750411067
550 555 0.7047961364960313
538 558 -5.53733426701854
549 555 -1.986327866288225
555 559 1.986327796610479
549 559 -1.6328170469254393
377 551 0.652518806521984
554 555 -5.53733426701854
521 557 0.38602265684584536
544 558 -5.53733426701854
556 559 -0.6010891274007599
554 559 -5.53733426701854
401 558 -5.53733426701854
525 560 -0.4347079946705643
556 560 1.604628978813839
525 561 -0.5841189757308616
560 561 2.141984057957801
525 562 -0.6525189378391278
561 562 1.7825318837304605
525 563 -0.533685124626992
562 563 1.2778513804684322
377 564 -1.2778514672160726
557 564 1.5769599644200505
559 560 1.9501526258096291
401 568 -3.5744537730315336
560 565 -1.7825320036768968
561 566 -0.007781779532672672
562 566 -0.5170230248961472
521 564 -0.22663222628581936
558 568 0.38602265684584536
542 568 -4.145152083743929
561 565 -0.9825428039459942
559 565 -2.7803933790295874
563 566 -0.305845384176723
565 566 -0.7940690348095123
377 567 -1.167151619412428
564 567 1.9501526258096291
521 567 -1.1246387871621042
554 565 -2.319517101482562
377 571 1.9149341938214999
568 569 -1.4968294629075651
542 569 -4.43612156009328
554 569 -5.53733426701854
567 571 1.9149341938214999
554 573 2.8534721380276795
558 572 2.5856857384930256
568 572 3.015725255756913
573 577 -2.5274489963885465
554 577 -5.53733426701854
521 570 1.9149341938214999
567 570 -0.13248112001244716
568 574 1.5497853865743236
569 574 -0.5004308444200505
554 566 -4.844202616288199
567 607 -2.7117471225450083
570 607 1.0221648177565306
554 569 -5.53733426701854
571 607 -0.27405945275533616
569 577 3.10674997290245
377 578 0.40219817433836536
571 578 2.141984057957801
570 575 1.8144599138640842
521 575 1.124638707269666
521 576 2.31951701078773
569 579 -5.53733426701854
574 579 -2.368217501379304
575 576 1.2778513804684322
377 580 1.471006361575077
578 580 1.7513136084096503
578 607 -0.33778538326100627
575 607 1.1457782142804072
558 582 1.9501526258096291
572 582 3.10674997290245
568 582 2.101269714871794
576 607 1.0625402297313233
521 581 2.646993557188065
568 583 -1.4455945421327967
574 583 0.8864565510992328
569 573 -3.5744537730315336
576 581 2.2726891994400433
579 583 -4.43612156009328
580 607 0.5504197869721676
582 583 -1.0625403846496646
581 607 1.4968293639808472
582 584 0.5004307185850176
583 584 -0.5170230248961472
583 587 -2.7803933790295874
579 587 0.9053573740495944
521 585 1.986327796610479
581 585 2.418966462073592
377 586 4.436121480203944
584 587 -3.106750063060895
579 592 -0.0544849469084292
569 592 -5.53733426701854
584 589 -5.53733426701854
587 589 2.31951701078773
587 592 1.103724552883528
585 607 0.982542654754837
521 588 1.986327796610479
585 588 1.9501526258096291
580 594 1.6328169387983074
377 594 0.8677032967963991
521 590 2.2275794437459226
588 590 1.8471390342477205
589 591 1.0830275858277314
594 607 0.5170228985401271
584 591 -5.53733426701854
521 595 1.0830275858277314
589 593 1.188767543534301
587 597 -0.11685724657693086
592 597 2.8534721380276795
588 607 0.652518806521984
590 595 1.8144599138640842
591 593 0.7224263377855422
589 597 1.0422550037182607
521 596 2.184051378192568
590 607 0.7759821143416219
595 596 2.2726891994400433
593 597 0.5170228985401271
377 598 0.2899341161553104
594 598 1.232765242543629
584 605 0.054484828546315534
591 605 -1.4455945421327967
591 599 -3.106750063060895
595 607 0.5841188470777665
593 599 -1.8806142848807943
598 607 -0.023346044556825873
596 607 0.9436225830949259
599 605 -0.007781779532672672
521 600 0.5504197869721676
521 608 -4.844202616288199
596 600 1.471006361575077
401 608 3.2060450031958343
377 602 0.5841188470777665
598 602 1.72076695640305
592 593 -0.9436227297103521
592 599 -4.43612156009328
521 601 0.4674453385798212
600 601 1.0221648177565306
596 604 0.5841188470777665
521 603 1.232765242543629
602 607 0.40219817433836536
604 607 1.445594446330888
601 603 1.5769599644200505
596 606 0.5170228985401271
604 606 1.7513136084096503
600 607 0.5004307185850176
606 607 1.3241144775306468
592 605 -2.7117471225450083
377 609 0.652518806521984
602 609 1.9501526258096291
601 607 0.38602265684584536
603 607 0.22663210648628773
521 607 0.4347078707200993
584 592 -3.5744537730315336
607 609 1.232765242543629
521 611 -2.9316434205780437
608 611 1.445594446330888
401 610 1.9501526258096291
607 611 -5.53733426701854
608 610 2.141984057957801
569 613 -5.53733426701854
592 613 2.368217406966919
401 612 3.2060450031958343
610 612 2.2726891994400433
377 615 0.8490926297285697
609 615 2.418966462073592
584 617 0.8490926297285697
592 617 -4.43612156009328
401 614 1.232765242543629
607 615 0.7940688968903633
610 611 0.38602265684584536
592 621 -3.43705550120135
617 621 -4.844202616288199
612 616 2.5274488884529975
401 616 1.604628978813839
611 612 1.2551669361900215
592 622 -4.844202616288199
613 622 -1.847139159904398
401 618 1.0625402297313233
616 618 1.6615501074318497
614 618 0.7759821143416219
613 623 1.5769599644200505
622 623 -5.53733426701854
401 619 1.9501526258096291
592 628 -4.145152083743929
592 627 -3.106750063060895
401 618 0.8864565510992328
621 628 3.7324082779400585
627 628 2.368217406966919
622 627 -2.6469936768108107
569 623 -5.53733426701854
618 619 1.4205758640846524
401 620 1.188767543534301
611 616 1.3959338990403656
619 620 1.5769599644200505
582 625 2.93164334365634
558 625 1.445594446330888
611 618 0.5336849977291656
611 619 0.7759821143416219
620 624 1.2551669361900215
401 624 1.8471390342477205
584 625 0.274059332246233
401 626 1.604628978813839
558 631 1.7513136084096503
611 620 1.1457782142804072
401 631 -3.732408358890588
611 624 1.2551669361900215
624 626 1.3008299128497565
626 631 -3.9184428135768994
607 629 2.0618119072200103
607 630 2.184051378192568
629 630 2.5856857384930256
611 626 3.574453703354731
607 631 1.3008299128497565
607 626 -4.844202616288199
621 638 -3.2060451019615273
628 638 -1.3008300007371676
558 632 1.188767543534301
631 632 1.4205758640846524
558 633 1.210635526973574
558 634 1.9501526258096291
632 633 2.184051378192568
633 634 2.368217406966919
627 636 0.1794573777347761
622 636 -1.60462908492035
558 635 1.986327796610479
623 636 2.418966462073592
607 632 1.103724552883528
634 635 2.141984057957801
607 633 1.4205758640846524
607 634 1.7825318837304605
628 636 -0.6010891274007599
635 637 2.0618119072200103
558 637 0.9629978960423582
607 635 1.5230823357393546
377 639 0.07006324471763459
615 639 1.6908566753683048
636 638 -3.5744537730315336
558 640 0.9436225830949259
637 640 1.72076695640305
638 643 4.436121480203944
636 643 -5.53733426701854
607 639 -0.10124760698692858
607 637 1.103724552883528
377 641 0.40219817433836536
639 641 1.880614156109223
558 642 0.7401648358628796
640 642 1.7513136084096503
607 640 0.8490926297285697
558 644 0.5841188470777665
642 644 2.31951701078773
558 645 0.8306197427665889
607 641 0.2582187931706581
644 645 2.184051378192568
623 643 -5.53733426701854
558 646 0.7224263377855422
607 642 0.5170228985401271
645 646 1.347717671142901
377 648 -0.19515772478657212
641 648 1.0221648177565306
607 644 0.40219817433836536
607 645 0.9244109312539295
558 584 1.445594446330888
569 647 2.646993557188065
623 647 -4.43612156009328
607 646 0.19515760538251437
607 648 0.03891301945135828
623 649 -3.9184428135768994
647 649 -0.038913137770452355
623 638 -4.844202616288199
584 652 1.9149341938214999
558 652 1.210635526973574
648 653 2.5856857384930256
617 655 -4.43612156009328
621 655 -0.40219829746062086
607 653 2.023523983245292
638 655 -3.9184428135768994
569 649 -1.0625403846496646
377 650 -0.4674454634335292
569 651 -3.0157253387444354
648 650 2.023523983245292
649 651 0.8306197427665889
646 656 3.2060450031958343
607 656 1.347717671142901
584 655 -5.53733426701854
638 649 0.19515760538251437
584 654 1.232765242543629
655 657 1.9149341938214999
652 654 1.8144599138640842
638 657 -2.7117471225450083
558 656 1.5497853865743236
558 658 0.45104689322786395
652 658 1.124638707269666
584 663 3.015725255756913
638 651 -1.8144600365838361
655 663 -4.844202616288199
607 650 -0.14812115655181013
638 659 -4.844202616288199
657 659 2.5856857384930256
558 666 1.5230823357393546
658 666 2.7803933118077264
569 665 -5.53733426701854
651 665 -0.8306198826413334
638 662 -4.844202616288199
654 658 0.2582187931706581
659 662 2.2275794437459226
658 661 2.8534721380276795
654 661 0.9629978960423582
584 660 1.5497853865743236
638 664 4.145152023550564
654 660 1.986327796610479
651 664 -1.2327653271421226
661 666 1.880614156109223
654 666 0.5504197869721676
638 667 -2.7803933790295874
569 677 -4.145152083743929
662 667 2.2726891994400433
665 677 2.8534721380276795
638 669 -3.5744537730315336
660 663 0.7580154487445683
667 669 1.471006361575077
663 668 2.4719660016221714
638 670 -3.5744537730315336
656 666 0.6352858046593717
660 668 2.368217406966919
657 663 -4.43612156009328
669 670 2.0618119072200103
664 665 -3.2060451019615273
657 672 -4.43612156009328
638 671 -4.43612156009328
660 666 1.3959338990403656
663 672 2.023523983245292
659 672 -2.8534722097520193
670 671 2.2726891994400433
659 673 -3.43705550120135
664 676 2.2726891994400433
665 676 -3.5744537730315336
672 673 3.10674997290245
662 673 -4.43612156009328
673 675 2.4719660016221714
662 675 -4.43612156009328
665 679 -4.844202616288199
676 679 2.418966462073592
664 671 -3.43705550120135
666 668 1.6328169387983074
664 678 -5.53733426701854
667 675 -3.732408358890588
671 678 2.023523983245292
663 674 1.103724552883528
672 674 1.0625402297313233
667 681 -3.106750063060895
569 688 -5.53733426701854
668 674 1.3008299128497565
675 681 2.0618119072200103
669 681 -3.9184428135768994
677 688 2.31951701078773
670 681 -3.106750063060895
672 680 0.5504197869721676
673 680 1.5769599644200505
670 683 -3.43705550120135
674 680 1.8471390342477205
681 683 2.7117470592609445
671 683 -2.9316434205780437
675 682 2.101269714871794
671 684 -4.844202616288199
664 686 -4.844202616288199
680 682 1.7513136084096503
683 684 1.8471390342477205
678 686 1.6328169387983074
607 685 0.08565016394454328
656 685 3.7324082779400585
666 674 0.9053573740495944
671 689 -3.2060451019615273
684 689 1.9501526258096291
681 682 0.6698459156176995
676 686 -2.8534722097520193
665 688 3.2060450031958343
676 690 -3.43705550120135
666 680 1.2778513804684322
678 689 -4.145152083743929
686 690 1.9501526258096291
679 690 -3.732408358890588
681 687 0.3058452631148958
683 687 0.40219817433836536
684 687 1.0830275858277314
679 691 -4.145152083743929
666 685 -0.27405945275533616
666 682 1.8471390342477205
682 687 1.604628978813839
690 691 1.7513136084096503
679 688 -2.5274489963885465
686 689 -3.0157253387444354
607 692 4.844202556684481
685 692 1.2778513804684322
688 691 0.4674453385798212
666 687 0.8864565510992328
666 684 1.8144599138640842
666 689 -0.305845384176723
689 690 -3.9184428135768994
666 692 1.232765242543629
377 693 1.604628978813839
650 693 1.9501526258096291
689 691 -1.371652884404361
607 693 0.07006324471763459
666 691 -2.9316434205780437
692 694 3.2060450031958343
607 694 2.2275794437459226
666 688 -4.844202616288199
666 694 1.2551669361900215
688 696 -5.53733426701854
666 696 2.7803933118077264
688 695 3.10674997290245
695 696 -4.145152083743929
694 698 2.2726891994400433
688 697 2.5856857384930256
695 697 1.7513136084096503
607 698 0.7940688968903633
666 698 -0.32179504083642385
697 699 2.368217406966919
688 699 3.9184427168471876
688 700 2.93164334365634
569 704 -4.844202616288199
699 700 2.5856857384930256
688 704 1.4205758640846524
695 703 -4.844202616288199
696 703 1.5497853865743236
697 703 -4.844202616288199
666 703 3.2060450031958343
377 702 0.10124748840924536
693 702 2.7803933118077264
569 701 3.3153580262671256
699 703 -3.9184428135768994
700 704 2.31951701078773
699 705 -4.43612156009328
703 705 2.8534721380276795
607 702 0.023345926266394867
701 704 -5.53733426701854
607 706 -0.6525189378391278
698 706 3.015725255756913
700 705 -4.844202616288199
666 705 2.646993557188065
666 700 -5.53733426701854
569 707 2.7803933118077264
666 706 -1.60462908492035
607 709 -2.418966560561031
706 709 1.9149341938214999
569 708 3.9184427168471876
569 704 -4.43612156009328
666 704 -5.53733426701854
704 710 1.72076695640305
569 711 -3.9184428135768994
704 711 1.9501526258096291
707 708 2.418966462073592
708 711 -3.732408358890588
607 716 2.023523983245292
709 716 1.124638707269666
666 709 -3.0157253387444354
708 714 -5.53733426701854
711 714 -0.21088196663715686
704 712 0.5004307185850176
710 712 1.232765242543629
704 713 0.7401648358628796
712 713 1.5497853865743236
704 714 2.31951701078773
666 710 -4.844202616288199
708 717 -3.5744537730315336
666 716 1.7513136084096503
714 717 2.101269714871794
712 715 -0.11685724657693086
710 715 2.7117470592609445
713 715 0.5170228985401271
707 717 -4.844202616288199
704 715 2.101269714871794
666 715 -5.53733426701854
714 715 1.445594446330888
569 717 -1.7207670712436016
715 717 4.145152023550564
666 717 -2.1419841365639445
