MULTICUT
0 11 0.546133
0 16 -0.155477
0 29 0.874063
0 36 -0.214872
0 65 -1.10132
0 66 2.22758
1 17 2.63019
1 23 -1.91974
1 35 0.410809
1 47 -0.353819
2 7 -0.601688
2 12 0.337785
2 26 -0.26731
2 44 -1.50592
2 49 -0.517023
3 4 -0.0572325
3 19 0.594899
3 38 0.177263
4 19 -0.031887
4 20 0.0266658
4 38 -2.1869
5 10 6.06043
5 25 2.64699
6 11 0.330086
6 22 -0.589316
6 23 0.0257967
7 12 -3.57445
8 13 -1.21064
8 21 -4.36852
9 10 0.943623
9 24 3.02875
10 24 8.16474
10 25 7.89739
10 39 2.18405
10 45 4.6491
10 73 3.99346
11 22 -0.306934
11 27 0.0224463
11 29 4.77001
11 37 0.150386
11 52 1.52563
11 66 0.223612
11 70 1.96039
12 13 -0.892043
12 49 -4.79325
12 75 -0.106525
13 21 0.02855
13 32 -4.50116
13 33 -3.73241
13 40 -2.68748
13 46 -1.39593
13 51 0.687271
13 53 -0.635689
13 75 0.576116
13 81 -0.15953
14 20 -0.56723
14 38 -2.93164
14 41 -2.51926
15 16 -0.088685
15 25 1.17093
15 28 0.626766
15 43 0.0944299
16 28 -2.87334
16 31 2.22032
16 36 0.746872
16 43 -2.5153
17 26 2.64483
17 35 0.311
17 48 -5.29522
17 56 -0.775982
17 60 -6.88981
17 68 -7.45185
18 19 2.8819
18 21 0.0207698
18 40 -0.0340997
18 50 -0.0721502
18 61 -0.0132311
18 69 0.528562
18 76 1.29472
18 98 0.94262
18 123 -0.222991
19 38 1.48184
19 50 -0.212007
19 61 5.25348
19 84 -0.0285067
20 38 -0.0533317
21 40 -0.710935
22 23 -0.0149985
22 27 0.710943
22 30 1.04124
22 34 5.82032
22 37 -0.0226368
22 47 -8.98029
22 55 -2.47975
23 30 -0.00618294
23 47 -2.52745
24 39 0.83062
24 45 3.62351
24 59 1.16715
24 63 1.32411
25 28 0.882709
25 42 1.87818
25 73 3.37255
25 79 0.159835
25 99 0.588269
25 105 0.0274616
25 112 3.06828
26 44 -4.43612
26 56 -2.92117
27 34 4.98285
27 37 0.0222695
27 52 0.0808062
27 67 1.89456
27 77 0.353909
27 82 -0.0316165
27 83 0.359501
27 100 0.0406304
28 42 4.36009
28 43 1.58859
28 79 0.0443263
29 66 6.19607
30 47 -1.30083
31 36 2.37502
31 43 -0.424403
31 54 2.79143
31 64 0.0650305
32 46 -0.023346
32 53 -0.962998
33 40 -6.14602
33 46 -0.023346
33 51 -0.368866
33 53 6.70674
33 58 0.277768
33 69 -3.38761
34 52 -0.0253645
34 55 -1.99234
34 67 5.17063
34 77 0.099235
35 47 -2.85347
35 48 -1.72077
36 54 0.03989
36 64 0.195491
36 65 3.53716
37 52 0.184078
38 41 1.72077
38 61 0.0835845
38 72 4.29539
38 84 -0.262999
38 89 2.4293
38 90 -0.868424
39 45 4.12997
40 58 -3.93367
40 69 0.24852
41 72 2.22986
41 90 -0.153158
41 115 0.00196863
42 43 3.51137
42 79 0.478806
42 105 -0.342435
42 107 -1.78253
43 54 -0.165408
43 92 -0.737689
43 107 -1.62176
44 49 -1.30083
44 56 -0.00462984
44 57 -2.05251
44 62 -0.0512071
45 59 4.41613
45 73 3.23843
45 74 0.627764
46 51 -0.517023
46 53 -0.905358
47 48 -0.154923
47 55 -4.14515
47 60 0.455974
47 78 0.488234
47 93 -0.0856503
47 96 1.06254
47 102 1.02216
48 60 -1.60888
49 57 -0.00778178
49 62 -1.54979
49 71 -4.1369
49 75 -2.52745
49 91 -2.58569
49 94 -5.28841
49 103 -2.14198
50 61 -0.150843
50 76 -0.0865399
52 70 3.13796
52 77 -0.32411
52 82 -0.0328615
52 100 -1.12208
53 69 -1.04226
53 81 -0.0366405
53 88 0.467684
53 101 2.93851
53 119 2.84671
53 122 2.75069
53 129 0.0620258
53 133 -1.47101
53 136 -1.16715
53 142 -2.31952
53 144 -3.73241
53 147 -0.0515144
54 64 -0.0529478
54 92 0.0313873
54 106 -1.76007
54 107 1.2802
54 114 -0.0250026
54 130 -7.87318
55 67 -2.54538
55 102 -4.8442
56 62 0.0206821
56 68 -2.87595
56 80 -0.0386476
56 85 -0.195158
56 97 -1.46232
57 62 -0.211687
57 71 -0.0431543
58 69 -1.03479
59 63 0.00851363
59 73 0.369643
59 74 0.407826
60 68 2.04697
60 78 1.05938
60 85 6.45218
60 93 -0.422901
60 96 2.01746
60 124 4.94776
60 125 0.26305
60 126 0.27176
61 76 0.552862
61 84 -1.96341
61 98 -0.234396
61 113 -4.55636
61 120 -0.924411
61 123 0.566077
62 71 1.37081
62 80 0.0995326
63 73 1.04807
63 74 0.190184
63 95 0.45916
64 65 0.661748
64 114 2.83628
64 130 -2.64699
65 66 -2.28337
65 108 2.19027
65 114 1.35692
66 70 1.16121
66 86 0.471079
66 108 -0.121746
66 114 0.0540441
67 70 -5.28841
67 82 -0.0190994
67 83 0.535142
67 100 0.060177
67 102 -3.66824
68 85 0.286471
69 87 -0.0599869
69 88 -3.61728
69 98 1.01718
70 82 -0.0328615
70 86 10.0208
70 100 -10.4613
70 102 -9.28032
70 108 -0.243802
70 114 1.97401
70 146 -8.98936
70 160 -5.53733
70 164 -11.5631
70 212 -4.14515
71 80 2.29271
71 94 -1.69086
71 103 1.16841
71 104 -2.58569
72 90 -0.153158
73 74 1.20375
73 95 0.649373
73 99 2.72333
73 118 -2.79331
73 127 3.10675
74 95 0.10412
75 81 -0.0752216
75 91 -1.95015
76 98 0.5637
77 82 -0.00751794
78 93 -0.218767
79 105 1.65984
80 97 4.35087
80 104 -1.14085
80 110 0.83062
81 91 -1.84714
81 101 -0.073281
82 83 -0.0192605
82 100 -2.50053
83 100 0.0353039
84 89 -2.62242
84 90 -1.05335
84 113 1.55639
85 97 9.11455
85 125 -8.08537e-05
85 126 3.93025
85 143 4.80835e-05
87 88 -0.0714278
87 98 -2.14927
88 98 -8.97058
88 109 -7.2338
88 119 0.233842
89 90 -0.213074
90 113 -0.571838
90 115 0.00745542
90 137 1.51396
90 148 -0.0290785
90 159 0.343435
91 101 -0.044533
91 103 -0.0222665
92 106 -0.0308221
92 107 0.395408
93 96 -0.540748
94 103 -0.195158
96 102 1.60463
96 116 0.413754
96 124 2.00412
96 128 0.975544
96 135 0.902798
96 151 3.63131
97 110 3.13916
97 126 1.36288
97 140 0.0138349
98 109 0.274059
98 111 -5.75851
98 113 -3.20605
98 119 -3.73241
98 123 -0.306022
98 142 0.0804984
98 144 1.70062
98 155 -3.20605
99 112 0.00151254
99 118 -0.522332
101 103 0.0432676
101 117 0.00108083
101 129 0.0927516
101 147 -0.0955428
102 128 4.03119
102 146 5.01809
103 104 -0.132481
103 110 3.73799
103 117 0.969616
103 129 -1.82492
104 110 -1.81446
105 107 -0.0675162
105 112 2.43117
105 121 -4.34999
106 107 -0.61632
107 121 2.9208
107 130 -2.58569
107 153 -0.146585
108 114 0.95185
109 111 -1.00931
109 119 -1.30083
110 126 0.105233
110 129 -0.137626
110 140 0.0241452
110 143 0.0105686
110 152 -0.0406929
110 158 -0.25964
111 119 -1.75131
112 118 -0.0796986
112 121 -0.55042
112 132 -0.60162
113 120 3.4235
113 123 -1.75131
113 131 0.189105
113 144 -1.57696
113 145 10.2876
113 148 -1.2009
113 155 2.85347
113 156 1.23305
113 167 -6.88981
113 174 -2.41897
113 178 -2.31952
113 184 -0.199485
113 186 -0.398513
113 195 2.47197
114 130 -3.31536
114 134 -0.258219
114 139 -11.0747
114 154 -9.31145
114 164 -9.68249
114 181 -5.53733
115 137 0.0410698
115 159 0.00807886
117 129 -0.978837
118 121 1.75131
118 127 -0.226632
118 132 -3.41391
118 138 -4.71491
118 157 3.34
118 168 -6.56412
118 200 -4.14515
119 142 -0.924411
120 131 0.0492113
121 132 -1.18877
121 153 -0.747675
121 168 -7.21242
121 169 2.79997
121 179 -4.8442
122 133 -1.57696
122 136 -0.758016
122 141 -0.0239645
122 147 -0.264402
124 125 0.343159
124 143 2.54825
124 151 1.95015
125 126 -0.30325
125 143 0.601537
126 140 0.00153357
126 143 0.00386157
127 138 -4.07337
127 172 -0.982543
127 180 0.962998
127 185 -2.64699
128 135 0.198123
128 146 2.14972
128 150 1.36408
128 151 0.704796
128 165 -1.8621
128 170 1.12012
128 212 -5.0188
129 133 -0.337785
129 141 1.07939
129 147 0.039217
129 152 1.54607
129 158 -0.021917
129 163 0.0840101
129 171 0.0258592
129 183 -5.5664
129 198 -0.0306543
129 210 -0.00479627
130 134 -5.11569
130 149 -0.0990138
130 153 -3.91844
130 181 0.794175
133 141 -0.772046
134 139 -4.14515
134 149 -1.60463
135 150 1.08233
135 151 0.432391
136 144 -2.22758
136 147 -1.10372
137 148 -0.0121151
137 159 0.178559
137 188 -3.81313
138 157 -2.31952
138 161 -3.57445
138 172 -1.05476
138 180 -3.43706
138 200 -3.0035
139 149 -1.65478
139 154 -1.44559
139 181 -0.402198
140 143 0.073363
140 158 -1.02146
141 147 0.039217
142 144 0.160997
143 151 3.32983
143 162 0.908628
143 166 -0.114747
143 177 -0.394804
143 182 2.71758
143 194 2.00501
144 147 1.95152
144 155 -0.101248
144 173 -0.857977
144 195 -4.67705
144 198 2.05716
144 218 -1.63282
145 174 -12.5904
145 178 -1.75567
145 195 2.58685
145 224 -2.10127
146 160 1.03342
146 170 1.13974
147 163 -0.286309
147 171 -0.945153
147 173 -0.353819
147 198 -2.94367e-08
148 156 -2.85347
148 159 -0.0339268
148 184 -0.129871
149 181 -0.712801
150 151 0.520112
150 165 -1.69669
151 165 -3.59948
151 194 3.03233
151 212 -4.43612
152 158 -1.64597
152 183 -7.45767
152 201 1.8878
152 213 -0.288885
153 175 -1.30083
153 179 -2.22758
153 181 -3.43706
154 181 -7.64217
156 184 -3.76511
157 161 2.14198
157 200 -6.15137
158 166 -4.36776
158 187 -0.00706211
158 192 -2.26236
158 201 -4.71129
158 204 -2.85347
159 184 1.12101
159 188 -2.02352
159 189 2.11
159 191 -1.16715
159 202 -2.41897
159 208 -3.32145
160 170 0.0304128
160 176 -1.27752
160 212 -4.3569
161 200 -3.10675
162 166 -1.35387
162 177 -0.0614563
162 187 0.00579604
162 192 0.0543795
162 196 -0.013998
163 171 0.051689
163 173 -1.90878
163 198 -0.725929
164 181 -0.369897
164 190 -1.69086
164 212 -7.9563
166 187 -1.18877
167 178 -0.0361833
167 186 -0.258435
168 169 -11.8525
168 179 -1.07694
168 193 2.01952
168 200 -0.395935
168 228 -1.95015
168 230 -2.2634
170 212 -0.98777
171 198 -0.0653183
172 180 -0.962998
173 198 -0.597883
174 178 -0.224331
175 179 -0.262096
175 181 -0.943623
175 193 -0.560742
176 212 0.819637
177 182 -2.64742
177 196 -2.07978
178 186 0.296024
178 197 -0.604649
178 216 -0.696354
178 219 -0.370169
178 224 0.413418
179 193 -0.213332
180 185 -1.81446
180 199 6.31665
180 200 -1.52308
180 225 7.92936
180 274 0.638113
180 285 0.763033
181 190 -2.46535
181 193 -0.183218
181 203 5.29224
181 205 2.27596
181 206 1.18877
181 212 -2.5955
181 221 2.86887
182 192 -2.36822
182 194 0.69372
182 196 -0.023346
182 212 -4.8442
183 210 -3.73241
183 213 -3.43706
184 186 1.01566
184 197 -0.451047
184 202 -0.519257
184 216 -1.47101
185 199 -0.40634
186 197 -1.85454
187 192 0.0478028
187 196 0.00103112
188 191 2.18405
189 191 -8.38063
189 208 -2.5254
190 212 2.22758
191 208 -2.59582
191 249 -0.023346
191 299 -3.02579
191 325 2.58569
192 196 -5.6604
192 204 0.148121
192 207 -3.16021
192 209 0.0544848
192 212 -0.023346
192 217 -1.60463
192 222 -2.47197
192 227 -4.8442
193 205 -0.733181
193 220 -1.75565
193 228 -1.37165
193 230 -1.68189
194 212 -7.6612
195 218 -0.122647
195 224 -1.23708
195 229 0.0842668
195 243 -0.508213
197 216 -7.14787
198 210 -0.0077609
198 218 -1.54938
199 225 0.0164427
199 285 0.00822133
200 211 -6.0378
200 214 -0.0620525
200 215 0.0682153
200 225 -1.95628
200 230 0.0097721
201 204 4.22658
201 210 -2.38386
201 213 -0.288885
201 222 -3.01573
201 223 -0.023346
202 208 -3.57445
202 216 -2.64699
202 233 -9.28032
203 205 6.59183
203 206 0.943623
203 221 2.58569
203 230 2.27055
203 237 7.2904
203 259 3.81628
203 287 -0.0419126
203 301 -4.98888
204 207 -2.41897
204 209 0.148121
204 222 -8.14172
205 206 1.91493
205 220 3.88738
205 230 2.71175
207 209 -0.210882
208 233 2.05016
208 249 1.56779
209 222 -3.07753
210 213 -4.57544
210 218 0.110505
210 223 1.83064
210 241 0.080583
210 244 -1.25218
211 214 -2.0415
211 215 -0.475083
211 225 -0.669846
211 246 -3.35427
212 221 -3.83922
212 226 -10.3911
212 227 -5.53733
212 235 -8.50787
212 238 -4.43612
212 245 -5.4954
212 251 -4.8442
212 255 -2.64699
214 225 2.07429
215 230 2.42308
215 234 0.0137098
215 250 -3.6686
215 262 -0.0454168
216 219 1.33877
216 233 -0.0787047
216 236 1.41399
217 222 -0.0113416
217 227 -2.85681
217 232 -2.88403
218 229 -6.51228
218 241 0.0805829
218 242 -4.93559
219 224 -2.83849
219 236 1.99089
219 248 -0.711313
219 270 0.152994
219 290 2.19903
220 230 2.93164
221 237 1.47101
221 245 -2.07577
221 255 -1.93756
221 272 0.498503
221 275 -1.75248
221 276 -6.0953
221 279 -4.8442
222 223 2.49664
222 232 1.73566
222 257 0.054192
222 260 0.0537921
223 244 -0.0700634
223 260 1.04226
223 261 -1.56962
223 273 -3.89573
224 243 -0.722426
224 248 -1.56666
224 254 -1.27785
225 246 1.71752
225 274 2.36996
225 285 0.422335
226 227 0.434708
226 231 -1.32002
226 238 -1.06957
226 239 0.95833
227 231 -4.92681
227 232 0.00778166
227 240 -4.73649
227 247 -0.687271
228 230 3.73241
229 242 0.0458455
229 243 -0.517023
229 254 -1.14537
229 265 -2.51617
229 268 -0.799837
229 269 -2.47197
229 283 -3.31536
230 234 0.051535
230 250 -0.0153009
230 287 -0.724006
230 315 -9.45048
231 239 -1.16835
231 247 -1.74074
232 240 -4.2542
232 257 0.054192
233 236 -0.27544
233 249 0.232438
233 278 -0.505807
234 250 0.158148
234 262 -0.0528237
234 307 -7.18507
234 315 -0.529275
234 331 -0.0568904
235 238 -1.49683
235 251 -2.47197
235 252 -7.81159
236 278 -0.1738
236 290 0.0724576
236 305 -0.149929
236 327 -0.159151
237 259 0.820633
237 272 2.31952
237 293 1.86857
237 296 -0.438703
237 301 -0.130986
237 302 -1.26629
238 239 -0.201415
238 252 0.161302
238 258 -2.47243
239 247 -0.132481
239 258 0.60329
240 247 -0.3221
240 253 0.259654
240 256 -10.9993
240 257 -0.289934
241 242 -8.16853
241 244 -5.75657
241 261 1.16715
241 277 0.451047
242 268 -6.32976
242 277 -0.402198
242 294 -3.91844
243 254 -2.72141
244 261 -6.78771
245 255 1.0415
246 250 -2.6322
246 262 -0.0332571
246 274 0.36809
246 286 0.803265
246 291 4.09908
246 307 -3.40365
247 253 -0.230595
247 256 -0.148121
247 257 -1.98633
247 258 -2.52535
247 280 0.295166
247 292 -1.27403
247 297 -0.116857
247 304 -0.155624
247 306 0.418426
248 254 -0.669846
248 270 -1.81446
249 278 -4.59152
249 284 -3.75321
249 299 0.863379
249 305 -4.84697
249 314 -1.39744
249 324 0.000100024
249 325 -0.573726
249 340 -3.29504
249 343 0.000410654
249 345 -2.57731
249 351 -3.10675
250 262 -0.149796
251 252 0.426929
251 255 -1.81446
251 266 -6.63019
251 276 0.020898
251 279 -0.471813
252 258 -1.5593
252 263 -2.51194
252 264 -0.0376431
252 271 -3.10624
252 276 2.02856
252 279 -0.0813709
252 300 0.188438
254 265 1.3728
254 269 0.140988
254 270 -12.2317
254 283 -7.8477
254 295 -5.56079
255 266 -0.264642
255 279 -0.704796
256 257 -12.387
257 260 0.361854
257 281 -4.17177
257 297 -1.12333
258 264 0.0761048
258 267 0.0194285
258 280 -2.92817
259 301 -1.25127
260 273 -2.47197
260 281 -0.418426
261 273 -3.01573
261 277 2.55883
261 282 1.08988
261 298 -0.166592
261 309 -0.0506538
261 328 0.0809103
262 307 -1.75131
263 264 -0.651999
263 271 0.0166156
264 267 0.229109
264 271 -0.65323
264 280 -0.0778392
264 289 0.500085
264 300 0.253483
265 269 0.422392
265 283 -0.192099
266 279 -1.75131
267 280 -0.191132
267 289 0.0573911
268 283 -5.80282
268 288 -2.34592
268 294 0.758015
269 283 -0.158017
270 283 -0.163779
270 290 1.73923
270 310 -0.275049
271 300 -4.66943
272 275 -3.08066
272 302 -1.63282
272 316 -2.36537
273 281 -3.57445
273 298 -3.15913
273 303 -1.34772
274 285 1.04518
274 286 0.273459
274 307 -0.15312
274 337 1.11363
274 354 3.25267
275 276 -0.849093
275 316 1.81446
276 279 -0.285498
276 300 0.376876
276 316 -1.084
276 335 -10.6173
277 282 0.129139
277 294 -0.446833
277 309 -0.0517624
277 326 0.018007
277 328 0.036014
278 305 0.257643
280 289 -0.156185
280 304 -2.68162
281 297 -3.92617
281 303 -0.651668
281 317 -4.13398
281 319 -3.35818
281 332 -0.19598
281 336 -0.689426
281 353 0.81228
282 298 -0.916523
282 309 -0.869436
282 320 0.376894
282 326 0.0417911
282 328 0.0835823
283 295 -0.541467
283 310 -1.21064
283 313 -1.95
283 323 -0.867703
283 347 -4.8442
283 350 0.0105079
283 370 -3.57445
285 354 2.31952
286 307 -0.0478718
287 301 0.308501
287 302 -0.00124443
287 311 0.333519
287 315 -0.0209817
287 321 0.371214
287 322 -0.121666
287 334 -0.524669
288 294 -4.43612
288 308 -0.0132618
288 313 -1.10762
289 300 -6.15681
289 304 -9.91325
289 335 -0.675957
290 305 -0.00537993
290 310 -0.390961
290 327 -5.9622
291 307 -1.26784
292 304 -4.10982
293 296 -0.0999453
293 302 -6.8254
293 312 0.464083
294 308 -1.48339
294 326 0.770456
296 301 0.281856
296 312 -2.78039
297 306 -0.337785
297 317 -0.348657
297 332 -0.337785
298 303 0.208902
298 318 0.0164985
298 319 -5.84281
298 320 -0.378553
298 328 -0.0280913
298 330 0.314516
298 342 -0.849093
298 362 -0.21721
298 363 -0.027067
299 314 -0.74492
299 325 -1.21064
300 335 -2.93164
301 311 0.00622911
301 312 -0.18285
301 322 -0.399253
302 311 -0.00188376
302 312 -1.05351
302 316 4.61687
302 322 0.38196
302 359 1.62523
302 360 -1.89134
302 368 -0.849093
303 318 0.00569991
303 319 -2.22758
303 330 0.0645209
304 306 0.780363
304 329 0.0138768
304 335 -3.01573
304 336 -3.19408
304 338 0.289934
304 341 -8.60711
304 372 -0.740165
305 324 -3.40857
305 327 -0.160541
306 329 0.00277852
306 332 -0.775982
306 336 -0.664734
307 331 -0.665675
307 337 -2.82951
307 344 -3.95233
307 349 -0.0353036
307 361 -0.635286
308 313 0.0449161
308 326 -1.01874
308 333 -3.78369
309 326 -2.29023
309 328 -2.4894
310 323 -0.52111
310 327 -0.0974434
310 347 -1.21881
311 322 -0.0569552
311 334 -0.10332
312 322 -0.00412629
313 333 -0.0445461
313 350 -0.381349
314 325 -3.31536
315 321 -0.183507
315 331 -0.00539792
315 334 0.240492
315 355 -0.527434
315 375 -0.089791
315 376 -0.964986
316 335 -1.25517
316 356 1.08303
316 360 -1.98633
316 364 -0.500431
316 368 -5.74978
317 332 -0.962998
318 330 0.00913142
319 353 -2.27269
319 362 -4.43612
320 328 1.74284
320 330 -0.40546
321 334 -3.94773
322 334 -1.03699
322 359 0.222765
323 347 -1.88061
324 327 -1.29349
324 339 -2.22491
324 340 -0.0706417
324 343 0.0732356
324 358 1.7995
324 371 0.489567
325 345 -0.924411
325 351 -13.8276
325 358 0.289934
325 380 2.64699
325 388 -3.57445
325 399 -1.77525
325 405 -1.75131
325 417 -3.31536
325 425 -1.66155
325 430 -4.14515
326 328 1.335
326 333 0.291713
326 346 0.29173
326 357 -0.704796
327 339 -0.601089
327 347 0.577986
327 371 -16.2321
328 330 -0.29138
328 357 -5.56522
328 363 0.289578
328 383 2.75801
328 393 1.90396
329 336 -0.142372
330 342 -2.44862
330 362 -0.0361012
330 363 -0.0331363
330 383 -0.144314
331 349 0.0883259
331 355 0.104812
331 367 -0.091261
331 376 -0.00315927
331 395 -0.00872515
332 336 0.391959
333 346 0.831967
333 350 0.25937
333 357 -5.46886
334 359 -0.308366
334 368 -2.3996
334 376 -6.71204
335 338 -0.905358
335 352 -14.1245
335 356 -2.18405
336 353 -3.02787
336 372 0.501134
337 354 1.41304
337 361 -1.83393
338 341 -0.943623
338 352 1.23277
338 365 -1.03895
338 373 -6.33374
338 382 -3.31536
339 371 -5.29986
340 343 -0.222978
340 358 -0.565409
341 365 -3.8991
341 372 0.567904
342 363 -2.85347
343 345 -0.618144
343 348 -1.39593
343 358 0.146307
344 349 -3.81313
344 361 -2.31715
345 348 -0.517023
345 351 -2.47023
346 357 -3.01573
347 366 0.0721481
347 370 -0.750011
347 371 -4.43612
347 385 -0.0429417
348 358 -1.00226
349 361 -0.0054673
349 367 -4.84544
349 386 -3.4455
350 357 -0.587792
350 370 -0.574641
352 356 -1.98633
352 369 2.20979
352 373 -4.43612
352 379 -0.242411
352 437 -0.017784
353 362 -0.754924
353 372 -0.179339
353 377 -6.06729
353 381 -1.27785
354 361 -0.132193
354 374 15.2442
354 391 2.58403
354 397 -2.18405
354 402 -3.10675
354 409 -3.6116
354 436 2.52745
354 448 -5.53733
354 463 -1.54979
355 375 0.0684042
355 376 -0.0969482
355 395 -4.34082
355 400 0.642069
356 364 -0.601089
356 369 -1.18877
357 370 -3.62291
357 390 -4.36192
358 371 0.549609
358 387 4.1748
358 388 -8.47631
359 368 -3.31536
360 368 -0.738667
361 374 -0.123734
361 386 0.0892341
361 391 0.525533
362 363 4.93484
362 377 2.96009
362 383 1.95475
362 393 6.27015
362 403 -5.73432
362 419 -0.00720532
362 471 3.0105
362 529 -2.48665
363 383 1.11321
364 368 1.05006
364 369 0.578532
364 378 -0.662603
364 398 -0.467445
364 437 -0.693417
365 372 -4.8442
365 382 -6.33741
366 370 -0.204153
366 371 -2.93164
366 385 -0.774777
366 394 -1.69755
367 386 -3.20605
367 395 -4.9061
367 415 -3.31536
368 369 1.05706
368 376 -3.43706
368 378 -5.01521
368 389 -1.88061
368 392 2.41464
368 398 -1.10372
368 401 -3.73241
368 411 -4.14515
368 428 -5.53733
368 437 -0.152775
368 440 -4.8442
368 456 -10.3815
368 459 -3.01573
369 379 -0.402198
369 384 -0.262957
369 398 -3.96639
369 421 -0.0285416
369 437 -0.286447
370 385 0.149324
370 390 -2.02352
370 408 0.579256
370 414 -3.39473
370 429 -0.533685
370 439 -6.1575
371 387 0.0262538
371 394 0.966584
371 407 0.0525076
371 443 -1.81446
372 381 3.04341
372 382 0.583949
372 406 -5.26616
373 379 0.226632
373 382 -1.68198
373 384 -0.010953
373 396 2.17828
373 412 0.0631266
373 413 1.13296
373 418 -0.566479
374 391 0.789166
375 376 -0.0823266
376 389 -0.51937
376 400 -0.125662
376 401 2.13415
376 410 -0.618713
376 427 0.50255
377 381 -7.90641
377 403 -7.56807
379 384 -0.00778178
380 405 -1.66337
380 430 -2.36822
380 455 -5.53733
381 403 -0.210882
381 406 -4.46949
381 422 -3.44408
381 423 -4.09658
381 431 0.176428
382 406 -5.18837
382 413 -2.52745
383 393 3.86509
384 396 0.0156654
384 416 -0.960342
384 418 0.275896
384 421 0.0282644
384 437 0.00584919
385 394 2.44875
385 414 -1.78253
386 391 2.29803
386 415 2.18405
386 426 3.45417
387 388 -1.92933
387 404 0.388745
387 407 1.14399
387 424 -3.57445
388 399 -2.78039
388 404 -0.355708
389 401 -2.92815
390 393 -1.26625
390 439 1.32411
390 548 -5.53733
391 426 2.8907
391 436 2.02426
391 458 0.647878
392 411 -4.10901
392 441 -0.0266659
392 449 -3.13331
392 459 -1.23277
393 529 -0.625283
393 557 -10.3815
393 558 -4.8442
394 414 -4.56193
394 434 -1.78253
394 443 -0.811971
394 453 1.23888
394 457 -9.97346
394 485 -3.31536
395 400 -10.4226
395 415 6.05098
395 420 -2.93164
396 412 0.0688441
396 416 -1.34614
396 418 0.0382611
397 402 0.0233459
397 409 -0.195158
399 404 0.15138
399 417 -3.93537
399 424 -3.91844
399 425 -4.00103
399 432 -0.943623
400 410 0.496224
400 415 -1.98633
400 427 -1.2488
400 444 2.10127
400 445 2.64593
401 410 -0.526946
401 427 1.40132
401 440 -0.0551031
402 409 -0.98695
403 419 -3.10675
403 422 -2.62589
404 424 -1.84714
405 430 -1.88061
406 413 -3.29587
406 423 0.669846
406 433 -4.76953
406 450 -0.896014
406 467 0.076979
407 424 -3.20605
407 432 -4.18268
407 443 -0.132481
407 457 -10.3815
408 439 -0.163779
409 435 -5.92057
409 448 -2.58569
410 427 -5.39593
411 428 -3.10675
411 441 -1.21064
412 418 0.0318081
413 418 -2.98475
413 456 0.305845
413 467 -1.57696
414 434 -0.116857
415 420 -0.910738
415 426 1.12464
415 444 -6.93845
415 464 -2.41897
415 465 0.0293532
415 469 1.20076
416 418 -4.37233
417 425 -2.34499
418 421 0.882212
418 456 -11.688
419 422 0.905357
419 452 -5.29522
419 471 -0.0144106
421 437 0.00584919
421 456 -3.73241
422 431 -1.23277
422 438 -2.10127
422 446 -5.04493
422 451 0.18139
422 452 -1.91493
423 431 -0.352855
423 433 -3.0377
423 438 -0.924411
423 450 1.27696
423 451 0.116782
424 432 -2.13464
425 430 -2.82764
425 432 -0.0233002
425 454 0.507272
425 461 -6.90809
425 472 -0.451047
426 458 1.64932
426 465 -2.58569
427 440 -0.0183572
427 445 -3.18722
427 466 -11.3232
428 440 1.83164
428 441 -9.68249
429 434 -1.39593
429 439 1.27785
429 442 -2.71175
429 460 -2.27269
430 455 -4.32448
430 461 -2.58569
431 438 -0.226632
432 454 -0.0116501
432 457 -0.651668
432 472 -2.06181
433 450 -3.5101
434 442 -0.418426
434 453 -0.132481
435 447 -0.00505897
435 448 -1.66155
435 462 0.400217
435 487 -0.280023
436 458 0.125912
436 463 -3.81647
437 456 -6.42211
438 451 -0.386023
439 460 -17.2713
439 500 3.24659
439 537 -5.53733
439 548 -5.53733
440 441 -3.33551
440 466 -4.12831
440 470 -5.53733
440 476 3.14816
440 494 -1.84714
441 449 0.320931
441 470 -3.43711
442 453 -0.915083
442 460 -0.00227514
443 457 -6.88981
444 445 2.0395
444 464 0.799167
444 474 0.0415343
444 477 0.574788
444 488 1.71679
445 466 -0.132481
445 477 2.71103
445 482 5.23646
445 488 3.41266
445 526 -0.3119
445 535 0.156745
446 451 -1.69807
446 452 0.353819
447 462 -0.00505825
447 487 0.0514304
448 462 -2.54686
448 463 -1.18877
449 459 -0.485663
449 470 -0.0975756
450 451 0.234859
450 467 -2.5214
450 468 -2.34181
450 478 -6.87031
451 452 -2.45927
451 468 -6.61709
452 468 0.702806
452 471 -6.37424
452 503 -0.351403
453 460 -2.86829
453 485 -3.05175
453 498 0.0733412
453 506 -1.51053
453 511 -4.14515
453 530 -3.73241
454 472 -2.91847
455 461 1.55764
455 522 -1.78942
456 459 -3.76503
456 467 -3.73241
456 473 -7.33689
456 490 -12.7218
456 495 -1.84714
457 472 1.04226
457 480 -9.69476
457 485 -1.52791
458 463 -6.61171
458 465 -1.72077
458 474 -3.56669
458 479 -5.93338
458 488 -0.111738
458 492 -7.46051
458 493 1.3326
458 509 -0.962998
459 470 0.0395747
459 489 -1.57696
459 495 6.14027
459 501 0.741922
459 517 -0.00404113
460 498 -5.11236
460 500 -4.8442
461 472 2.32717
461 504 5.68488
461 515 0.222571
461 522 -0.233569
462 463 0.722426
462 475 -1.4153
462 487 -0.280539
462 499 -6.3292
463 499 -13.6755
463 509 -0.704796
464 469 -1.54979
464 474 -0.0766675
465 469 0.0520587
465 474 1.57534
466 482 -0.889907
466 494 2.27269
467 473 0.0224974
467 478 -0.0186123
467 484 0.0449948
467 491 0.00348832
467 496 -2.82968
467 502 0.923566
467 520 -3.69429
467 521 -0.248107
468 478 -12.8144
468 497 -2.14992
468 503 -0.702806
468 514 -4.8442
469 474 1.83488
470 476 -1.16715
470 489 -6.77191
470 494 0.56723
470 501 0.0335355
470 517 -1.98633
470 518 -1.00226
471 503 -0.500431
471 516 -2.52745
471 529 -1.02216
472 481 -1.05341
472 486 0.155258
472 515 0.734055
472 531 0.677538
473 483 0.00131101
473 484 0.528772
473 490 -0.0331885
473 502 0.00204455
473 505 -3.74396
473 507 0.265606
473 523 -3.6117
474 488 1.31206
475 487 -0.148121
475 499 -2.41897
476 494 -6.39078
477 488 0.0180508
478 496 -4.17773
478 497 -0.0484183
478 514 0.553171
478 521 0.647597
478 533 -1.04226
479 492 -0.369897
479 493 -1.88061
479 509 -1.60463
480 485 -0.451047
480 486 -5.51733
481 486 -0.261805
482 494 -4.97597
482 535 0.156745
483 484 -0.00228048
483 502 -1.42017
484 491 0.00107816
484 502 0.0182404
484 505 -0.195158
484 513 0.0125654
485 486 0.0226853
485 511 -0.0770111
485 530 -2.48783
486 530 -0.0453705
486 531 0.061028
487 499 -8.56777
488 493 -0.447526
488 510 -9.87159
488 526 -2.58569
488 536 -9.68249
489 501 -1.88061
490 495 -0.601089
490 507 -1.58819
490 512 -2.1665
490 519 -0.422415
491 502 1.08303
492 509 -0.796105
493 509 -1.89026
493 510 1.25977
494 518 -0.528912
494 527 -0.687508
494 535 -4.43612
494 541 -4.75023
495 512 -0.157269
495 517 -0.321795
495 519 0.444889
495 532 -2.31622
495 540 -1.89664
495 553 1.49683
495 556 -1.95015
495 559 0.886457
496 521 -1.39593
497 514 -1.26622
498 500 -2.64699
498 506 -0.439661
498 537 -4.8442
499 509 0.536279
499 525 -4.42854
499 534 -9.26974
499 538 -2.01834
499 560 -1.69086
499 563 0.81228
500 537 -11.0747
501 517 -0.00121136
502 513 0.54727
502 520 -2.78039
502 524 -0.538272
502 528 0.491216
503 514 -2.52745
503 516 -0.710617
504 508 3.52073
504 515 2.49268
504 522 -0.759064
504 550 2.36217
504 575 -0.467445
504 584 -0.00169442
504 590 -0.456254
504 596 0.0368748
504 601 0.862863
504 608 -0.0488877
505 513 -1.10372
505 523 -4.14515
506 530 -10.3815
507 519 -2.10127
507 523 -0.0929983
507 532 -1.40916
508 515 0.00443505
509 510 -1.47731
509 538 -0.345284
509 546 -2.37222
509 547 -0.584119
509 577 -3.76207
510 536 1.84706
510 547 -1.73553
511 515 -0.0176597
511 530 0.640836
512 519 -0.540184
513 523 -2.18769
513 528 0.024599
514 516 -7.36776
514 521 0.982543
514 529 0.402198
514 533 -1.24699
515 530 -0.183224
515 531 0.652047
515 542 -0.0469364
515 543 -0.0176597
515 551 -0.0565252
515 552 -0.0775523
515 575 -2.14198
515 583 0.0451978
515 595 -0.0445611
516 529 -6.44113
517 518 0.0502601
517 527 0.266518
517 539 -3.20539
517 540 1.54979
518 527 1.88404
519 532 -7.15642
520 521 -5.56076
520 524 -3.21012
520 556 -1.14578
521 529 0.038913
521 533 -3.50741
521 556 -2.34499
521 571 -0.800105
521 606 -11.0747
522 544 -8.35456
523 528 -0.024599
523 532 0.665399
523 556 -4.8442
524 528 -0.0533558
524 556 -1.72077
525 534 -0.418426
525 563 -6.62673
526 535 -2.41897
526 536 -1.08303
526 555 -1.57005
527 539 -1.27639
527 540 3.27324
527 541 0.551075
527 555 -2.32745
528 556 -5.5168
529 557 -10.8889
529 587 -5.53733
529 598 -5.53733
530 531 -0.160404
530 537 3.20604
530 543 3.46473
530 551 3.96013
530 552 2.72624
531 542 -0.00938837
532 556 -5.9645
535 541 -0.148121
535 555 -7.77585
536 547 -2.79951
536 555 5.70943
536 577 0.409992
537 545 3.37124
537 548 2.02352
537 549 1.91493
537 551 6.47419
537 554 3.76952
538 546 -1.7212
538 560 -2.68164
538 576 -0.500431
538 581 -4.323
539 540 -1.32877
540 553 -2.30096
540 555 -4.17554
540 586 2.79387
540 627 -0.0848281
540 628 -1.93935
541 555 -1.54979
543 551 2.34628
544 550 -0.288885
544 567 0.03308
544 580 0.00385848
545 549 2.81313
545 551 0.722426
545 561 3.23107
545 562 1.47101
546 570 -2.12353
546 577 -0.867703
546 581 0.149313
546 585 -0.471052
547 577 -5.24888
548 554 2.27269
548 558 7.37948
549 554 0.775982
549 561 2.18405
549 564 1.54979
549 566 3.28525
550 567 -0.00557259
550 580 0.0261422
550 584 0.00381881
550 590 -0.301315
551 552 4.13897
551 562 1.30083
551 565 2.556
551 569 4.69163
551 579 2.05892
551 597 -1.08303
551 605 1.69832
552 583 -0.120264
552 595 0.266614
552 597 -0.665901
553 559 1.79272
553 586 -2.18405
554 558 2.31952
554 564 4.27876
554 572 3.01573
554 573 8.8001
554 612 2.14198
555 577 6.74019
555 609 -0.0856503
555 617 -1.47101
555 627 -3.48239
555 639 -4.38738
555 652 2.13613
555 659 -2.02352
556 559 -12.5155
556 571 -6.03453
557 558 3.57445
557 573 2.14198
557 587 7.77585
557 588 4.4615
557 593 6.37446
557 599 6.06273
557 600 7.33695
557 607 2.22758
557 624 5.1562
557 637 4.85405
557 660 1.42058
558 572 5.69737
558 573 4.45829
558 582 1.47101
559 571 2.02352
559 586 -2.39156
559 618 0.167682
559 619 -9.45899
559 653 -4.43612
560 563 -1.44559
560 576 -0.905358
560 591 -0.758016
561 562 0.601089
561 566 0.533685
561 568 2.27269
561 574 4.23164
562 565 1.47101
562 568 4.32207
563 591 -0.571236
564 566 5.17876
564 573 3.50817
564 574 2.64699
564 594 3.29437
565 568 2.41897
565 569 2.47197
565 574 1.54979
565 589 2.31293
566 574 1.75131
567 580 4.50151
567 649 -0.934273
568 574 3.20062
568 578 3.49374
569 579 0.982543
569 589 8.69085
570 577 -1.88061
570 585 -0.242411
570 592 -0.353819
571 606 -15.2257
571 629 -4.8442
571 633 -11.0747
571 635 -4.8442
571 640 -5.53733
571 653 -5.53733
572 573 1.44559
572 582 2.54171
573 574 1.60463
573 582 1.16715
573 588 3.70985
573 589 3.69612
573 594 7.1551
573 604 1.34772
573 612 4.27876
573 614 4.58989
573 615 6.63797
573 621 2.27269
573 638 2.31952
573 664 -9.26974
573 679 -5.53733
574 578 3.02579
574 589 2.58569
574 594 4.6614
575 583 -3.80079
575 601 -3.5753
576 581 -3.85877
576 591 -0.601089
577 592 -0.886457
577 602 -3.57445
577 609 -1.30083
577 617 -1.81446
577 639 -8.80937
577 652 0.996457
577 659 -1.74705
579 589 4.27981
579 605 4.62853
580 584 0.624012
580 590 -0.0210284
580 610 2.59753
580 649 -3.86592
581 585 -0.291394
581 591 1.57696
581 616 0.287778
581 623 -2.44975
581 634 -0.886457
581 644 -0.144387
581 647 2.3283
583 595 -0.617969
583 597 -0.584119
583 601 3.09593
583 605 -0.817396
583 638 -1.57696
583 643 -3.72934
583 664 -3.91844
584 590 -0.0470927
584 608 0.00338884
584 610 0.0117981
585 592 -0.0735158
585 616 -1.13353
586 618 -0.258219
586 628 -0.243793
586 657 0
587 598 2.64699
587 599 3.74009
587 603 4.92836
587 611 2.51064
587 631 2.10599
587 633 1.88061
587 642 4.00103
587 658 2.14198
587 662 1.52308
588 604 2.47197
588 607 2.41897
588 614 3.52269
588 624 1.49683
588 625 2.42605
589 605 1.25517
589 621 1.63282
589 638 1.69086
590 608 -0.00786298
591 632 0.580051
591 634 -2.89534
591 655 -0.170786
592 602 -0.722426
592 616 0.147032
593 600 8.21404
593 637 3.23205
595 597 -0.231193
596 601 0.176808
596 608 -0.21981
596 613 0.0442008
596 630 0.0259162
597 605 -0.943623
598 606 1.91493
598 611 4.95384
599 637 2.41897
599 658 2.29742
599 663 1.32411
600 637 2.74331
601 613 3.7708
601 622 3.20626
601 630 0.0259162
601 643 -1.34228
601 654 -6.24338
601 665 0.397439
602 616 -2.22758
602 617 -1.14246
604 614 1.81446
605 638 2.02352
606 611 2.22758
606 620 4.13818
606 629 4.88648
606 636 2.25051
607 624 2.6395
608 610 0.00729419
608 613 0.0351913
608 626 -1.83781
608 630 1.04044
610 626 -3.10655
610 630 1.00226
610 649 -0.584119
610 651 -3.10675
611 620 6.12454
611 631 1.72077
611 633 2.22758
611 636 1.60463
613 630 1.56467
613 654 -1.08303
614 615 8.43283
614 625 1.81446
614 641 3.91844
614 679 -22.1493
616 617 0.532084
616 623 -4.16929
616 639 -0.17462
616 647 -0.56987
616 648 -1.69199
616 656 -4.57273
616 674 -0.251325
616 678 -0.0621314
616 681 0.220132
616 684 -0.184629
616 687 -1.35897
616 690 0.545688
617 639 -2.32284
617 656 -1.69086
618 619 -3.89884
618 628 -5.45507
618 650 -1.42058
618 653 -4.43612
618 661 -10.3815
618 672 -3.73241
619 653 -9.68841
620 636 2.09406
623 647 -1.54979
623 648 -3.73241
624 625 0.56723
624 637 2.85347
624 641 5.83749
624 646 4.13352
624 660 3.54216
624 676 0.163779
625 641 0.943623
626 630 -1.49683
627 628 0.171461
627 657 -0.155639
627 659 2.32136
628 650 -0.451047
628 657 -7.50641
628 659 -0.0412717
629 633 3.89928
629 636 1.54979
630 649 -1.06048
630 651 -4.43612
630 654 -0.886457
630 673 0.402198
631 633 2.20832
632 634 -1.10372
632 655 -0.170786
633 635 4.40648
633 636 4.96514
633 642 2.36822
633 662 2.06181
633 667 3.0153
633 670 2.48608
633 671 0.618144
633 689 1.84714
633 698 2.22758
634 644 -0.740165
634 655 -0.943623
634 666 -2.24085
635 640 5.11497
635 698 1.69086
636 670 1.85515
637 660 3.09231
637 662 3.64816
637 663 1.27785
637 676 0.601089
638 664 -4.8442
639 645 -0.0791719
639 652 -3.57919
639 656 -1.06254
639 669 0.12585
640 653 5.02205
640 698 1.98633
640 737 -16.612
641 646 4.01258
641 662 1.75131
641 676 1.63282
641 679 -16.612
641 722 -5.53733
642 662 2.22758
642 671 1.16715
643 664 -0.467445
643 665 -9.39958
644 647 -0.638809
644 666 0.279211
645 669 -0.27484
647 648 -0.56723
647 666 -1.48008
647 678 -0.677297
647 699 -0.59448
647 705 -0.023346
647 709 -4.36769
649 651 -2.7017
649 668 3.7432
649 673 -3.01573
649 677 0.399984
649 683 -3.08398
649 702 -1.10372
650 657 -0.533685
650 672 -4.14515
650 675 -2.64699
652 659 -0.779277
652 669 -4.55889
652 684 1.18877
652 685 -3.10675
652 701 -5.53733
652 712 -5.53733
652 716 -8.74338
653 661 5.25049
653 737 -11.0747
654 665 -1.49683
654 673 -6.53687
654 682 1.75131
654 702 1.5097
654 706 -6.18312
655 666 -1.21064
655 686 -0.732236
655 704 -0.758016
656 669 -0.451047
656 674 -2.2718
657 659 0.120968
657 675 -4.43612
658 662 1.08303
658 663 1.72077
659 680 -4.8442
659 685 -1.83385
659 688 -5.53733
659 695 -18.2912
659 701 -5.53733
661 672 3.1435
661 737 -10.3815
662 663 2.92995
662 667 0.962998
662 671 6.13266
662 676 2.10127
662 689 0.886457
662 698 3.48275
662 722 -16.612
664 665 -7.2519
664 679 0.321795
665 679 -4.8442
665 682 -2.7446
665 693 -8.20464
665 700 -0.023346
666 686 -1.47101
666 694 -5.75851
666 705 -0.500431
667 671 1.91493
668 677 0.164957
668 692 1.45682
668 696 0
669 674 -3.60749
669 684 -4.8442
672 675 2.51731
672 737 -5.53733
674 684 0.0485658
674 687 1.0785
674 697 -3.05313
675 680 1.66951
675 737 -5.53733
677 683 -1.91493
677 691 -0.226632
677 692 0.070009
677 696 -3.25474
678 681 -0.248546
678 684 0.248567
678 699 0.0350316
679 700 -13.5876
679 718 -1.06254
679 722 3.34971
679 734 2.6785
679 777 -0.0126919
679 823 0.0233631
679 846 0.00107839
680 688 11.2683
680 737 -5.53733
681 684 -1.4118
682 693 0.529436
682 706 -1.67779
682 708 -0.163779
682 713 -2.20335
683 691 -0.000490756
683 702 -4.14515
683 703 -1.49602
684 687 0.0947934
684 690 -0.648931
684 697 -6.90601
684 699 0.517023
684 707 -1.14053
684 715 -3.42538
684 716 -3.10675
684 720 -4.8442
684 724 -3.43706
684 728 -9.97346
685 701 -3.91844
686 694 -1.44559
686 704 -0.418426
687 690 -0.610076
687 697 -0.740165
688 695 0.038913
688 737 -11.0747
688 764 0.337785
689 698 2.69312
691 696 -0.921199
691 703 0.0208419
691 710 -0.354996
692 696 0.578661
692 717 1.70511
693 700 -0.00521336
693 708 -1.98907
693 713 -0.228376
693 718 -0.0298183
694 704 -2.14198
694 705 -1.66155
694 711 -3.31536
695 701 -0.049198
695 764 4.91968
695 777 -5.53733
696 703 0.0117986
696 710 -0.116857
696 717 0.0476244
696 719 -2.14984
698 722 -15.9189
698 737 -5.53733
699 709 0.0646072
700 718 -17.3355
701 712 4.46061
701 732 5.80429
701 772 1.14578
701 777 -9.28032
702 703 1.12464
702 706 -1.51681
702 710 -3.26771
702 719 1.14578
702 726 -0.249636
702 729 -7.6246
702 746 -5.53733
702 752 -9.00395
703 710 -2.47676
704 711 -2.95996
705 709 -0.0856503
705 711 -0.771094
706 713 -6.7805
706 714 -7.30825
706 723 0.701786
706 726 0.120257
707 709 -1.13642
707 715 -1.542
707 721 -4.14515
707 730 -6.99862
707 736 -1.81446
708 713 -2.88742
708 718 -2.02352
709 711 -5.52556
709 721 -3.75927
710 719 -1.99487
711 721 1.26031
711 727 -0.945117
711 751 -11.0747
712 716 3.06211
712 756 1.68243
712 772 1.04226
713 718 0.0298183
713 723 -3.7014
713 731 -0.269518
713 735 -1.30083
714 726 -1.27785
715 728 -3.57445
715 730 -0.722426
716 720 0.239969
716 724 0.959525
716 725 2.96623
716 743 0.577449
716 755 0.0233459
716 756 3.43706
717 719 -1.32411
717 729 3.29603
717 738 0.6492
717 763 -0.794069
718 733 -4.94621
718 734 -3.91844
718 735 -11.7285
719 729 -1.72077
720 724 3.14775
721 727 -0.0361843
721 736 -10.3815
721 747 -3.43706
722 734 1.38649
722 737 1.38139
722 748 7.81721
722 750 4.19919
722 757 0.016636
722 758 1.63282
722 775 0.221351
722 777 0.643148
722 823 0.0159313
722 846 0.000718927
723 726 0.0655164
723 731 1.4994
723 735 0.765667
723 741 -2.23874
723 745 -0.234245
723 759 2.64158
723 762 0.34195
723 766 0.0529083
724 725 1.34496
724 728 3.3028
724 739 2.2329
724 743 0.47211
724 755 1.61258
724 771 2.42575
724 783 1.5718
725 739 0.275282
725 743 1.61941
726 745 -0.6527
726 752 0.0398841
726 760 0.196567
727 747 -4.8442
727 751 -5.53733
728 730 4.11428
728 761 0.296947
728 771 1.21051
729 738 1.45452
729 746 1.0639
729 749 0.0781589
729 752 3.39621
729 763 -0.583769
729 767 2.79411
729 770 -3.52504
729 780 0.197448
730 736 4.86842
730 761 2.38842
730 771 0.436649
730 783 1.84714
730 801 -11.0747
730 806 0.103772
731 735 0.305635
731 741 -0.14191
732 777 -9.68841
733 734 -4.8442
733 735 -0.924411
733 742 -1.12464
733 765 -3.91844
734 740 1.11545
734 748 7.81266
734 765 0.00463303
734 774 -3.85408
734 775 1.075
734 776 -3.57445
734 777 -0.243625
734 778 4.94089
734 781 -0.103123
734 797 -5.53733
734 802 1.87609
734 807 5.50761
734 809 1.74369
734 813 -4.43612
734 818 9.13103
734 820 3.38315
734 823 0.258787
734 827 2.50584
734 828 4.54183
734 832 0.563569
734 834 0.0098105
734 838 1.67119
734 844 0.700188
734 846 0.00423935
734 857 -0.0077112
734 858 3.05032
734 859 -1.32411
734 864 4.1364
734 872 -0.449736
734 876 0.00741493
734 877 -2.8624
734 884 2.26497
734 886 3.8212
734 902 0.0111566
734 912 4.74718
734 920 0.0420781
734 922 2.15754
734 923 6.839
734 935 -9.97346
734 937 -4.8442
734 939 0.0496508
735 741 -1.0707
735 742 0.0286882
735 744 -0.0447836
735 754 -0.00397946
735 759 0.956107
736 747 0.483906
736 751 4.23445
736 806 1.00445
737 757 2.37414
737 764 -5.53733
737 774 4.35204
737 775 -0.0105536
737 777 0.720148
737 781 0.739624
737 797 -5.53733
740 748 2.0934
740 777 -0.00588414
740 823 0.00896703
740 846 0.000359463
742 744 -0.602847
742 765 -5.53733
743 755 1.88061
744 754 -0.75588
744 759 0.0100472
744 765 -5.53733
745 760 -6.38231
745 762 -0.478952
746 749 0.0389117
746 752 1.14578
747 751 2.34499
748 750 0.601089
748 753 4.32407
748 758 2.30163
748 775 2.77687
748 777 -0.00611785
748 823 0.0295604
748 846 0.00124277
749 752 0.71378
751 806 1.32428
752 760 0.359104
752 767 0.0385075
752 768 -0.620896
752 769 -0.294365
752 770 -6.80341
752 780 0.0381003
754 759 -0.0270518
754 765 -1.23277
754 766 -6.59786
755 756 1.70971
755 783 1.31656
756 772 2.08896
756 783 0.848179
757 773 0.0252525
757 774 0.0898681
757 775 -0.0478923
757 777 0.0546379
757 781 0.202835
759 762 0.91962
759 766 0.293644
759 768 0.0161979
759 782 -0.914827
760 762 -0.0168761
760 768 -2.38163
760 769 -0.593826
762 768 0.0365749
762 782 -0.491766
762 787 -1.08681
763 767 -0.389537
764 777 -5.53733
765 766 -2.41897
765 776 -4.8442
765 777 -0.0030311
765 779 -4.14515
765 823 0.0113523
765 846 0.000523846
766 779 -0.0856503
766 782 -2.11303
766 784 -4.16929
766 786 -0.580611
767 770 0.108647
767 780 4.82947
767 791 0.436268
768 769 1.2535
768 785 -0.151399
768 787 -0.000567555
768 793 -1.56234
768 794 -0.415392
769 770 0.481776
769 785 -0.0544048
769 788 1.47318
769 790 -0.55042
769 794 -0.289108
770 780 1.20957
770 790 -1.60463
770 794 0.25876
771 783 1.16715
772 783 0.435149
772 801 -10.3815
773 774 0.191237
773 775 -0.414783
773 781 0.0065537
774 775 -0.906485
774 781 0.0244573
775 777 -0.0173807
775 781 -0.0374161
775 823 0.0120018
775 846 0.000523846
776 778 -3.01573
776 779 -0.483906
776 789 -3.73241
777 778 -0.0155733
777 781 0.250036
777 797 -1.44559
777 801 1.5596
777 802 -0.0193078
777 807 -0.0158029
777 809 -0.0193078
777 818 -0.0599681
777 820 -0.0123361
777 823 -0.171639
777 827 -0.0467659
777 828 -0.0291423
777 832 -0.015379
777 834 -0.00794963
777 838 0.00361582
777 844 -0.0123361
777 846 -0.000359464
777 858 -0.0193078
777 864 -0.0129631
777 884 -0.0193078
777 886 -0.0145832
778 789 -0.618144
778 805 -12.4951
778 807 2.49747
778 823 0.0131917
778 846 0.00104769
779 786 -0.763946
779 789 -1.08303
780 791 0.679095
780 794 0.436722
780 799 -1.24313
780 808 -2.64699
781 797 -3.43706
781 813 -13.1795
781 823 0.0528968
781 838 0.00467548
781 846 0.000436729
782 784 0.0173633
782 787 1.56912
782 792 -0.137044
782 795 1.19516
782 796 1.75131
782 803 -0.962998
782 814 0.487257
782 824 -0.00721996
783 801 -15.9189
784 786 -2.27269
784 792 -1.16198
785 794 0.0548936
786 789 -3.20605
786 792 4.71249
786 798 0.0997846
787 793 -1.64731
787 795 -0.0338591
787 811 -0.0389284
787 824 -0.00778728
788 790 -0.636142
788 794 -0.99692
789 798 -3.57445
789 805 -2.22758
790 794 -1.08303
791 799 -1.65023
792 796 -1.67808
792 798 0.660777
792 803 1.57696
792 805 -0.0833168
792 810 -1.94016
793 794 -2.71175
793 795 0.118435
793 811 0.0409661
794 800 -0.163779
794 808 -2.76042
795 800 -2.52745
795 804 -0.0241165
795 811 0.263657
795 814 0.103827
795 816 0.0964301
795 824 -0.169384
796 803 -2.85078
798 805 -0.0833102
798 810 -0.940144
799 808 -7.11429
799 812 -1.57152
800 804 -3.20605
800 808 1.39593
801 806 -4.8442
801 818 -0.0477481
801 827 0.0306512
801 847 2.97857
801 854 0.0613024
801 867 -0.029736
801 879 -0.00624064
802 823 0.0115394
802 846 0.000523846
803 810 -5.89898
803 814 -2.38997
804 808 -5.67572
804 811 -0.218196
804 816 -2.32393
805 807 -8.16853
805 810 0.333254
805 815 -4.10877
805 821 -9.69998
805 825 0.434708
805 832 -3.43706
806 826 1.81446
806 847 -11.0747
807 823 0.0124203
807 832 0.597439
807 846 0.000523846
808 812 -2.71175
808 816 -1.33055
808 819 -9.37867
808 822 -13.0302
808 831 -1.02216
808 835 -0.0160785
808 840 -3.43706
809 823 0.0115394
809 846 0.000523846
810 814 -0.889201
810 821 -0.505532
810 829 0.178733
810 833 -6.7282
810 841 0.789638
811 816 0.342953
811 824 -0.669176
812 817 -0.0544849
812 831 -2.35294
813 823 -3.91844
813 838 -3.20605
814 824 0.207614
814 829 1.01378
815 825 -1.16715
815 832 -2.41897
816 822 -1.95015
816 824 -3.1352
816 830 -11.1249
817 831 -6.94547
818 823 0.0489921
818 827 5.14555
818 846 0.00320378
818 876 0.00175886
818 902 0.0130858
819 822 1.28957
819 830 3.88652
819 835 -0.982543
819 837 -9.28032
819 843 -0.0389131
819 853 -4.14515
820 823 0.0449296
820 846 0.000523846
821 825 -1.78253
821 833 -3.20605
821 839 0.867703
822 830 2.02352
823 827 0.0320225
823 828 0.0549704
823 832 0.0471787
823 834 0.0124962
823 838 0.0548612
823 844 0.0265761
823 846 0.00324607
823 858 0.020253
823 864 0.033931
823 876 0.0070421
823 877 0.0027447
823 884 0.0207791
823 886 0.02447
823 902 0.0135389
823 912 0.0293796
823 923 0.0334046
823 939 0.0049645
824 829 0.415228
824 830 -0.114401
824 836 -0.0138978
824 845 0.0465203
825 832 -2.93164
825 839 -6.45278
826 847 -11.0747
827 846 0.000523846
827 847 0.00793341
827 854 0.50737
827 867 2.99241
827 879 0.159668
827 885 2.52745
827 892 4.16308
827 896 0.0567708
827 902 0.0144424
827 905 4.82651
827 906 2.556
827 912 1.88932
827 915 11.6396
827 916 -1.48078
827 919 4.50027
827 920 0.0326028
827 922 1.19594
827 926 2.61922
827 939 2.27393
827 941 -1.54979
827 942 4.26967
827 944 -1.18537
827 951 1.60335
827 953 1.71014
827 965 -5.53733
827 966 -0.260573
827 968 3.58489
827 974 0.949931
827 977 4.10579
827 979 -8.98936
827 997 -9.97346
827 1002 -3.73669
827 1023 -5.53733
828 834 0.211742
828 846 0.000891122
828 848 -10.7439
828 859 -1.30083
828 876 0.00111849
829 836 -0.0271182
829 841 0.25178
829 842 -1.34621
829 845 0.0510355
829 852 -0.146703
830 845 0.0355093
830 849 0.0710186
830 853 -8.16853
830 860 1.10017
830 861 3.97791
830 868 -0.0859142
831 840 -0.0544849
831 850 -9.39941
832 839 3.10362
832 844 0.638656
832 846 0.00141716
832 852 -0.38415
832 865 -7.9976
832 876 0.00074566
832 877 3.68687
832 903 2.06601
832 908 1.03931
833 839 -3.73241
833 841 -0.618144
833 851 -3.10675
834 846 0.00296149
834 848 -2.36822
834 857 -1.02216
834 876 0.00037283
835 837 -0.321795
835 840 -0.775982
835 843 -2.52745
836 842 -1.0985
836 845 -1.10806
836 849 -0.206067
837 843 -3.57445
838 846 0.000523846
838 876 0.00037283
839 851 -2.30634
839 852 -0.292454
839 865 -1.06254
839 877 0.1181
840 843 -0.83062
840 850 -1.18877
841 851 -2.20761
841 852 -0.775506
842 849 -0.418426
842 852 -0.905358
842 855 -0.618144
842 856 -0.775982
843 850 -0.00778178
843 853 -3.43706
843 860 0.601089
843 869 -1.63282
844 846 0.000523846
844 876 0.00037283
845 849 0.127208
846 857 -0.000606613
846 858 0.035861
846 863 -0.0195836
846 864 0.00178663
846 884 0.0154102
846 886 0.000893307
846 902 0.00065208
846 912 0.00065208
847 854 0.0158668
847 867 -0.0639526
847 874 -1.47731
847 879 -0.0060551
847 885 -4.9539
848 857 -3.20605
848 859 -2.47197
849 855 -0.142929
849 856 0.429687
849 861 3.20118
849 870 4.84658
849 873 -3.81687
850 869 -12.1997
851 852 0.0731159
852 856 0.0612065
852 862 -3.61529
852 865 -3.34168
852 873 -0.943623
852 903 -2.37625
853 860 -0.274059
855 856 -0.107036
856 862 -0.489213
856 873 -0.483906
857 858 -0.00164417
857 859 -1.76812
857 863 2.46377
857 871 2.01385
858 863 -1.55864
858 876 0.00037283
858 882 -2.01024
858 884 0.0368505
859 871 -5.25026
859 872 -1.94716
859 876 -3.77968
859 890 -0.125283
860 868 -0.258339
860 869 -2.5151
861 866 2.84626
861 868 -2.31952
861 870 6.00702
861 875 0.669846
861 878 1.345
861 883 -4.4663
861 887 0.319412
861 893 1.03932
862 873 -3.20605
863 871 5.92635
863 882 0.300481
863 884 -0.313349
863 910 -0.669846
864 872 -0.00283112
864 876 0.0254236
864 877 -0.353819
864 889 -9.28032
864 894 -0.0168688
867 874 6.90878
867 879 1.24448
867 896 0.254066
867 898 -1.85433
868 869 0.0623408
868 875 -1.81446
868 880 -0.0311704
869 880 -5.1131
869 881 0.0577819
869 891 -0.982229
870 873 -10.9885
870 887 2.3879
871 890 -0.325581
871 894 -2.10127
871 910 -2.04441
871 917 -0.635286
872 876 0.0141531
872 890 0.0295157
872 894 -0.0268397
873 887 -1.44559
873 899 -1.04226
873 900 -1.15465
873 903 -3.57445
873 913 -1.78253
874 885 11.2322
874 898 -1.16715
874 905 2.53704
874 927 1.63282
875 878 1.16989
875 880 0.0151615
876 884 0.000693014
876 886 0.000693014
876 890 0.125432
876 894 -3.59629
876 902 0.000693014
876 912 0.00138603
876 923 0.00207903
877 889 -9.28032
877 894 0.369897
877 908 2.02352
877 911 2.47197
877 930 -2.58569
878 880 0.0455459
878 883 -2.46785
878 888 -1.88061
878 893 1.02275
878 895 -1.48617
878 897 -0.700953
880 881 -3.26806
880 888 -2.58541
880 895 -0.132481
880 901 -4.4663
880 907 -3.91844
881 891 -0.115564
881 901 -1.13832
882 884 -0.340771
883 893 -0.652519
884 910 -1.34772
884 931 -5.53733
884 937 -3.91844
885 905 1.02751
885 927 1.02799
885 941 -1.81446
887 893 0.711428
887 909 -0.669846
887 913 -4.14515
888 895 -2.30089
889 894 -4.8442
890 894 -2.65153
891 901 -0.982543
892 916 -0.163779
893 897 0.0313176
893 904 -5.35555
893 909 -1.73901
893 932 -3.31536
894 917 0.83062
894 918 3.19439
894 930 -15.2198
894 931 -13.8919
894 938 2.10127
894 955 0.83062
894 957 0.305845
894 958 9.68125
894 962 6.33741
894 969 2.22758
894 978 4.98668
894 981 -9.68841
894 982 -10.3815
894 984 -10.5078
894 998 -2.58569
894 1010 4.29688
894 1012 1.47101
894 1027 2.85347
894 1034 -5.53733
894 1035 -3.31536
894 1043 -1.75131
894 1054 1.14578
894 1056 3.10675
894 1057 1.94744
894 1058 -4.43612
894 1072 -1.88061
894 1077 0.825972
895 897 -0.533685
895 904 -1.16715
895 907 -12.9306
896 898 -0.660578
896 905 1.14875
897 904 -4.72023
898 905 -0.658655
899 900 -2.71175
899 903 2.31952
900 903 -3.31536
900 913 -2.22758
901 907 3.04277
901 914 -0.284392
901 925 -3.13578
901 928 -5.07945
903 908 1.22746
903 911 -0.106423
903 913 0.56723
903 921 4.55376
903 929 -5.53733
903 940 3.79511
903 943 0.794758
904 907 -2.14198
904 924 -1.3678
904 932 -3.10675
905 927 0.662836
905 941 -1.14578
905 942 2.52745
905 944 -0.0856503
907 924 -8.50748
907 928 -2.15478
907 933 1.16715
908 911 2.33567
908 940 0.924457
909 913 -1.91493
909 929 -0.635286
909 932 -1.21064
910 917 -1.49683
910 931 -5.53733
911 930 -22.1493
911 940 -0.386421
911 943 -0.048929
911 955 1.39593
911 960 0.0292723
911 962 3.4029
912 920 0.230524
912 922 2.48281
912 923 3.12559
912 936 0.0352496
912 939 0.0536578
913 929 -5.53733
914 928 0.568783
915 916 -0.83062
915 926 1.18877
917 931 -4.14515
918 930 -3.01573
920 922 0.042416
923 935 -11.0747
923 939 -0.231682
923 982 -5.53733
924 932 -4.43612
924 933 -5.57864
925 928 0.0705659
925 934 -0.396119
928 933 -3.73241
928 934 -0.0178115
928 946 3.16554
928 948 0.258219
928 949 0.683848
929 932 -5.53733
929 943 -2.85347
929 945 -2.52745
930 938 -9.97346
930 955 -3.73241
931 937 -12.4715
931 957 -2.41897
931 958 -5.53733
932 933 -6.12806
932 943 2.22758
932 945 3.11359
932 959 4.91255
932 961 -2.38893
933 946 -5.4954
933 948 -1.04226
933 959 -0.847098
933 964 -0.242411
934 949 -0.343627
934 954 0.19614
935 937 -1.63282
935 950 -0.142066
935 956 -0.258219
935 982 -0.886457
936 939 0.115978
937 956 -14.39
937 958 -14.8177
937 971 0.229591
937 982 3.96597
937 988 -7.21242
939 947 -0.794069
939 952 -6.19389
939 965 -20.355
939 982 -15.9189
940 943 0.88926
941 942 -1.84714
942 944 -0.453292
943 945 2.93164
943 960 4.53549
943 961 -3.8514
943 962 0.0157508
943 970 -8.85269
943 975 -0.08253
943 976 0.133168
943 983 -0.353819
943 989 0.0175063
943 993 0.799849
946 948 3.09531
946 954 -0.037585
947 982 -4.43612
948 949 0.366144
948 954 -0.208272
948 963 1.9018
948 964 0.975871
948 967 -0.163779
948 972 -4.14515
948 973 1.92004
948 986 -4.14515
949 954 -0.0525742
950 956 -8.2903
950 982 -1.42058
952 982 -4.43612
954 963 -0.0620185
955 962 1.49683
956 982 -3.31536
957 958 1.18877
958 971 -3.57445
958 984 -6.41784
959 961 -3.97304
959 964 -0.0389131
959 967 -7.69245
959 970 -11.0747
959 975 -0.00942193
959 989 1.36906
960 962 0.0955497
960 976 0.0163105
960 980 -2.61602
960 985 0.030662
961 970 -0.905358
962 969 1.72077
962 981 -16.5806
962 985 8.50691
962 993 0.877579
962 995 5.47257
962 998 -5.53733
962 1007 -3.82508
962 1010 3.08779
962 1019 0.210882
962 1020 2.93164
962 1025 1.69086
962 1028 -1.08303
962 1029 -5.53733
962 1030 -0.652519
962 1031 -2.14198
962 1032 -6.6431
962 1035 -2.02352
962 1043 -1.21064
962 1045 -0.0248978
962 1047 0.00424153
962 1057 3.06936
964 967 -1.32524
965 966 -11.0747
965 979 -0.195158
965 982 0.55042
965 987 0.573864
965 991 -6.93845
965 992 -3.43706
965 1004 2.39818
966 974 -0.521146
966 979 -4.14515
967 972 -5.09861
967 986 -0.56723
967 989 -8.18433
967 990 1.22777
967 996 -2.06181
967 1001 -0.459854
970 975 -2.71175
971 982 0.459182
971 984 -2.93164
971 988 -2.47197
972 973 -2.64699
972 986 -3.91844
973 986 -9.97346
974 979 -10.3815
975 989 -0.0652722
975 993 -0.131196
976 980 -0.0856503
976 983 -0.101248
977 997 -5.53733
977 1002 -0.614908
977 1004 -11.0747
977 1006 -4.14515
979 992 0.488489
979 997 -18.2918
979 1014 -1.4373
979 1015 -0.114093
979 1016 -2.85347
980 983 -1.42653
980 985 -7.65473
980 993 -14.1604
981 998 -0.226632
982 984 -10.3815
982 988 -25.0307
982 991 -10.3815
982 1004 4.62237
982 1009 -4.14515
982 1011 -4.43612
982 1012 -4.14515
982 1034 -1.44559
982 1036 -4.8442
982 1037 -7.87756
982 1039 -8.38095
982 1042 -1.21064
982 1044 -2.18405
982 1052 0.198842
982 1053 -0.55042
982 1054 -8.74338
982 1058 -3.99593
982 1060 -8.28126
982 1062 -4.43612
982 1064 -2.18405
982 1072 -2.47197
982 1077 -4.14515
982 1079 -16.7077
982 1080 -12.9078
982 1081 -4.14515
982 1088 -4.43612
982 1089 -9.68841
982 1096 2.90717
982 1097 0.982543
982 1104 -0.599884
982 1106 -0.164008
982 1108 -3.01573
982 1114 -2.02352
982 1122 -0.905358
982 1127 -1.91493
982 1136 -3.31536
982 1137 -6.08405
982 1141 1.46391
982 1143 1.44559
982 1146 1.30083
982 1156 -4.8442
982 1161 -4.14515
982 1162 -10.3815
982 1163 -17.4067
982 1174 1.32411
982 1175 3.35222
982 1177 -2.18405
982 1178 -7.28264
982 1180 -2.52745
982 1187 -2.06181
982 1190 -2.89435
982 1194 -3.15441
982 1201 2.36822
982 1202 1.00226
982 1203 -9.68841
982 1210 -4.43612
982 1211 -4.8442
982 1216 -0.81228
982 1218 -1.82797
982 1219 1.14578
982 1223 -4.8442
982 1229 -9.28032
982 1231 -4.43612
982 1233 -0.474792
982 1234 0.982543
982 1235 -0.559692
982 1238 3.14111
982 1243 -3.73241
982 1246 -3.20605
982 1250 3.01573
983 993 -0.905358
984 1012 -4.04028
985 993 0.426532
986 990 -1.62931
986 994 -0.258219
986 1000 -3.01573
987 991 -4.80871
987 1004 0.0132679
988 1009 -1.81446
989 993 2.01492
989 996 2.29636
989 999 -1.27785
989 1003 -0.0866822
990 1000 0.0232612
990 1001 -0.0204374
991 1004 -3.43706
991 1011 -1.34772
992 1004 -5.53733
992 1016 -3.06038
993 999 -1.88061
993 1003 -0.0435551
993 1005 -3.31536
993 1019 4.57452
994 1000 -2.42165
995 1007 -3.68805
995 1010 1.43039
995 1035 -2.18405
996 999 -1.72077
996 1001 0.0544848
996 1003 -0.0431271
996 1005 -2.52745
996 1008 -4.14515
996 1013 -5.51104
996 1018 0.0856502
996 1019 3.01573
996 1022 -3.91844
996 1024 5.05283
996 1033 5.20802
996 1059 8.21228
996 1066 1.75538
996 1070 -0.232491
996 1074 0.0979689
997 1004 -0.16177
997 1014 -1.34772
998 1010 -3.91844
999 1003 -0.321795
1000 1001 -5.80236
1000 1018 -4.28643
1000 1021 -1.10372
1001 1008 -10.6642
1001 1013 -0.226632
1001 1018 -0.321795
1002 1006 -8.2903
1002 1023 -5.53733
1003 1005 -1.49683
1004 1006 -0.127553
1004 1011 -4.8442
1004 1014 -7.87756
1004 1015 -4.14515
1004 1016 -13.0127
1004 1017 -4.8442
1004 1023 8.79859
1004 1026 1.26407
1004 1040 -6.69884
1004 1041 -2.4702
1004 1042 -4.89956
1004 1048 -2.26129
1004 1050 -8.41866
1004 1051 -0.56723
1004 1052 -0.0639785
1004 1061 -8.06359
1004 1063 -4.43612
1004 1064 -4.94818
1004 1076 -10.3815
1004 1080 -11.0142
1004 1083 -9.68249
1004 1086 -2.85347
1004 1090 -4.43612
1004 1091 -9.28032
1004 1097 2.18405
1004 1111 -1.1905
1004 1119 -9.26974
1004 1131 -4.67052
1004 1135 -4.43612
1004 1136 -3.31536
1004 1143 0.583155
1004 1144 1.78253
1004 1146 6.8256
1004 1158 -4.43612
1004 1166 -3.10675
1004 1170 -4.14515
1005 1019 -5.62501
1006 1017 -2.31952
1006 1023 -0.255106
1007 1010 -0.325146
1008 1013 -1.98633
1008 1018 -13.1195
1010 1035 -2.93164
1014 1015 0.0135728
1015 1016 -0.274059
1017 1023 -4.14515
1018 1021 1.14578
1018 1022 -17.5294
1019 1024 5.15443
1019 1025 1.65648
1020 1028 -1.12464
1021 1022 -0.722426
1022 1033 -15.2257
1023 1038 -1.58474
1023 1040 -7.85993
1023 1046 -20.355
1023 1063 -10.8933
1023 1067 1.81446
1023 1073 -7.41462
1023 1075 -4.8442
1023 1076 -10.1679
1023 1082 -0.0544849
1023 1090 -4.8442
1023 1094 -3.57445
1023 1098 2.71175
1023 1105 0.0050088
1023 1113 -2.99725
1023 1115 -3.57445
1023 1119 -12.7264
1023 1133 -0.905358
1023 1138 -3.57445
1023 1142 1.27785
1023 1144 1.12464
1023 1145 2.13279
1023 1146 1.75131
1023 1151 -6.83916
1023 1153 -3.43706
1023 1169 -3.91844
1023 1183 -3.57445
1023 1186 -4.44217
1023 1195 -2.27269
1023 1196 1.08303
1023 1205 -12.7218
1023 1206 -4.43612
1023 1207 -8.16853
1023 1212 -4.8442
1023 1214 1.02216
1023 1220 0.886457
1023 1227 -4.43612
1023 1232 -5.53733
1023 1236 0.651205
1023 1237 1.07849
1024 1025 6.00807
1024 1057 0.794069
1024 1059 0.794069
1024 1065 3.21631
1024 1066 0.88111
1024 1068 -2.41897
1024 1069 -9.77169
1024 1084 -5.53733
1024 1092 5.08013
1024 1099 4.56333
1024 1101 0.179457
1024 1107 -2.18405
1024 1109 -3.20605
1024 1112 -3.91844
1024 1117 -0.517023
1024 1120 -3.57445
1024 1121 -2.78039
1024 1128 -1.10372
1024 1134 -5.53733
1025 1028 -2.36822
1025 1029 -4.43612
1025 1030 -3.67718
1025 1031 -9.28032
1025 1032 -3.43706
1025 1057 2.38439
1025 1065 0.210882
1026 1042 -1.63282
1026 1052 -0.316183
1027 1035 -0.982543
1027 1043 -0.669846
1028 1029 -2.36657
1028 1032 -1.30636
1029 1030 -1.12047
1030 1031 -1.74813
1032 1057 -2.06181
1033 1059 1.42058
1034 1039 -1.20969
1034 1054 -3.31536
1035 1043 -0.596529
1036 1039 -3.10675
1036 1044 -6.56544
1037 1042 -1.16715
1037 1053 -6.62036
1038 1040 -0.179458
1038 1055 -0.57946
1038 1063 -2.93164
1039 1044 -1.08928
1039 1054 0.381945
1039 1060 -0.539272
1040 1051 -2.3116
1040 1055 -8.02774
1040 1063 -0.285368
1041 1048 -0.208049
1041 1050 -0.895317
1042 1052 -6.86209
1042 1053 -1.47301
1042 1062 0.982543
1043 1047 -0.451047
1043 1049 -0.140161
1043 1056 -1.02216
1045 1047 -0.0023335
1045 1057 -0.168798
1047 1049 -2.22758
1047 1057 0.0638306
1048 1050 2.68371
1049 1056 -0.982543
1049 1057 -3.73241
1050 1061 -4.94304
1051 1063 -3.31536
1052 1062 -6.28666
1052 1064 -5.12348
1053 1062 -3.57445
1054 1058 -3.10675
1054 1060 -0.0860195
1055 1063 -3.91844
1056 1057 0.0233459
1057 1065 0.353819
1057 1068 -3.43706
1057 1071 -3.28818
1057 1077 4.42283
1057 1092 2.67794
1057 1096 -11.0747
1057 1103 -3.57445
1059 1066 1.89826
1059 1070 -0.958882
1059 1074 0.47767
1059 1078 -4.96588
1059 1084 -6.59018
1059 1085 0.353819
1059 1095 -3.43706
1065 1068 -6.50413
1065 1069 -0.775982
1065 1071 -2.54767
1067 1073 -0.831976
1068 1069 -0.568279
1068 1071 -0.675521
1070 1074 -0.0915726
1072 1077 -2.90207
1072 1081 -1.32519
1073 1075 -8.05025
1073 1082 -1.63282
1073 1093 -7.87609
1073 1145 -0.023346
1074 1084 -2.14198
1076 1090 -1.8391
1077 1081 -1.81446
1077 1096 -15.2198
1078 1095 -3.91844
1079 1089 -2.556
1080 1086 -0.679734
1080 1087 2.23788
1080 1088 -1.60463
1082 1093 -1.10372
1082 1094 -2.93164
1083 1091 -0.369897
1084 1085 -7.9563
1084 1101 -1.69086
1085 1095 -8.58127
1085 1100 -5.4954
1085 1101 -0.982543
1085 1110 -4.43612
1085 1118 -4.14515
1085 1125 -2.85347
1085 1129 -2.58569
1085 1134 -4.8442
1086 1087 -0.0958968
1086 1097 -4.14515
1087 1088 -0.101248
1087 1097 -5.53733
1088 1097 -4.8442
1092 1103 -3.73241
1092 1109 -1.91493
1093 1094 0.195158
1093 1098 -9.93248
1093 1145 -3.57445
1094 1098 -3.91844
1095 1100 -0.500431
1095 1102 -6.51337
1096 1103 2.03318
1096 1108 -11.8387
1096 1122 -0.402198
1096 1140 0.886457
1096 1147 -5.53733
1096 1162 -10.5825
1096 1172 1.72077
1096 1174 2.06181
1096 1177 -3.43802
1096 1188 -4.8442
1096 1200 0.335267
1096 1202 0.709256
1096 1208 -4.8442
1096 1216 -0.143607
1096 1217 -0.0312803
1096 1224 -4.8442
1096 1233 -0.402198
1096 1241 -4.14515
1096 1247 2.29877
1097 1111 -1.06254
1097 1114 -6.66405
1098 1115 -6.75231
1098 1123 -0.439053
1098 1145 0.435894
1099 1107 -1.75131
1099 1132 -4.26967
1099 1134 -8.87224
1100 1102 -0.116857
1100 1110 -0.0389131
1101 1112 -1.00226
1101 1118 -2.22758
1102 1110 -3.10231
1102 1130 -0.0544849
1103 1109 -6.66443
1103 1128 -4.74466
1104 1106 1.23857
1104 1137 -0.0351657
1105 1113 -0.0200558
1105 1116 -0.0381629
1105 1119 -2.36822
1106 1137 -6.95092
1107 1121 -3.31536
1107 1132 -1.69086
1108 1122 -7.43414
1109 1120 -0.491845
1109 1128 0.324541
1110 1125 -0.905358
1110 1130 -0.55042
1111 1114 0.00423657
1111 1126 -0.101121
1111 1136 -1.31932
1112 1117 -0.226632
1112 1118 -0.635286
1112 1124 -2.22758
1112 1129 -1.16715
1113 1116 0.020076
1113 1119 -1.57696
1114 1126 -2.50743
1114 1127 -2.00635
1114 1136 -0.0121618
1115 1123 0.5414
1115 1133 -1.5067
1115 1138 -5.79842
1116 1119 -4.61395
1117 1124 -0.652519
1117 1134 -2.52745
1118 1129 -0.321795
1119 1144 -17.0503
1120 1128 -2.59976
1121 1128 -2.47197
1121 1132 -1.77528
1123 1138 -1.49683
1123 1145 -0.986253
1124 1129 -0.353819
1124 1134 -5.53733
1125 1130 -0.195158
1125 1134 -2.47197
1125 1139 -4.09899
1125 1159 -1.14578
1126 1136 -4.8442
1127 1136 -5.37792
1128 1132 -0.612397
1128 1140 -9.59346
1129 1134 -4.43612
1130 1139 -1.75131
1131 1135 -0.635286
1131 1146 -1.78253
1132 1134 -2.64699
1132 1140 -6.13769
1133 1138 -1.10372
1134 1140 2.06181
1134 1147 -4.43612
1134 1152 -2.10127
1134 1154 -6.90809
1134 1155 -3.31536
1134 1157 -10.7439
1134 1159 -9.68249
1134 1164 3.2176
1134 1172 0.849093
1134 1181 -2.93164
1134 1182 5.1672
1134 1184 -3.31536
1134 1185 -8.41866
1134 1197 -16.612
1134 1200 0.341037
1134 1204 -6.85009
1134 1208 -4.8442
1134 1217 -3.27209
1134 1225 -6.13634
1134 1241 -4.43612
1134 1242 -3.29458
1134 1245 4.04814
1134 1247 1.35184
1134 1252 0.321795
1134 1257 -3.91844
1134 1258 -7.25791
1134 1265 0.0397882
1134 1276 -1.98633
1135 1146 -4.8442
1136 1143 -16.0006
1137 1141 -2.02352
1138 1142 -16.0371
1138 1145 -13.1795
1139 1159 -7.35646
1139 1176 -0.618144
1140 1147 -11.415
1140 1154 -2.06181
1141 1148 -1.08303
1141 1163 -3.51343
1142 1145 1.95015
1142 1149 -5.98025
1142 1153 -10.07
1143 1146 1.16631
1143 1150 -3.43706
1143 1156 -4.76112
1143 1161 -6.71126
1144 1151 -6.56512
1144 1158 -5.57955
1145 1149 -1.30083
1145 1153 -1.98633
1145 1160 -3.32585
1145 1165 -0.473142
1145 1167 -2.58569
1145 1169 -3.91844
1145 1171 -7.83689
1145 1173 0.607211
1145 1179 -7.2837
1145 1186 -11.5007
1145 1205 -13.1255
1145 1215 -0.130395
1145 1220 1.47101
1145 1221 -0.134549
1145 1226 -4.8442
1145 1230 -0.12996
1145 1236 0.628784
1145 1237 0.943834
1145 1248 -9.68249
1145 1262 -4.43612
1145 1270 0.135149
1145 1277 -4.8442
1146 1151 -4.14515
1146 1156 -6.87411
1146 1158 -1.25517
1146 1166 -15.3294
1146 1168 -8.76265
1146 1170 -3.91844
1146 1180 -9.20035
1146 1183 -8.06359
1146 1189 -6.61712
1146 1192 -0.232593
1146 1193 -1.34772
1146 1201 1.69086
1146 1211 -4.8442
1146 1213 -3.10675
1146 1214 9.5562
1147 1154 1.92933
1147 1172 -11.5129
1148 1163 -1.18877
1149 1153 0.130539
1149 1160 -0.0194466
1150 1156 -0.281565
1150 1161 -0.101248
1151 1158 0.573873
1152 1155 0
1152 1157 -0.74886
1153 1160 -0.121467
1153 1167 0.0107126
1153 1169 1.95198
1153 1171 -0.0422608
1155 1157 0.258219
1155 1164 -9.52886
1156 1161 1.75725
1156 1168 -0.0463106
1157 1164 -4.43612
1158 1170 -0.496165
1159 1164 -10.3815
1159 1176 -4.14515
1159 1197 1.10372
1160 1167 -0.0107126
1161 1168 0.00971753
1162 1174 -4.8442
1163 1175 -4.8442
1164 1181 -3.80454
1164 1182 1.84714
1164 1197 -8.87224
1165 1173 -0.0341366
1165 1215 3.9529
1165 1221 1.08388
1165 1230 2.26277
1167 1171 -0.47527
1172 1184 -8.2903
1172 1188 -7.28959
1174 1177 -0.760828
1174 1187 -0.83062
1175 1178 -4.10451
1176 1197 -11.0747
1177 1187 -1.87322
1177 1202 -0.849093
1178 1190 -1.58484
1179 1186 2.46161
1180 1193 -1.4646
1180 1194 -1.10145
1180 1201 -2.31952
1181 1182 -9.77382
1182 1197 -24.6815
1182 1204 -17.6409
1182 1225 -3.86982
1183 1191 -1.62556
1183 1192 -3.19407
1183 1195 0.117046
1183 1196 -0.337785
1183 1198 -0.55042
1184 1185 -1.69086
1184 1188 -1.60463
1184 1200 -4.8442
1185 1200 -6.33741
1188 1200 -3.43706
1189 1214 -4.04204
1191 1195 -0.117046
1191 1198 -4.8442
1192 1196 -0.0767885
1192 1199 -1.20965
1192 1214 -0.153577
1194 1201 -0.451047
1195 1198 -0.962998
1196 1198 -4.96014
1196 1199 -3.16611
1196 1206 -4.8442
1196 1207 -2.14198
1196 1209 -5.53733
1196 1214 1.78966
1197 1245 -5.53733
1197 1247 -9.68841
1197 1265 -4.43612
1197 1291 3.43706
1197 1293 -4.43612
1197 1295 -11.0747
1199 1214 -2.47197
1200 1208 -4.14515
1200 1217 -1.05351
1200 1222 -2.93164
1200 1224 -5.33433
1200 1241 -3.43706
1200 1247 0.125233
1201 1211 -4.8442
1202 1210 -3.91844
1202 1216 -0.143607
1203 1218 -3.43706
1205 1220 -16.6358
1206 1207 -1.83518
1207 1209 0.122077
1207 1212 -0.0104388
1208 1217 -5.53733
1209 1212 -0.0996591
1209 1214 -5.53733
1210 1216 -3.20605
1211 1214 -3.31536
1211 1219 -3.91844
1212 1214 -3.91844
1213 1214 -4.14515
1214 1219 1.30737
1214 1227 -4.14515
1214 1228 -10.8547
1214 1231 -3.20605
1214 1234 1.78253
1214 1236 2.74365
1214 1240 -4.8442
1214 1246 -4.8442
1214 1249 -12.3975
1214 1250 0.849093
1214 1260 -3.43706
1214 1263 -3.43706
1214 1264 -9.20933
1214 1268 -0.982543
1214 1269 0.13983
1214 1274 -0.996202
1214 1275 -0.794069
1214 1280 1.36231
1215 1230 5.84408
1215 1251 6.53975
1215 1255 -0.533685
1215 1277 -3.20605
1215 1282 -4.43612
1215 1284 -3.20605
1216 1223 -1.84714
1216 1233 -0.867703
1217 1222 -2.81299
1217 1224 -3.23745
1217 1247 -0.0624859
1218 1229 -2.14198
1219 1231 -3.57445
1220 1226 -9.4019
1220 1232 -6.42211
1221 1230 2.59387
1222 1224 -0.451047
1223 1233 -3.43706
1226 1232 -0.0389131
1226 1237 -7.22819
1227 1236 -15.8475
1229 1235 -4.8442
1230 1239 1.05609
1230 1251 2.0742
1230 1255 -1.6413
1231 1234 -3.73241
1232 1237 -9.26974
1233 1238 -1.89917
1233 1244 -1.57696
1233 1247 -0.962998
1234 1246 -3.91844
1235 1238 -0.823142
1235 1243 -3.57445
1236 1237 1.20291
1236 1240 -19.3435
1236 1248 -3.91844
1236 1262 -5.53733
1236 1263 -6.7805
1236 1269 0.655006
1236 1270 0.55378
1236 1272 0.488201
1236 1274 -0.279596
1237 1248 -9.26974
1237 1262 -1.47101
1237 1269 0.099255
1237 1270 2.82068
1237 1272 0.0992723
1237 1274 -2.63495
1237 1280 1.49683
1237 1285 -1.18877
1237 1290 -15.9189
1238 1243 -4.43612
1238 1244 -3.43706
1238 1247 2.56105
1238 1253 0.0856502
1238 1254 -0.841536
1238 1259 -3.91844
1238 1261 -4.43612
1238 1266 -1.49568
1238 1273 -3.5098
1238 1280 2.69829
1238 1291 -11.0747
1239 1251 1.88083
1239 1256 -0.0502383
1241 1247 -3.73241
1241 1252 -2.71175
1242 1245 -5.16766
1243 1250 -3.31536
1243 1254 -3.31536
1244 1247 -3.91844
1244 1253 -2.58569
1245 1258 -4.78526
1245 1265 1.98633
1246 1250 -6.66405
1247 1252 0.24241
1247 1253 1.18877
1247 1257 -16.849
1247 1259 -2.85347
1247 1266 -0.988856
1247 1276 -4.11642
1247 1291 -5.53733
1250 1254 -0.151308
1250 1260 -7.95095
1250 1280 2.16641
1251 1255 -0.678799
1251 1256 -0.0878771
1251 1267 -1.54428
1251 1271 1.5563
1251 1281 -12.1686
1251 1282 -11.0747
1251 1283 -4.8442
1251 1287 1.04226
1252 1257 -7.09757
1253 1259 -2.47197
1254 1261 -3.43706
1254 1280 -0.613428
1256 1267 -0.418209
1258 1265 -0.71196
1259 1266 -5.85304
1260 1268 -0.584119
1260 1280 -3.57445
1261 1273 -3.57445
1261 1280 -3.91844
1262 1270 -5.53733
1263 1269 -3.73241
1267 1279 2.44538
1267 1283 -1.25661
1268 1280 -2.37734
1269 1274 -0.559255
1270 1277 -5.53733
1270 1278 -0.513597
1270 1282 -16.3462
1270 1289 -8.55306
1270 1290 -4.8442
1273 1280 -2.50931
1274 1280 -0.601089
1275 1280 -1.38473
1277 1282 0.569288
1277 1284 -1.42058
1279 1283 -1.25661
1279 1286 -1.81035
1280 1285 -0.618144
1280 1291 -26.3004
1282 1284 -6.66405
1282 1286 -10.3815
1282 1287 -4.8442
1282 1288 -2.93164
1282 1289 -0.457339
1282 1295 -15.9189
1283 1286 -1.95015
1283 1287 -3.73241
1283 1288 -1.95015
1285 1290 -10.3815
1285 1291 -6.5214
1285 1292 -8.06359
1285 1294 -1.72077
1286 1288 -0.289934
1287 1288 -0.00778178
1289 1290 -2.62681
1289 1295 -2.36822
1290 1292 -1.95996
1290 1295 -0.180566
1291 1294 -1.40208
1291 1295 -11.0747
1292 1294 -0.780547
1292 1295 -4.8442
1293 1295 -3.57445
1294 1295 -3.20605
