MULTICUT
0 1 0.369627
0 3 -7.2338
0 5 4.40015
0 8 0.739254
0 10 -11.7257
0 13 -16.5918
0 18 2.18405
0 20 2.14198
0 24 -4.43612
0 25 4.42212
0 26 -7.42079
0 31 -2.06181
0 32 -3.57445
0 35 -15.18
0 36 5.78738
0 43 -1.25989
0 46 -0.116539
0 52 -11.0747
0 53 -2.93164
0 55 0.652519
0 56 -4.14515
1 6 -3.62965
1 8 0.903582
1 13 -11.638
1 14 1.75131
1 17 2.41897
2 3 5.97597
2 4 2.4134
2 9 3.59587
2 11 1.51897
2 16 7.54378
2 19 1.93024
2 21 0.761345
2 23 3.10675
3 5 -4.43612
3 9 0.96606
3 10 6.655
3 11 3.73316
3 15 2.65334
3 19 5.55608
3 22 3.36438
3 27 5.54442
3 32 3.10675
4 16 0.895384
4 21 1.41043
6 7 -5.19597
6 12 -1.27785
6 17 -1.89779
7 12 -0.562919
8 13 -3.91844
9 15 0.715862
9 19 5.7343
10 18 -3.91844
12 17 -13.1345
12 42 -1.22574
12 76 0.0428251
13 17 -11.796
13 20 -2.64699
13 34 1.27785
13 36 -4.14515
15 19 2.25439
16 21 1.19683
16 23 1.62649
17 34 -12.6047
17 38 2.10127
17 42 -4.14515
19 21 2.47327
19 22 4.60615
19 27 3.20604
21 23 1.38868
21 27 1.25517
21 28 2.92609
21 30 0.70947
21 57 0.118161
21 59 1.89225
24 25 -3.73241
24 26 0.0675961
24 29 5.63714
24 37 0.540588
24 40 0.157251
24 45 -0.0212055
24 49 0.0871403
24 50 0.0058468
24 61 0.0165832
24 79 0.00829157
25 49 -31.4297
25 52 -5.53733
26 37 1.32689
26 43 0.213361
26 44 0.207793
26 45 -0.0506806
26 54 -0.0775715
27 28 2.85347
27 32 7.58221
28 30 1.1491
28 32 8.04526
28 33 5.45214
28 59 4.30513
29 37 3.36037
29 45 -0.00800256
29 49 0.0204631
31 35 0.402198
32 55 -2.58569
32 59 8.78148
32 64 4.17008
32 69 4.5962
32 74 3.57445
32 83 -3.31536
32 110 3.06256
32 118 -0.565605
32 123 3.01573
32 129 0.124558
32 139 1.36701
32 143 -5.53733
32 149 -5.53733
34 36 -4.43612
34 38 -14.1245
34 42 -1.79941
34 48 -1.32411
34 60 -24.9666
34 65 -9.97346
34 76 -13.1781
34 77 -4.8442
34 108 -10.8976
34 135 -1.23277
34 150 -2.31952
35 39 2.75235
35 41 2.64721
35 51 2.18401
35 53 -7.4912
35 56 -0.0154275
35 58 3.10675
35 62 0.91037
36 46 -0.224818
36 48 -1.23878
37 44 3.61192
37 45 -0.384899
37 49 0.0203103
37 54 -0.164831
38 42 -11.1387
39 41 3.29857
39 51 -0.165161
39 53 -3.01573
39 66 -0.582829
39 70 -0.298092
39 71 -0.451047
40 45 0.0186683
40 49 -0.697201
40 50 -0.0168575
40 61 0.246423
40 79 0.0191437
41 51 -0.0274109
41 58 1.96122
41 66 -1.73239
42 65 -1.34772
42 76 -0.412722
43 44 -0.340865
43 45 0.385721
43 54 0.874981
43 55 -1.5222
43 68 2.81735
43 80 2.00716
43 83 -0.454577
43 87 0.104348
43 98 -0.0174257
43 115 -0.0261538
44 45 -0.3373
44 54 -0.248621
45 49 -0.0722859
45 50 -0.0116743
45 54 3.92779
45 61 0.228271
45 68 6.12444
45 79 0.0759476
46 47 0.0666463
46 48 -0.102616
46 53 -4.22821
47 48 -1.82499
47 53 -4.14515
48 53 0.402198
48 60 -5.02637
49 50 0.0594276
49 52 7.23772
49 61 -0.0524087
49 67 9.23287
49 72 4.22968
49 79 1.36794
49 81 -2.80928
50 61 -0.0220326
50 79 0.0963062
51 62 0.334687
51 63 -0.632618
51 70 3.20929
51 82 -0.145013
51 90 -0.17543
52 56 0.924411
52 63 3.53792
52 67 1.42058
53 58 -8.2903
53 60 -8.39081
53 66 -1.23512
53 71 -0.905358
53 73 -5.53733
53 75 -4.14515
53 78 -3.31536
55 74 -2.31952
55 80 -1.30722
55 83 0.217227
56 62 -0.347903
56 63 0.296705
57 59 6.10462
57 117 6.14462
57 123 1.88061
57 126 0.0354591
57 143 -12.4951
58 66 -2.41897
59 123 1.47101
60 73 -1.34772
60 77 2.31952
60 78 -1.25517
60 85 2.76044
60 92 -0.542201
60 96 3.43706
60 108 6.7216
61 68 1.88111
61 79 0.726395
62 63 -7.18144
63 67 9.8068
63 89 2.16904
63 90 0.40811
65 76 0.0693989
67 81 -7.4929
67 88 -4.84697
67 89 7.65085
67 91 4.84101
67 100 -3.2643
67 103 -1.23277
67 104 1.27785
67 105 -5.35874
68 79 2.31952
68 87 8.89533
68 98 -0.075664
68 101 2.18405
68 115 -0.0899554
70 71 -0.81228
70 78 4.57591
70 82 -0.00727902
71 78 -1.34772
72 79 2.82182
72 81 -3.82692
72 99 0.0206515
73 75 -1.84714
73 78 -0.55042
74 83 -1.57696
75 78 1.66155
78 82 0.0735577
78 84 8.13999
78 85 -1.52308
78 106 0.155233
78 116 0.0499597
79 81 -2.12889
79 86 4.80454
79 93 0.570327
79 94 -2.45962
79 95 2.31952
79 99 6.07813
79 101 1.60463
80 83 -1.1572
80 87 5.59401
80 98 -0.222932
80 115 -0.0415665
81 88 -0.0136326
81 99 -1.86585
82 84 0.187054
82 89 4.29441
82 90 1.34555
82 106 0.371455
82 116 5.84365
82 124 3.01573
82 134 6.6431
82 137 -5.53733
82 148 -9.68841
83 87 0.0285737
83 98 0.00892127
83 101 0.0331521
83 110 -1.57696
83 115 0.00382855
83 118 -0.258219
83 122 0.00918631
83 128 -25.7387
83 132 0.0853425
83 154 -3.31536
83 164 -3.91844
83 173 0.124326
83 174 0.0886516
84 85 -5.57428
84 97 0.109425
84 106 0.285678
84 111 -1.46885
84 116 3.71661
85 92 -0.762844
85 97 -0.109425
85 111 0.473321
86 93 0.128726
86 94 -1.29769
87 98 -0.508895
87 101 0.127245
87 102 3.15716
87 115 -0.322778
87 122 0.119765
88 99 -0.0447697
88 104 -2.93164
88 109 0.154241
88 113 2.63104
88 121 0.580766
88 133 -0.0180098
89 90 1.40181
89 105 -2.27269
89 112 7.986
89 114 -1.44559
89 124 3.10331
89 127 2.71175
91 100 -2.27269
92 96 -3.35807
92 108 -2.36822
92 111 -7.36024
92 119 -10.4632
92 135 -1.60463
92 146 -0.353819
93 94 -0.74343
93 99 1.40457
94 99 -3.83897
95 99 2.58569
95 101 2.18405
96 108 2.85347
98 102 -0.0737709
99 101 19.5701
99 109 -1.83275
99 121 -1.84792
100 105 -1.27785
101 121 -0.947461
101 122 1.81803
101 125 8.52751
101 132 6.79098
101 133 0.151074
101 173 1.34088
102 115 -0.0265624
103 104 -2.10127
103 105 -0.652519
103 107 -0.023141
103 112 -2.85751
104 107 -0.145355
104 112 1.26108
104 113 -5.53733
104 121 -8.17192
104 127 0.971376
104 136 -4.52479
104 145 -1.54438
105 112 -5.53733
105 114 -1.78253
106 116 2.53007
107 112 -0.287476
108 119 5.14861
108 135 -19.365
109 121 2.64895
110 118 -0.715268
111 116 -14.4506
111 141 -1.54979
111 146 -5.53733
111 148 3.01573
111 161 -6.20184
111 165 -2.52745
111 168 3.86451
111 176 -3.43706
112 114 -1.04578
112 120 4.61671
112 127 6.91028
113 121 0.361647
116 137 -4.8442
116 141 -2.27269
116 148 -5.53733
117 126 0.130201
117 143 -5.53733
118 128 -6.6431
118 129 -0.464096
118 130 -2.06952
118 139 -0.638433
119 135 -4.8442
121 133 -0.312617
121 136 -2.78039
123 143 -2.71175
124 127 2.39915
124 134 1.20295
126 143 -9.26223
126 152 1.75131
126 157 -2.23536
126 178 0.775982
127 131 6.21745
127 134 5.20125
127 140 8.38635
127 144 7.68277
127 145 0.0576963
127 148 -5.53733
127 153 0.27711
127 159 3.39202
127 172 3.91844
127 177 -0.0917179
127 187 -4.8442
128 129 -1.67267
128 130 1.10372
128 142 0.402596
128 154 1.70334
129 130 -2.07857
129 139 1.09098
129 142 -7.16088
132 133 0.314396
132 138 0.0714685
132 173 3.70685
133 136 0.00934149
133 138 0.357528
133 147 -0.0747889
133 160 1.25887
133 169 0.280971
133 171 0.657287
133 173 4.57537
133 179 0.638126
134 148 -5.53733
135 146 2.52745
135 150 -17.842
135 158 1.18877
136 145 0
136 147 -0.0030598
136 173 0.0074708
137 148 -3.15156
138 173 0.428904
139 142 -4.43612
139 149 -5.53733
140 144 0.592489
140 145 0.104738
140 153 0.306077
141 148 -4.46091
142 149 -2.10127
142 154 1.30987
143 149 -5.54109
143 151 -0.393994
143 152 -7.83689
143 154 0.794069
143 155 -3.99476
143 163 2.85347
144 145 0.334955
144 153 3.42574
144 167 -4.4849
144 172 4.05767
144 188 -0.771575
145 147 -2.41198
145 153 0.421963
146 158 2.18405
146 165 -2.78039
147 153 -4.43612
147 160 -0.0775608
148 156 -0.0471331
148 162 0.00428123
148 176 -3.19676
148 187 -1.52308
149 154 -4.22697
150 158 -9.61941
151 155 -3.70147
152 155 0.825288
152 157 -1.56177
152 163 -0.887736
153 160 -1.23277
153 167 -2.36598
154 163 2.56224
154 164 2.93164
154 166 8.87795
154 192 8.93849
155 163 -2.78186
156 162 1.37045
157 163 2.64699
157 178 -2.27269
158 161 0.247637
158 165 -3.5437
158 168 -13.4255
158 181 1.53698
158 182 -3.14745
158 186 -8.35456
158 189 -2.78246
158 217 0.038913
159 172 6.12248
159 177 -0.0917179
160 167 -0.00579975
160 169 0.479191
161 165 -0.247637
161 168 -9.37973
162 176 -1.20073
162 187 -7.70098
162 191 -6.02913
162 211 0.038913
162 214 -1.84714
162 224 0.257649
162 230 -0.133252
163 175 0.415542
163 178 -3.43706
163 180 -1.22534
163 183 4.85754
163 192 1.57696
163 199 -7.14891
163 202 2.10127
164 166 15.7894
164 170 -0.0258542
164 173 -0.0122715
164 174 -4.14515
164 192 3.20604
164 197 15.3626
164 220 2.94856
164 222 4.60206
166 192 3.73241
167 169 -0.0896625
167 185 0.739765
167 188 3.20532
168 176 -28.2149
168 217 -3.31536
169 179 2.1006
169 185 6.01245
169 198 0.129679
170 173 12.8135
170 200 2.24445
170 219 0.213851
170 220 -0.112559
170 222 -0.0340547
170 227 -0.0114987
171 173 0.910564
172 177 -0.116857
172 184 -2.22758
172 188 -0.101729
173 174 2.19931
173 179 10.4524
173 198 0.114739
173 200 5.59356
173 209 -0.081801
173 220 -0.041722
175 178 -0.483906
175 180 -1.73898
176 191 -3.00804
176 217 2.9862
176 232 -8.84803
176 256 -2.18405
177 184 -0.0612831
177 187 -3.01573
177 190 -1.28743
178 180 -15.1595
178 199 5.78622
178 237 3.54734
178 291 -7.4522
178 302 -4.8442
179 185 1.41509
179 196 0.552058
179 198 0.245496
179 200 2.09313
179 209 -0.081801
180 199 -9.97346
181 182 -2.86751
181 186 -3.31536
181 189 -1.88673
181 193 -12.685
181 208 0.159576
181 210 -1.91493
182 189 0.366311
184 188 -0.867703
184 190 0.306393
185 188 2.22975
185 196 0.777749
185 198 0.288737
186 193 -3.38714
187 190 -5.62501
187 206 -1.40944
187 230 0.0504962
188 190 -1.54979
188 194 -5.18475
188 195 -0.501253
188 198 0.098325
188 200 3.30953
188 201 -2.10127
188 203 -0.148121
188 209 -0.081801
189 208 -2.0417
189 217 -1.10831
190 195 -2.92488
190 205 -0.168214
190 206 -2.18405
190 228 0.262808
191 211 -3.89261
191 223 -0.905358
191 226 0.389214
191 232 -0.670243
191 236 0.0193225
191 252 1.99089
191 255 -3.4468
192 197 3.57445
192 199 -2.47538
192 202 0.423882
192 221 4.31656
192 225 3.10675
192 229 -1.06254
193 204 0.24241
193 210 -6.15001
194 195 0.127186
195 201 -6.14061
195 205 0.0672802
195 228 -0.375548
196 198 0.0908737
197 221 6.75241
197 222 3.10675
198 200 0.265072
198 209 -0.081801
199 202 -2.64699
199 207 7.0768
199 213 8.19825
199 229 9.75515
199 235 5.80057
199 237 3.08171
199 249 0.123919
199 274 0.194246
200 203 -0.132481
200 209 -0.971052
200 215 -0.0392959
200 216 3.37647
200 219 5.88699
201 203 -0.451047
201 205 -1.57696
201 209 -3.7583
201 212 -0.023346
203 209 -1.49683
204 210 -12.7218
204 244 -2.93164
205 212 -2.14198
205 218 -2.85347
205 228 -0.100906
205 231 -0.722426
206 228 -5.38721
206 230 -0.100992
208 210 -6.93752
208 217 1.76967
209 212 -0.30384
209 215 0.0521723
209 216 -0.30613
210 217 -3.17467
210 244 -0.0648415
211 214 -7.65057
211 223 1.34772
211 226 -1.44559
212 215 -1.28255
212 218 2.70485
212 234 3.31536
212 241 3.70631
214 224 -12.2065
214 226 2.47197
215 216 -0.0889411
215 234 -0.25865
216 219 4.7349
216 234 -5.3556
217 244 -0.00863214
217 248 -0.127038
217 256 -6.91384
217 265 -0.0200985
217 267 1.19999
217 269 -1.57696
217 280 -1.44755
218 231 -4.86731
218 241 1.57742
218 245 -0.000172734
218 253 0.159831
219 220 -0.0425699
219 227 -0.00782355
219 233 -9.83712
219 234 -3.01573
219 251 -4.66875
219 258 -3.73241
220 222 1.16875
220 227 1.02086
220 233 0.166789
221 222 5.9783
221 225 3.31536
221 242 5.636
221 243 -1.88061
221 246 6.66405
221 254 7.87318
221 263 2.22758
221 264 11.2681
221 277 5.10721
221 298 1.99065
221 341 4.63332
221 350 -3.73241
222 227 9.80898
222 246 3.02351
223 226 -6.32105
224 226 -1.98633
224 230 -0.18193
225 229 -6.3081
225 242 3.10675
226 230 -2.9166
226 232 -0.222018
226 240 -0.247306
226 252 1.39439
226 255 -0.197063
227 233 10.7385
227 238 2.64131
227 246 5.13071
227 257 3.31536
227 262 3.31536
227 264 2.14198
228 230 -2.27269
228 231 -3.26618
228 239 -3.30085
228 240 -0.722426
228 247 -4.89956
228 250 -0.181053
228 253 -4.8442
228 261 -3.31536
228 279 -0.226632
228 281 -3.57445
228 285 -2.04668
229 235 6.92555
229 242 -2.18405
229 243 6.3687
230 240 -3.25567
231 239 0.274059
231 245 -1.16715
232 236 -0.154549
232 252 -0.867654
232 255 0.0377549
232 256 -0.0352037
232 278 0.00141175
233 257 5.66272
233 258 6.92555
233 262 1.63282
233 273 5.63627
233 286 6.21745
233 289 3.43706
233 290 4.118
233 294 4.67052
233 298 5.75935
233 305 8.22785
233 309 6.2135
233 320 3.31536
233 335 2.93164
234 241 3.16861
234 251 3.31536
234 259 7.87756
235 243 8.86876
235 249 2.0906
235 274 0.705111
235 293 6.35106
236 255 -0.0192911
237 249 5.14311
237 288 2.47643
237 302 -17.8727
237 324 -0.667526
239 245 -3.83077
239 247 -7.36787
239 250 0.892724
240 252 -1.14578
240 261 -12.1649
240 270 -5.56273
240 275 0.0544848
241 245 -0.000692861
241 253 0.411283
241 259 11.7872
242 243 -4.62872
243 249 0.946782
243 288 0.0495989
243 293 3.57445
243 299 6.20414
243 325 2.67792
243 332 14.4696
243 336 2.58569
243 339 3.20604
243 350 3.20604
243 351 1.48728
243 389 0.27129
244 265 -1.74042
244 268 -11.8569
245 247 0.0520385
245 253 -0.0129962
246 263 1.78253
246 264 6.5128
247 250 -11.9829
247 253 -3.56941
248 256 -0.329363
248 265 -0.00967159
249 274 5.8304
249 288 1.85957
249 299 2.42414
251 258 7.64465
251 259 3.01573
251 260 6.61975
251 276 3.73241
251 282 0.886457
251 283 5.70694
251 296 4.43612
252 255 -5.50235
252 256 -0.00223654
252 269 -2.23966
252 270 -6.247
253 259 0.43902
253 281 -1.30083
253 285 -3.43706
253 303 2.52106
253 323 -2.85347
253 328 0.406969
253 334 0.630924
253 343 -2.58569
253 349 -5.15922
255 256 -0.0177068
255 269 -1.5451
255 278 0.779459
256 269 -1.12693
256 278 -0.579839
257 262 2.25811
257 264 9.87843
257 272 6.2862
257 284 2.99108
257 286 7.94744
257 289 0.163779
258 271 5.50047
258 273 4.18385
258 282 3.4897
259 266 7.87318
259 296 12.9557
259 303 0.63959
261 275 -3.8693
261 285 -2.85347
263 264 1.98633
264 272 3.01573
264 277 6.5061
264 284 3.73241
264 289 8.99575
264 298 7.87318
265 267 -0.0401969
265 268 -12.273
265 269 -1.94908
265 280 -5.8736
265 295 -0.932386
265 312 -13.0869
265 321 -3.95064
265 364 -1.98633
267 280 -0.413776
269 270 -2.87793
269 278 -4.33873
269 300 -1.0358
269 310 -6.05484
269 333 -7.02519
269 347 -3.91844
269 356 -4.76672
269 364 -13.2629
269 372 -2.09224
270 275 -8.39081
270 300 1.18877
270 304 0.132481
270 310 -8.06359
270 314 -8.41866
271 273 1.95015
273 282 1.42058
273 287 4.22513
273 290 8.30146
275 285 -7.00115
275 292 3.55864
275 304 -4.43612
275 308 -0.274059
276 282 0.965914
276 283 4.59236
276 287 5.58805
279 281 -5.53733
279 285 -3.83221
281 285 -8.0093
282 287 2.53818
283 287 3.21567
283 296 6.41784
283 306 3.47405
285 292 -1.44559
285 308 -3.31536
285 316 2.77908
285 319 -1.78616
285 323 0.100403
285 327 -1.47861
285 330 0.00372158
287 290 3.01573
287 297 6.16014
287 301 3.73241
287 306 10.7617
287 307 2.18405
288 291 -2.56537
288 299 0.595675
288 302 -13.6009
288 324 -0.555693
288 325 0.10265
288 351 0.103148
288 361 -22.1493
288 367 0.048426
288 371 -2.27269
288 376 1.78397
289 298 5.70018
290 301 3.7437
290 305 5.28219
290 306 3.01573
290 309 2.71175
290 315 0.402198
290 317 4.43612
291 302 -6.22923
294 298 2.78039
296 303 4.07341
296 306 8.45153
296 313 1.92694
296 334 0.570508
298 320 3.57445
298 335 2.41897
298 338 2.22758
298 341 3.74982
299 325 0.823185
299 351 0.818241
300 310 -11.0747
301 306 3.10675
302 324 -3.57445
303 306 2.66512
303 313 2.77695
303 318 5.84201
303 329 1.97014
303 334 2.45153
303 340 0.300282
304 308 -0.369897
304 314 -3.20605
305 309 4.65117
306 307 12.2651
306 311 1.32411
306 317 9.53401
306 329 1.02114
306 334 0.415209
306 337 10.6738
306 342 7.61892
306 346 3.43706
306 352 3.57445
306 355 3.43706
306 363 3.31536
306 368 3.10407
308 314 2.44106
308 316 -1.48435
308 322 0.0126592
309 315 3.37073
309 317 0.867703
309 331 3.99635
309 335 5.84231
310 314 7.38449
310 333 0.672747
310 347 -0.0819291
312 321 -15.2257
312 364 -9.28032
312 369 -1.10372
313 334 0.430111
314 322 0.443612
314 327 0.211488
314 333 0.122126
314 347 -0.0453887
314 356 -6.77191
314 357 0.461764
314 359 -0.0384767
315 317 0.978896
316 322 -0.0444179
316 327 -0.753207
317 326 3.84434
317 331 3.08582
317 342 1.72077
318 334 0.438332
319 323 -0.0538444
319 330 -0.233701
321 369 -2.02352
322 327 0.393894
322 357 0.276127
323 327 -0.00185353
323 328 -3.91844
323 330 0.0236747
325 332 13.4202
325 336 1.30083
325 351 2.90136
325 367 3.70753
325 381 3.12098
325 390 0.403573
325 394 2.36822
327 330 -0.0111409
327 348 -9.24214
327 357 0.227153
327 358 -1.44559
327 359 -1.64531
328 330 -2.31952
328 343 -4.13132
329 334 3.54032
329 337 2.22758
329 346 0.635286
329 365 5.78229
329 375 0.815397
330 343 -0.052776
330 348 -0.222544
331 335 1.37165
331 342 4.14515
332 336 6.84374
332 339 2.76304
332 350 6.10604
332 383 2.26501
332 389 5.39548
332 394 9.36151
332 421 -0.477186
332 429 -3.31536
332 431 -6.32238
332 440 1.77886
332 451 3.97386
332 463 0.16977
332 491 -2.71175
333 347 -0.00724204
334 340 1.0257
334 344 1.1091
334 349 -9.88725
334 353 -3.10675
334 360 1.19021
334 365 1.99391
335 338 1.39593
335 341 5.35874
335 342 10.3326
335 345 2.82479
336 389 0.09043
337 346 3.43706
337 352 1.16715
337 365 7.0037
337 368 2.72322
338 341 6.36
339 389 0.09043
341 342 0.398901
341 350 -1.72077
341 366 1.61299
342 345 3.20604
342 355 4.43612
342 363 9.32754
342 366 4.08165
342 389 -0.0885212
343 348 0.105552
343 349 -1.35587
347 356 -2.49876
348 349 -5.15922
348 354 -2.27269
348 359 -2.10127
349 353 -9.69663
349 354 0.101247
350 366 -5.10031
350 383 0.9347
350 389 0.438728
350 421 -0.23574
353 354 -0.618144
353 360 -3.01573
353 362 -14.5267
354 359 -0.704796
354 362 -2.31952
356 357 -8.59444
356 372 0.663329
356 377 -1.78253
357 358 -0.101248
357 359 -0.0150888
357 370 -4.43612
357 377 1.21064
357 378 -6.92372
358 359 -1.54979
359 362 -3.20605
359 370 -3.73241
360 362 1.31176
360 365 0.235577
360 375 7.90015
360 380 -0.00558894
360 406 -0.0139007
361 371 -0.867703
361 374 6.15137
361 376 -5.53733
361 388 -14.4096
362 370 -5.39912
362 373 -9.47781
362 375 0.117639
362 379 -0.195158
362 380 -0.00495776
362 382 -2.15294
363 366 1.68511
363 368 4.66686
363 384 0.127385
363 389 0.0149963
364 369 -2.06181
364 372 -5.62575
364 385 0.339266
364 391 -6.42793
364 393 -3.06581
364 398 -1.52308
364 402 -2.31952
365 368 1.23405
365 375 5.47356
365 384 4.68116
365 392 2.47413
366 368 1.6602
366 384 0.0302493
366 389 -0.740254
367 376 0.444033
367 381 1.31653
367 390 1.67146
368 384 1.51609
368 389 -0.278451
369 393 -5.53733
370 373 -5.20433
370 378 -1.31102
370 386 -4.13208
372 377 -6.21586
372 391 -0.283117
372 395 1.53149
373 379 -0.295648
373 382 2.02999
373 386 -4.43612
374 376 -9.97346
374 388 -5.53733
374 403 -2.71694
374 404 -6.93845
374 420 -1.27785
374 439 -6.97167
374 456 0.0987268
374 459 -1.02392
374 466 0.101247
375 380 -0.0353579
375 387 -3.91663
375 392 7.69769
375 397 4.90504
375 406 -0.0198789
376 390 -1.66009
376 404 -1.42919
377 378 -13.956
377 391 -5.53733
377 395 -11.0747
377 398 -10.4876
377 405 -4.62662
377 407 -1.44559
377 412 -7.74653
377 416 -8.9139
377 419 -9.94398
377 424 -6.00392
377 426 2.41897
377 427 -1.63282
378 382 -0.68141
378 386 -0.413211
378 401 -0.829882
378 405 -0.242411
379 382 -0.0345078
380 382 -0.182634
380 387 0.0329614
381 390 3.04557
382 386 -5.32577
382 387 -2.69192
382 397 2.65132
382 399 2.10604
382 401 -0.875578
382 418 -0.337785
382 425 -2.10127
382 449 -3.43706
383 389 0.259374
384 389 0.132555
384 392 3.62965
384 396 9.60359
384 400 2.93164
384 421 -0.150413
384 429 3.51605
384 431 1.06985
384 438 -0.0641386
385 393 -0.678532
387 397 -0.257178
388 403 -7.11541
389 394 0.171294
389 421 -1.43484
389 431 -1.53602
389 440 0.0856472
389 451 0.171294
389 463 0.084885
390 394 6.59671
390 404 1.77992
391 395 -0.165805
391 398 -0.902221
392 396 9.52663
392 406 -2.77977
392 417 1.42505
393 402 -2.64699
393 433 -0.962998
394 404 0.16677
394 430 4.44502
394 432 4.42079
394 436 2.99686
394 447 -0.166771
394 451 4.14515
394 454 9.11494
394 487 2.0605
394 490 0.369897
396 400 3.10675
396 406 -0.0299583
396 417 6.21248
396 428 -0.210538
396 429 3.18973
396 438 -0.169927
397 399 0.507876
397 406 0.47911
397 410 -5.40903
397 414 0.675909
397 425 -6.2862
397 443 -0.618144
397 449 -3.20605
398 402 -2.84186
398 416 -2.6966
401 405 -3.73241
402 416 -3.57445
402 433 -2.71175
403 411 0.752247
403 420 0.11941
403 423 -0.142538
404 447 -0.0833852
404 456 -1.52308
405 407 -0.517023
405 409 4.94491
405 415 -2.85347
405 449 -0.337785
406 410 -0.615116
406 414 7.32926
406 417 -0.0151253
406 428 1.65429
406 429 -0.029666
406 438 0.0214716
407 408 0.304872
407 412 -0.0379909
408 409 -1.47101
408 412 -3.48054
408 413 -16.0969
408 419 -2.55688
408 422 1.78253
409 413 5.70429
409 415 -9.65883
409 457 -0.849093
409 462 0.500431
410 414 -6.63217
410 443 0.0197608
411 420 0.0150742
411 423 -0.503945
412 419 1.91493
413 422 -3.43706
413 435 0.402198
413 457 -1.39593
414 428 2.93164
414 437 7.16946
414 443 -0.0197608
414 446 2.52745
414 449 -0.943623
414 475 -2.65292
414 480 2.26229
414 481 1.69086
415 449 -14.8177
415 462 -3.10675
416 426 -11.929
416 433 -4.67728
416 441 -18.8457
416 453 -18.8457
416 464 -13.7164
417 428 -0.134452
417 438 -0.0528946
418 425 -3.57445
418 449 -1.91493
419 422 -3.19691
419 424 1.37165
420 423 0.0377725
420 439 3.82112
421 431 -0.163779
422 424 -3.18159
422 427 -9.51982
422 434 -1.52308
422 435 -3.75297
422 442 1.75131
423 439 0.0453006
423 452 2.49225
423 458 0.178634
423 466 -2.85347
424 427 1.84714
425 449 8.35514
426 427 -10.5958
426 434 -9.37674
426 441 2.58569
426 444 -3.31536
427 434 2.06181
428 429 -0.204851
428 437 1.24227
428 438 1.65478
429 431 7.69317
429 438 2.46366
429 491 1.82187
430 436 3.19785
430 447 -2.38665
430 467 -4.55559
430 478 -1.32411
430 482 -2.26194
430 492 4.74416
430 496 -0.0932714
430 503 0.0985729
430 514 0.000556537
430 522 -0.00562627
431 440 -4.92985
431 463 -1.21282
433 464 -5.53733
433 473 -7.46051
433 474 -3.19829
433 479 -0.37628
434 442 -5.91056
434 444 1.52308
435 442 -2.57635
435 448 1.37165
435 457 -12.8675
436 454 1.27375
436 487 1.32959
436 490 1.97585
436 492 5.06987
436 503 0.013378
436 533 -0.033764
437 438 20.3268
437 446 2.93164
437 481 8.68023
437 483 2.90373
437 486 5.69214
437 491 0.019878
437 501 1.51296
437 502 -0.265707
437 505 -1.73315
437 506 4.37284
437 508 1.07781
437 510 0.0281963
437 515 -1.72581
437 520 0.0841838
437 524 5.19193
437 527 1.13419
438 491 1.44363
438 505 -0.290975
438 510 -0.0343236
439 458 2.17777
439 466 -9.68249
441 444 -2.85347
441 445 -17.7791
441 453 2.58569
441 455 -3.01573
442 444 -2.76971
442 445 -0.943623
442 448 -1.99234
442 450 1.72077
443 449 -0.794069
444 445 1.75131
445 450 -5.47585
445 455 1.52308
447 456 -11.828
447 467 1.44559
447 472 -1.37165
448 450 -3.88126
448 457 -4.8442
448 465 2.10127
449 462 -2.93164
449 469 -8.76265
449 475 0.217423
449 488 -4.36382
449 498 -4.33785
449 508 -1.66155
449 519 -1.81446
450 455 -0.635286
450 461 2.06181
450 465 -0.905358
451 490 9.68764
451 491 -5.60141
451 511 -0.451047
451 518 -5.42045
451 531 4.14515
452 466 -9.45578
452 500 -13.0933
452 521 -5.53733
452 546 0.0706884
452 553 2.79216
452 561 0.0477189
452 568 0.0222463
452 577 0.184894
452 585 0.430809
453 455 -9.65881
453 460 -8.88613
453 464 2.64699
454 487 1.72077
455 460 1.63282
455 461 -2.41888
456 459 -1.67266
456 472 1.48848
457 462 -3.10675
457 465 -19.482
457 469 -19.1442
457 470 -7.91111
458 466 -1.25517
459 466 -19.993
459 472 -0.338199
459 476 -1.30456
459 493 -0.902629
459 499 -4.88438
459 509 5.43352
459 513 -0.0379619
459 514 -9.31323e-10
459 533 -9.31323e-10
460 461 -1.21909
460 464 -1.30083
460 468 1.44559
460 471 -0.0277957
461 465 -2.87935
461 470 -1.40825
461 471 0.940006
462 469 1.91493
464 468 -10.1759
464 473 2.58569
465 470 2.10127
466 500 6.66405
466 509 -14.539
466 521 7.68492
467 472 -5.04628
467 476 -3.44333
467 478 1.32411
468 471 -0.73818
468 473 -2.93164
468 477 -0.095996
469 470 1.41844
469 471 0.0238394
469 497 1.38793
469 498 4.33089
470 471 -0.663701
470 477 0.0884325
470 485 0.151845
470 494 1.41024
470 495 0.139831
470 498 0.151553
471 477 0.951437
471 485 0.0229106
471 494 0.0157039
472 476 1.80151
473 477 -6.8275
473 479 -15.9189
473 484 2.47197
473 485 -1.27785
474 479 -4.91533
475 480 -0.250946
475 488 -0.434845
476 478 -0.652519
476 482 -1.99212
476 493 0.56723
477 485 0.0221656
478 482 1.14578
479 484 -11.4476
480 481 6.22936
480 488 1.15811
480 489 5.40637
480 502 -0.187398
480 510 0.0486234
481 488 -0.0141079
481 502 -0.350637
481 505 -0.0226297
481 506 1.35177
481 510 0.342469
481 520 -0.0241933
482 493 -1.38004
482 496 0.0198503
483 505 -0.0113149
483 510 -0.0085809
484 485 -0.687271
484 494 -5.12616
484 512 -2.22758
485 494 0.166312
486 505 -0.0113149
486 510 -0.0085809
487 490 5.5281
487 533 -0.067528
488 489 1.8249
488 502 -0.321304
488 508 4.23488
488 510 -0.0481964
488 520 0.103881
489 510 -0.0199806
490 492 7.82957
490 507 4.69536
490 517 6.01266
490 525 1.03453
490 531 9.01252
490 533 -0.764284
490 557 0.971804
490 559 3.28159
490 566 2.3526
490 567 0.785083
490 572 0.0139146
490 573 0.0729333
491 505 -2.17681
491 510 -0.0085809
491 511 -0.0183939
491 515 -5.53733
491 516 -3.98912
491 518 1.12198
492 496 -0.239543
492 503 0.215537
492 507 4.68371
492 514 0.0078369
492 522 -0.0748416
492 525 4.55675
492 533 3.99209
492 557 0.140043
493 496 -0.116857
493 499 0.584119
494 495 0.244512
494 504 -1.24828
494 512 -0.849093
494 523 -3.31536
494 530 -1.25517
494 534 -0.369897
495 498 1.13185
495 504 -2.73607
496 499 -0.101248
496 503 -0.0284587
497 498 2.29459
498 504 -2.31952
498 519 -4.04224
498 523 -4.8442
498 532 -2.85347
498 537 -25.4842
499 503 -0.379871
499 513 0.429834
499 514 -0.00630033
499 522 0.0285681
499 533 -0.00496989
501 505 -0.0112864
501 510 -0.0085809
502 508 -0.230576
502 510 -1.78253
502 520 -0.256291
503 513 -0.0775452
503 514 0.0059328
503 522 -0.0514668
503 533 0.234208
504 523 -6.97385
505 506 -0.0197638
505 508 -0.0197639
505 515 -0.0401475
505 520 -0.0197639
505 524 -0.0592915
505 527 -0.0197638
506 510 0.050783
507 533 -0.033764
508 510 -0.0285615
508 519 6.04356
508 520 1.12581
508 524 1.24411
508 527 1.89823
508 543 0.617239
508 544 0.151019
508 548 -1.31664
508 551 -0.571949
508 556 -0.0474339
508 562 2.14338
508 564 -5.0788
509 513 -0.0759238
509 514 0
509 521 -5.53733
509 533 -0.00990674
509 535 1.75514
509 538 -0.0625862
509 541 0.960083
509 546 0.765448
509 554 -0.129271
509 568 0.0194473
510 520 -0.318155
510 524 -0.0478467
510 527 -0.0159489
511 518 -0.00495222
513 514 -0.0197254
513 522 0.0526744
513 533 -1.58256
513 541 0.468262
513 555 -4.41895
513 584 -3.11143
514 522 -0.0166282
514 525 -4.30737e-09
514 533 0.00793239
514 541 -0.00509714
515 516 -2.13385
515 524 -3.58783
515 526 -0.0467378
515 529 0.0472246
515 536 -0.867703
516 518 -3.53537
516 526 0.0231255
517 533 -0.033764
518 526 -1.63282
518 528 2.93176
518 531 -2.37848
518 540 -0.924411
519 537 -3.01573
519 542 -3.43706
519 548 -12.3539
519 551 -0.0743697
520 524 0.284656
521 535 -10.3815
521 553 -4.43612
522 525 -0.0108675
522 533 -0.12162
523 530 -0.353819
523 532 -2.31952
523 534 -5.53733
523 539 -1.50682
523 545 -11.638
524 527 0.461373
524 536 -5.53733
524 544 2.4461
525 533 0.224262
525 557 0.140043
526 528 -2.31952
526 529 -0.175364
528 529 0.386023
528 531 -6.70728
528 536 -4.70658
528 540 -3.24149
528 544 -0.132757
528 558 -0.674584
528 570 -0.249409
529 536 -5.53733
530 534 -2.58569
531 533 -0.033764
531 540 7.87756
531 558 9.51441
531 559 3.43706
531 566 7.32273
531 570 1.63282
531 604 0.878159
532 537 -0.483906
532 545 -5.53733
533 541 -0.0256252
533 557 -1.08947
533 559 -0.033764
533 566 -0.028902
533 567 -0.138294
533 572 -0.0544483
533 573 -0.00881362
533 581 1.67739
533 584 0.0145735
534 539 -6.17289
534 547 -3.36259
535 538 -1.33631
535 546 0.767016
535 553 2.01891
535 561 0.0477189
535 568 0.0246348
536 544 -1.81446
537 542 0.71218
537 545 -5.53733
537 550 -19.2538
538 541 -0.0573707
538 546 -7.40361
538 553 -12.9567
538 561 -2.22758
538 568 -0.086774
538 577 -10.0395
538 584 -1.49012e-08
538 585 -8.5658
539 545 -5.53733
539 547 0.182931
539 552 -9.28032
539 563 -6.3794
539 565 -4.8442
541 546 2.50777
541 553 0.512909
541 554 -0.23928
541 555 -0.225719
541 568 0.0228631
542 548 0.0363298
542 550 -3.73241
542 551 1.38425
543 551 -0.0371849
544 558 0.110383
544 562 0.134827
544 564 -0.0772897
544 570 1.97527
544 574 1.6741
545 549 6.08405
545 550 1.8682
545 552 3.57445
545 560 -4.14515
546 553 0.615443
546 554 -0.650489
546 561 0.671901
546 568 0.0232136
546 584 -0.0693035
547 563 -2.78039
548 551 0.415512
548 556 0.0550422
549 550 0.905914
550 551 -5.68375
550 560 -7.01151
550 564 -0.325042
550 575 -5.03752
550 578 1.49683
550 579 -0.168735
550 583 -0.248112
550 589 -1.28244
551 556 0.285503
551 564 -1.00799
552 560 -5.13213
552 565 2.30943
553 554 -0.162934
553 555 -4.29546
553 561 0.286215
553 568 0.362232
553 576 2.25072
553 577 1.26713
553 580 0.458234
553 581 -0.0403991
553 584 -4.80329
553 585 4.08807
553 596 -0.172202
553 599 0.102944
553 602 -0.601089
554 568 -0.0248216
555 568 -3.96415
555 580 -4.46949
555 584 0.483906
558 570 4.64485
560 565 -7.78763
560 578 -3.64101
560 582 -2.03786
561 568 0.0225787
561 584 -0.0692799
562 564 -7.46866
563 565 0.775982
563 569 -1.63834
563 571 -5.7644
564 570 -5.09421
564 574 -0.300624
564 579 -0.775982
564 589 1.30653
564 600 -5.53733
565 571 -14.6491
565 582 -8.16853
566 572 4.39866
566 586 6.6726
566 604 1.99676
567 572 -0.000230106
567 573 0.0385911
567 581 0.00159176
567 584 -0.00164967
568 576 0.0222463
568 577 0.0233987
568 580 0.624338
568 581 -0.0366975
568 584 -0.0696706
568 585 0.0640774
568 596 -0.0753745
568 599 0.0402696
569 571 -0.274059
570 574 0.23567
570 600 -1.47101
571 582 0.0510553
571 587 -0.093885
571 588 0.0941506
571 590 -1.54424
571 593 -0.336993
572 573 0.0966216
572 581 0.61955
572 584 0.0361114
572 586 5.5298
573 581 -0.00451655
575 578 -15.2974
575 583 -1.70579
575 589 -2.006
575 598 -3.57445
576 584 -0.0693103
577 584 -0.138621
578 582 -0.373873
578 594 0.513549
578 598 0.506092
578 601 -4.43612
578 603 -8.98936
578 605 -0.945072
579 583 -0.187162
579 589 -0.752438
580 584 -0.0693103
581 584 0.187804
581 586 5.63845
581 596 0.94995
582 587 -2.16041
582 592 -6.20883
582 594 -0.409381
583 589 0.496225
584 585 -0.207931
584 596 0.576405
584 599 -0.0595866
586 604 0.55042
587 590 -1.53486
587 592 2.31952
587 595 -5.00622
588 590 -0.903467
588 591 -0.0288256
588 593 -0.917427
589 598 -0.941108
589 600 -5.00622
590 591 0.121907
590 593 1.13026
590 594 0.154785
590 595 -6.73868
590 597 -0.348821
590 601 -0.30957
591 593 0.22637
592 594 1.8239
592 595 -13.5936
593 597 -4.5995
593 601 0.0459808
594 595 -4.48754
594 601 -0.650337
597 601 -0.0937303
598 600 -6.86773
598 605 0.915973
598 606 -8.74275
600 606 0.0544848
603 605 -1.14578
605 606 -1.98633
