MULTICUT
0 1 5.72584
0 3 2.22597
0 4 -0.145611
0 37 9.88335
0 43 2.78039
0 54 -0.0160872
0 60 1.83248
0 73 2.71175
0 78 7.23012
0 102 2.78039
0 126 6.58987
0 201 2.82475
0 225 -3.57445
0 241 4.89803
0 269 1.61375
0 319 4.53027
0 394 0.373818
0 423 0.0709332
1 4 -0.229274
2 11 -4.42829
2 18 -0.100896
2 45 -2.93164
3 9 -3.74103
3 37 1.34701
4 17 1.28469
4 54 0.216949
5 18 0.687271
5 20 0.440594
5 21 -8.98936
5 42 0.972392
5 48 -0.58889
5 49 -0.399806
5 52 -0.738213
6 8 0.196637
6 22 -11.3733
6 23 -7.80482
6 24 -1.05705
6 25 -0.425114
6 30 -8.21584
6 50 -0.148121
6 53 -5.53733
7 10 7.93521
7 21 -13.3007
7 75 -0.250961
8 14 0.402198
8 24 -4.77717
8 25 -1.3417
8 28 -4.20013
8 33 -10.3183
8 38 -0.190251
9 13 -2.14334
9 37 -0.0101951
10 17 3.2239
10 54 1.43154
10 75 -3.97158
10 78 -0.0319719
10 84 4.88318
10 95 -0.68613
10 106 -4.8442
10 112 0.248653
10 118 3.43132
10 143 0.0123876
10 149 2.52065
10 171 -9.50649
11 27 -4.14515
11 30 -3.76006
11 45 -0.274059
11 65 -0.740165
11 69 -6.10092
12 13 0.704796
12 19 -4.58137
12 32 3.1751
13 32 0.208297
13 37 0.00136272
13 40 -0.1129
14 15 -16.7454
14 31 0.252488
14 33 -1.12464
14 36 -0.542109
14 39 0.0314833
15 31 -7.64217
15 36 -4.11945
15 39 -1.72077
16 19 -7.2921
16 26 -4.14515
16 47 -6.22091
16 82 0.475406
17 54 1.96541
18 20 5.71749
18 45 -8.00743
19 26 3.67603
19 29 8.41866
19 32 -0.0917107
19 34 4.78898
19 41 -0.0208174
19 47 4.63151
19 58 0.826362
19 61 4.64143
19 82 -1.18148
19 93 2.38594
19 96 -0.18995
19 100 -0.268064
19 107 0.113287
19 108 -0.130891
19 116 -0.0400181
20 42 0.136482
20 45 -2.14198
20 48 -3.06879
20 49 -1.21206
20 55 1.69086
20 71 -4.43612
20 72 -5.20644
20 81 -3.91844
20 90 -1.08303
21 48 -1.98633
21 52 -3.44408
21 75 0.250961
22 27 -0.405836
22 30 0.117625
23 24 -6.54381
23 35 1.74416
23 50 -1.95015
23 53 0.651769
24 25 2.20939
24 33 0.172313
24 35 -0.882473
24 38 1.43149
24 44 -2.83352
24 46 -0.699933
24 56 -1.35693
27 30 -0.0954504
28 33 -0.55042
30 53 -5.2484
30 65 5.20433
31 39 2.70399
32 40 -0.212706
32 41 -0.0581915
33 36 -0.169318
33 44 -14.043
33 46 -0.689111
35 38 -3.50515
35 51 -1.05472
35 53 0.77135
35 66 0.886457
36 39 4.89861
36 44 0.110644
36 57 0.0133522
37 40 -13.0649
37 43 0.584119
37 83 -7.12737
37 102 2.52745
38 51 -0.943623
38 56 -10.0897
38 59 -3.31536
39 44 5.7246
39 57 0.167828
39 63 0.05317
39 67 1.06834
39 76 0.00301014
39 77 -0.153021
39 79 -0.0221795
40 41 -6.42088
40 80 -0.517598
40 83 1.37165
41 58 -0.440826
41 70 -7.1984
41 80 0.434708
42 48 -0.695671
42 49 -0.637588
44 46 1.765
44 56 4.59735
44 57 -0.0250355
44 62 0.314676
44 67 6.08039
44 74 -0.684976
44 76 -0.00591246
44 77 0.0684277
44 79 -0.0169564
44 92 -0.000947764
45 55 -1.75131
45 64 -4.62324
45 69 -7.56086
45 72 -0.023346
45 86 -3.73241
45 89 -9.68841
47 82 -1.89361
48 49 2.42844
48 52 1.61174
48 71 0.481276
48 75 -0.50194
48 85 -1.35482
48 101 -0.0328762
50 53 -1.19695
51 59 -14.2807
51 66 -3.43706
53 65 -0.161848
53 66 2.28871
54 60 -1.45228
54 78 -7.82635
55 72 -1.84714
56 59 3.37657
56 74 -0.0658533
56 77 -0.00866348
56 92 -0.017327
57 63 2.40722
57 67 -0.0337119
57 68 2.58569
57 76 0.655121
57 77 -18.3205
58 61 1.52474
58 70 -11.0747
58 94 -0.116681
58 100 -0.613931
58 116 -0.0295732
58 117 1.05508
58 130 0.0294287
59 66 5.55979
59 74 -0.0308174
59 77 -0.0189103
59 92 -0.21457
59 103 -0.0925799
60 78 0.297355
61 96 -0.133497
61 100 -0.277343
61 108 -0.0841031
61 116 -0.0636038
62 74 -0.783986
64 69 -12.3178
65 66 -0.512898
65 69 3.96394
65 88 -5.71891
65 99 -0.00968287
65 119 0.0519937
66 88 1.12681
66 103 -3.05661
67 74 -0.113654
67 76 -0.0136016
67 77 0.0341953
67 79 -0.0347618
68 77 -14.8677
68 92 -0.458598
68 98 0.67798
68 105 0.374268
68 110 -0.128439
68 111 1.00026
69 89 1.61295
69 99 -0.046359
69 119 0.456412
70 80 -8.83681
70 117 -5.53733
70 121 -0.402198
71 81 0.0407294
71 85 -0.238818
72 86 -1.95015
72 90 -1.18877
72 91 -4.14515
72 97 -5.98838
72 113 -2.47197
73 78 1.10372
74 77 -6.13144
74 92 -6.54681
75 84 -1.08037
75 101 -8.92688
76 77 -1.10856
76 79 0.0358863
77 79 -0.385165
77 92 0.0756487
78 171 -3.57445
78 225 -2.71175
80 83 -11.8418
80 121 -4.43612
80 131 -2.52745
81 85 -0.0814589
81 87 -0.636686
81 90 -1.81446
82 93 -2.22223
82 107 0.00359841
82 108 -0.0553445
82 168 0.653813
82 170 0.163442
82 173 3.27004
83 102 -10.4001
83 121 0.810378
83 123 -3.91844
83 125 -1.04865
83 131 0.0388714
84 101 -2.31952
84 106 -2.14198
85 87 -0.166355
85 101 0.0657433
86 89 -5.9645
86 91 -13.0765
86 114 -1.17477
87 90 -0.418426
87 101 -1.75363
87 113 -7.3555
88 99 -0.138885
88 103 -5.05318
88 119 -3.26266
89 99 -0.0874852
89 114 -3.42991
89 119 0.383885
89 128 -5.53733
89 135 -3.43706
89 138 -5.53733
89 139 -5.53733
90 113 1.34772
91 97 -0.428221
91 113 3.92325
91 114 -3.73146
91 134 0.685947
91 139 -3.57445
91 150 -10.7186
91 154 0.0623115
91 159 -5.53733
92 103 5.33651
92 104 -4.8442
92 109 0.943623
92 110 0.0584285
92 122 3.31536
93 96 -0.0829712
93 107 2.19233
93 108 -0.181271
93 116 -0.00787265
94 100 0.739575
94 117 -0.0605469
94 130 -0.668356
95 106 -0.962998
95 112 -0.248653
96 107 -0.0429442
96 108 0.0119917
96 116 -0.000863998
96 168 -0.00199734
96 170 -0.00199851
97 113 -1.75514
98 105 3.53691
98 115 -2.63921
99 119 -3.86372
100 116 -3.25016
100 117 -0.0986774
100 130 -9.21501
100 165 3.10675
100 191 -2.21007
100 196 -0.699711
101 106 -1.88061
101 113 -4.14515
101 124 -0.402898
101 141 1.08919
102 121 -0.431506
102 123 2.67053
102 125 -0.0775982
102 126 6.48079
102 212 5.76377
102 269 0.687271
102 273 0.00507158
102 280 0.0195096
102 283 6.33307
102 311 0.710994
103 119 2.97042
103 122 6.06043
103 127 4.16487
103 153 0.982543
103 158 -11.0747
103 174 -3.31536
103 248 0.289934
104 109 -0.635286
104 110 -5.24888
104 122 -5.53733
105 110 3.02095
105 111 0.634819
105 115 -2.48033
105 155 0.166533
105 163 2.64978
105 175 -1.27785
106 112 -3.10675
106 118 -2.14198
106 141 -3.6616
107 108 -0.186431
107 116 -0.000560497
107 168 0.052468
107 170 0.0326764
108 116 -0.122301
108 168 -0.249938
108 170 -0.0907811
108 191 -0.0107896
109 122 1.9172
110 111 0.285287
110 120 4.76841
110 122 5.22924
110 148 0.342566
110 155 0.387837
112 118 1.47101
113 124 -2.27269
113 129 2.43103
113 134 4.04893
113 141 -1.49683
113 144 -13.0127
113 147 1.19222
113 157 0.319174
114 139 -2.02352
116 168 0.361021
116 170 2.32625
116 191 2.05102
117 121 -1.95015
117 130 0.105997
118 141 -4.05142
118 162 2.49294
118 171 -0.524929
118 179 -1.69086
119 127 0.255066
119 128 -8.98936
119 132 -5.53733
119 136 0.0945545
119 137 -6.73836
119 140 -5.53733
121 130 -5.03139
121 131 0.00347974
121 212 -1.28973
122 133 3.35398
122 148 4.35182
122 153 4.79148
122 174 -4.43612
122 182 1.16715
122 202 -1.47101
123 125 -0.0775982
124 141 -0.572081
126 201 1.15493
126 255 0.00778166
126 269 5.85862
127 140 -3.91844
127 152 1.54979
127 158 -0.402198
128 132 1.21064
128 138 -0.56723
128 142 -0.722426
129 144 -3.73241
130 191 4.47981
130 212 2.63545
130 235 -1.06555
130 266 -1.94607
130 272 -11.1117
132 136 -3.73241
132 142 -18.043
132 146 2.4658
132 160 -19.0852
132 161 -8.49559
132 177 -11.5693
132 178 1.63282
134 144 -11.3703
134 150 -1.89791
134 183 1.39593
135 138 -10.5375
135 139 -14.7081
135 172 0.369897
136 137 -0.377586
136 146 -2.85347
136 151 0.376952
137 140 0.601089
137 151 -2.9998
138 142 -14.5117
138 160 -20.355
138 172 -10.1575
138 177 -11.8694
138 199 2.10127
138 204 -2.85347
139 145 -18.0965
139 159 -1.04226
139 172 -6.50387
139 176 -9.68841
139 214 2.58569
140 146 1.88824
140 151 -20.7258
140 152 -4.43612
140 169 -4.084
140 180 -11.2663
140 193 -9.68249
140 194 -6.6637
140 195 -0.972107
140 206 -20.2556
140 213 1.52308
140 278 2.81076
140 279 -0.269035
141 147 -5.83368
141 156 -19.0852
141 179 -5.53733
142 160 2.31952
143 149 0.0782893
144 157 -15.484
144 183 -11.634
144 215 0.662605
144 219 0.00580837
144 238 2.47425
145 159 -11.0747
145 176 2.02352
145 184 -9.68249
146 151 -8.80727
146 161 -14.8657
146 194 -2.14198
147 156 0.24241
147 157 0.319174
147 164 -8.47318
148 155 0.0983284
148 166 -0.0655136
148 190 2.61194
148 202 -3.91844
148 203 0.584119
148 218 -10.5656
148 234 -8.61652
148 240 1.17685
149 171 -7.26532
150 154 -2.34462
150 159 -2.02554
150 183 -4.33823
150 186 2.63097
150 187 2.26594
150 189 -1.07977
150 198 0.0494664
150 209 -0.0113345
152 158 -18.1526
152 167 -11.3761
152 169 -1.98633
152 226 -3.57445
152 230 1.14578
153 174 -2.93164
155 163 0.00405651
155 166 -0.553584
155 190 0.236531
156 164 -2.64699
156 179 4.38524
156 185 -2.83427
157 164 -9.13169
157 181 -2.53666
157 215 -0.184994
157 219 -0.0671728
158 230 -8.05025
158 248 -3.10675
158 307 -12.1324
158 333 -14.1228
158 381 0.386023
158 384 -2.26815
158 399 2.06181
159 184 0.794069
159 187 -0.0126792
159 188 -7.0232
159 209 0.802975
160 177 2.18405
161 178 -23.8804
161 194 1.78253
162 171 -0.524929
162 179 -0.483906
163 166 -2.06181
163 175 -1.32411
164 181 -1.25517
164 185 -1.42058
165 196 -0.687271
166 175 0.289934
166 190 -0.962633
167 169 0.0768638
167 180 -0.265691
167 193 -1.245
167 226 1.87956
168 170 3.71133
168 173 2.07632
168 191 1.81263
168 221 1.30083
168 246 -1.69086
168 249 -3.31536
168 251 -5.36455
169 180 0.55858
170 191 1.2555
171 179 -7.08504
171 225 -0.655675
171 231 -1.25517
171 241 -3.31536
172 204 1.66155
172 214 -2.71175
173 221 5.79422
173 251 -2.78039
173 259 5.72627
173 263 4.12672
173 271 -3.31536
173 302 -0.947087
174 182 -5.53733
174 211 -9.29096
174 248 -1.21064
174 307 -7.37619
174 346 -2.64699
174 349 1.66155
175 190 -0.722426
176 184 -18.9581
176 214 -13.4149
176 227 -4.14515
176 233 1.25517
177 178 -11.5208
177 199 -8.01307
177 200 1.40798
177 205 -0.33715
178 194 -5.53733
178 200 -0.41895
178 205 0.51104
179 185 -0.320238
179 231 -3.16415
179 242 -4.8442
179 243 2.18405
179 244 -1.57696
179 245 -5.53733
179 247 -8.74338
180 193 1.6396
181 185 6.19906
181 192 -2.95558
181 215 0.375707
181 219 0.0353396
181 256 -9.76882
181 287 11.0157
181 294 -0.0834117
181 304 1.91493
181 371 -7.4912
181 426 0.0653411
182 202 -4.8442
182 211 1.37165
183 189 -4.64077
183 215 -0.657073
184 188 -11.5083
184 210 -21.6115
184 216 1.80065
184 222 -0.296334
184 227 0.734218
184 228 1.81798
184 229 -1.06326
185 192 -2.64699
185 224 2.25339
185 245 -5.53733
185 256 -5.53733
185 262 -0.867703
186 187 1.66678
186 189 -5.31882
186 197 2.20948
187 189 -0.450244
187 197 0.487453
187 198 0.195368
187 208 -0.296869
187 209 -0.2312
188 209 -7.01151
188 210 2.27269
189 197 -8.07039
189 215 0.328479
189 238 3.25567
190 207 2.83937
190 223 2.78039
190 234 -1.75131
190 258 2.58013
190 261 0.81228
190 264 0.501295
190 265 -7.04719
190 292 -0.669846
191 196 -0.635286
191 235 -5.03325
191 249 -2.49876
191 266 -0.134657
191 268 -0.0673282
193 213 -12.412
193 226 -1.31549
194 205 -11.0747
194 278 -4.43612
194 279 -0.451047
195 206 1.23277
197 208 -2.71746
197 238 -1.37165
197 276 -0.794069
197 298 -0.0485762
198 208 -7.8702
198 209 -12.6939
198 469 -0.195158
198 486 -3.31536
199 200 -2.61871
199 204 -13.3349
199 205 0.774042
200 205 -2.19347
200 217 -0.0540114
201 269 2.87093
201 311 1.18657
201 394 0.0019724
201 412 -4.00626
201 428 0.802956
202 203 -3.57445
202 211 -4.14515
202 220 1.98633
203 218 -2.78422
203 220 -7.87318
203 239 0.618144
204 205 -4.43612
204 214 -20.2103
204 232 1.49683
205 217 0.730305
205 232 -20.7631
205 277 -0.156651
205 278 0.413815
205 281 0.30774
205 301 -0.157726
206 213 -13.425
206 226 -11.7843
206 278 -5.53733
207 258 5.95773
207 264 0.500278
207 419 -0.00566034
208 238 1.49468
208 276 0.1047
208 298 3.58184
208 440 -2.34286
208 469 -3.91844
208 486 -4.28164
208 501 0.422387
208 513 0.777634
208 514 -4.43612
208 559 0.0660445
208 567 -1.29106
209 210 -15.5881
209 236 -13.8919
209 257 -8.06359
209 275 -25.4842
209 436 -5.53733
209 457 -3.57445
209 486 -1.02216
209 494 1.57696
209 514 -5.53733
210 228 -3.57445
210 236 2.31952
211 220 -19.9603
211 346 1.12464
212 254 0.70037
212 266 -5.78732
212 273 0.0338424
212 280 -0.0246829
212 299 -1.14578
213 226 1.02216
214 232 -13.7164
214 233 -19.5566
214 237 1.84714
214 291 -8.85269
214 366 2.10127
214 398 -3.33551
214 416 0.00778166
215 219 0.0995106
215 238 4.42229
215 287 0.0105676
215 383 9.12789e-06
215 426 1.99116
215 429 0.407748
215 496 -0.00717758
216 222 -0.0329965
216 228 0.263784
216 229 -0.0813002
218 234 0.977203
218 239 -2.30002
218 240 -0.201048
219 238 0.0270742
220 239 -24.2911
220 346 -7.16088
220 367 1.63282
220 372 -3.43706
222 228 -1.14598
222 229 0.605077
223 234 -18.4639
223 265 -9.94345
223 288 -5.24178
223 296 -1.34772
223 330 -0.0700634
224 245 -4.43612
224 253 -6.37273
224 256 -5.53733
224 262 -4.51378
224 270 -2.24917
224 289 -0.568746
224 294 -1.72572
225 241 -6.63019
226 230 -14.1186
226 278 0.74905
226 333 -8.84024
226 362 -5.88583
226 408 -6.02277
227 229 -8.54662
227 237 1.98633
228 229 -13.2046
228 236 -20.4412
228 250 1.75131
228 257 -4.14515
229 237 -2.93164
229 250 -3.10675
229 252 1.34772
230 333 0.740165
231 241 -1.60745
231 242 0.113316
232 281 -6.90809
232 366 -3.91844
233 237 -16.2359
234 239 -0.886457
234 240 -2.12304
234 282 -0.159155
234 286 1.01703
234 288 0.884224
235 266 0.031132
236 257 2.14198
237 252 -12.2072
237 260 -2.12392
237 285 -0.0222098
237 291 -1.54243
238 276 0.243398
238 298 3.22593
238 305 5.06545
238 426 0.102305
238 429 1.98633
238 439 0.702752
238 461 4.35298
238 496 -0.00756639
238 501 7.18865
238 513 0.785405
238 559 0.0648272
239 286 -12.4864
239 331 -5.29743
239 372 1.69086
241 242 -4.20366
241 274 -5.53733
241 284 -2.64699
241 319 4.15262
242 243 -4.50413
242 274 -5.53733
243 244 -0.101248
243 274 -8.76265
244 247 -0.0236754
244 274 -3.49785
245 247 -1.02216
245 253 0.0556989
245 267 -4.8442
245 270 -0.987341
246 249 -0.165101
246 251 3.30267
247 267 -2.43954
247 274 0.19081
247 284 -0.125613
248 307 1.10372
249 251 -0.661075
249 268 -0.661748
250 252 -7.44713
250 257 -11.6699
250 260 -15.4392
250 275 -32.5309
250 291 -10.3815
250 295 -14.301
250 430 2.27269
251 268 5.17233
251 271 -1.00329
251 312 -1.55947
252 260 1.91493
253 270 -0.111398
254 266 -5.53733
254 290 -3.20605
254 299 -3.91844
255 269 5.2392
256 262 -2.62978
256 289 0.032437
256 294 0.12553
256 304 -7.21521
256 314 0.123671
257 275 1.21064
258 264 1.49313
258 292 -1.65119
258 293 2.18405
258 308 -5.72622
258 336 0.687898
258 344 0.99703
258 351 6.16906
258 393 -0.0401515
258 410 0.11412
258 419 -0.0556241
259 302 -0.46797
260 285 1.88786
260 291 -0.0327595
260 295 1.46456
261 265 -7.8415
261 292 -5.52572
261 332 -6.59355
261 373 1.40405
261 374 -0.0237973
263 271 -1.42058
263 302 -0.640996
263 312 4.12257
263 323 0.406032
264 419 -0.00566034
265 296 -0.0245811
265 297 -2.12649
265 373 -0.331946
266 268 0.652853
266 272 -3.94327
266 290 -5.72747
266 303 -11.9009
266 309 -14.2252
266 312 -0.050409
267 270 0.934953
267 284 2.36081
267 289 2.86114
267 306 0.362407
267 316 1.81327
267 317 0.133176
267 321 -0.0459865
267 322 0.09707
267 324 0.287601
267 338 -0.135793
268 309 -0.131243
268 312 -0.283697
269 283 2.83779
269 311 1.64997
269 394 0.00197243
269 428 0.177257
270 289 1.84058
271 312 -3.59699
273 280 -1.91618
273 299 -2.85347
273 300 0.00389084
274 284 -2.70304
275 430 -4.8442
275 436 1.49683
276 298 1.72871
277 278 -2.70656
277 281 -0.391342
277 301 0.603944
278 279 -2.64256
278 281 0.388824
278 301 -29.6425
278 362 -20.7572
278 473 -4.14515
278 504 -0.584119
280 283 0.0774605
280 300 -0.21872
280 310 0.0562048
280 311 0.0192206
281 301 -5.91625
281 366 -0.0389131
282 286 -1.02195
282 288 -0.904077
282 328 0.846359
282 334 -0.00438599
283 311 5.16638
283 359 0.30578
284 319 -3.31536
284 320 -1.56445
284 324 0.146188
285 291 -0.0462846
285 295 0.855134
286 328 -0.0282188
286 331 1.40811
286 334 9.91211e-05
286 340 -0.0205908
287 371 -8.05025
287 383 2.27216
287 405 3.75862
287 426 -0.0283618
287 481 -4.37589
287 496 -2.34267
287 518 0.157724
287 520 -2.27269
287 523 -0.866681
288 328 -0.0810983
288 330 -0.24569
288 347 1.01089
289 294 0.35704
289 306 0.743272
289 313 0.786832
289 314 0.36519
289 322 -0.129598
290 299 -9.18268
290 303 -0.132481
290 315 -1.69628
290 318 -1.58923
291 295 -0.747586
291 416 -7.71961
291 430 -21.4562
292 293 -3.91844
292 308 0.00157844
292 326 0.729613
292 332 0.292522
292 335 -0.0098494
293 308 -6.06894
293 326 -0.886457
294 314 3.15992
294 322 -0.309637
294 357 -6.31292
294 371 -0.132481
296 297 -2.18017
296 330 -3.51132
296 374 -0.849093
296 443 -1.64897
296 456 -0.164141
296 502 -0.964729
296 509 -1.52308
296 515 -0.03351
296 551 0.572199
296 577 -0.252486
297 373 0.762369
297 374 -0.275931
297 443 1.3539
298 305 1.57864
298 440 -0.55042
298 559 0.0249928
299 300 -3.91844
299 310 -0.367706
299 318 -1.42058
299 325 1.05955
300 310 -0.218734
301 366 -10.3815
301 462 -27.6867
301 504 -2.9797
301 508 -0.272954
302 323 5.66381
303 309 6.05728
303 315 4.34619
306 313 0.112798
306 317 0.0253663
306 321 -0.0294281
306 322 0.177947
307 349 -7.82488
307 381 -0.337785
307 385 1.23277
308 326 0.0834523
308 332 -0.033541
308 335 0.0323033
308 351 -4.8442
308 418 -2.15426
309 312 3.3545
309 315 0.310509
309 342 -2.93164
309 348 1.09969
310 311 -0.819073
310 325 -0.735412
311 325 -9.68841
311 359 3.24755
311 391 -14.4096
311 406 -0.251515
311 428 4.86193
312 323 0.406032
312 327 4.619
312 337 -6.34574
312 341 -0.00808335
312 342 -5.03925
312 352 -0.320401
312 376 0.0161669
313 314 0.310631
313 322 -0.154875
314 322 -1.27848
314 343 -8.15956
314 355 1.91493
314 357 -0.438326
314 361 -1.75131
315 318 -9.30892
315 348 0.0192346
315 358 -1.95779
315 376 -2.14198
316 317 0.0109294
316 321 -0.00546473
316 338 -5.51939
316 345 -9.28032
316 365 0.867703
316 368 1.23277
316 377 -1.10372
316 380 -5.36414
317 321 -0.639123
317 322 0.0997152
317 339 -1.02216
317 345 -0.517023
318 325 -2.49932
318 358 -11.3904
319 320 -4.43612
319 324 -4.14515
319 338 -5.53733
319 363 -5.53733
319 394 0.0390204
319 423 0.325714
319 446 0.0637756
320 324 -0.775982
321 322 -0.117133
321 329 -0.0246976
321 339 -4.0236
322 329 -0.676089
322 350 -2.0581
322 356 -1.49596
322 360 -0.861918
322 364 -2.31952
323 327 1.20863
323 376 6.70607
323 390 4.03202
323 403 2.65478
323 463 3.92152
324 338 -3.51332
325 358 -5.53733
325 391 3.16079
326 332 -0.345989
326 335 1.79112
326 374 -0.0102192
326 418 -1.10205
327 352 -2.10183
327 376 0.150249
327 390 0.176292
328 334 -0.013948
328 347 -0.501765
329 339 -8.46898
329 364 3.31536
330 347 -0.718508
330 386 0.0907559
330 425 -4.65827
330 475 0.383397
330 491 -0.302842
330 509 0.236516
331 334 -2.68279
331 340 -2.19514
331 372 -7.23296
331 395 2.85347
332 335 -0.0098494
332 373 -0.200886
332 374 0.0333916
333 399 -6.22177
333 408 1.00226
334 340 1.17986
334 347 -0.199007
334 386 -0.114461
334 388 -0.0632756
334 395 -1.60113
334 413 1.39593
336 344 0.0306969
336 419 -0.0176697
337 341 -0.0103117
337 342 -0.83062
337 376 -9.11179
338 363 -0.402198
338 368 -2.78039
339 345 0.422985
339 354 -2.00692
339 364 -3.11529
339 377 -0.627861
339 397 -2.10127
339 407 -4.69228
340 388 -0.0365498
341 352 -0.55042
341 353 -0.849093
341 376 -2.75834
342 348 -1.37165
342 375 -5.24331
342 376 -3.73241
343 350 -0.353819
343 361 -3.20605
343 369 -0.722426
344 351 0.647886
344 393 -0.0214629
344 410 0.0706794
344 419 -0.066224
345 354 -2.88089
345 377 -0.179458
346 349 -5.41853
346 367 -8.15956
346 378 -4.43612
346 392 1.88061
347 386 -1.41461
348 375 -1.21064
348 376 -5.83346
348 379 -3.65634
349 385 -1.99547
349 392 -3.24165
349 409 1.71048
350 356 0.458668
350 369 -0.11458
351 389 -9.50696
351 393 -0.0461304
351 410 0.13583
351 418 0.467445
351 419 -0.0394078
351 449 -0.0982638
352 353 0.038913
352 376 -5.53733
353 376 -4.43612
354 377 -0.274059
355 357 -15.2631
355 361 -2.41897
355 382 -9.31034
355 435 -0.175887
355 438 -0.83062
355 448 -1.72077
355 455 0.175887
355 460 -3.20605
356 360 -4.61652
356 369 -2.56619
356 370 0.0130178
356 382 0.00716676
356 396 0.562427
356 401 -0.818726
356 402 -0.0458932
357 371 -9.28032
357 438 0.179457
358 376 6.3687
358 391 -5.53733
360 364 6.05768
360 396 -0.0635941
361 370 -0.775982
361 382 -0.242411
362 399 -3.85576
362 408 1.10372
362 473 0.758015
362 483 -1.10372
363 368 -5.53733
363 387 -9.45578
363 423 -5.53733
363 433 -2.36822
363 450 -8.87224
363 451 -1.18172
363 468 -2.91095
363 478 -8.74338
363 479 -0.0574763
363 506 -10.5255
363 517 -0.622596
364 396 -0.0316055
364 397 -0.0700634
364 407 1.94839
364 424 3.98447
364 451 -4.8442
364 468 -0.722426
364 479 -2.78039
364 480 -0.898564
364 490 3.43706
364 498 -0.868647
365 377 -0.334018
365 380 -2.41897
366 398 -12.5419
366 462 1.69086
367 372 -4.61395
367 378 2.58569
368 380 -11.7697
368 387 0.584119
369 370 -0.0157814
370 382 0.078234
370 401 -0.0195418
370 402 -0.00727547
371 382 -2.64699
371 424 -5.94267
371 435 1.04526
371 438 -1.78253
371 455 0.65986
371 460 -8.39081
371 480 -2.70076
371 481 -1.57696
371 499 2.10599
371 500 -2.58569
372 378 -8.61714
372 395 -1.78546
372 400 1.8599
373 374 -0.0453182
373 443 0.198992
374 418 -3.91844
374 443 -2.42468
374 456 -14.1249
374 492 -3.20605
375 376 2.71175
376 379 2.89793
376 390 6.37982
376 391 -3.91844
376 404 2.58569
376 420 3.12376
376 427 -2.64699
376 431 1.08335
376 442 12.2783
376 444 2.10221
376 463 2.52745
376 467 6.29888
376 471 -5.53733
376 476 4.56303
376 477 0.434708
376 487 9.03747
377 380 -0.132481
377 397 -0.500431
378 392 -17.1172
378 400 -8.43868
378 413 -24.9141
378 415 -5.57872
378 422 -16.8801
378 437 -4.14515
378 441 -14.763
378 466 -0.647015
378 473 -4.17666
378 474 -6.93845
378 488 0.00211461
380 387 -10.9257
380 397 -13.9166
380 433 -1.25517
380 434 -0.437514
380 450 -4.14515
380 451 -0.210882
381 384 -1.66563
381 385 -0.738135
381 392 0.00405716
381 409 0.00405716
381 411 0.0701968
381 414 0.0483254
381 415 0.0107744
381 421 0.949825
382 401 -0.597385
382 402 -0.14014
382 424 -0.124322
382 435 -7.35933
383 426 -0.00526359
383 429 -0.0218731
384 399 -4.643
384 417 1.49683
384 421 -0.954908
385 409 -0.0393784
385 411 -0.0170179
386 388 -1.97395
386 425 -0.337785
387 433 -0.210882
388 413 -0.337785
388 425 1.52308
389 410 -8.35456
389 418 -2.13249
389 452 -1.18107
391 427 -3.56577
391 428 -3.31536
392 409 0.0274836
392 411 0.0232272
392 415 0.87322
393 410 -1.84466
393 419 0.632933
393 449 0.021418
394 412 -5.53733
394 423 0.127927
394 428 -0.0342223
394 445 -0.0930962
394 446 4.1187
394 459 -0.397644
394 470 3.30137
394 505 -0.198822
394 553 0.1087
395 400 -0.0880548
395 413 -2.67945
396 401 -0.217983
396 424 -2.22758
397 407 -1.67503
397 434 -5.80527
397 451 -4.14515
398 416 -4.14515
398 430 -5.53733
398 462 -16.612
398 472 0.0483289
398 482 -0.796111
399 408 -10.7568
399 417 -3.12343
399 458 -7.63648
399 474 -1.08559
399 483 1.34772
400 413 0.838583
401 402 0.883172
401 424 -3.67016
405 426 0.00368197
406 428 -0.727293
406 432 -0.0966825
409 411 0.53374
409 415 0.0135158
410 449 -0.256871
410 452 0.517023
410 453 -8.84295
411 414 2.66131
411 415 0.262776
411 421 0.830826
411 422 1.23714
411 437 0.381413
411 441 0.187223
412 428 -3.57445
413 425 -26.0716
413 473 -2.64699
413 556 -4.14515
414 421 0.302938
415 422 1.66155
416 430 -2.36822
417 421 -7.30309
417 458 1.32411
418 452 0.0714107
418 456 3.05296
419 449 0.0523056
419 453 -3.91844
419 484 2.60383
419 512 -9.6778
419 535 0.0474257
421 441 -0.921067
421 458 -7.41603
421 466 -0.868091
421 474 -1.32411
421 488 1.54454
422 437 1.23796
422 441 0.456311
423 446 2.87871
423 454 -2.84042
423 470 7.4668
423 478 -0.58075
423 506 -0.269589
423 522 -0.127734
424 480 -0.928394
425 475 -2.31423
425 491 -0.00430933
425 509 -20.0699
425 556 0.83062
426 429 0.856051
426 439 2.32335
426 496 0.241234
426 520 0.0510793
427 428 0.902351
427 431 -10.076
427 465 0.590177
427 507 -0.982543
427 510 -0.874757
427 530 -0.0747108
428 432 2.34549
428 445 0.991031
428 459 6.03671
428 465 8.58406
428 503 1.54979
428 505 0.824555
428 530 -0.0746014
429 439 1.27785
430 436 -5.53733
430 457 -2.01618
430 464 -9.45578
430 482 -5.71204
430 497 -0.0544849
431 444 0.419119
431 471 -2.71175
431 485 0.0544848
431 493 -2.97593
431 495 -0.369897
431 507 -5.53733
433 450 -0.55042
434 447 -2.44274
434 451 1.98633
435 448 -3.61233
435 455 -0.020556
436 457 -3.91844
437 441 0.453178
438 460 -1.16715
439 461 0.262779
439 496 -3.63687
439 501 2.67485
439 513 8.90939
439 520 -13.0565
439 528 -11.9045
439 557 -1.02216
439 602 0.584119
439 722 -0.0662436
441 466 1.47101
445 459 0.0816892
446 470 3.05051
446 505 0.00530988
446 553 0.1087
447 451 -2.80733
448 455 -0.905358
449 453 -3.73241
450 451 -1.81446
451 468 0.3907
452 453 -2.36131
452 456 1.97708
452 489 1.69216
453 484 -4.22866
453 489 -3.13905
455 460 -3.57445
456 489 9.67337
456 492 6.29053
456 535 2.14465
456 542 1.76201
456 551 -0.255431
456 577 4.95478
456 581 -0.051732
456 601 -0.736572
457 464 -3.20605
457 494 -3.43706
458 474 1.37165
459 470 0.0385858
459 503 4.4794
459 505 7.7916
459 525 0.350712
462 464 -4.14515
462 472 -3.57445
462 482 -15.4955
462 504 -2.64404
462 508 -4.14515
462 511 -8.01058
462 545 -0.535406
462 558 0.0768207
462 565 1.91493
462 587 -3.91844
463 476 6.8524
464 494 -20.3444
464 497 -6.75038
464 511 2.71175
464 565 -9.97346
464 584 0.55042
465 505 8.87211
465 510 -0.100188
465 530 -0.00309233
465 576 0.0151223
465 606 3.73241
466 488 -0.112174
467 476 3.21879
468 479 0.982448
468 490 -1.18877
469 486 0.239615
470 505 0.155357
470 506 -0.00304325
470 522 -1.35669
470 525 0.0344454
470 536 1.40829
470 537 3.57435
470 548 0.373635
470 553 6.53402
470 554 -0.000105495
470 572 3.78918
471 477 -5.72747
471 485 -6.58043
471 487 -1.69086
472 482 -0.0966579
473 474 0.905949
473 483 -0.185612
473 504 -9.79913
473 509 -1.53542
473 556 -0.886457
474 483 -1.29287
474 488 -6.09563
475 491 -0.226233
475 509 0.236516
476 487 8.75143
476 547 6.77323
476 575 0.35003
476 579 -4.43612
476 582 8.58349
476 592 -0.624369
476 624 0.531479
476 628 2.22745
476 642 0.972215
477 487 2.71175
478 506 1.19753
479 490 -2.5197
479 498 -8.87224
479 517 3.2961
479 526 -0.0544849
479 531 -0.757795
479 533 -2.14198
479 534 -1.42058
480 498 -0.418426
480 499 -3.8933
480 519 -1.32411
481 500 -9.71674
481 518 0.268189
481 523 -0.064766
481 528 -3.57445
481 541 0.964178
481 557 -1.16715
482 497 -8.2903
482 511 0.943623
484 489 0.794587
484 512 -6.06009
485 487 -1.32411
485 493 -5.04277
486 514 -5.49214
487 493 -3.73241
487 524 -17.2384
487 546 3.37464
487 579 -6.27669
489 512 -4.3733
489 535 2.56751
489 542 1.69354
489 581 -0.0493124
491 509 -7.44357
493 495 -7.63159
493 524 -0.321795
493 527 -3.83922
494 514 -21.0481
494 584 -3.57445
495 507 -0.292305
495 527 1.94274
496 501 -0.217875
496 513 -0.072625
496 520 1.42374
497 511 -8.55813
498 519 -9.28032
498 526 0.305845
499 500 -5.27427
499 519 2.11
499 532 -2.27269
499 541 1.0186
499 544 3.01573
500 541 -1.80313
501 513 6.02795
501 521 1.68466
501 559 0.0320609
502 509 0.515002
502 515 1.32655
502 539 -3.93983
504 508 0.272954
504 509 -2.47197
504 545 1.98087
504 558 -0.108428
504 566 -2.72303
504 588 -0.687271
505 525 2.15921
505 536 0.123291
505 548 0.447071
505 553 3.70663
505 571 3.57445
505 572 0.473298
505 594 12.1233
505 606 6.62252
505 651 0.148121
505 675 0.306875
505 681 0.337649
505 687 1.30373
505 755 0.223483
506 516 2.44769
506 517 0.938051
506 522 0.0147695
506 529 1.78777
506 537 -0.0892023
506 543 -0.448757
506 550 -0.10713
506 554 -0.0238264
507 510 -5.21927
507 527 -0.0540632
507 530 -5.53733
509 539 -13.8276
509 556 -6.72482
509 580 -5.53733
509 588 -0.0856503
509 612 -11.0747
510 530 0.230225
512 535 -6.11544
513 521 2.89048
513 559 0.0242242
513 567 -0.0700634
513 590 -5.53733
513 595 -3.31536
513 602 1.43059
513 615 2.78723
513 622 2.70541
513 634 -3.98912
513 643 -5.53733
513 690 -1.57696
513 699 -3.91844
513 709 1.1496
513 715 0.156681
513 722 -0.846978
513 723 0.605371
514 565 -4.14515
514 567 -0.226632
514 584 0.758015
514 590 6.31809
514 600 -2.18405
514 607 -4.44235
514 641 0.704796
514 643 12.4805
514 652 0.00101958
515 539 -4.65222
515 568 0.341859
515 577 -1.80877
515 604 -0.0126885
515 613 0.17093
516 537 -3.02382e-05
517 529 0.240257
517 534 -1.87158
517 537 -1.12985
517 543 -4.11125
517 550 -0.742902
517 554 -0.275155
518 520 -7.49246
518 523 -1.08844
518 528 -24.5764
519 526 -0.434708
519 532 -3.73241
519 533 -3.73241
520 528 1.63282
522 537 -1.85614
524 527 2.16578
524 538 2.45661
524 546 -2.04125
524 561 -1.52534
525 548 0.571865
525 553 0.586285
526 533 -2.0111
527 530 -9.28032
527 538 4.87096
527 540 -0.225399
528 557 -1.04226
529 537 -0.0932159
529 543 -0.291891
529 550 -0.0766758
529 554 -0.0106651
530 538 -3.20605
530 540 -1.52308
530 564 -1.59666
530 576 3.3985
530 593 5.18135
530 605 -0.0533979
530 626 0.140002
530 657 -3.20605
531 533 -0.0700634
531 534 -5.42338
531 562 -2.27269
532 533 -3.09125
532 544 -8.64408
533 544 -3.57445
533 555 -1.10687
533 562 -4.14515
534 537 -1.27785
534 543 -0.533685
534 562 -2.41897
535 542 0.581609
535 549 -9.68841
535 552 -8.92508
535 563 1.85106
535 581 -0.206882
535 599 -4.14515
535 601 -10.0793
536 548 0.319224
536 553 0.965773
537 543 2.06844
537 550 -0.0617486
537 554 -0.00361376
537 562 -5.53733
537 572 3.91823
537 583 10.5495
537 597 -11.0747
537 614 2.13424
537 620 12.7006
537 637 1.0755
537 651 1.74486
537 658 -0.116857
537 679 0.471207
537 680 2.65656
537 683 5.58869
537 693 3.00257
538 540 -1.04222
538 561 -1.14578
538 564 1.63101
538 570 0.794069
539 568 -12.2055
539 578 -18.5501
539 612 -1.88061
539 636 -1.10372
541 544 1.95155
541 557 -0.843276
541 560 0.0584232
542 581 -0.0517071
543 550 -0.0177692
543 554 -0.00415257
544 555 -1.72077
544 560 -11.4937
544 562 0.289934
544 595 -15.2198
544 598 -8.6408
544 608 -3.57445
544 621 -4.43612
545 558 -0.127899
546 561 -5.69766
546 579 -0.0894918
546 585 -5.53733
547 575 0.0154555
547 592 -0.564808
548 553 3.19263
549 552 -2.27269
549 563 -2.22758
549 569 -1.06254
549 574 -6.56544
550 554 0.00784113
551 577 -0.177516
552 563 -14.7342
553 571 0.483906
553 572 2.42825
553 620 2.50483
553 651 8.36011
553 658 -0.0662407
554 572 -0.000210042
554 583 -0.000420083
554 614 -0.000210042
554 620 -0.000420083
554 637 -0.000210062
555 562 -1.54979
557 560 -0.459418
557 595 0.952476
557 602 -4.64558
557 618 -0.476238
558 566 -0.434708
558 587 -3.10675
559 567 -0.0105326
560 595 -2.85347
561 570 -17.6739
561 585 -0.500431
562 583 -3.01573
562 597 -1.69086
563 569 -1.00226
563 573 1.84374
563 574 0.0429418
563 581 -0.0541305
563 599 -12.3371
564 570 0.185534
564 586 0.871413
564 596 -0.108048
564 605 0.622081
565 584 -0.289934
565 587 -2.58569
565 591 -11.575
565 600 -1.63282
566 580 0.0700632
566 588 -1.72077
567 590 -11.1192
568 578 4.52321
568 604 0.203946
568 609 -2.41897
568 613 0.815805
569 573 -0.584119
569 574 -1.10372
570 585 -2.22758
570 586 1.16257
570 596 -6.47702
572 620 1.44559
573 574 0.0214709
574 599 -2.47197
574 623 -1.60463
575 592 -0.314368
576 606 1.78253
576 626 0.890732
577 601 -1.42103
577 604 0.613678
577 613 0.00738653
578 609 -11.5424
578 636 -1.91493
579 582 -5.53733
579 585 -1.18877
579 589 -2.45739
579 596 -0.242411
579 619 -1.60463
579 632 -0.101248
580 587 -1.69086
580 588 -3.72307
580 603 -2.31323
580 607 -8.76265
580 612 -0.179458
580 635 -1.49683
580 636 -4.43612
581 601 -0.706609
582 628 0.0663606
582 632 -0.900905
583 597 -11.0747
583 637 0
585 596 -1.54979
586 596 -5.84446
587 591 1.50475
587 603 -3.6131
587 607 -0.141308
589 596 -1.75131
590 622 -11.0747
590 641 1.3294
590 643 2.13971
590 824 -0.0656569
591 600 -1.08705
591 603 -0.305343
591 607 -0.747774
592 624 -1.40196
592 640 -1.66155
593 605 -0.204821
593 625 6.73799
593 630 3.66534
593 656 -0.199309
593 657 -5.53733
593 674 -5.53733
594 606 4.64091
594 755 0.0808648
595 618 -1.58891
595 621 1.93612
595 634 -1.91493
595 662 -22.1881
595 663 4.02792
595 699 -9.26974
595 715 -0.100436
595 723 -7.2338
595 735 1.48077
595 741 -0.434708
596 605 -0.11013
596 617 -3.95734
596 619 -3.46034
596 629 -2.36822
596 647 -0.434708
597 598 -3.39733
597 621 -4.14515
597 633 -5.38394
597 689 -3.57445
597 693 -5.53733
597 715 -5.53733
597 768 -0.0389131
598 608 -0.337785
598 633 -0.179458
599 601 -1.47101
599 611 -0.366881
599 623 -1.42058
599 631 -5.80203
600 607 -0.124951
601 604 -1.85919
601 610 -0.132043
601 611 -0.497163
601 616 -0.0771239
602 618 -1.95015
602 634 -0.849093
602 722 -0.0662436
603 607 0.483929
603 648 -0.0361083
604 610 4.1188
604 613 2.53411
604 616 0.277034
604 646 -0.594575
605 617 0.2579
605 630 -2.83524
606 626 5.32673
606 675 2.15403
606 681 5.09397
606 755 0.829302
607 635 1.52308
607 643 -0.0864128
607 648 -0.309824
607 652 -0.0467557
607 653 -3.91844
607 659 2.95081
607 667 2.44261
607 677 -0.00640823
607 692 -0.118721
608 621 -0.669846
608 633 -0.867703
609 613 -1.2188
609 636 -1.12464
609 645 -16.2114
609 653 -4.43612
609 654 -1.25517
609 655 -1.10902
610 613 0.188965
610 616 0.944587
610 646 -0.0795846
610 660 -9.80787
610 665 0.567221
611 616 -0.0155827
611 627 -1.88061
611 631 -0.242411
612 636 -2.31952
613 646 -1.44649
613 655 0.607047
613 668 -6.15137
615 634 -1.14578
615 722 -0.0662436
616 627 -3.46057
616 639 -1.04226
616 660 -4.8442
617 629 5.54872
617 630 -2.05045
617 656 1.28262
618 634 -0.0389131
619 632 0.40112
619 644 1.15533
619 647 -6.58588
619 661 1.76532
619 666 0.310574
619 672 -4.80014
619 673 -3.34313
620 658 -0.0333658
621 633 -4.81302
621 638 -2.79562
621 662 -3.01573
621 689 -3.73241
622 643 -3.31536
622 722 -0.0662436
623 631 -1.81446
624 628 1.40821
624 640 0.037785
624 642 0.530552
625 656 2.88536
625 674 -2.22758
625 685 0.804593
625 739 1.22142e-05
626 657 -17.6888
626 681 2.46689
626 703 1.90798
626 755 0.328252
627 631 -4.8442
627 639 -3.06676
627 650 -3.53008
627 660 1.27442
628 632 0.00902555
628 640 0.0377836
628 642 2.39815
628 666 2.63006
629 630 -0.213897
629 647 -1.68381
629 656 2.62449
629 673 4.80363
629 691 -3.03712
629 702 -1.60463
629 705 -1.25517
630 656 -0.880889
631 649 -4.34947
631 650 -1.91493
631 669 -4.8442
631 670 -1.58342
631 686 0.911073
631 701 0.215829
632 661 0.0305963
632 666 0.0180511
633 638 -0.500431
635 636 -0.500431
635 653 -0.55042
636 653 -3.57445
640 642 2.00964
640 678 0.930001
641 643 1.67051
641 824 -0.0951757
642 666 8.47494
642 678 3.66677
642 682 2.22758
642 710 4.27447
642 746 -0.840207
643 652 0.238581
643 667 0.0122662
643 677 0.0229807
643 690 -4.8442
643 706 15.153
643 709 -4.10273
643 715 -0.906149
643 722 -2.78039
643 744 0.70539
643 752 2.48463
643 762 5.96237
643 801 2.67854
643 824 -0.56341
645 654 1.69086
645 655 2.02136
645 664 -14.3799
646 665 -0.139852
646 668 0.845963
646 671 0.208983
647 673 -1.29408
648 652 -0.0299836
648 659 -0.0222776
648 667 -0.0282493
648 677 -0.00337236
649 701 -0.0971978
650 660 -1.52308
650 669 -2.4176
650 686 -2.31952
651 658 -0.0328748
651 679 0.205038
651 680 2.47715
651 681 0.12836
651 683 2.77222
651 687 1.56731
651 693 0.749659
651 713 0.761969
651 731 1.02243
652 659 0
652 667 2.76556
652 677 0.85919
652 694 0.329411
652 706 1.11747
653 654 -4.8442
653 676 -1.37165
653 692 -3.57445
654 664 -5.8692
654 676 -3.20605
654 697 -3.31536
655 664 -2.09684
655 668 -8.9818
655 684 0.635369
655 707 0.00889105
656 685 1.55084
656 691 -6.01971
656 739 1.22142e-05
657 674 -0.946357
657 703 -5.96646
659 667 1.12889
659 677 -0.025422
660 665 -4.76133
660 671 -0.318403
660 686 -4.8442
660 695 -13.6068
660 708 -2.55814
661 666 0.219114
661 672 -2.41897
662 663 -3.73241
662 689 -5.08105
662 715 -3.76511
662 735 -4.43612
662 774 -0.55042
664 684 -6.16573
664 697 0.0467798
664 712 -2.8303
664 716 -3.52624
664 717 -3.33914
664 718 -0.391858
665 668 0.0161407
665 671 0.110216
666 672 -0.998368
666 682 0.328755
667 677 -0.0495188
667 692 -0.235975
667 706 -0.820052
668 671 1.1596
668 700 -2.17181
668 707 -1.81446
669 670 -3.57445
669 686 -5.53733
670 686 -0.958364
671 700 -0.55042
671 708 -0.019764
672 673 -0.794069
672 682 -1.31461
672 698 -1.12464
673 698 -4.8442
673 704 -3.68581
673 705 -3.31536
674 685 -3.73241
674 703 -2.14198
675 681 1.14309
675 755 0.136969
676 688 -1.02216
676 692 -0.321795
676 697 -0.337785
677 706 0.916323
678 696 3.82918
678 710 0.880695
678 738 -6.1502
678 740 -3.91844
678 742 -3.31536
678 746 -1.48758
679 683 1.47101
680 683 2.44814
680 693 4.29254
680 711 -4.81371
680 713 0.982375
680 715 -0.124785
680 731 1.22575
680 756 -5.88714
680 768 -5.53733
680 773 -2.73381
680 780 1.69357
680 784 -0.0346502
681 687 2.58213
681 703 0.758319
681 730 0.109232
681 731 8.38514
681 747 0.977023
681 755 0.86533
681 761 -8.08273
681 771 2.46791
681 779 3.37059
681 795 3.32535
681 808 -0.450076
682 698 -10.3815
682 710 0.55042
683 713 1.22961
684 707 0.00329828
684 717 -0.57073
685 691 -9.30036
685 703 -1.08237
685 725 -1.37704
685 736 0.00164659
685 737 -9.45578
685 739 0.00014388
686 695 -0.812695
686 701 2.47445
686 708 -0.00300166
686 724 1.83363
686 729 1.97171
687 731 3.40182
687 755 0.29633
688 692 -3.91844
688 697 -1.21064
689 715 0.179457
690 709 -0.258219
691 702 1.44127
691 704 -1.07915
691 714 -2.41897
691 721 -2.28717
691 725 -0.0169558
691 736 -0.00306347
691 739 -0.00109311
692 697 -3.67323
692 706 7.14596
692 712 -4.14515
692 719 1.30083
693 711 -0.965772
693 768 -5.53733
694 706 4.35568
695 708 2.66635
695 729 0.0165359
696 738 -5.17444
697 712 -0.0935596
698 704 -5.53733
698 710 -2.27269
699 723 -2.18405
700 707 -2.31952
700 708 -4.26352
701 720 -0.249795
701 724 1.91493
701 732 -1.12787
701 733 -1.54979
702 704 -3.43706
702 705 -0.517023
702 714 -1.32411
702 721 -0.0195742
702 725 -0.0183027
703 737 -0.0700634
703 747 1.18839
703 755 0.309032
703 761 -0.271045
704 705 -5.53733
704 710 2.27912
704 714 -2.06181
704 721 0.6169
704 725 -0.000803238
704 759 -3.43706
704 760 -2.71175
704 763 -4.14515
704 764 -2.22758
704 765 -3.57445
704 766 -6.08405
706 712 -3.31536
706 719 1.81446
706 726 7.07043
706 734 -16.612
706 744 0.479647
706 752 9.7375
706 757 9.11384
706 769 7.2338
706 796 3.73241
706 801 4.31879
706 813 1.70146
706 819 -3.63198
706 824 -0.508119
706 830 -4.8442
706 833 -2.47197
707 708 0.186123
707 717 -0.670071
707 724 1.9864
707 727 -2.64791
707 728 1.00636
707 729 0.459766
707 745 0.274059
707 748 2.58569
707 750 -4.8442
707 770 -0.163779
708 728 3.63567
708 729 0.293693
709 715 0.480275
709 722 -0.94399
709 723 0.930219
709 762 -0.048053
710 746 -4.22421
710 751 2.0778
710 766 -6.31674
710 772 -2.36822
712 718 -1.04226
712 719 -2.52745
712 734 0.369897
715 722 -0.496385
715 723 0.336204
715 735 -0.209811
715 741 3.4667
715 762 -0.815088
715 768 -6.41784
715 774 -1.53881
715 780 -0.236961
715 784 0.322554
715 816 0.0831643
715 818 0.374735
715 823 -3.73241
715 824 -1.78253
715 838 0.719896
715 848 -0.318377
715 849 -0.0544849
715 851 -2.15755
715 852 -0.55042
716 717 -11.0747
716 718 -3.37048
716 734 -1.91637
716 750 -2.07007
716 767 0.171047
717 750 -4.8442
718 734 -2.93164
720 724 -1.23277
720 733 -1.93985
721 725 0.0247393
721 736 -0.001836
721 739 -0.000863825
721 749 -2.36822
721 760 -2.14198
722 723 -0.390453
724 729 2.78354
724 733 -2.06181
724 748 2.20519
724 753 0.54388
724 754 -0.029217
724 777 0.141746
724 791 2.89294
724 802 3.01932
724 820 3.94835
724 826 0.0624176
725 736 -0.0044636
725 739 -0.000924072
728 729 0.0801071
730 755 0.235542
731 743 3.20604
731 755 0.478116
731 756 -3.31536
731 779 4.30688
731 799 3.01573
732 733 -3.57445
732 754 -1.25989
732 777 2.22758
733 754 -8.74621
734 750 0.792278
734 767 -1.81446
734 796 -5.53733
734 800 -14.056
734 830 -1.34149
734 841 0.413504
734 856 -4.43612
735 741 -0.436168
735 774 -2.11075
736 737 -10.0786
736 739 5.75774
736 761 1.60463
736 776 -0.451047
736 778 -6.22177
737 761 -1.99875
738 740 1.16715
738 758 -6.39399
738 781 0.204836
738 785 2.12287
738 792 -0.00604594
738 814 -1.93373
739 749 -4.54887
739 760 -0.062471
739 776 -3.59845
740 742 0.0544848
740 758 -2.91355
741 774 -0.76436
742 746 -0.0389131
742 758 -1.37165
743 756 -8.2903
743 773 -3.22005
743 784 4.26249
743 790 -2.85347
743 793 -0.567019
743 799 1.49683
743 812 4.59739
743 827 -7.46482
743 832 1.56005
743 835 -0.476614
743 850 -6.6431
744 752 1.33529
744 824 -0.221768
745 748 3.0252
745 770 -1.01787
745 788 -4.8442
746 751 -1.17097
746 758 -0.485323
747 755 0.104755
747 761 -0.543747
748 788 -26.851
748 791 12.8046
748 802 0.799423
748 826 0.106658
748 831 -3.10675
748 856 -0.962998
748 870 -1.30083
748 876 -0.194824
749 760 -0.305845
750 767 -1.77463
750 770 -3.73241
750 782 0.635286
750 800 -5.50047
751 758 -6.83294
751 772 -3.84738
751 775 -0.143588
751 781 0.334737
751 792 -0.00604594
752 824 -0.12783
753 754 -0.0632057
753 777 2.17689
753 791 1.68839
753 826 0.0244507
754 777 -5.42172
755 771 0.234117
755 779 1.14591
755 795 0.234117
756 773 -0.321795
758 781 -4.14515
759 760 -6.74813
759 765 -3.20311
759 783 -1.34772
760 776 0.402198
760 783 2.26283
761 778 -11.6243
761 789 1.53898
761 795 -2.78039
761 808 2.14198
761 811 0.814743
762 824 -0.330029
763 764 -0.213486
763 766 -1.8629
764 765 1.27691
764 766 1.05456
764 809 -5.83338
765 783 -0.812197
765 809 -5.53733
766 772 0.265221
766 792 0.563571
766 798 -1.28102
766 804 0.216626
766 805 -0.0421046
766 806 -0.950791
766 809 -4.14515
770 782 -7.0768
770 788 -5.77681
772 775 -0.0423012
772 781 -0.0229253
772 786 -0.0761005
772 792 1.6347
773 780 -1.88061
773 790 -0.258219
775 781 -0.57433
775 786 -0.143577
775 792 -0.0846024
776 778 -0.179458
776 783 0.6472
776 787 -5.8692
776 807 0.0702318
777 791 0.0510906
777 810 3.58215
777 825 0.232164
777 826 0.0744468
778 787 -0.615423
778 789 -4.48629
778 794 -2.57785
778 817 -0.101248
778 828 -6.29053
779 799 0.906268
779 808 -0.550203
779 822 -1.58634
779 827 -2.64699
780 784 -0.0819049
780 790 -2.64699
780 793 -0.208466
781 785 3.60207
781 786 0.492012
781 792 0.489427
781 797 -0.589333
781 803 1.73612
781 814 -1.36422
782 788 -6.3292
782 800 -16.5713
782 831 -5.5024
782 856 -5.53733
783 807 0.210849
783 809 -0.139872
784 793 -0.416255
784 816 1.72138
784 818 3.43706
784 848 -6.85009
784 850 -2.47197
785 792 -0.00604594
785 814 -1.69086
786 792 -0.088414
787 794 -6.77554
787 807 -5.71644
788 831 -2.31952
789 811 0.517023
790 793 -0.794069
791 802 7.01579
791 820 2.33025
791 821 2.10123
791 826 6.29231
791 834 3.24667
791 870 -1.16715
791 873 -1.95015
791 876 -0.0395708
791 881 -2.78039
791 891 1.45491
791 901 -0.112651
792 797 -1.18521
792 803 1.68816
792 804 0.629185
792 814 0.307126
792 815 -0.233204
792 858 -0.0230877
792 859 -0.358368
792 862 0.0476864
794 807 -2.36453
794 828 -3.91844
796 830 -11.0747
797 803 -0.902332
798 805 0.0447769
798 806 0.11926
798 809 -0.0365544
798 842 -0.0564904
799 827 -3.06542
800 856 -0.584119
801 813 2.31223
801 824 -0.659255
802 820 1.75131
802 826 0.151868
802 834 2.86558
803 814 -0.479154
804 806 -2.78831
804 815 -2.71937
805 806 0.135315
805 842 -0.0659775
806 809 -0.728944
806 815 1.4022
806 842 -0.272228
807 809 -3.72307
807 828 2.52862
807 837 1.42744
808 811 4.1918
808 822 0.788191
808 845 0.303251
808 864 0.0588608
809 837 -0.907024
809 842 0.19159
809 843 -3.28448
809 866 0.177289
809 885 1.32411
810 825 0.455161
810 839 0.0607419
811 817 -5.1562
811 828 2.53355
811 844 1.34537
811 864 2.39052
812 827 -3.43706
813 819 -0.540757
813 824 -0.704218
813 829 0.14221
813 846 -0.0610633
813 855 -2.65236
814 853 -7.99563
814 858 -0.00566619
814 862 2.95823
815 842 -0.0901993
815 859 0.0280234
816 818 4.23079
817 828 -1.84714
818 823 -4.79148
818 848 -4.76117
819 829 -0.0135962
819 833 -1.81446
819 846 -0.252931
819 847 -5.53733
820 826 0.0379669
821 826 0.331171
822 827 -1.25517
822 845 0.175026
823 848 -0.0856503
824 840 0.321795
824 849 -6.5061
824 852 -0.943623
824 854 -12.9411
824 855 0.163292
824 865 -2.58569
825 826 2.15494
825 836 0.672545
825 839 0.314434
825 868 0.0903817
825 902 0.122371
825 943 -0.00538573
826 834 0.0686908
826 836 0.633754
826 839 -2.84802e-05
826 868 1.67509
826 873 -12.0307
826 891 0.0686908
826 902 -0.0163446
827 832 -5.42739
827 845 -7.29512
827 872 -3.73241
828 837 0.274059
828 844 2.48512
828 860 -1.12464
828 869 4.47871
828 877 -0.641456
829 846 -0.151671
830 833 -2.10127
830 841 -0.413504
830 856 -14.1814
831 856 -5.53733
832 835 -0.476614
832 867 -3.73241
832 872 -0.918799
832 874 -4.87149
832 878 0.0121901
832 882 0.0243802
833 847 -2.64699
833 856 -1.30083
835 850 -0.170113
835 867 -0.503395
837 843 3.5123
837 857 -4.64854
837 860 -3.20605
837 861 -2.99159
837 863 -6.88398
837 879 0.125103
838 848 -0.318377
838 849 -0.168145
838 851 -0.0816154
839 868 -5.69606e-05
839 902 0.961464
839 903 -3.95381
839 906 -4.8442
839 943 -0.00538573
840 854 -1.21064
840 865 -0.584119
841 856 -5.53733
842 859 3.66034
842 885 4.22124
842 889 -0.00246066
842 900 2.35271
842 918 2.35978
842 933 -1.69497
843 866 -0.354577
843 871 -0.305845
843 879 3.94458
843 887 -0.0687387
844 864 1.81925
844 877 -3.43706
845 864 3.12793
845 872 -0.0360821
845 878 0.0359138
845 880 0.0256069
845 882 0.497692
845 888 -0.223631
845 890 5.40145
845 899 1.7153
845 911 0.0959853
846 847 -8.14366
846 854 0.033231
846 855 -0.266874
846 856 -1.89062
846 865 1.19483
847 856 -3.91844
848 849 -3.89648
848 850 -1.1298
848 875 -6.22145
848 878 -2.20364
848 884 -2.93164
849 851 1.73587
849 852 2.26325
849 854 0.993707
849 884 1.04226
849 915 0.92503
849 917 4.14515
849 926 0.200743
850 867 0.340226
850 878 -9.95621
853 862 -2.18203
854 856 -0.794189
854 865 5.10534
854 876 2.75944
854 915 0.735953
854 926 10.972
854 929 4.48683
854 952 5.72211
854 962 2.31952
855 865 -5.1363
856 865 -0.321243
856 876 -1.37974
857 861 0.132481
858 859 -0.052398
858 862 -1.28117
859 862 -0.982543
859 883 -4.02018
859 889 -0.0147849
860 863 0.101247
860 869 -1.88061
861 863 1.06378
861 879 -1.10941
861 886 0.222586
861 898 1.25683
861 907 1.49405
861 913 -0.19109
861 916 -0.293497
861 922 -2.45192
861 925 0.353819
862 883 -2.64699
862 889 1.52684
862 904 3.13258
863 869 -3.43706
863 886 1.00202
863 916 -0.585768
864 877 -8.32279
864 880 0.0205814
864 888 -0.0189338
864 899 1.16046
864 908 1.46128
864 910 -5.53733
864 914 1.55382
864 932 3.12667
865 876 0.212231
866 871 -0.962998
866 885 0.775982
867 874 -1.21064
867 878 -5.53733
867 882 -4.43612
868 873 -2.27269
868 902 -0.0163446
869 877 -1.87245
870 876 2.47197
871 879 -0.794069
871 885 -1.66155
871 887 -0.483906
872 882 -0.144893
872 890 -0.018079
873 881 -0.434708
873 892 -0.500431
873 895 0.0434121
873 896 -2.64699
873 897 -1.26581
873 902 -3.31536
874 882 -6.3019
875 878 0.172984
875 884 -0.312192
875 893 -6.52634
875 894 -0.0237491
876 891 -0.143961
876 901 8.80474
876 912 12.8902
876 920 3.66315
876 929 11.2361
876 930 5.89296
876 944 5.26839
876 953 -0.263376
877 886 0.375781
877 910 -1.15494
877 916 -1.07446
877 925 0.912209
877 932 -3.86342
878 882 1.13527
878 890 0.0610584
878 893 -0.310539
878 894 -0.136213
878 909 0.302519
878 911 0.391246
878 919 -0.0197308
879 885 -0.0174609
879 887 -0.172649
879 907 -0.0484527
880 888 -0.0403627
880 899 0.472425
881 891 -2.14198
881 892 0.0544848
881 901 -2.27269
882 888 -0.0196702
882 890 2.03218
882 911 0.274049
883 889 -8.77098
884 893 0.624384
884 917 2.41897
885 887 1.29472
885 900 1.12464
885 907 -2.06181
885 921 2.98773
885 933 -7.69993
886 916 -0.292271
888 890 -0.0810313
888 899 -0.329778
888 908 -0.00867867
889 904 5.13871
889 918 -1.02383
889 923 4.49269
889 928 1.09421
889 939 -0.110512
890 911 0.0796493
891 901 -0.242288
892 896 -3.10675
892 901 -3.57445
893 894 2.81492
893 905 3.82204
893 909 0.204998
893 917 7.17542
893 919 1.3818
893 931 1.53206
893 941 0.691297
895 896 -3.16881
895 897 -0.90704
895 902 -1.33317
896 901 2.92548
896 902 0.811374
896 940 -0.0584071
896 943 -0.00820164
897 902 6.47624
897 940 -0.111452
897 943 -0.0168514
899 908 2.77143
899 911 -1.63393
901 902 3.36693
901 927 2.12626
901 930 0.974197
901 940 -0.489884
901 943 -0.0267701
902 903 -4.8442
902 906 -8.57119
902 927 0.823078
902 935 0.832423
902 937 -0.00981418
902 940 -0.202834
902 943 -0.11133
903 906 -1.54979
904 918 -0.0888587
904 928 0.0555526
904 939 0.178115
904 945 1.88563
905 917 6.16014
907 913 -1.16715
907 921 -3.91844
907 924 3.84417
908 911 -7.15718
908 914 2.21104
908 932 5.94392
908 934 -2.09303
908 936 -0.127581
908 947 0.67481
909 911 0.181893
909 919 0.409996
911 919 -0.418328
911 934 -2.40558
911 936 0.611443
913 922 -0.489926
913 924 -6.53842
913 946 -2.58569
915 926 1.58153
916 925 -2.90743
917 926 1.81446
917 931 3.73241
917 938 2.31952
917 941 2.81852
917 942 3.94841
917 952 1.81446
917 954 4.43612
917 964 6.97145
918 923 -0.992004
918 928 -1.76323
918 933 -0.591063
918 939 -0.0364257
918 945 -0.714734
918 948 -0.632243
918 949 -0.0312383
919 931 9.52665
919 934 4.30678
921 924 -3.57445
921 933 -7.46051
922 925 -6.6637
922 946 -2.71175
924 933 2.14393
924 946 0.439232
924 955 0.468057
925 932 -4.33468
925 946 -3.35233
926 952 5.35061
926 954 7.96706
927 930 0.0410147
927 940 -0.222171
927 943 -0.00860987
928 939 -0.0588411
929 944 0.337641
929 958 7.04497
929 962 0.226632
930 940 -0.380572
930 943 -0.00473008
930 953 -0.674403
931 934 1.54658
931 941 0.389548
931 942 3.05972
931 956 3.53981
931 963 0.624691
932 934 -0.88398
932 946 0.272262
932 947 4.0397
932 951 2.32254
933 946 0.0307263
933 948 -0.00392741
933 949 -0.479176
933 950 -7.18661
933 955 -0.719178
934 936 -2.73877
934 947 -0.347102
934 951 0.000205804
934 956 4.10286
934 963 2.478
935 940 -0.0584071
935 943 -0.00802466
937 940 0.0252843
937 943 1.0427
937 966 1.34764
939 945 0.653763
940 943 3.94209
940 953 0.0277073
940 957 -9.81114
940 959 -0.0269783
940 968 0.00455727
941 942 3.04023
943 957 -6.73994
943 959 -0.00564557
943 966 1.67881
944 953 0.00780215
944 958 3.8107
944 961 1.33454
945 949 2.6631
945 965 0.8088
945 967 -0.260678
945 970 0.14262
946 950 1.20894
946 951 2.54649
946 955 3.01246
946 960 0.105477
946 963 0.0321276
947 951 -0.00658662
947 963 0.00416662
948 949 -2.33868
949 955 1.71576
949 967 -0.0756252
949 970 0.0214944
950 955 1.77322
951 960 -1.98682e-08
951 963 -4.21986
952 954 4.8398
952 962 5.64676
953 957 -0.0674464
953 959 -0.0164742
953 961 0.0156043
953 962 0.00222488
953 968 0.0241413
955 960 0.0549616
955 963 4.97639
955 967 -0.128809
955 969 0.686091
955 970 1.6459
956 963 2.7579
957 959 0.2198
957 961 -1.84498
957 962 -4.44922
957 966 -3.35854
957 968 -2.52745
958 961 1.82422
958 962 4.57123
959 961 -0.0525914
959 962 -0.0959041
959 968 -2.62356
960 963 0.110814
961 962 3.69413
961 968 2.75932
962 966 2.57749
963 970 0.778748
965 967 -0.41537
965 970 0.816426
967 969 -0.24557
967 970 -0.342343
969 970 0.270078
