MULTICUT
0 2 0.533685
0 7 -0.148121
0 14 -1.00226
1 3 -0.266001
1 8 -2.22381
1 15 4.70061
1 20 -6.06043
2 8 0.272288
2 14 -3.73241
2 19 -7.2338
3 4 -4.03116
3 15 -0.635286
4 15 -14.0377
4 26 -4.43612
5 10 8.85471
5 11 -11.4347
5 15 0.491402
5 37 1.49269
5 53 6.99862
5 59 -0.427071
5 75 -4.43612
5 96 -2.47197
6 13 -2.69165
7 9 5.11313
7 14 -2.02352
7 21 -5.73432
7 22 3.27346
7 24 2.61793
7 25 -6.58691
7 29 -0.099483
7 33 -2.41897
7 34 0.769886
7 35 -0.346897
7 40 0.0285726
8 19 -4.14515
8 20 -1.42194
8 30 0.764571
8 36 -1.98633
8 38 -0.640345
8 41 0.838359
8 48 -1.39593
9 21 -3.52786
10 12 -0.0160025
10 16 0.0252501
10 17 1.26801
10 45 0.0726791
10 59 -0.427071
10 69 -7.04777
10 75 -3.31536
10 80 -2.41897
10 97 1.9494
10 107 2.64699
10 144 0.0330364
10 157 -3.91844
10 164 -5.53733
11 15 -8.2903
11 28 -3.01573
11 37 -7.71961
12 13 -3.31536
12 16 -1.69592
13 16 -0.687271
13 18 -11.278
14 19 -1.52308
14 22 -3.01573
15 20 -4.43612
15 26 1.32411
15 27 -3.57445
15 28 3.03852
15 36 -6.93845
15 37 0.757743
15 50 -3.56927
15 51 -4.08715
15 55 -7.30686
15 57 -16.4588
15 61 -2.93164
15 62 -2.85347
15 68 0.857424
15 79 3.01573
15 90 4.29621
15 99 -4.14515
15 111 -4.14515
16 17 0.00222856
16 18 -2.41897
16 45 -0.944523
17 45 -0.00445712
18 45 -12.2498
19 22 -3.31536
19 30 -1.18877
19 38 -3.79608
19 40 -3.20605
20 36 -14.9931
21 34 -3.31536
21 35 -1.25517
21 40 -3.91844
22 35 -0.6955
22 40 0.205753
22 43 -3.10675
23 25 5.67208
23 39 3.56242
23 42 0.0144409
23 52 -0.886457
23 58 -0.452385
23 304 -0.00228629
24 29 -6.14784
24 33 -7.99394
24 40 0.446645
24 47 -6.90809
24 54 0.893291
24 71 -2.85347
24 73 -1.34321
24 74 -2.78039
24 78 -5.42739
25 29 -3.49687
25 31 6.99805
25 32 4.92952
25 39 4.48868
25 42 2.45408
25 44 7.94992
25 46 0.401627
25 47 0.638968
25 52 -0.849093
25 58 -1.23595
25 64 0.481665
25 67 -0.00237127
25 70 0.00724318
25 72 0.789406
25 77 1.27728
25 81 -0.26596
25 86 1.2403
25 101 0.404598
25 112 5.52515
25 118 9.08375
25 123 5.16012
25 149 0.0829163
25 152 -0.708722
25 235 -0.22811
25 257 3.74096
25 304 0.0925901
27 28 -5.43469
28 37 2.04287
28 53 2.31952
28 57 -3.20605
28 62 -4.80363
28 68 2.54858
29 47 -0.780231
30 38 -0.331662
31 304 -0.000571574
32 39 4.2619
32 304 -0.00114315
33 34 -1.16715
33 40 -3.01573
34 40 -0.923127
35 40 -4.81324
35 43 -6.88981
36 41 -1.20095
36 49 -2.40057
36 55 -0.259626
36 79 -3.10675
37 53 2.62494
38 40 -2.85347
38 48 -3.21909
38 56 -3.73241
39 46 2.5036
39 52 -0.704796
39 58 -3.90214
39 64 4.82688
39 100 5.95078
39 101 4.45593
39 102 0.00731576
39 113 0.648801
39 119 2.68528
39 136 0.641278
39 141 -0.00495672
39 304 -0.00114315
40 43 -7.85993
40 54 2.57846
40 56 1.49683
40 85 -3.91844
40 88 -1.63282
40 89 -5.89397
40 91 2.28011
40 95 -3.91844
41 48 -3.62035
41 49 2.73411
41 56 -1.52308
41 60 -1.72062
41 63 -1.00226
41 65 -0.107438
41 66 -2.19273
41 79 -4.8442
42 58 -7.33042
42 81 -0.739397
42 100 2.36787
42 304 -0.000571574
44 47 1.4106
44 67 -0.0165951
44 70 0.0366176
44 72 -0.0350751
44 84 -4.43612
44 108 0.0222298
44 304 -0.00171472
45 76 -2.78039
45 97 0.716407
45 144 0.0433507
46 52 -1.10372
46 304 -0.000571574
47 67 -0.00299807
47 70 0.00786393
47 71 -4.08624
47 72 -0.00846589
47 82 -2.10127
47 83 -1.78474
47 84 -6.02711
47 304 -0.000571574
48 56 -3.43706
50 55 -0.962998
50 61 -0.353819
51 57 -1.62805
53 68 2.41897
53 93 5.98991
53 96 -2.64699
53 125 0.38179
53 126 -4.14515
54 78 -12.2935
54 88 -1.30083
54 115 -4.25062
54 120 1.81412
54 140 -3.91844
54 150 -0.117725
55 61 -2.37779
55 79 -8.61407
56 65 -7.01758
56 66 -5.23268
56 85 -7.36776
56 92 -0.877209
56 104 0.702382
56 105 -4.61395
56 109 -0.982543
57 62 -4.8442
58 100 -2.22393
59 75 -2.22758
60 65 0.379458
60 66 0.197596
63 66 -3.47208
64 72 0.512226
64 101 1.31826
64 102 0.00103115
64 113 0.452102
64 141 -0.00719449
64 304 -0.000571574
65 66 0.234573
66 79 -7.2519
66 105 0.652519
67 70 -0.15299
67 72 0.509823
67 108 -0.0444803
67 304 0
68 93 4.82503
68 99 -4.14515
68 111 -3.91844
69 75 -10.3815
69 98 -0.289934
69 107 -7.16088
70 72 -0.230856
70 84 -0.337785
70 108 0.0520931
71 73 -1.18218
71 83 -0.226632
71 94 -1.63282
72 101 1.40875
72 108 -11.8166
72 304 -0.00114315
73 74 -1.93036
73 78 0.715544
73 94 -0.210882
74 78 -4.49943
75 96 -4.14515
75 98 -10.3815
76 97 -8.85269
77 304 -0.000571574
78 94 -3.21394
78 115 -0.023346
79 90 0.132481
79 105 -3.20605
79 111 -4.43612
79 114 -5.57955
79 117 -3.13857
79 132 -3.99346
79 138 3.85164
79 146 0.950742
81 100 -1.10555
81 123 -0.586957
82 83 -1.00226
82 84 0.174088
82 87 -0.01821
82 94 -2.93164
83 94 -2.22758
84 87 -0.672099
84 108 -4.98736
84 130 -5.53733
85 92 -4.14515
85 95 -2.31952
85 103 -3.43706
85 116 -4.43612
86 123 1.48877
86 149 0.0175279
86 304 -0.00114315
87 94 -6.04311
87 130 -3.86174
88 89 -2.47197
88 120 -3.91844
89 91 -2.31952
89 106 -1.42058
89 120 -3.31536
90 111 -2.78039
91 95 -7.46051
91 106 -0.652519
91 110 -0.0955998
91 116 3.01573
91 120 -0.386023
91 143 -5.53733
91 156 -2.93164
91 159 -1.42058
92 103 -0.451047
92 104 -0.972663
93 111 -2.52745
93 125 4.75877
93 139 -2.4742
93 148 2.76357
93 162 0.640986
93 192 2.36822
93 200 0.330547
93 219 -5.52307
93 225 -4.25576
93 228 -1.75131
93 239 -0.222831
94 115 -3.91844
94 128 -2.09064
94 130 0.867703
94 155 2.40526
94 166 -3.10675
94 176 -3.57445
95 116 -6.16883
96 98 -0.500431
96 107 -0.867703
96 126 -0.584119
97 144 0.071556
98 107 -6.67798
99 111 -7.77585
100 119 5.8853
100 123 2.37912
100 131 0.334432
100 141 -0.011921
101 102 0.000545478
101 108 -2.85347
101 113 1.36449
101 127 1.19178
101 136 1.90095
101 141 -0.013451
101 151 -0.136144
101 154 -3.10675
101 160 -1.30083
101 165 -7.02181
101 180 -0.446026
101 185 0.678116
101 249 -7.91972
101 254 -4.44249
101 255 -1.42058
101 276 -2.71175
101 304 -0.000571574
102 141 -0.00459329
103 104 -2.93164
103 116 -1.84714
104 109 -8.16931
104 116 5.26677
104 124 -5.53733
104 161 -0.295153
104 163 -3.95233
104 167 -8.47648
104 191 -1.32411
105 109 -1.44559
105 117 -2.22758
105 121 -2.93164
105 124 -2.36822
105 129 -4.43612
106 110 -0.00778178
106 120 -2.31952
107 122 -0.527969
107 126 -1.44559
107 135 -5.31767
107 142 -0.913528
107 157 -15.7931
107 179 -6.99862
107 195 3.43221
108 127 -1.98633
108 130 -5.48939
108 134 -1.00226
109 121 -0.473859
109 124 -0.344835
110 120 -2.10127
111 114 -0.337785
111 133 -2.38601
111 138 -3.73241
111 139 -4.35258
111 147 -3.62965
112 304 -0.000571574
113 141 -0.00377914
114 138 -6.69884
115 128 -1.69943
115 137 -1.44121
115 140 -7.91145
116 156 -5.80527
116 161 -1.17673
117 129 -6.04642
117 132 -2.83664
117 145 -0.101248
117 146 -7.64217
118 123 2.04142
118 149 0.160004
118 171 1.69152
118 181 3.67782
118 184 2.08999
118 205 -0.0856503
118 213 6.76165
118 222 2.4483
118 229 1.14564
118 235 -0.453953
118 245 -1.96508
118 257 2.16234
118 260 -0.003773
118 262 -0.0018865
118 291 -0.0940743
118 295 0.943964
118 304 0.0912672
118 344 0.0403605
119 131 0.1597
119 141 -0.011921
119 153 -0.0798501
119 160 -2.29402
119 168 0.77316
119 175 -0.971962
119 180 -1.23277
119 207 -0.775982
120 150 -0.17221
120 155 0.35153
120 159 -5.63488
120 172 -2.4486
120 173 -1.34772
120 186 1.98633
120 211 -11.609
120 214 0.517023
120 224 -8.58067
120 227 -0.118559
120 241 0.305766
120 251 0.157848
120 263 -3.10675
120 278 0.758015
121 124 -0.722426
122 135 -2.47197
123 131 0.106076
123 149 0.0875893
123 153 -0.00778178
123 171 4.42719
123 175 -1.10372
123 199 3.34703
123 205 -0.0328163
123 304 -0.00114315
124 129 -4.28315
124 145 -0.635286
124 146 -1.30083
124 163 -0.101248
125 126 -4.43612
125 142 -0.962998
125 192 0.24241
126 142 -2.02352
127 134 -0.132481
127 151 -0.136144
127 154 -2.31952
128 137 -3.56419
128 155 -0.757547
129 145 -3.73241
130 134 -4.91528
130 158 -2.18405
130 165 0.41441
130 166 -3.64771
130 178 0.00369548
131 153 -0.574085
132 146 -2.93164
133 138 -6.85009
133 147 -2.11743
134 154 -0.55042
134 158 -2.41897
135 157 -1.14578
136 141 -0.00377914
137 140 0.704796
137 155 -3.10675
138 146 1.22289
138 147 -2.93164
138 170 -4.66793
138 174 -6.56544
138 177 3.35949
138 187 -5.98644
138 189 -3.43706
139 147 -4.83105
139 148 -3.31087
140 150 -7.16088
140 155 -4.8442
140 169 -3.92415
140 172 -3.20605
141 160 -0.740165
142 179 -3.57445
142 192 -2.14198
143 156 -3.57445
143 159 -7.45227
144 164 -2.14198
144 188 -3.01573
144 193 -3.20605
144 275 -0.982543
145 146 -8.31773
146 163 -5.35699
146 170 -9.3646
146 197 -2.76369
146 203 -0.023346
146 208 -0.905358
146 215 -3.73241
146 216 -0.962998
147 148 -6.83053
147 174 1.90947
147 183 -0.0102873
147 194 0.103183
148 162 2.70317
148 194 -5.53733
148 200 1.27993
148 209 -2.31952
148 218 -5.89397
148 239 -0.174579
149 171 0.152324
149 181 0.175352
149 184 0.0454884
149 213 0.068566
149 222 0.0227326
149 229 0.130079
149 257 0.019157
149 260 0.0034571
149 262 0.00691419
149 295 0.044518
149 304 0.00957849
149 344 0.00703638
150 169 -0.467445
150 172 -1.66274
151 154 -0.81228
153 168 -0.483906
153 175 2.27269
154 158 -2.36822
154 165 1.42058
155 172 -1.3136
155 176 -5.15922
155 190 -0.369897
155 196 -7.70431
155 210 -1.98633
155 220 -0.00597992
155 227 -1.39732
155 232 -1.4283
156 159 -1.34772
156 161 -1.23277
156 182 -4.14515
156 186 -6.21745
157 164 0.601089
157 193 -2.95558
157 195 -4.8442
158 165 -9.31145
159 173 -1.00334
159 186 -5.53833
160 180 -0.353819
161 167 -0.140544
161 182 -2.22758
163 202 -3.57445
163 215 -0.943623
164 188 -0.0389131
164 193 -2.18405
165 166 -2.50688
165 178 0.063738
165 201 -1.98723
165 230 1.98564
165 250 1.31983
165 255 0.537849
166 176 -0.500431
166 178 -0.102739
167 182 -0.794069
167 191 -0.403579
167 206 -0.258219
168 175 -3.95426
169 172 -4.48531
170 187 -1.60463
170 216 -1.08303
171 184 0.0454219
171 205 -0.113769
173 186 -0.483906
174 183 -0.00529955
174 189 0.321795
174 194 0.0314506
174 238 -6.2862
175 199 -1.95359
175 207 -1.12464
175 223 -2.78039
175 226 4.05181
175 248 -3.31536
176 178 -3.74661
176 190 -0.618144
177 187 -1.95015
177 189 -3.01573
177 198 -2.37921
177 204 -3.39715
178 190 1.16715
178 201 -0.980792
178 210 -4.62872
178 230 0.0912237
179 192 -10.3955
179 195 -3.01573
180 185 -0.535472
180 207 -0.0169341
180 223 -0.0872358
181 213 3.11515
181 229 0.592519
182 186 1.10516
182 206 -4.36344
182 273 -0.0141251
182 340 0.00535153
183 194 -0.661329
183 238 -2.14198
185 223 0.30038
185 249 -0.433809
186 191 -0.402198
186 206 -4.40225
186 212 -7.54811
186 214 0.975688
186 217 -1.14578
186 221 -0.179458
186 273 -0.108631
186 278 0.316789
186 296 0.490911
186 326 0.880574
186 328 -0.267675
186 329 -2.82867
186 340 0.0393707
187 198 -3.60463
187 216 -1.95015
188 193 -4.46949
189 204 -3.10675
189 238 -5.53733
190 210 -0.533685
191 202 -3.91844
191 206 -3.23905
191 233 -4.86834
191 237 -3.5982
191 296 -1.72077
192 195 -0.0609522
192 225 -3.43706
192 240 -2.78039
192 247 -0.374824
192 264 -6.73084
193 195 -3.57445
193 247 -6.16883
193 266 -4.8442
193 275 1.84714
193 303 -3.91844
193 332 -10.7685
193 364 1.81446
193 399 -4.8442
193 407 -3.57445
193 474 -0.740165
194 209 -1.72077
194 238 -4.8442
195 240 -12.9692
195 247 2.64938
195 252 -3.57445
196 210 -0.794069
196 220 -2.97018
196 230 -2.36822
196 231 -1.00544
196 236 -1.20633
197 203 0.00778166
197 208 -0.274059
198 204 -0.903368
198 216 -0.321795
198 242 -0.483906
198 243 -0.758016
198 244 -7.01151
199 205 -2.37235
199 226 -1.95015
200 239 -0.307345
201 230 -2.7148
202 215 -2.27269
202 237 -0.740165
203 208 -0.943623
203 215 -3.73241
203 234 -8.55935
204 238 -0.369897
204 243 -0.337785
205 226 0.209824
205 245 0.0233459
205 260 -0.680802
205 271 0.363982
205 277 -4.55227
205 336 -0.113607
207 223 3.14498
208 216 -1.47101
208 234 -0.584119
209 218 -1.21064
209 238 -2.41897
210 230 -3.31536
211 214 -3.2151
211 278 -1.54979
212 217 -1.88061
212 221 -3.20605
212 246 -0.704796
212 273 -7.35179
213 229 5.79066
213 257 3.78948
213 291 -5.55889
213 304 0.0916726
214 217 -0.353819
214 246 -2.0721
214 273 -0.00481906
214 278 0.0442952
214 297 -10.0405
215 234 -0.509219
215 237 0.144044
216 234 -2.36822
216 244 -0.0856503
216 261 -3.57445
217 246 0.0544848
218 238 -0.55042
218 239 -0.289934
218 253 -2.28073
218 259 -0.369897
219 228 -4.35761
219 239 -1.57696
219 265 -1.69086
220 227 0.0789874
220 231 -4.00125
220 232 0.0762656
220 256 -2.06181
223 248 -8.70687
223 249 -3.74073
223 292 1.47875
223 305 -2.14198
223 325 -0.0645204
223 336 -3.57445
223 349 -3.94841
224 241 -2.18405
224 251 -3.57445
225 228 -4.75457
225 264 -5.53733
225 265 -3.20605
226 248 -12.212
226 271 0.122315
226 336 -2.36822
227 232 0.803917
227 241 -0.148895
228 265 -6.75241
229 291 -2.29819
229 304 -0.00232498
230 236 -4.43612
230 250 1.68891
230 269 -4.75221
230 280 0.187773
230 299 0.829134
230 300 -2.43075
230 310 1.69086
230 319 -2.06181
231 236 -6.21745
231 256 -1.27066
231 270 -3.06965
231 274 -3.91844
231 283 -0.386023
231 315 -2.41897
232 241 -0.246542
232 251 -0.237104
232 256 -2.30943
232 258 1.27304
232 274 -0.905358
232 283 -3.79052
233 237 -4.43612
234 237 -0.288079
234 261 -0.226632
234 267 -2.78039
234 279 -8.65458
234 284 -0.000975788
234 293 0.00484916
235 257 -0.451687
236 270 -1.91493
236 280 -4.8442
237 267 -0.260504
237 279 -0.56028
237 296 -7.71961
237 321 -3.51329
237 326 -0.502161
237 363 -1.75663
237 382 -0.0243614
238 242 -1.44559
238 243 -0.242411
238 253 3.1776
238 268 -1.91493
238 284 -8.80402
238 286 -5.07754
238 287 -3.10675
238 293 2.81655
238 323 4.2583
238 333 -0.173823
238 351 -0.015101
238 353 -1.95015
238 359 -3.91844
238 397 -8.23509
238 414 4.21185
238 427 -0.0291129
238 457 -0.113358
238 489 0.168446
239 259 -2.81872
239 265 0.886457
240 247 -9.26974
240 252 -0.418313
241 251 0.038446
242 243 -0.337785
242 244 -1.54979
242 268 -0.179458
244 261 -5.53733
244 268 -1.88061
244 285 -3.20605
245 260 -3.27223
245 262 -0.455787
246 273 -0.418426
247 252 -4.14515
247 264 -12.9078
247 266 -5.53733
247 290 -0.886457
247 298 -0.196409
247 309 -11.0747
247 312 1.80319
247 314 -5.15922
247 317 -6.85009
247 318 -1.66253
247 330 -4.14515
247 348 -1.42437
247 380 2.81738
247 383 -1.57696
247 442 -4.43612
248 272 -2.29251
248 305 -4.43547
249 276 -1.00226
249 288 0.61268
249 289 -1.27785
249 292 -0.0389131
249 313 -1.42651
250 255 0.537849
250 269 -0.780547
250 282 -2.46798
251 258 -0.349158
251 263 -0.369897
253 259 -4.24506
253 287 -2.23503
253 293 0.200789
253 294 -3.94061
253 323 0.265602
253 333 -0.23788
253 351 0.00312587
253 403 0.0717987
253 414 0.175383
253 427 0.0174921
253 457 0.00864788
254 255 -0.321795
254 276 -2.06181
255 276 -2.85347
255 282 -0.982543
256 274 -2.71431
257 291 -6.75909
257 304 1.7846
257 338 -4.2514
257 389 -0.516344
257 396 1.12479
258 263 -1.50047
258 278 1.00806
258 283 -7.08087
258 301 -1.32524
259 265 -9.12063
259 281 -2.16431
259 294 -1.88061
259 316 -0.195158
259 324 -3.77737
259 334 -4.78898
259 343 0.337785
260 262 0.277643
260 277 -1.1817
260 295 -0.0224112
260 344 -6.87138e-05
260 360 -1.54979
261 284 -3.21188
261 285 -0.0389131
261 286 -2.78039
262 295 -0.00755494
262 344 0.00519928
263 278 -2.58569
264 265 -6.65866
264 314 -7.6246
264 317 -1.47101
265 281 -5.89397
265 302 1.7572
265 308 -0.439909
265 311 -1.14556
265 317 -4.14515
265 334 -1.44559
266 290 -0.924411
266 303 -3.91844
267 279 1.06647
268 285 -4.80014
268 286 -4.06315
269 282 -1.69086
269 289 -2.09672
269 299 -0.214924
270 280 -2.4012
270 283 0.982543
270 300 -3.24393
270 310 2.51682
270 315 -4.78901
270 339 -1.79374
271 336 -3.61102
273 278 -1.13385
273 297 -3.86694
273 326 -0.367313
273 328 -0.0275994
273 340 -0.224304
274 283 -9.42708
276 282 0.0649456
276 289 0.129891
277 336 -9.92381
277 360 -1.84714
277 361 -7.71961
277 381 -3.97477
278 297 -8.98936
278 320 2.39756
278 326 3.35695
278 340 0.0704814
278 346 2.27269
278 356 -7.55595
278 372 -0.962998
278 373 1.77139
279 293 -2.5359
279 321 2.4943
279 337 -5.95961
279 350 2.86244
279 355 -0.366426
279 363 -8.35456
279 403 -4.14515
280 300 -1.66155
282 289 7.10652
283 301 -3.01573
283 315 -2.47197
283 320 0.945305
283 339 -3.29263
283 347 1.68591
283 358 -2.89915
283 371 1.34772
284 286 -1.47101
284 293 -7.07723
284 327 -2.53427
285 286 -1.16715
287 323 -1.5597
288 289 -2.02352
288 306 -1.57696
288 307 -0.722426
288 313 -0.21437
289 299 0.216433
289 306 -4.14515
289 307 -3.38171
289 319 -1.88061
289 335 -2.26039
289 345 -0.81228
289 352 -4.14515
289 357 -3.43706
289 362 3.22158
289 367 -3.01573
289 368 2.47124
289 388 0.483906
289 391 -0.96581
289 404 -3.91844
290 303 -1.34772
290 309 -4.79148
291 295 -5.44666
291 304 -0.886457
291 338 6.60512
292 306 -3.01573
292 313 -1.17968e-07
292 325 -0.0645204
292 336 -3.10675
292 349 -3.48466
292 366 -2.52745
293 327 1.81446
293 337 -5.50909
293 355 0.224831
293 397 -0.434708
293 403 0.567242
293 412 0.327947
294 316 -1.52252
294 323 -0.0493706
294 333 0.00532214
294 341 -0.0177215
295 338 -2.47197
295 344 0.219686
295 360 -7.42355
295 374 -0.851956
295 375 0.181855
295 400 -1.60463
296 326 1.48748
298 312 -0.253288
298 318 0.716603
299 319 -2.64699
300 310 -0.982543
301 320 -3.44698
302 308 -0.398587
302 311 -0.0818898
302 317 -3.20605
303 309 -3.73241
303 330 -13.8919
303 331 -7.14787
303 332 -1.06254
303 364 -1.88061
303 383 -0.132481
303 384 -5.90821
303 406 -1.18877
303 467 -0.242411
304 389 0
304 396 0.176877
305 336 -5.68358
306 307 -1.98633
306 313 -6.6456
306 336 -2.58569
306 345 -6.0953
306 362 -3.43706
306 366 -1.63282
306 385 -1.04226
306 394 -3.17847
308 311 0.928829
309 330 1.14456
309 331 -0.587888
310 319 -5.01337
310 335 0.601089
310 339 -3.10851
310 352 -2.93164
310 357 -6.59779
310 369 -0.00479242
311 317 -7.38982
311 334 -2.93164
311 351 -0.83062
311 354 -5.53733
312 318 -0.176848
312 330 -12.3765
314 317 -0.886457
316 323 0.00430703
316 324 -1.47101
316 333 -0.0050359
316 341 0.0094716
317 354 -2.06181
317 365 -3.52269
317 380 -4.14515
318 330 -4.14515
318 348 3.66191
318 370 -2.41897
319 335 -0.81228
320 346 3.4659
320 347 0.620039
320 356 -1.69086
321 363 -2.71175
322 336 3.50545
323 333 -0.315972
323 341 1.48473
323 351 4.87604
323 359 -3.70022
323 427 1.47152
323 457 -0.0497145
324 341 -2.18405
324 342 -0.321795
324 343 -2.06181
325 349 -0.353819
326 328 -1.03752
326 329 -3.94014
326 340 0.0349472
326 363 0.0999825
326 373 3.03777
326 382 -1.99671
326 402 0.513427
326 403 0.282169
326 413 -7.34822
326 417 0.165679
326 428 3.07255
328 340 -1.42058
330 331 -0.954799
330 370 -1.98633
330 383 -6.16014
332 364 -3.43706
333 341 -0.0259882
333 351 -0.107247
333 427 -0.0202009
333 457 -0.0304615
334 343 -1.44559
334 351 -0.163779
335 352 -0.704796
336 349 3.10675
336 361 4.06756
336 366 -4.43612
336 378 4.01639
336 390 -5.1562
336 394 2.67582
336 408 -0.93071
336 409 1.39026
336 416 -5.43916
336 439 -0.0169786
336 450 0.0358363
337 350 -3.05688
337 355 -0.764128
338 374 -0.0275461
338 393 -0.0550922
338 396 -6.22145
338 411 -3.59923
338 419 -2.3201
338 430 -2.02352
339 369 0.011311
339 371 -1.79403
339 379 5.52018
339 386 -2.25018
339 391 0.26175
341 342 -1.40139
341 351 1.93351
342 343 -0.424382
342 351 -1.56666
343 351 1.69086
345 362 -4.10478
346 347 1.82943
346 356 -3.01573
346 358 -5.37191
346 371 2.80657
346 372 -1.75131
346 401 -12.7492
346 402 0.0214049
346 426 0.604984
346 438 0.00427418
347 358 -1.90438
348 370 -1.98633
348 383 -0.517023
350 355 -0.140182
351 354 -1.08303
351 376 4.43612
351 427 3.11505
351 429 1.47101
351 457 0.4511
352 357 -0.179458
354 365 -2.78039
354 376 -3.12767
357 368 -3.02247
357 369 -0.05084
358 371 -2.67498
360 381 -3.03887
360 400 -2.22758
360 415 -7.54652
361 378 1.95141
361 381 -6.6431
361 420 7.8395
361 441 -5.53733
361 475 -6.22596
362 367 -3.20605
362 385 -3.43706
362 387 2.03051
362 388 0.295272
362 404 -2.64699
362 432 -5.00622
362 440 -3.43706
363 382 -0.051446
363 403 2.61619
363 417 0.397675
364 384 -4.14515
364 399 -8.24908
365 376 0.600768
365 377 -1.25825
365 380 -0.0700634
367 388 -6.72719
368 369 -0.00166562
368 391 -1.93159
368 404 -2.58569
369 379 0.00683434
369 391 0.0100812
369 392 -1.72077
370 383 -3.37124
371 386 -2.58569
371 398 7.07459
371 401 -6.18744
371 433 4.37803
372 373 -1.34772
372 402 -2.47197
373 395 -2.61772
373 402 3.95417
373 438 0.0458795
374 375 -0.254482
374 393 0.0340135
375 393 -0.0980684
375 400 -0.722426
375 411 0.801475
376 377 -0.397904
376 380 -2.20005
376 405 -0.110494
376 410 4.31823
376 424 0.585217
376 427 4.8442
376 429 3.90031
378 390 -3.31536
378 408 -0.246493
378 441 -8.74338
379 386 -1.39593
379 391 3.00902
379 392 -1.09434
380 405 -2.58569
380 410 -0.326479
380 421 -12.6341
380 431 -3.10675
380 442 -3.10675
380 445 -6.75564
381 415 -0.241978
381 420 -10.696
382 417 -0.184875
383 442 -1.48379
383 444 0.104038
383 467 -2.48232
384 399 2.68611
384 406 -1.00226
384 418 -0.704796
384 422 -4.29621
385 387 -5.79612
385 394 -11.3607
385 440 -9.68249
386 391 -3.73241
386 398 -2.36822
387 440 -2.18405
388 404 -16.2918
389 396 -5.81029
390 408 -0.230433
390 409 -1.8471
391 392 -0.55042
391 398 7.37165
391 404 -0.566447
391 437 0.748809
391 447 4.16643
393 411 -4.41963
394 416 -1.88061
394 425 -6.73829
394 440 -0.147055
394 462 1.50475
395 402 -3.10675
396 430 0.162021
396 481 -10.1859
397 412 -1.27785
397 414 -8.33396
398 401 -0.533685
398 426 0.337766
398 433 4.28871
398 438 5.78406
398 447 5.88154
398 476 2.20745
398 492 3.57445
398 493 1.69086
398 505 0.0279319
398 507 7.73322
398 535 6.83045
398 553 2.31952
398 554 4.06251
398 568 2.21587
398 602 -4.46949
398 615 -2.92442
398 631 -4.14515
398 635 -0.056667
399 407 -2.02352
399 422 -3.20605
399 435 2.52745
399 446 -1.75131
399 467 2.0718
399 474 -3.10675
400 411 -2.10127
400 415 -0.210882
401 426 -1.81446
401 433 -3.31536
402 413 -0.491169
402 426 0.0907787
402 438 2.54334
402 448 1.88339
402 455 -0.37677
402 493 1.73196
402 503 5.23221
402 507 5.33276
403 412 1.3134
403 414 11.3703
403 417 0.100577
403 423 -12.4607
403 428 0.3518
403 452 -0.11712
403 456 -7.09435
403 465 -8.56409
403 472 1.78253
403 478 1.96795
403 488 -2.64699
403 501 -1.75131
403 512 3.01573
404 432 -1.44559
404 437 -3.3632
404 447 -0.238234
405 410 -1.13583
405 424 -0.444005
406 418 -0.0544849
406 467 -1.44559
407 435 -2.78039
407 474 -1.78253
408 409 -0.269167
408 439 0.00289288
408 441 -2.47197
408 450 -0.00110555
409 416 -2.10127
409 436 0.0368614
409 439 -0.0738069
409 450 0.0402205
410 421 0.652957
410 424 3.62978
410 427 3.94435
411 415 -5.33477
411 419 0.0381007
411 430 -0.0393283
411 443 0.212895
411 453 -0.517023
411 458 -20.0155
411 459 -1.32411
412 414 2.10127
412 423 -4.04293
413 428 -2.33664
413 448 -0.034288
414 423 -4.16282
414 457 -0.170722
414 465 -1.27785
414 472 3.31536
414 489 0.09734
414 499 -2.93164
414 501 -0.962998
414 512 3.57445
414 515 3.10675
414 517 -2.58569
415 420 -10.7753
415 459 -1.04226
416 425 -8.5956
416 436 -0.982543
416 451 -3.43706
416 464 -2.02352
417 428 0.142469
417 452 -0.0529956
417 456 -0.140801
418 422 -3.20605
418 434 -0.533685
418 467 -1.63282
419 430 -0.0416331
419 443 0.0190504
420 459 -5.80239
420 468 -5.05402
420 473 1.20033
420 475 -1.30083
420 520 -4.8442
420 526 7.58221
420 534 1.02216
420 564 7.01151
421 424 4.0253
421 431 -1.44559
421 445 1.04589
421 461 -0.592668
421 466 -0.00382588
422 434 -2.52745
422 446 -9.28032
424 427 1.47101
424 461 -0.397429
424 466 -0.00382588
424 469 3.95517
424 477 2.18405
425 451 -0.722426
425 462 -6.80434
425 471 -2.78039
426 438 3.71395
426 493 0.218601
427 429 2.85347
427 457 6.71574
427 477 4.51967
428 448 -2.78039
428 449 -2.24764
428 452 -0.0529958
428 456 -3.44416
430 443 -0.0126689
430 473 2.06754
430 481 -0.44748
430 504 -1.74167
431 445 -0.023346
432 437 -0.81228
432 440 -1.47101
432 460 -6.47042
434 446 -0.418426
434 467 -2.02352
435 474 -1.88061
436 439 -0.0594756
436 450 1.57687
436 464 -0.905358
437 447 6.07157
437 460 -8.40034
437 479 1.7961
437 505 0.231387
438 455 -0.155227
438 492 2.52743
438 493 0.661483
438 503 0.0402311
438 507 0.168656
439 441 -4.14515
439 450 -0.837479
440 460 -5.53733
440 462 -3.37168
440 482 -4.14515
441 450 -4.14515
441 454 0.0233459
441 475 -1.42058
442 444 -0.104038
442 445 -0.0389131
442 463 -3.01573
443 453 -1.66155
443 473 -1.70542
444 463 -6.29629
444 466 -1.81446
444 467 -4.72913
444 480 -3.49627
445 461 -0.296333
445 463 -1.78253
445 466 -2.14854
446 467 -8.69361
447 476 4.15734
447 505 0.0909052
447 535 0.113343
448 449 -2.85347
448 452 -0.167481
448 495 -2.41897
448 503 2.45408
449 452 -0.83062
450 454 -3.10675
450 464 -11.9231
450 470 -1.85125
450 475 0.149745
450 484 0.425205
450 486 0.16698
450 497 0.000653592
450 498 -0.0882469
450 500 0.27924
450 506 -0.040482
450 514 -0.0188515
450 542 -0.080964
451 464 -1.75131
451 471 -5.53733
452 478 -0.270028
452 495 -0.0877613
452 503 -0.645499
453 458 -0.163779
453 473 -2.10127
454 475 -1.88061
455 493 -0.7691
457 477 0.0835483
457 485 -4.90099
457 489 -1.7903
457 499 -0.483906
457 517 -5.63627
457 522 1.53102
457 527 -1.18877
457 560 -0.101792
458 459 -2.00271
458 468 -3.5535
458 473 -2.41897
459 468 -0.905358
460 479 -1.95015
460 482 -6.16218
461 466 -1.72077
461 469 -1.49646
462 471 1.48002
462 482 -1.10372
462 496 -0.924411
462 506 -0.00778178
463 466 -3.43706
464 470 -0.0700634
464 471 -0.337785
464 484 -4.20657
464 494 -0.81228
465 472 -0.982543
466 469 0.0728106
466 480 -3.28547
466 483 -7.16088
466 490 -0.677997
467 474 -4.14515
467 480 -1.39593
467 491 -2.58569
467 502 -4.8442
467 511 7.21025
467 513 1.12464
467 539 -3.69226
467 546 0.237842
468 473 -0.56779
469 477 6.21819
469 483 -0.758016
469 490 0.139393
471 487 -1.20825
471 494 -3.10675
471 506 -1.00226
471 508 -1.47731
473 504 -9.44885
473 520 -6.93845
473 564 5.57051
473 573 -1.69086
474 502 -2.14198
474 513 -4.8442
475 486 6.70265
475 541 -1.08306
477 483 -0.618144
477 485 -1.32411
477 490 0.139393
477 510 -1.78253
477 518 -0.00605827
477 522 6.45351
477 528 0.0865777
477 533 2.08341
477 544 0.6529
477 556 0.0589145
477 560 -0.101792
478 488 -1.08303
478 495 -0.81442
478 503 7.87324
479 482 -1.51884
479 505 0.0281779
479 524 0.205553
479 535 0.203201
480 490 0.917442
480 511 -0.584119
480 519 -9.28032
480 529 -1.80289
481 504 -11.3221
481 567 -1.23277
481 592 -2.58569
482 496 -0.136546
482 516 -4.36842
482 524 -0.316602
483 490 -3.96403
484 494 -1.69086
484 498 -0.0434033
485 522 -2.36822
486 497 0.000706709
486 500 0.967307
486 521 1.55131
486 541 -1.08306
486 542 -0.0805605
486 551 -2.02352
487 494 -1.95015
487 498 1.14578
487 508 -3.52841
488 503 -2.64699
488 509 -2.52745
488 512 -7.85993
489 499 -1.72077
490 510 -1.9706
490 518 0.583293
490 528 -0.00394338
490 529 -0.192721
491 511 -1.39593
492 493 0.147516
493 507 2.2463
494 498 -5.12982
495 503 -2.36822
496 506 -1.52308
496 516 0.386674
497 498 -0.641226
497 500 0.000435038
497 506 -0.01268
497 514 0.0328323
497 542 -0.0837943
498 506 -5.64339
498 508 -0.483906
498 514 -2.73855
499 517 -2.71175
500 514 0.000332873
500 521 1.15977
500 531 -1.14578
500 542 -1.21663
501 512 -2.41897
502 513 -1.84714
503 507 3.57445
503 509 1.52308
503 512 6.19113
503 537 1.07448
503 547 -1.66155
503 553 3.57445
503 568 4.62938
503 579 1.26659
503 586 -4.14515
503 600 -1.80896
504 564 -5.25152
504 567 -0.83062
504 575 -2.13019
505 524 0.107674
505 535 0.222396
506 508 -0.531384
506 514 -1.08599
506 516 -8.57661
506 523 1.37304
506 530 -2.65667
506 542 5.64376
506 552 -0.440648
506 572 -2.78039
506 577 0.362678
507 553 3.10675
508 530 -1.0705
509 512 3.41909
510 518 -1.39593
511 519 -7.77585
511 546 5.33864
512 515 1.54336
512 525 -0.0694303
512 532 -6.49793
512 536 2.71175
512 537 3.15619
512 547 -4.14515
513 539 -1.32411
514 542 -1.42743
515 517 -9.97346
515 525 -0.134488
515 537 0.898065
515 543 -0.156193
515 545 -2.5607
515 550 -0.223642
515 559 -0.650689
515 560 5.70395
515 561 -0.369897
515 593 -2.50426
515 597 0.533863
515 633 3.2314
516 523 -4.8442
516 524 -5.01252
516 552 -6.22622
517 522 -3.43706
517 527 -5.75657
517 540 -3.73241
517 560 -2.41897
518 528 -0.0766687
518 529 -0.0149503
518 533 -0.00757131
518 556 -0.00449844
518 560 2.39262
518 583 3.00371
518 584 -3.5984
518 605 1.8401
518 606 -0.0366556
518 636 0.0180398
519 529 -9.68249
519 546 -9.28032
519 571 -3.08398
519 581 -3.20605
519 596 -4.14515
520 526 -3.31536
520 538 -0.451047
520 573 -1.49683
521 531 -2.26383
521 542 -0.104953
521 551 -3.82828
521 558 -2.99754
521 563 -0.00971136
521 587 1.66872
521 594 -2.59557
521 607 -0.353819
522 533 0.80763
522 540 0.985865
522 544 1.46058
522 548 1.46441
522 555 -0.0952551
522 560 -0.428659
522 566 -0.0866242
523 552 -0.440648
524 535 1.97261
524 552 -1.81446
524 554 13.208
524 582 1.82254
525 532 -0.533685
525 537 -0.130115
526 538 -9.28032
526 564 3.64111
526 573 -1.26926
528 529 0
528 533 0.290189
529 549 -2.10866
529 571 -5.63921
529 584 -6.54381
529 591 -1.72797
529 596 -0.418426
529 606 -1.47264
529 620 -9.21913
529 627 -2.36822
529 639 -2.02352
529 658 0.544689
531 542 -2.58569
532 537 -4.97577
533 544 0.704708
533 555 -1.34859
533 556 1.84167
533 560 -0.59006
533 583 -0.891416
534 541 -4.43612
534 557 -4.43612
534 564 3.31536
534 565 -1.98633
534 576 0.038913
535 554 2.11881
536 537 2.47197
536 547 -1.78253
537 547 -9.97346
537 550 -0.836295
537 569 2.88416
537 570 -4.14515
537 579 2.41897
537 585 -4.8442
537 589 1.39723
537 590 -0.0638076
537 600 -0.569916
537 603 3.01573
538 573 -0.55042
539 546 -0.14824
539 598 -3.10675
540 548 0.0414204
540 560 -0.138101
540 566 -0.0359383
541 551 -0.200872
541 557 -0.0700634
541 558 0.577291
541 562 -0.669846
542 563 1.70289
542 577 0.831853
542 634 0.659042
542 637 -4.42847
542 650 -0.202692
543 545 0.312385
544 555 -0.0474957
544 560 -2.23335
545 550 -0.924411
545 561 -9.56842
545 570 -3.73241
545 590 2.52745
545 610 -5.3571
545 613 -1.1778
545 624 -0.163779
545 647 -0.431794
545 651 3.17717
545 656 4.65033
545 676 4.10589
545 677 2.16349
545 685 1.95015
545 694 3.22501
545 696 0.0734769
546 574 3.21427
546 581 3.19696
546 598 -3.43706
546 616 -1.47101
548 560 -0.565001
548 566 -0.271286
549 584 -8.25049
549 591 -1.44559
550 570 -0.226632
551 558 -0.401744
552 572 -1.00226
552 578 -5.02168
552 582 -2.77825
553 568 1.88061
554 582 2.99178
554 602 -5.10815
554 609 3.91844
554 611 1.81446
554 617 11.1781
554 634 1.11291
555 560 -2.41897
556 583 -0.767972
557 558 0.0707905
557 562 -3.31939
557 576 -2.27269
558 562 -3.42454
558 564 -3.43706
558 576 -1.75131
558 594 -4.01196
558 599 -0.916629
558 621 1.00606
559 561 -12.1164
559 580 -3.64655
559 593 0.302055
559 613 -0.399487
559 624 0.268692
559 626 -7.01151
559 647 -0.722426
559 654 0.068066
559 660 -0.0340329
560 566 4.78446
560 583 2.90928
560 584 0.00576681
560 605 6.94664
560 606 0.0182017
560 633 11.0397
560 636 2.7675
560 675 5.52461
560 690 4.50062
561 613 -0.369897
563 607 -4.73527
563 630 -1.12464
563 637 -2.69577
564 565 -2.64699
564 573 -1.3676
564 575 -0.141131
564 576 0.434708
564 588 -2.3642
564 601 1.79492
564 618 5.26551
564 621 -6.87411
564 625 2.10127
564 643 -2.85347
564 645 -4.41668
564 648 -6.12248
564 649 -4.02591
564 674 3.42709
564 688 -4.8442
564 720 -0.000451268
565 576 -1.78253
567 575 2.17726
567 592 0.0614091
568 586 -4.40529
568 600 -1.12212
568 623 11.0328
568 631 -4.4776
568 635 -0.284082
569 570 -0.601089
569 585 -2.14198
569 589 0.141947
569 590 -1.31278
570 590 -3.31536
572 577 -0.275728
572 578 -1.98633
572 595 -0.669846
573 588 3.48551
574 581 0.00384022
574 612 -6.53248e-05
574 614 -8.35456
574 616 -8.09387
574 640 5.58594
574 655 -6.46467
574 672 0.043612
574 683 0.224778
574 692 5.11447
574 703 -0.030011
574 739 -6.0051
574 757 -0.0337272
574 778 -1.26951
575 592 0.672775
575 601 -2.90694
577 595 -1.18877
577 608 -2.05135
577 634 -0.144623
578 582 -3.20605
578 595 -2.64699
579 586 -1.06254
579 600 -0.432528
580 593 -1.56369
580 626 -0.722426
581 596 1.44266
581 612 0.0909676
581 640 -0.000548568
582 595 -1.68033
582 608 -1.69086
582 617 2.14576
582 634 1.689
583 606 0.00445797
584 591 -1.72245
584 605 0.00107238
584 606 0.44643
584 636 0.0417709
585 589 -9.45578
586 600 -2.33871
587 594 -0.494148
589 590 0.527494
589 603 3.10675
589 610 -7.14891
589 646 -0.463534
589 651 7.58814
590 610 -5.64676
592 601 -13.3681
593 597 -6.32522
593 626 -2.58569
593 633 0.357663
593 664 0.178831
594 599 -1.32411
594 607 -7.3555
594 619 -3.31536
594 630 -1.44559
594 637 -2.52745
594 641 -1.72508
594 668 -5.19978
594 684 2.01188
594 689 -2.67996
594 726 -0.501399
595 608 -4.00985
596 612 0.0331927
596 627 -0.722426
597 604 0.932864
597 633 -0.0919417
598 616 -17.6884
599 619 -0.740165
599 621 -1.21064
600 603 -0.418426
600 623 -0.681967
600 629 -1.90862
600 632 -4.43612
601 669 -1.30671
601 688 -3.43706
601 706 -0.758016
602 609 -3.57445
602 622 -8.58127
602 635 -3.20605
602 638 -2.58569
602 642 -1.86642
603 632 -3.10675
603 646 -1.95015
604 633 0.0337385
605 606 0.17461
605 636 0.180511
606 620 0.251967
606 636 0.0603244
606 652 0.00628853
606 661 -1.98633
606 665 -0.226632
607 630 -2.27269
608 634 -11.0747
609 617 3.01573
609 638 -4.43612
610 651 -1.32523
611 617 3.10675
612 627 -8.85853
612 640 -3.75148
612 653 0.0544848
613 624 -4.05386
614 616 0.0158082
615 631 -1.44559
615 635 -2.85347
616 655 -0.747845
617 628 5.02168
617 634 4.00356
617 638 -4.8442
617 642 -6.06009
617 673 6.64995
617 717 2.16247
617 732 4.01915
617 741 2.11831
617 753 3.10843
617 756 0.293654
617 762 0.416786
617 768 1.59859
617 801 0.0472327
617 822 -0.0283397
617 846 0.609966
618 645 -2.93164
618 648 -2.52745
619 621 0.775982
619 641 -0.101248
619 644 -1.14578
620 657 -1.88061
620 658 -0.0389131
620 665 -3.10382
621 644 -3.66315
621 674 -12.1681
621 695 -0.0311278
622 638 -2.41897
622 642 -2.10127
623 629 -7.3555
623 631 -1.95015
623 635 -0.22173
623 667 3.35926
623 679 8.83994
624 647 -4.54674
625 648 -2.14198
626 654 -0.635286
626 664 -3.91844
627 639 -4.53658
627 653 -2.78039
628 634 1.66155
629 632 -3.53015
629 646 -2.22758
629 667 -2.25458
630 637 -2.48191
631 635 -3.43706
632 646 -2.52745
633 664 2.03433
633 690 2.9391
633 697 2.78039
633 698 3.68969
633 699 4.11395
633 700 1.06254
633 712 0.669846
633 715 1.16715
633 719 2.6495
633 723 4.65148
633 729 0.151437
634 650 -2.47197
634 659 -5.93295
634 662 -2.02352
634 673 5.93611
635 642 -3.73241
635 679 -0.0225517
636 652 7.26763
636 661 -2.78039
636 671 -0.289934
636 675 0.21503
636 691 -0.635286
637 650 -0.0176315
637 666 -0.568948
637 670 -5.13043
637 726 -3.43706
638 642 -4.99346
639 640 -3.57445
639 653 -0.517023
639 658 -9.73189
640 653 -0.802327
640 658 1.68877
640 672 0.346975
640 683 0.0869895
640 702 -1.48611
641 644 -15.8764
641 668 -3.57445
641 689 -5.9589
641 731 -2.37072
642 679 -8.41866
642 717 -4.8442
643 649 -0.376699
644 695 -3.20605
644 731 -3.01573
645 648 -11.2703
645 649 -3.61316
645 674 -5.39396
645 688 -1.06254
645 710 -0.749482
645 714 0.113316
645 724 -3.57445
646 651 -0.927068
646 667 0.148121
646 681 -1.63282
647 660 -2.51288
647 677 -0.437521
647 685 -0.443247
649 674 -2.27701
650 662 -3.87517
650 666 3.96032
650 673 -4.96651
650 708 0.164799
651 676 0.0401326
651 681 -3.01573
651 687 -4.31172
651 693 -2.02352
651 696 0.00947762
651 718 -2.93164
651 728 -2.52745
652 675 2.80648
652 691 -1.78253
652 701 1.81867
652 713 -1.42058
652 730 0.773311
652 749 -0.00518207
654 660 -2.16108
654 663 0.02111
654 664 0.00620333
654 678 0.00731827
654 680 0.283879
654 682 0.00344813
654 686 0.0217683
657 658 -1.11006
657 665 -2.57045
657 671 -3.53451
658 671 -7.04777
658 683 0.0933657
658 702 -5.7598
658 742 -3.20605
658 744 -6.80434
658 745 -1.49683
658 751 -3.10675
658 757 -0.483906
658 773 -3.43706
658 783 -1.63282
658 812 0.139484
658 821 -9.28032
658 824 -3.73241
658 841 -6.11094
658 858 1.12269
659 662 -0.0544849
659 673 -4.8442
660 680 -0.238325
660 685 -0.119162
661 665 -3.91844
661 671 -1.08303
662 673 -2.47197
663 664 0.0235691
663 678 0.0598658
663 682 0.0328016
663 686 0.117396
664 680 0.0717529
664 682 0.0852061
664 686 0.836938
664 697 0.139857
664 698 0.620752
664 700 2.32015
664 722 0.442185
664 763 -3.73241
664 776 1.38019
664 790 6.94987
664 797 2.21898
664 810 1.93888
664 819 0.375718
664 820 2.52015
665 671 -1.49781
666 670 -8.131
666 708 0.450581
666 726 -3.20605
666 741 -1.66155
667 679 0.952869
667 681 -21.1308
667 721 -4.8442
667 727 0.0131469
667 748 -0.00657332
668 689 0.038913
669 688 -0.116857
669 704 0.669846
669 706 -0.56723
671 691 -2.62147
671 716 -2.51594
671 742 -0.962998
671 743 -0.402198
671 744 -1.69086
672 683 0.471954
672 692 0.0128516
672 702 -0.124362
672 703 -0.0089997
673 707 -6.77856
673 708 -2.11544
673 741 0.870166
674 695 -0.867703
674 710 -1.52308
674 714 -1.57696
674 720 -0.00194795
674 725 0.105266
674 736 -3.57445
674 740 -4.8442
674 746 -1.39593
674 747 1.05658
674 760 -4.44194
675 690 2.93164
675 713 -3.10675
675 715 7.68527
675 730 0.385038
675 749 -0.00518207
676 694 1.51838
676 696 0.791465
677 685 1.62298
678 680 0.0556271
678 682 0.719807
678 686 0.0273395
679 705 -3.73241
679 711 2.41897
679 717 2.58569
679 721 -7.76038
679 737 3.41391
680 682 1.64028
680 685 4.20647
680 686 0.694767
680 722 1.79113
680 735 1.47081
680 809 -0.697769
680 819 0.378091
680 860 -5.71204
680 863 -7.45023
680 864 -5.94267
680 926 -2.64699
680 930 0.64149
681 693 -3.13857
681 709 -8.12302
681 727 -5.53733
682 686 0.283159
683 692 0.0732875
683 702 -0.299816
683 703 -0.0361567
683 738 -8.16853
683 745 -2.22758
684 726 -0.325456
685 694 0.673004
685 733 4.08707
685 735 5.33049
685 764 1.33556
685 780 -0.354531
685 809 -0.0149859
686 722 0.71849
686 819 0.494357
687 693 -0.148121
687 709 -2.78039
687 728 -1.44559
688 704 -0.274059
688 724 0.171969
689 726 -2.85347
689 731 -1.72077
690 715 8.94495
691 701 -2.14198
691 716 -0.722426
691 730 -2.64699
692 703 -0.0691993
692 739 -2.41897
693 709 -2.22758
694 696 0.285216
694 718 -2.68784
694 758 -4.85373
694 769 -0.179458
694 780 -0.759163
695 731 -3.57445
695 747 -1.98633
696 718 -0.0331468
697 698 0.582744
697 700 0.353819
698 729 0.211878
698 763 -0.618144
699 712 1.9901
699 729 1.50221
699 734 2.23555
700 820 0.355593
701 713 -4.68701
701 730 0.383092
701 749 -0.00518207
703 738 -3.91844
703 739 -0.353819
704 706 -6.57801
704 724 -8.8994
704 759 -2.52745
704 765 -9.9612
705 711 -5.53733
705 717 -4.43612
705 737 -6.6637
706 765 -2.36822
707 708 -1.88061
707 741 -2.9198
708 741 -4.99658
709 727 -0.740165
709 728 -7.09912
710 714 -0.783162
710 724 0.280945
710 746 -0.451047
711 737 2.02352
712 719 1.7907
712 729 0.413029
713 730 -5.63387
715 723 5.18371
715 730 2.21897
715 749 -0.0152037
715 750 6.89063
715 754 5.91625
715 773 -2.93164
715 782 1.5613
715 811 -0.132595
716 730 -5.82399
716 743 0.0966558
717 732 2.63424
717 737 3.91844
717 789 -2.85347
717 808 0.0730049
717 822 -0.0118134
717 846 5.53296
717 850 -0.0365025
717 866 -2.58569
717 873 -0.962998
717 892 -2.93164
717 901 0.886457
717 925 -3.10675
717 927 2.96018
717 933 -7.9217
718 728 -18.9136
718 748 -1.35764
718 758 -16.3015
718 787 -5.48769
718 795 -0.953746
719 723 2.36822
719 729 1.43922
720 736 -2.70817
720 740 -2.18405
721 737 -3.57445
721 748 -8.58127
723 729 5.0569
723 754 4.47446
724 746 -1.52308
724 752 -4.14515
724 765 -9.97346
724 767 -4.14515
725 740 -11.9687
725 747 0.982738
725 771 -0.517023
725 779 0.118772
726 731 -0.0016896
726 741 1.8925
726 761 0.0328393
726 774 3.0504
726 781 -2.93164
726 785 -3.53588
726 800 -3.3546
726 815 0.731919
727 728 -10.3815
727 748 -1.42985
728 748 -1.91493
729 734 0.303259
729 754 0.601089
729 763 -2.06181
729 790 2.30091
729 797 4.783
730 743 -4.00959
730 749 -0.786832
730 755 -4.82682
730 773 -11.0058
731 747 3.76289
731 781 -4.8442
731 785 0.0068803
732 768 6.91475
732 822 -0.115671
732 846 2.13494
732 867 0.160838
733 735 0.00148067
733 764 1.47911
733 809 -0.0040705
735 764 0.348617
735 809 -0.112289
736 740 -1.42058
736 760 -4.46949
736 766 -0.303855
736 771 0.436136
736 791 -1.08303
737 748 3.60362
737 789 -21.6854
737 802 -1.37165
737 808 2.31952
737 818 -0.0800776
738 739 -1.75131
738 745 -1.30083
738 757 -6.94013
739 757 -0.618144
741 756 0.958984
741 761 0.0327809
741 774 5.02538
741 775 -0.722426
741 786 -0.176225
741 801 0.0294856
742 743 -0.321795
742 744 -1.60463
742 751 -0.601089
743 751 -3.46632
743 755 -2.11571
743 770 -0.906934
743 773 -0.601089
745 757 -0.584119
746 752 -0.0599555
746 760 0.119911
747 772 3.16901
747 779 1.84915
747 781 -2.64699
747 785 0.710532
747 792 -2.71937
747 796 0.163767
748 787 -4.14515
748 795 1.21065
748 802 -1.95015
748 818 -0.143835
749 755 0.0315811
750 754 2.36822
751 770 -0.467445
751 773 0.369897
752 760 -0.864077
752 767 -0.81228
753 756 0.342815
753 762 0.17936
754 782 0.136686
754 797 5.66502
754 811 -0.33235
754 827 1.21227
754 843 0.0111559
754 848 -0.00698286
754 874 0.295143
756 762 0.278863
756 768 0.0705712
756 775 -0.128139
756 794 -0.669846
756 801 0.153565
756 805 0.07666
757 777 -1.68646
757 778 0.272553
757 783 0.209555
757 816 -4.24586
758 769 -19.1969
758 795 -1.09232
759 765 -2.20339
759 784 -0.351664
760 766 -0.0856503
760 767 -3.17405
760 791 -4.43612
760 798 -1.79117
761 774 0.131241
761 786 -0.355216
761 793 -0.151048
762 768 4.19169
762 805 0.0723794
762 822 -0.0118978
763 790 -1.54979
764 780 -1.95562
764 799 -7.14838
764 809 0.0415981
764 840 -2.22758
764 851 -0.56723
765 767 0.687271
765 784 4.32846
765 788 3.61337
765 804 -15.7976
765 870 -3.43706
765 920 -3.8149
766 791 -3.91844
767 798 -0.116857
767 804 -8.41866
767 813 -4.8442
768 801 0.00624302
768 805 1.0333
768 807 1.64494
768 822 -0.487829
768 846 1.03375
768 849 -4.7683
768 861 4.5593
768 862 -0.00778178
768 867 0.150138
768 872 0.0334756
768 891 4.34137
769 780 -4.8442
769 795 1.0958
769 799 -17.2882
770 773 -1.75131
771 779 -3.91323
771 791 -4.05907
771 792 -6.23796
771 817 -10.3464
771 829 -0.704796
771 831 1.47101
772 785 0.148121
772 792 -1.57696
772 796 0.937839
772 814 0.621823
772 825 -0.835575
773 782 -4.92387
773 803 -10.3269
773 812 -10.2695
774 775 -2.47197
774 786 -3.59957
774 793 -0.725707
774 794 -3.10675
774 801 0.0294856
774 805 0.0599576
774 815 1.35043
774 826 3.00893
774 861 3.64121
774 876 -0.358233
774 879 -5.03961
774 882 -0.714334
774 890 0.152401
774 902 -0.420104
774 914 1.23797
775 794 -1.12464
776 819 0.132257
776 820 0.232463
776 898 -7.45501
776 945 -3.31536
776 1001 -1.39593
776 1004 -0.310145
777 783 -0.209555
777 816 -3.7059
778 816 -3.01573
778 828 -0.517023
778 839 -0.116857
779 792 -3.73241
780 799 0.0700632
781 785 -5.57999
782 803 0.305845
782 811 -2.96118
783 816 -1.32411
783 821 -0.488224
785 800 -0.867703
785 806 -1.14578
785 825 -0.500431
787 795 -5.03721
788 804 -4.35258
789 808 -18.0423
790 797 9.4519
791 798 -0.106813
791 813 -3.91844
791 831 -9.63345
791 859 -0.195158
791 883 -1.52308
791 886 -0.740165
792 796 -1.42058
792 814 -1.98633
792 829 -0.242411
792 837 -6.94547
792 855 -1.16715
794 801 -0.635286
795 799 -1.34772
795 802 -1.39303
795 818 -0.138603
795 830 3.04013
795 835 -7.95648
797 810 2.10448
797 820 0.494578
797 823 9.39631
797 827 7.79514
797 842 7.71961
797 874 0.338711
797 885 -1.44659
797 887 6.247
797 910 -0.0520738
797 917 -3.48151
797 918 -0.962998
798 813 -3.05313
799 830 -0.886457
799 851 -4.14515
799 854 -6.62102
800 806 0.047331
800 815 -2.4377
801 805 -0.000633137
801 861 0.00312161
802 818 -1.01946
803 811 -3.73241
803 812 -0.023346
803 845 -3.32621
804 813 2.68425
804 836 2.1371
804 865 -0.764435
804 870 2.36822
804 889 -12.7711
804 920 -4.40749
805 822 -0.0117258
805 861 0.344335
805 882 -0.0419188
805 890 0.0616788
806 815 -0.1893
806 825 -0.0473191
807 822 -0.148045
807 846 0.179304
807 872 0.0306115
808 818 -1.08303
808 832 -8.15956
808 834 -2.32009
808 847 0.392929
808 850 -0.0684526
808 853 1.67416
809 838 1.32411
809 840 -1.39593
809 863 -1.91493
810 820 0.743223
811 844 -1.61619
811 845 0.231535
811 848 -0.821607
811 852 -0.547523
812 841 -2.5649
812 845 -0.704796
812 858 1.57696
812 878 -3.58489
812 896 -2.10127
813 836 0.323694
813 859 -0.0700634
814 825 -0.242387
814 833 -0.573012
814 837 -0.386023
815 825 0.258948
815 826 2.52648
816 821 -0.849093
816 824 -5.66722
816 839 -1.00226
816 856 -1.81446
817 829 -2.22758
817 831 -5.53733
818 830 0.440889
818 834 -5.30169
818 835 -9.602
818 847 -0.724006
818 868 -2.41897
818 877 -11.357
818 880 0.699853
818 894 0.284842
818 895 0.0520954
819 820 0.624798
819 864 -2.27269
819 898 -8.448
819 907 0.101247
820 898 -0.118258
820 917 -4.43612
820 918 -0.418426
820 945 -3.20605
820 1004 -5.46081
820 1005 -2.36452
820 1067 -1.78253
820 1072 -1.22065
820 1098 -1.72077
821 824 5.26286
822 846 -0.637622
822 861 -0.0477661
822 862 1.49012e-08
822 867 -1.85531
822 872 -1.32942
822 891 -0.0477661
824 856 -1.75131
824 858 -7.2338
824 908 -7.58221
825 826 0.932947
825 833 -0.307978
825 875 -0.274059
825 876 -1.33739
825 884 -0.116857
826 876 -2.30585
827 843 0.0306408
827 848 -1.76265
827 869 -0.127338
827 874 0.513819
827 910 -0.458014
827 911 -2.31946
828 839 -1.12464
828 856 -2.89158
828 919 -2.64508
829 831 -7.62247
829 855 -2.71175
829 857 -1.96569
829 871 0.240748
829 881 -0.00488673
829 905 -3.47324
829 923 -0.321795
830 835 -5.60327
830 854 0.228625
830 880 0.174393
830 897 -0.402198
831 886 -1.54979
831 899 -0.205307
831 923 -3.10675
831 929 -3.10675
832 850 -4.10982
832 853 -3.8181
833 837 0.158942
833 855 -3.53906
833 884 2.10573
833 900 1.9036
833 902 1.98633
833 938 -2.27269
833 947 -2.64699
833 971 -0.369897
834 847 -0.226632
836 859 -7.67699
836 865 -1.64381
837 855 -0.0265182
838 840 -6.75652
838 854 -0.215538
838 863 -20.7218
838 904 -0.305845
838 906 -1.18571
838 934 -1.78253
839 856 -0.83062
840 851 -9.97346
840 854 1.07052
841 858 -10.7672
843 848 -0.0260112
843 869 -0.0226157
843 874 0.0591353
843 910 -0.0193856
843 911 -0.00594708
844 845 -0.231535
844 852 -7.16946
844 878 -3.57445
844 888 -2.44795
844 893 -2.29837
844 922 -0.0109941
844 931 0.605241
844 940 -2.07509
845 878 -1.15674
845 888 -0.226632
846 867 4.04805
846 927 1.36975
846 933 -4.51953
846 951 1.59738
846 972 3.40214
846 984 1.3281
846 1013 -1.52047
847 853 0.259391
847 868 -0.116857
848 852 -5.0569
848 893 -1.02499
848 911 -1.32411
848 922 -2.31952
848 936 -3.14484
850 853 -0.697742
850 866 -2.31952
850 903 -0.924642
851 854 -21.3281
852 893 -1.02216
853 868 -4.60059
853 894 2.36064
853 903 3.82855
854 880 1.39593
854 897 -1.04226
854 916 -3.16282
854 934 -3.31536
854 939 -1.11442
854 953 0.527366
854 954 -2.85347
854 956 1.46198
854 968 -0.832729
855 857 -0.55042
855 881 -1.52308
855 900 -0.418426
856 908 -1.27785
856 919 -2.47197
857 871 -0.0682146
857 881 -0.00494821
858 896 -3.73241
858 908 7.45058e-09
858 912 -2.18405
858 943 -6.06397
858 946 -2.52275
858 949 -0.940681
858 965 -1.52308
858 970 -4.82752
858 991 -8.48767
858 1016 -1.14578
858 1034 -2.10127
858 1054 0.290061
858 1063 -3.20605
858 1073 -1.95015
858 1080 -0.500431
858 1085 0.969921
858 1107 0.00740881
858 1121 -0.625299
859 865 -0.202544
859 883 -9.40216
859 913 0.418426
859 937 -0.305845
860 863 -0.0544849
861 879 -0.0209498
861 882 -0.0421551
861 890 0.164786
861 891 2.70972
861 958 -3.195
862 872 0
862 891 -2.10127
863 906 -2.34275
863 926 -6.90809
864 907 -1.47101
864 930 -8.15956
864 988 -2.93164
864 989 -7.07178
865 889 -2.82925
865 913 -5.09452
866 873 -1.91493
866 903 -4.8442
867 872 2.11525
867 891 2.04436
867 915 -5.66734
867 951 2.49599
867 983 0.752584
867 1027 -3.91844
868 894 -5.0348
869 874 -1.13863
869 910 0.127248
869 911 0.0323405
870 920 -0.55042
871 881 -0.00983495
872 891 0.0345717
873 892 -1.39593
873 901 -0.117992
873 903 -0.0589957
874 885 -4.68801
874 910 -0.933791
874 935 0.478697
875 876 -3.14134
876 884 -5.10068
876 902 -4.95517
877 880 -0.687271
877 895 -4.8442
877 909 -4.8442
878 888 -0.56723
878 896 -3.31184
878 931 -2.18405
878 942 -1.49683
879 882 0.405685
879 890 1.42454
879 914 -1.00226
879 924 -9.78375
880 897 -3.12765
880 909 -0.451047
880 916 -3.07191
881 900 -2.78039
881 905 -0.584119
882 890 -0.345823
883 886 -3.53841
883 937 -6.6431
883 963 -1.51066
884 902 2.30278
885 887 -1.76177
885 918 0.0426309
885 935 -1.51717
885 957 -0.0319361
886 899 -1.10317
886 963 -0.139214
887 918 -0.652519
889 913 2.14179
889 920 0.00259391
889 941 -2.40361
890 924 -5.17253
890 958 -3.31319
890 997 -4.89634
890 998 -1.06881
891 915 -7.78186
891 958 -0.0147563
891 982 0.350414
891 983 2.35193
892 901 -2.71175
893 922 -1.02216
894 895 0.0520954
894 903 3.7312
894 921 -3.20605
894 932 -0.296696
894 952 1.91493
894 959 -0.500431
894 973 -3.10675
894 980 -2.78264
895 909 0.331292
895 921 -4.43612
895 928 -7.47816
895 932 -0.884254
895 977 -4.20878
895 1003 -2.76971
895 1010 -2.64699
895 1024 -0.0389131
896 912 -0.740165
896 942 -1.27785
898 907 -1.00113
898 1001 -3.57445
898 1026 -1.57248
898 1077 -1.75131
899 929 -2.36822
899 944 0.0166638
899 960 0.600488
899 963 0.278513
899 986 -0.00964034
900 905 -0.924411
900 938 -3.5966
901 903 6.09487
901 925 -4.24849
902 914 -1.42237
902 947 -5.19951
902 981 -4.8442
902 994 -1.27942
902 995 2.84629
902 996 -3.43706
902 997 -2.22758
902 1011 -0.195158
902 1022 -0.367194
902 1023 -3.91844
902 1028 -0.0622811
903 925 -2.31952
903 972 3.20604
903 980 -1.88061
903 987 -3.01573
903 999 -1.30083
903 1009 -3.01573
903 1018 0.0807045
903 1019 -5.71644
903 1040 -3.21965
904 906 -1.10372
904 934 -4.8442
904 953 -0.337785
904 954 -4.14515
905 923 -3.43706
905 938 -0.886457
906 926 -0.618144
906 954 -3.20532
906 955 0.905357
907 989 -3.31763
907 1026 -3.57445
907 1090 -3.20605
907 1097 -0.0856503
908 919 0.0218116
908 949 -0.0375332
908 991 -0.0110363
909 916 -0.687271
909 928 -0.0627012
910 911 0.0630126
910 935 -2.85127
910 948 -6.05308
910 978 -0.258219
911 936 -2.27269
911 948 -0.886457
912 942 -1.72077
912 943 -1.90162
913 937 -2.41897
913 941 -3.44698
913 967 2.31952
913 976 -3.36264
914 997 -0.116857
915 983 -0.596529
916 928 -10.5993
916 954 -0.0389131
916 956 -1.09689
916 1010 -0.758016
917 918 -2.93164
918 935 0.274555
918 957 -0.0049228
918 1005 0.0675979
918 1015 0.476744
918 1047 -0.32088
919 949 -1.01678
919 966 -4.82405
919 991 -7.08506
919 1054 1.60193
919 1064 -5.90104
919 1074 -1.75131
919 1086 -2.36822
919 1113 -2.27269
920 941 -1.50681
920 950 -0.251753
920 975 -1.66155
920 1036 -5.53733
921 932 -6.03746
922 936 -0.632786
922 940 0.463338
922 961 -0.679888
922 962 -2.21891
922 1002 -3.43706
922 1007 -0.943623
922 1021 -2.04603
923 929 0.420096
923 938 -2.02037
923 944 -2.01303
923 960 -5.98998
923 971 -5.99342
923 1014 -1.71323
925 933 -1.11957
925 972 -4.43612
926 930 -1.30083
926 955 -2.02352
926 969 -1.88061
926 985 1.72077
927 933 -0.867703
929 944 -0.366192
930 969 -1.57539
930 988 -0.294361
930 992 0.588722
930 1000 -0.101248
931 940 -3.72084
931 942 -4.62662
931 970 -0.00778178
931 974 -0.023346
931 1012 -2.0248
932 952 -0.704458
932 959 -6.12508
932 964 -0.201453
932 977 0.213743
932 993 -0.0064141
933 972 -20.2474
934 953 -1.2406
935 957 1.4733
935 978 1.63286
935 1006 2.00835
935 1015 2.02157
935 1043 0.0778208
935 1047 -0.0822932
935 1056 -0.0630573
936 948 0.867703
936 961 -2.47197
937 963 -0.55042
937 967 -1.84662
938 971 -0.305845
939 956 -0.0804516
940 962 -3.81705
940 990 -2.27269
940 1012 -3.12297
941 950 0.393892
941 975 -5.84714
941 976 -7.33331
941 1017 -1.37165
941 1036 -3.10675
942 943 -1.72077
942 970 -2.70331
942 974 -0.652519
942 979 -1.37165
943 946 -0.274059
943 965 -0.158016
943 970 -1.11759e-07
944 960 0.21938
947 971 -0.982543
947 981 -0.148121
948 961 -4.49368
948 978 -0.0379685
948 1002 -0.467445
948 1006 -0.728456
949 991 1.28407
949 1054 -0.520615
951 983 0.495564
951 984 0.686676
951 1027 -1.44559
952 959 -5.03161
952 964 -0.163662
952 973 -17.2207
952 977 -1.27882
952 993 2.88715
952 1020 -0.0157009
953 954 -5.71292
953 968 -4.50288
954 955 -14.0436
954 1010 -15.8453
954 1042 0.270508
954 1066 0.270508
955 985 -10.7588
955 1025 -3.61196
955 1042 -4.43612
957 1005 -0.00878879
957 1015 0.0348513
958 982 3.05866
958 984 0.389772
958 997 -0.289753
958 998 -4.92238
958 1139 -1.48146
958 1140 -2.93164
958 1169 -1.69086
958 1175 -0.66241
960 971 -5.18995
960 986 -0.009815
960 1008 0.223295
960 1033 -4.42956
960 1044 0.434708
960 1087 -2.59075
960 1110 -2.27269
960 1123 -3.43706
960 1128 -1.63282
961 1002 -2.64699
962 990 -1.34772
962 1007 -0.618144
963 967 -1.94686
963 986 -0.0148617
963 1008 0.879105
964 977 -0.284443
967 976 -7.35547
967 1008 -2.52745
967 1030 -4.63119
967 1032 1.82336
969 985 -4.09113
969 1000 -5.20022
969 1025 -0.716711
969 1042 -1.14578
970 974 -0.150286
970 979 0.195257
970 1012 -1.47101
970 1031 -1.98633
970 1034 -1.62325
970 1057 -3.43706
971 981 -2.85799
971 1014 -6.19273
971 1037 -1.13772
971 1045 0.0623722
971 1075 -1.21064
971 1081 2.3408
971 1087 -0.0446966
972 1013 -4.19724
972 1018 3.01573
972 1046 -5.31767
972 1058 2.76786
972 1061 -2.02352
973 980 -4.53263
973 993 -3.57445
973 1029 -3.88997
973 1050 -6.09575
974 979 -0.024266
975 1036 -3.31536
976 1017 -0.337785
976 1032 -3.18463
976 1036 -0.101248
977 993 -0.00709603
977 1003 0.918514
977 1020 -3.43706
978 1006 0.951692
980 987 -0.98563
980 1029 3.23592
981 1011 -3.73241
981 1037 -2.41897
982 983 0.167877
982 984 2.29695
982 997 -0.401209
982 1035 -6.50413
983 1035 -5.37026
984 997 -0.124535
984 1013 -5.07451
984 1027 -3.57445
984 1035 -11.6527
984 1084 -1.84898
984 1131 -0.775982
984 1135 -1.052
984 1136 -5.06857
984 1140 -4.14515
984 1146 -4.18859
984 1170 0.295733
984 1175 -0.776688
984 1204 -4.8442
985 1025 1.47101
986 1008 -0.0300727
987 999 -0.943623
987 1029 -0.500431
988 989 -12.6855
988 992 -6.50056
988 1041 1.84714
989 1041 -11.4613
989 1090 -0.81228
990 1007 -1.10372
990 1012 -1.69086
991 1016 -0.619318
991 1054 -2.97178
992 1000 -5.0638
992 1041 -2.98591
992 1042 -2.36822
992 1053 1.37165
993 1020 -2.98497
993 1050 -1.04226
993 1078 -0.704796
993 1083 -1.81446
993 1089 -0.724642
993 1095 -3.43706
994 995 -0.369897
994 1028 -0.220315
995 996 -2.06181
995 1022 -0.183679
995 1028 -0.0247929
996 1022 -0.849093
996 1023 -1.14578
996 1038 -1.98633
997 998 -2.55194
997 1023 -2.58569
997 1051 -1.37464
997 1094 -0.189582
997 1125 -1.10372
997 1129 -1.88061
997 1139 0.386621
997 1140 -3.20622
997 1160 -3.01573
999 1009 -8.39081
999 1029 1.00226
1000 1042 0.274059
1001 1004 -3.88913
1001 1071 -1.57696
1001 1077 -3.01573
1002 1006 -0.55042
1002 1021 -3.31536
1002 1048 -0.886457
1002 1049 -0.305845
1003 1020 -13.1682
1003 1024 -1.02216
1003 1052 1.04226
1003 1062 -2.18405
1004 1071 -0.305845
1004 1098 -13.0302
1004 1111 -5.00465
1004 1145 -3.31536
1004 1173 -2.58569
1004 1186 -4.8442
1005 1047 -0.0383779
1005 1067 -2.71175
1006 1043 0.619732
1006 1048 -13.1007
1006 1091 0.353819
1006 1120 -1.84714
1007 1012 -1.02216
1007 1021 -4.64854
1008 1030 -1.88061
1008 1033 -0.462189
1008 1044 0.461026
1009 1019 -7.67945
1009 1029 -5.70097
1009 1088 -3.01573
1010 1024 -3.20311
1010 1066 -3.97889
1011 1028 -0.353819
1011 1037 -0.274059
1012 1021 -2.71175
1012 1031 -2.02352
1012 1057 -3.4619
1012 1068 -2.71175
1013 1039 0.923989
1013 1058 -4.14515
1013 1084 -3.09845
1013 1100 -5.25236
1013 1119 -0.210882
1014 1045 -0.00778178
1015 1043 0.0201852
1015 1047 -1.98981
1015 1056 -0.0342394
1015 1059 -2.27269
1017 1036 -5.19978
1018 1040 -0.32282
1018 1046 -5.24353
1019 1040 -1.15859
1019 1088 -1.34772
1020 1052 -1.78253
1020 1070 -0.849093
1020 1078 -1.39593
1021 1048 1.06254
1021 1049 -1.42058
1021 1065 -6.40372
1021 1068 -5.69244
1021 1079 -2.64699
1021 1082 -3.57445
1021 1109 -0.517023
1022 1028 0.0126143
1022 1038 -0.0389131
1022 1055 -0.618144
1023 1038 -2.52745
1023 1051 -3.73241
1023 1076 -1.66155
1024 1062 -4.8442
1024 1066 0.56723
1025 1042 -1.98633
1026 1077 -3.9896
1026 1097 -3.6109
1026 1145 -2.31952
1027 1035 -1.72077
1028 1037 -2.04642
1028 1055 -4.23829
1028 1069 -0.434708
1028 1076 0.177858
1028 1096 -3.01573
1028 1114 -2.93164
1029 1050 3.89573
1029 1088 -0.132481
1029 1115 -1.95015
1030 1032 -0.168954
1030 1044 -6.4117
1030 1093 -0.159046
1030 1110 -0.56723
1030 1118 -2.77049
1031 1057 -2.93164
1032 1036 7.70866
1032 1093 -1.99029
1033 1044 -3.04204
1034 1060 -2.27269
1034 1063 -0.0544849
1036 1093 -2.31952
1036 1149 0.905357
1037 1069 -1.06254
1037 1081 -3.70709
1037 1096 -0.758016
1038 1055 -2.41897
1038 1076 -1.22542
1040 1046 0.726836
1040 1088 -4.00011
1040 1101 0.0243325
1040 1117 -4.29436
1040 1147 -0.0661123
1041 1053 -3.88656
1041 1090 -4.8442
1041 1102 -4.43612
1041 1103 1.21064
1041 1104 -4.8442
1042 1053 -5.35699
1042 1062 -5.41663
1042 1066 3.20141
1042 1102 -8.39081
1042 1127 1.52373
1042 1137 1.98633
1042 1145 7.57592
1042 1185 -0.110888
1042 1189 -2.93164
1042 1218 -0.270784
1043 1056 -0.648012
1043 1105 -0.886457
1043 1120 -2.31952
1044 1110 -0.96807
1046 1061 0.277103
1046 1116 -2.10127
1046 1117 -4.7913
1047 1059 -1.32411
1047 1067 -2.64699
1048 1049 -0.841311
1048 1082 -3.10675
1048 1091 -2.64699
1048 1092 0.0233459
1050 1095 -1.60463
1050 1108 -1.46724
1050 1115 -5.30731
1050 1124 -2.56957
1051 1076 -1.54064
1051 1129 -1.49683
1052 1062 -12.5172
1052 1070 -13.2847
1052 1127 -0.0446333
1052 1137 -0.0813976
1053 1102 -1.37165
1054 1080 -0.849093
1054 1086 -2.22758
1055 1076 -0.355713
1056 1059 -7.8785
1056 1105 -4.6571
1057 1060 -1.81446
1057 1068 -6.04642
1057 1106 -4.14515
1058 1061 -3.91844
1058 1084 3.1698
1058 1100 -2.13077
1058 1119 -3.43706
1058 1132 -0.182813
1058 1151 -2.85347
1058 1166 1.6294
1058 1215 -0.776612
1058 1216 -1.98633
1059 1067 -0.0700634
1059 1099 -8.36437
1059 1105 1.10372
1060 1063 -2.45811
1060 1106 -1.95015
1061 1116 -4.07234
1061 1132 -1.06254
1062 1066 -13.2912
1062 1137 -0.905358
1063 1073 -2.74293
1063 1106 -2.14198
1063 1107 -1.02216
1063 1112 -3.43706
1064 1074 -0.00778178
1064 1113 -1.60463
1065 1079 -0.533685
1065 1082 -0.00778178
1067 1072 -9.68249
1067 1099 -12.4111
1067 1142 -0.905358
1067 1158 -10.0734
1067 1164 -0.621715
1068 1079 -1.30083
1068 1082 -3.10675
1068 1106 -12.1511
1068 1109 -12.3047
1069 1096 -5.75657
1070 1078 -1.46254
1070 1127 -3.57445
1071 1077 -4.14515
1071 1111 -0.962998
1072 1098 -5.35199
1072 1158 -0.116857
1073 1107 -1.78253
1074 1086 -1.95015
1074 1113 -0.132481
1075 1081 -1.27785
1075 1087 -0.893505
1076 1114 -3.64823
1076 1129 1.12464
1077 1111 -4.14515
1077 1145 0.369897
1078 1083 -0.558647
1078 1127 0.369897
1079 1082 -1.60463
1079 1109 -2.06181
1080 1085 -0.722426
1080 1086 -2.41897
1081 1087 -2.28855
1081 1096 -1.78253
1081 1128 -3.57445
1081 1134 3.15838
1081 1159 -0.242411
1082 1092 -4.24586
1082 1106 -0.152125
1082 1148 -0.500143
1083 1089 -3.01573
1083 1127 -4.43612
1083 1153 -0.669846
1084 1119 -0.0856503
1084 1135 0.0325341
1084 1136 1.54147
1084 1161 -9.68249
1084 1176 -5.53733
1084 1199 -5.53733
1084 1216 -6.16883
1085 1086 -4.43612
1085 1121 -1.68286
1085 1130 -1.34772
1086 1113 -4.31837
1086 1121 -3.91844
1087 1123 -1.85379
1087 1128 -1.81446
1088 1115 -5.39413
1088 1126 -0.0389131
1088 1141 -10.2047
1088 1147 -4.62668
1088 1210 -7.18927
1089 1095 -7.15014
1089 1108 -1.02216
1089 1153 -0.023346
1089 1162 -3.91844
1090 1097 -1.95015
1090 1104 0.794069
1091 1092 -1.65922
1091 1120 -6.79436
1092 1120 -3.10675
1092 1148 -2.63736
1093 1118 0.657553
1093 1122 -7.70935
1093 1149 -1.95015
1094 1125 -0.337785
1094 1139 -0.791779
1095 1108 -4.71842
1096 1114 -22.8872
1096 1134 -1.57696
1096 1138 -3.37641
1097 1104 -5.90421
1097 1145 -0.533685
1098 1158 -3.31536
1098 1173 -1.04226
1099 1105 -3.31536
1099 1142 -0.982543
1100 1119 -1.81824
1101 1117 -0.0104151
1101 1147 -1.77876
1101 1152 -7.72139
1101 1205 0.0661992
1101 1210 -0.625641
1102 1103 -3.76207
1102 1145 -4.8442
1103 1104 -11.235
1103 1145 0.56723
1104 1145 -7.95095
1105 1120 -1.74946
1105 1142 -1.81154
1105 1157 -4.4615
1106 1112 2.59109
1106 1121 0.0255191
1106 1148 2.66085
1106 1167 -5.11896
1106 1179 -2.11599
1106 1190 -3.73241
1107 1112 1.44233
1107 1121 0.122926
1108 1124 0.0784756
1108 1162 -1.42058
1108 1182 -1.78253
1110 1118 -1.02216
1110 1128 -0.924103
1111 1145 -2.58569
1112 1121 2.35142
1112 1154 -2.84924
1112 1167 -3.20605
1112 1180 -4.73055
1112 1188 -3.20605
1112 1194 -4.43612
1112 1198 -3.91844
1113 1121 -0.81228
1113 1155 -2.47197
1113 1156 -1.00226
1113 1172 -6.96357
1114 1129 -0.962998
1114 1133 -3.38077
1114 1134 -3.12178
1114 1138 -1.69086
1114 1160 -8.64408
1114 1165 -1.34764
1114 1212 -2.78264
1115 1124 0
1115 1126 -4.40917
1115 1141 0.00778166
1115 1143 0
1116 1117 1.23277
1116 1132 0.511749
1116 1144 -2.53817
1116 1150 -3.91844
1116 1151 -3.73241
1116 1166 -2.08731
1116 1205 6.58206
1116 1215 0.233698
1116 1216 -0.652519
1117 1144 -2.20266
1117 1150 -0.982543
1118 1122 -11.208
1118 1128 -3.84434
1118 1149 -1.26791
1118 1168 1.08764
1118 1177 -3.31536
1118 1191 -0.723118
1118 1208 -1.00433
1118 1209 -1.91493
1118 1211 0.824677
1120 1148 -8.98936
1120 1157 -2.58569
1120 1174 -0.402198
1121 1130 -1.07869
1121 1154 -1.39785
1121 1155 -1.44559
1122 1149 -1.14578
1123 1128 -0.905358
1124 1126 -5.85304
1124 1143 -0.720588
1124 1182 -2.85347
1125 1139 -3.20605
1125 1140 -0.687271
1126 1141 -7.55595
1126 1143 -7.86946
1126 1182 -7.29654
1126 1210 -2.78039
1127 1137 5.45435
1127 1145 0.172268
1127 1153 -3.10675
1127 1163 -8.28126
1127 1183 -1.08303
1127 1202 -16.0509
1127 1218 -0.441898
1128 1159 -11.4749
1128 1177 -4.8442
1128 1193 -6.46069
1128 1201 0.109081
1128 1212 -1.98633
1129 1133 -4.98216
1129 1160 -11.8535
1131 1135 0.25254
1131 1146 -0.00052802
1132 1151 -1.12464
1132 1166 -0.50014
1132 1215 0.047247
1133 1160 -5.53733
1134 1138 -1.97144
1134 1159 -2.89548
1134 1165 -2.47472
1134 1178 -7.27601
1134 1212 1.54979
1135 1136 0.238135
1135 1146 -1.46014
1135 1161 -2.02352
1135 1170 -0.0280525
1135 1176 -10.7002
1135 1181 0.0174454
1139 1140 -3.20605
1139 1160 -4.8442
1139 1169 -1.52308
1142 1157 -1.85703
1142 1158 -4.22599
1142 1164 -0.580014
1142 1174 -0.80064
1142 1200 -2.47197
1144 1150 -2.85975
1144 1152 -3.66644
1144 1205 -1.49683
1145 1158 -1.88061
1145 1185 -0.110888
1145 1186 -4.8442
1145 1189 -2.64699
1145 1213 -2.58569
1145 1217 3.83202
1145 1218 -0.525058
1145 1224 2.18405
1145 1225 -3.31536
1147 1210 -2.58569
1148 1174 -2.58569
1148 1179 -1.44559
1148 1195 -1.06254
1148 1196 -1.06254
1148 1200 0.148121
1149 1191 1.54999
1149 1211 -0.210882
1151 1166 -4.04285
1152 1205 -9.10664
1153 1162 -1.49683
1153 1163 0.0233459
1154 1155 -1.50992
1154 1156 -0.148121
1154 1188 -0.023346
1155 1156 -3.13892
1156 1172 -0.910377
1156 1188 -4.43612
1157 1174 -6.85009
1158 1164 -1.12464
1158 1173 -3.91844
1158 1184 -0.943623
1158 1187 -1.34857
1158 1200 -3.74339
1158 1203 -0.134645
1158 1219 -0.775982
1158 1225 0.635286
1158 1226 0.038913
1159 1178 -3.25523
1159 1212 -3.36259
1160 1169 -15.786
1160 1212 -2.27269
1160 1214 -9.45578
1160 1222 -4.14515
1161 1176 0.402198
1162 1163 -6.50041
1162 1171 -1.77716
1162 1182 -6.99805
1162 1202 -4.14515
1163 1183 -0.687271
1163 1202 -0.533685
1166 1215 -7.3614
1166 1216 -4.8442
1167 1172 -0.402198
1167 1180 -1.42058
1167 1190 -3.30685
1167 1192 -8.67963
1167 1228 0.353819
1167 1229 -2.27269
1168 1177 -2.36822
1168 1209 -0.794069
1169 1175 -1.01008
1169 1214 -4.636
1170 1181 -3.5036
1170 1204 -4.8442
1171 1182 -1.91493
1172 1180 -0.235449
1172 1188 -7.41894
1172 1192 -3.91844
1172 1194 -2.85347
1172 1198 -7.83689
1172 1221 0.826719
1172 1229 -1.04226
1173 1184 -0.226632
1173 1186 -1.84714
1173 1206 -1.66155
1173 1213 -1.32411
1174 1200 -8.74922
1175 1204 -6.37273
1175 1214 -1.14578
1176 1181 -15.8394
1176 1199 0.191794
1177 1201 -6.38432
1177 1208 0.355311
1177 1209 -2.85347
1178 1212 -4.06706
1179 1190 -1.25517
1179 1196 -0.289934
1179 1197 0.038913
1179 1207 -3.43706
1180 1192 -16.3449
1180 1194 -4.60826
1181 1199 -4.43612
1181 1204 -4.14515
1181 1216 -0.943623
1181 1223 -7.71428
1182 1202 -9.97346
1182 1210 2.93164
1182 1227 -1.04226
1183 1202 -4.14251
1184 1187 0.722426
1184 1206 -2.10127
1185 1189 -0.0856503
1186 1213 -5.53733
1187 1203 -0.57004
1187 1206 -5.78732
1187 1219 0.434708
1188 1198 -1.11502
1190 1197 -5.67341
1190 1228 -0.982543
1191 1211 -1.32487
1193 1201 -0.428602
1193 1212 -3.57445
1194 1198 -3.40254
1195 1196 -1.34772
1195 1200 -5.8692
1195 1220 -0.00778178
1196 1197 -1.49683
1196 1207 -6.12248
1196 1220 -1.21448
1196 1228 -0.434708
1197 1207 -7.75785
1197 1228 -1.08303
1199 1216 -4.14515
1200 1220 -3.01573
1200 1226 -2.23699
1201 1208 -0.355311
1201 1212 -7.58221
1204 1214 -4.14515
1204 1223 -3.73241
1205 1210 -1.16406
1205 1227 -3.01573
1206 1213 -0.635286
1206 1219 -2.18405
1206 1225 -4.8442
1208 1209 -2.72402
1208 1211 -3.97546
1210 1227 -1.42058
1212 1222 -2.07828
1213 1225 -2.64699
1214 1223 -1.78253
1215 1216 -1.32411
1217 1218 -0.184282
1219 1225 -0.794069
1228 1229 -1.49683
