MULTICUT
0 1 1.84776
0 6 -15.5892
0 12 -2.02352
0 16 -4.43612
0 23 -3.57445
0 33 -15.9189
0 34 -2.27269
0 37 -10.3815
0 38 -5.53733
0 40 5.28794
0 59 -5.53733
0 77 -3.24575
0 83 -3.28516
0 97 -0.00442778
0 113 0.0107514
0 115 -3.57445
0 122 -0.522605
0 123 0.296358
0 148 -0.0497347
1 3 -12.1361
1 7 2.0341
1 12 -0.402198
1 16 -4.8442
1 18 2.71322
1 24 0.655255
1 26 -15.9189
1 28 -0.81228
1 49 2.25235
1 69 -6.92555
1 113 3.31314
1 132 -0.00113431
1 148 -0.483033
1 184 -9.82578
1 201 -4.32488
1 207 0.892533
1 214 -5.53733
1 230 -4.14515
2 5 -0.00311225
2 8 7.1414
2 10 -5.53733
2 13 -0.00340938
2 15 6.12872
2 17 2.41897
2 19 -0.00351524
2 20 4.85315
3 4 -0.226632
3 9 -1.94694
4 9 -5.53733
5 6 -16.628
5 11 2.22595
5 13 0.146275
5 14 7.24699
5 15 -0.00651269
5 19 0.796442
5 27 0.548327
5 30 -0.070106
5 31 4.47414
5 35 -2.28686
5 39 -1.5532
5 50 1.62327
5 51 -0.369897
5 55 3.93193
5 56 0.0639223
5 66 -3.62797
5 67 0.127845
5 68 -1.69086
6 40 -9.43656
6 68 0.905357
7 113 0.0107514
7 148 -0.0497347
8 10 -4.05522
10 20 -5.53733
10 29 -4.68701
10 36 -10.2234
10 85 -6.72963
10 152 -5.96235
10 193 -1.33969
10 241 -7.02519
10 264 -0.601089
10 327 -4.8442
10 345 -11.5845
10 389 -0.0953944
10 399 -1.76203
10 525 -0.35954
10 531 -0.243133
11 35 -0.0607236
12 16 -0.943623
13 15 -0.0117164
13 19 0.278403
14 19 0.082042
14 35 -0.32176
15 17 1.30083
15 19 -0.0799309
15 20 8.264
15 21 -2.78497
15 22 0.397458
15 25 3.91844
15 30 4.62058
16 23 -0.43439
16 28 -1.65693
18 26 -5.53733
18 113 0.0107514
18 148 -0.0497347
19 21 -7.12449
19 22 -3.26505
19 30 -0.0439778
19 35 -0.0121357
20 25 0.853465
20 29 -0.430701
20 36 0.760703
21 22 -0.183003
22 30 0.0914546
23 28 0.868779
23 32 -0.740165
23 34 -0.704796
24 26 -4.8442
24 28 -4.81804
24 113 0.0107514
24 148 -0.0497347
25 30 3.85783
25 36 3.22422
25 65 5.13144
25 72 0.038913
25 86 2.20788
26 28 -5.53733
26 42 0.669846
26 46 -4.34573
26 49 -9.97346
26 54 -2.59748
26 62 -11.7827
26 69 -5.53733
27 35 -0.060724
28 32 -4.52599
28 41 -1.02216
28 42 -9.45578
29 36 -0.370106
30 65 7.0032
30 66 -2.27269
30 87 -1.61552
30 91 2.74848
31 35 -0.25256
31 39 -4.71325
31 56 -0.00704516
31 63 -0.596027
32 34 1.59328
32 41 1.30047
32 43 -0.560843
32 45 -0.0823851
32 48 -4.75754
33 37 0.942111
33 38 -5.69019
33 44 -0.72071
33 47 0.0778386
33 52 -0.117436
33 58 -7.07043
33 59 1.34772
34 37 -2.71175
34 43 -0.200831
35 50 -0.244838
35 55 -1.18185
35 56 -0.0408586
35 67 -0.163862
36 85 0.444725
36 86 3.17756
36 152 1.42058
37 43 -0.166715
37 44 -5.87244
38 59 -1.81446
39 50 -2.27906
39 56 0.019905
39 63 3.24672
39 66 0.805439
39 74 -0.163779
39 76 -0.154028
39 78 -2.28312
39 87 2.25614
39 88 0.146873
39 92 0.0777121
40 68 -8.63247
40 98 -0.0398154
40 115 -3.20605
40 126 -1.34812
40 139 -5.53733
40 179 -5.67801
40 185 -4.8442
41 42 -5.83339
41 48 -2.94692
42 48 -0.517023
42 54 -5.43838
42 61 -2.95426
42 62 -9.26974
42 64 -6.14274
42 84 0.533685
42 93 -4.43612
43 44 0.282743
43 45 -0.107147
43 47 0.00127944
44 47 -0.160877
45 48 0.740643
45 52 1.60978
45 57 -2.45885
45 61 -5.53733
45 70 -1.15102
45 89 -0.349335
46 54 -1.16715
46 62 -2.41897
47 52 -0.117436
48 53 -3.99216
48 57 -0.195158
48 61 -0.758016
49 69 -3.64794
49 113 0.0107514
49 148 -0.0497347
50 66 -1.6807
51 55 -0.344759
52 58 -4.50357
52 70 -0.300976
53 57 -4.8442
53 61 -4.8442
54 62 -4.14515
55 67 0.289625
55 68 -6.73166
56 63 -0.00166598
56 67 0.374648
56 79 -0.11421
57 60 -3.33754
57 61 -3.99851
58 59 -9.17606
58 70 -9.68841
58 102 -0.195158
58 103 -2.52745
58 105 -3.73241
59 77 -8.05025
59 105 -0.601089
59 114 -0.943623
59 119 -2.02352
60 61 -3.57445
61 64 -2.06181
61 71 -1.72246
61 73 -9.96726
61 75 -4.43612
61 80 -0.643433
61 81 -2.52745
61 89 -6.10063
61 110 -6.8569
61 111 -9.97346
62 69 3.01573
62 84 -8.0093
63 79 2.37569
63 88 0.726124
63 92 0.0785452
63 104 -0.093213
63 106 2.72074
63 116 0.167159
64 75 -6.22461
64 82 -0.313179
64 90 -1.06254
64 93 0.0951215
65 72 2.21868
65 86 7.94907
65 91 2.79994
65 100 -0.0205749
66 76 -1.35072
66 87 0.905357
67 68 -0.962998
67 79 -4.30939
67 94 -1.30159
67 109 -5.53733
68 98 -0.101248
68 109 -2.10127
69 84 -14.1245
69 113 -0.0898537
69 125 7.36832
69 128 1.47101
69 131 0.695816
69 169 -2.14198
70 89 3.17707
70 103 -1.32411
70 110 2.4898
71 73 -1.44559
73 80 -4.97039
74 87 -0.210882
75 81 -2.78039
75 90 -2.18405
76 87 -2.13661
77 83 0.106326
77 97 -0.0912742
77 119 -3.05227
77 123 -4.02315
78 87 -0.651891
78 88 -0.236841
78 92 -0.0413477
79 94 0.089448
79 106 0.247022
80 81 -0.344835
80 95 -4.43612
80 99 -3.65717
80 110 -4.43612
80 111 -8.41866
80 112 -2.5557
80 124 -1.49683
81 90 -0.794069
81 95 -0.132481
81 96 -2.41897
82 90 -0.337785
82 93 -12.8834
82 107 -10.3815
82 129 -0.83062
83 97 0.00474657
84 93 -18.3266
84 128 -14.5096
84 135 -6.50494
84 177 0.131682
86 91 4.23786
86 100 -0.0205808
86 137 0.274059
86 152 6.59041
87 88 3.12591
87 91 -1.21064
87 92 0.0415668
87 101 -11.5281
87 116 1.50775
87 118 0.0793728
87 133 -0.905782
87 138 -7.22039
88 92 0.121126
88 104 -0.161239
88 116 2.06402
89 110 1.82659
90 96 -2.27269
90 107 -1.98633
91 100 -0.287681
91 101 -5.53733
91 137 0.0932361
91 141 0.240962
91 152 0.046618
91 256 -0.037968
93 129 -6.10249
93 135 -7.45227
93 157 0.794069
94 98 -3.38153
94 106 2.5592
94 108 -1.70579
94 109 -1.64447
94 126 -0.0841772
95 96 -8.58127
95 99 -4.988
95 120 -4.8442
95 130 -1.54979
96 107 -4.8442
96 112 -0.434708
96 124 -0.669846
96 127 -2.58569
96 130 -1.8682
96 147 -3.07564
96 151 -4.14515
96 153 -3.91844
96 158 -9.45578
96 161 -3.69507
96 171 -2.41897
98 109 -4.0571
98 126 0.258977
99 112 1.64223
99 120 -0.794069
100 101 -11.0747
100 121 -5.53733
100 141 -0.0205817
100 142 -4.8442
100 152 3.20944
100 155 -5.33912
100 208 1.94836
100 209 0.174695
100 241 1.04913
100 256 -1.50641
100 289 0.0376631
100 296 -0.0273702
100 310 0.0207112
100 311 0.0142422
101 117 5.98256
101 118 -0.512131
101 121 2.36044
101 136 -0.256065
101 149 -0.161006
101 155 -0.113586
102 103 -2.00563
102 105 -5.54317
102 110 -1.42058
103 110 -1.47101
104 106 -0.0627498
104 116 -4.94046
105 110 0.0233544
105 114 -2.0664
106 109 -0.18127
106 116 3.76215
106 126 4.23303
106 150 -7.46482
107 129 -5.53733
107 151 -0.418426
109 126 -0.276779
110 111 -0.163779
110 114 -0.950279
110 119 0.163779
110 124 -1.02246
110 140 -1.49683
110 145 1.35039
110 159 -0.635286
110 162 1.84714
110 166 -2.7439
110 176 -2.25051
110 183 -4.14515
112 120 -1.07359
112 124 1.44348
112 127 -1.30083
113 132 -0.00113431
113 148 0.0631638
113 169 -7.57324
113 184 -0.785379
113 207 0.0207101
114 119 -4.14515
114 140 -0.116857
115 122 0.55042
115 139 -2.31952
115 144 -0.242411
116 134 -12.5851
116 138 -2.18405
116 143 -3.73241
116 150 -2.52745
117 121 1.17894
117 149 -0.325161
117 155 2.01502
117 156 0.355523
117 167 0.313843
117 173 -0.197205
118 136 -0.00673744
118 138 -0.330944
119 122 -1.66155
119 123 -4.8442
119 140 -1.11919
119 144 -3.31536
119 166 -7.27734
119 181 0.169849
119 182 -5.91779
119 186 0.476099
120 127 -2.58569
120 130 -0.0544849
121 142 0.0105603
121 155 -0.113586
122 123 -2.29398
122 144 -11.8288
124 145 -0.645498
124 146 0.0318063
124 147 -0.190779
125 128 3.47761
125 131 2.45902
125 169 -4.14515
125 189 -1.43941
125 194 1.02439
125 216 2.14198
125 220 -0.247237
126 150 -1.2842
126 154 0.846613
126 160 0.520858
126 170 -0.0982723
126 175 1.10744
126 185 0.12151
126 211 -8.82222
126 213 -0.121454
126 225 -1.39593
127 130 -1.27785
128 177 -9.93678
128 189 -6.02124
128 200 -0.251361
128 202 2.6017
128 203 -2.33498
129 151 -2.78039
129 157 -8.57661
129 165 -15.6515
129 171 -3.91844
129 180 -1.69086
129 187 -1.27785
129 195 -12.7264
129 227 -3.91903
132 148 -4.03174
132 184 -0.057753
133 138 -0.378848
134 143 -2.28337
134 150 -3.01573
135 157 -8.58127
135 177 -0.520837
135 180 -2.10127
135 195 -10.3815
135 199 -3.10675
135 202 -10.5086
135 227 -20.3773
135 229 -2.14198
135 272 0.317135
135 277 -3.91844
135 287 1.14319
136 138 0.805626
136 149 -1.65027
137 141 0.00327249
137 152 2.62635
138 143 0.814291
138 149 -4.57424
138 168 -3.03486
138 172 0.396058
139 144 -4.8442
139 179 -4.14515
141 152 0.00654499
142 155 -1.32939
143 150 0.293168
143 170 2.23041
143 172 1.24598
143 210 -4.43612
144 179 -0.109165
144 181 -5.08608
145 146 -0.467506
145 153 -0.0278304
145 163 1.04796
145 176 -3.57445
145 188 0.353819
145 199 -3.61877
146 147 -0.0258855
146 153 -0.112487
146 163 -2.22457
146 164 -0.132481
147 153 0.0313069
148 169 -4.45447
148 184 -0.034531
148 190 1.2034
148 201 -0.0172655
148 207 -0.0953596
149 156 -3.41437
149 168 -0.402198
150 160 -0.435708
150 170 1.69178
150 175 -0.214075
151 161 0.098899
151 165 -0.120382
152 193 1.31874
152 208 2.85347
152 241 7.28101
152 256 -0.037968
152 264 -0.908899
152 267 1.23277
153 158 -0.434708
153 164 -1.88061
155 167 0.265669
155 173 -0.13561
155 191 -0.0172506
155 196 1.24871
155 209 -0.241086
156 168 0.16419
156 173 -2.84327
157 180 -0.83062
158 164 -9.7585
158 171 0.0119658
158 178 -0.522627
158 187 0.0320012
159 166 1.04226
160 170 -0.172859
160 175 0.0398157
161 165 -3.42282
161 171 1.25241
162 166 -11.2471
162 183 -11.0747
163 164 -10.9568
163 178 -2.57851
163 187 0.100496
163 199 -0.000454098
164 178 1.04032
164 187 -0.0320009
165 171 0.290365
165 187 0.13269
166 174 -1.49842
166 182 -3.85856
166 183 -4.43612
166 198 -0.81228
167 173 -0.00912299
168 172 -2.27269
168 173 -1.20791
168 192 -10.1108
169 190 -10.2329
169 194 -1.72077
169 204 -6.1019
170 175 -0.46781
170 210 -3.31536
171 178 -0.0375239
171 187 3.02159
172 192 -7.71961
172 210 -3.31536
172 219 -1.23277
173 191 0.0504538
173 192 0.953525
173 196 -0.022125
173 209 0.156992
174 182 -2.22758
175 210 -0.180192
175 222 -2.70905
176 183 -3.57445
176 188 -2.03145
177 202 -7.73487
178 187 -0.148808
179 181 0.569356
179 185 -0.740165
179 213 -10.2214
180 195 -0.722426
181 186 0.12522
181 197 -0.0735359
181 213 -2.71175
181 215 1.58206
181 224 0.0316364
182 183 0.533685
182 186 -5.88422
182 198 -4.17028
182 205 -7.08157
182 221 0.982543
182 233 -5.53733
182 238 -3.91844
182 243 -3.91844
183 188 -3.73241
183 198 -0.997657
183 199 0.200742
183 206 0.0142778
183 212 -0.999839
183 218 0.70949
183 233 -9.68249
183 244 -2.18405
184 201 1.36364
185 213 -2.62021
186 197 -0.221196
186 205 0.225562
186 215 -0.00416648
186 221 -0.380511
186 224 -3.76371
186 237 -0.213702
186 239 -0.119919
187 199 1.10976
187 227 0.149527
187 229 0.72243
188 199 -7.58221
189 200 -2.18405
189 202 -7.2338
189 203 -4.78636
189 216 -18.6175
189 287 -0.947957
189 297 -0.676186
189 323 -12.5858
189 332 -0.117506
189 335 -2.36822
190 201 0.058833
190 204 -5.64701
190 285 -0.00619155
191 192 0.0368689
191 196 0.0123577
191 209 -0.848968
192 209 0.48029
192 219 4.76919
192 231 0.289934
194 204 0.369358
194 220 -0.493297
195 227 -0.584119
196 209 -0.168807
197 215 -0.557487
199 206 0.00475953
199 212 -2.00487
199 218 3.10481
199 227 0.153444
199 229 4.16743
199 240 -0.402198
199 262 -5.53733
199 277 1.91493
200 203 -0.0544849
201 207 -0.908324
201 214 -3.03806
201 230 0.907451
201 285 -1.03129
202 272 -7.83217
202 287 -0.0493085
202 297 -0.126484
204 220 -8.06306
204 234 -1.3481
204 248 -2.47345
204 253 -4.43612
204 283 1.28015
204 285 0.907359
204 303 0.144439
206 212 -0.0666317
207 230 -3.24914
208 256 -0.037968
209 231 1.03007
209 256 -1.39118
210 219 1.0504
210 222 0.185411
210 257 0.0465263
211 213 -0.0105778
211 217 -1.95529
211 223 -0.00211549
211 225 0.0226357
211 236 1.11741
212 218 -2.51707
213 215 -3.40501
213 223 0.125877
213 226 -3.86969
213 228 -0.27331
213 232 -2.9843
213 235 -3.82323
215 224 2.64615
215 235 4.38128
215 254 -0.143357
216 220 -1.25517
216 253 -3.73241
216 270 -20.4864
216 323 0.886457
217 223 -0.038492
217 236 -0.265676
218 240 -1.30083
218 244 -1.00226
218 245 -2.02874
219 222 0.0923584
219 231 1.9568
219 249 0.215808
219 257 -0.156067
220 253 -0.0389131
221 239 -0.00757527
221 243 -4.26557
222 225 3.13916
222 251 -0.981588
222 257 3.59582
223 228 -0.0440038
223 232 0.0878728
223 236 0.198941
223 242 0.265991
223 246 -0.37927
223 252 0.04014
224 235 1.84887
224 237 0.00368718
224 247 -0.00198164
224 254 -0.0317211
225 236 2.54769
225 246 -2.93164
225 251 -11.1284
225 273 -5.42349
225 278 -3.31536
225 288 1.72077
225 290 -1.98633
226 232 2.66011
227 229 1.25352
228 232 1.85883
230 285 -5.53733
230 302 -2.41897
231 249 1.09183
231 256 -0.329671
232 235 3.01573
232 242 2.79926
232 250 0.00782685
232 252 0.167568
232 259 -4.83682
232 263 0.633687
233 238 -1.44559
233 244 -9.68249
234 248 -1.65881
234 258 2.71001
234 269 4.1762
234 282 -0.163779
234 285 -11.2014
235 250 3.10675
235 254 -0.325151
235 265 -0.850947
236 246 -8.15412
237 239 2.0083
237 243 -0.468984
237 247 1.75172
237 254 0.831566
237 255 4.0293
237 260 -0.0224677
237 261 1.12378
237 271 0.0715062
238 243 -1.44559
238 244 -0.451047
239 243 -0.0609735
239 254 0.0588546
240 245 2.89649
240 262 -0.131469
241 256 -0.0741348
241 264 -0.908899
241 267 5.73349
241 289 0.465252
241 301 3.34188
241 327 4.01995
241 333 4.66101
241 345 5.93918
241 360 0.171672
241 389 0.34887
241 399 1.12506
241 413 -0.0035945
242 246 -0.0360082
242 252 0.0352158
243 244 -5.53733
243 254 -0.0218243
243 261 -0.0853152
243 266 0.4437
243 271 -1.39887
243 280 3.3463
243 286 -0.457373
243 308 0.687271
243 315 -0.224666
243 317 -0.224612
243 329 0.457434
244 245 -6.6812
244 266 -13.956
245 262 -0.266463
245 266 1.98633
245 281 5.1405
245 294 -9.62929
245 295 1.95818
245 309 -11.4749
245 337 0.517023
246 252 -0.420509
246 273 -0.0463241
247 254 0.036785
248 258 -1.11108
248 285 -4.14515
249 256 -0.0545648
249 257 -3.31205
249 292 0.356338
249 298 0.324032
250 259 -0.0390013
250 265 -1.53898
250 268 -1.83008
251 257 -0.896225
251 278 0.095614
252 263 0.0719756
252 273 0.154217
252 275 0.264857
253 270 -1.37165
253 283 -3.01573
254 255 0.292075
254 260 -1.28968
254 265 2.2904
255 260 -0.0265935
255 261 0.421977
255 271 0.0727067
256 289 -0.0198637
256 292 -2.92368
256 296 1.406
256 310 -0.186827
256 311 -0.724802
256 313 -1.54979
256 314 -2.27269
257 278 -0.629299
257 284 -4.78788
257 298 -2.47197
258 285 -5.74048
259 263 -0.00817621
259 268 -3.86275
259 275 0.0161466
259 279 -3.68403
260 261 -0.0165757
260 265 -8.68162
260 271 -8.18775
260 274 -8.68759
260 299 -17.0527
260 307 -3.31536
260 326 -1.55001
260 340 0.0701712
260 348 0.500431
261 271 0.367866
262 277 -2.36822
262 287 -1.60463
262 295 -0.269987
263 275 2.2807
263 279 -0.416268
265 268 1.57356
265 274 3.3938
265 279 0.0446484
266 276 -5.56147
266 280 0.239546
266 294 -8.98936
268 274 0.891568
268 279 0.0508922
268 307 0.0490889
269 285 -1.96799
270 283 -4.63777
270 287 8.07795
270 300 -3.07753
270 320 -7.93049
270 323 -10.07
270 347 -3.43706
270 383 0.101247
270 414 -1.39593
270 428 -1.95015
271 299 2.18405
271 308 -10.9019
272 287 0.00865165
273 275 1.41942
273 279 -0.0256907
273 290 3.8545
273 293 -1.63282
273 307 -2.21745
273 338 1.2501
273 348 0.166333
273 349 -2.36822
273 350 -7.52318
273 390 -2.99473
274 279 0.301025
274 307 -0.0254261
275 279 -0.645888
275 290 0.998146
276 294 -2.34783
277 287 -0.483906
278 284 -5.06331
278 288 -14.7998
278 298 -1.1429
278 322 -1.34772
278 330 -1.17493
278 331 -0.0363165
278 339 0.674481
278 355 0.33724
279 290 -0.0697363
279 307 -0.0254261
280 294 -10.3815
280 318 -7.6376
280 325 0.00110352
280 329 9.8023
280 358 -5.72747
280 366 1.28562
280 369 -1.42998
280 387 -1.4057
280 391 -1.95015
280 404 -0.722426
281 294 -3.73241
282 285 2.24627
282 303 0.021244
283 285 2.62562
283 300 -0.0710318
283 303 0.184602
283 304 -2.32318
283 343 -8.79203
285 291 6.4178
285 302 2.85839
285 303 11.9236
285 304 -3.31395
285 305 0.215571
285 312 2.74251
285 354 2.47101
285 382 -1.5894
285 398 -7.16946
285 430 -3.27645
286 317 -5.58116
286 325 -7.48814
286 329 -5.9371
286 341 -0.0484322
287 295 -0.517023
287 297 1.11664
287 309 2.22306
287 323 -10.5139
287 332 2.17124
287 335 -2.77824
287 347 -3.43706
287 351 0.698938
287 383 2.56872
288 290 -13.895
288 322 1.72077
289 296 -0.0524869
289 301 2.40237
289 310 0.0970752
289 311 2.65261
289 321 -1.44559
289 334 1.20793
289 344 -0.0354455
289 346 -3.58616
290 293 -1.97095
290 306 1.95609
290 322 -3.66862
290 330 -1.48549
290 338 11.898
290 339 -0.116912
290 376 1.13214
290 390 -0.333296
290 409 0.0648106
291 303 0.395297
291 312 0.640881
292 298 1.60834
292 313 -2.47197
293 306 -0.932445
294 316 -2.90976
294 318 -5.53733
294 319 -11.0747
294 337 -1.23236
294 347 -0.0844297
295 309 -1.02216
296 310 -0.281519
296 311 -0.696981
298 313 -1.44559
298 328 -4.43612
298 331 0.174947
298 355 0.0846726
299 308 -1.25517
299 326 4.60618
299 340 -0.139926
300 304 -2.60101
300 320 -2.28191
301 346 -1.41598
301 367 -0.451047
301 368 -0.402198
301 389 0.521354
301 413 -0.00344077
302 303 0.021244
303 305 0.0445893
303 312 0.0819967
303 354 0.24338
304 320 -1.12464
304 324 -4.8442
304 343 -3.63336
304 354 -3.82204
304 356 -4.14515
304 361 -1.61832
304 362 0.830175
304 363 7.41588
304 373 -0.181369
304 374 8.72979
304 375 -1.69086
304 401 -0.00342302
307 348 -0.236854
308 315 -10.6401
308 326 -5.57426
308 342 -8.13614
308 352 -4.14515
309 337 -1.88061
309 347 -2.06181
309 351 0.648189
310 311 1.73733
311 314 -2.14198
311 321 -5.53733
313 314 -1.12464
313 321 -1.12464
313 328 -2.14198
314 321 -8.81046
315 317 -0.021053
315 325 -10.2689
315 342 0.350692
315 357 -0.157111
316 319 -7.58221
317 325 1.17391
318 319 -6.5396
318 358 1.37165
319 347 -0.179458
319 358 -5.72211
320 324 -3.65717
320 353 -5.53147
320 414 -0.704796
321 328 -2.71175
321 334 -12.1275
321 336 -5.16732
322 330 1.08303
323 335 1.44559
324 353 -2.13707
324 356 0.618144
325 329 -0.232606
325 341 0.194635
325 342 -2.05701
325 357 0.707722
325 365 0.439553
325 377 -0.0739651
326 340 -0.352804
326 352 0.0754966
327 345 1.91493
327 399 0.231152
328 331 -5.95999
328 334 -5.53733
329 357 0.00903297
329 365 0.0497735
329 366 0.0135146
329 377 -0.0084635
330 339 0.721721
330 355 0.377468
331 334 0.24241
331 355 0.57324
332 335 -0.0406737
333 345 2.62557
334 336 -2.67241
334 344 -0.00868629
334 346 -9.06437
334 355 1.69446
337 347 1.17687
338 349 -3.50532
338 376 0.313457
338 390 -1.34817
338 396 0.0795368
339 355 2.61375
339 376 -0.649574
340 348 0.086818
340 350 -3.88098
340 352 0.130039
342 350 1.48945
342 352 -0.0127608
342 357 -4.4435
342 364 -0.723647
344 346 -2.86155
345 360 2.31086
345 389 0.496359
345 399 2.42397
345 413 -0.00353853
346 355 -1.10372
346 368 -3.47914
347 351 -8.05025
347 358 -1.69086
347 359 -4.21238
347 386 4.47381
347 428 -0.30251
348 350 -0.344408
350 352 -2.5715
350 357 -2.31952
350 390 3.4051
350 437 0.0912671
350 440 0.0966665
350 442 0.213499
350 483 0.128997
353 356 -2.59533
353 370 -1.42058
353 372 -16.9225
353 414 -1.98633
353 415 -5.67801
354 374 -7.54924
354 382 -1.06254
354 385 -4.8442
355 368 -5.32512
355 371 4.40436
355 376 -0.561574
355 378 -1.91493
355 379 -11.0747
355 380 1.27785
355 384 0.533685
356 361 -0.532278
356 362 -2.78039
356 370 1.18877
356 381 -0.40609
357 364 2.51693
357 365 1.10238
357 377 -1.9769
357 387 -2.58569
357 424 -0.752143
357 435 -3.31536
357 437 -3.20605
357 440 -7.21242
357 452 0.0856502
358 386 -1.47101
358 404 -2.36822
359 386 -1.12464
360 389 1.14143
360 399 2.75501
360 413 -0.00750384
361 362 -0.830175
362 375 -1.49683
362 381 -1.84714
363 373 -7.18657
363 375 -4.14515
363 392 5.15904
363 394 1.21064
363 397 -2.58569
365 377 -0.700746
366 377 0.923121
366 387 -1.23348
367 368 2.14245
367 389 -5.01156
367 395 -0.0544849
367 402 -0.924411
368 384 -0.132481
368 395 -4.34456
368 403 -0.517023
369 387 2.78781
369 388 -0.104829
369 391 -0.402198
369 400 -0.209065
370 372 0.867703
370 381 -1.71848
371 378 -13.8369
371 379 -11.0747
371 406 -3.92897
371 422 0.942559
372 381 -15.8662
372 415 0.859263
373 374 -0.262098
373 394 -5.79375
374 385 0.00825847
374 394 2.57026
374 401 -0.0216495
374 405 5.32363
375 381 -2.47197
375 397 0.179457
376 380 -8.30571
376 390 -1.36467
376 393 -1.48728
376 396 0.0375455
376 409 0.0220915
377 387 -13.4105
377 424 0.274059
378 380 -15.3706
378 390 -0.0134552
378 393 -2.68741
378 422 -0.7763
378 423 -0.0541789
379 384 -0.289934
379 389 -19.4933
379 406 -0.954218
379 431 -1.44559
380 393 0.447795
381 397 -0.597356
381 408 -0.706667
381 415 -4.43612
381 418 -10.3815
381 459 -1.25517
381 461 -8.15232
382 385 -4.43612
382 398 -2.32296
384 389 0.83062
385 398 0.181261
385 401 -0.269241
385 410 0.0080839
386 404 2.17137
386 428 0.110923
386 436 -3.73241
386 453 1.66445
386 459 1.2044
386 472 -4.8442
387 388 -0.315098
387 400 -0.793383
387 424 -3.20605
387 435 0.0827502
387 440 -0.81228
387 452 -0.0967072
388 391 -1.04226
388 400 2.09649
388 407 -0.775982
389 390 2.40771
389 395 2.26206
389 399 1.57881
389 402 0.192224
389 403 -1.39856
389 411 -0.14155
389 413 -0.0906277
389 417 0.329206
389 422 0.864783
389 431 0.499523
389 441 1.71239
389 458 0.749703
389 467 1.05061
389 468 -0.0463199
389 494 0.269606
389 521 0.303509
389 525 0.632315
389 531 0.1803
390 393 0.0308196
390 396 -0.0794996
390 402 0.0183763
390 409 -0.228202
390 413 -0.00389365
390 422 3.48634
390 423 0.133689
390 431 0.18525
390 437 0.0872479
390 440 0.151816
390 441 2.6477
390 442 4.29504
390 451 3.6318
390 464 1.122
390 468 -0.109058
390 469 2.26792
390 471 2.79409
390 473 -0.0291427
390 476 1.37617
390 478 0.088487
390 483 2.00095
390 484 -0.0262627
390 489 1.54606
390 490 0.572717
390 513 -0.0756727
390 526 -0.0605542
391 404 -2.17678
391 407 -1.91493
391 425 -1.95015
391 427 -3.31536
392 394 5.45909
392 397 -1.83162
392 412 0.867703
392 416 0.593687
392 432 3.87589
392 439 -0.240069
392 444 -2.14198
393 409 -0.166485
393 423 0.0359381
394 405 2.85347
394 412 -9.93411e-08
394 419 6.85509
394 432 4.11671
395 403 -0.122126
395 413 -0.00359042
396 409 -0.0103917
397 408 0.00101862
397 416 -2.22758
397 418 -0.0461066
397 421 -7.39265
397 433 0.0414414
398 410 0.333153
398 420 0.154638
398 430 -0.962998
399 402 0.0357283
399 413 -0.0120146
399 417 2.58032
399 467 4.93748
399 494 5.00342
399 521 1.84144
399 525 2.1873
399 531 0.414403
400 407 -0.618144
400 425 -3.10675
400 440 -1.30083
400 446 -5.61616
400 457 -9.28032
400 493 -1.16715
401 405 0.00107007
401 410 -0.0486049
401 426 -0.00400353
401 429 -0.00193658
402 413 0.0622863
402 417 0.0357283
402 422 0.0357279
402 431 0.0357249
402 441 0.0357279
402 458 0.0357248
402 467 0.0352474
404 427 -4.14515
404 436 -3.43706
405 410 -0.00742796
405 419 1.10367
405 426 -0.0022822
405 429 -0.288742
405 448 0.260878
406 422 -2.15263
406 431 -0.0301569
407 425 -3.14725
408 418 -0.711854
410 420 -1.24302
410 426 0.177706
410 429 0.0069179
413 417 -0.00668457
413 422 -0.00681474
413 431 -0.00643827
413 441 -0.00681474
413 458 -0.00643827
413 467 -0.0140328
413 494 -0.00628988
413 521 -0.00628988
413 525 -0.0125798
414 415 -0.000852273
414 428 0.0069294
415 428 -1.25431
415 459 -3.43706
416 421 -3.10675
416 434 -0.273257
416 439 -0.226757
418 433 -2.77696
418 443 -3.43706
418 454 -5.53733
418 461 0.064596
418 474 -0.0166483
418 492 0.88315
419 429 -0.179927
419 432 7.51142
419 445 0.197884
419 448 1.72394
420 426 -2.17656
420 430 -1.91493
420 438 -3.78868
421 433 -7.46051
421 434 -2.37879
421 443 -0.157313
421 454 2.96708
422 423 0.235311
422 431 1.10421
422 441 0.622735
423 431 0.0498066
425 427 -0.274059
425 436 -0.886457
425 446 -0.378193
425 447 0.0826805
426 429 0.602125
426 438 -3.26323
426 456 0.514472
427 436 -0.101248
428 459 2.32167
429 438 -0.0983266
429 448 -4.46764
429 456 0.294901
429 466 -0.0491193
429 475 0.00936457
430 438 -1.27785
430 450 -2.37724
430 460 -3.73241
432 439 -1.25517
432 444 -6.16014
432 445 2.57782
432 463 -3.55638
433 454 -5.50047
434 439 0.514626
434 443 -0.0997896
434 462 -1.12464
434 470 0.147882
435 452 -1.70265
436 447 -1.96821
436 449 -0.637064
436 465 -0.982543
436 472 -0.943623
437 440 0.67908
437 442 0.191399
438 450 0.0643034
438 455 -2.28288
438 456 -0.261276
439 443 -0.0149395
439 444 -4.27836
439 462 -0.945548
439 463 -3.16368
440 442 5.44834
440 452 -5.79122
440 483 0.128995
440 485 3.91915
440 493 1.8066
442 464 3.08879
442 478 2.39101
442 483 0.659589
442 485 1.10559
442 486 4.4581
442 513 -0.250105
443 454 -3.84939
443 470 -13.2313
443 492 -4.14515
443 514 -5.70694
445 448 0.181793
445 463 -5.20363
446 447 1.25259
446 457 4.21932
446 487 -0.313177
446 502 0.244036
447 449 0.852225
447 465 -0.111788
447 477 0.671505
447 487 -0.207099
447 491 -2.25697
447 502 0.421163
447 511 0.15044
448 456 -0.161262
448 463 -0.970987
448 466 1.20137
448 475 -0.0687743
448 480 1.11733
450 455 -0.51391
450 460 -5.62862
450 466 -1.80967
450 497 -2.58569
450 498 -1.69086
451 483 0.100496
451 484 0.000788336
453 459 0.487698
455 456 -3.43706
455 466 -2.10127
456 466 -0.0370327
457 487 -0.455777
457 493 -1.78253
457 505 -2.47197
458 467 0.429469
458 468 0.191176
459 461 -0.000265002
459 472 -5.53733
459 491 -9.68249
459 492 0.943171
459 499 1.60596
459 507 -5.53733
459 519 -5.53733
459 534 -4.14515
459 543 5.2638
461 474 0.00492793
461 492 -0.00103283
462 463 0.632248
462 470 -1.63282
463 470 -4.28532
463 479 2.10659
463 480 -0.753459
463 495 -27.6867
463 500 3.01573
463 506 0.099015
463 512 0.396379
463 520 0.801319
463 529 -0.697206
463 533 0.202531
464 483 0.106601
465 472 -2.31952
465 477 -0.601203
466 475 0.117791
466 480 -4.29686
466 497 -1.42007
467 468 1.2572
467 481 1.71631
467 488 0.0833659
467 496 8.66596
467 503 -0.041683
467 517 0.708304
467 525 3.10665
467 530 0.485041
468 473 1.77169
468 476 -0.0579861
468 481 2.63825
468 483 -0.000777884
468 484 0.599343
468 488 3.64459
468 489 -0.0271244
468 496 0.552038
469 483 0.100496
469 484 0.000788337
470 482 2.80632
470 495 -0.260434
470 514 -2.4589
471 483 0.0428021
472 477 -4.14515
472 491 -5.25236
473 476 -0.0184046
473 483 0.0111402
473 484 2.4642
473 488 1.20663
473 489 0.0192084
474 492 -0.196169
475 480 -0.0380918
476 484 -0.00785093
477 491 -2.71175
478 483 1.43214
480 497 0.297559
480 506 -0.518688
480 512 -0.107607
480 516 -2.18733
482 495 -0.801095
482 514 -0.60668
482 522 0.403181
483 484 0.00489175
483 485 0.0222399
483 489 0.759253
483 490 0.450743
483 513 -7.82432
483 526 -0.0382417
484 488 4.16002
484 489 0.823606
484 508 3.64777
484 517 3.84691
484 526 -0.0137431
484 530 0.895403
485 486 1.72077
485 493 4.04814
485 501 1.13908
485 513 0.165375
485 536 0.0731616
485 538 0.091778
487 502 -0.194907
487 505 -11.0747
487 511 -0.0345393
488 496 0.284631
488 503 -0.610873
488 517 1.82679
489 490 1.38885
489 508 1.85679
489 513 -0.282366
489 523 -1.49486
489 526 -0.261255
491 502 -0.337785
491 507 -3.16543
491 511 -0.582694
492 499 3.13591
492 504 -1.77502
492 509 2.52745
492 514 3.57885
492 543 5.65879
493 501 3.63398
493 505 1.92785
493 510 4.8212
495 514 -0.717658
495 515 -5.54159
495 522 1.46349
495 529 -10.0383
496 503 -0.0946427
496 517 0.251475
496 530 0.0162908
497 498 -4.41862
497 516 -2.07605
498 516 -11.1623
498 533 -4.8442
499 504 -0.0599226
499 543 1.85905
501 510 2.54454
501 536 0.332265
501 537 0.496525
501 538 4.87356
501 540 -5.96046e-08
502 511 1.10499
503 517 -3.86246
505 510 6.61226
505 511 -11.0747
505 549 2.93164
506 512 1.34772
506 516 0.964831
507 511 5.22288
507 518 1.48611
507 519 -1.61638
507 524 6.39993
507 528 -2.07057
508 526 -0.129935
510 537 3.31536
510 540 5.63414
510 549 2.78039
510 571 0.200622
510 574 0.401243
511 528 -0.46369
511 549 -11.0747
512 516 0.687271
512 520 3.49986
512 529 -0.597288
512 533 1.21278
512 573 0.000370934
513 523 6.52974
513 527 4.49902
513 536 0.0393486
513 538 0.705326
514 515 5.40037
514 522 -2.71403
514 539 7.77686
514 543 4.07337
514 544 4.18681
514 558 5.25116
514 575 2.65808
514 586 0.454643
514 587 1.74974
514 590 -10.3815
514 598 -0.114652
514 607 -0.542847
514 638 0.114652
515 522 -0.0618536
515 529 -0.361484
515 535 1.88734
515 554 0.143058
515 573 4.59319
515 599 -4.43612
515 607 -0.0821185
516 533 21.8849
516 573 0.00117481
517 530 7.83942
517 532 0.413838
518 519 -0.131068
518 524 1.30504
518 534 -3.0377
519 534 -2.45372
520 529 -2.20038
520 533 0.317383
520 535 2.86487
520 547 1.877
520 548 2.92025
520 554 -0.0173387
520 573 -0.0471042
521 525 3.49121
523 526 6.04644
523 527 2.27269
523 530 3.8132
523 538 5.86635
523 541 4.83105
523 553 3.23236
523 570 4.39963
523 583 -5.53733
524 528 -0.372231
524 534 -1.02216
524 550 -1.14085
524 565 -4.14515
525 530 2.57838
525 531 3.08054
525 542 4.86501
525 555 -1.87885
525 564 -0.150475
526 530 3.53362
527 538 3.50919
528 549 -12.2853
528 565 -4.43612
529 535 -0.493266
530 532 6.38146
530 545 3.20604
530 552 3.98629
530 555 -0.203705
530 559 3.25903
530 566 -1.25586
530 568 -3.05858
530 580 -0.711497
530 583 -8.41866
531 564 -0.62861
531 567 2.31624
533 548 1.19817
533 554 -0.000222796
533 573 -0.322478
533 581 -0.0282826
533 584 4.55699
533 609 1.38961
533 622 0.528623
533 625 4.70459
533 628 16.2985
533 630 11.0195
533 634 1.83227
533 635 10.1067
533 650 12.0437
533 661 2.60415
533 667 4.80524
533 668 1.31298
533 678 0.759291
533 685 0.0990825
533 686 0.152798
533 698 0.0832002
534 543 -7.77638
534 550 -0.500431
534 563 -0.740165
535 547 0.340181
535 554 -0.0129856
536 538 1.99518
537 540 4.45829
538 540 -0.07776
538 553 1.98325
538 560 3.73241
538 561 -0.148121
538 562 -0.154244
538 569 -1.08303
538 594 12.5077
538 600 0.00494148
540 556 1.84487
540 562 0.493831
540 574 0.379651
540 578 -2.65087
540 579 0.830695
542 555 -1.12464
542 564 -5.87439
543 544 2.27269
543 546 1.30715
543 550 -3.57445
543 551 8.13217
543 557 9.11439
543 563 4.35735
543 565 4.87503
543 572 6.04642
543 582 3.54329
543 586 5.05765
543 602 2.39053
543 608 2.03255
543 621 0.029414
543 623 0.071802
543 624 0.758015
543 627 1.14578
543 629 4.78176
543 641 3.10675
543 655 -0.0143045
543 656 4.14515
543 660 2.76794
543 665 0.889823
543 671 2.67881
543 689 2.23685
543 699 -0.0256041
546 551 1.67921
547 554 -0.00880727
548 554 0.00143172
548 573 -0.0574849
548 581 0.00432957
548 609 0.0924639
549 565 1.63365
549 571 0.326741
550 565 -3.20605
552 568 -0.831383
552 580 -0.906728
552 583 -4.07462
553 570 4.71353
553 594 3.85791
553 600 0.0551312
553 604 -0.418426
554 573 9.73979
555 564 2.31527
555 566 1.08279
555 568 0.693665
555 577 -0.0315316
555 588 -1.41726
556 562 0.662422
556 574 2.27269
556 578 -0.751723
556 579 0.239592
556 589 -4.98684
556 597 -0.73224
556 601 1.46064
559 566 -1.05656
559 568 -3.63769
560 561 -2.14198
560 569 -2.52745
560 594 2.32654
560 605 0.226949
561 569 2.07645
562 569 2.58569
562 589 -3.73241
564 567 -0.478135
564 576 4.82554
564 577 0.322892
564 588 -0.073592
564 591 3.04748
564 613 -0.131385
565 571 1.00781
565 582 5.05985
565 608 0.246451
566 568 1.1667
566 588 -0.377898
567 591 -1.00226
568 580 0.524307
568 585 -0.453168
568 588 -0.211098
568 592 0.774652
568 593 -6.02612
569 589 -4.91968
569 601 -0.267639
569 605 -0.391128
569 620 -0.311758
569 633 -0.500431
570 583 -3.57445
570 596 4.3868
570 600 -0.392276
571 574 0.401243
571 582 0.116857
573 581 4.30603
573 584 0.000895375
573 599 -4.68371
573 609 -0.112398
573 622 -0.00859448
573 625 0.000897804
573 628 0.00231709
573 630 0.000897812
573 634 -0.0592006
573 635 -0.110684
573 650 0.00141902
573 661 0.000897805
573 667 0.00270622
573 668 0.000897804
573 678 0.00117831
573 685 0.000795034
573 686 0.000253236
573 698 -0.0586079
574 579 3.6125
574 582 5.47032
574 597 -3.83798
574 601 1.36633
574 608 0.123038
574 618 -3.22246
574 619 -0.483906
574 621 3.48227
575 587 1.81309
575 590 -5.53733
575 598 -0.172798
575 607 -0.27231
576 577 1.33809
576 591 -0.0131769
576 613 -0.073951
577 588 3.10283
577 591 -0.054019
577 613 -0.191826
578 579 -3.30353
579 597 -1.00226
580 583 -0.140676
580 585 4.03411
580 593 -0.875456
580 595 0.359912
580 596 0.169062
580 611 2.80087
580 614 0.130065
580 617 0.299462
580 632 1.25517
580 637 0.490331
580 657 -1.61665
581 584 0.000768241
581 609 -0.0602928
581 622 0.0898572
581 625 0.00115416
581 628 0.00354298
581 630 0.00115417
581 634 0.00945466
581 635 0.0118263
581 650 0.00240003
581 661 0.00115417
581 667 0.00452563
581 668 0.00115417
581 678 0.00124962
581 685 0.00122906
581 698 0.00133954
582 608 3.26141
582 618 -0.228822
582 621 -0.0107646
582 623 0.0719815
583 596 -17.3508
584 609 0.0481529
585 588 0.0760138
585 592 -0.287431
585 593 -0.244878
585 595 0.127781
585 613 -0.0233149
585 631 -2.33336
585 632 1.30229
585 644 -0.0103803
585 657 -2.82184
586 590 -5.14742
586 598 -7.22802
586 602 5.96235
586 603 -5.53733
586 607 -5.52451
586 629 1.95892
586 638 4.48173
586 642 20.4651
586 646 7.14787
586 649 0.386366
586 673 3.14418
586 684 6.66899
586 685 2.02352
586 695 0.492569
587 598 -0.734192
587 607 -0.589241
588 613 -0.388623
589 601 -4.8442
590 598 -0.83062
590 603 -0.235596
591 613 3.31456
591 639 -0.890052
591 643 0.278913
593 595 -0.210556
594 600 0.388936
594 604 -2.20161
594 605 9.32331
594 626 3.09222
594 640 1.86737
594 648 -0.0105227
594 651 -4.8442
594 654 -0.107303
594 658 2.32731
596 600 -0.783497
596 614 1.17245
596 615 -0.556885
596 616 2.92586
596 617 1.08869
598 603 -4.43003
598 606 1.69346
598 607 3.15834
598 638 -3.20605
599 607 -0.0128878
599 612 -0.937584
599 622 -2.4624
599 634 -0.345735
600 616 -0.117848
600 617 -0.0625357
600 626 0.855882
600 640 0.00568926
601 619 -1.58363
601 621 1.39588
601 633 -4.05595
601 655 -0.281558
602 629 3.31536
603 606 -1.95015
605 620 6.68219
605 654 -0.271682
605 658 3.04957
605 664 -4.80722
607 610 1.27506
607 612 -2.05105
607 634 -7.46051
607 638 -2.69892
607 646 -4.8442
608 618 -1.24818
608 621 -0.0235042
608 623 0.144322
609 622 0.0718428
609 625 0.0925135
609 628 0.277431
609 630 0.0925135
609 634 0.109018
609 635 0.347834
609 650 0.184907
609 661 0.0925135
609 667 0.368998
609 668 0.0925135
609 678 0.0665888
609 685 0.0556889
609 698 0.0611419
611 614 0.530329
611 617 2.51925
611 637 1.59755
611 645 0.737725
611 647 0.436431
611 657 0.238947
611 663 -0.00504073
612 634 -10.3815
613 631 -2.48684
613 636 0.908372
613 639 -1.24312
613 643 6.76908
613 644 0.553591
613 652 4.33111
613 662 3.53037
613 679 -1.49683
614 615 -0.29889
614 617 1.61632
615 616 -0.533685
615 617 -0.597781
616 617 3.66184
616 626 -0.0121833
617 626 0.434888
617 640 5.11916
617 647 0.745042
617 659 2.06526
617 670 0.181574
618 621 -8.43822
618 623 -0.209435
619 621 -2.02352
620 633 -3.4037
620 664 -17.236
621 623 -1.19361
621 655 -0.0628466
621 665 0.058828
622 634 1.82612
622 635 0.371373
624 629 2.71175
626 640 9.74744
626 648 -0.219086
626 669 0.33816
626 670 1.15635
627 629 2.58569
628 661 2.47197
628 668 1.75131
628 686 0.0409519
628 698 2.5083
629 660 3.30493
629 671 8.10653
629 672 4.66681
629 673 7.9588
629 680 6.36944
629 683 0.421011
629 688 6.09575
629 689 10.5056
629 690 5.53733
629 691 -0.656698
629 699 -0.0109643
631 636 -0.474481
631 644 -1.25517
632 657 -4.44879
633 655 -1.04226
633 664 -10.3815
634 646 5.12159
634 667 0.150138
637 657 -0.132308
639 643 -0.278913
640 648 -0.0237851
640 659 1.32276
640 670 2.16697
642 649 7.26201
642 673 1.60208
642 683 1.81194
642 684 2.31952
643 662 0.749432
644 652 0.924115
644 657 0.0111107
645 647 0.500033
645 657 0.173257
645 663 -0.00763768
646 667 1.30083
646 685 3.06506
647 657 1.45126
647 659 0.667303
647 663 -0.13599
647 674 0.00289074
647 675 0.00755003
647 682 0.0329079
648 651 -2.9394
648 653 -1.14242e-07
648 669 -2.49543
649 673 1.96614
649 683 1.46211
650 678 1.93013
650 685 0.0979116
650 686 0.172355
651 653 -1.78253
651 654 -9.97346
651 669 -5.53733
652 657 3.14161
652 675 -7.31617
652 679 -2.93164
652 681 -7.11689
654 658 -0.329091
654 669 -3.93478
655 664 -2.36822
655 665 -0.898483
657 663 -2.82432
657 666 -4.97668
657 675 -2.18405
658 664 -2.14198
658 669 -1.37165
659 670 0.366839
659 674 0.00050011
659 675 0.0305689
662 676 -1.19412
662 679 -2.64993
663 666 0.652519
663 674 -0.0326818
663 675 -5.8809
663 682 -0.222407
664 665 3.14943
664 669 3.86541
664 670 3.14073
664 696 1.6313
664 699 -0.25771
665 687 0.0212136
665 689 0.000163078
665 699 -0.195008
666 675 -2.78039
667 677 3.83463
667 685 3.76258
667 693 -2.31072
669 670 2.6367
670 674 2.29871
670 675 2.42242
672 673 4.70202
672 683 0.421011
672 691 -0.720357
672 694 -2.06181
672 701 0.0562896
673 683 2.13981
673 694 -1.52308
673 701 0.11185
674 675 1.07396
675 679 5.96022
675 681 2.71175
675 682 2.36946
675 700 4.57424
676 679 1.28965
677 685 0.680588
677 693 -3.91844
678 685 0.523782
678 686 1.82401
678 698 0.185916
680 691 -3.1792
683 684 0.849093
683 692 1.93143
683 701 2.65615
684 692 2.2928
684 695 3.16322
685 686 0.151267
685 693 -0.349058
685 695 0.794069
685 697 2.72159
686 698 0.711969
687 699 -2.2142
689 699 -0.0101064
692 695 1.60463
692 701 1.0548
696 699 -0.0422355
