MULTICUT
0 6 1.6328169387983074
0 26 -0.5004308444200505
3 26 0.6698459156176995
3 8 -0.14812115655181013
8 15 -2.1419841365639445
15 28 -4.844202616288199
21 28 1.445594446330888
11 21 -0.353818619728701
11 13 1.3959338990403656
4 13 -3.43705550120135
4 29 2.5856857384930256
22 29 0.1168571278983801
22 49 -0.36989699244014895
38 49 1.0221648177565306
18 38 -3.2060451019615273
18 31 -1.083027742309897
16 31 -1.1037246319352672
1 16 -0.4674454634335292
1 14 0.3058452631148958
14 52 -2.9316434205780437
33 52 0.2582187931706581
20 33 2.7117470592609445
5 20 1.9149341938214999
2 5 4.844202556684481
2 7 2.93164334365634
7 17 -1.1457782950449733
10 17 0.41842577919951873
9 10 3.574453703354731
11 12 2.101269714871794
12 13 2.101269714871794
14 32 2.31951701078773
25 52 2.5856857384930256
10 78 1.0830275858277314
1 32 0.40219817433836536
24 32 1.3716527928075883
14 40 -0.6525189378391278
10 27 -0.10124760698692858
1 24 0.5504197869721676
40 52 -1.2327653271421226
25 33 -2.2726892867301896
7 44 -0.8864566941706382
17 44 -0.6698460476628039
27 78 2.93164334365634
1 19 3.3153580262671256
19 24 1.986327796610479
26 35 1.0422550037182607
32 39 0.7047961364960313
14 39 -1.1887676261434261
20 37 2.418966462073592
17 42 -2.2726892867301896
10 42 -0.4347079946705643
0 35 -1.1246387871621042
16 23 1.880614156109223
1 23 -0.6010891274007599
17 34 -0.7759822513321553
19 23 -0.14812115655181013
34 42 2.0618119072200103
0 67 -0.08565028243590467
35 67 0.8490926297285697
27 42 4.844202556684481
23 31 -0.7580155848378691
52 57 0.35381849771398977
23 24 -0.22663222628581936
25 57 -0.6010891274007599
26 30 0.7047961364960313
3 30 -0.11685724657693086
12 55 0.2582187931706581
13 55 0.3217949194737102
10 46 3.7324082779400585
10 45 3.7324082779400585
45 78 4.145152023550564
30 36 0.8122799937741847
3 36 2.2275794437459226
14 43 1.4968293639808472
7 58 3.015725255756913
33 37 1.347717671142901
44 58 0.9629978960423582
34 44 -1.6328170469254393
67 75 3.9184427168471876
8 54 0.5336849977291656
11 48 0.9244109312539295
33 57 -2.5856858519456853
6 67 -2.023524054927849
35 75 -0.10124760698692858
30 35 0.40219817433836536
15 54 -0.22663222628581936
48 55 -0.5841189757308616
6 61 0.9053573740495944
5 41 4.436121480203944
27 53 3.10674997290245
61 67 -3.3153581355547077
3 54 2.7803933118077264
6 60 2.5856857384930256
35 47 3.015725255756913
30 47 -0.2899342369326745
33 50 2.93164334365634
37 50 2.101269714871794
36 47 0.6352858046593717
21 48 -0.22663222628581936
24 51 0.6181436068748636
32 51 0.7401648358628796
39 51 3.3153580262671256
27 59 4.844202556684481
13 72 0.48390574875928927
13 73 1.9149341938214999
24 56 -1.0022630255891705
47 75 0.3058452631148958
72 73 2.646993557188065
23 56 -0.5672302300910688
53 78 4.145152023550564
21 64 1.6328169387983074
22 62 -0.023346044556825873
55 72 1.7825318837304605
49 62 -0.4184259027266788
39 43 1.188767543534301
28 65 0.7759821143416219
21 65 -0.14812115655181013
49 63 -0.40219829746062086
64 65 -0.4347079946705643
38 63 3.574453703354731
29 62 -2.0618119810484816
10 66 2.646993557188065
15 65 -2.4719661045957224
48 64 -0.7047962700763302
31 56 0.40219817433836536
51 56 1.445594446330888
46 66 4.436121480203944
48 70 -0.9244110766470177
10 69 -1.3477177614522067
64 70 0.6698459156176995
62 63 0.3058452631148958
48 71 -1.1037246319352672
18 85 -0.4510470176203887
55 71 0.7940688968903633
4 73 -1.0625403846496646
31 85 -0.24241052705099042
66 69 -0.13248112001244716
29 97 -1.60462908492035
62 97 0.1637791782871667
27 34 1.3716527928075883
4 87 -1.1887676261434261
29 87 -2.2726892867301896
5 68 1.7513136084096503
70 71 -1.4710064589046166
41 68 1.880614156109223
47 79 0.7047961364960313
36 79 -0.4510470176203887
87 97 3.015725255756913
5 7 0.22663210648628773
27 78 4.145152023550564
4 86 -1.8806142848807943
33 95 -3.732408358890588
5 74 2.8534721380276795
7 74 1.210635526973574
10 78 2.5856857384930256
75 79 -0.8306198826413334
73 86 0.8122799937741847
40 43 -0.5004308444200505
57 95 0.41842577919951873
50 95 -0.867703438765498
65 76 -0.32179504083642385
18 77 0.6010889981175147
40 94 -2.9316434205780437
52 94 -2.22757952790676
27 82 5.537334267018537
64 76 -0.6525189378391278
38 77 0.33778526158074773
5 68 1.986327796610479
61 88 2.0618119072200103
67 88 -3.732408358890588
15 80 0.10124748840924536
65 80 -3.2060451019615273
39 107 -4.844202616288199
43 107 -4.145152083743929
40 107 -3.106750063060895
94 107 3.7324082779400585
37 96 -2.368217501379304
34 82 3.3153580262671256
69 78 0.023345926266394867
54 89 -1.4968294629075651
51 107 -4.43612156009328
57 94 -4.145152083743929
20 96 -4.145152083743929
68 81 1.6908566753683048
80 89 -0.8864566941706382
76 80 -0.7047962700763302
86 87 4.844202556684481
74 81 3.015725255756913
71 91 0.007781661256567096
55 84 -0.4510470176203887
62 93 -0.19515772478657212
77 85 2.5856857384930256
69 104 0.1168571278983801
70 91 -1.690856787854381
72 84 -0.16377929735639296
63 93 1.6908566753683048
66 104 3.4370554399806776
3 83 -1.167151619412428
76 90 -0.9436227297103521
64 90 -3.0157253387444354
56 107 -2.8534722097520193
69 112 -0.6872706606037844
54 83 -1.9501526936104758
93 97 1.1457782142804072
7 44 -0.9436227297103521
78 112 2.368217406966919
104 112 3.7324082779400585
36 100 -1.3477177614522067
70 90 -3.106750063060895
6 88 -1.0022630255891705
83 100 0.6010889981175147
71 84 0.054484828546315534
5 81 2.5274488884529975
38 101 -0.14812115655181013
79 100 -0.867703438765498
83 89 -0.36989699244014895
63 101 -0.6010891274007599
31 107 -3.2060451019615273
77 101 2.0618119072200103
90 91 0.1637791782871667
73 84 -1.0022630255891705
79 103 -0.867703438765498
80 99 -1.0221649697100497
76 99 -1.0625403846496646
5 98 4.436121480203944
100 103 1.9501526258096291
37 95 -2.0618119810484816
89 92 -1.2778514672160726
78 102 2.418966462073592
78 104 4.145152023550564
92 99 2.7803933118077264
84 86 -0.11685724657693086
27 102 2.141984057957801
31 108 -2.2726892867301896
107 108 2.184051378192568
57 107 -3.3153581355547077
5 110 0.40219817433836536
90 99 -0.8306198826413334
93 101 -3.5744537730315336
96 110 -1.8144600365838361
6 114 2.5856857384930256
6 115 -0.8122801326543725
88 115 3.574453703354731
83 138 0.03891301945135828
89 138 -1.042255157127819
85 107 -3.732408358890588
114 115 -0.36989699244014895
75 103 -1.0625403846496646
100 138 2.368217406966919
92 138 3.574453703354731
5 74 3.3153580262671256
84 106 0.5336849977291656
37 109 -0.8864566941706382
96 109 0.48390574875928927
67 115 -3.9184428135768994
86 106 4.145152023550564
90 92 -0.618143736811748
91 92 0.41842577919951873
71 92 -0.7759822513321553
84 92 -0.17945749696390423
37 57 -4.43612156009328
34 121 -0.5672302300910688
92 106 4.844202556684481
37 107 2.368217406966919
44 121 -1.5230824363372633
82 121 0.5841188470777665
101 105 1.2551669361900215
77 105 -1.0221649697100497
27 116 2.7803933118077264
77 107 -5.53733426701854
46 104 4.145152023550564
82 116 3.574453703354731
75 113 -0.6525189378391278
102 111 2.368217406966919
67 113 -0.07006336313715722
27 111 2.93164334365634
103 138 2.7803933118077264
103 113 -1.042255157127819
105 107 -1.3959339919795308
78 111 3.7324082779400585
113 115 -2.4719661045957224
116 121 0.9436225830949259
96 119 -3.732408358890588
93 105 -4.43612156009328
109 119 -1.986327866288225
110 119 3.574453703354731
5 7 2.93164334365634
37 117 -4.145152083743929
109 117 0.7401648358628796
5 119 0.7759821143416219
5 120 3.4370554399806776
113 138 -0.867703438765498
78 118 3.7324082779400585
7 121 -5.53733426701854
98 119 2.368217406966919
104 125 3.3153580262671256
46 125 1.471006361575077
115 133 0.21088184704301205
113 133 2.93164334365634
115 123 3.015725255756913
97 122 0.19515760538251437
93 122 -2.22757952790676
93 127 0.4674453385798212
123 133 0.22663210648628773
105 127 -4.43612156009328
117 119 -5.53733426701854
86 97 1.445594446330888
111 116 2.4719660016221714
92 124 3.7324082779400585
124 138 4.844202556684481
86 122 1.103724552883528
107 127 -4.844202616288199
114 123 -0.9436227297103521
114 126 1.880614156109223
121 131 2.5274488884529975
116 131 5.537334267018537
123 126 -0.27405945275533616
122 127 2.141984057957801
114 128 1.347717671142901
106 124 1.880614156109223
86 124 3.2060450031958343
126 128 4.844202556684481
121 147 -2.368217501379304
78 132 1.6615501074318497
7 147 -1.2106356105583946
123 129 2.7803933118077264
129 133 -0.8864566941706382
107 130 4.436121480203944
78 116 2.93164334365634
98 134 -0.038913137770452355
5 134 -0.7940690348095123
119 136 2.8534721380276795
133 138 1.0422550037182607
118 132 -0.32179504083642385
116 137 2.2726891994400433
116 118 0.07006324471763459
118 141 0.08565016394454328
132 141 3.9184427168471876
107 117 -2.2726892867301896
119 134 0.19515760538251437
131 147 -4.145152083743929
116 141 3.3153580262671256
126 129 -0.5841189757308616
124 135 5.537334267018537
122 138 -0.13248112001244716
116 140 3.7324082779400585
135 138 4.436121480203944
86 138 3.574453703354731
124 138 2.93164334365634
127 138 3.574453703354731
137 140 4.145152023550564
117 144 -3.5744537730315336
119 142 -2.7117471225450083
119 181 0.5170228985401271
78 140 3.7324082779400585
104 140 3.015725255756913
107 144 2.418966462073592
119 144 2.646993557188065
134 181 3.015725255756913
132 140 2.0618119072200103
129 143 3.10674997290245
133 143 -0.7401649710893459
6 146 -5.53733426701854
5 156 0.2899341161553104
136 142 -1.3477177614522067
134 156 0.9244109312539295
136 139 3.2060450031958343
136 145 -0.07006336313715722
119 145 1.72076695640305
107 157 1.3008299128497565
126 143 -1.2327653271421226
127 157 -5.53733426701854
145 181 2.7117470592609445
125 140 4.436121480203944
139 145 -0.32179504083642385
140 141 4.145152023550564
116 149 5.537334267018537
116 140 3.015725255756913
138 148 4.844202556684481
119 150 1.604628978813839
120 156 0.1794573777347761
144 150 2.418966462073592
139 142 -1.5769600686022973
142 151 -0.6872706606037844
139 151 2.5856857384930256
143 152 3.7324082779400585
133 152 0.7224263377855422
6 153 -2.9316434205780437
119 155 -0.6872706606037844
142 155 -3.2060451019615273
146 153 -0.9244110766470177
150 155 -0.7940690348095123
7 120 -0.5672302300910688
150 154 3.10674997290245
142 158 0.5336849977291656
142 161 0.2899341161553104
156 166 4.844202556684481
120 166 0.4347078707200993
120 159 0.2582187931706581
7 159 -0.6525189378391278
154 155 0.9053573740495944
158 161 0.48390574875928927
151 161 2.2726891994400433
159 166 1.347717671142901
140 149 4.844202556684481
6 128 2.4719660016221714
138 157 -3.106750063060895
155 158 3.015725255756913
7 166 -3.9184428135768994
156 181 4.844202556684481
140 160 1.72076695640305
126 152 -0.4347079946705643
138 162 -0.22663222628581936
116 140 2.4719660016221714
144 154 2.184051378192568
157 162 -0.3860227795812654
139 181 -1.3959339919795308
151 181 -3.0157253387444354
116 147 -2.7803933790295874
125 160 1.9149341938214999
146 165 -1.1457782950449733
152 164 3.574453703354731
138 163 3.7324082779400585
107 167 1.604628978813839
144 167 2.184051378192568
116 169 0.08565016394454328
126 164 0.7224263377855422
147 169 0.41842577919951873
7 169 -2.319517101482562
154 158 1.9149341938214999
6 168 2.31951701078773
138 172 0.982542654754837
162 172 4.844202556684481
153 171 0.10124748840924536
6 171 -2.22757952790676
146 171 0.242410407030617
161 181 -3.2060451019615273
125 140 3.015725255756913
133 164 0.35381849771398977
166 169 3.3153580262671256
165 171 1.6328169387983074
133 174 3.9184427168471876
138 174 0.5336849977291656
128 164 0.6872705278045488
163 172 0.6010889981175147
154 167 0.03891301945135828
154 161 1.8144599138640842
140 170 1.3959338990403656
154 178 -0.353818619728701
116 180 -2.22757952790676
167 178 3.015725255756913
169 180 -0.21088196663715686
164 174 2.2726891994400433
169 183 3.574453703354731
140 175 2.7803933118077264
180 183 3.574453703354731
170 175 2.5856857384930256
128 173 2.5856857384930256
164 173 5.537334267018537
161 179 -2.368217501379304
140 180 -3.43705550120135
163 174 -0.8306198826413334
179 181 2.8534721380276795
163 182 1.0422550037182607
174 182 4.844202556684481
172 182 4.145152023550564
6 176 2.2275794437459226
107 177 1.188767543534301
167 177 3.3153580262671256
140 175 2.7117470592609445
168 176 4.436121480203944
166 181 4.145152023550564
154 179 -2.5856858519456853
128 176 2.368217406966919
6 176 2.368217406966919
173 176 4.145152023550564
169 181 3.4370554399806776
157 185 0.5841188470777665
162 185 -0.24241052705099042
6 200 1.9501526258096291
154 184 -0.7759822513321553
171 200 4.145152023550564
179 184 2.418966462073592
175 180 -2.1419841365639445
107 185 -0.867703438765498
107 167 1.3959338990403656
175 199 -1.1457782950449733
180 199 1.471006361575077
154 187 3.7324082779400585
107 178 2.368217406966919
181 184 3.10674997290245
178 186 1.6615501074318497
154 186 -3.106750063060895
175 190 -3.9184428135768994
140 199 -3.106750063060895
190 199 3.9184427168471876
175 199 -1.2327653271421226
154 193 -0.9436227297103521
184 193 3.3153580262671256
180 189 4.436121480203944
187 193 0.8490926297285697
180 194 2.101269714871794
180 197 3.015725255756913
140 202 -2.2726892867301896
183 194 3.10674997290245
189 194 3.4370554399806776
197 199 1.6328169387983074
199 202 2.7803933118077264
6 188 2.141984057957801
174 192 3.3153580262671256
169 197 -0.5170230248961472
125 202 -2.319517101482562
125 191 2.93164334365634
181 197 3.2060450031958343
183 197 1.6908566753683048
186 187 -3.9184428135768994
107 195 2.8534721380276795
189 196 0.7047961364960313
180 196 1.9501526258096291
181 193 3.10674997290245
188 200 -1.2551670218420983
194 197 3.574453703354731
191 202 -1.6328170469254393
107 198 4.436121480203944
107 234 3.4370554399806776
182 201 2.8534721380276795
178 205 2.184051378192568
174 201 4.844202556684481
107 205 3.574453703354731
196 197 2.184051378192568
6 204 2.101269714871794
173 203 3.7324082779400585
191 231 -2.1419841365639445
176 204 3.574453703354731
176 203 3.574453703354731
172 201 2.93164334365634
186 205 -1.751313725733529
194 196 0.2582187931706581
202 231 2.4719660016221714
107 162 -2.368217501379304
172 174 4.145152023550564
195 206 2.2275794437459226
107 206 -0.3860227795812654
198 206 1.8471390342477205
107 172 -2.4719661045957224
199 231 4.145152023550564
125 231 -0.8490927706325437
164 203 0.1794573777347761
172 195 -2.8534722097520193
203 208 0.5672301020452246
164 208 1.0022628750411067
198 234 1.7513136084096503
174 208 2.2726891994400433
174 201 3.574453703354731
187 209 0.3217949194737102
193 209 3.10674997290245
206 210 2.4719660016221714
198 211 2.646993557188065
205 234 3.4370554399806776
125 213 0.4347078707200993
211 234 3.7324082779400585
171 207 3.9184427168471876
195 210 2.101269714871794
187 214 3.2060450031958343
209 214 3.10674997290245
125 216 -1.6615502176829433
171 188 -1.167151619412428
213 216 3.574453703354731
6 171 -1.324114566604422
125 220 -0.5504199144331001
181 209 2.2726891994400433
220 231 2.8534721380276795
213 220 1.604628978813839
171 226 2.5856857384930256
197 212 0.03891301945135828
199 212 3.2060450031958343
176 208 -0.023346044556825873
198 210 1.2778513804684322
207 226 3.9184427168471876
174 176 2.418966462073592
201 217 2.31951701078773
195 215 1.2551669361900215
210 215 3.9184427168471876
205 222 -0.14812115655181013
174 217 3.9184427168471876
222 234 2.0618119072200103
186 222 3.4370554399806776
174 219 3.4370554399806776
172 219 0.4674453385798212
172 218 2.418966462073592
198 215 1.0625402297313233
218 219 2.7117470592609445
211 215 2.93164334365634
187 224 -1.167151619412428
186 224 -1.3959339919795308
171 226 3.9184427168471876
6 221 2.0618119072200103
174 195 -1.3008300007371676
187 209 2.93164334365634
171 221 -1.3008300007371676
172 174 2.93164334365634
204 226 2.418966462073592
176 226 3.015725255756913
174 226 4.145152023550564
186 228 -1.420575958424365
204 221 2.7803933118077264
174 215 3.3153580262671256
222 228 -1.1457782950449733
224 228 2.2726891994400433
218 223 1.471006361575077
172 223 2.2726891994400433
219 223 4.436121480203944
220 225 1.880614156109223
225 231 4.436121480203944
215 227 1.0221648177565306
221 226 1.604628978813839
174 227 1.471006361575077
174 229 4.436121480203944
220 231 2.023523983245292
213 231 0.7759821143416219
216 231 1.0022628750411067
174 223 3.7324082779400585
211 227 -1.2106356105583946
221 230 3.574453703354731
204 230 1.986327796610479
226 230 3.9184427168471876
226 232 4.436121480203944
174 237 3.9184427168471876
226 237 4.436121480203944
209 239 2.646993557188065
181 239 4.145152023550564
174 237 4.145152023550564
172 174 3.4370554399806776
222 235 3.3153580262671256
174 211 4.844202556684481
228 235 0.5841188470777665
233 234 4.436121480203944
229 237 2.7117470592609445
222 233 1.880614156109223
222 234 2.7117470592609445
232 236 1.3241144775306468
226 236 3.574453703354731
234 235 4.145152023550564
172 240 1.124638707269666
174 240 3.2060450031958343
174 240 3.574453703354731
174 238 3.4370554399806776
187 239 1.232765242543629
174 234 2.8534721380276795
235 241 3.015725255756913
197 199 -0.7047962700763302
226 242 1.2778513804684322
236 242 2.101269714871794
228 241 -0.0544849469084292
174 243 2.5274488884529975
187 248 3.015725255756913
199 245 4.436121480203944
239 248 2.31951701078773
240 243 1.5497853865743236
199 246 3.4370554399806776
237 238 1.7513136084096503
197 246 2.31951701078773
236 250 -0.618143736811748
226 244 3.9184427168471876
242 250 -1.4710064589046166
224 249 0.21088184704301205
187 249 1.9149341938214999
226 250 -3.732408358890588
174 237 2.5274488884529975
228 235 1.2778513804684322
174 247 -0.7940690348095123
228 249 2.7117470592609445
244 250 0.7401648358628796
228 234 1.0022628750411067
174 251 3.9184427168471876
247 251 -0.4510470176203887
237 253 0.8490926297285697
237 254 1.9149341938214999
226 253 4.145152023550564
174 256 2.4719660016221714
239 252 2.93164334365634
253 254 3.015725255756913
174 254 2.2726891994400433
234 257 1.8144599138640842
248 249 3.10674997290245
199 255 3.015725255756913
228 257 2.93164334365634
248 252 1.3008299128497565
174 260 -0.8864566941706382
247 260 -2.5856858519456853
228 259 3.4370554399806776
197 258 4.436121480203944
251 256 -0.4347079946705643
174 257 2.418966462073592
249 259 4.436121480203944
251 302 0.07006324471763459
251 260 -2.0618119810484816
256 302 3.10674997290245
181 261 -2.7803933790295874
245 255 4.436121480203944
260 302 3.2060450031958343
256 257 2.7803933118077264
199 255 2.141984057957801
197 262 3.2060450031958343
197 199 -0.007781779532672672
249 252 1.880614156109223
226 266 2.8534721380276795
174 265 0.023345926266394867
253 266 2.7803933118077264
244 273 1.103724552883528
174 267 1.5230823357393546
250 273 3.4370554399806776
265 267 0.07006324471763459
260 265 2.7803933118077264
260 267 2.0618119072200103
256 263 3.7324082779400585
256 274 -0.6698460476628039
264 302 2.31951701078773
256 264 1.8144599138640842
253 268 0.007781661256567096
255 270 1.604628978813839
199 270 1.9149341938214999
257 271 -3.5744537730315336
181 252 -1.4968294629075651
253 272 -0.40219829746062086
266 272 2.31951701078773
268 272 4.436121480203944
254 268 1.188767543534301
252 261 -2.319517101482562
256 269 0.023345926266394867
263 269 2.5274488884529975
264 269 0.33778526158074773
256 269 -0.10124760698692858
228 271 -3.9184428135768994
256 271 -2.9316434205780437
199 262 -1.751313725733529
252 259 1.1671515377428254
269 274 -1.324114566604422
259 271 -4.43612156009328
244 266 2.93164334365634
254 279 -0.9825428039459942
267 279 2.5274488884529975
199 277 1.0422550037182607
260 279 4.145152023550564
262 277 -1.60462908492035
270 277 1.0422550037182607
269 302 -1.083027742309897
181 252 -2.7803933790295874
269 275 0.8677032967963991
275 302 -0.5004308444200505
274 275 -0.9436227297103521
266 276 3.3153580262671256
272 276 2.0618119072200103
256 286 -2.0618119810484816
244 276 2.5274488884529975
271 286 -1.2106356105583946
252 271 -3.732408358890588
244 278 2.7117470592609445
277 287 1.2778513804684322
262 287 0.4674453385798212
244 281 1.0625402297313233
268 279 -3.43705550120135
252 280 3.3153580262671256
278 281 2.5856857384930256
273 282 2.4719660016221714
244 284 1.8471390342477205
244 282 0.6872705278045488
255 277 -0.9436227297103521
278 284 2.8534721380276795
268 276 -0.14812115655181013
244 283 1.8471390342477205
274 288 4.145152023550564
256 288 -3.43705550120135
281 283 1.232765242543629
250 282 2.368217406966919
276 279 -2.1012697910023577
262 290 2.8534721380276795
286 288 1.6328169387983074
274 285 -1.1246387871621042
271 289 1.3959338990403656
252 293 0.3058452631148958
275 285 2.31951701078773
271 293 -2.8534722097520193
280 293 2.8534721380276795
287 290 3.7324082779400585
281 284 2.7803933118077264
283 284 1.72076695640305
286 289 0.41842577919951873
250 291 4.844202556684481
285 302 3.574453703354731
287 294 2.0618119072200103
277 294 -2.1840514594677467
282 301 0.38602265684584536
244 301 -0.17945749696390423
250 301 3.574453703354731
199 277 -4.145152083743929
244 295 1.7513136084096503
283 295 -0.7940690348095123
260 292 2.93164334365634
244 279 -2.22757952790676
289 293 -2.5274489963885465
295 301 2.418966462073592
286 299 -2.8534722097520193
289 299 -4.844202616288199
279 284 -5.53733426701854
279 292 0.7047961364960313
284 295 2.2726891994400433
288 299 -2.22757952790676
292 302 2.184051378192568
279 302 2.184051378192568
289 306 -4.844202616288199
181 300 4.436121480203944
299 306 2.646993557188065
291 297 2.418966462073592
291 298 3.574453703354731
293 306 2.101269714871794
291 296 1.6615501074318497
262 287 2.7117470592609445
284 301 2.5274488884529975
181 304 3.4370554399806776
197 304 2.646993557188065
296 297 1.5497853865743236
288 309 -1.2551670218420983
299 309 1.4968293639808472
294 303 2.7117470592609445
277 303 -2.4719661045957224
297 298 0.5672301020452246
199 305 1.103724552883528
291 301 4.436121480203944
277 305 -4.43612156009328
199 307 0.023345926266394867
285 288 -1.042255157127819
305 307 1.5230823357393546
291 296 1.0221648177565306
279 310 3.4370554399806776
291 297 2.023523983245292
291 308 3.574453703354731
279 301 -5.53733426701854
279 314 1.0022628750411067
181 313 3.015725255756913
303 311 3.015725255756913
277 311 -1.6615502176829433
310 314 2.7803933118077264
302 314 2.5856857384930256
252 313 2.101269714871794
287 303 -0.635285935274005
288 315 -0.36989699244014895
285 315 2.2726891994400433
309 315 2.5274488884529975
280 316 1.188767543534301
280 312 1.0830275858277314
252 312 3.2060450031958343
306 309 -0.17945749696390423
312 316 2.4719660016221714
309 318 1.0422550037182607
306 318 0.9629978960423582
280 306 2.5856857384930256
262 304 2.5274488884529975
301 319 -4.43612156009328
279 319 2.101269714871794
287 311 -0.21088196663715686
181 325 3.9184427168471876
231 317 4.145152023550564
300 325 3.3153580262671256
181 324 2.2726891994400433
262 311 1.8144599138640842
313 324 3.574453703354731
291 320 2.5274488884529975
199 326 0.8490926297285697
199 317 3.4370554399806776
307 326 2.023523983245292
302 310 3.7324082779400585
280 322 0.2582187931706581
316 322 1.7513136084096503
199 321 2.93164334365634
277 307 -3.2060451019615273
321 326 2.646993557188065
252 323 -1.1457782950449733
306 322 -0.36989699244014895
312 323 0.5170228985401271
277 328 0.369896870073811
311 328 1.9501526258096291
285 309 4.844202556684481
316 323 -0.3860227795812654
181 262 2.5856857384930256
320 327 3.9184427168471876
291 319 -4.145152083743929
306 330 0.369896870073811
316 329 -3.732408358890588
323 329 -2.6469936768108107
318 330 0.9244109312539295
322 330 2.023523983245292
322 329 -1.3959339919795308
199 326 1.3241144775306468
277 326 -3.0157253387444354
318 332 2.5856857384930256
310 319 3.10674997290245
330 332 2.7803933118077264
252 329 -3.2060451019615273
199 231 0.8490926297285697
319 320 -3.9184428135768994
328 342 2.5274488884529975
285 331 2.023523983245292
309 334 2.646993557188065
199 333 2.8534721380276795
329 330 0.2582187931706581
326 333 4.145152023550564
252 341 1.471006361575077
319 327 -3.732408358890588
329 341 -0.14812115655181013
277 342 -0.21088196663715686
327 336 -4.145152083743929
319 336 2.8534721380276795
309 338 1.1671515377428254
318 338 0.7047961364960313
302 335 3.574453703354731
277 340 3.4370554399806776
326 340 -3.2060451019615273
332 338 4.844202556684481
285 334 4.145152023550564
181 313 1.3959338990403656
311 342 3.9184427168471876
329 337 2.5274488884529975
262 339 3.015725255756913
334 338 -0.22663222628581936
337 341 1.8471390342477205
199 326 2.5274488884529975
181 300 2.8534721380276795
181 339 -2.1419841365639445
340 342 1.6615501074318497
329 343 2.5274488884529975
285 335 1.471006361575077
337 343 4.145152023550564
331 335 1.2551669361900215
330 343 2.5274488884529975
326 346 4.145152023550564
310 344 5.537334267018537
181 345 1.880614156109223
181 252 -3.5744537730315336
340 346 -1.914934325902037
332 334 -1.8144600365838361
330 337 1.5497853865743236
319 348 4.436121480203944
252 347 2.2275794437459226
310 348 2.646993557188065
181 347 -3.3153581355547077
339 345 -1.1887676261434261
337 353 -1.1246387871621042
341 353 1.5769599644200505
332 350 4.145152023550564
330 350 1.986327796610479
262 352 -2.2726892867301896
311 352 -1.4710064589046166
334 356 1.5230823357393546
337 349 -1.0221649697100497
262 355 -3.106750063060895
332 356 0.38602265684584536
330 349 0.7047961364960313
252 353 2.93164334365634
352 355 4.844202556684481
337 351 0.35381849771398977
311 357 -1.324114566604422
342 357 -3.5744537730315336
285 356 2.101269714871794
351 353 4.145152023550564
352 357 3.4370554399806776
181 339 -1.3008300007371676
349 351 1.188767543534301
332 354 5.537334267018537
302 331 0.8122799937741847
331 356 -4.145152083743929
300 339 -1.042255157127819
300 362 3.10674997290245
330 358 1.0830275858277314
349 358 0.7940688968903633
340 357 -4.844202616288199
351 358 0.8122799937741847
252 330 0.242410407030617
252 385 3.574453703354731
262 360 2.2726891994400433
346 361 1.347717671142901
326 361 4.436121480203944
339 362 -2.8534722097520193
310 319 2.8534721380276795
252 350 -0.40219829746062086
252 358 -0.8122801326543725
351 359 2.7803933118077264
340 380 -4.145152083743929
340 361 -3.5744537730315336
358 359 2.7803933118077264
181 252 -2.8534722097520193
357 380 2.4719660016221714
181 362 3.7324082779400585
252 362 -3.2060451019615273
361 380 1.604628978813839
252 359 0.8490926297285697
332 368 3.9184427168471876
354 368 2.7117470592609445
353 359 1.7825318837304605
356 366 3.10674997290245
332 363 2.5856857384930256
350 363 1.103724552883528
262 369 3.2060450031958343
356 368 2.5856857384930256
331 365 3.7324082779400585
331 370 -1.60462908492035
356 370 0.982542654754837
354 364 2.5856857384930256
332 364 0.6010889981175147
365 370 -1.986327866288225
363 364 1.6328169387983074
360 369 3.4370554399806776
364 368 1.471006361575077
364 367 1.5230823357393546
363 367 2.8534721380276795
262 373 -3.43705550120135
366 370 3.9184427168471876
355 373 3.7324082779400585
252 363 -1.7825320036768968
364 371 -0.023346044556825873
368 371 2.5274488884529975
367 371 1.986327796610479
326 380 1.445594446330888
199 380 1.7513136084096503
339 374 -4.844202616288199
339 375 -3.0157253387444354
374 375 1.880614156109223
262 377 -1.2778514672160726
356 371 1.103724552883528
252 372 -1.9501526936104758
362 372 5.537334267018537
262 379 -4.43612156009328
262 360 1.0625402297313233
377 379 -2.8534722097520193
367 376 2.31951701078773
363 376 4.844202556684481
363 385 2.4719660016221714
371 376 2.646993557188065
339 381 -2.1840514594677467
262 382 -2.368217501379304
374 381 0.7580154487445683
373 382 3.015725255756913
339 381 -5.53733426701854
262 381 -1.8144600365838361
331 370 0.03891301945135828
377 381 2.31951701078773
360 382 -2.7803933790295874
366 378 1.3241144775306468
356 378 -0.6010891274007599
362 383 0.8490926297285697
372 383 3.015725255756913
339 383 2.101269714871794
375 381 -2.8534722097520193
360 379 -5.53733426701854
356 376 3.574453703354731
372 385 2.7117470592609445
360 386 -4.43612156009328
370 378 2.5856857384930256
379 386 -4.145152083743929
352 380 1.5497853865743236
383 389 1.986327796610479
339 389 -0.038913137770452355
379 391 0.10124748840924536
360 387 -4.844202616288199
382 387 -2.1419841365639445
380 384 -1.0625403846496646
381 389 -1.3959339919795308
377 391 -1.4455945421327967
352 388 2.5856857384930256
386 391 0.7224263377855422
386 387 -0.2899342369326745
355 390 2.2275794437459226
380 394 -2.9316434205780437
384 394 0.4347078707200993
352 390 1.3241144775306468
382 392 -2.5856858519456853
380 393 4.844202556684481
380 395 -2.4719661045957224
383 385 1.7825318837304605
387 392 1.2551669361900215
394 395 3.015725255756913
352 390 2.8534721380276795
380 390 1.3959338990403656
373 392 -3.732408358890588
373 396 -3.5744537730315336
355 396 -4.844202616288199
392 396 1.0221648177565306
388 390 0.33778526158074773
390 393 -0.22663222628581936
377 397 3.10674997290245
391 397 -1.751313725733529
386 392 0.2582187931706581
302 401 5.537334267018537
331 401 0.10124748840924536
380 394 -2.8534722097520193
381 398 2.418966462073592
377 398 2.418966462073592
386 399 -5.53733426701854
386 400 -3.2060451019615273
393 406 -2.7803933790295874
391 399 -4.844202616288199
399 400 3.10674997290245
355 407 -2.1419841365639445
390 406 -4.844202616288199
397 398 3.015725255756913
396 407 0.6872705278045488
390 407 -3.9184428135768994
393 394 -2.5274489963885465
356 385 4.844202556684481
383 406 -5.53733426701854
389 406 -4.844202616288199
386 404 -4.43612156009328
356 363 3.4370554399806776
400 404 2.8534721380276795
385 402 3.9184427168471876
389 403 -3.2060451019615273
381 403 -1.8806142848807943
393 405 -1.60462908492035
403 406 1.3959338990403656
386 406 -2.6469936768108107
392 406 -5.53733426701854
404 406 3.7324082779400585
405 406 1.986327796610479
396 406 -0.4347079946705643
406 407 2.646993557188065
394 405 1.445594446330888
381 406 -3.43705550120135
406 407 2.7803933118077264
397 406 -5.53733426701854
391 406 -4.43612156009328
399 406 4.844202556684481
385 406 -5.53733426701854
398 406 -3.9184428135768994
394 406 3.3153580262671256
378 409 2.2726891994400433
356 409 2.023523983245292
394 408 4.436121480203944
400 406 1.5769599644200505
406 410 2.2726891994400433
407 410 2.2275794437459226
402 406 -4.43612156009328
406 410 2.5856857384930256
370 401 3.015725255756913
406 408 3.9184427168471876
410 411 1.5497853865743236
406 411 2.184051378192568
406 412 3.2060450031958343
378 413 2.7803933118077264
356 413 1.445594446330888
409 413 0.5170228985401271
402 412 -4.43612156009328
310 417 3.4370554399806776
356 415 0.40219817433836536
413 415 2.8534721380276795
402 414 3.2060450031958343
408 416 2.7117470592609445
406 416 3.2060450031958343
402 418 1.8471390342477205
408 419 1.986327796610479
402 421 -2.9316434205780437
412 421 -1.2551670218420983
406 421 -1.690856787854381
416 419 2.101269714871794
310 420 3.7324082779400585
417 420 3.3153580262671256
414 421 -2.418966560561031
385 418 -0.21088196663715686
418 423 0.652518806521984
402 423 -3.9184428135768994
402 421 -2.6469936768108107
310 425 2.93164334365634
370 424 3.3153580262671256
378 424 1.124638707269666
418 422 1.5497853865743236
421 427 2.101269714871794
421 423 3.7324082779400585
406 427 -3.106750063060895
302 425 1.232765242543629
422 423 -1.6615502176829433
310 417 3.015725255756913
406 419 4.145152023550564
419 426 1.9501526258096291
413 424 3.3153580262671256
408 426 4.844202556684481
418 428 0.07006324471763459
422 428 -1.5497854889223055
385 428 -2.1419841365639445
422 430 -0.533685124626992
423 430 -5.53733426701854
421 435 0.242410407030617
406 429 3.7324082779400585
427 435 0.8122799937741847
302 432 3.574453703354731
385 437 -0.867703438765498
428 437 0.2899341161553104
423 435 0.22663210648628773
310 431 2.023523983245292
425 431 3.4370554399806776
385 439 3.4370554399806776
437 439 -0.08565028243590467
422 440 -1.690856787854381
302 431 0.1794573777347761
428 440 -1.0221649697100497
430 440 -3.43705550120135
430 435 -2.6469936768108107
385 434 3.10674997290245
408 419 2.5856857384930256
302 433 4.844202556684481
406 438 2.646993557188065
401 433 3.015725255756913
385 436 2.7803933118077264
406 408 2.5856857384930256
437 440 1.880614156109223
429 438 4.436121480203944
406 441 2.368217406966919
406 435 -3.732408358890588
415 434 1.3241144775306468
434 436 0.4347078707200993
406 442 1.6615501074318497
436 439 1.3959338990403656
408 441 2.2275794437459226
435 443 2.4719660016221714
430 443 -1.042255157127819
440 443 0.3058452631148958
439 445 3.4370554399806776
436 445 2.023523983245292
415 436 -1.4968294629075651
406 444 2.7803933118077264
442 444 2.418966462073592
437 445 1.0830275858277314
406 443 -4.844202616288199
406 446 3.2060450031958343
415 445 -2.9316434205780437
406 448 3.10674997290245
406 447 4.436121480203944
406 444 1.5230823357393546
406 450 3.4370554399806776
447 450 3.574453703354731
310 449 4.436121480203944
415 453 -4.145152083743929
443 451 1.5497853865743236
438 444 2.5274488884529975
440 451 0.7401648358628796
440 452 1.604628978813839
437 452 -0.7401649710893459
451 452 2.4719660016221714
437 456 -3.9184428135768994
437 454 -1.751313725733529
452 454 2.0618119072200103
454 456 1.7825318837304605
406 455 1.4968293639808472
415 461 1.5769599644200505
447 455 3.10674997290245
453 461 -2.319517101482562
445 456 -2.9316434205780437
429 457 3.7324082779400585
450 459 2.646993557188065
406 459 1.9501526258096291
441 455 2.2726891994400433
451 458 -0.4347079946705643
429 444 1.4205758640846524
415 456 1.1457782142804072
443 458 -1.7207670712436016
406 429 2.4719660016221714
408 469 4.436121480203944
452 458 -0.023346044556825873
441 469 0.982542654754837
302 460 3.9184427168471876
452 463 2.7117470592609445
458 463 0.9053573740495944
453 477 -3.9184428135768994
454 463 1.72076695640305
406 462 2.101269714871794
455 469 2.7117470592609445
447 469 2.4719660016221714
429 462 4.844202556684481
456 463 -0.4184259027266788
417 470 3.9184427168471876
310 465 4.145152023550564
456 467 3.2060450031958343
463 466 3.4370554399806776
458 466 0.7580154487445683
406 429 3.574453703354731
429 464 2.8534721380276795
310 470 3.015725255756913
415 477 -5.53733426701854
463 467 2.7117470592609445
302 472 0.3217949194737102
431 432 4.436121480203944
460 472 3.574453703354731
302 401 2.7803933118077264
406 458 -3.9184428135768994
406 464 1.9149341938214999
401 472 1.188767543534301
310 471 1.604628978813839
431 471 2.5274488884529975
447 468 2.93164334365634
468 469 1.7513136084096503
449 471 3.574453703354731
461 477 -5.53733426701854
406 450 2.2275794437459226
450 468 1.103724552883528
415 478 -4.844202616288199
456 478 -4.43612156009328
302 460 4.844202556684481
415 477 -4.844202616288199
406 474 3.10674997290245
406 429 4.436121480203944
477 478 3.3153580262671256
406 468 1.5230823357393546
460 475 4.436121480203944
458 479 -3.5744537730315336
406 479 3.4370554399806776
406 473 3.4370554399806776
466 479 -3.43705550120135
456 477 -4.844202616288199
406 476 0.652518806521984
406 469 3.9184427168471876
467 477 -5.53733426701854
473 476 2.646993557188065
474 476 3.3153580262671256
302 475 2.7803933118077264
432 471 2.184051378192568
401 460 3.4370554399806776
463 479 -3.732408358890588
463 477 -5.53733426701854
477 479 2.7803933118077264
310 489 1.9501526258096291
370 481 3.3153580262671256
470 489 4.436121480203944
424 481 3.4370554399806776
370 480 2.0618119072200103
465 489 1.5230823357393546
480 481 2.93164334365634
406 476 -0.07006336313715722
406 474 3.3153580262671256
401 480 1.8144599138640842
469 482 3.4370554399806776
406 483 4.145152023550564
401 484 2.8534721380276795
406 477 1.8144599138640842
429 485 4.145152023550564
432 449 1.3716527928075883
477 483 2.93164334365634
417 489 2.0618119072200103
479 483 2.5856857384930256
477 483 3.2060450031958343
310 486 3.4370554399806776
432 488 4.844202556684481
484 495 3.015725255756913
401 495 2.0618119072200103
406 487 2.5274488884529975
310 489 -0.4674454634335292
310 432 1.6615501074318497
408 482 1.604628978813839
480 495 4.145152023550564
474 477 4.145152023550564
486 489 2.31951701078773
406 485 4.436121480203944
481 495 3.2060450031958343
477 490 2.7117470592609445
469 491 2.023523983245292
406 493 2.5856857384930256
482 492 1.3959338990403656
408 492 2.5856857384930256
310 488 3.3153580262671256
469 492 1.7513136084096503
477 496 1.5769599644200505
469 493 2.2726891994400433
469 494 3.7324082779400585
302 488 4.436121480203944
406 477 1.9501526258096291
491 494 2.0618119072200103
401 495 2.5856857384930256
406 498 1.347717671142901
492 494 1.986327796610479
429 498 3.574453703354731
406 498 0.652518806521984
487 498 1.8144599138640842
477 497 1.5497853865743236
483 497 1.604628978813839
469 494 3.10674997290245
406 500 0.7224263377855422
408 494 3.9184427168471876
498 500 4.436121480203944
477 513 -4.844202616288199
406 499 3.574453703354731
469 502 2.5274488884529975
415 513 2.184051378192568
406 502 4.844202556684481
310 489 3.015725255756913
406 501 2.418966462073592
496 513 -4.43612156009328
499 501 2.646993557188065
513 521 3.015725255756913
496 521 -5.53733426701854
408 502 4.145152023550564
408 469 2.023523983245292
469 503 2.2726891994400433
408 469 2.8534721380276795
460 543 3.10674997290245
424 504 1.5769599644200505
477 505 3.7324082779400585
429 506 1.5497853865743236
477 507 1.6908566753683048
487 508 -0.27405945275533616
498 508 0.7224263377855422
485 520 2.646993557188065
302 543 3.3153580262671256
481 504 3.574453703354731
406 520 4.145152023550564
302 517 2.184051378192568
415 424 2.7803933118077264
477 511 -1.2551670218420983
507 511 2.2275794437459226
406 508 -0.9244110766470177
408 503 2.7803933118077264
485 509 1.0422550037182607
488 512 3.015725255756913
401 481 -0.9436227297103521
469 510 1.986327796610479
498 506 2.418966462073592
429 509 0.9053573740495944
509 520 1.0422550037182607
406 501 1.7513136084096503
406 498 1.986327796610479
429 514 2.7803933118077264
501 516 0.2582187931706581
406 516 2.93164334365634
406 519 2.7803933118077264
406 516 2.93164334365634
310 512 -0.11685724657693086
408 510 1.6328169387983074
406 515 2.2726891994400433
406 518 3.10674997290245
408 469 2.5856857384930256
489 512 2.2275794437459226
477 521 -4.844202616288199
516 519 2.5856857384930256
302 512 3.10674997290245
515 520 2.368217406966919
406 520 3.3153580262671256
477 537 -4.43612156009328
521 537 1.986327796610479
429 498 3.2060450031958343
429 523 3.015725255756913
509 523 0.023345926266394867
429 522 2.5274488884529975
520 523 3.3153580262671256
406 408 2.646993557188065
302 557 4.436121480203944
477 531 -1.7825320036768968
511 531 2.5856857384930256
514 522 0.054484828546315534
517 543 4.436121480203944
514 524 2.184051378192568
518 530 2.4719660016221714
408 525 3.7324082779400585
522 524 1.5497853865743236
512 554 1.3716527928075883
512 526 2.184051378192568
507 531 1.0830275858277314
477 531 0.652518806521984
406 530 2.2275794437459226
519 528 0.5672301020452246
406 528 -0.08565028243590467
408 528 1.3716527928075883
489 554 3.015725255756913
429 524 -0.25821891342749526
512 529 2.8534721380276795
429 527 0.5504197869721676
524 527 2.7803933118077264
302 532 1.6908566753683048
302 533 3.2060450031958343
477 534 2.4719660016221714
516 518 0.8490926297285697
526 529 2.101269714871794
512 532 1.124638707269666
531 534 0.6872705278045488
522 523 1.8471390342477205
516 530 2.023523983245292
507 531 0.1794573777347761
526 554 1.5497853865743236
533 557 4.844202556684481
424 481 1.880614156109223
520 530 3.2060450031958343
477 498 2.31951701078773
408 536 4.436121480203944
529 532 2.101269714871794
531 537 -1.0221649697100497
525 536 3.4370554399806776
507 538 -1.914934325902037
532 533 1.6328169387983074
531 538 1.2778513804684322
523 524 0.8864565510992328
477 540 0.5336849977291656
302 543 0.8677032967963991
534 540 3.10674997290245
525 528 0.8122799937741847
498 523 0.8122799937741847
429 523 3.2060450031958343
429 535 2.5856857384930256
527 535 0.8677032967963991
528 539 1.6908566753683048
408 548 3.7324082779400585
525 539 2.31951701078773
498 541 1.880614156109223
498 547 0.45104689322786395
523 527 -0.0544849469084292
516 542 2.0618119072200103
519 542 1.124638707269666
528 542 2.2275794437459226
477 541 2.31951701078773
523 547 3.3153580262671256
424 544 1.0022628750411067
415 544 0.274059332246233
530 545 4.436121480203944
523 535 2.368217406966919
525 546 0.6872705278045488
529 554 -0.7940690348095123
541 547 2.5274488884529975
539 542 1.6908566753683048
401 543 3.4370554399806776
539 546 0.007781661256567096
532 554 0.3058452631148958
530 542 2.2275794437459226
542 546 1.0022628750411067
536 546 0.4674453385798212
481 558 1.7825318837304605
424 558 2.101269714871794
513 544 -0.21088196663715686
477 549 3.10674997290245
533 556 0.7224263377855422
556 557 1.5769599644200505
543 557 3.574453703354731
521 559 0.4674453385798212
531 540 -0.7401649710893459
477 531 -2.1419841365639445
477 552 3.10674997290245
477 550 0.9053573740495944
541 550 2.5274488884529975
520 553 3.574453703354731
401 558 0.40219817433836536
513 559 1.5497853865743236
513 551 -0.038913137770452355
530 553 1.6908566753683048
545 553 3.4370554399806776
532 556 1.471006361575077
544 551 1.124638707269666
550 552 1.6328169387983074
536 542 2.0618119072200103
536 555 4.436121480203944
408 555 2.2726891994400433
530 536 3.3153580262671256
554 556 0.7759821143416219
557 562 2.7803933118077264
556 562 3.574453703354731
544 563 0.369896870073811
541 560 1.9149341938214999
547 560 1.72076695640305
536 561 3.2060450031958343
523 548 2.5856857384930256
424 563 3.574453703354731
551 559 1.3959338990403656
531 549 -1.2327653271421226
523 553 2.5274488884529975
408 523 2.646993557188065
531 564 2.31951701078773
537 564 -0.32179504083642385
531 568 4.145152023550564
477 550 0.9244109312539295
551 563 0.6181436068748636
477 541 2.93164334365634
523 560 3.3153580262671256
531 573 -1.8806142848807943
549 573 4.844202556684481
523 536 0.7759821143416219
523 555 2.4719660016221714
408 565 2.5856857384930256
408 566 2.0618119072200103
564 568 1.8471390342477205
523 561 1.8144599138640842
530 553 1.5230823357393546
554 569 -1.914934325902037
489 569 -2.319517101482562
536 553 1.6615501074318497
555 565 2.368217406966919
523 566 1.604628978813839
489 567 3.9184427168471876
559 563 0.7047961364960313
559 571 1.103724552883528
477 560 2.646993557188065
521 571 -2.4719661045957224
565 566 0.33778526158074773
554 577 -5.53733426701854
564 570 2.646993557188065
568 570 2.93164334365634
523 536 3.574453703354731
523 565 2.101269714871794
531 576 -3.732408358890588
573 576 4.844202556684481
489 579 -5.53733426701854
569 579 -0.8306198826413334
559 575 1.3008299128497565
531 572 5.537334267018537
555 574 1.3008299128497565
571 575 1.124638707269666
531 573 -4.43612156009328
567 579 -5.53733426701854
554 562 1.880614156109223
563 575 1.0422550037182607
523 574 1.9501526258096291
537 571 -1.847139159904398
554 582 -4.844202616288199
577 582 3.7324082779400585
537 570 -0.7580155848378691
477 523 2.368217406966919
523 578 2.418966462073592
579 581 -1.986327866288225
569 581 -0.27405945275533616
569 580 -3.5744537730315336
554 580 -5.53733426701854
580 582 1.8144599138640842
401 424 1.604628978813839
531 570 3.015725255756913
580 581 1.3959338990403656
572 573 -4.844202616288199
571 594 -0.27405945275533616
537 594 -3.732408358890588
578 586 2.7803933118077264
570 572 2.023523983245292
567 597 -3.732408358890588
537 588 -5.53733426701854
489 597 -5.53733426701854
579 597 -1.083027742309897
575 594 -3.3153581355547077
588 594 3.10674997290245
489 600 -4.844202616288199
579 584 0.6352858046593717
580 583 1.5769599644200505
563 593 -1.3477177614522067
575 593 -3.106750063060895
570 588 -0.5841189757308616
581 584 1.3716527928075883
582 583 1.8144599138640842
562 592 2.31951701078773
523 590 2.2275794437459226
593 594 3.9184427168471876
523 587 0.7580154487445683
581 583 2.023523983245292
554 592 1.72076695640305
424 585 2.023523983245292
477 589 2.5856857384930256
523 591 2.8534721380276795
523 586 2.93164334365634
557 592 0.38602265684584536
401 585 1.5230823357393546
570 573 -0.8306198826413334
543 602 -4.844202616288199
563 617 -3.732408358890588
593 617 3.9184427168471876
584 597 0.9244109312539295
477 573 4.145152023550564
523 589 2.2726891994400433
581 596 -1.420575958424365
584 596 -0.6872706606037844
581 598 -0.4184259027266788
401 602 -5.53733426701854
424 617 -5.53733426701854
573 595 3.10674997290245
523 605 2.8534721380276795
596 598 1.7513136084096503
587 605 1.72076695640305
583 601 -0.9436227297103521
557 602 -4.844202616288199
401 611 -4.844202616288199
588 604 3.9184427168471876
523 603 2.101269714871794
587 599 2.31951701078773
523 599 1.8144599138640842
594 604 3.7324082779400585
591 603 2.5856857384930256
583 598 -0.305845384176723
582 601 -3.732408358890588
523 608 2.368217406966919
590 608 2.368217406966919
586 599 3.015725255756913
602 611 2.418966462073592
603 608 1.8144599138640842
570 611 -3.5744537730315336
597 607 1.986327796610479
584 609 -1.4710064589046166
596 606 0.38602265684584536
598 606 1.347717671142901
401 627 -4.844202616288199
588 611 -0.2899342369326745
477 570 -1.6328170469254393
477 573 0.8677032967963991
596 609 2.418966462073592
477 611 1.8471390342477205
477 523 2.31951701078773
611 627 2.2275794437459226
573 615 1.6615501074318497
523 613 4.436121480203944
597 609 -4.145152083743929
477 595 0.6010889981175147
595 615 0.023345926266394867
523 612 2.101269714871794
523 616 2.5856857384930256
523 618 2.8534721380276795
605 618 1.9501526258096291
613 616 3.9184427168471876
582 623 -3.43705550120135
577 623 -3.732408358890588
597 600 1.2778513804684322
585 617 -4.844202616288199
477 615 2.7117470592609445
599 605 -0.0544849469084292
597 620 3.3153580262671256
607 619 -0.7940690348095123
597 619 1.3959338990403656
601 610 0.5004307185850176
601 635 -1.1037246319352672
582 635 -2.5856858519456853
554 623 -4.43612156009328
594 614 1.5497853865743236
523 599 2.4719660016221714
604 614 3.2060450031958343
523 605 2.31951701078773
585 611 -4.844202616288199
611 617 3.4370554399806776
593 614 0.8490926297285697
603 630 2.31951701078773
603 631 1.188767543534301
523 586 2.101269714871794
606 609 -0.4674454634335292
598 601 -0.4674454634335292
614 617 2.368217406966919
604 611 3.015725255756913
608 630 2.101269714871794
630 631 3.2060450031958343
591 631 2.7803933118077264
597 622 2.141984057957801
598 635 -4.43612156009328
601 635 -2.1012697910023577
623 637 4.436121480203944
554 637 -5.53733426701854
612 624 1.347717671142901
609 622 -3.2060451019615273
592 637 -5.53733426701854
592 602 -4.844202616288199
401 611 -5.53733426701854
523 624 3.10674997290245
597 626 3.2060450031958343
607 621 3.2060450031958343
602 637 1.604628978813839
523 628 2.368217406966919
613 625 2.0618119072200103
620 626 3.015725255756913
597 621 2.2726891994400433
606 635 -4.844202616288199
623 635 3.574453703354731
611 633 -0.8122801326543725
608 629 4.145152023550564
523 624 2.141984057957801
619 621 0.369896870073811
610 635 -1.60462908492035
602 633 0.33778526158074773
609 635 -1.847139159904398
602 632 1.471006361575077
523 634 1.4968293639808472
523 636 3.3153580262671256
586 636 2.7803933118077264
628 634 1.604628978813839
616 625 1.880614156109223
600 642 -3.732408358890588
611 638 3.3153580262671256
633 638 0.007781661256567096
632 637 2.7803933118077264
597 642 -4.145152083743929
622 635 -4.145152083743929
591 624 0.6872705278045488
523 625 1.3959338990403656
620 640 2.141984057957801
597 640 0.652518806521984
611 614 2.646993557188065
631 639 2.7117470592609445
591 639 2.7803933118077264
621 640 -0.22663222628581936
621 641 2.141984057957801
602 644 3.9184427168471876
633 644 0.03891301945135828
633 643 0.8122799937741847
624 639 2.7803933118077264
640 641 1.9149341938214999
638 643 3.9184427168471876
523 634 1.0625402297313233
630 639 3.574453703354731
523 616 2.2275794437459226
629 630 0.8677032967963991
626 642 -5.53733426701854
477 634 0.35381849771398977
621 635 -3.5744537730315336
619 635 -4.43612156009328
597 635 -3.5744537730315336
602 637 4.145152023550564
608 646 0.5336849977291656
629 646 0.45104689322786395
643 644 1.4205758640846524
623 649 0.652518806521984
602 647 3.9184427168471876
523 645 2.4719660016221714
629 650 0.8122799937741847
523 646 3.4370554399806776
646 650 3.574453703354731
630 650 2.368217406966919
626 635 -4.145152083743929
635 656 3.3153580262671256
639 648 2.7803933118077264
616 653 2.418966462073592
635 642 2.93164334365634
620 635 -3.9184428135768994
635 641 -3.732408358890588
635 649 0.982542654754837
523 653 2.7117470592609445
630 655 3.015725255756913
639 652 2.0618119072200103
523 657 2.2726891994400433
616 657 0.03891301945135828
635 640 -4.844202616288199
644 654 3.3153580262671256
643 654 3.10674997290245
630 651 2.4719660016221714
637 649 0.8864565510992328
648 652 1.232765242543629
653 657 2.141984057957801
477 523 1.8144599138640842
523 639 2.4719660016221714
650 651 4.145152023550564
651 655 3.7324082779400585
523 652 1.3959338990403656
477 645 1.4205758640846524
645 659 1.4205758640846524
523 659 2.646993557188065
523 658 2.646993557188065
635 660 3.9184427168471876
656 660 2.2275794437459226
477 659 1.880614156109223
657 658 2.31951701078773
630 663 2.8534721380276795
523 661 2.418966462073592
602 654 0.9629978960423582
611 643 1.3716527928075883
655 663 2.368217406966919
630 664 2.646993557188065
639 664 2.4719660016221714
648 664 1.7513136084096503
611 654 1.72076695640305
647 668 0.7401648358628796
647 665 0.9053573740495944
647 662 -1.8806142848807943
602 662 -2.023524054927849
652 664 0.7401648358628796
653 666 1.471006361575077
635 637 3.2060450031958343
602 668 3.574453703354731
662 665 1.0221648177565306
654 662 -0.5170230248961472
477 667 2.93164334365634
523 666 0.7940688968903633
657 666 0.4674453385798212
665 668 1.3959338990403656
663 664 3.4370554399806776
523 664 3.7324082779400585
611 690 2.101269714871794
611 669 1.103724552883528
661 670 2.8534721380276795
523 670 0.9053573740495944
523 666 1.3241144775306468
523 657 2.7803933118077264
477 669 1.4205758640846524
611 672 3.015725255756913
477 675 2.368217406966919
672 690 2.93164334365634
666 670 1.7825318837304605
642 671 3.4370554399806776
637 682 4.436121480203944
611 674 1.880614156109223
650 673 1.347717671142901
635 671 4.436121480203944
672 674 2.31951701078773
669 674 2.5856857384930256
646 673 1.103724552883528
651 673 2.7117470592609445
523 676 1.986327796610479
523 677 3.3153580262671256
611 662 -2.22757952790676
636 689 3.4370554399806776
636 679 1.3008299128497565
661 677 1.9501526258096291
611 678 2.7117470592609445
523 680 1.880614156109223
477 523 0.242410407030617
676 677 1.0221648177565306
679 689 2.646993557188065
477 686 4.436121480203944
523 686 3.3153580262671256
646 651 3.7324082779400585
651 663 3.574453703354731
661 685 2.184051378192568
670 685 0.9436225830949259
635 682 3.7324082779400585
611 665 0.3058452631148958
523 670 1.124638707269666
636 680 0.8490926297285697
635 681 3.4370554399806776
602 683 0.023345926266394867
668 683 0.19515760538251437
611 684 -0.19515772478657212
523 687 2.2726891994400433
611 668 1.880614156109223
684 690 1.880614156109223
669 675 1.4968293639808472
680 687 1.8144599138640842
680 689 2.31951701078773
637 683 0.22663210648628773
678 684 1.6615501074318497
523 685 2.5856857384930256
635 642 2.31951701078773
674 675 -0.007781779532672672
674 690 3.2060450031958343
674 691 2.5856857384930256
675 691 2.7803933118077264
477 693 -1.167151619412428
651 692 3.574453703354731
523 688 3.2060450031958343
663 692 1.471006361575077
677 699 1.210635526973574
677 707 1.3716527928075883
675 693 -0.4184259027266788
699 707 2.2275794437459226
661 707 2.0618119072200103
637 697 2.2275794437459226
477 698 -0.305845384176723
667 698 0.7224263377855422
477 695 1.3959338990403656
663 694 3.574453703354731
664 694 2.7117470592609445
683 697 0.2899341161553104
690 691 3.4370554399806776
676 699 1.7825318837304605
523 680 1.232765242543629
642 681 1.2551669361900215
611 683 -0.9244110766470177
693 698 0.19515760538251437
523 699 2.7803933118077264
523 689 0.3058452631148958
637 696 2.7803933118077264
611 637 3.3153580262671256
477 675 2.4719660016221714
477 702 1.6328169387983074
611 697 3.574453703354731
678 690 -0.16377929735639296
477 693 -1.042255157127819
698 702 2.5274488884529975
686 695 0.7940688968903633
642 700 3.2060450031958343
635 701 2.368217406966919
611 682 2.646993557188065
678 713 1.8144599138640842
651 706 3.7324082779400585
635 642 3.015725255756913
690 713 1.188767543534301
646 706 2.101269714871794
692 694 1.3241144775306468
685 688 1.0022628750411067
682 710 4.145152023550564
477 703 4.145152023550564
611 710 1.9149341938214999
611 713 3.015725255756913
685 707 3.574453703354731
691 711 3.574453703354731
675 711 2.31951701078773
686 705 2.5856857384930256
523 705 3.7324082779400585
646 712 1.3959338990403656
523 708 2.5274488884529975
682 696 2.2275794437459226
611 696 3.9184427168471876
695 705 1.8471390342477205
642 704 3.574453703354731
477 716 4.145152023550564
689 709 2.7803933118077264
689 718 3.4370554399806776
702 716 2.2726891994400433
709 718 2.418966462073592
690 715 3.574453703354731
694 714 2.101269714871794
688 707 0.6010889981175147
523 718 3.2060450031958343
713 715 1.3008299128497565
477 711 4.436121480203944
692 706 0.7759821143416219
689 718 2.023523983245292
477 720 3.4370554399806776
477 705 4.145152023550564
688 717 1.6328169387983074
477 698 2.368217406966919
706 712 1.6908566753683048
523 717 0.9436225830949259
690 728 3.015725255756913
523 712 0.21088184704301205
694 729 -3.0157253387444354
664 729 -2.4719661045957224
523 719 3.3153580262671256
708 719 2.5274488884529975
715 728 2.7803933118077264
714 729 0.6352858046593717
707 717 1.103724552883528
477 722 3.3153580262671256
703 722 1.7513136084096503
523 723 1.347717671142901
712 723 2.4719660016221714
694 712 2.0618119072200103
694 706 3.10674997290245
700 724 1.6328169387983074
611 721 2.31951701078773
611 731 3.015725255756913
611 725 3.10674997290245
477 722 1.188767543534301
642 724 2.93164334365634
642 724 3.7324082779400585
611 682 3.4370554399806776
477 702 0.8864565510992328
722 726 1.880614156109223
477 726 0.6352858046593717
699 730 2.101269714871794
707 730 1.604628978813839
708 727 2.368217406966919
719 727 2.7117470592609445
611 735 3.10674997290245
725 735 2.93164334365634
642 732 4.844202556684481
713 728 3.2060450031958343
523 734 2.646993557188065
477 691 2.5856857384930256
718 734 2.31951701078773
682 733 2.93164334365634
718 739 1.0830275858277314
477 523 1.6328169387983074
694 723 1.72076695640305
477 722 1.0422550037182607
720 736 2.0618119072200103
477 736 1.2778513804684322
523 707 0.982542654754837
707 738 2.646993557188065
691 728 3.7324082779400585
694 729 -1.8806142848807943
523 730 0.982542654754837
717 738 1.8471390342477205
635 740 -0.8864566941706382
720 722 3.4370554399806776
708 719 1.9501526258096291
691 737 2.7117470592609445
718 741 1.5769599644200505
523 694 2.101269714871794
523 738 1.880614156109223
523 708 2.8534721380276795
739 741 1.986327796610479
689 739 1.1671515377428254
642 740 -3.9184428135768994
729 742 0.7940688968903633
731 735 1.1457782142804072
694 742 -1.2551670218420983
664 742 -0.5004308444200505
523 742 -0.8490927706325437
682 740 -2.2726892867301896
611 735 0.07006324471763459
731 740 -1.2551670218420983
735 740 -1.2778514672160726
722 740 -1.5769600686022973
689 741 -0.038913137770452355
724 740 -3.106750063060895
642 740 -1.8144600365838361
732 740 -1.847139159904398
642 740 -1.751313725733529
682 740 -1.5769600686022973
611 740 -1.914934325902037
611 740 -1.4455945421327967
713 740 -1.8806142848807943
728 740 -1.986327866288225
691 740 -1.690856787854381
737 740 -0.4184259027266788
691 740 -1.9501526936104758
477 740 -1.986327866288225
722 742 -1.5497854889223055
720 742 -1.5497854889223055
736 742 0.07006324471763459
477 742 -1.420575958424365
523 742 -1.3008300007371676
734 741 0.38602265684584536
733 740 -0.21088196663715686
740 742 0.08565016394454328
523 741 0.054484828546315534
523 717 0.40219817433836536
717 742 0.21088184704301205
708 717 0.3058452631148958
708 741 0.1168571278983801
