MULTICUT
0 5 -1.91493
0 10 -2.71175
0 29 -6.68492
0 32 -2.06406
0 42 -0.905358
0 49 -3.31815
1 4 -2.6351
1 12 -0.517023
1 27 0.227821
1 39 0.583898
1 53 -2.42185
1 60 -7.65085
1 61 1.19902
1 62 -4.8442
2 14 -0.571558
2 21 1.23277
2 22 1.29857
2 41 -1.64759
2 45 -0.583778
2 47 -6.74404
2 51 -0.635455
3 18 -6.56544
3 20 2.24382
3 21 -3.57445
3 47 -2.53104
4 12 -7.46051
4 16 8.02887
4 37 -5.92995
4 53 -5.53733
4 58 -8.35456
5 9 -3.91844
5 35 -1.27785
5 42 -6.87726
6 15 0.023641
6 24 0.0258916
6 30 -0.00353528
6 50 -0.00273761
6 64 0.00841682
7 8 -0.0237443
7 11 0.0608667
7 19 1.73606
7 31 0.973595
7 46 1.56559
7 57 -1.26782
8 11 -0.845191
8 31 -0.100064
9 15 -1.86803
9 35 -7.2492
9 36 -0.818139
10 32 -0.867703
10 48 -8.35456
10 82 -9.68249
10 123 -9.26974
10 204 -4.8442
10 229 -6.93845
10 280 -5.53733
10 295 -5.53733
10 322 -5.53733
10 341 -4.8442
10 357 -14.3
10 376 -12.4997
10 466 -9.97346
10 541 -16.612
10 581 -9.97346
10 595 -9.68249
10 626 -10.3815
10 655 -10.3815
10 710 -20.355
10 785 -4.8442
10 809 -5.53733
10 837 -11.0747
10 958 -6.35106
10 990 -12.9078
11 27 -0.0768473
11 31 0.910379
11 38 -1.53865
11 39 -2.69031
13 20 -0.195158
13 28 -2.52745
13 34 -2.98076
13 44 -2.93164
13 72 -1.51119
13 73 -1.0278
14 23 -0.587531
14 45 1.98085
14 51 1.99758
14 55 -0.100638
14 56 -0.255817
14 69 -0.6461
15 24 2.08583
15 36 0.039487
15 50 -0.00270012
15 64 0.145644
16 34 1.09636
16 58 -10.3815
16 73 -0.35608
17 25 0.0243783
17 30 -1.95912
17 33 0.002435
17 43 -0.718566
17 50 0.303438
17 52 0.0650367
17 54 -0.0279285
17 59 2.11159
17 65 -5.90647
17 76 0.0195095
18 20 -24.2092
19 25 1.50889
19 26 5.93576
19 46 2.03342
19 57 -0.451047
19 78 0.0595157
19 84 3.50673
19 116 2.71175
20 28 0.0233459
20 44 -0.635286
20 47 -1.39249
20 68 -5.53733
20 72 4.12001
20 81 4.63469
21 47 -3.10675
22 41 -0.398793
24 30 -0.0128352
24 36 0.00804659
24 40 1.39998
24 50 -0.00543773
24 54 0.155231
24 64 0.147333
24 75 2.63503
25 26 0.669995
25 33 0.002435
25 52 -6.01473
26 52 -2.67344
26 78 0.0340759
26 84 0.577938
26 87 0.701846
27 39 0.303605
28 44 -0.467445
29 42 1.08303
29 49 -10.3815
29 63 5.16653
29 66 -5.53733
29 77 -0.193358
30 50 -3.01796
31 38 -0.943623
31 57 -1.16135
32 48 -0.803584
32 49 -4.43612
32 82 -2.71175
33 52 -1.93689
34 73 -0.32968
35 36 0.174413
35 42 -1.57696
35 64 0.185691
35 67 -2.94812
35 74 1.37501
35 91 -5.91414
36 64 1.66894
36 67 -0.072051
37 58 0.83062
38 39 -0.490538
38 57 0.982543
38 85 -3.48362
39 62 -5.94204
39 70 -5.53733
39 85 0.708972
41 47 -4.8442
41 51 -6.70881
42 63 0.772749
42 83 -0.118307
42 91 0.351793
43 59 -0.874259
43 65 -1.95015
44 72 -1.06254
45 51 0.595997
47 51 -0.0200033
47 68 -5.5115
47 80 0.343277
47 96 -3.95987
48 82 -1.82056
49 66 -0.101248
49 82 -2.14198
50 52 0.00967817
50 54 -0.0468007
50 59 1.29112
50 75 -0.0619541
51 69 -0.189712
51 80 -1.56043
51 90 -0.97362
52 59 0.0194625
52 76 0.827097
52 86 -0.0612711
52 87 -0.62085
52 114 -0.0602385
53 58 -0.144763
53 61 -0.867787
53 71 -3.48752
53 89 -0.155772
54 59 -0.116815
54 75 2.51655
55 56 3.86739
55 69 -0.292827
55 90 -0.00102334
56 69 -1.17131
56 90 0.000111772
56 108 6.11987
57 85 -11.0747
57 115 -3.10725
57 116 -0.775982
57 119 -1.73555
58 71 0.289526
58 73 -0.463516
58 79 2.52042
58 88 -8.59453
58 92 0.239185
58 98 -4.3623
58 106 -0.722426
59 65 -2.18405
59 75 -0.327412
59 93 -2.14746
59 95 -2.24998
60 61 -1.63282
60 62 2.71175
61 62 -1.84714
61 89 -0.962998
62 70 3.20604
62 85 -0.270841
62 89 -5.90104
62 99 -0.125896
62 101 -5.05608
63 77 -0.392769
63 83 -1.59343
63 91 1.3605
63 97 -4.14515
63 102 -2.93164
64 67 -0.0312672
64 75 0.209655
64 91 -2.27269
64 112 5.24146
64 140 -5.46873
64 144 1.35986
65 76 -2.79119
65 93 -0.0552564
66 77 -5.53733
66 82 -13.0933
66 97 -2.47197
67 74 -0.119542
67 91 -0.0544849
68 81 -5.53733
68 94 -3.10675
68 96 -3.73241
69 90 -4.12764
71 88 -7.03588
71 89 0.155772
71 100 -2.57957
71 110 -0.186924
72 73 1.87323
72 81 2.49972
72 104 0.0487811
72 142 0.00162381
73 92 -3.37306
73 103 0.0125563
73 104 0.0400245
73 117 -0.982543
73 125 -2.48252
73 142 -0.00408622
74 91 -1.57696
75 95 0.567128
75 109 -8.46155
75 113 0.385636
75 121 -0.514977
75 129 -1.75131
75 140 -1.03254
76 86 -1.48176
76 93 0.554228
76 114 -0.734074
76 118 -0.0604341
76 127 -0.648034
76 138 0.304397
76 146 0.083826
77 97 -7.69767
78 84 1.32516
78 87 0.102382
79 88 -0.023346
80 90 2.17851
80 96 -1.35833
80 105 5.17187
80 107 -7.01151
80 145 -0.0336163
80 157 -0.188107
81 94 1.44552
81 104 0.00960809
81 133 -4.8442
81 142 0.0319743
81 163 0.0216476
81 211 -0.0153045
82 97 -3.40442
82 120 3.64363
82 123 0.132481
82 126 1.0412
83 91 -1.55072
84 87 3.16452
84 116 3.69089
84 118 0.377571
84 130 4.02943
84 131 8.19017
84 158 8.49157
85 99 0.788277
85 101 0.157131
85 115 0.0614153
85 119 1.72587
85 124 -0.587937
86 87 -0.76524
86 114 -1.78253
87 114 0.395152
87 118 1.37094
87 130 0.0932
88 106 1.39593
88 110 -4.41699
89 100 -6.65194
89 101 0.0338681
90 107 -1.04226
90 108 0.00227022
90 111 1.57214
91 102 -1.37165
91 112 -6.56544
91 135 -3.36272
91 136 -2.71175
92 98 -5.21959
92 117 0.0466947
93 95 -1.75287
93 127 -1.42058
93 128 1.18877
94 96 -7.81002
94 104 -0.134229
94 133 -2.78039
94 142 0.268459
94 159 -4.2979
94 163 0.0012671
94 211 -0.0288274
94 223 0.000633568
95 121 -0.258016
95 128 -8.41866
96 105 0.112374
96 159 -4.8442
97 102 -3.10675
97 126 -2.12171
97 135 -0.150354
98 106 -5.53733
98 117 -0.409884
98 134 -0.953707
99 100 0.0500887
99 101 2.97546
99 122 0.57905
99 124 -0.0564907
99 137 -8.00208
99 152 -0.0399025
99 178 -7.0147
100 101 0.0342854
100 110 0.416144
100 137 -9.68624
100 141 -0.0916109
100 155 -0.514975
101 124 -0.109838
102 135 -0.195158
103 104 -0.110782
103 125 -0.255277
103 142 1.09975
103 166 0.0771895
104 133 -1.10372
104 142 -0.912242
105 107 -4.5102
105 111 1.41747
105 145 -0.00511238
105 157 -0.546996
105 159 -4.43612
105 162 1.42058
105 170 -1.49929
105 173 -2.52745
105 189 -1.75998
106 110 -1.75131
106 132 -1.98633
106 134 -1.44559
106 141 -1.44559
106 147 -3.57445
107 111 -6.05952
108 111 0.0282052
108 139 0.01145
108 160 -1.39593
108 167 -0.074333
108 168 -0.165769
109 113 -2.89748
109 129 -1.63544
110 141 -4.07615
111 139 1.4035
111 145 0.414713
111 150 0.738364
111 157 0.462816
111 160 -0.653077
111 167 -0.166608
111 170 -0.313104
112 135 1.06745
112 136 0.836139
112 144 4.47639
112 171 1.25611
112 177 2.54245
112 199 -4.43612
113 121 -0.566843
113 129 -1.81446
114 118 1.32781
115 119 0.845257
116 119 3.43885
116 158 0.311601
116 169 0.00601802
116 181 2.9144
116 202 0.135048
116 207 0.540346
117 125 -1.61237
117 134 0.794834
117 143 0.103323
117 172 -0.0229274
118 130 0.372859
118 146 5.67247
118 158 0.280821
118 180 -0.0179718
118 202 2.2374
119 124 -3.43706
119 152 -13.709
119 169 0.00325779
119 181 2.12174
120 123 1.7496
120 126 1.19342
121 128 -1.52455
121 129 0.0528942
121 149 -1.12791
122 124 0.0849872
122 152 0.00051629
122 178 -0.162299
123 126 2.28087
123 186 0.00381216
123 204 0.891942
123 224 4.572
123 229 -1.17606
124 152 0.828187
124 178 -0.0574216
124 184 -2.36822
125 142 -0.165055
125 143 -8.06359
126 135 0.554077
126 165 -5.00629
126 186 2.64588
126 190 -3.20605
126 219 -4.8442
126 229 -0.00759902
127 128 -2.71175
127 138 -0.0746601
127 151 -4.43612
128 138 0.9114
128 146 0.911042
128 149 0.709228
128 151 -1.78291
128 180 0.420611
128 185 -0.252073
128 187 -0.0490843
128 237 0.0259657
129 140 -0.165759
129 148 -1.76007
129 149 -6.95106
132 141 -16.4012
132 147 -2.47197
132 155 0.0538948
132 156 -6.03183
132 182 0.254367
132 191 0.600645
133 142 -4.43612
134 143 0.17941
134 147 -0.55042
134 161 0.357089
134 172 -1.81228
134 188 -0.0919456
135 136 0.208396
135 153 -3.13173
135 165 -9.4509
135 177 0.306876
135 193 0.0700632
135 197 -4.57776
137 155 -3.73241
137 175 -5.92559
137 178 -0.305845
137 184 -0.500431
138 146 0.711105
138 151 -0.253894
139 160 -0.229437
139 167 -0.0444803
140 144 -3.34926
140 148 -0.0587419
140 164 -0.439556
141 155 -4.02714
142 143 -0.000555587
142 163 0.635927
142 166 1.46244
142 203 0.426808
142 210 -0.0868133
142 211 -0.0870618
142 214 -1.87765
142 223 -2.52274
143 161 1.21736
143 166 0.10344
143 172 -0.0489245
143 203 0.00576751
144 164 -4.6911
144 171 0.867703
145 150 1.17404
145 157 3.16465
145 170 -0.00977081
145 192 -0.154072
145 198 -5.19936
146 180 0.285647
146 201 1.04134
147 156 0.038913
147 172 -2.52745
148 149 -0.073048
148 154 1.1275
148 164 2.4395
148 183 -4.2095
149 154 -1.08678
149 174 -4.14515
149 183 -2.18405
149 185 -1.82105
149 187 -0.247884
150 157 2.43603
150 160 -1.14941
150 176 -2.14198
150 196 0.052295
152 178 -0.00487438
152 181 -0.360424
152 184 -4.90472
152 194 -3.31536
153 165 0.202249
154 164 0.0543336
154 174 -5.78732
154 183 -7.32967
155 175 -0.92522
155 191 0.0851371
155 221 -5.8567
155 228 -0.274059
155 231 -4.14515
156 172 -2.13294
156 182 -1.39617
157 170 -0.0060258
157 176 -2.71175
157 192 -0.513051
157 196 0.331683
158 202 0.339939
158 207 0.361064
159 162 -4.43612
159 163 -8.06478
159 173 -0.353819
159 179 -1.57696
160 167 0.689199
160 176 -0.924411
160 196 -0.112034
161 166 0.318232
161 172 -0.249708
161 188 -1.93247
161 195 -0.177144
161 209 -3.53446
162 173 -1.02216
163 173 -3.20605
163 179 -10.7328
163 189 -1.18877
163 211 -0.029256
163 223 0.680669
163 239 -2.36822
164 171 -2.70694
164 183 -2.47197
164 199 1.39593
164 213 -1.08379
165 190 -0.234414
165 197 2.92706
165 219 -0.775982
165 220 -3.41371
165 242 -1.46605
166 195 -0.882883
166 203 0.944738
166 210 -0.0353258
167 168 2.09603
167 176 -2.10127
167 196 -2.87281
167 215 0.0388574
167 233 0.15822
167 250 0.0125676
169 181 0.0264748
170 189 -4.43612
170 198 -2.78039
171 199 -0.982543
172 182 3.92892
172 188 -2.24061
172 209 0.160302
172 225 -0.287046
172 255 -0.267784
173 189 -7.2338
174 183 -0.566547
175 184 0.763467
175 228 2.47129
176 196 -1.77787
177 197 -0.849093
177 199 -8.2903
178 184 -12.1471
180 185 -0.0847609
180 201 -1.53391
180 237 1.31784
180 248 -0.12698
181 194 -0.81228
181 207 1.24683
181 218 -0.0788262
181 253 -0.158573
181 263 -0.069488
182 191 3.61602
182 225 -1.81138
182 231 -6.23407
182 255 -1.36796
182 257 0.369897
182 276 -4.43251
183 187 -0.0878619
183 200 -3.2279
183 205 -2.94207
183 213 -0.132481
183 216 -0.434708
183 236 -3.57445
184 194 5.2809
184 208 -0.0145966
184 228 2.11953
184 245 0.0775878
184 249 -1.44559
184 263 0.569227
185 187 0.0143063
185 200 3.37264
185 237 -0.0446553
186 219 -9.65964
186 224 0.0292595
186 229 -0.0595813
186 234 -0.0776001
187 200 1.08541
188 209 -0.100541
189 198 1.0828
189 206 0.0698419
189 226 0.0306236
189 232 3.37163
189 239 -0.0102282
191 221 -0.399704
191 231 -2.31952
192 196 -0.713759
192 198 -2.64409
192 212 -0.83062
193 197 -1.916
194 208 -0.0145932
194 245 0.17809
194 249 -0.269578
194 263 0.731485
194 281 2.52266
195 203 -0.982543
195 209 -7.87318
195 222 -2.41897
196 212 0.0492522
196 215 -0.0381537
196 227 -0.127665
196 232 -0.15829
196 233 -0.241365
196 250 -0.0137731
197 199 2.85358
197 235 3.45468
197 238 -0.0793166
197 242 -0.796433
198 206 0.009429
198 212 -2.02352
198 227 -1.93785
198 232 1.13733
199 213 -6.97228
199 238 -0.0139001
199 244 -4.47257
200 236 0.285911
200 237 -3.75682
200 240 0.0369122
200 243 -1.99266
200 271 -0.0184561
201 202 2.46232
201 237 0.110684
201 241 0.349281
201 248 0.765847
201 274 -4.14515
202 207 1.62654
202 217 14.2959
202 241 3.55369
202 253 1.73105
202 263 0.5364
203 209 -0.377094
203 210 -0.0832129
203 214 -1.43572
203 222 1.0297
203 223 -0.0898913
203 266 0.664614
205 213 -0.0856503
205 216 -2.64699
206 226 0.907876
206 232 0.0482154
207 218 -0.0193219
207 253 0.865827
207 263 0.11773
208 245 -0.0875565
208 263 -0.0145884
209 222 -2.74332
209 225 -2.59987
209 255 -8.11308
209 261 0.716319
209 266 -1.68863
210 214 0.0533292
212 227 -0.033174
213 216 -0.0909065
213 240 -5.46211
213 244 -1.30083
213 251 -6.20437
215 232 0.0850924
215 233 0.359552
215 250 0.0281937
215 267 0.00199936
216 236 0.0218564
216 240 0.109287
217 241 7.84045
217 263 2.32717
218 230 0.442283
218 253 -3.51238
218 263 -0.428778
219 220 -1.63282
219 234 -1.69086
219 242 -5.53733
220 242 -8.97439
221 231 -5.58805
223 239 -9.68249
223 266 -5.77614
223 269 -5.63921
223 272 -6.5061
223 277 -4.4776
224 229 -0.94431
225 255 -8.98936
226 232 -0.0611301
226 239 -0.162844
226 269 2.7536
226 290 1.79187
226 299 -0.144834
227 232 -0.174183
228 231 -1.66155
228 246 -1.97317
228 249 -2.91161
228 264 -4.85484
228 268 0.270249
229 234 -1.54319
229 242 -0.0422113
229 247 -0.79856
229 258 -0.626782
229 259 -0.740165
229 278 0.349066
229 280 3.68356
229 292 -3.31536
229 295 -3.28875
229 305 -0.00993065
230 253 -1.97936
230 260 -0.0407966
230 263 -2.1368
231 246 -6.77674
231 257 -20.509
232 233 0.116789
232 267 1.07195
232 273 -7.34513
232 290 -0.0157616
233 250 1.21204
233 267 0.0746999
234 242 0.00838713
234 247 -0.602624
235 238 -0.0609905
235 242 -0.559942
235 254 -0.0768342
235 262 2.25452
236 240 0.594167
236 243 -0.0150478
236 256 -0.0311907
236 271 -0.0448294
237 243 0.64932
237 248 0.221368
237 252 6.16476
237 284 -0.265406
238 244 -4.43612
238 254 -2.85347
239 269 -5.94868
240 243 -0.336886
240 251 1.23787
240 256 -0.024576
240 271 0.528023
240 284 -1.50623
240 289 -2.31952
241 252 1.91493
241 263 1.13231
241 274 -3.73241
241 310 -3.49863
241 319 0.0923094
241 321 1.94037
241 323 -0.0230697
242 247 -0.119955
242 258 -0.0678361
242 259 -4.01904
242 262 -0.0556597
243 252 0.167604
243 256 -4.27248
244 251 -0.0227898
244 254 -1.04226
244 271 -4.1867
245 263 0.193358
246 257 0.533685
246 264 -1.58638
246 265 -1.54979
247 258 0.0557969
248 252 0.351269
248 274 -1.84714
249 264 -1.04226
249 268 -0.160119
249 270 -0.980645
249 281 -0.215647
249 298 -0.337785
250 267 0.121849
250 283 5.643
250 301 0.820394
250 325 4.40061
251 271 0.868481
251 291 0.0477197
252 256 -0.722426
252 274 -5.67572
252 284 -0.860228
252 300 0.0910889
252 310 -2.8197
252 319 0.012251
253 263 3.26888
254 262 -0.153668
255 261 -3.27495
255 266 0.137136
255 276 -7.95095
255 285 0.729283
255 286 -0.548544
255 287 -6.85191
255 293 -3.91844
256 284 -4.8442
257 265 -3.43706
257 275 -10.993
257 276 -3.57445
257 287 -5.57864
258 280 -0.0771827
259 262 -2.41897
259 278 -7.41236
259 279 -0.00778178
260 263 2.60472
262 271 2.99278
262 279 1.96225
262 291 -0.19013
262 304 -0.177413
263 281 4.2537
263 297 3.91844
263 316 1.20129
263 317 0.623725
263 321 3.28092
263 328 1.64414
263 332 2.73227
264 265 2.41897
264 268 -6.93417
264 275 0.148121
264 294 1.08286
264 298 0.849093
264 311 -1.81446
265 275 1.75131
266 272 0.274059
266 286 -2.75056
267 273 -2.27269
267 283 0.775768
269 277 0.00638946
269 288 -0.00712307
269 290 1.0675
269 299 -0.366288
269 309 0.346875
270 281 1.73387
270 298 -1.41133
270 313 3.42923
270 318 0.0780577
271 282 5.4248
271 289 -3.57445
271 291 0.610836
271 296 1.08201
271 304 0.405812
271 319 0.884195
272 277 -1.3721
272 286 -0.173866
272 293 -1.17508
272 303 -0.00968766
273 283 -7.07178
273 290 -0.0420491
275 287 -3.66143
275 294 5.33895
275 327 -6.29209
276 287 4.90332
276 306 0.0674201
276 340 0.00156663
277 288 -6.72256
277 303 0.00107645
277 308 -2.37739
277 320 -3.19852
278 279 -0.353819
278 280 0.604136
278 292 -2.05383
278 304 0.0506456
278 305 -0.233723
278 315 0.0268362
279 291 -1.59971
279 304 -2.49607
280 292 -3.26708
280 295 -0.504653
280 305 -0.274059
280 315 2.53294
280 322 -10.1482
281 313 2.7875
281 317 0.692241
282 291 0.212672
282 304 2.33226
282 319 4.78375
282 331 0.946245
282 351 -0.0750619
283 290 1.10982
283 301 0.205099
283 302 3.54346
283 325 1.05736
284 289 -2.52745
284 300 -0.16216
285 287 -1.10132
285 293 -6.35138
286 293 -0.00319795
287 293 -0.0154084
287 306 0.168434
287 314 -0.00541799
287 326 0.0707527
287 327 -0.031863
287 338 -0.0318369
287 340 0.000772773
288 290 0.000329043
288 299 0.0533247
288 308 1.43558
289 296 -10.3815
289 300 -1.54979
290 299 -0.00666994
290 302 10.1639
290 309 4.07462
290 325 0.294989
290 334 3.61493
291 304 1.10005
293 303 -11.9273
293 306 -1.36338
293 307 -3.7015
293 312 1.15831
293 314 -1.16738
293 346 -3.20605
293 348 -1.02592
293 355 -5.53733
294 311 -4.39831
294 324 0.139475
294 327 -3.03641
296 300 0.0803733
296 319 1.03831
298 311 -0.179458
298 313 -0.105819
299 308 0.275652
299 309 -0.0252804
299 356 0.0152648
300 310 -0.701172
300 319 1.16637
300 323 -1.733
302 309 0.0773959
302 325 2.72593
302 334 1.01521
303 308 -0.0382341
303 320 -1.03695
303 333 -0.00150094
303 346 0.00619646
304 305 -1.29272
304 315 0.17841
304 335 -3.31536
304 336 -0.322149
304 347 -2.22976
304 349 -0.849093
304 350 -0.319876
304 351 -0.0871909
305 315 -1.6874
306 314 -2.68528
306 326 0.0610359
306 338 -0.544611
306 340 -0.00812384
307 312 -0.52606
308 309 0.852514
308 320 0.12388
308 333 0.449056
308 339 1.74595
308 346 -0.011187
308 352 -0.106288
308 356 0.0508298
308 370 0.0710785
309 334 0.982543
309 356 -0.748283
309 370 -1.9016
309 379 -2.58569
310 323 -1.47769
311 313 -0.0700634
311 324 -1.44559
312 314 -0.767303
312 343 0.645442
312 348 -2.48507
312 362 -2.85347
313 317 1.27652
313 318 1.72077
313 324 -0.0183385
313 327 0.0757792
313 329 -0.529714
313 330 5.53948
313 332 1.66736
313 342 7.11546
313 354 -3.03338
313 364 3.37997
313 384 3.35159
313 401 4.07104
313 416 -0.0153151
314 326 -0.00502253
314 338 0.0901044
314 340 0.00826738
314 343 -2.69267
315 322 -2.02352
315 335 -3.91844
316 321 4.0985
316 328 1.50838
317 328 0.647337
317 329 -0.265692
317 332 1.08674
319 321 0.277053
319 323 -2.02139
319 331 1.87915
319 337 -4.8442
319 344 -3.8604
319 359 -0.531596
319 372 -4.66101
319 388 -4.8442
320 333 -0.00493214
320 346 -0.0888993
320 356 0.0195729
321 323 -0.369417
321 328 6.10249
321 391 -3.91844
321 395 -5.53733
321 399 -14.5267
322 335 -1.18877
322 341 -8.73362
322 349 0.00389081
324 327 -1.07032
324 342 -0.0810207
325 334 1.51576
325 353 1.58431
325 363 2.12575
325 366 0.301092
325 369 -7.32195
325 379 -1.02216
325 380 -1.04226
326 327 -0.031863
326 338 0.00410142
326 340 0.00983573
327 342 0.720642
327 345 6.02737
327 354 -7.86106
327 368 3.60798
327 384 2.64699
327 385 1.10885
328 332 9.48498
328 383 2.06181
328 392 5.43916
328 396 -5.53733
328 399 -5.53733
328 400 -4.8442
329 332 -3.84773
331 344 -5.09991
331 351 -0.0923343
331 359 -0.354236
331 367 0.0143038
332 364 10.459
332 383 4.8442
332 404 -0.192387
333 346 0.0609063
333 352 -0.121707
334 379 -2.72481
335 349 -4.44238
336 347 2.01528
336 350 1.15667
337 344 0.722426
337 359 -1.92962
338 340 0.0245941
338 343 -0.101248
338 360 -2.27269
339 352 -0.0353854
339 356 0.503214
339 361 -0.388625
339 365 -8.52976
339 370 0.036523
340 345 -9.00353
340 360 -1.84714
341 349 -0.565749
341 357 -0.0115596
341 358 -2.73657
342 354 -0.73521
342 384 0.188479
343 360 -15.7815
343 362 -8.01058
343 393 -5.53733
344 359 -0.296532
344 367 -2.80198
345 360 3.29437
345 368 1.96926
345 385 0.23802
345 394 -13.7164
346 352 -1.79821
346 355 -0.886457
346 381 -3.31536
347 350 1.68371
347 351 -0.919622
347 367 4.14353
347 374 2.88498
348 355 -6.77155
348 362 -2.31731
348 393 -5.53733
349 350 2.62829
349 358 -1.10716
349 371 -0.00691098
349 373 -0.00249495
349 377 -0.547194
349 382 -0.669846
350 373 -0.0145594
350 374 2.10576
350 387 1.25735
350 398 -12.075
350 403 -0.601089
350 411 -3.52344
351 367 -0.149454
352 361 -0.31249
352 378 -1.2939
352 381 -5.53733
353 363 2.02454
354 384 -2.96603
355 381 -9.5438
355 393 -8.01058
356 370 0.703497
357 358 0.00574117
357 371 -0.00579381
357 376 3.3269
358 371 -0.0110278
358 376 0.0117845
359 367 -0.0437497
359 372 0.943042
359 375 2.6025
359 391 0.169208
360 393 -2.71175
360 394 -4.8442
361 365 -0.467445
361 378 -0.81228
362 393 -11.0747
363 366 7.878
363 369 -1.26889
364 401 3.79074
364 404 -3.33527
364 416 -0.188961
365 370 -2.14198
365 378 2.42784
365 389 -0.101248
365 390 1.39593
365 413 -12.8928
366 369 -0.775982
366 380 -4.32931
366 408 0.0979184
366 409 -0.456009
366 421 1.61397
366 425 -1.12464
367 374 0.0416602
367 375 -0.00872995
367 391 -1.31606
367 403 -4.43612
367 405 2.21694
367 406 4.37396
367 414 0.635286
368 385 1.9971
369 380 3.2248
370 379 0.680802
370 390 -1.83001
370 397 -4.65732
371 376 -0.204979
371 382 -0.116857
372 388 -1.21655
372 391 4.03093
373 374 -0.0087608
373 377 -2.27269
373 386 -2.71175
373 387 -0.000847243
374 403 -4.14515
375 391 0.012404
376 382 -6.99862
376 386 1.03443
376 398 0.0608938
376 411 -0.00559161
376 419 1.66514
376 426 0.551672
376 433 0.141978
376 466 2.14123
377 382 -1.27785
377 386 -1.74687
378 381 -9.11179
378 389 -1.10627
379 380 -0.0207614
379 397 -1.57754
380 397 0.129138
380 407 1.26247
380 409 1.78232
381 389 -4.8442
381 393 0.533685
381 413 -3.91844
381 418 3.43706
381 447 -11.0747
382 386 -0.116857
383 404 -5.29986
384 385 0.886541
384 401 4.85806
384 402 1.69355
384 424 2.24669
384 432 0.523794
385 394 -5.53733
385 402 4.04263
385 412 -0.75205
385 417 -2.5791
385 440 -0.0406878
385 450 0.169161
386 387 -0.402198
386 398 -0.105657
387 398 -0.286943
388 391 -0.11364
389 413 -3.6212
390 397 -3.57445
390 413 -8.74338
391 395 0.943623
391 406 -0.383175
391 410 1.13119
391 414 -0.383763
391 422 -1.45998
391 423 -7.87756
391 438 -3.73241
391 439 -9.28032
392 396 -4.14515
392 400 -2.52745
392 415 -8.87224
393 394 1.47671
393 418 1.82269
393 429 4.04271
393 443 0.170098
393 501 0.0233174
393 512 0.126803
394 417 -9.68249
394 440 -4.8442
394 443 0.0431479
394 453 -4.8442
394 495 1.688
394 501 0.0177563
394 512 0.0179375
395 399 1.42058
395 423 -5.53733
396 404 0.867636
396 415 0.308786
396 437 -0.017817
397 407 1.11446
397 413 0.0462495
398 411 0.362727
398 419 -0.0663302
399 400 -0.218131
399 415 0.647172
399 423 -4.8442
399 428 -4.41968
399 430 -1.14578
399 435 -0.704796
399 436 -3.49824
399 445 -0.867703
400 415 -4.8442
401 404 -0.0732684
401 416 -0.0526216
401 424 2.13911
401 431 5.15484
401 442 1.93309
401 469 4.0226
401 483 1.42058
402 412 -0.50649
402 432 0.277012
402 449 3.82204
402 450 0.184465
402 458 3.3524
403 405 -3.73241
403 411 -5.53733
404 415 0.146547
404 416 0.878754
404 420 0.948245
404 427 -0.295955
404 434 -0.0661436
404 437 -0.0677228
404 442 1.61292
405 411 0.00507539
405 414 2.52135
405 441 0.0105327
406 414 1.39432
407 409 2.67797
407 413 3.41046
407 421 -3.03452
407 425 0.318221
407 446 -0.0332778
407 452 0.691285
407 456 2.8708
407 470 -1.23277
408 421 0.278014
408 454 0.116383
409 425 0.21001
410 414 -0.210882
410 422 -0.58565
411 414 0.00172107
411 419 -0.0357658
411 441 3.62857
411 455 -2.67183
411 475 -1.78253
413 446 -0.0531253
413 447 1.75181
413 459 -2.14198
413 462 1.52644
413 470 -0.179458
413 484 -1.66155
414 422 -0.627504
414 438 4.60456
414 441 1.30433
414 467 -0.130202
414 475 -4.8442
414 490 -3.73241
414 491 1.42058
415 434 -6.63006
415 436 -1.9027
415 437 -0.0178171
417 440 -0.886457
418 429 0.413254
418 447 -5.53733
418 461 -9.27587
418 465 0.0163657
418 480 -5.53733
418 486 -5.53733
418 496 0.0471377
418 505 0.0582823
418 512 0.020839
418 513 -8.46898
418 529 -19.6619
418 551 -4.43612
418 553 0.502164
419 426 0.02681
419 433 5.53319
419 466 1.4455
419 474 3.76868
419 475 -0.148121
419 487 1.14578
419 492 0.0700632
420 427 -1.45763
420 437 -0.303542
421 425 -2.18405
421 452 -0.0315707
421 454 0.918628
421 463 -0.0177699
422 438 -1.63282
423 428 2.38957
423 439 0.841003
423 448 3.18503
423 457 1.23225
423 467 -0.739444
424 431 1.31919
424 432 0.364645
424 449 1.95015
424 473 -7.44125
424 485 -0.262368
426 433 0.0104901
427 437 1.6107
427 442 -4.39499
428 435 -0.0209203
428 444 -4.11738
428 448 -3.97364e-08
428 457 0.120882
429 443 3.20124
429 460 -5.48875
429 464 3.23347
429 465 0.137046
429 496 0.329317
430 435 -0.982543
430 445 -2.31952
431 469 3.5452
431 485 -1.35395
432 449 2.31174
434 436 3.0689
434 437 3.13705
434 468 -0.073732
434 476 -2.31952
434 478 -5.12098
434 479 -3.56256
435 444 -0.0190435
435 445 -0.434708
435 451 -0.0389321
435 468 -0.428415
436 445 0.0439975
436 468 -10.7145
437 442 -6.1488
437 472 -7.84677
437 479 -2.58569
438 439 0.329458
438 467 -1.00923
438 491 2.05517
439 467 -0.701972
440 450 -0.920172
440 453 -0.305845
441 455 -1.66155
441 475 -14.1139
441 490 -5.53733
442 472 2.93164
442 477 0.400477
442 482 -6.53431
442 483 3.48275
442 503 0.924411
442 506 -1.47101
442 507 -1.95779
442 518 -2.85347
443 464 1.82712
443 495 0.00154441
443 496 1.23277
443 501 -0.0325953
443 512 4.36776
444 451 0.0453217
444 457 -2.93164
444 468 0.0262753
445 468 -4.14515
446 456 -0.982543
446 459 -0.83062
447 462 0.122483
447 471 0.0254079
447 480 -2.02352
448 457 0.274839
449 453 -6.31809
449 458 1.92617
449 473 -1.72077
449 488 -3.89281
449 525 -2.31952
450 453 -3.20605
450 458 0.505208
451 457 -4.14515
451 468 0.173357
451 481 -3.91844
452 463 -1.7222
452 470 -4.51877
453 458 -4.99536
453 495 -5.29599
453 525 0.353426
453 531 2.70987
453 534 -0.218964
453 535 0.831965
453 544 4.25219
453 562 -0.183037
453 579 -0.289934
453 635 -0.0316871
454 463 1.44009
454 497 4.17772
455 475 -2.83566
456 459 -1.93653
456 470 -0.481649
457 467 -1.15775
457 481 4.57755
457 533 -0.021896
459 470 0.118863
460 464 -3.43706
462 471 0.115662
462 484 -5.90104
462 486 -6.17343
463 470 1.87278
463 497 5.01195
464 496 2.29302
465 496 1.93533
465 505 0.00620965
466 474 7.25276
466 541 2.64699
467 481 -0.956367
467 491 -0.398158
467 500 -0.0439163
467 504 -1.62387
468 478 -2.43181
468 481 -11.0747
468 493 -0.00526942
468 494 -5.83087
469 473 -2.52745
469 483 3.12767
469 485 -0.802196
469 511 -2.52745
469 515 -3.28082
469 523 -4.43612
470 484 -4.43612
470 497 0.210882
470 499 0.92763
470 502 3.80025
471 480 -1.16715
471 486 -2.71175
472 479 2.34218
472 503 1.24407
473 485 0.0233459
473 488 -1.29143e-07
473 523 -5.53733
473 525 -8.55306
474 487 1.52308
474 489 3.35007
474 508 -20.7174
474 541 4.27615
474 542 -0.426998
475 490 -0.582464
475 491 -8.98936
475 492 -7.88176
475 516 -3.05748
475 519 -4.43612
475 521 -7.65085
476 478 -1.60937
476 479 1.326
476 498 0.0283589
477 482 -1.21533
478 494 0.354256
478 498 -0.00778178
478 509 -0.886457
478 522 -9.1915
479 498 0.0384403
479 503 0.811358
479 514 -8.41866
479 522 -7.2519
480 486 -7.3555
481 493 -5.53733
481 504 6.89506
481 509 2.60149
481 527 -0.581158
481 533 -0.280453
482 483 -8.85653
483 507 -1.64842
483 511 -1.39593
483 518 -2.36822
484 486 0.00778166
484 499 -2.78039
484 502 -0.0544849
484 513 -1.49683
486 513 -3.47837
487 492 0.0856502
487 508 -2.47197
488 525 -3.20605
491 500 0.0573435
491 504 0.0347434
491 510 8.20238
491 521 6.30424
491 527 -0.172692
491 545 -0.000776783
492 508 -3.57445
492 516 0.245461
492 520 -1.53952
493 494 0.0105389
493 509 -3.57445
494 509 -8.19541
495 501 1.07596
495 512 0.00308883
495 531 -0.10209
495 534 0.608243
495 535 -0.205211
495 562 1.18375
496 505 1.04475
496 512 4.13645
496 553 0.00407072
497 502 5.96022
497 517 3.20604
497 526 4.14515
497 540 6.84976
497 558 1.49683
497 559 4.6267
497 580 0.346398
498 522 -3.31536
499 502 1.59705
500 504 0.179004
500 510 0.16492
501 512 -0.0651907
502 513 4.18345
502 526 6.56412
502 532 5.20494
503 506 -0.179458
503 514 -10.3815
504 510 1.64089
504 527 -2.01604
504 530 0.220543
504 533 -0.73789
505 512 1.86319
505 553 0.0181034
506 514 -4.8442
506 518 -5.53733
507 518 -7.85993
508 520 -15.4992
508 542 2.07602
508 571 -9.11179
508 582 1.25135
508 588 -0.199068
509 522 -0.353819
509 533 -0.0178115
509 536 -0.794292
509 548 -0.80859
510 527 1.18034
510 545 0.00126219
510 546 -0.0868694
510 555 0.266364
510 560 -6.2483
511 515 -0.242411
511 518 -1.42058
511 524 -2.71175
512 528 -4.49206
512 534 -1.84714
512 538 -0.758016
512 539 5.64211
512 552 -0.351525
512 553 0.118414
512 564 -5.53733
513 529 3.61495
513 532 4.98535
513 547 -1.31571
513 549 0.0302689
514 518 1.52236
514 522 1.39514
514 537 1.98875
514 543 1.48853
514 657 0.0470487
514 672 -0.123369
515 523 -2.93164
515 524 -1.73553
516 519 2.25422
516 520 -0.27536
517 526 3.46057
517 540 0.418426
518 524 1.16715
518 543 0.0106993
518 574 1.39274
518 622 0.313846
519 520 2.40802
519 521 3.37272
519 545 -0.167074
520 545 -1.51412
520 582 -5.53733
521 545 -0.704162
522 537 0.840843
522 548 5.66492
522 568 0.00199288
522 657 0.0231286
522 672 -0.061723
523 524 4.2152
523 525 0.88894
523 544 4.79386
523 574 0.386023
523 583 0.55042
523 593 1.89264
523 604 1.2969
524 550 2.06181
524 574 8.05611
525 544 1.48944
526 532 6.42211
526 540 3.20604
526 554 3.57445
526 565 -7.28959
527 530 -2.71175
527 533 -2.57623
527 546 -0.0704929
528 534 -0.238364
528 538 0.210882
528 552 -3.31536
528 553 -0.431772
528 562 -0.287216
529 547 -0.782172
529 551 0.715845
530 533 -9.15941
531 535 1.3206
531 635 -0.0316871
532 547 -0.292297
532 549 0.14394
532 551 1.5764
532 554 1.49683
532 557 2.99134
532 570 -0.166099
532 575 -0.759015
532 584 5.4198
533 536 -4.25738
533 546 0.0574543
533 555 -3.20605
533 561 -12.9325
534 535 -0.0271581
534 562 2.05999
535 562 0.781795
535 579 -1.63282
535 600 0.46174
535 635 -0.235397
536 548 0.647916
536 561 1.99171
536 568 -0.00601033
536 569 -0.413034
537 543 0.864555
537 548 2.72659
537 556 0.0284423
537 568 0.000996441
537 574 0.0265435
537 598 4.37201
537 622 1.98375
537 625 2.71901
537 636 1.89033
537 639 1.87206
537 641 3.76121
537 650 1.28934
537 657 2.16532
537 672 -0.454079
537 678 -5.53733
537 679 0.0147992
537 680 -10.94
537 687 -9.68249
537 692 -5.53733
539 552 -1.94663
539 553 0.00911947
539 563 -5.90104
539 564 -3.73241
540 554 3.67718
540 558 0.618144
540 559 1.27785
540 565 -7.00942
541 542 -1.70683
541 566 7.54792
541 571 4.14515
541 581 4.44589
542 571 -0.467445
543 556 0.169469
543 574 0.0782796
543 598 0.911273
543 622 1.1834
543 657 0.0379792
543 672 -0.108592
544 579 -2.63373
544 593 0.312936
544 600 -0.0711203
544 604 2.25773
545 560 -0.365397
545 573 -0.163779
545 578 -8.98936
545 582 -5.53733
546 555 -0.277297
547 549 -0.0193561
547 551 -0.58159
548 561 -0.000874921
548 568 -0.0239096
548 569 -2.85341
548 597 2.41897
548 606 -5.53833
548 625 0.939529
548 657 0.0379792
548 672 -0.108592
550 574 2.64699
551 553 -3.44728
551 584 0.246665
552 553 -1.78253
552 563 -1.34772
552 567 -0.305845
553 562 2.10461
553 563 -5.53733
553 564 -9.97346
553 567 -4.8442
553 584 -13.956
554 557 0.368744
554 559 6.20696
554 565 -3.73241
554 570 -0.207023
554 587 2.18971
554 592 -10.3815
554 594 0.636726
555 560 -1.25498
555 561 -0.924411
555 572 -7.2756
555 576 -4.43612
555 578 -4.8442
555 585 -8.87224
556 574 5.30874
556 622 0.414381
556 672 -0.0155998
557 570 -0.837065
557 575 -1.47958
557 584 3.31536
557 586 -0.53721
557 591 -12.8005
558 559 1.78253
559 580 3.06731
559 592 -7.42989
560 573 -8.0093
560 578 -3.01573
561 568 -0.000615315
561 569 -1.62149
561 576 0.386023
561 577 -7.32409
562 584 -3.57445
562 614 -4.8442
562 635 -0.605536
562 637 1.1775
562 642 2.36018
562 653 13.6542
562 662 0.303937
562 669 0.0854421
562 670 3.01573
562 685 0.340613
562 731 1.35794
562 735 -0.000860321
562 738 -0.256111
563 564 -0.313491
563 567 -2.72927
566 581 0.527444
568 569 0.257664
568 577 -0.00125465
569 577 -0.330556
569 590 0.395919
569 597 -4.06817
570 586 -3.67349
570 587 -0.240752
571 581 4.05552
571 588 -0.115178
571 596 0.456045
571 601 7.98955
571 603 10.1565
571 629 0.0587244
572 585 -4.8442
573 578 -13.4255
574 583 7.40009
574 609 4.19649
574 622 1.41846
574 672 -0.0150797
575 584 -0.896075
576 577 -13.0302
576 585 0.867703
577 585 -4.43612
577 590 -5.06664
577 602 0.524641
578 582 1.74265
578 585 5.56007
578 589 -0.558085
578 596 -4.43612
578 608 -29.3503
578 610 -4.8442
578 611 -2.93164
578 617 -5.53733
579 600 -1.36469
580 592 -5.12791
581 595 6.32944
581 601 7.65085
582 588 -0.45608
582 589 -1.13855
583 593 6.85552
583 609 1.78139
583 645 9.09143
584 591 -7.68347
584 614 0.584119
585 602 -3.2057
585 611 -1.69086
585 618 -6.49793
586 587 0.00309879
586 591 0.0114332
586 599 -0.00309805
587 591 0.0732663
587 594 0.0477082
587 599 -3.66609
588 589 0.684518
588 596 -4.33744
589 596 -1.52308
590 597 -0.4679
590 602 -0.533484
591 599 -0.298463
591 607 0.563437
591 614 -1.42836
591 623 0.713016
592 594 -2.03117
592 616 -9.71366
592 624 0.0141687
592 640 2.31952
593 600 -6.66277
593 604 0.10958
593 645 3.43706
593 667 5.16782
594 599 -0.0794826
594 624 -0.631473
594 627 0.0970148
594 628 0.392015
594 630 0.560527
594 647 -0.102453
594 648 -0.076439
595 601 5.02112
595 626 1.35607
595 629 0.022289
596 603 3.44311
596 605 3.03315
596 610 1.21064
596 621 -3.91844
596 629 1.20383
596 643 0.0597127
597 602 0.472609
597 606 -5.17137
597 612 -4.8442
597 613 -5.22957
597 619 0.885821
597 620 -2.30211
597 631 -8.35456
598 622 1.43228
598 657 0.018885
598 672 -0.0622155
599 607 0.543553
599 630 0.27873
600 604 -0.0489928
600 635 2.72054
600 662 -0.96394
600 667 -7.87318
600 716 0.0138601
600 730 2.56457
601 603 3.96252
601 626 2.68986
601 629 6.65655
601 643 1.13202
601 649 7.36992
601 659 3.69169
601 686 4.10444
602 618 -1.05804
602 619 0.0433792
602 631 -2.31952
602 641 1.055
602 652 0.257444
602 661 -5.53733
603 605 3.32188
603 629 1.01871
603 643 1.03585
606 612 -0.305845
606 625 -3.01573
607 615 -1.89813
607 623 0.527008
607 630 0.52911
607 633 -0.277225
607 651 -10.3815
608 610 1.22041
608 617 -0.000785896
608 618 0.558542
608 638 -0.0730319
608 733 0.042957
609 622 1.54934
609 645 3.57445
610 618 0.123848
610 621 -0.794069
610 632 -0.77449
610 733 0.0397805
611 617 -2.64699
611 618 -1.21064
612 613 -0.00778178
612 620 -1.95015
612 625 -2.85347
613 620 -0.669846
614 623 -0.337785
614 633 1.29448
614 637 -3.77429
614 642 -0.51124
615 630 -2.4339
615 651 -5.53733
616 624 -1.54255
616 634 -2.25445
616 640 -3.51189
617 618 -0.593822
617 733 -0.017921
618 632 -0.0734769
618 638 -2.34594
618 643 3.90192
618 644 -0.0416889
618 649 2.85467
618 656 2.1881
618 660 1.5317
618 661 -2.71175
618 665 3.73241
618 675 -0.973511
618 690 0.0166492
618 693 -1.37766
618 694 0.622862
618 733 0.481592
620 625 -1.00226
620 631 0.0700632
620 639 -3.8638
620 641 -1.63282
621 629 -0.0333751
621 632 -0.45924
622 636 2.09189
622 645 2.93164
622 657 0.120871
622 663 0.936505
622 666 3.19068
622 672 -0.0640001
622 673 -14.0401
623 633 -0.636862
624 627 -0.00476819
624 628 -0.188242
624 634 0.0405148
624 648 0.889217
624 658 -0.10404
625 657 0.00944251
625 672 -0.0311077
626 629 0.022289
626 655 3.72939
626 659 0.611666
627 628 0.490218
627 630 -0.235076
627 647 0.339336
628 630 0.0372538
628 647 3.08959
628 648 -0.0722774
628 658 0.0149751
628 683 -0.00146101
629 632 0.986922
629 643 -0.117339
629 649 0.0814286
629 659 0.0407143
629 686 0.0407143
630 646 -1.90873
630 647 -3.96206
630 651 -4.79148
630 668 -3.0109
631 641 -5.53733
632 638 1.10108
632 643 -1.88192
633 642 -1.58339
633 651 -2.79481
634 640 0.24264
634 648 0.0659976
635 662 -0.952439
635 669 -1.23277
636 657 0.00944251
636 672 -0.0311077
637 642 0.822125
638 643 -3.2292
638 644 0.0695586
638 649 -0.0681171
638 656 -0.0681171
638 660 -0.136234
638 690 -0.019117
638 694 -0.265298
638 733 0
639 641 1.1106
640 648 6.07987
640 664 1.72077
640 697 -0.0181022
640 698 0.830492
641 650 2.82566
641 652 0.290165
641 661 -4.14515
641 684 -6.25058
641 692 -5.53733
642 651 4.90731
642 653 2.02352
642 696 -2.93164
642 715 -2.22758
643 644 -0.0554719
643 649 2.61306
643 656 2.53521
643 733 0.0626462
645 666 7.95127
645 667 4.14515
645 695 -0.376393
645 704 -3.57445
645 725 -2.78039
646 651 0.561096
646 668 -4.14515
646 671 -14.8177
646 676 -5.53733
647 658 1.29426
647 668 4.80028
647 671 0.363065
647 682 0.535111
647 683 -0.0363278
647 706 0.181532
648 654 3.43706
648 658 -2.80468
648 664 14.5757
648 683 -1.52308
648 697 -0.097959
649 660 1.26137
649 674 0.0512114
649 675 -3.4958
649 686 7.87756
649 688 2.83887
649 699 1.12535
649 711 4.66833
649 733 0.020882
651 677 -16.612
651 696 -9.68841
652 661 -6.41209
653 685 0.955623
653 708 -4.37929
653 715 -5.70694
654 658 -0.81228
655 659 1.63637
655 686 3.82505
655 700 0.0269973
655 710 -0.318898
656 733 0.020882
657 672 -0.384136
657 673 -0.0191325
657 678 -2.71175
657 679 0.187605
657 681 0.036194
658 682 -0.0150119
658 683 -0.326691
659 686 1.55699
660 675 -1.82623
660 733 0.0417641
661 665 -0.55042
661 684 -2.52434
662 669 0.259569
662 716 -0.0113481
662 730 -0.910832
662 731 -0.015934
662 751 -0.0103536
664 697 -0.0798568
664 698 4.799
664 709 0.63423
665 684 0.749734
665 693 -0.0430668
666 673 -7.87756
666 704 -2.85347
667 725 -7.58221
667 726 -10.3815
667 730 -0.335209
667 744 0.087571
668 671 3.3484
668 676 7.03061
668 682 0.919859
668 706 4.55355
668 732 2.18405
668 739 5.09991
671 676 3.61891
672 673 0.362529
672 679 -0.0662652
672 681 -0.278865
673 679 -4.14251
673 681 -1.35708
673 691 -0.0544849
673 701 0.0258626
673 704 -0.56723
673 707 0.04089
673 717 0.126
673 719 0.08744
673 720 -0.0165988
674 675 -0.00668968
674 688 0.0377882
675 688 -2.2339
675 690 -0.145743
675 694 -0.350483
675 699 -0.088872
675 712 -0.132004
676 677 8.95875
676 705 2.63199
676 728 8.45187
676 737 1.69086
676 739 8.46152
676 746 2.76573
676 776 3.54309
676 793 -0.150829
676 798 -1.47101
676 818 -0.00572167
677 696 -0.323998
677 721 -1.01623
677 728 1.03063
677 737 1.12464
678 679 -3.3964
678 680 2.12417
678 701 4.83688
679 681 1.10355
679 691 -0.148121
679 701 -7.99832
680 687 0.337785
680 689 7.79198
680 701 5.90816
680 724 0.0511109
680 740 4.50118
680 791 0.194226
682 683 1.04013
682 697 0.059891
682 706 7.10569
682 770 0.000454735
683 697 -0.0151809
684 692 0.0986739
684 693 -0.137199
684 702 -0.0159318
684 723 -0.666416
684 727 0.536536
684 743 -0.0395484
684 748 0.0167648
685 708 -2.69108
685 738 -2.10127
686 700 0.00917349
686 710 0.537724
686 711 4.44297
686 754 0.107136
687 689 4.28941
687 692 0.351768
687 702 -0.0389627
687 703 1.1528
687 713 -0.720692
687 724 3.69866
688 690 0.0339755
688 699 5.94981
688 712 0.585309
688 729 1.19182
689 724 1.06254
690 694 2.37607
690 712 0.0594995
690 718 -0.504619
690 733 0.0164203
691 701 -0.265027
692 702 -0.0223507
692 723 -0.000315954
693 694 -1.21096
693 722 -0.109123
693 723 -0.251392
693 733 0.0447248
693 743 1.01402
694 718 -2.116
694 722 2.08587
694 733 2.57678
695 704 -0.305845
695 714 -1.40956
695 725 -1.32411
696 715 2.43599
696 721 -3.08213
696 728 -1.31784
696 736 -0.942045
696 745 0.00812485
696 757 -0.220806
697 698 0.0968198
697 706 0.11326
697 709 1.5662
697 750 -0.00177686
697 752 0.339141
697 770 -0.0237267
698 709 0.931896
698 747 -0.0181128
698 750 6.68968
698 795 0.522223
699 711 2.64699
699 729 6.96456
699 759 2.71175
699 762 10.1654
700 710 -0.000952382
701 717 7.04867
701 740 4.5759
702 703 -0.108196
702 727 -0.452396
703 713 -0.668173
703 727 0.118081
704 714 -0.229415
704 720 -0.458831
706 732 1.60635
706 752 0.157366
706 770 -2.57236
707 717 1.01023
708 715 -4.19663
708 738 0.635286
708 741 -14.0723
708 749 -1.42058
708 756 -1.31893
708 780 -3.31536
709 750 0.0596725
709 752 0.0262382
710 711 0.425483
710 742 6.41497
710 754 1.90867
710 785 3.91844
710 796 1.02054
710 809 6.37441
711 754 5.62812
711 759 4.9337
711 797 0.107543
711 825 -0.0865572
712 718 -0.478169
712 722 3.01573
712 729 0.234153
713 724 -6.91813
713 727 -3.10264
714 720 1.7156
714 725 -0.517023
715 728 -0.661894
715 736 -0.314888
715 745 1.53104
715 756 0.279176
715 757 -0.49733
715 781 0.0947421
716 730 0.208238
716 731 0.0296481
716 751 0.104002
717 719 8.07328
717 740 1.6436
717 753 1.03861
717 766 -0.679906
717 767 0.0971282
718 722 -2.38716
719 720 -3.72356
719 753 6.34006
719 755 3.72976
719 766 -0.311607
719 768 1.90575
719 792 -0.00317032
720 725 -0.027362
720 734 -0.164225
720 755 -7.18306
720 774 -5.75374
721 728 -1.02659
722 729 3.00323
722 733 2.27575
722 760 5.20433
722 771 3.57445
722 783 -4.29356
723 727 -0.272609
723 733 -0.00765994
723 743 3.38997
723 748 -0.00832998
724 727 0.264158
724 740 0.204263
724 758 4.38962
724 765 0.629924
724 791 2.82778
725 726 -1.18877
725 734 3.87504
726 734 -0.840254
726 744 -2.04081
727 743 0.102329
727 748 0.07871
727 758 0.97802
727 778 5.22144
727 791 1.64519
727 810 0.500431
728 737 0.337785
728 757 2.00205
728 764 4.43665
728 784 0.0986049
728 790 1.97229
728 793 0.154071
729 760 1.91493
729 762 3.56256
729 786 1.08303
730 731 0.00508326
730 744 -1.96427
730 751 0.362097
730 789 -2.78039
730 822 -4.43612
731 735 1.98656
731 738 -0.256107
731 751 0.265849
731 805 -5.83368
731 806 1.40592
732 739 0.202476
732 769 -0.089675
732 770 -0.90648
732 782 0.101238
732 818 -0.00572167
733 743 5.27916
733 775 7.98725
733 783 -0.315153
733 799 0.511708
734 744 1.4684
734 774 -0.512915
735 738 0.0707979
735 761 2.83839
735 806 1.07838
736 745 -0.0114763
738 741 -0.943623
738 749 -0.0133684
738 761 0.0151655
739 769 0.184869
739 770 0.24261
739 782 2.45906
739 793 -0.162924
739 798 -1.07469
739 807 2.84763
739 818 -0.062436
739 831 5.6018
740 765 0.162323
740 766 -0.395691
740 772 0.0710974
740 773 5.04899
740 791 0.337944
741 749 -0.677126
743 748 1.20271
743 778 1.80247
743 787 3.80414
743 799 0.156991
744 763 -2.17627
744 774 -0.286034
744 789 -2.18405
745 756 0.083648
745 757 -0.288245
745 781 0.275918
745 794 0.0599967
745 801 0.12049
747 750 -0.209051
747 770 -0.0610348
747 777 -0.0926717
747 795 -0.36714
749 761 -0.488129
749 779 -0.533685
749 780 -0.533685
750 752 -0.0133072
750 770 9.226
750 777 1.36413
750 795 1.52424
751 805 -7.06042
751 806 0.0809323
751 822 -15.9189
751 859 -0.867703
751 861 -0.323729
752 770 -0.189252
753 766 -0.419304
753 767 0.129459
753 768 0.48126
753 773 -0.00530962
753 800 -0.00782312
753 808 -6.88341
753 816 -0.0115201
753 820 0.0684285
754 759 1.96854
754 796 3.48652
754 797 4.69433
754 809 0.181587
754 815 0.443153
754 825 -0.514875
755 768 2.33869
755 774 0.500431
755 788 -2.32024
755 792 -0.0195349
755 802 -0.000972322
756 780 -0.533685
756 781 2.09979
757 764 2.72154
757 784 0.512555
757 794 1.07592
758 791 3.88929
759 762 6.77128
759 797 0.219465
759 825 -0.185693
760 771 10.7947
760 775 0.0572091
760 786 7.21212
760 826 9.96231
760 841 2.61518
761 779 -1.14578
761 780 -1.18877
761 806 0.687571
761 817 4.19253
761 823 1.5253
761 851 -3.97163
761 854 -0.00179418
762 786 7.7928
762 797 -0.0512852
762 825 4.55453
762 843 4.33341
762 908 2.93164
763 774 -2.96364
763 789 -0.687271
764 784 3.04312
764 790 4.41386
764 793 0.196389
764 794 4.33018
764 824 1.30083
765 772 0.515232
765 773 0.796182
765 791 3.22763
765 804 1.67549
765 810 2.55836
765 827 -2.36751
766 767 -0.290986
766 773 -0.398948
766 800 -0.52921
768 792 -0.576208
768 808 -0.474856
768 820 -0.136262
768 821 0.0287788
769 770 0.694371
769 782 0.391788
769 818 -9.31323e-10
770 777 3.15305
770 782 5.57538
770 795 3.8712
770 803 4.43612
770 811 3.20604
770 814 3.97091
770 857 0.733951
771 775 0.0650664
771 783 -1.31261
771 826 2.31187
772 773 0.273912
772 804 0.212642
773 800 3.52181
773 804 0.0689877
773 820 -0.0360173
774 788 -7.6481
774 789 -0.971994
774 822 -2.58569
774 834 -1.99772
774 842 -2.52745
774 844 -1.75131
775 783 -0.284333
775 799 0.24023
775 812 3.82634
775 826 0.15093
775 838 0.105544
776 793 -0.0268417
776 798 -1.22589
777 795 1.51065
778 787 10.7993
778 810 5.90128
778 813 4.23445
778 819 4.04111
779 780 -0.0389131
780 781 -2.79951
780 823 -0.83062
781 794 0.197764
781 801 1.85402
781 823 1.9278
781 828 0.414301
781 851 0.483369
781 854 0.731187
781 855 0.16071
781 891 0.141117
782 807 1.47101
782 811 2.98652
782 818 -0.00572167
784 794 5.47871
785 809 2.14198
786 841 0.832547
786 908 1.91493
787 799 0.212465
787 812 0.787512
787 819 3.85597
788 802 -1.28232
788 830 -0.0780309
788 842 1.00515
789 822 -0.81228
790 793 0.300695
790 818 3.22322
790 824 3.28667
791 810 7.44114
792 802 1.37404
792 821 -0.163848
792 830 -0.0856503
792 833 -7.1488
793 798 -0.930933
793 818 1.18812
793 831 -0.0935961
794 801 0.303532
794 824 0.433639
794 828 0.980402
794 848 5.83076
795 814 0.105772
795 857 4.20932
795 871 1.88061
796 809 0.368022
796 825 -0.316061
797 809 0.035229
797 815 0.740082
797 825 -0.746682
799 812 1.0745
799 819 0.227806
800 804 0.0315921
800 816 0.060582
800 820 -0.0996036
800 827 -0.0631844
800 832 -2.18405
800 836 -1.57696
801 828 0.87102
802 830 -4.43612
803 811 5.22936
803 814 3.73464
804 827 -2.52205
805 806 -5.53733
806 840 -20.8944
806 851 -3.73241
806 861 -4.72748
806 870 -11.866
806 886 -1.33305
807 811 8.20917
807 818 0.00860244
807 831 3.73017
807 845 1.75131
807 867 2.6971
807 879 2.27269
807 882 3.1773
808 820 -3.2802
809 815 0.0212865
809 825 -0.279232
809 835 4.47394
809 837 3.97111
809 904 0
810 813 2.58518
810 819 0.738038
810 827 -0.323921
810 839 6.17392
810 846 0.0303632
810 847 0.00888536
810 849 2.8387
810 869 4.81953
811 814 1.43919
811 845 3.98059
811 862 0.358189
812 819 5.05313
812 838 7.22666
812 880 -0.0413705
812 884 -0.0388168
814 857 2.50329
814 862 3.91844
814 863 4.60114
814 901 2.10127
815 825 -1.24091
816 820 -1.68427
816 836 -0.132481
818 824 0.982543
818 831 -0.703202
818 875 0.438195
818 882 0.61034
819 869 2.76831
819 884 -1.43904
819 893 0.867703
820 821 -0.0503276
820 829 1.83775
820 836 -12.2863
820 865 0.0116931
820 876 -0.0134951
821 829 -0.722442
821 833 0.772018
822 834 -0.226632
822 853 -5.73349
822 859 -1.18877
822 860 -2.27269
823 851 -0.740948
823 854 0.0816508
824 848 7.85127
824 875 2.66091
824 892 0.11885
825 835 -0.241057
825 843 2.82854
825 864 -0.0430235
825 874 2.71672
825 904 -0.0427328
825 908 0.733678
826 838 1.06598
826 841 4.91478
826 872 5.43653
826 887 2.93164
826 897 2.62084
826 913 0.106388
826 943 0.14088
827 832 -2.71175
827 847 -0.483247
827 850 -1.14578
827 858 -2.29593
828 848 6.54381
828 891 1.56771
828 918 3.20604
828 933 6.87567
828 1011 0.0627842
829 833 -0.504479
829 836 -0.231623
829 865 0.0213336
829 876 -0.0545398
830 833 -4.43612
830 842 -2.8189
830 856 -3.20605
830 866 -3.10675
831 882 5.29589
832 836 2.47197
832 850 0.81228
833 856 -1.83798
833 865 -0.0288814
833 877 -7.30264
833 885 -0.151821
833 890 -0.74694
834 844 -0.101248
834 853 -0.500431
835 837 6.69134
835 904 1.93247
835 908 0.652582
836 850 2.12434
836 865 -0.326983
836 876 1.56196
836 905 0.105744
837 852 6.6431
837 896 5.42349
837 904 6.247
837 928 12.9708
837 941 6.32637
837 958 2.73372
838 868 5.70389
838 872 0.709684
838 880 -0.145678
838 883 5.25947
838 884 -0.0821013
838 902 2.8804
838 913 0.0446109
838 946 1.98633
840 861 -1.16715
841 887 1.14578
841 897 0.226632
841 908 5.68951
841 943 0.0267867
842 844 1.18877
842 853 -1.88061
842 866 -9.016
842 878 0.890783
842 899 -7.55138
842 919 -0.132481
842 929 -0.438797
842 939 -0.0100451
843 864 -0.0178287
843 908 3.08559
844 853 -2.10127
845 862 2.56438
845 867 1.81446
846 847 4.63719
846 849 6.99399
846 858 2.72801
846 894 -0.038163
846 911 4.93462
846 915 0.0751182
847 858 1.21614
848 892 0.0584923
848 907 6.18479
848 917 0.381456
848 918 3.58297
848 925 0.373001
849 869 3.22935
849 894 -0.583528
849 915 0.181635
850 858 7.34533
850 873 4.7115
850 905 7.44269
850 909 5.86172
850 935 2.95811
850 960 -0.924411
851 854 4.92298
851 870 -1.49683
851 889 -3.70147
853 860 -0.0732051
853 878 -0.139423
854 855 2.93518
854 889 -2.06181
854 891 0.163194
854 916 1.14578
854 932 -0.101248
854 933 1.86751
854 952 -1.27785
854 1011 0.0313921
856 866 -1.7966
856 885 -0.766172
857 863 4.28859
857 871 5.48769
858 873 1.39186
858 909 2.3574
858 911 1.98633
859 860 -0.418426
859 861 0.0818961
859 881 -3.12557
859 886 -1.00114
859 888 0.886457
859 900 -8.16853
859 910 -2.14198
859 926 -0.116857
859 927 -4.14515
859 945 -5.59404
860 878 -0.243342
860 881 -0.722426
860 888 -0.610089
861 886 -1.97755
862 867 3.16282
862 901 4.9685
862 903 1.41145
863 871 1.13475
863 901 10.5155
863 903 0.0351368
863 955 2.01155
863 956 1.53995
863 978 -0.00824022
863 986 1.1764
863 992 0.130481
863 1007 0.000952388
864 874 -0.0237841
864 908 -0.0127979
865 876 -1.63336
865 877 0.732834
865 905 -0.000943782
865 906 -0.0196701
866 885 0.184494
866 895 -1.93994
866 919 -1.57696
866 921 -1.91493
867 879 5.37524
867 882 4.337
867 903 3.66664
867 940 5.28582
868 872 0.489897
868 883 0.126232
868 897 0.0121198
868 902 1.72077
868 913 0.349137
868 943 0.0747326
868 946 0.467445
868 961 0.773331
869 893 0.469217
869 914 1.24891
869 915 0.624376
870 886 -1.08303
870 889 -5.53733
870 900 -15.9189
871 956 0.0144092
871 978 0.00491372
871 986 0.396557
871 992 0.0255554
872 897 0.63305
872 913 0.307381
872 943 0.109857
874 904 -0.028518
874 908 2.24032
875 882 1.98326
875 892 0.0311155
875 925 6.73466
875 931 4.07836
875 976 -0.00923856
876 877 -0.0233095
876 905 0.000261545
876 906 0.0031043
877 890 0.39556
877 898 -3.23592
877 905 0.0154353
877 906 -0.0133283
877 912 0.818157
877 924 0.0600041
877 936 0.0147881
877 954 0.0124544
878 888 0.797778
878 899 -1.68755
879 882 6.59318
880 884 0.654102
880 902 -0.496768
881 888 -1.7985
882 931 6.67688
882 940 1.39593
882 957 2.47197
882 970 2.10988
882 976 -0.0410339
884 893 -3.23504
884 902 -7.82553
884 914 -2.59968
884 971 -0.0462397
884 979 -0.0505614
885 890 -2.91778
885 895 -0.368988
886 900 -3.60048
888 899 -3.96702
888 910 -3.93317
889 900 -0.305845
889 916 -4.20758
889 920 -2.10127
890 895 0.22312
890 898 -0.711313
890 912 2.45276
890 929 0.00873971
890 938 -0.598659
890 954 -0.00136966
891 933 0.954625
891 1011 0.0313921
892 917 0.0267007
892 925 0.0577839
893 914 1.60463
894 911 -0.149854
894 915 -0.0367641
895 921 -0.261263
895 929 0.217925
897 908 2.06181
897 913 2.75812
897 923 1.0822
897 934 2.21417
897 943 3.35774
897 961 2.40249
897 988 0.0970735
897 1012 4.14515
897 1057 0.569303
898 912 -0.023346
899 910 1.30962
899 922 -0.307608
899 926 0.330772
899 930 1.84565
899 939 -1.03742
900 920 -19.2652
900 927 2.1476
901 903 -0.45798
901 948 1.02233
901 967 -0.943623
901 982 1.36957
901 986 0.777038
901 992 0.0909168
902 946 2.84678
902 961 2.40517
902 971 1.40992
902 979 0.0294512
902 988 3.71438
903 940 1.21879
903 948 -1.70264
903 962 0.0939565
904 908 3.41814
904 942 12.5778
904 958 12.6146
904 1002 1.75131
905 906 2.00862
905 924 0.491075
905 936 -0.00445623
905 953 -0.0586534
905 954 0.60932
905 960 -2.53313
905 968 -0.00735734
905 983 0.00496083
905 1028 0
907 917 7.50271
907 918 1.75131
907 925 2.0935
907 959 0.756611
907 975 0.75382
908 923 1.91493
908 937 2.52745
908 942 4.25716
908 949 3.8617
908 950 1.25517
909 911 2.18646
909 935 8.09654
910 922 -0.462763
910 926 -1.29828
911 915 1.93407
911 935 3.31494
911 979 3.43706
911 980 0.305845
912 924 1.1385
912 936 -0.000667874
912 938 -0.189499
912 944 0.0261517
912 954 0.0057486
913 943 0.340111
914 915 0.562802
914 971 0.458803
914 979 2.53469
915 979 0.563929
916 920 0.038913
916 932 -3.74661
917 925 6.82256
918 933 2.50683
918 959 7.80991
918 1011 0.80931
918 1039 0.541522
919 921 0.010519
919 929 -0.00525929
920 927 -6.22145
920 932 -7.09521
920 964 -3.10675
920 973 -0.233843
921 929 -3.45371
922 926 -0.0097089
922 930 -0.018801
923 943 6.11514
923 949 2.85347
923 950 1.37165
923 1003 2.36822
923 1012 1.90046
923 1017 8.33625
923 1022 4.42363
923 1036 0.172887
923 1056 0.109686
923 1067 0.345618
923 1075 -0.0803015
924 936 -0.00915431
924 954 0.0174377
925 931 4.61233
925 947 5.62227
925 959 4.91999
925 969 2.71175
925 970 0.306247
925 975 0.375515
925 976 -0.00824282
925 981 7.80695
925 1018 -0.337785
925 1019 0.584888
926 930 4.52265
926 945 -0.176545
927 945 -9.97346
927 964 0.867703
927 974 -6.75241
927 985 -1.60463
928 941 1.52308
928 958 2.58569
929 930 -0.0784994
929 938 -0.0978747
929 939 0.00334839
929 944 0.402006
929 951 1.26735
929 954 0.561137
929 995 -1.10372
929 997 -0.618144
930 939 -0.809293
930 945 -1.47773
930 951 -0.491048
930 963 2.72827
931 970 0.205432
931 976 -0.104633
932 952 -2.88164
932 973 -4.43612
932 989 -2.14954
932 991 -0.363676
933 952 -6.09575
933 987 2.93719
933 999 0.00791997
933 1011 0.465076
933 1039 -0.0292014
934 943 0.0302894
935 960 -0.794069
935 972 14.5101
935 979 0.660417
935 980 1.32411
935 1006 0.517023
936 954 -0.230593
937 949 1.34772
938 944 -0.0768882
938 954 -0.0151849
939 951 0.163969
940 957 1.72077
940 962 0.543999
940 970 0.205592
940 977 4.46494
940 984 1.45865
940 1001 1.28707
940 1005 0.0221187
941 958 5.98644
942 949 2.99829
942 965 0.993138
942 1002 2.22758
943 961 0.150894
944 954 0.247042
945 963 -0.635286
945 966 -2.60288
945 974 -2.85347
948 962 -1.69832
948 967 -1.37165
949 950 0.982543
949 965 5.04362
949 994 7.48884
949 1002 6.14025
949 1003 6.46668
949 1036 0.407703
951 963 -0.408602
951 995 -7.85229
951 998 -1.42712
951 1014 -0.369897
951 1015 -0.0585024
951 1027 -1.30083
951 1029 -2.03936
951 1040 -0.583333
951 1045 -0.302351
951 1054 -0.132481
952 989 -0.00191106
952 991 -0.205295
952 999 -4.41176
952 1059 -4.8442
953 954 -0.422931
953 968 0.633085
953 972 -0.000184444
953 983 -0.00337239
953 997 -0.377679
953 1004 0.0197133
953 1008 -0.00111174
953 1026 -8.85269
953 1027 -1.09734
953 1028 -7.91218
953 1064 1.43904
954 968 -0.0979705
954 983 0.0054236
954 997 -6.87022
955 956 0.0209048
955 978 -0.00655608
955 986 0.195311
955 992 0.0255311
956 978 -0.0219718
956 986 0.0625895
956 992 -0.0415242
956 1007 0.0552995
958 990 7.11245
958 1000 8.16441
958 1002 8.73718
958 1074 3.31536
958 1084 0.752681
959 969 2.10127
959 975 1.71605
959 1011 8.53451
959 1018 -1.16358
959 1039 0.66534
960 972 -1.78253
960 983 -2.36822
961 988 1.62595
962 967 1.54979
962 977 0.0757429
962 982 -0.226632
962 986 -1.98695
962 1001 0.0343639
962 1005 0.0565905
963 966 2.69111
963 974 5.29743
963 998 4.94142
963 1015 0.0133988
963 1041 -0.954239
963 1042 -4.8442
963 1058 -1.42058
964 973 -3.57445
964 985 -1.1777
966 974 3.67092
967 982 -1.12464
968 972 0.00467193
968 983 -0.0181446
968 1004 0.00171493
968 1008 -0.00141736
968 1028 -0.451082
970 976 -0.0374999
970 984 0.101572
970 1019 0.498278
971 979 2.63102
971 988 2.60413
971 1013 3.80939
971 1021 -0.154004
971 1037 0.0362641
971 1038 0.174374
972 979 3.73241
972 983 2.50215
972 1004 1.83025
972 1006 5.19237
972 1008 0.143141
972 1023 5.59075
972 1024 5.47497
972 1028 -0.0129137
972 1033 0.0242081
972 1048 1.60076
972 1051 2.58569
972 1052 4.58121
972 1086 4.56211
973 985 -0.905358
973 989 -2.75771
973 996 -2.85347
974 985 2.49341
974 989 -0.000868356
974 996 -1.98633
974 1030 1.41476
974 1034 3.26807
974 1042 -7.08312
974 1043 -0.821305
974 1046 0.669846
976 981 0.00288671
976 984 -0.0444467
976 1019 -0.0499254
977 984 0.770217
977 1001 1.71993
977 1005 0.0403299
977 1032 -0.0303488
978 986 -0.0112381
978 992 -0.0477987
978 1007 0.067945
979 980 4.3503
979 993 1.99889
979 1013 0.0108127
979 1021 -0.310818
979 1037 0.139634
979 1038 0.529841
979 1051 5.35535
981 1018 -0.601089
981 1019 4.34666
981 1031 -0.0845058
981 1032 1.82327
982 986 0.156196
983 1008 -0.00378624
983 1028 -0.0196765
984 1001 2.60233
984 1019 0.179807
984 1032 -0.0606975
985 996 -0.0700634
986 992 0.193216
986 1005 2.02352
986 1007 -0.177874
986 1020 3.34878
986 1025 0.731418
986 1035 -0.0322027
986 1055 0.26215
986 1063 -1.588
986 1071 0.585378
986 1072 0.419395
987 999 0.124726
987 1010 0.0473592
987 1011 -0.143714
987 1016 1.1582
987 1039 -0.700412
988 1013 0.439251
988 1037 1.282
988 1038 0.2661
988 1057 0.759757
989 991 0.430544
989 996 -0.905358
989 1009 1.11132
989 1030 -0.00348774
989 1043 -0.0389131
991 1043 -5.35647
991 1046 0.0195694
991 1058 -0.150657
991 1059 -3.73241
991 1073 -0.556528
992 1007 -0.492419
993 1013 0.0108144
993 1021 -0.197238
993 1038 0.136279
995 997 -2.14198
995 1014 -1.66155
997 1014 -0.635286
997 1026 -2.59347
997 1027 -3.44784
998 1015 0.146047
998 1029 -0.452968
998 1041 -0.586192
999 1010 0.101677
999 1016 1.23944
999 1047 0.0421933
999 1050 -0.142312
999 1059 0.852894
1001 1005 0.400295
1001 1019 -0.0482115
1001 1020 5.38363
1001 1032 -0.441827
1001 1066 4.60613
1002 1036 0.108389
1002 1044 0.245791
1002 1060 0.0352497
1002 1075 0.00769088
1002 1084 1.69221
1003 1036 1.62879
1003 1075 -0.00773277
1004 1008 -1.2647
1004 1028 -0.0149745
1004 1033 0.0152993
1004 1049 -0.0473598
1005 1020 1.54979
1007 1025 -1.49558
1007 1035 -5.29401
1008 1033 0.145197
1008 1048 3.38045
1008 1049 -4.99163
1008 1052 5.4365
1008 1082 -2.94575
1009 1030 -2.1749
1009 1043 -1.88061
1010 1016 0.0760997
1011 1018 -8.65443
1011 1039 1.53221
1011 1062 -0.50194
1011 1065 -2.42121
1012 1017 0.975645
1012 1057 16.7088
1012 1067 3.91467
1012 1075 0.29227
1013 1021 -0.166257
1013 1037 0.20088
1013 1038 0.357418
1014 1027 -0.023346
1015 1029 -3.3632
1016 1039 -4.07934
1016 1047 0.0421923
1016 1059 1.739
1016 1069 0.106832
1016 1076 0.272153
1017 1022 3.40855
1017 1067 3.03964
1017 1075 -0.0555871
1018 1031 -7.74473
1018 1065 -1.05997
1018 1081 -2.00953
1019 1020 -0.0149426
1019 1031 -1.46644
1019 1032 2.50088
1020 1031 0.0227558
1020 1032 -0.133267
1020 1065 -1.01464
1020 1066 2.18579
1020 1069 -0.00145769
1020 1071 1.50376
1020 1072 2.56267
1020 1081 -0.244112
1021 1038 -5.34085
1022 1036 0.926003
1022 1056 0.415621
1022 1067 1.19559
1022 1075 -0.685487
1025 1035 -0.0169632
1026 1027 -0.635286
1027 1045 -0.0871391
1027 1053 -4.70859
1027 1064 -2.67459
1028 1033 -0.00595647
1028 1048 -0.00595647
1028 1049 -5.68473
1028 1052 -0.00595646
1028 1064 -5.64251
1028 1082 -3.87968
1029 1041 -3.40433
1029 1054 -0.775982
1029 1061 -0.0389131
1030 1043 -0.237188
1031 1032 -1.96316
1031 1081 -0.244112
1032 1066 -0.191605
1033 1048 0.538665
1034 1043 -0.102397
1034 1046 1.28331
1035 1055 0.527845
1035 1070 -1.6424
1035 1077 -0.179594
1036 1044 1.66668
1036 1056 0.024322
1036 1060 2.72206
1036 1075 0.334255
1036 1084 0.0502291
1037 1038 2.0475
1037 1057 0.99108
1038 1051 6.28716
1038 1057 3.70681
1039 1062 -0.119295
1039 1069 0.638822
1040 1045 0.623276
1040 1054 -0.33927
1041 1058 1.66445
1041 1061 -19.1442
1041 1083 -3.96988
1042 1046 -2.58569
1042 1058 -1.12464
1043 1046 -2.02352
1044 1060 0.00606026
1044 1084 0.178119
1045 1053 -4.79761
1045 1054 -2.20346
1045 1064 0.0700632
1045 1068 1.68987
1046 1058 -6.96133
1047 1050 -0.0421871
1047 1059 0.253146
1048 1052 1.86426
1049 1082 1.72077
1050 1059 -2.26464
1051 1085 7.67905
1051 1086 2.02352
1052 1086 1.04312
1053 1068 -1.25517
1054 1061 -3.31536
1055 1063 -3.47802
1055 1071 4.5899
1055 1077 -0.141092
1055 1089 -5.0011
1056 1075 -0.389704
1058 1073 1.32177
1058 1078 -0.008117
1058 1079 1.54602
1058 1083 -0.755861
1058 1087 0.0310762
1058 1090 -3.99893
1059 1069 0.243441
1059 1073 -3.79174
1059 1076 0.400708
1059 1080 -6.89821
1059 1088 1.07968
1060 1075 0.0903446
1060 1084 0.0365146
1061 1083 0.833649
1062 1065 -0.0111826
1062 1069 -0.212838
1063 1071 -0.132481
1065 1069 3.96796
1065 1081 -0.386023
1067 1075 0.232503
1069 1076 0.867028
1069 1080 -0.179458
1070 1077 -2.10127
1071 1072 0.419321
1071 1077 -0.0397984
1071 1089 -0.539436
1073 1080 0.24241
1073 1088 -1.11023
1073 1090 -1.582
1075 1084 0.00348616
1076 1080 -5.17444
1077 1089 -1.0929
1078 1079 -0.00291106
1078 1083 -0.277636
1078 1087 -0.916034
1079 1087 0.0177533
1079 1090 -0.477591
1080 1088 -2.64167
1083 1087 -3.10675
1087 1090 -1.71612
