MULTICUT
1 13 0.6181436068748636
1 2 -0.533685124626992
2 3 0.33778526158074773
0 13 1.5769599644200505
1 4 -2.4719661045957224
1 14 -3.106750063060895
1 11 -2.22757952790676
2 17 -1.914934325902037
2 15 -2.1419841365639445
2 17 -1.0625403846496646
2 7 -2.8534722097520193
2 16 -1.60462908492035
2 5 3.015725255756913
3 12 -3.0157253387444354
0 1 1.1671515377428254
4 14 2.418966462073592
11 14 1.6908566753683048
15 17 2.368217406966919
7 17 0.9053573740495944
5 16 0.6872705278045488
1 21 -3.2060451019615273
2 21 -3.106750063060895
2 20 -1.1037246319352672
2 8 1.0830275858277314
3 9 -2.7117471225450083
11 21 -2.2726892867301896
17 21 0.22663210648628773
17 20 1.3716527928075883
15 20 1.72076695640305
7 16 2.0618119072200103
8 12 -2.418966560561031
9 12 2.141984057957801
10 13 -1.914934325902037
6 13 2.646993557188065
6 10 -0.8490927706325437
3 18 -1.847139159904398
3 25 -4.844202616288199
18 25 3.10674997290245
1 19 2.023523983245292
0 19 3.3153580262671256
1 22 -0.5841189757308616
17 26 0.7580154487445683
7 26 3.4370554399806776
8 35 2.0618119072200103
4 22 2.4719660016221714
2 35 4.145152023550564
19 22 1.0422550037182607
11 28 2.418966462073592
9 23 -0.722426472174637
10 13 -0.33778538326100627
14 28 1.5230823357393546
12 35 -4.844202616288199
3 27 -2.1840514594677467
9 27 -0.32179504083642385
25 27 3.015725255756913
9 24 2.5856857384930256
24 27 2.0618119072200103
23 24 -0.6698460476628039
13 19 2.5274488884529975
15 17 2.5274488884529975
12 23 -1.1246387871621042
3 29 2.0618119072200103
13 38 3.2060450031958343
18 30 2.184051378192568
3 30 -1.3477177614522067
29 30 -0.4184259027266788
25 30 2.2726891994400433
13 22 -1.2106356105583946
12 24 2.5856857384930256
17 31 2.184051378192568
15 31 -0.32179504083642385
14 33 -1.6615502176829433
28 33 -1.60462908492035
4 33 -1.751313725733529
15 34 -0.19515772478657212
17 39 1.9501526258096291
26 39 3.7324082779400585
24 32 0.4674453385798212
27 32 1.3008299128497565
31 34 4.844202556684481
17 34 3.10674997290245
25 36 -0.353818619728701
30 36 0.6872705278045488
30 40 0.7940688968903633
5 46 1.471006361575077
25 37 -0.4839058740936957
16 46 2.0618119072200103
36 37 1.210635526973574
4 41 0.33778526158074773
33 41 2.184051378192568
29 40 -4.844202616288199
2 46 2.2726891994400433
36 40 -2.5274489963885465
24 27 1.6615501074318497
35 43 2.5274488884529975
12 43 -4.145152083743929
27 42 -1.751313725733529
25 42 -1.7825320036768968
4 13 -1.3008300007371676
7 39 2.93164334365634
2 43 1.986327796610479
37 42 0.9436225830949259
37 40 -1.690856787854381
17 44 1.210635526973574
21 44 -0.33778538326100627
24 42 -4.145152083743929
33 45 -1.914934325902037
28 45 3.10674997290245
37 51 -1.4710064589046166
40 51 3.4370554399806776
29 52 -1.3477177614522067
42 51 -4.43612156009328
40 52 2.7117470592609445
4 47 2.7803933118077264
41 47 -0.33778538326100627
38 48 -2.5274489963885465
41 45 -0.867703438765498
39 50 1.188767543534301
13 48 -2.6469936768108107
45 47 2.5856857384930256
39 57 -0.038913137770452355
50 57 2.93164334365634
28 53 1.188767543534301
11 53 3.9184427168471876
45 53 4.436121480203944
13 59 -2.22757952790676
4 59 2.0618119072200103
47 59 3.015725255756913
44 64 -0.007781779532672672
21 64 1.3008299128497565
13 49 1.986327796610479
13 56 -2.2726892867301896
49 56 -1.1246387871621042
56 59 2.8534721380276795
17 54 2.5274488884529975
2 60 3.4370554399806776
12 58 3.2060450031958343
24 55 1.9149341938214999
42 61 0.08565016394454328
17 64 2.2726891994400433
7 50 3.4370554399806776
42 55 -1.0625403846496646
51 61 2.2275794437459226
43 58 -3.9184428135768994
17 57 -0.5504199144331001
24 58 1.0625402297313233
55 61 2.5274488884529975
13 63 2.31951701078773
47 53 0.7047961364960313
48 63 -1.914934325902037
55 58 0.1637791782871667
49 62 3.10674997290245
13 62 3.015725255756913
55 65 1.103724552883528
58 65 -1.5769600686022973
54 64 1.103724552883528
49 69 0.48390574875928927
49 59 -0.5672302300910688
59 69 1.347717671142901
62 66 1.9501526258096291
49 66 0.7940688968903633
53 71 1.103724552883528
40 68 -1.3477177614522067
52 68 -1.042255157127819
66 69 2.368217406966919
62 74 -0.27405945275533616
13 74 -1.3008300007371676
55 67 -0.5504199144331001
61 67 -0.4510470176203887
51 72 1.7513136084096503
40 72 0.21088184704301205
13 48 -2.7803933790295874
65 67 1.9149341938214999
51 67 -1.690856787854381
67 72 -0.4839058740936957
59 70 0.5170228985401271
59 73 -0.0544849469084292
70 73 0.10124748840924536
47 73 1.5230823357393546
58 67 -1.083027742309897
66 74 0.8306197427665889
48 90 -0.9244110766470177
53 73 0.8677032967963991
53 80 0.9244109312539295
11 80 2.8534721380276795
7 57 2.7117470592609445
72 75 1.3241144775306468
40 75 -0.7401649710893459
13 90 2.4719660016221714
71 80 2.7803933118077264
69 74 2.368217406966919
17 64 2.7117470592609445
67 77 2.368217406966919
59 74 0.023345926266394867
13 76 3.574453703354731
74 76 0.1637791782871667
59 79 3.9184427168471876
70 79 0.10124748840924536
7 89 3.574453703354731
58 78 1.5230823357393546
67 78 -2.7803933790295874
74 79 3.3153580262671256
16 89 3.4370554399806776
72 77 0.8306197427665889
73 79 1.0625402297313233
43 78 -4.844202616288199
73 82 1.880614156109223
53 86 0.8864565510992328
79 82 3.3153580262671256
71 86 -0.722426472174637
75 81 -0.7940690348095123
40 81 3.2060450031958343
67 88 -2.8534722097520193
78 88 -0.2899342369326745
77 85 1.8144599138640842
77 88 -0.5841189757308616
72 85 0.1168571278983801
83 85 3.7324082779400585
72 83 3.2060450031958343
75 83 0.023345926266394867
40 84 -1.3959339919795308
68 84 1.0830275858277314
82 86 -1.0221649697100497
81 84 0.8864565510992328
52 84 0.9629978960423582
13 74 -2.22757952790676
78 87 3.9184427168471876
87 88 1.445594446330888
11 92 2.7803933118077264
80 92 2.4719660016221714
85 88 1.7825318837304605
81 83 3.10674997290245
64 99 2.5274488884529975
21 99 0.1168571278983801
87 95 2.93164334365634
81 91 2.101269714871794
88 95 3.015725255756913
11 97 -0.21088196663715686
2 78 -4.145152083743929
21 97 -3.732408358890588
2 87 -4.844202616288199
74 94 4.145152023550564
81 88 2.368217406966919
13 94 -1.042255157127819
88 91 0.35381849771398977
83 88 3.10674997290245
88 93 2.368217406966919
91 93 1.8471390342477205
81 93 3.7324082779400585
7 98 2.368217406966919
79 94 1.8144599138640842
7 16 3.574453703354731
71 92 -0.9244110766470177
57 98 2.368217406966919
94 96 3.015725255756913
92 97 -3.0157253387444354
71 105 -4.844202616288199
64 102 4.436121480203944
88 103 1.0830275858277314
93 103 -1.5230824363372633
79 96 3.015725255756913
97 105 -0.6872706606037844
99 102 2.7803933118077264
81 103 -2.023524054927849
86 105 -0.16377929735639296
84 103 2.023523983245292
21 100 2.2726891994400433
97 100 -4.844202616288199
97 108 2.646993557188065
105 108 4.436121480203944
17 102 3.7324082779400585
52 103 -0.07006336313715722
13 104 0.3058452631148958
94 104 1.9501526258096291
13 101 3.7324082779400585
96 104 1.103724552883528
99 106 2.93164334365634
90 101 0.48390574875928927
82 105 -4.145152083743929
21 106 0.007781661256567096
102 106 5.537334267018537
88 107 -1.4710064589046166
100 106 0.274059332246233
103 107 0.3058452631148958
87 111 -1.5497854889223055
95 111 -3.9184428135768994
2 111 -0.10124760698692858
95 107 -4.43612156009328
107 111 2.141984057957801
98 112 1.471006361575077
7 112 3.9184427168471876
97 115 -1.324114566604422
100 115 -0.5504199144331001
100 110 2.141984057957801
106 110 2.7803933118077264
103 109 2.31951701078773
103 113 -1.4455945421327967
107 109 -1.2327653271421226
102 110 2.31951701078773
105 137 0.6010889981175147
82 137 -2.1840514594677467
109 113 1.445594446330888
98 123 1.5769599644200505
57 123 1.3959338990403656
105 114 2.2275794437459226
112 123 1.7825318837304605
108 114 2.4719660016221714
110 115 1.6908566753683048
113 117 1.986327796610479
109 117 4.436121480203944
13 96 -2.7803933790295874
79 116 2.7803933118077264
90 119 0.6698459156176995
101 119 3.2060450031958343
96 118 -0.21088196663715686
79 118 1.6908566753683048
79 120 -0.353818619728701
82 120 2.368217406966919
13 118 -3.3153581355547077
116 118 3.4370554399806776
116 120 2.4719660016221714
120 137 -2.9316434205780437
13 90 0.7940688968903633
13 119 2.93164334365634
113 121 0.41842577919951873
117 121 2.31951701078773
57 122 3.574453703354731
122 123 1.5230823357393546
114 137 -0.867703438765498
17 122 0.5336849977291656
109 144 -0.5841189757308616
107 144 -2.418966560561031
117 144 0.38602265684584536
46 127 1.5497853865743236
113 117 2.93164334365634
113 124 -0.17945749696390423
16 127 1.9149341938214999
113 144 3.9184427168471876
13 125 1.986327796610479
118 125 -3.43705550120135
115 126 -0.867703438765498
110 126 2.7803933118077264
97 126 -5.53733426701854
111 129 -0.9825428039459942
116 125 -2.4719661045957224
2 128 2.023523983245292
107 129 -3.0157253387444354
111 128 -0.9244110766470177
128 129 -4.43612156009328
129 144 -0.3860227795812654
7 135 1.3959338990403656
136 144 1.880614156109223
112 135 3.2060450031958343
129 136 2.7803933118077264
46 130 1.604628978813839
120 125 -3.5744537730315336
127 130 2.368217406966919
108 137 -0.9629980439232386
13 131 -2.1012697910023577
120 134 -2.368217501379304
125 134 2.2726891994400433
16 135 2.2726891994400433
102 132 3.7324082779400585
17 132 2.7803933118077264
134 137 1.2778513804684322
110 132 2.184051378192568
123 147 1.72076695640305
123 135 1.6615501074318497
135 147 2.2275794437459226
13 133 3.10674997290245
16 130 1.1457782142804072
13 138 3.9184427168471876
13 139 0.7759821143416219
13 140 -2.7117471225450083
133 138 4.145152023550564
131 139 1.0830275858277314
131 140 4.145152023550564
125 140 -1.986327866288225
125 142 -2.1419841365639445
140 142 2.93164334365634
122 147 2.5274488884529975
113 141 -1.6615502176829433
124 141 2.93164334365634
13 150 1.232765242543629
17 149 1.2778513804684322
16 145 3.10674997290245
132 149 1.1671515377428254
130 145 2.184051378192568
128 136 -3.732408358890588
125 148 -4.844202616288199
134 143 -1.167151619412428
142 148 2.646993557188065
125 143 -4.844202616288199
143 148 2.5274488884529975
141 144 -1.5230824363372633
137 143 -2.1840514594677467
16 147 3.3153580262671256
108 151 0.5504197869721676
97 151 1.4205758640846524
138 139 1.1457782142804072
126 151 -2.5274489963885465
139 146 0.7940688968903633
131 146 2.368217406966919
136 152 2.646993557188065
138 146 0.19515760538251437
144 152 3.9184427168471876
46 145 3.10674997290245
131 155 -0.4839058740936957
140 155 -1.324114566604422
136 154 -2.9316434205780437
152 154 -1.8144600365838361
142 155 -3.0157253387444354
46 128 2.7117470592609445
146 155 -0.7401649710893459
138 155 3.10674997290245
16 153 2.7803933118077264
145 153 3.3153580262671256
148 155 -2.418966560561031
148 157 -2.7117471225450083
141 156 2.7803933118077264
155 157 1.5230823357393546
124 156 3.3153580262671256
133 150 0.7047961364960313
150 158 0.21088184704301205
16 145 3.574453703354731
133 158 0.4674453385798212
144 160 3.4370554399806776
141 160 -1.4968294629075651
138 158 0.22663210648628773
138 159 -2.1419841365639445
143 161 -3.2060451019615273
157 161 2.023523983245292
155 159 -1.914934325902037
158 159 2.418966462073592
143 165 -4.145152083743929
161 165 1.72076695640305
126 132 1.3959338990403656
126 163 0.41842577919951873
154 164 -0.4839058740936957
136 164 2.8534721380276795
152 164 2.2275794437459226
132 163 3.9184427168471876
124 141 1.6908566753683048
159 162 2.31951701078773
122 171 3.574453703354731
158 166 0.6352858046593717
17 170 1.9501526258096291
149 170 2.4719660016221714
151 167 -1.690856787854381
126 167 2.4719660016221714
151 172 -0.0544849469084292
162 166 2.4719660016221714
167 172 0.7759821143416219
144 176 -2.9316434205780437
160 168 3.4370554399806776
160 173 -0.9825428039459942
141 173 3.7324082779400585
152 176 -3.2060451019615273
144 168 2.8534721380276795
155 177 -2.4719661045957224
122 188 -0.305845384176723
160 175 -2.7803933790295874
159 177 3.3153580262671256
108 172 -3.5744537730315336
171 188 0.7224263377855422
147 188 3.574453703354731
136 152 2.418966462073592
173 175 1.4968293639808472
163 167 0.1168571278983801
132 170 -0.33778538326100627
158 185 -0.4347079946705643
165 169 3.10674997290245
143 169 -2.9316434205780437
132 178 1.8144599138640842
166 185 3.10674997290245
170 178 -0.8306198826413334
168 175 -2.2726892867301896
132 167 1.9149341938214999
165 174 3.574453703354731
157 177 -1.7825320036768968
161 174 0.9053573740495944
169 174 1.986327796610479
157 181 -1.1246387871621042
46 189 -0.6010891274007599
128 189 -1.6328170469254393
136 180 1.72076695640305
159 166 1.3716527928075883
177 181 3.4370554399806776
137 169 -1.042255157127819
152 180 1.4968293639808472
137 186 -0.305845384176723
128 190 -1.986327866288225
144 179 3.2060450031958343
168 179 3.574453703354731
169 186 1.2778513804684322
189 190 3.10674997290245
180 190 2.2726891994400433
175 179 -3.9184428135768994
157 174 1.0022628750411067
176 179 -4.43612156009328
174 181 -0.618143736811748
122 188 2.8534721380276795
166 183 4.145152023550564
145 197 2.5856857384930256
46 197 -0.4184259027266788
183 185 3.10674997290245
173 179 -3.106750063060895
172 182 1.880614156109223
179 184 4.145152023550564
108 182 -3.43705550120135
173 184 -1.8144600365838361
181 191 1.2778513804684322
174 191 -2.8534722097520193
152 187 -3.106750063060895
176 187 3.10674997290245
180 187 -3.732408358890588
174 193 -1.4968294629075651
191 193 2.418966462073592
159 195 -0.353818619728701
177 195 -3.2060451019615273
46 201 0.40219817433836536
189 201 2.5856857384930256
185 249 1.6615501074318497
177 191 2.93164334365634
197 201 2.93164334365634
169 193 -1.986327866288225
173 192 3.015725255756913
186 193 -1.2551670218420983
179 192 -3.106750063060895
187 194 1.8471390342477205
180 194 -3.43705550120135
179 187 -3.0157253387444354
159 196 0.41842577919951873
195 196 1.445594446330888
186 200 -0.5504199144331001
193 200 3.015725255756913
141 203 -0.4510470176203887
179 194 -1.986327866288225
195 204 2.7803933118077264
177 204 -1.751313725733529
173 203 0.21088184704301205
166 206 1.9149341938214999
145 208 1.604628978813839
179 202 1.7513136084096503
192 202 -3.9184428135768994
179 205 2.418966462073592
183 206 1.210635526973574
202 205 2.31951701078773
195 198 2.0618119072200103
196 198 1.2551669361900215
195 199 3.015725255756913
198 199 2.8534721380276795
199 204 2.4719660016221714
17 178 1.5230823357393546
16 188 2.646993557188065
177 207 -1.914934325902037
204 207 1.8471390342477205
197 208 1.3716527928075883
193 210 -4.145152083743929
167 209 2.7117470592609445
159 198 0.9629978960423582
191 210 -2.7117471225450083
191 212 -1.60462908492035
207 212 3.4370554399806776
210 212 3.574453703354731
172 209 -2.7803933790295874
16 208 -0.07006336313715722
17 216 0.08565016394454328
183 249 3.574453703354731
200 210 -3.732408358890588
122 216 1.445594446330888
204 211 2.93164334365634
137 214 0.9629978960423582
16 218 0.6010889981175147
207 211 3.9184427168471876
108 214 -0.4347079946705643
208 218 1.9149341938214999
166 198 2.0618119072200103
200 213 -1.751313725733529
210 213 1.7513136084096503
132 209 0.8677032967963991
179 180 0.7047961364960313
186 213 1.2551669361900215
208 220 2.93164334365634
197 220 1.9501526258096291
198 206 1.3716527928075883
178 216 -0.9436227297103521
189 221 0.8306197427665889
190 221 0.1637791782871667
190 215 0.8490926297285697
180 215 0.1794573777347761
211 212 2.93164334365634
137 213 -0.023346044556825873
215 221 1.2778513804684322
132 222 2.023523983245292
208 219 2.2726891994400433
221 233 1.4968293639808472
189 233 0.7759821143416219
206 217 1.347717671142901
198 217 3.9184427168471876
132 223 0.007781661256567096
209 222 1.445594446330888
222 223 2.4719660016221714
178 223 2.31951701078773
192 203 -0.023346044556825873
182 214 -4.43612156009328
183 217 2.8534721380276795
216 223 1.5230823357393546
213 230 -1.0625403846496646
179 224 1.8471390342477205
205 224 0.007781661256567096
205 225 1.347717671142901
137 230 -1.371652884404361
224 225 0.9436225830949259
179 234 -1.847139159904398
180 234 -3.43705550120135
202 225 -0.635285935274005
208 235 0.7580154487445683
224 234 -2.1012697910023577
220 235 -0.36989699244014895
198 227 1.1671515377428254
212 229 -2.7803933790295874
210 230 -3.3153581355547077
219 235 4.436121480203944
192 226 3.015725255756913
217 227 0.9053573740495944
211 229 -3.5744537730315336
210 229 -1.9501526936104758
202 226 -3.732408358890588
203 226 -0.17945749696390423
219 220 2.2275794437459226
189 239 1.8471390342477205
229 230 3.574453703354731
233 239 1.8144599138640842
204 232 -1.8144600365838361
211 232 -2.1419841365639445
183 227 0.41842577919951873
229 232 0.1481210376275779
180 221 -1.2551670218420983
197 219 2.93164334365634
216 241 -0.5170230248961472
122 241 1.210635526973574
218 219 1.1671515377428254
198 228 1.3241144775306468
199 228 3.10674997290245
229 244 3.7324082779400585
172 231 0.8490926297285697
216 248 0.4674453385798212
188 241 1.604628978813839
16 241 2.8534721380276795
201 238 2.646993557188065
189 238 1.0422550037182607
227 228 0.8306197427665889
232 244 2.101269714871794
182 231 -1.0022630255891705
241 248 1.210635526973574
180 233 -1.751313725733529
204 228 0.007781661256567096
209 231 -3.3153581355547077
238 239 4.436121480203944
228 232 -2.8534722097520193
227 237 2.368217406966919
183 237 1.4968293639808472
224 242 0.9629978960423582
202 242 2.7803933118077264
202 236 3.9184427168471876
226 240 4.145152023550564
234 242 -4.844202616288199
236 240 -1.7825320036768968
203 240 0.33778526158074773
16 251 -0.9436227297103521
241 251 0.35381849771398977
218 251 2.646993557188065
141 296 1.232765242543629
219 251 4.844202556684481
216 259 1.2778513804684322
248 259 2.023523983245292
183 243 4.145152023550564
236 242 2.7117470592609445
203 296 -1.914934325902037
227 245 0.03891301945135828
237 243 0.48390574875928927
237 245 1.5230823357393546
228 245 3.4370554399806776
201 219 1.1671515377428254
237 246 1.1457782142804072
245 246 3.3153580262671256
240 242 -3.5744537730315336
216 261 3.4370554399806776
241 250 3.9184427168471876
229 232 1.0625402297313233
259 261 5.537334267018537
248 250 0.8864565510992328
228 253 -2.5274489963885465
232 253 1.8144599138640842
234 252 -3.3153581355547077
242 252 3.015725255756913
240 247 3.10674997290245
183 237 1.7513136084096503
245 253 -3.106750063060895
242 254 0.6181436068748636
242 247 -2.1419841365639445
203 247 -0.6525189378391278
229 255 -1.1887676261434261
230 255 -2.22757952790676
232 255 0.19515760538251437
252 254 0.5672301020452246
237 245 0.6352858046593717
233 256 2.368217406966919
180 256 0.40219817433836536
137 270 1.7513136084096503
230 270 3.015725255756913
234 262 1.0022628750411067
183 245 2.7803933118077264
180 262 -2.319517101482562
245 258 3.574453703354731
253 257 2.93164334365634
241 248 0.8306197427665889
257 258 -3.732408358890588
249 260 2.101269714871794
183 260 3.4370554399806776
239 266 1.5497853865743236
234 263 -2.7117471225450083
252 263 3.3153580262671256
254 263 0.13248100121840833
241 259 3.9184427168471876
233 266 1.8144599138640842
262 263 -0.9244110766470177
242 263 3.015725255756913
201 274 1.0221648177565306
238 274 0.8677032967963991
247 264 2.7117470592609445
242 264 -1.8144600365838361
223 272 0.8864565510992328
216 272 -0.14812115655181013
247 265 -0.5504199144331001
203 265 2.8534721380276795
219 274 -0.7580155848378691
239 274 1.72076695640305
256 266 0.22663210648628773
264 265 -0.25821891342749526
253 255 -1.8806142848807943
265 296 0.1481210376275779
255 269 -0.21088196663715686
137 271 2.368217406966919
230 269 2.141984057957801
214 271 -2.0618119810484816
253 267 -0.24241052705099042
257 267 -0.353818619728701
257 268 1.103724552883528
267 268 1.7825318837304605
262 273 0.33778526158074773
253 269 2.141984057957801
180 273 -0.10124760698692858
219 288 0.40219817433836536
222 272 0.1794573777347761
274 288 1.6328169387983074
263 273 2.646993557188065
183 278 -0.6698460476628039
245 278 -0.7759822513321553
241 285 3.7324082779400585
263 275 3.7324082779400585
260 278 0.007781661256567096
251 285 3.4370554399806776
245 280 2.7117470592609445
263 276 1.445594446330888
242 277 3.574453703354731
264 277 -3.3153581355547077
275 276 1.1671515377428254
267 282 -1.2778514672160726
263 279 3.10674997290245
278 280 0.054484828546315534
253 282 3.3153580262671256
275 279 2.7117470592609445
263 277 1.6615501074318497
276 277 1.0625402297313233
258 280 3.10674997290245
268 282 0.023345926266394867
269 281 1.6615501074318497
266 286 0.8864565510992328
256 286 0.007781661256567096
257 282 3.10674997290245
253 281 1.3716527928075883
230 281 0.2582187931706581
182 284 -2.023524054927849
276 283 1.880614156109223
214 284 -0.533685124626992
180 286 -1.9501526936104758
277 283 2.7117470592609445
271 291 1.445594446330888
137 291 2.023523983245292
239 286 1.5230823357393546
275 283 2.93164334365634
258 287 -0.22663222628581936
257 287 1.7825318837304605
277 289 -4.43612156009328
264 289 2.418966462073592
284 291 -0.6872706606037844
137 230 0.5504197869721676
283 289 -1.914934325902037
230 290 0.45104689322786395
137 290 0.7224263377855422
216 259 2.7117470592609445
230 253 2.646993557188065
219 297 0.08565016394454328
288 297 2.368217406966919
257 278 2.4719660016221714
257 280 -0.5841189757308616
264 292 0.13248100121840833
265 292 2.31951701078773
257 260 -0.4674454634335292
289 292 0.21088184704301205
231 295 2.93164334365634
209 295 -3.106750063060895
241 299 4.436121480203944
253 290 0.5504197869721676
285 299 3.9184427168471876
275 289 -4.844202616288199
257 258 -0.9825428039459942
290 291 -1.2327653271421226
182 294 -0.353818619728701
231 294 1.880614156109223
180 239 -0.17945749696390423
292 296 1.124638707269666
288 298 3.3153580262671256
275 293 3.574453703354731
263 275 2.023523983245292
289 293 -4.844202616288199
282 300 -3.5744537730315336
253 300 -3.5744537730315336
257 300 -2.5856858519456853
253 291 0.9053573740495944
263 293 4.436121480203944
257 301 -1.5497854889223055
257 302 -3.3153581355547077
239 288 2.368217406966919
260 301 3.4370554399806776
300 302 2.8534721380276795
257 304 -2.1840514594677467
301 304 4.436121480203944
251 297 1.4205758640846524
253 303 1.986327796610479
257 305 3.574453703354731
253 309 -2.5856858519456853
300 309 2.141984057957801
294 295 -0.038913137770452355
294 308 2.2275794437459226
295 308 2.5274488884529975
302 305 -0.305845384176723
291 303 0.3217949194737102
180 263 -0.07006336313715722
257 307 0.35381849771398977
305 307 1.6615501074318497
253 310 -2.7117471225450083
288 342 0.9244109312539295
292 311 2.023523983245292
304 307 1.347717671142901
309 310 1.9501526258096291
298 342 2.184051378192568
289 311 1.604628978813839
305 306 2.2275794437459226
302 306 -2.2726892867301896
288 315 2.2275794437459226
239 315 1.986327796610479
306 307 0.2899341161553104
297 342 1.5230823357393546
288 342 1.9149341938214999
253 312 -2.368217501379304
303 312 0.6872705278045488
298 342 0.6698459156176995
310 312 1.9501526258096291
291 312 -1.986327866288225
180 315 -4.145152083743929
251 342 -1.986327866288225
298 320 1.6615501074318497
288 317 -0.618143736811748
288 313 1.9501526258096291
320 342 3.7324082779400585
317 342 3.015725255756913
313 317 0.1637791782871667
260 314 0.982542654754837
291 318 1.3959338990403656
263 316 1.7825318837304605
301 314 -0.16377929735639296
301 307 1.124638707269666
312 318 0.5004307185850176
180 316 -0.8122801326543725
284 318 2.2275794437459226
296 311 2.2275794437459226
310 319 -3.5744537730315336
309 319 -1.167151619412428
312 319 -2.22757952790676
251 324 -2.319517101482562
301 306 -3.2060451019615273
324 342 -0.9436227297103521
293 316 1.7513136084096503
260 326 -0.353818619728701
314 326 0.3217949194737102
300 319 -3.0157253387444354
318 319 -2.023524054927849
301 330 3.4370554399806776
324 335 0.8122799937741847
293 322 2.7117470592609445
335 342 2.8534721380276795
316 322 1.3716527928075883
314 321 1.347717671142901
313 340 1.445594446330888
288 341 -0.10124760698692858
293 323 0.6181436068748636
321 326 2.4719660016221714
306 330 -3.732408358890588
340 341 2.2726891994400433
289 323 -0.36989699244014895
241 332 1.471006361575077
251 325 -1.2327653271421226
313 342 0.3058452631148958
300 306 -1.751313725733529
324 325 1.471006361575077
180 322 2.368217406966919
322 323 1.210635526973574
306 319 3.574453703354731
259 332 1.0221648177565306
284 333 0.9053573740495944
182 333 -0.4184259027266788
209 331 3.7324082779400585
259 334 1.0221648177565306
251 328 -1.4968294629075651
315 341 -2.8534722097520193
222 331 -0.21088196663715686
332 334 2.646993557188065
325 328 1.471006361575077
340 342 2.101269714871794
318 333 2.7117470592609445
294 333 0.6010889981175147
259 272 1.5230823357393546
319 327 0.40219817433836536
308 337 1.604628978813839
295 337 3.2060450031958343
222 356 2.023523983245292
314 326 -0.8306198826413334
331 356 1.0221648177565306
272 356 2.31951701078773
295 338 2.7117470592609445
209 338 -2.7117471225450083
315 343 -2.7803933790295874
301 326 -1.324114566604422
331 338 -3.2060451019615273
180 343 4.436121480203944
326 329 2.31951701078773
259 356 3.574453703354731
315 345 0.2582187931706581
301 329 -1.751313725733529
337 338 3.9184427168471876
341 345 1.3959338990403656
306 379 0.8306197427665889
325 339 -1.083027742309897
330 379 -1.5230824363372633
324 339 -4.145152083743929
343 345 -0.32179504083642385
308 333 -1.420575958424365
332 336 0.7580154487445683
328 339 -0.07006336313715722
334 336 1.3008299128497565
330 349 1.9501526258096291
319 346 0.242410407030617
285 328 -1.690856787854381
349 379 0.5672301020452246
306 346 2.023523983245292
327 346 1.471006361575077
306 344 2.368217406966919
332 352 1.103724552883528
241 352 -2.368217501379304
342 353 2.8534721380276795
306 350 -1.083027742309897
344 350 -1.2327653271421226
319 346 0.1168571278983801
335 353 1.347717671142901
339 351 0.8122799937741847
324 351 -4.43612156009328
350 379 0.3217949194737102
335 351 -3.43705550120135
289 322 -2.0618119810484816
308 338 1.5230823357393546
328 348 -3.3153581355547077
339 347 0.8677032967963991
296 354 4.436121480203944
296 382 3.2060450031958343
339 348 -0.2899342369326745
354 382 4.436121480203944
322 355 1.0022628750411067
336 352 -1.371652884404361
347 351 0.5672301020452246
329 330 -0.7047962700763302
329 349 0.13248100121840833
180 355 1.0221648177565306
306 373 3.7324082779400585
339 358 -0.33778538326100627
311 359 1.986327796610479
344 373 0.1794573777347761
308 318 -1.5230824363372633
347 358 1.9501526258096291
289 359 1.0422550037182607
326 368 0.9629978960423582
348 358 -1.0625403846496646
329 368 2.31951701078773
318 365 3.574453703354731
322 362 3.7324082779400585
289 362 -3.732408358890588
344 372 1.3959338990403656
299 361 -1.60462908492035
299 366 -1.2778514672160726
285 366 -2.2726892867301896
285 363 -3.0157253387444354
345 371 2.0618119072200103
350 372 -0.8122801326543725
372 373 2.7117470592609445
361 366 3.9184427168471876
363 366 3.10674997290245
328 363 -5.53733426701854
296 359 0.9629978960423582
331 369 1.3959338990403656
335 375 0.652518806521984
308 365 -0.8306198826413334
356 369 2.2726891994400433
351 375 -4.43612156009328
306 360 1.4968293639808472
259 357 1.9149341938214999
334 357 3.2060450031958343
342 388 1.986327796610479
346 360 1.3008299128497565
336 357 0.982542654754837
338 457 2.7117470592609445
299 370 0.5336849977291656
328 364 -5.53733426701854
331 457 -1.4455945421327967
241 370 1.4205758640846524
361 370 2.0618119072200103
363 364 3.3153580262671256
348 364 1.3959338990403656
351 358 -0.722426472174637
342 374 2.93164334365634
353 375 2.7117470592609445
340 374 1.72076695640305
341 371 0.7940688968903633
343 371 -2.7803933790295874
180 367 -1.0625403846496646
372 379 3.10674997290245
319 365 -3.0157253387444354
369 457 -0.5004308444200505
343 367 -0.6010891274007599
355 367 2.646993557188065
319 360 -0.5504199144331001
352 370 -0.2899342369326745
374 388 2.7117470592609445
356 380 1.72076695640305
348 363 2.5274488884529975
259 380 -0.5841189757308616
348 366 3.10674997290245
338 385 1.0422550037182607
308 385 3.4370554399806776
368 379 2.368217406966919
329 379 2.7803933118077264
352 376 2.5274488884529975
351 383 2.2726891994400433
341 384 0.6872705278045488
371 384 1.986327796610479
385 457 2.5274488884529975
336 376 -0.4510470176203887
375 383 -5.53733426701854
355 362 1.2778513804684322
358 377 1.1671515377428254
375 378 1.6328169387983074
381 388 2.368217406966919
289 296 1.986327796610479
296 382 3.9184427168471876
366 370 3.10674997290245
351 377 -1.1037246319352672
378 383 -3.5744537730315336
353 378 1.880614156109223
340 388 4.145152023550564
341 388 1.1457782142804072
370 376 -1.083027742309897
342 381 0.6181436068748636
384 388 0.3058452631148958
369 387 0.9244109312539295
387 457 -4.145152083743929
348 377 -1.8144600365838361
371 389 -2.1012697910023577
343 389 2.141984057957801
384 389 -0.4347079946705643
379 410 3.574453703354731
356 397 1.103724552883528
380 397 1.7513136084096503
343 394 -2.368217501379304
367 394 0.8864565510992328
289 386 1.8471390342477205
296 386 1.7513136084096503
356 387 0.19515760538251437
355 394 -0.7759822513321553
296 392 1.880614156109223
362 386 -3.2060451019615273
386 392 2.5274488884529975
373 390 2.023523983245292
376 393 0.5004307185850176
376 402 -0.9629980439232386
355 405 -1.3008300007371676
372 390 3.9184427168471876
336 393 2.93164334365634
393 402 1.6908566753683048
370 402 3.9184427168471876
389 394 -2.7117471225450083
394 405 2.4719660016221714
306 390 3.574453703354731
372 410 4.145152023550564
362 405 -1.847139159904398
306 391 0.652518806521984
360 391 1.9501526258096291
357 402 -0.0544849469084292
377 396 -0.14812115655181013
319 391 -0.635285935274005
259 402 0.6181436068748636
351 396 2.31951701078773
379 401 2.31951701078773
336 402 0.6181436068748636
351 395 2.646993557188065
383 395 3.015725255756913
378 399 1.986327796610479
401 410 2.31951701078773
348 396 1.188767543534301
383 399 1.1457782142804072
379 410 0.9629978960423582
362 406 -2.319517101482562
368 410 0.7759821143416219
390 391 1.7513136084096503
405 406 1.5230823357393546
362 400 2.5856857384930256
386 400 -2.7117471225450083
392 400 -4.145152083743929
259 403 1.4968293639808472
370 398 3.10674997290245
366 398 2.4719660016221714
381 407 2.5274488884529975
402 403 3.015725255756913
353 399 0.1637791782871667
388 407 1.6908566753683048
395 399 0.4347078707200993
395 396 1.5497853865743236
400 406 -1.2551670218420983
396 409 4.145152023550564
348 409 3.7324082779400585
348 370 2.4719660016221714
395 404 1.6908566753683048
348 398 2.93164334365634
399 404 -2.1840514594677467
390 410 4.844202556684481
342 407 1.8471390342477205
390 408 4.436121480203944
391 408 1.3241144775306468
396 404 1.4205758640846524
392 411 -0.5504199144331001
296 411 3.4370554399806776
319 408 1.3959338990403656
400 411 -1.3008300007371676
348 402 1.2551669361900215
388 389 -0.635285935274005
387 413 2.418966462073592
398 412 2.646993557188065
353 430 -1.5497854889223055
388 432 -0.4674454634335292
389 432 -1.4710064589046166
356 413 2.93164334365634
366 412 1.7513136084096503
342 430 2.184051378192568
385 424 2.0618119072200103
413 457 -2.8534722097520193
399 430 -1.083027742309897
424 457 3.9184427168471876
402 414 2.646993557188065
402 415 -1.2327653271421226
348 415 0.9244109312539295
348 416 2.7803933118077264
348 412 2.8534721380276795
389 418 -2.319517101482562
394 418 2.8534721380276795
396 417 3.7324082779400585
404 417 -0.16377929735639296
406 421 1.6615501074318497
400 421 -0.16377929735639296
399 417 -0.867703438765498
409 416 -0.11685724657693086
405 421 1.445594446330888
409 423 -0.19515772478657212
296 400 -1.986327866288225
416 423 2.184051378192568
390 422 -3.106750063060895
408 422 -1.5769600686022973
407 432 -0.08565028243590467
319 422 -1.9501526936104758
414 415 0.3217949194737102
409 417 2.5856857384930256
342 432 3.015725255756913
296 421 2.7117470592609445
365 437 0.5004307185850176
405 419 4.145152023550564
382 420 3.015725255756913
319 437 3.574453703354731
308 437 2.023523983245292
259 397 4.145152023550564
417 430 -4.844202616288199
430 432 0.9053573740495944
394 419 3.10674997290245
389 425 2.368217406966919
425 432 -3.106750063060895
422 431 2.31951701078773
403 427 3.10674997290245
402 427 2.368217406966919
414 428 3.015725255756913
415 429 2.5274488884529975
348 429 2.7803933118077264
296 426 3.574453703354731
390 431 -2.1840514594677467
418 419 0.07006324471763459
415 428 0.5672301020452246
356 457 -0.4674454634335292
414 427 -1.690856787854381
414 433 3.7324082779400585
415 434 -0.19515772478657212
428 433 3.3153580262671256
428 434 0.1481210376275779
429 434 1.3959338990403656
418 440 -1.7825320036768968
419 440 -2.5274489963885465
389 440 1.6908566753683048
382 426 3.574453703354731
416 438 0.7224263377855422
423 438 -0.36989699244014895
423 435 0.6181436068748636
409 435 3.4370554399806776
422 436 -1.2551670218420983
319 436 3.7324082779400585
431 436 -0.8306198826413334
435 438 0.8677032967963991
417 435 -0.533685124626992
435 441 2.2726891994400433
417 441 -0.25821891342749526
430 441 -5.53733426701854
410 439 1.6908566753683048
390 439 1.210635526973574
397 403 3.015725255756913
356 403 3.574453703354731
428 442 0.19515760538251437
308 424 1.9501526258096291
397 403 3.10674997290245
433 442 0.7940688968903633
434 442 -1.847139159904398
390 436 1.3959338990403656
434 446 2.368217406966919
429 446 1.471006361575077
435 444 0.1481210376275779
425 448 -2.7803933790295874
296 445 2.4719660016221714
441 444 1.6908566753683048
432 448 3.3153580262671256
389 448 -4.43612156009328
403 443 3.9184427168471876
416 447 0.652518806521984
438 447 1.5497853865743236
432 449 3.574453703354731
348 446 3.3153580262671256
348 447 3.7324082779400585
430 449 1.5769599644200505
438 444 -1.1246387871621042
438 450 -1.4455945421327967
390 410 3.015725255756913
444 450 2.7117470592609445
296 405 1.5230823357393546
319 451 1.5230823357393546
437 451 1.5497853865743236
308 451 0.7047961364960313
427 443 0.023345926266394867
414 452 1.4205758640846524
319 390 -0.8122801326543725
443 452 0.5004307185850176
390 455 -1.3008300007371676
319 455 -2.5856858519456853
434 453 -2.7117471225450083
433 452 -0.11685724657693086
442 453 3.2060450031958343
446 453 -2.4719661045957224
441 450 3.3153580262671256
451 455 -1.986327866288225
447 450 -2.023524054927849
403 457 3.2060450031958343
442 452 1.7513136084096503
308 457 -0.722426472174637
405 440 -2.8534722097520193
447 459 -2.7117471225450083
450 459 1.4205758640846524
432 458 4.844202556684481
296 382 3.015725255756913
448 454 3.574453703354731
443 464 0.7580154487445683
445 461 -1.8144600365838361
296 461 -3.106750063060895
452 464 -2.368217501379304
296 461 -3.3153581355547077
410 462 -2.22757952790676
390 456 2.2726891994400433
455 456 0.6010889981175147
389 471 -2.1840514594677467
390 462 -2.22757952790676
403 464 3.2060450031958343
450 460 3.9184427168471876
405 461 -2.8534722097520193
459 460 2.0618119072200103
430 432 2.418966462073592
440 461 1.103724552883528
390 463 -2.418966560561031
456 463 0.274059332246233
450 467 1.7825318837304605
441 467 -0.4347079946705643
430 467 -4.844202616288199
460 467 0.007781661256567096
454 471 -4.844202616288199
440 471 -0.4347079946705643
461 465 3.574453703354731
296 465 -2.319517101482562
410 466 0.7047961364960313
462 466 0.5504197869721676
442 446 -2.1012697910023577
442 472 0.5504197869721676
382 469 4.844202556684481
455 463 2.4719660016221714
452 472 2.7803933118077264
447 460 -1.3008300007371676
432 454 3.2060450031958343
410 468 2.5856857384930256
403 470 5.537334267018537
466 468 1.2551669361900215
451 463 -1.1457782950449733
397 470 4.436121480203944
446 447 3.574453703354731
410 462 -2.1012697910023577
390 410 4.844202556684481
451 477 1.8471390342477205
296 461 -3.0157253387444354
464 472 -0.6525189378391278
410 463 -1.1887676261434261
451 473 -0.14812115655181013
308 473 1.3959338990403656
464 476 2.5274488884529975
472 476 2.101269714871794
457 473 0.1637791782871667
410 466 0.242410407030617
410 462 -1.847139159904398
462 475 -1.371652884404361
410 451 1.347717671142901
410 475 4.436121480203944
446 472 -4.145152083743929
460 474 0.274059332246233
467 474 1.8144599138640842
473 477 -0.4347079946705643
382 461 -1.7825320036768968
440 478 2.184051378192568
461 478 2.2726891994400433
457 479 3.9184427168471876
447 474 -1.2327653271421226
467 481 -0.5841189757308616
474 481 0.38602265684584536
430 481 -5.53733426701854
471 483 -0.9244110766470177
440 483 2.0618119072200103
440 488 -2.4719661045957224
403 490 1.9501526258096291
446 484 2.418966462073592
447 480 2.4719660016221714
473 479 3.9184427168471876
457 490 4.145152023550564
446 480 0.007781661256567096
410 477 -1.2327653271421226
480 484 2.7803933118077264
454 483 -2.7117471225450083
478 488 -2.9316434205780437
410 482 3.2060450031958343
403 457 3.574453703354731
446 486 0.369896870073811
474 487 0.7401648358628796
477 482 -2.22757952790676
457 490 4.436121480203944
472 486 -2.8534722097520193
481 487 2.7803933118077264
464 485 2.368217406966919
476 485 1.3241144775306468
472 485 1.604628978813839
430 493 3.574453703354731
403 485 2.93164334365634
485 486 0.41842577919951873
432 493 3.10674997290245
446 491 -4.43612156009328
478 498 2.7803933118077264
461 498 4.145152023550564
486 491 -1.5769600686022973
484 491 -4.43612156009328
480 492 -5.53733426701854
447 492 -2.8534722097520193
410 477 -1.0221649697100497
481 494 -0.305845384176723
430 494 -4.844202616288199
432 489 3.7324082779400585
487 494 3.10674997290245
486 502 1.986327796610479
484 492 -3.9184428135768994
485 502 0.6352858046593717
474 494 3.9184427168471876
485 495 1.124638707269666
440 511 2.184051378192568
403 502 2.2275794437459226
495 502 3.7324082779400585
486 495 0.7401648358628796
483 511 0.9244109312539295
488 511 -3.732408358890588
410 504 -2.023524054927849
484 496 -1.5497854889223055
454 513 2.5274488884529975
477 504 -0.4184259027266788
491 496 0.242410407030617
492 496 -0.40219829746062086
483 513 -5.53733426701854
461 498 2.7803933118077264
491 502 -1.5497854889223055
382 498 -1.2327653271421226
410 497 3.015725255756913
410 500 3.2060450031958343
497 500 3.2060450031958343
474 492 -1.7207670712436016
410 499 1.8471390342477205
491 503 0.45104689322786395
461 501 2.7803933118077264
496 503 1.3008299128497565
498 501 3.3153580262671256
488 505 -0.023346044556825873
493 494 -4.43612156009328
505 511 0.023345926266394867
492 503 -0.9244110766470177
382 506 0.652518806521984
478 505 0.6352858046593717
498 506 0.6698459156176995
492 509 0.6872705278045488
503 509 0.274059332246233
474 509 1.232765242543629
410 512 -2.5856858519456853
403 507 4.844202556684481
499 512 -0.33778538326100627
497 512 -2.5856858519456853
457 508 3.3153580262671256
490 508 3.9184427168471876
432 516 3.7324082779400585
458 516 3.3153580262671256
477 515 4.844202556684481
473 515 2.7803933118077264
410 512 -2.0618119810484816
491 510 2.7117470592609445
503 510 -0.6010891274007599
509 510 3.9184427168471876
457 473 0.8864565510992328
500 518 -2.1012697910023577
504 514 -1.8144600365838361
500 512 -0.867703438765498
410 518 -1.690856787854381
502 507 2.646993557188065
512 518 3.3153580262671256
504 518 1.1671515377428254
477 514 -0.305845384176723
454 519 1.5769599644200505
432 519 0.45104689322786395
502 510 -2.7117471225450083
474 510 -0.533685124626992
510 521 -3.732408358890588
502 521 4.436121480203944
474 521 3.574453703354731
513 519 2.418966462073592
382 498 -3.106750063060895
511 520 2.7117470592609445
505 529 1.5769599644200505
458 489 1.445594446330888
520 529 1.3241144775306468
498 505 0.8306197427665889
514 517 1.5769599644200505
483 520 1.880614156109223
498 529 0.7224263377855422
504 524 -2.1012697910023577
514 524 2.7117470592609445
477 523 1.986327796610479
515 523 3.3153580262671256
457 515 3.7324082779400585
504 526 -1.2106356105583946
517 522 1.7513136084096503
514 522 2.5274488884529975
513 532 1.6328169387983074
524 526 2.4719660016221714
477 522 0.274059332246233
483 532 -0.533685124626992
504 528 -1.8144600365838361
517 524 1.2778513804684322
458 525 1.1457782142804072
489 525 1.0221648177565306
432 527 3.2060450031958343
483 529 2.7117470592609445
518 528 -1.847139159904398
526 528 0.9053573740495944
522 524 2.7803933118077264
516 525 1.103724552883528
519 527 0.6698459156176995
512 533 -1.8144600365838361
469 498 -2.1012697910023577
512 530 2.7803933118077264
469 531 -2.8534722097520193
498 531 2.7117470592609445
469 543 -0.4347079946705643
530 533 0.19515760538251437
531 543 1.5230823357393546
515 541 5.537334267018537
523 541 2.0618119072200103
528 536 2.7803933118077264
524 534 0.41842577919951873
522 534 1.880614156109223
526 536 0.3058452631148958
519 532 1.1457782142804072
526 538 -0.36989699244014895
524 537 1.3241144775306468
516 535 3.9184427168471876
536 538 1.2778513804684322
534 537 1.1671515377428254
477 541 1.3959338990403656
525 535 3.4370554399806776
512 528 -2.1419841365639445
512 536 -3.106750063060895
524 538 -0.6525189378391278
537 538 -0.0544849469084292
498 543 1.232765242543629
533 539 2.646993557188065
477 542 1.1671515377428254
474 540 3.9184427168471876
494 540 0.7759821143416219
541 542 3.7324082779400585
403 502 0.08565016394454328
483 544 -1.6615502176829433
483 546 -2.22757952790676
529 546 -0.6010891274007599
512 533 -0.10124760698692858
544 546 1.604628978813839
489 545 3.015725255756913
522 542 0.6010889981175147
432 545 1.9149341938214999
522 537 2.646993557188065
527 545 0.274059332246233
532 544 -4.43612156009328
527 547 -0.33778538326100627
519 548 -0.32179504083642385
522 538 -0.023346044556825873
545 547 3.4370554399806776
519 547 -0.22663222628581936
532 548 -1.5497854889223055
522 536 2.4719660016221714
489 535 2.646993557188065
532 558 -0.7047962700763302
548 558 4.145152023550564
519 545 -0.038913137770452355
494 552 3.10674997290245
540 552 2.8534721380276795
545 548 4.145152023550564
457 541 3.3153580262671256
544 558 -4.145152083743929
512 550 -3.3153581355547077
536 550 4.436121480203944
522 553 -1.5230824363372633
474 551 2.7117470592609445
543 549 1.9501526258096291
498 549 3.574453703354731
536 553 -1.1246387871621042
502 568 4.436121480203944
521 551 1.604628978813839
540 551 3.3153580262671256
533 554 1.2551669361900215
512 554 2.2275794437459226
536 556 -1.1887676261434261
553 556 1.445594446330888
521 540 1.2778513804684322
516 559 3.2060450031958343
498 569 1.8471390342477205
432 559 1.6615501074318497
529 569 1.6615501074318497
545 557 2.5274488884529975
544 560 0.3217949194737102
546 560 -1.2778514672160726
550 556 -0.6698460476628039
529 560 4.844202556684481
550 555 2.8534721380276795
558 560 -4.844202616288199
542 562 3.3153580262671256
541 562 4.145152023550564
403 566 -0.10124760698692858
521 563 0.6010889981175147
555 556 1.0830275858277314
502 566 2.5856857384930256
540 563 3.7324082779400585
535 559 1.4968293639808472
502 563 1.3008299128497565
512 555 -1.083027742309897
457 565 4.844202556684481
493 559 3.9184427168471876
556 561 1.7825318837304605
553 561 0.6352858046593717
502 567 0.9244109312539295
522 561 0.6352858046593717
567 568 4.145152023550564
522 564 1.604628978813839
403 572 2.2275794437459226
542 564 2.4719660016221714
566 572 0.8122799937741847
559 574 3.2060450031958343
498 570 0.6010889981175147
569 570 3.9184427168471876
541 565 3.4370554399806776
555 573 -0.353818619728701
566 568 2.5274488884529975
512 573 2.368217406966919
556 573 1.72076695640305
568 572 2.646993557188065
561 573 0.45104689322786395
549 570 1.9501526258096291
512 626 3.10674997290245
561 571 1.6328169387983074
522 571 -0.4839058740936957
571 573 4.844202556684481
564 571 0.6181436068748636
563 567 3.574453703354731
494 559 -4.844202616288199
578 626 0.369896870073811
542 571 1.3959338990403656
548 575 2.101269714871794
558 575 3.574453703354731
570 576 1.986327796610479
549 576 3.4370554399806776
569 576 3.9184427168471876
548 558 3.3153580262671256
512 577 1.0422550037182607
577 626 1.8471390342477205
542 573 2.646993557188065
529 576 0.38602265684584536
548 557 3.9184427168471876
512 579 -1.1457782950449733
541 542 0.7401648358628796
512 580 -0.635285935274005
579 580 1.9501526258096291
573 580 1.232765242543629
548 581 2.5856857384930256
558 581 4.145152023550564
565 588 -3.2060451019615273
565 584 -3.5744537730315336
457 582 -0.7580155848378691
403 582 2.7803933118077264
584 588 2.646993557188065
457 584 -3.2060451019615273
565 591 -4.844202616288199
457 592 -2.9316434205780437
457 599 -3.9184428135768994
588 591 2.8534721380276795
582 599 -4.43612156009328
542 586 -3.2060451019615273
541 586 -3.5744537730315336
565 586 -3.732408358890588
457 594 -2.319517101482562
457 589 -3.2060451019615273
403 585 -0.4184259027266788
572 585 2.7803933118077264
586 591 2.184051378192568
584 594 1.5497853865743236
589 594 1.471006361575077
589 592 1.7825318837304605
592 599 1.0422550037182607
582 585 0.7224263377855422
568 583 4.844202556684481
577 579 0.8677032967963991
545 595 1.232765242543629
489 595 1.3716527928075883
548 587 3.10674997290245
573 579 0.19515760538251437
540 567 2.7117470592609445
560 576 3.7324082779400585
573 586 -4.844202616288199
557 595 0.7759821143416219
557 587 3.015725255756913
572 590 2.5856857384930256
567 597 4.844202556684481
585 590 1.880614156109223
573 577 2.646993557188065
552 567 2.7117470592609445
591 593 0.4347078707200993
584 596 2.0618119072200103
586 593 1.9149341938214999
588 596 2.101269714871794
568 597 0.8122799937741847
585 604 0.2582187931706581
567 605 3.7324082779400585
582 604 4.145152023550564
590 604 0.7224263377855422
568 590 0.8306197427665889
597 605 3.2060450031958343
552 602 3.4370554399806776
494 602 0.007781661256567096
494 600 1.5497853865743236
600 602 2.5856857384930256
589 598 1.5497853865743236
568 613 1.445594446330888
597 613 4.145152023550564
594 596 1.232765242543629
576 607 4.145152023550564
592 598 0.369896870073811
596 601 2.418966462073592
587 614 2.184051378192568
588 601 2.93164334365634
557 614 1.3959338990403656
548 614 3.7324082779400585
591 603 2.7117470592609445
593 603 2.2275794437459226
568 604 1.347717671142901
591 601 2.5274488884529975
594 608 0.6181436068748636
589 608 1.445594446330888
535 606 1.0830275858277314
489 606 0.4347078707200993
552 600 1.880614156109223
559 609 0.3058452631148958
535 609 -0.07006336313715722
594 601 0.8677032967963991
598 608 1.347717671142901
606 609 0.19515760538251437
586 611 1.2551669361900215
593 611 -0.22663222628581936
603 611 -0.13248112001244716
567 600 3.4370554399806776
574 609 0.5504197869721676
603 612 2.8534721380276795
559 610 2.8534721380276795
573 611 -5.53733426701854
611 612 1.2551669361900215
591 594 3.4370554399806776
494 610 -5.53733426701854
604 618 1.3959338990403656
568 618 0.45104689322786395
574 625 2.141984057957801
583 618 2.184051378192568
583 613 4.844202556684481
577 623 0.1168571278983801
606 617 0.982542654754837
623 626 3.2060450031958343
559 625 2.31951701078773
489 617 1.3008299128497565
594 616 0.8122799937741847
608 616 1.5230823357393546
559 615 1.72076695640305
598 616 1.3008299128497565
609 617 0.13248100121840833
612 622 1.5497853865743236
604 627 3.2060450031958343
618 627 0.8122799937741847
600 619 3.015725255756913
559 624 0.1168571278983801
615 624 1.4968293639808472
609 620 1.8471390342477205
560 633 -3.9184428135768994
603 622 1.103724552883528
615 625 3.015725255756913
617 620 0.7759821143416219
558 633 1.3008299128497565
577 626 0.5841188470777665
612 621 0.8122799937741847
559 630 -1.5230824363372633
611 621 2.368217406966919
621 622 1.72076695640305
624 630 -0.023346044556825873
574 620 1.4968293639808472
567 597 1.3241144775306468
610 630 -1.5230824363372633
629 633 -4.145152083743929
560 629 1.3959338990403656
615 628 1.5230823357393546
567 641 1.9149341938214999
600 641 1.3716527928075883
624 628 0.5170228985401271
577 635 4.844202556684481
597 641 2.93164334365634
619 641 0.7759821143416219
600 631 2.7117470592609445
557 632 2.31951701078773
614 632 2.93164334365634
560 636 5.537334267018537
626 635 1.880614156109223
600 641 4.436121480203944
494 631 0.4347078707200993
599 639 2.646993557188065
595 632 0.5004307185850176
582 639 -5.53733426701854
591 634 2.2726891994400433
610 646 -0.36989699244014895
489 642 0.8122799937741847
595 642 0.9053573740495944
576 637 4.436121480203944
630 646 0.023345926266394867
632 642 1.124638707269666
613 640 3.015725255756913
597 640 3.3153580262671256
603 643 0.7047961364960313
607 637 3.9184427168471876
622 643 0.9436225830949259
574 617 2.4719660016221714
583 627 -0.5841189757308616
591 643 0.33778526158074773
613 627 2.2275794437459226
591 638 0.9053573740495944
631 656 -0.7401649710893459
494 656 2.418966462073592
630 644 2.7803933118077264
624 644 0.03891301945135828
624 645 2.4719660016221714
628 645 -0.7580155848378691
638 643 1.0022628750411067
634 638 0.8864565510992328
600 656 -0.3860227795812654
644 646 1.7513136084096503
560 633 -3.43705550120135
610 656 -4.145152083743929
644 645 0.8490926297285697
592 650 1.210635526973574
598 650 -0.7940690348095123
615 645 0.1637791782871667
616 647 1.445594446330888
598 647 2.2726891994400433
599 650 -0.4839058740936957
599 651 2.2275794437459226
597 655 1.986327796610479
650 651 0.48390574875928927
641 655 5.537334267018537
576 636 1.986327796610479
573 649 3.10674997290245
639 651 0.9436225830949259
646 652 0.8677032967963991
617 648 1.445594446330888
647 650 -0.25821891342749526
610 652 -1.8806142848807943
625 645 0.5336849977291656
574 648 0.1481210376275779
581 633 3.4370554399806776
633 657 1.188767543534301
637 653 4.844202556684481
577 654 2.7803933118077264
645 646 3.574453703354731
635 654 5.537334267018537
577 649 1.880614156109223
573 621 -4.844202616288199
621 643 2.5856857384930256
560 657 -1.914934325902037
639 661 2.101269714871794
610 658 -1.2106356105583946
560 659 5.537334267018537
651 661 2.2275794437459226
652 658 1.4968293639808472
636 659 3.574453703354731
574 662 -0.36989699244014895
621 649 -5.53733426701854
625 662 3.4370554399806776
648 662 0.369896870073811
657 659 -3.106750063060895
489 648 -0.5504199144331001
626 660 4.436121480203944
640 664 -0.16377929735639296
635 660 3.2060450031958343
634 643 2.184051378192568
591 616 1.604628978813839
613 664 2.5856857384930256
597 664 0.35381849771398977
576 653 3.10674997290245
604 639 -4.844202616288199
604 661 -5.53733426701854
604 613 0.982542654754837
655 664 3.2060450031958343
548 671 -0.353818619728701
581 667 -1.60462908492035
667 671 3.2060450031958343
633 667 0.5504197869721676
657 670 -0.27405945275533616
659 670 0.5336849977291656
576 697 2.5274488884529975
614 671 -0.4674454634335292
656 666 1.0625402297313233
642 671 1.0022628750411067
632 671 -0.5841189757308616
653 668 4.145152023550564
637 668 4.436121480203944
610 666 -3.732408358890588
652 669 0.03891301945135828
646 669 0.369896870073811
621 634 2.141984057957801
658 669 -0.6698460476628039
577 663 1.0221648177565306
649 663 1.7825318837304605
647 665 1.880614156109223
645 669 0.7940688968903633
636 674 2.7117470592609445
616 665 1.9501526258096291
658 666 -1.986327866288225
659 674 3.4370554399806776
650 661 0.5841188470777665
626 672 0.4347078707200993
648 675 -0.22663222628581936
489 671 -1.2778514672160726
633 670 -0.4674454634335292
660 672 2.101269714871794
650 665 0.369896870073811
489 675 -0.8864566941706382
613 690 -2.6469936768108107
654 663 1.7513136084096503
604 690 -5.53733426701854
667 670 2.184051378192568
626 679 0.8864565510992328
613 683 1.3008299128497565
664 673 2.141984057957801
671 675 3.2060450031958343
683 690 -5.53733426701854
655 673 0.4347078707200993
600 678 3.10674997290245
656 678 2.5856857384930256
672 679 3.4370554399806776
666 678 3.4370554399806776
645 662 -0.11685724657693086
634 676 1.210635526973574
591 676 1.0625402297313233
662 677 -0.14812115655181013
645 677 0.9053573740495944
660 679 3.015725255756913
591 680 0.4347078707200993
616 680 2.418966462073592
676 680 1.6615501074318497
664 683 2.7117470592609445
650 681 0.7401648358628796
666 684 3.3153580262671256
658 684 -2.9316434205780437
662 685 0.274059332246233
648 685 1.471006361575077
659 682 3.10674997290245
665 680 2.5274488884529975
661 681 -2.1419841365639445
675 685 0.5504197869721676
674 682 3.9184427168471876
665 681 -0.8306198826413334
677 685 3.4370554399806776
658 699 -1.847139159904398
669 691 -0.9436227297103521
671 692 -2.1012697910023577
684 699 3.10674997290245
691 699 -2.2726892867301896
669 677 0.45104689322786395
667 692 -3.0157253387444354
670 696 -3.2060451019615273
659 696 -1.7825320036768968
641 686 1.2551669361900215
692 696 3.7324082779400585
667 696 -3.732408358890588
653 697 3.9184427168471876
655 686 2.31951701078773
668 697 3.3153580262671256
676 687 1.7513136084096503
641 689 1.1457782142804072
671 702 -1.083027742309897
634 687 1.232765242543629
680 687 0.6698459156176995
686 689 1.8471390342477205
692 702 1.3716527928075883
682 696 -2.418966560561031
636 682 4.145152023550564
673 688 2.93164334365634
655 688 -0.5170230248961472
675 706 -1.690856787854381
675 700 -1.8144600365838361
675 702 -0.9629980439232386
696 713 2.93164334365634
682 713 -4.844202616288199
686 688 -0.33778538326100627
700 706 1.0221648177565306
700 702 1.986327796610479
661 705 1.3716527928075883
664 688 3.2060450031958343
641 695 2.646993557188065
675 719 -0.32179504083642385
681 705 -1.2778514672160726
706 719 0.7580154487445683
679 703 1.6615501074318497
660 703 2.8534721380276795
660 701 3.9184427168471876
663 709 1.6328169387983074
634 704 3.3153580262671256
687 704 1.4205758640846524
669 685 1.471006361575077
675 714 -1.5230824363372633
654 709 2.023523983245292
621 704 1.604628978813839
685 714 -1.690856787854381
714 719 0.652518806521984
680 698 1.210635526973574
661 693 1.4205758640846524
687 698 0.652518806521984
665 698 1.1671515377428254
693 705 1.986327796610479
666 699 3.574453703354731
686 694 2.0618119072200103
689 694 1.9149341938214999
641 707 4.436121480203944
635 701 1.1671515377428254
695 707 0.03891301945135828
688 694 -1.324114566604422
661 710 1.7513136084096503
669 718 -0.5841189757308616
685 718 0.13248100121840833
696 708 4.436121480203944
693 710 1.103724552883528
702 715 1.124638707269666
692 715 1.604628978813839
604 710 -5.53733426701854
689 717 -0.023346044556825873
695 711 1.445594446330888
705 710 1.880614156109223
641 717 -0.13248112001244716
707 711 1.232765242543629
641 711 1.4968293639808472
692 712 2.141984057957801
694 717 1.8144599138640842
707 717 -0.40219829746062086
712 715 1.986327796610479
636 697 5.537334267018537
621 716 2.8534721380276795
704 716 1.9501526258096291
699 726 1.986327796610479
691 726 -5.53733426701854
704 720 2.8534721380276795
687 722 2.368217406966919
720 722 0.8490926297285697
679 733 2.368217406966919
709 721 2.93164334365634
687 724 -0.353818619728701
698 724 0.5336849977291656
705 723 1.0022628750411067
691 718 -0.8306198826413334
663 721 -0.8122801326543725
722 724 0.6872705278045488
681 723 1.471006361575077
688 717 -1.0022630255891705
718 726 -1.2106356105583946
700 715 1.3008299128497565
716 720 3.015725255756913
665 724 0.13248100121840833
665 723 0.40219817433836536
683 725 1.8144599138640842
664 725 2.93164334365634
690 725 -5.53733426701854
709 727 0.9436225830949259
710 723 0.45104689322786395
666 726 0.8490926297285697
721 727 -0.19515772478657212
714 718 -3.2060451019615273
635 709 2.5856857384930256
721 731 3.9184427168471876
604 729 1.0221648177565306
727 731 1.8144599138640842
690 729 -2.368217501379304
664 717 -1.1457782950449733
717 728 3.7324082779400585
717 730 0.33778526158074773
718 738 -3.5744537730315336
707 730 0.38602265684584536
714 738 3.10674997290245
720 732 2.368217406966919
716 732 1.986327796610479
641 707 4.145152023550564
709 734 1.0830275858277314
696 735 2.7803933118077264
727 734 1.471006361575077
718 737 0.8490926297285697
728 730 -0.4184259027266788
726 737 -4.145152083743929
700 742 0.8306197427665889
715 742 0.4347078707200993
737 738 -0.722426472174637
706 742 0.4347078707200993
722 736 2.2275794437459226
723 741 0.9436225830949259
714 743 2.8534721380276795
719 743 1.6328169387983074
715 745 0.9629978960423582
649 716 -3.3153581355547077
724 736 0.023345926266394867
742 745 1.124638707269666
728 739 1.3008299128497565
730 739 -0.08565028243590467
682 755 2.368217406966919
731 734 0.40219817433836536
710 741 -3.0157253387444354
712 745 2.0618119072200103
692 735 -0.038913137770452355
713 755 -2.0618119810484816
701 709 0.9629978960423582
734 740 0.9244109312539295
720 748 1.604628978813839
717 739 0.9629978960423582
731 740 2.7117470592609445
732 748 2.7117470592609445
722 748 -0.32179504083642385
736 748 0.10124748840924536
709 746 1.9501526258096291
734 746 2.93164334365634
725 757 -5.53733426701854
697 749 4.436121480203944
690 757 2.101269714871794
668 749 2.31951701078773
649 747 1.8144599138640842
716 756 -1.6615502176829433
664 753 -0.5170230248961472
717 753 1.72076695640305
726 754 1.986327796610479
726 761 -5.53733426701854
737 761 0.242410407030617
737 751 -0.19515772478657212
738 751 -3.9184428135768994
747 756 1.8471390342477205
732 756 -1.8144600365838361
739 753 0.6352858046593717
663 744 1.210635526973574
649 744 -0.4839058740936957
665 752 -1.4968294629075651
723 752 -1.3959339919795308
741 752 0.982542654754837
664 763 3.9184427168471876
707 750 -0.023346044556825873
744 747 0.1481210376275779
753 763 0.9244109312539295
730 750 2.2726891994400433
641 750 2.0618119072200103
735 764 1.7825318837304605
660 709 0.9053573740495944
721 744 -0.9244110766470177
724 752 -0.27405945275533616
692 764 -1.042255157127819
732 767 -0.722426472174637
740 746 3.2060450031958343
756 767 2.5856857384930256
660 762 1.210635526973574
709 762 2.7117470592609445
697 829 4.436121480203944
754 761 -4.844202616288199
751 761 -4.844202616288199
719 742 1.8144599138640842
749 829 3.2060450031958343
703 765 2.5274488884529975
748 766 2.7117470592609445
736 766 -0.32179504083642385
736 759 3.10674997290245
724 759 -0.7940690348095123
739 772 0.1637791782871667
696 780 2.2275794437459226
703 733 1.72076695640305
759 766 0.1168571278983801
710 752 -3.0157253387444354
750 772 0.982542654754837
713 780 0.1168571278983801
747 758 -0.4347079946705643
752 760 1.0022628750411067
738 782 0.652518806521984
744 758 2.101269714871794
756 758 -0.14812115655181013
724 760 -1.420575958424365
751 782 -3.9184428135768994
755 780 -2.5856858519456853
682 697 3.3153580262671256
745 773 0.4347078707200993
712 773 0.45104689322786395
712 779 -0.7401649710893459
692 779 -1.083027742309897
735 776 -0.023346044556825873
696 776 1.4205758640846524
749 769 1.6328169387983074
731 744 -0.4839058740936957
714 782 2.368217406966919
764 779 1.347717671142901
764 776 2.101269714871794
668 769 2.2726891994400433
732 797 -0.7580155848378691
752 768 -3.106750063060895
710 768 1.986327796610479
729 798 -0.5004308444200505
666 778 3.7324082779400585
746 762 1.5497853865743236
767 797 -1.324114566604422
732 766 2.7117470592609445
760 768 -2.8534722097520193
690 798 1.6908566753683048
664 757 -2.5856858519456853
753 772 0.41842577919951873
726 778 2.7803933118077264
664 806 -0.4674454634335292
742 786 0.1794573777347761
731 758 -1.914934325902037
604 798 -1.1457782950449733
757 806 -1.4455945421327967
719 786 0.5504197869721676
773 786 -0.5004308444200505
776 780 3.9184427168471876
758 771 1.8144599138640842
756 771 -0.19515772478657212
755 783 -0.8864566941706382
767 771 0.22663210648628773
641 772 5.537334267018537
682 783 2.31951701078773
769 829 2.31951701078773
740 770 1.210635526973574
731 770 3.7324082779400585
757 798 2.5856857384930256
763 775 3.7324082779400585
754 778 0.369896870073811
731 771 -0.9053575182618498
604 768 -2.5274489963885465
763 806 1.9149341938214999
753 775 0.023345926266394867
761 778 -3.9184428135768994
773 779 -1.2327653271421226
780 783 -5.53733426701854
766 774 1.210635526973574
751 793 -1.3959339919795308
703 762 0.21088184704301205
759 774 -0.007781779532672672
761 793 2.101269714871794
782 793 1.6615501074318497
703 861 -0.722426472174637
762 861 1.3716527928075883
771 777 1.986327796610479
767 777 0.2582187931706581
767 785 2.4719660016221714
766 781 0.1168571278983801
764 790 1.9501526258096291
769 789 0.6010889981175147
765 861 1.471006361575077
785 797 -3.2060451019615273
732 781 1.5769599644200505
774 781 1.3008299128497565
789 829 4.145152023550564
668 789 2.368217406966919
762 791 1.0022628750411067
767 784 -0.13248112001244716
641 788 3.015725255756913
600 788 2.93164334365634
697 796 2.7803933118077264
731 777 -0.4184259027266788
777 784 1.9501526258096291
784 785 2.5856857384930256
759 781 0.982542654754837
779 790 -0.9629980439232386
604 787 2.2726891994400433
604 794 2.93164334365634
794 798 -2.6469936768108107
757 814 -2.7803933790295874
666 802 3.574453703354731
768 787 -4.43612156009328
806 814 2.418966462073592
778 802 3.7324082779400585
714 719 -1.751313725733529
678 801 2.7117470592609445
666 801 1.347717671142901
714 820 -5.53733426701854
719 820 -4.43612156009328
773 803 -0.32179504083642385
791 861 0.10124748840924536
798 814 -0.6872706606037844
801 802 4.145152023550564
779 803 1.8471390342477205
785 792 1.2778513804684322
759 800 -0.9244110766470177
724 800 0.8864565510992328
787 794 2.023523983245292
772 795 2.7803933118077264
641 795 0.3217949194737102
731 784 -1.0625403846496646
792 797 -1.0625403846496646
781 797 2.101269714871794
781 800 0.5841188470777665
788 795 4.436121480203944
600 801 2.7803933118077264
682 799 2.93164334365634
697 799 1.5497853865743236
697 908 1.210635526973574
784 792 3.015725255756913
796 908 2.93164334365634
804 861 2.93164334365634
788 808 2.93164334365634
600 808 2.93164334365634
782 824 -5.53733426701854
782 820 -4.43612156009328
719 821 -1.690856787854381
773 809 -1.0625403846496646
703 861 -0.19515772478657212
791 804 2.2275794437459226
753 795 -0.4184259027266788
820 824 1.232765242543629
820 821 4.145152023550564
786 809 0.274059332246233
803 809 2.2275794437459226
787 807 1.6615501074318497
779 810 -0.353818619728701
731 792 0.5504197869721676
803 810 0.3058452631148958
790 810 1.445594446330888
682 780 -0.9436227297103521
740 805 0.7047961364960313
697 811 3.7324082779400585
770 805 1.8144599138640842
770 818 -0.08565028243590467
731 818 0.8306197427665889
786 826 0.4347078707200993
697 815 0.13248100121840833
809 826 -0.17945749696390423
815 908 4.436121480203944
811 815 4.145152023550564
780 822 0.3217949194737102
682 822 2.0618119072200103
811 829 5.537334267018537
805 818 0.1637791782871667
794 807 1.0221648177565306
719 826 -1.6615502176829433
776 822 -2.319517101482562
703 817 0.22663210648628773
740 812 0.2582187931706581
805 812 1.7513136084096503
797 816 2.4719660016221714
803 822 2.5856857384930256
810 822 1.124638707269666
817 861 4.436121480203944
746 791 3.10674997290245
746 812 2.4719660016221714
792 816 -2.1840514594677467
768 807 -5.53733426701854
733 817 1.8471390342477205
764 810 0.4347078707200993
697 908 2.4719660016221714
731 827 1.5769599644200505
792 827 1.445594446330888
792 813 2.368217406966919
775 819 2.5856857384930256
761 830 -3.43705550120135
764 822 1.0625402297313233
799 822 1.3959338990403656
813 816 -2.6469936768108107
724 781 2.5856857384930256
778 830 3.015725255756913
793 824 -5.53733426701854
821 826 0.7047961364960313
697 822 1.8144599138640842
775 825 2.31951701078773
793 840 -4.145152083743929
793 841 -3.106750063060895
813 827 1.471006361575077
763 825 4.436121480203944
753 819 -0.3860227795812654
840 841 2.7117470592609445
824 841 1.210635526973574
731 823 2.2726891994400433
793 830 -3.2060451019615273
821 831 4.145152023550564
812 818 -0.007781779532672672
798 807 -3.106750063060895
819 825 2.7117470592609445
830 840 1.2778513804684322
826 831 2.5856857384930256
818 823 1.604628978813839
798 828 -0.17945749696390423
814 828 1.0221648177565306
668 829 1.880614156109223
746 818 0.5170228985401271
823 827 4.844202556684481
803 826 1.6615501074318497
791 861 0.8306197427665889
814 833 -2.6469936768108107
806 833 -2.319517101482562
753 839 0.48390574875928927
808 834 -0.0544849469084292
819 839 1.210635526973574
788 834 0.2582187931706581
600 834 -1.914934325902037
807 832 3.9184427168471876
746 861 2.7117470592609445
746 838 1.9149341938214999
818 838 1.232765242543629
822 836 1.445594446330888
822 908 1.9501526258096291
836 908 5.537334267018537
828 833 -3.5744537730315336
795 839 0.7224263377855422
746 837 4.844202556684481
746 843 1.6908566753683048
806 825 2.141984057957801
822 835 3.9184427168471876
811 842 3.2060450031958343
838 843 1.7825318837304605
823 838 1.4205758640846524
825 839 3.9184427168471876
837 843 1.604628978813839
815 842 2.023523983245292
781 882 1.4968293639808472
724 850 0.5004307185850176
788 858 0.4674453385798212
834 858 -0.8864566941706382
822 844 0.6872705278045488
850 882 4.436121480203944
795 858 1.6615501074318497
835 844 1.4205758640846524
760 852 2.4719660016221714
768 852 0.33778526158074773
798 846 2.0618119072200103
828 846 0.1481210376275779
828 847 -0.5504199144331001
877 908 4.844202556684481
811 849 1.7513136084096503
829 849 2.141984057957801
797 813 0.48390574875928927
797 882 3.4370554399806776
833 847 1.3716527928075883
825 833 -1.7207670712436016
842 877 3.3153580262671256
768 863 -0.8306198826413334
830 848 3.9184427168471876
823 843 0.07006324471763459
807 863 -0.5170230248961472
846 847 2.93164334365634
820 841 3.10674997290245
746 845 1.986327796610479
845 861 2.93164334365634
807 846 -1.914934325902037
837 845 1.7513136084096503
807 885 3.9184427168471876
803 844 1.3959338990403656
863 885 1.9501526258096291
822 844 0.982542654754837
842 849 -0.07006336313715722
724 851 0.9629978960423582
833 870 -1.60462908492035
820 853 3.9184427168471876
850 851 1.3959338990403656
760 851 2.4719660016221714
821 853 1.8144599138640842
826 844 1.2551669361900215
856 861 4.436121480203944
826 859 2.141984057957801
797 827 -0.6525189378391278
825 870 4.436121480203944
844 859 3.7324082779400585
861 866 1.72076695640305
837 857 1.880614156109223
843 857 -1.8806142848807943
797 862 2.184051378192568
760 855 2.7117470592609445
852 855 2.2275794437459226
840 848 2.7803933118077264
822 869 3.10674997290245
842 860 3.015725255756913
856 866 2.93164334365634
827 862 0.7580154487445683
847 870 -0.5841189757308616
849 860 1.880614156109223
845 857 2.5856857384930256
823 854 4.436121480203944
845 866 -0.14812115655181013
820 840 2.5856857384930256
845 861 5.537334267018537
847 867 1.0221648177565306
802 868 1.3008299128497565
778 868 1.0830275858277314
831 864 3.4370554399806776
861 866 3.4370554399806776
867 870 3.9184427168471876
821 864 2.5856857384930256
823 862 1.986327796610479
830 868 -0.3860227795812654
848 868 0.5004307185850176
844 869 1.604628978813839
829 871 1.986327796610479
843 854 -0.9053575182618498
853 864 2.7803933118077264
846 867 0.6181436068748636
826 865 2.7803933118077264
859 865 1.3241144775306468
836 869 -1.5497854889223055
843 878 -0.8864566941706382
848 874 3.574453703354731
857 878 2.93164334365634
852 863 0.9436225830949259
807 867 -0.7401649710893459
868 874 0.5841188470777665
860 877 3.3153580262671256
867 885 1.2551669361900215
858 875 3.3153580262671256
834 875 -0.4184259027266788
854 862 0.652518806521984
831 865 1.0830275858277314
856 872 1.4205758640846524
839 883 2.5856857384930256
834 873 2.368217406966919
600 873 -1.986327866288225
600 876 2.2726891994400433
820 848 2.7117470592609445
849 877 1.3008299128497565
861 872 1.4205758640846524
873 876 -1.6615502176829433
801 876 2.368217406966919
843 888 -1.5230824363372633
852 882 1.5230823357393546
802 879 0.5672301020452246
868 879 3.015725255756913
854 888 2.7117470592609445
855 882 2.7803933118077264
863 882 1.72076695640305
795 875 2.5856857384930256
873 875 -0.14812115655181013
825 883 2.31951701078773
845 880 1.604628978813839
857 880 1.0422550037182607
868 884 1.188767543534301
848 886 1.1671515377428254
829 877 3.4370554399806776
878 888 3.10674997290245
801 879 0.21088184704301205
874 886 2.368217406966919
820 886 2.418966462073592
862 881 2.93164334365634
797 881 0.007781661256567096
820 887 3.574453703354731
853 887 1.7825318837304605
869 891 -0.6872706606037844
836 891 1.8144599138640842
891 908 3.7324082779400585
854 881 2.8534721380276795
851 882 2.023523983245292
844 865 2.8534721380276795
854 890 1.445594446330888
760 882 2.101269714871794
856 861 3.9184427168471876
879 884 0.3058452631148958
853 892 1.72076695640305
831 844 2.2275794437459226
869 893 1.72076695640305
888 890 1.6908566753683048
882 885 2.4719660016221714
879 889 2.646993557188065
884 889 -0.7940690348095123
844 864 3.015725255756913
871 877 1.880614156109223
887 892 1.986327796610479
864 892 1.6908566753683048
844 893 4.844202556684481
877 895 3.574453703354731
844 892 3.574453703354731
797 897 -0.5170230248961472
879 894 -0.6698460476628039
881 897 4.436121480203944
882 897 2.4719660016221714
801 873 1.3008299128497565
801 894 2.368217406966919
889 894 -0.25821891342749526
891 893 -0.4347079946705643
893 908 3.3153580262671256
868 886 3.574453703354731
845 857 2.93164334365634
845 878 3.4370554399806776
875 903 1.0422550037182607
873 903 0.023345926266394867
845 888 2.101269714871794
881 890 0.13248100121840833
861 896 3.10674997290245
883 902 2.31951701078773
825 902 2.7117470592609445
861 900 2.2275794437459226
888 905 3.7324082779400585
881 901 4.436121480203944
887 899 2.8534721380276795
844 907 3.2060450031958343
845 900 2.646993557188065
795 903 2.7117470592609445
892 899 3.574453703354731
889 898 2.5856857384930256
820 899 1.3716527928075883
890 905 0.5170228985401271
884 898 -0.9629980439232386
861 906 2.2726891994400433
894 904 2.7803933118077264
889 904 -0.4184259027266788
900 906 0.7580154487445683
845 905 1.8144599138640842
898 904 0.1481210376275779
890 901 0.1481210376275779
892 910 4.145152023550564
893 911 3.574453703354731
801 904 3.10674997290245
845 909 4.145152023550564
820 868 0.652518806521984
892 907 0.8864565510992328
908 911 2.418966462073592
895 912 2.0618119072200103
868 899 3.7324082779400585
877 912 5.537334267018537
881 882 3.7324082779400585
884 913 3.574453703354731
898 913 -0.16377929735639296
899 910 4.436121480203944
905 909 2.023523983245292
881 890 -0.14812115655181013
907 914 3.3153580262671256
881 905 2.8534721380276795
892 914 4.436121480203944
905 917 1.5230823357393546
884 916 1.347717671142901
884 918 1.1671515377428254
868 918 1.3716527928075883
877 923 0.9436225830949259
913 916 2.93164334365634
844 914 4.436121480203944
900 915 2.023523983245292
845 915 2.418966462073592
909 915 3.3153580262671256
868 910 2.5274488884529975
906 915 0.5336849977291656
825 883 1.0221648177565306
877 912 2.7803933118077264
795 920 -4.43612156009328
795 925 -3.0157253387444354
801 921 -2.319517101482562
909 917 1.5769599644200505
920 925 1.210635526973574
903 925 -3.732408358890588
873 921 -1.5497854889223055
873 922 -3.3153581355547077
908 919 2.418966462073592
873 925 -1.60462908492035
921 922 1.232765242543629
910 918 2.368217406966919
909 929 1.604628978813839
873 928 -3.3153581355547077
915 929 1.4205758640846524
925 928 0.982542654754837
922 928 2.0618119072200103
904 921 -3.3153581355547077
916 918 1.880614156109223
910 914 3.7324082779400585
893 926 1.232765242543629
893 908 2.93164334365634
795 936 -4.844202616288199
920 936 2.93164334365634
893 931 2.4719660016221714
926 931 2.2726891994400433
893 919 2.646993557188065
905 927 3.015725255756913
882 924 3.10674997290245
839 935 -2.7117471225450083
893 908 2.2275794437459226
917 927 1.471006361575077
881 924 1.445594446330888
839 936 -3.43705550120135
909 934 -0.07006336313715722
917 934 0.5841188470777665
881 927 2.5856857384930256
883 940 -1.0022630255891705
883 935 -2.9316434205780437
912 923 2.368217406966919
935 940 3.10674997290245
935 936 0.40219817433836536
909 933 1.5769599644200505
898 921 -1.690856787854381
912 932 3.10674997290245
933 934 4.145152023550564
825 940 -0.22663222628581936
844 931 1.210635526973574
877 932 1.880614156109223
909 945 -0.007781779532672672
917 941 1.3959338990403656
870 938 2.93164334365634
920 930 1.7825318837304605
921 942 1.8144599138640842
898 942 -2.4719661045957224
929 945 2.646993557188065
934 941 2.8534721380276795
915 946 2.141984057957801
913 943 -4.43612156009328
916 943 -2.7803933790295874
910 937 3.9184427168471876
906 946 4.844202556684481
914 937 4.844202556684481
870 939 3.3153580262671256
898 943 -2.1840514594677467
918 943 -3.3153581355547077
933 945 3.4370554399806776
867 939 3.2060450031958343
930 936 2.2275794437459226
942 943 3.7324082779400585
923 932 -0.25821891342749526
910 950 -4.145152083743929
923 948 3.3153580262671256
923 944 5.537334267018537
910 943 -3.5744537730315336
932 948 1.4205758640846524
925 947 0.982542654754837
921 951 1.7513136084096503
943 955 4.145152023550564
910 955 -3.43705550120135
928 947 3.10674997290245
922 951 0.6872705278045488
881 953 -3.9184428135768994
870 949 0.369896870073811
825 949 -0.14812115655181013
920 947 1.445594446330888
921 952 1.5769599644200505
885 939 0.1637791782871667
928 951 2.7803933118077264
937 950 -3.9184428135768994
929 946 -0.21088196663715686
881 954 -4.844202616288199
938 949 0.5672301020452246
945 946 1.604628978813839
927 941 0.8864565510992328
924 954 -4.145152083743929
930 947 0.38602265684584536
951 952 2.023523983245292
950 955 0.8122799937741847
881 956 -3.732408358890588
882 958 -3.9184428135768994
885 958 -4.145152083743929
885 961 -4.43612156009328
825 962 -1.2778514672160726
934 945 2.7803933118077264
927 953 -4.844202616288199
949 962 -1.0625403846496646
940 962 2.5274488884529975
881 964 -4.43612156009328
924 960 -3.0157253387444354
882 960 -4.844202616288199
882 957 -4.145152083743929
958 961 2.0618119072200103
956 964 3.9184427168471876
954 960 1.103724552883528
957 958 2.5856857384930256
927 971 -3.43705550120135
954 956 1.0625402297313233
939 961 -4.844202616288199
944 948 3.015725255756913
953 964 3.9184427168471876
931 968 -5.53733426701854
926 968 -5.53733426701854
893 969 -4.844202616288199
893 970 -5.53733426701854
941 971 -3.9184428135768994
968 969 3.3153580262671256
969 970 3.7324082779400585
908 932 1.0625402297313233
938 972 -1.7825320036768968
844 968 -5.53733426701854
953 971 0.1637791782871667
870 972 -2.7117471225450083
949 972 -1.420575958424365
908 970 -3.5744537730315336
861 976 3.9184427168471876
945 973 2.8534721380276795
882 980 -4.145152083743929
882 981 -3.2060451019615273
921 959 2.184051378192568
942 959 0.35381849771398977
937 974 -4.844202616288199
844 977 -4.844202616288199
908 975 -4.844202616288199
946 973 3.7324082779400585
960 980 3.574453703354731
980 981 4.844202556684481
957 981 3.4370554399806776
939 972 -2.5856858519456853
943 959 4.436121480203944
950 974 1.6908566753683048
968 977 2.7803933118077264
961 972 3.10674997290245
935 965 2.8534721380276795
936 965 0.33778526158074773
947 966 1.445594446330888
914 977 -3.9184428135768994
908 983 -1.690856787854381
928 966 2.0618119072200103
970 983 2.7803933118077264
975 983 3.015725255756913
953 984 2.8534721380276795
952 967 2.101269714871794
921 967 1.2778513804684322
914 974 -4.844202616288199
914 982 -4.43612156009328
908 979 -5.53733426701854
971 984 2.7117470592609445
951 967 1.9149341938214999
977 982 3.3153580262671256
975 979 2.93164334365634
945 963 3.10674997290245
932 979 -3.5744537730315336
974 982 3.9184427168471876
948 979 -2.4719661045957224
963 973 3.9184427168471876
934 971 -3.5744537730315336
935 962 -0.22663222628581936
959 967 1.9501526258096291
954 978 4.844202556684481
960 978 0.1481210376275779
962 965 0.9244109312539295
930 966 0.3058452631148958
956 985 3.7324082779400585
955 959 2.93164334365634
948 993 -3.9184428135768994
923 994 -1.5769600686022973
954 985 -0.25821891342749526
979 993 1.9501526258096291
944 994 -1.420575958424365
966 989 0.7759821143416219
978 985 0.4674453385798212
930 965 1.347717671142901
930 989 2.418966462073592
944 987 -3.0157253387444354
987 994 1.5230823357393546
861 946 1.4968293639808472
945 999 -4.145152083743929
934 999 -2.4719661045957224
967 986 2.93164334365634
971 999 4.145152023550564
951 986 2.646993557188065
959 986 3.2060450031958343
962 996 -0.25821891342749526
949 996 1.3716527928075883
928 992 1.471006361575077
982 988 4.145152023550564
977 990 4.145152023550564
944 993 -0.8490927706325437
963 999 -3.732408358890588
953 956 2.4719660016221714
966 992 0.9053573740495944
978 991 0.6352858046593717
960 991 4.436121480203944
951 992 2.7117470592609445
968 1001 1.9149341938214999
989 992 2.2275794437459226
959 1000 2.141984057957801
955 1000 -1.2778514672160726
987 993 3.9184427168471876
965 996 2.646993557188065
946 995 3.7324082779400585
957 961 2.646993557188065
982 990 4.436121480203944
969 1001 -0.5170230248961472
984 1003 0.652518806521984
953 1003 2.4719660016221714
950 1002 3.9184427168471876
974 997 2.2275794437459226
969 998 0.7940688968903633
970 998 2.023523983245292
986 992 1.3716527928075883
986 1000 1.103724552883528
955 1002 0.8677032967963991
982 997 2.646993557188065
977 1001 3.4370554399806776
998 1001 2.5856857384930256
946 976 1.445594446330888
1000 1002 1.4205758640846524
972 1004 0.7047961364960313
949 1004 -1.5769600686022973
974 1002 -0.305845384176723
994 1014 1.4968293639808472
961 1004 1.2551669361900215
996 1004 0.3217949194737102
997 1002 1.471006361575077
976 995 1.72076695640305
989 1005 1.3716527928075883
983 1018 2.418966462073592
946 999 -2.5856858519456853
930 1005 2.4719660016221714
992 1005 -0.038913137770452355
970 1018 1.4205758640846524
976 1006 1.232765242543629
965 1009 0.5170228985401271
965 1078 1.8471390342477205
992 1008 -1.0625403846496646
1009 1078 3.015725255756913
946 1010 1.210635526973574
965 1007 3.7324082779400585
999 1010 -1.3959339919795308
971 1003 2.7803933118077264
996 1007 3.3153580262671256
1005 1008 1.72076695640305
997 1023 1.445594446330888
998 1012 0.8122799937741847
987 1013 0.48390574875928927
985 991 0.45104689322786395
986 1008 -0.4674454634335292
1002 1023 5.537334267018537
994 1013 1.2551669361900215
986 1019 -0.6010891274007599
982 1011 1.5769599644200505
975 1018 1.6328169387983074
995 1006 2.2275794437459226
1007 1009 1.0830275858277314
1008 1019 3.4370554399806776
997 1011 1.0830275858277314
999 1016 4.145152023550564
991 1022 -0.16377929735639296
961 1024 0.48390574875928927
1004 1024 2.8534721380276795
977 982 2.4719660016221714
985 1022 1.6908566753683048
930 1078 0.2899341161553104
1011 1023 0.9629978960423582
988 1011 1.7825318837304605
953 1021 3.574453703354731
956 1021 3.015725255756913
960 1022 0.023345926266394867
1000 1019 -0.6010891274007599
1000 1020 3.3153580262671256
1002 1017 2.7803933118077264
957 1024 -1.3477177614522067
1017 1020 3.10674997290245
1006 1015 1.210635526973574
1003 1021 4.145152023550564
1000 1028 1.2551669361900215
982 1030 2.418966462073592
977 1025 1.6328169387983074
1001 1025 1.124638707269666
998 1025 -0.22663222628581936
995 1010 -0.5672302300910688
980 1022 -1.60462908492035
1019 1028 1.0830275858277314
988 1030 1.4968293639808472
982 1025 2.8534721380276795
1012 1025 0.6352858046593717
970 1012 0.3058452631148958
995 1026 -4.844202616288199
957 1039 1.6615501074318497
975 1035 0.8677032967963991
1010 1016 -2.319517101482562
1020 1028 3.3153580262671256
1018 1035 1.7513136084096503
1013 1014 0.9053573740495944
956 1027 2.646993557188065
1029 1078 2.141984057957801
979 1035 2.4719660016221714
993 1031 2.184051378192568
1021 1027 3.9184427168471876
930 1029 1.8471390342477205
1012 1018 1.604628978813839
1010 1026 -2.9316434205780437
1016 1038 0.369896870073811
981 1022 -0.8490927706325437
1004 1034 0.8306197427665889
996 1034 2.2275794437459226
1018 1025 2.93164334365634
993 1013 1.5497853865743236
1010 1038 -1.0625403846496646
985 1027 2.2275794437459226
1006 1033 -5.53733426701854
957 1040 1.0830275858277314
1026 1033 2.5274488884529975
1024 1040 1.4205758640846524
1007 1034 2.418966462073592
1005 1029 0.7224263377855422
1013 1032 2.101269714871794
1014 1032 1.6908566753683048
979 1031 -0.17945749696390423
1015 1033 -4.844202616288199
957 1036 -0.0544849469084292
1036 1039 0.8306197427665889
999 1003 1.9501526258096291
981 1036 0.07006324471763459
1022 1036 0.5336849977291656
1024 1034 2.646993557188065
1008 1042 -0.14812115655181013
979 1044 2.7803933118077264
1031 1044 3.015725255756913
1026 1038 1.880614156109223
1005 1042 0.5672301020452246
1022 1048 0.8490926297285697
1008 1052 0.48390574875928927
1019 1041 1.7513136084096503
1042 1052 1.9149341938214999
1015 1045 -2.5856858519456853
1026 1037 2.101269714871794
985 1051 0.22663210648628773
1022 1051 0.7940688968903633
1018 1047 2.646993557188065
1013 1031 0.2899341161553104
1014 1053 -0.7047962700763302
1033 1045 2.7803933118077264
1048 1051 2.5856857384930256
1029 1042 3.2060450031958343
1034 1046 2.4719660016221714
1007 1046 2.4719660016221714
1041 1043 3.4370554399806776
1019 1043 2.4719660016221714
1011 1057 0.7580154487445683
1013 1049 0.982542654754837
1033 1037 3.10674997290245
1041 1052 1.5769599644200505
1013 1044 2.2726891994400433
1032 1049 0.652518806521984
1032 1053 -0.038913137770452355
1036 1066 0.19515760538251437
1027 1051 -0.5841189757308616
1022 1066 1.3959338990403656
1023 1057 -1.420575958424365
1011 1030 -0.21088196663715686
1016 1060 -4.844202616288199
999 1064 0.6352858046593717
1003 1064 1.2551669361900215
1018 1068 1.210635526973574
1032 1063 2.2275794437459226
1032 1055 2.4719660016221714
1026 1033 1.5769599644200505
1048 1066 3.7324082779400585
1030 1057 0.13248100121840833
1035 1068 1.210635526973574
1049 1063 2.7803933118077264
1053 1055 3.4370554399806776
1038 1060 0.369896870073811
1016 1064 -0.038913137770452355
1027 1050 0.7940688968903633
1020 1061 4.436121480203944
1002 1059 -0.5170230248961472
1023 1059 -0.722426472174637
1060 1064 2.5856857384930256
1017 1061 1.0422550037182607
1017 1059 0.21088184704301205
1047 1068 2.0618119072200103
1026 1069 2.93164334365634
1034 1056 1.210635526973574
1057 1059 2.93164334365634
979 1068 1.2778513804684322
1038 1058 2.5856857384930256
1017 1074 1.2778513804684322
1033 1069 3.574453703354731
1058 1060 3.3153580262671256
1021 1050 -0.2899342369326745
1039 1066 0.7940688968903633
1046 1056 2.5856857384930256
1028 1043 0.9053573740495944
1059 1074 1.2551669361900215
1026 1058 -0.635285935274005
1021 1065 -0.618143736811748
1029 1054 2.5856857384930256
1030 1070 0.8864565510992328
1013 1063 0.242410407030617
1058 1069 1.9501526258096291
1050 1065 0.13248100121840833
1050 1051 0.33778526158074773
1054 1078 1.4205758640846524
1057 1070 2.4719660016221714
982 1070 2.101269714871794
1044 1063 2.184051378192568
1007 1078 1.124638707269666
1042 1054 3.3153580262671256
1043 1076 2.646993557188065
1028 1076 4.436121480203944
1052 1073 3.574453703354731
1041 1073 1.347717671142901
1047 1062 2.184051378192568
1047 1106 2.2726891994400433
1021 1064 -3.0157253387444354
1043 1073 1.7825318837304605
1068 1106 3.3153580262671256
1055 1063 0.369896870073811
1040 1071 2.2275794437459226
1046 1072 3.9184427168471876
1007 1072 3.574453703354731
1018 1067 1.232765242543629
1064 1065 3.015725255756913
957 1071 1.9501526258096291
1061 1074 3.10674997290245
1025 1067 2.2726891994400433
1045 1069 4.145152023550564
1050 1064 -0.22663222628581936
1051 1064 1.471006361575077
1047 1067 2.93164334365634
1024 1071 -0.4184259027266788
1039 1071 3.3153580262671256
1034 1071 1.6615501074318497
1052 1054 -0.24241052705099042
1062 1106 0.21088184704301205
1020 1075 0.5841188470777665
982 1079 1.445594446330888
1062 1067 0.6010889981175147
1053 1103 -1.2778514672160726
1061 1075 1.0221648177565306
1020 1076 -0.10124760698692858
1067 1106 4.844202556684481
1066 1071 0.07006324471763459
1052 1078 1.3008299128497565
1073 1076 0.982542654754837
1075 1076 1.986327796610479
1007 1080 0.7759821143416219
1048 1064 2.2726891994400433
1034 1046 2.0618119072200103
1072 1080 0.5336849977291656
1070 1079 0.7759821143416219
982 1067 0.5336849977291656
1055 1103 -1.3477177614522067
1058 1082 0.242410407030617
1064 1077 2.93164334365634
1069 1082 -0.9244110766470177
1061 1083 1.0022628750411067
1061 1089 0.21088184704301205
1057 1081 3.9184427168471876
1063 1094 -3.9184428135768994
1055 1094 -3.106750063060895
1075 1083 2.4719660016221714
1083 1089 3.015725255756913
1074 1089 0.4347078707200993
1059 1081 3.015725255756913
1078 1080 3.9184427168471876
1070 1081 1.2778513804684322
1070 1106 -0.08565028243590467
1060 1082 -1.2551670218420983
1079 1106 0.5004307185850176
1067 1079 2.0618119072200103
1064 1095 -0.5841189757308616
1073 1087 -1.3008300007371676
1076 1087 0.7401648358628796
1067 1084 2.368217406966919
1044 1093 -4.43612156009328
1063 1093 -3.732408358890588
1081 1106 1.1671515377428254
1093 1094 3.7324082779400585
1071 1086 1.2551669361900215
1044 1097 -2.6469936768108107
1066 1086 -0.17945749696390423
979 1097 -0.9436227297103521
1069 1090 -0.7759822513321553
1072 1091 0.5336849977291656
1074 1083 1.210635526973574
1059 1083 2.7117470592609445
1067 1085 2.0618119072200103
1068 1092 -2.023524054927849
979 1092 -0.16377929735639296
1082 1090 2.8534721380276795
1060 1095 -2.1840514594677467
1046 1091 1.1457782142804072
1080 1091 0.08565016394454328
1092 1097 3.7324082779400585
1093 1097 1.124638707269666
1076 1088 2.93164334365634
1073 1078 0.9629978960423582
1084 1085 0.7401648358628796
1060 1098 -2.1840514594677467
1095 1098 1.986327796610479
1087 1088 -1.1887676261434261
1092 1106 -3.732408358890588
1094 1103 3.2060450031958343
1071 1096 4.436121480203944
1077 1095 -2.418966560561031
1086 1096 0.8864565510992328
1064 1101 -5.53733426701854
1082 1098 2.418966462073592
1078 1091 0.2899341161553104
1081 1083 0.6010889981175147
1077 1104 -3.5744537730315336
1064 1104 -3.732408358890588
1066 1102 -3.2060451019615273
1066 1099 -2.1012697910023577
1086 1099 0.1168571278983801
1081 1100 5.537334267018537
1084 1106 1.6908566753683048
1095 1104 4.145152023550564
1101 1104 3.4370554399806776
1099 1102 1.232765242543629
1100 1106 1.7825318837304605
1067 1106 4.436121480203944
1081 1110 2.7803933118077264
1100 1110 1.6615501074318497
1064 1116 -2.7117471225450083
1083 1110 0.652518806521984
1085 1106 0.6872705278045488
1101 1116 2.31951701078773
1048 1116 -3.5744537730315336
1071 1105 3.3153580262671256
1034 1105 0.982542654754837
1096 1099 0.6181436068748636
1082 1108 4.436121480203944
1066 1116 -4.43612156009328
1078 1107 1.188767543534301
1073 1112 0.35381849771398977
1098 1108 3.574453703354731
1091 1107 0.1168571278983801
1078 1112 3.9184427168471876
1095 1108 3.7324082779400585
1066 1114 -2.6469936768108107
1114 1116 3.015725255756913
1102 1114 2.5274488884529975
1046 1107 0.7759821143416219
1071 1125 2.93164334365634
1078 1109 2.368217406966919
1106 1113 -5.53733426701854
1092 1113 4.436121480203944
1107 1109 1.4205758640846524
1082 1111 2.7117470592609445
1096 1102 1.7825318837304605
1046 1125 0.22663210648628773
1103 1120 3.7324082779400585
1034 1125 1.604628978813839
1107 1125 2.7117470592609445
1092 1115 2.31951701078773
1090 1111 0.7580154487445683
1087 1112 0.1794573777347761
1097 1115 3.015725255756913
1071 1102 0.4674453385798212
1090 1117 1.4205758640846524
1111 1117 4.844202556684481
1105 1125 1.210635526973574
1113 1115 1.0022628750411067
1093 1103 3.015725255756913
1082 1123 0.7940688968903633
1109 1118 3.4370554399806776
1111 1123 1.6908566753683048
1107 1118 2.7117470592609445
1108 1123 2.184051378192568
1071 1122 1.5769599644200505
1122 1125 1.103724552883528
1121 1125 2.7117470592609445
1113 1119 3.574453703354731
1115 1119 0.8490926297285697
1121 1122 2.7117470592609445
1114 1124 2.184051378192568
1102 1124 2.2726891994400433
1075 1134 -1.3008300007371676
1106 1147 -4.844202616288199
1076 1134 1.5769599644200505
1113 1147 1.4205758640846524
1087 1147 -1.7207670712436016
1088 1147 2.2275794437459226
1075 1133 -1.7825320036768968
1100 1147 -4.145152083743929
1106 1147 -2.023524054927849
1116 1124 3.2060450031958343
1118 1125 3.9184427168471876
1133 1134 2.7803933118077264
1076 1147 -0.7401649710893459
1083 1133 -2.319517101482562
1102 1122 -0.6525189378391278
1112 1147 0.08565016394454328
1134 1147 2.368217406966919
1083 1135 -2.22757952790676
1110 1128 -4.844202616288199
1110 1147 -2.1840514594677467
1133 1135 2.31951701078773
1110 1135 -4.145152083743929
1128 1147 0.03891301945135828
1097 1119 3.7324082779400585
1109 1112 2.5274488884529975
1109 1147 3.015725255756913
1104 1126 1.5769599644200505
1095 1126 2.101269714871794
1102 1127 3.3153580262671256
1122 1127 -0.08565028243590467
1128 1135 2.5274488884529975
1093 1120 3.7324082779400585
1139 1147 2.5856857384930256
1106 1139 -1.9501526936104758
1113 1129 -0.13248112001244716
1119 1129 -2.418966560561031
1109 1125 2.7803933118077264
1101 1126 0.07006324471763459
1111 1130 3.2060450031958343
1123 1137 0.40219817433836536
1108 1137 1.0830275858277314
1122 1132 2.418966462073592
1117 1130 3.015725255756913
1123 1131 0.8122799937741847
1106 1142 -1.8806142848807943
1111 1131 4.145152023550564
1131 1137 1.471006361575077
1139 1142 2.101269714871794
1142 1147 1.8144599138640842
1121 1132 1.72076695640305
1127 1132 -0.7047962700763302
1097 1129 -0.305845384176723
1116 1136 4.844202556684481
1121 1141 3.7324082779400585
1125 1141 1.0830275858277314
1129 1147 -2.1840514594677467
1095 1137 2.141984057957801
1101 1140 3.7324082779400585
1124 1143 1.8144599138640842
1102 1143 0.9436225830949259
1127 1138 -0.4184259027266788
1132 1138 3.2060450031958343
1127 1143 1.1671515377428254
1121 1138 1.9501526258096291
1125 1147 -0.08565028243590467
1120 1147 0.274059332246233
1126 1140 -0.21088196663715686
1126 1144 2.646993557188065
1093 1147 2.7803933118077264
1140 1144 1.9149341938214999
1138 1143 2.4719660016221714
1124 1136 0.9053573740495944
1138 1141 2.93164334365634
1135 1147 3.9184427168471876
1097 1147 0.9629978960423582
1095 1144 2.5274488884529975
1116 1143 2.7803933118077264
1136 1143 0.1637791782871667
1130 1146 1.6328169387983074
1111 1146 2.141984057957801
1111 1137 1.9149341938214999
1130 1145 1.8144599138640842
1101 1143 2.5856857384930256
1101 1144 1.0022628750411067
1141 1147 -1.371652884404361
1145 1146 3.3153580262671256
1143 1147 -1.0625403846496646
1138 1147 -2.9316434205780437
1141 1148 -0.6010891274007599
1147 1148 3.015725255756913
1095 1147 -1.1246387871621042
1144 1147 -1.5230824363372633
1137 1147 -3.106750063060895
1111 1147 -1.371652884404361
1101 1147 0.8490926297285697
1133 1147 4.145152023550564
1146 1147 -0.2899342369326745
1145 1147 -0.023346044556825873
