MULTICUT
0 6 1.6328169387983074
0 6 2.101269714871794
3 6 -5.53733426701854
1 3 -0.4347079946705643
1 2 -4.43612156009328
0 4 4.436121480203944
4 6 2.5274488884529975
5 6 -4.844202616288199
3 5 0.7401648358628796
3 7 -0.6010891274007599
1 7 3.4370554399806776
3 8 3.2060450031958343
5 8 -0.4184259027266788
2 7 -4.43612156009328
7 8 0.023345926266394867
5 7 -3.106750063060895
5 10 -0.40219829746062086
7 10 -0.353818619728701
2 9 1.2778513804684322
2 11 0.8490926297285697
2 12 -5.53733426701854
11 12 -5.53733426701854
10 14 0.8677032967963991
5 14 3.10674997290245
12 20 0.1637791782871667
11 20 -4.844202616288199
6 15 1.4205758640846524
10 13 0.9244109312539295
7 13 -3.43705550120135
2 19 -5.53733426701854
5 15 -5.53733426701854
12 19 1.8471390342477205
7 18 -1.167151619412428
13 14 2.8534721380276795
13 18 -2.8534722097520193
7 16 1.4968293639808472
16 18 -0.22663222628581936
2 16 -3.43705550120135
2 20 -5.53733426701854
12 17 -3.3153581355547077
12 21 1.2778513804684322
19 21 1.8471390342477205
2 24 -5.53733426701854
14 18 -2.4719661045957224
19 24 1.6615501074318497
17 20 -4.43612156009328
12 22 0.242410407030617
17 22 -0.33778538326100627
21 22 -0.9053575182618498
18 23 1.232765242543629
16 23 0.8864565510992328
20 22 -2.5274489963885465
16 28 -0.8864566941706382
22 27 -2.22757952790676
20 27 2.8534721380276795
5 6 -5.53733426701854
14 23 -1.5497854889223055
23 28 1.6908566753683048
2 28 -4.844202616288199
2 29 -4.844202616288199
21 26 0.054484828546315534
24 29 3.574453703354731
22 26 1.7513136084096503
14 31 3.4370554399806776
14 32 -0.5841189757308616
23 32 -1.167151619412428
31 32 2.4719660016221714
21 24 -1.0022630255891705
21 30 1.0625402297313233
24 30 -0.4674454634335292
5 31 1.1457782142804072
26 30 -0.2899342369326745
2 25 1.2551669361900215
2 33 -4.844202616288199
29 33 0.6010889981175147
28 32 -2.5856858519456853
26 27 -2.4719661045957224
29 36 2.5856857384930256
33 36 1.1457782142804072
29 30 -0.5841189757308616
31 37 2.7117470592609445
5 37 -1.167151619412428
6 37 -5.53733426701854
2 35 -5.53733426701854
25 35 -5.53733426701854
33 35 4.145152023550564
27 34 -1.60462908492035
20 34 -3.9184428135768994
25 41 -5.53733426701854
35 41 1.0625402297313233
2 41 -5.53733426701854
29 38 -0.9629980439232386
30 38 3.9184427168471876
36 38 0.10124748840924536
28 31 -3.106750063060895
36 40 1.880614156109223
38 40 1.2551669361900215
30 39 0.07006324471763459
26 39 0.7401648358628796
38 39 2.5274488884529975
26 34 1.6615501074318497
20 46 0.652518806521984
2 46 -4.844202616288199
26 42 -1.8144600365838361
39 42 0.4674453385798212
20 26 -3.5744537730315336
35 43 -0.6010891274007599
41 43 2.418966462073592
33 43 -1.751313725733529
38 42 3.3153580262671256
20 44 3.9184427168471876
44 46 2.646993557188065
41 45 3.574453703354731
26 44 -2.319517101482562
42 44 0.6010889981175147
43 45 1.986327796610479
38 44 0.274059332246233
45 47 3.3153580262671256
43 47 3.9184427168471876
33 49 1.0221648177565306
41 47 1.3241144775306468
43 49 2.5274488884529975
36 38 -2.8534722097520193
38 52 -1.0625403846496646
46 48 3.10674997290245
36 52 2.7803933118077264
2 48 -5.53733426701854
31 51 2.141984057957801
44 50 2.4719660016221714
28 51 -2.0618119810484816
36 49 -5.53733426701854
38 50 -0.22663222628581936
37 51 2.5856857384930256
38 53 0.45104689322786395
52 53 0.1637791782871667
50 53 0.5004307185850176
47 54 2.7803933118077264
41 54 2.93164334365634
46 50 3.9184427168471876
2 61 -4.43612156009328
52 56 2.93164334365634
53 56 -2.023524054927849
50 55 3.9184427168471876
53 55 -1.1457782950449733
36 56 4.436121480203944
43 56 -5.53733426701854
43 54 1.9501526258096291
2 58 -5.53733426701854
58 61 1.5769599644200505
2 57 -5.53733426701854
41 57 0.5841188470777665
46 53 0.10124748840924536
46 55 2.4719660016221714
53 59 0.35381849771398977
46 59 -0.25821891342749526
56 59 -2.4719661045957224
2 65 -4.844202616288199
58 65 2.8534721380276795
2 63 -5.53733426701854
63 65 1.8144599138640842
54 57 1.5497853865743236
54 62 0.242410407030617
43 62 3.7324082779400585
46 64 4.436121480203944
46 60 0.1168571278983801
48 60 2.8534721380276795
56 66 -0.3860227795812654
59 66 1.5769599644200505
56 67 3.015725255756913
66 67 2.8534721380276795
61 65 1.3008299128497565
2 71 -5.53733426701854
63 71 0.6010889981175147
56 62 -5.53733426701854
48 68 2.7803933118077264
59 64 -2.1012697910023577
60 64 -0.21088196663715686
2 68 -4.844202616288199
60 68 1.604628978813839
64 68 -1.1887676261434261
62 70 2.7117470592609445
63 69 1.604628978813839
69 71 2.5856857384930256
65 69 0.7759821143416219
65 72 -3.5744537730315336
61 72 -4.844202616288199
2 54 -5.53733426701854
65 73 -0.8864566941706382
72 73 -2.368217501379304
65 77 -5.53733426701854
64 74 -4.145152083743929
67 76 1.4968293639808472
66 76 1.3959338990403656
64 66 -0.6698460476628039
56 76 3.2060450031958343
69 77 -3.732408358890588
73 77 -4.43612156009328
54 75 4.844202556684481
66 79 1.5769599644200505
71 77 -4.43612156009328
64 79 -1.0625403846496646
64 82 -5.53733426701854
74 82 -0.867703438765498
2 84 -4.844202616288199
71 84 3.10674997290245
72 81 -3.5744537730315336
76 79 -0.5841189757308616
73 81 0.8306197427665889
54 78 -2.0618119810484816
62 78 1.445594446330888
75 78 -3.3153581355547077
2 80 1.347717671142901
70 78 1.4968293639808472
77 81 -4.43612156009328
79 85 2.0618119072200103
74 95 -1.371652884404361
2 83 -2.8534722097520193
76 85 0.3058452631148958
64 95 1.8471390342477205
80 83 -3.5744537730315336
2 87 -5.53733426701854
84 87 2.7803933118077264
51 89 0.5672301020452246
54 88 3.574453703354731
28 89 -0.5504199144331001
2 88 -5.53733426701854
37 89 1.347717671142901
79 86 -0.14812115655181013
85 86 -1.371652884404361
64 86 1.1457782142804072
2 84 -5.53733426701854
56 85 -0.8306198826413334
68 95 1.3716527928075883
56 91 -0.038913137770452355
85 91 2.7117470592609445
72 94 -3.3153581355547077
82 95 -3.9184428135768994
81 94 -0.353818619728701
54 78 -2.9316434205780437
77 84 -4.145152083743929
70 90 3.2060450031958343
83 92 -0.16377929735639296
2 92 -5.53733426701854
78 90 1.72076695640305
56 97 4.844202556684481
80 96 -4.145152083743929
83 96 0.6010889981175147
91 97 2.5274488884529975
2 96 -5.53733426701854
92 96 1.4205758640846524
84 92 2.93164334365634
88 93 2.141984057957801
54 93 3.574453703354731
86 99 -0.14812115655181013
2 98 -5.53733426701854
88 98 2.184051378192568
64 99 0.4674453385798212
82 99 -2.023524054927849
77 94 -4.844202616288199
93 98 2.646993557188065
54 100 -0.7759822513321553
93 100 0.13248100121840833
78 100 1.6908566753683048
90 101 1.0422550037182607
70 101 3.10674997290245
85 99 -2.8534722097520193
91 99 -1.4710064589046166
95 102 4.145152023550564
2 105 -2.6469936768108107
96 103 2.141984057957801
90 100 1.3241144775306468
93 107 0.03891301945135828
92 104 2.184051378192568
98 107 -0.023346044556825873
100 107 2.31951701078773
90 107 1.9501526258096291
62 108 -4.43612156009328
56 108 2.023523983245292
91 112 1.6328169387983074
99 112 2.418966462073592
2 103 -4.43612156009328
28 37 -1.847139159904398
70 108 -4.145152083743929
68 102 1.4968293639808472
103 105 0.5672301020452246
2 106 -5.53733426701854
98 106 4.844202556684481
70 90 0.5672301020452246
106 107 -0.40219829746062086
70 107 2.4719660016221714
96 104 -1.8806142848807943
96 114 -4.43612156009328
103 114 -3.9184428135768994
77 96 -3.732408358890588
77 114 2.5274488884529975
77 92 -5.53733426701854
108 111 2.023523983245292
56 111 -0.305845384176723
97 111 1.8471390342477205
77 104 -5.53733426701854
70 110 -4.43612156009328
108 110 2.418966462073592
102 113 4.844202556684481
68 113 3.3153580262671256
2 103 -4.844202616288199
106 109 -0.722426472174637
107 109 3.4370554399806776
97 112 -0.867703438765498
37 117 -1.1887676261434261
106 116 2.7117470592609445
28 117 -0.9053575182618498
109 116 -0.22663222628581936
110 111 3.015725255756913
77 115 -5.53733426701854
94 115 1.604628978813839
70 109 3.3153580262671256
82 121 -3.43705550120135
77 103 -4.844202616288199
95 121 1.4968293639808472
110 118 3.015725255756913
103 119 1.471006361575077
94 129 -2.7117471225450083
111 112 1.347717671142901
2 113 -4.43612156009328
116 120 3.574453703354731
110 122 0.1637791782871667
2 125 -3.732408358890588
2 119 -3.3153581355547077
111 122 2.418966462073592
119 125 -3.5744537730315336
112 124 2.101269714871794
106 120 2.93164334365634
70 118 -3.732408358890588
118 122 0.07006324471763459
109 126 0.7759821143416219
112 123 2.2726891994400433
116 126 0.07006324471763459
111 123 3.4370554399806776
99 124 1.0022628750411067
115 129 -4.844202616288199
120 126 1.210635526973574
123 124 3.3153580262671256
77 119 -3.732408358890588
70 126 3.4370554399806776
37 127 3.4370554399806776
117 127 0.007781661256567096
70 132 0.4347078707200993
118 132 -1.1457782950449733
121 128 1.880614156109223
82 128 -5.53733426701854
95 130 2.101269714871794
102 130 4.436121480203944
28 127 -2.7117471225450083
95 128 3.015725255756913
106 126 -0.08565028243590467
122 132 3.9184427168471876
2 102 -4.844202616288199
119 131 0.9244109312539295
125 131 -3.732408358890588
111 124 3.3153580262671256
106 133 1.8471390342477205
126 133 0.023345926266394867
77 131 -5.53733426701854
2 135 -4.145152083743929
106 135 0.6872705278045488
6 127 -4.844202616288199
126 132 -0.14812115655181013
133 135 -0.40219829746062086
122 124 0.274059332246233
77 136 -4.844202616288199
115 136 -0.5504199144331001
77 134 -4.43612156009328
82 95 -1.2106356105583946
134 136 -0.305845384176723
82 137 -0.533685124626992
99 137 3.015725255756913
95 137 3.574453703354731
2 130 -4.844202616288199
2 131 -4.43612156009328
95 140 2.646993557188065
130 140 0.369896870073811
133 141 1.880614156109223
135 141 1.3959338990403656
124 138 4.145152023550564
95 142 3.7324082779400585
134 139 -0.9436227297103521
136 139 -1.371652884404361
115 139 2.141984057957801
2 141 -4.844202616288199
124 132 -0.8490927706325437
140 142 2.5274488884529975
77 139 -4.43612156009328
132 143 -3.43705550120135
124 143 0.5841188470777665
129 139 -5.53733426701854
124 145 -1.6615502176829433
143 145 0.6698459156176995
138 145 0.6352858046593717
126 141 0.38602265684584536
126 143 -2.368217501379304
130 142 0.982542654754837
137 142 1.6615501074318497
143 144 0.6181436068748636
144 145 1.7513136084096503
138 147 0.33778526158074773
145 147 0.38602265684584536
124 147 0.3058452631148958
146 147 -1.4455945421327967
124 146 -2.319517101482562
99 150 -5.53733426701854
137 150 -2.7117471225450083
2 151 -5.53733426701854
131 151 -2.418966560561031
131 148 2.141984057957801
142 150 -5.53733426701854
148 151 -1.2327653271421226
143 149 -0.33778538326100627
144 149 0.8122799937741847
145 149 1.6908566753683048
77 148 -4.43612156009328
141 153 2.2726891994400433
141 152 -0.10124760698692858
126 152 3.9184427168471876
152 153 1.5769599644200505
147 149 2.5856857384930256
2 153 -4.844202616288199
146 154 0.21088184704301205
99 146 -4.844202616288199
147 154 -3.3153581355547077
99 154 -5.53733426701854
126 155 1.9501526258096291
152 155 2.5856857384930256
149 163 0.07006324471763459
147 163 -1.2778514672160726
149 158 0.21088184704301205
158 163 1.5769599644200505
28 156 3.4370554399806776
2 156 -5.53733426701854
143 159 -1.986327866288225
126 159 -1.0221649697100497
143 158 -1.5769600686022973
127 156 -1.9501526936104758
154 163 -5.53733426701854
2 148 -4.43612156009328
2 157 1.232765242543629
153 157 -4.844202616288199
152 157 -4.43612156009328
158 159 2.023523983245292
155 161 -0.6698460476628039
126 161 -2.023524054927849
2 166 -5.53733426701854
148 166 -0.8490927706325437
148 167 3.2060450031958343
77 160 3.015725255756913
130 150 -5.53733426701854
166 167 0.1637791782871667
148 160 -4.844202616288199
156 165 2.4719660016221714
127 165 -0.4510470176203887
152 161 -2.1012697910023577
159 163 -0.8864566941706382
127 164 -3.732408358890588
164 165 2.5274488884529975
161 162 -0.5841189757308616
152 162 -5.53733426701854
6 164 -5.53733426701854
2 152 -4.145152083743929
77 148 -2.9316434205780437
163 169 -3.9184428135768994
154 169 -1.690856787854381
77 167 -5.53733426701854
164 176 -3.2060451019615273
6 176 -5.53733426701854
130 172 -2.4719661045957224
150 172 -3.9184428135768994
165 176 -0.6872706606037844
126 162 -5.53733426701854
139 168 2.5274488884529975
129 168 -5.53733426701854
99 170 -3.5744537730315336
99 171 -2.2726892867301896
154 170 -2.368217501379304
150 171 -0.9436227297103521
152 173 -3.0157253387444354
2 173 -3.9184428135768994
77 168 -4.844202616288199
126 175 -4.43612156009328
162 175 -5.53733426701854
163 175 -4.43612156009328
162 173 -3.2060451019615273
169 175 0.1637791782871667
2 172 -3.43705550120135
159 175 0.369896870073811
99 174 -4.844202616288199
170 174 0.38602265684584536
171 174 -1.751313725733529
171 172 -1.5230824363372633
169 181 -2.6469936768108107
154 181 -5.53733426701854
156 183 -1.4710064589046166
171 179 -3.3153581355547077
172 179 -0.023346044556825873
2 183 -3.732408358890588
156 178 3.574453703354731
178 183 -0.14812115655181013
173 175 1.3008299128497565
165 178 2.7117470592609445
170 177 0.13248100121840833
174 177 -2.319517101482562
2 186 -5.53733426701854
172 180 0.6698459156176995
173 186 0.5841188470777665
179 180 1.210635526973574
172 185 -0.9629980439232386
2 185 -5.53733426701854
175 181 -3.3153581355547077
180 185 -0.3860227795812654
154 177 -3.9184428135768994
173 187 2.4719660016221714
180 184 1.3959338990403656
176 178 0.8306197427665889
186 187 3.574453703354731
174 179 -3.9184428135768994
184 185 2.023523983245292
2 190 -4.844202616288199
174 194 -3.732408358890588
186 190 1.5497853865743236
179 194 2.4719660016221714
2 182 1.0830275858277314
177 194 -0.25821891342749526
179 184 3.10674997290245
178 195 2.2275794437459226
173 191 1.3716527928075883
181 188 -3.0157253387444354
176 195 0.8122799937741847
187 191 4.844202556684481
175 191 1.103724552883528
154 188 0.35381849771398977
184 194 2.7803933118077264
178 189 0.10124748840924536
183 189 0.8122799937741847
183 192 1.8144599138640842
2 192 -4.844202616288199
2 197 -4.844202616288199
190 197 -0.33778538326100627
2 196 -4.844202616288199
2 193 -4.43612156009328
175 202 -0.8490927706325437
181 202 0.41842577919951873
177 188 -2.319517101482562
2 167 -5.53733426701854
193 197 -0.353818619728701
2 200 -4.43612156009328
196 200 1.5769599644200505
191 201 0.40219817433836536
193 200 3.3153580262671256
175 201 -0.7401649710893459
184 205 3.4370554399806776
189 195 0.07006324471763459
189 192 0.8306197427665889
188 194 -4.43612156009328
194 205 3.2060450031958343
182 211 -5.53733426701854
2 211 -5.53733426701854
181 199 1.9501526258096291
185 203 -1.7207670712436016
196 211 2.646993557188065
201 202 3.4370554399806776
188 199 -1.7207670712436016
2 208 -4.145152083743929
182 210 -4.844202616288199
186 198 3.7324082779400585
192 208 0.5336849977291656
210 211 1.6615501074318497
184 203 -2.5274489963885465
2 210 -4.844202616288199
199 202 2.5856857384930256
203 205 -2.7803933790295874
2 209 -4.43612156009328
190 198 1.471006361575077
186 204 3.2060450031958343
209 210 2.4719660016221714
198 204 0.7047961364960313
194 199 1.9501526258096291
6 212 -5.53733426701854
192 206 1.986327796610479
208 209 -0.8490927706325437
2 207 1.188767543534301
2 219 -3.732408358890588
176 212 1.3008299128497565
206 208 0.7580154487445683
187 204 0.6181436068748636
185 207 -4.43612156009328
167 219 -1.4968294629075651
176 213 3.7324082779400585
195 206 -0.17945749696390423
189 206 0.5004307185850176
200 224 -3.106750063060895
193 224 -2.7117471225450083
190 224 -2.8534722097520193
197 224 2.7803933118077264
195 213 -3.0157253387444354
77 214 -1.847139159904398
212 213 2.31951701078773
191 218 -0.0544849469084292
198 224 -0.24241052705099042
201 218 1.5497853865743236
204 224 1.9501526258096291
201 216 3.015725255756913
202 224 2.5856857384930256
195 215 1.0022628750411067
77 221 3.2060450031958343
206 215 0.5336849977291656
202 216 0.1794573777347761
214 221 -2.319517101482562
206 217 1.986327796610479
208 217 2.023523983245292
187 224 -0.618143736811748
216 224 4.436121480203944
185 205 0.982542654754837
210 220 -1.1457782950449733
196 224 -1.8144600365838361
201 227 -3.9184428135768994
199 234 -5.53733426701854
168 226 0.6010889981175147
213 215 -3.5744537730315336
209 220 -1.1037246319352672
77 226 -1.8806142848807943
209 223 -1.2327653271421226
220 223 0.40219817433836536
185 229 3.9184427168471876
217 223 -3.5744537730315336
191 224 -0.40219829746062086
218 227 -3.9184428135768994
216 227 -4.844202616288199
213 231 -1.914934325902037
215 231 1.604628978813839
211 224 2.8534721380276795
194 234 -4.43612156009328
194 228 -3.106750063060895
2 185 -4.43612156009328
77 222 -2.7117471225450083
214 222 1.1457782142804072
228 234 -2.1419841365639445
205 228 -2.7803933790295874
205 229 2.0618119072200103
2 229 -4.844202616288199
6 230 -5.53733426701854
202 238 0.652518806521984
205 234 -5.53733426701854
212 230 0.10124748840924536
215 217 -0.6010891274007599
199 238 -0.6010891274007599
224 238 2.023523983245292
77 225 -1.5230824363372633
222 225 1.1457782142804072
220 237 -0.8306198826413334
210 237 0.5504197869721676
218 224 2.2275794437459226
234 238 -5.53733426701854
221 222 -1.751313725733529
212 235 0.9629978960423582
213 235 0.6352858046593717
217 232 1.6908566753683048
210 224 -0.7047962700763302
216 241 -1.847139159904398
224 233 3.9184427168471876
77 250 -4.844202616288199
224 237 0.1637791782871667
227 241 -2.8534722097520193
233 238 2.4719660016221714
221 225 -1.3477177614522067
213 236 3.3153580262671256
215 240 -0.16377929735639296
224 245 -5.53733426701854
234 243 -3.732408358890588
205 243 -1.167151619412428
235 236 -3.0157253387444354
231 240 4.844202556684481
217 240 0.054484828546315534
213 248 -2.5274489963885465
77 246 -4.43612156009328
226 246 -0.9436227297103521
226 239 1.6615501074318497
168 239 -0.4347079946705643
231 248 3.4370554399806776
223 232 -4.43612156009328
223 237 -3.5744537730315336
224 227 -3.9184428135768994
2 167 -5.53733426701854
225 250 -1.751313725733529
223 244 -3.43705550120135
224 242 1.3716527928075883
233 242 1.0422550037182607
236 248 1.232765242543629
237 244 1.986327796610479
77 253 -5.53733426701854
205 249 0.8490926297285697
229 249 0.5504197869721676
221 250 -5.53733426701854
232 240 0.1168571278983801
232 244 2.31951701078773
250 253 1.0221648177565306
77 250 -3.43705550120135
224 241 -2.6469936768108107
2 260 -5.53733426701854
167 260 0.8122799937741847
246 250 1.9149341938214999
239 246 -2.5856858519456853
230 247 -1.1246387871621042
232 251 3.4370554399806776
212 247 1.3959338990403656
240 251 1.2778513804684322
224 244 1.0830275858277314
205 256 -3.3153581355547077
246 252 2.0618119072200103
239 252 -3.106750063060895
243 256 -2.5274489963885465
77 250 -4.844202616288199
6 254 -5.53733426701854
230 254 -1.1457782950449733
247 254 1.445594446330888
224 259 -2.22757952790676
77 258 -5.53733426701854
245 259 -1.7207670712436016
250 258 2.4719660016221714
168 252 -1.5230824363372633
238 263 -0.9244110766470177
234 263 -4.43612156009328
234 255 -4.43612156009328
205 257 -1.751313725733529
249 257 1.2551669361900215
243 255 1.1457782142804072
256 257 -5.53733426701854
235 248 -4.43612156009328
224 233 3.10674997290245
244 245 -5.53733426701854
229 262 1.7513136084096503
249 262 1.5230823357393546
259 283 -1.60462908492035
224 261 -0.0544849469084292
240 248 3.10674997290245
224 283 -2.22757952790676
233 263 0.9436225830949259
77 268 -4.43612156009328
261 283 -4.145152083743929
255 263 0.9053573740495944
255 256 -2.1419841365639445
257 262 1.210635526973574
258 268 3.015725255756913
6 264 -5.53733426701854
246 266 -3.9184428135768994
254 264 0.5672301020452246
212 254 2.31951701078773
232 272 -5.53733426701854
250 266 -5.53733426701854
244 272 -4.844202616288199
261 273 -3.106750063060895
224 273 -4.844202616288199
257 275 1.3241144775306468
252 266 -4.844202616288199
256 275 -3.43705550120135
256 270 -3.43705550120135
77 277 -5.53733426701854
245 272 2.5856857384930256
255 270 -0.5004308444200505
268 277 1.124638707269666
240 265 -0.038913137770452355
251 265 1.9501526258096291
224 269 2.8534721380276795
229 276 1.232765242543629
2 276 -3.9184428135768994
260 267 -1.8144600365838361
245 283 2.4719660016221714
233 269 3.7324082779400585
263 270 -0.7580155848378691
224 274 3.10674997290245
77 280 -5.53733426701854
269 274 2.5856857384930256
77 260 -4.844202616288199
254 282 -2.5274489963885465
212 282 -1.7207670712436016
6 281 -3.43705550120135
6 254 -4.43612156009328
235 282 -3.106750063060895
240 271 -0.867703438765498
265 271 2.2726891994400433
256 278 -4.844202616288199
77 285 -4.844202616288199
270 278 -0.9825428039459942
275 278 -3.43705550120135
280 285 2.5274488884529975
277 285 2.8534721380276795
2 284 -4.43612156009328
254 281 0.6352858046593717
248 282 5.537334267018537
251 272 -5.53733426701854
273 274 -5.53733426701854
262 276 2.4719660016221714
276 284 1.5769599644200505
168 266 -4.844202616288199
248 271 1.103724552883528
77 267 -3.9184428135768994
262 275 0.40219817433836536
258 266 -4.844202616288199
265 272 -4.844202616288199
248 293 -0.533685124626992
271 293 2.101269714871794
269 287 3.574453703354731
233 287 3.3153580262671256
245 263 -3.732408358890588
284 288 -0.25821891342749526
2 288 -5.53733426701854
2 279 1.210635526973574
254 289 0.5841188470777665
266 268 -3.2060451019615273
260 279 -5.53733426701854
77 296 -4.844202616288199
277 286 1.4968293639808472
168 292 -0.7580155848378691
281 289 -1.60462908492035
271 272 -3.732408358890588
233 245 -5.53733426701854
245 270 -4.844202616288199
280 296 2.31951701078773
268 286 1.8144599138640842
266 292 -3.3153581355547077
245 271 -5.53733426701854
282 289 2.5274488884529975
279 288 -4.43612156009328
274 300 0.7580154487445683
273 300 -5.53733426701854
267 296 2.5274488884529975
284 290 1.5497853865743236
288 290 1.9149341938214999
245 273 0.45104689322786395
245 278 -5.53733426701854
276 290 3.2060450031958343
260 296 -1.914934325902037
275 291 -0.5841189757308616
279 295 -2.368217501379304
292 297 -1.2106356105583946
168 297 -5.53733426701854
288 295 -1.3959339919795308
260 295 0.41842577919951873
248 299 0.7759821143416219
285 302 -3.9184428135768994
293 299 3.2060450031958343
277 302 -5.53733426701854
262 294 1.6908566753683048
266 277 -3.5744537730315336
266 286 -4.145152083743929
276 294 -0.21088196663715686
266 302 2.646993557188065
275 294 -0.007781779532672672
266 280 -4.844202616288199
266 285 -4.43612156009328
291 294 -1.3477177614522067
290 295 1.3959338990403656
278 291 -5.53733426701854
245 293 -5.53733426701854
290 294 -0.17945749696390423
289 298 2.418966462073592
290 301 0.6010889981175147
295 301 0.9436225830949259
282 311 -0.8490927706325437
248 311 0.8864565510992328
266 296 -4.43612156009328
289 305 -1.042255157127819
289 304 -0.9244110766470177
282 298 1.8144599138640842
298 304 2.646993557188065
295 303 -0.5504199144331001
304 305 3.7324082779400585
245 300 -5.53733426701854
301 303 1.210635526973574
260 303 2.101269714871794
298 306 -0.7940690348095123
282 306 0.45104689322786395
245 291 -2.0618119810484816
306 311 0.369896870073811
290 303 -1.6615502176829433
299 311 3.9184427168471876
245 278 -5.53733426701854
294 303 3.9184427168471876
269 300 0.9244109312539295
245 312 -3.106750063060895
245 294 -5.53733426701854
296 310 -5.53733426701854
278 312 -1.7825320036768968
266 310 1.7825318837304605
260 307 -2.9316434205780437
296 309 -3.5744537730315336
245 299 -5.53733426701854
303 307 -2.7803933790295874
296 307 1.0830275858277314
303 308 -3.2060451019615273
307 308 2.184051378192568
309 310 -0.2899342369326745
245 287 -5.53733426701854
296 313 -5.53733426701854
245 269 -5.53733426701854
309 313 0.1794573777347761
303 317 -3.2060451019615273
308 317 0.8864565510992328
308 314 -2.5856858519456853
307 314 -3.732408358890588
296 314 -3.3153581355547077
313 314 0.652518806521984
294 324 -4.844202616288199
308 315 -2.1012697910023577
309 328 -3.732408358890588
304 306 -0.5672302300910688
245 324 0.03891301945135828
314 315 0.7047961364960313
305 318 2.5856857384930256
304 318 1.124638707269666
306 323 0.982542654754837
306 318 3.015725255756913
311 323 1.880614156109223
294 316 0.9436225830949259
303 316 0.369896870073811
292 319 0.5004307185850176
297 319 -2.418966560561031
316 317 -2.0618119810484816
310 328 -4.844202616288199
266 319 -5.53733426701854
299 326 -5.53733426701854
317 322 1.0022628750411067
308 322 -0.6872706606037844
313 328 -2.418966560561031
245 326 2.0618119072200103
315 322 -0.19515772478657212
305 320 2.2726891994400433
305 323 -1.083027742309897
294 321 -1.167151619412428
316 321 1.0221648177565306
318 323 -0.36989699244014895
321 324 -3.3153581355547077
313 330 -4.844202616288199
328 330 1.0022628750411067
313 315 -1.5769600686022973
315 330 -4.145152083743929
315 325 -0.9436227297103521
311 326 -5.53733426701854
322 325 1.0022628750411067
325 330 1.4968293639808472
305 323 0.5841188470777665
245 311 -5.53733426701854
266 328 -4.145152083743929
320 323 -0.32179504083642385
316 333 -2.1419841365639445
321 333 -3.9184428135768994
322 333 -4.844202616288199
322 327 1.0221648177565306
319 332 -3.9184428135768994
297 332 2.7117470592609445
245 323 -5.53733426701854
325 327 -0.22663222628581936
324 329 1.6908566753683048
245 329 -0.0544849469084292
324 333 2.2726891994400433
322 331 1.6615501074318497
327 331 -0.14812115655181013
327 334 -0.07006336313715722
325 334 -1.2551670218420983
322 336 0.19515760538251437
330 335 1.0625402297313233
328 335 2.0618119072200103
333 336 -5.53733426701854
331 336 0.48390574875928927
329 333 1.445594446330888
331 334 -1.083027742309897
330 334 -3.2060451019615273
331 337 0.9053573740495944
334 337 0.22663210648628773
330 340 1.3716527928075883
334 340 -2.023524054927849
328 330 0.9244109312539295
336 337 -0.5672302300910688
333 339 1.3959338990403656
334 338 -0.6872706606037844
336 339 -5.53733426701854
337 338 1.210635526973574
338 340 1.471006361575077
336 343 -4.145152083743929
337 343 -1.7207670712436016
329 342 -2.1012697910023577
333 342 -3.2060451019615273
266 341 -3.0157253387444354
245 342 -4.844202616288199
333 344 0.6698459156176995
342 344 -1.6615502176829433
339 345 -1.4455945421327967
344 345 -0.9629980439232386
338 343 -3.3153581355547077
328 340 -0.19515772478657212
338 346 -1.0221649697100497
343 346 0.03891301945135828
340 347 -1.6615502176829433
328 347 -2.319517101482562
266 348 -0.4347079946705643
341 348 1.0625402297313233
245 349 -0.16377929735639296
342 349 -1.986327866288225
339 343 -0.722426472174637
339 353 0.6872705278045488
344 349 -0.6010891274007599
345 353 -3.0157253387444354
343 353 0.7940688968903633
266 348 -0.8864566941706382
344 350 0.8306197427665889
349 350 0.9436225830949259
345 350 -1.083027742309897
338 355 -3.43705550120135
346 355 -1.2106356105583946
340 355 -3.9184428135768994
345 351 -1.690856787854381
328 352 1.7825318837304605
350 351 1.0422550037182607
351 353 0.8677032967963991
347 355 -1.8806142848807943
266 352 -4.145152083743929
346 354 0.6010889981175147
353 354 0.242410407030617
354 355 -0.10124760698692858
349 358 -3.9184428135768994
347 352 -0.7047962700763302
350 358 -3.0157253387444354
352 355 -3.732408358890588
266 356 -4.844202616288199
319 356 1.6615501074318497
351 358 -4.43612156009328
353 357 0.22663210648628773
354 357 1.5230823357393546
245 358 -5.53733426701854
355 357 0.40219817433836536
332 356 -4.43612156009328
266 360 -1.60462908492035
356 360 0.8864565510992328
245 351 -1.1887676261434261
348 361 -1.3008300007371676
266 361 -2.1012697910023577
245 353 1.0625402297313233
360 361 0.2899341161553104
352 359 0.41842577919951873
355 359 -3.5744537730315336
266 359 -3.3153581355547077
359 364 -2.0618119810484816
266 364 0.1481210376275779
348 362 -1.3008300007371676
266 362 -3.2060451019615273
361 362 -0.16377929735639296
356 363 0.982542654754837
332 363 -2.4719661045957224
360 363 0.6181436068748636
360 370 -1.324114566604422
363 370 -1.60462908492035
361 370 -4.844202616288199
353 366 1.986327796610479
357 366 1.9501526258096291
362 370 -2.319517101482562
355 368 -4.844202616288199
359 368 -0.4510470176203887
363 365 0.7759821143416219
355 366 1.880614156109223
365 370 -4.844202616288199
364 369 2.418966462073592
363 367 -1.751313725733529
332 367 2.93164334365634
359 369 -2.8534722097520193
365 367 -2.7117471225450083
245 371 -5.53733426701854
353 371 -5.53733426701854
368 369 -4.844202616288199
266 372 0.21088184704301205
332 365 -3.9184428135768994
266 373 -4.844202616288199
362 373 0.8864565510992328
372 373 -0.7580155848378691
245 377 2.023523983245292
368 374 1.232765242543629
369 374 -3.9184428135768994
371 377 -4.145152083743929
245 353 0.9053573740495944
245 371 -3.732408358890588
370 373 -3.5744537730315336
374 378 0.1637791782871667
369 378 -3.43705550120135
364 378 -3.0157253387444354
355 375 -5.53733426701854
368 375 1.347717671142901
374 376 0.9053573740495944
373 379 -0.2899342369326745
370 380 -1.914934325902037
353 355 -0.08565028243590467
368 376 0.7401648358628796
376 378 1.103724552883528
370 379 -0.353818619728701
365 380 0.38602265684584536
266 373 -1.986327866288225
375 376 0.40219817433836536
266 379 -1.6615502176829433
245 381 -4.145152083743929
353 381 -4.145152083743929
355 381 -4.844202616288199
332 380 -2.2726892867301896
378 382 1.7513136084096503
364 382 -2.5274489963885465
375 383 -2.4719661045957224
376 383 -2.8534722097520193
382 384 2.7803933118077264
364 384 -3.0157253387444354
382 383 -2.418966560561031
266 384 -4.43612156009328
332 385 3.015725255756913
380 385 -2.1840514594677467
245 388 1.232765242543629
383 386 0.8677032967963991
382 386 -1.167151619412428
381 388 -4.145152083743929
384 386 -0.722426472174637
375 386 -2.2726892867301896
245 387 3.7324082779400585
355 388 2.368217406966919
380 389 0.9436225830949259
370 389 -2.5274489963885465
355 390 -5.53733426701854
375 390 2.7803933118077264
332 380 -1.986327866288225
388 390 -5.53733426701854
386 390 -3.0157253387444354
332 389 -0.3860227795812654
266 386 -1.690856787854381
