MULTICUT
0 2 2.31952
1 2 1.52669
1 63 0.0779389
2 3 4.63903
2 4 11.3911
2 5 2.31952
2 6 0.758015
2 7 -5.53733
2 8 -11.0747
2 9 -11.0747
2 11 -11.0747
2 12 -5.53733
2 13 -4.43612
2 14 -11.0747
2 15 -15.1903
2 16 -9.28032
2 17 -5.53733
2 18 -5.53733
2 19 -4.43612
2 20 -8.44171
2 22 -2.60384
2 23 -11.0747
2 24 1.67596
2 32 -4.8442
2 36 -4.14515
2 37 -5.53733
2 42 -2.52745
2 43 -5.53733
2 44 0.151424
2 47 -4.43612
2 54 -4.14515
2 63 1.97139
2 68 -17.851
2 105 -10.3815
4 63 0.233817
5 14 -10.3815
6 105 -5.53733
7 11 0.320673
7 21 -1.83493
7 27 -0.33848
7 29 -0.799068
7 31 -0.961997
7 32 -0.710647
8 9 0.902005
8 10 3.78276
8 14 4.15869
8 33 -0.168388
8 55 1.17535
8 56 0.155392
8 64 -0.220006
8 65 -0.0100598
8 87 0.737542
8 90 -0.00258725
8 93 0.201829
9 10 0.990001
9 12 -4.59236
9 20 3.43706
9 33 -1.07651
9 45 -5.71991
9 65 -0.0193503
9 90 -0.00127529
10 33 -0.355532
10 65 -0.0230005
11 21 -0.0286096
11 23 -5.54687
11 29 -0.0178096
11 31 -0.0178096
11 32 -0.343423
12 20 -0.867703
13 15 0.142624
13 18 0.767451
14 19 -0.207943
14 28 -11.688
14 32 -1.95932
14 48 0.108254
14 56 0.0513427
14 61 -0.982543
14 64 -0.020506
15 16 -0.0127787
15 18 2.01548
15 34 0.372529
16 18 -0.0127351
16 20 0.17057
16 26 -4.60418
16 33 -5.12098
16 34 -0.0510276
17 18 8.83772
17 25 -0.0278748
17 36 5.02504
17 40 0.553395
18 25 0.130631
18 34 0.887948
18 35 5.27305
18 39 2.29314
18 40 0.168072
19 32 0.415886
20 26 -6.94372
20 33 -5.53733
20 45 -1.51927
21 23 -3.17676
21 31 -0.116857
21 32 -0.00629054
22 23 -3.31536
23 31 -20.355
23 42 -2.31952
24 37 -2.64699
24 44 0.0591042
24 63 0.0530617
25 35 0.605458
25 36 0.0167361
25 40 -0.304237
25 59 -0.608101
26 33 -1.75131
27 32 1.86732
28 30 4.3901
28 32 0.88062
28 48 -1.56597
28 49 0.674462
28 50 2.38223
28 53 4.02592
28 83 -0.00906233
29 31 0.227205
29 32 0.914649
30 32 1.55247
30 49 3.63864
30 53 4.10362
30 80 -0.123425
30 83 -0.0181247
31 32 1.36361
31 38 6.82333
31 42 -0.00040618
31 47 0.0517115
31 79 -0.555041
32 38 8.88348
32 49 0.992481
32 75 1.4392
32 79 -0.300974
32 80 -1.52308
32 88 -1.39593
33 34 -3.20605
33 41 -0.0249082
33 45 -5.36583
33 55 0.0641303
33 57 -8.74338
33 64 -0.021406
33 65 0.0320178
33 72 -0.0544973
33 76 0.383374
33 87 0.483992
33 90 0.0163407
33 91 0.079615
33 93 0.283746
34 35 0.27654
34 39 1.06792
34 41 -7.80575
34 51 -0.0176381
34 57 0.714308
34 58 -5.16682
35 39 0.427436
35 51 -1.4694
35 59 -0.294373
35 62 -0.0490385
36 37 -9.61241
36 40 0.0116926
36 60 -4.27925
37 44 -2.14198
37 46 0.977824
37 52 0.517023
37 60 -0.236515
37 66 0.937534
38 47 0.183834
38 75 0.625508
38 79 -2.33891
39 51 -0.0353228
40 59 0.729175
40 60 -0.163779
40 66 -0.35981
41 57 -4.94818
42 47 -0.153179
43 68 -1.98633
43 77 0.73055
43 84 0.000402181
43 105 -3.78236
44 52 -14.8177
44 63 1.89339
44 67 -5.53733
44 81 -17.1754
44 89 -18.7942
44 92 -7.16088
44 95 -3.91844
46 52 9.60965
46 60 -0.123187
46 66 0.0868345
46 85 -0.099022
47 54 -4.20716
47 69 -0.57021
47 79 -0.487876
48 53 -0.228114
48 61 -2.02352
48 64 -0.0228191
49 80 -1.49683
50 53 0.740111
51 58 -3.43706
51 62 -0.210882
51 70 -0.0208273
51 71 0.177669
51 74 -4.1019
52 67 1.47101
52 81 -2.31952
52 85 -0.0452619
52 109 -4.8442
53 64 3.85004
53 80 -0.246843
53 82 2.43218
53 83 -0.0237221
53 88 -0.00694003
53 103 -0.345681
54 68 -8.41866
54 69 2.70065
54 102 -4.38493
54 114 -9.68841
54 117 -14.8177
54 130 -4.8442
54 135 -4.8442
54 146 1.12464
55 56 0.0485942
55 64 -0.040539
55 65 0.0071055
56 61 -5.53733
56 64 -0.418981
57 58 -0.268247
57 72 -6.03145
57 73 -3.91844
58 73 -5.53733
58 74 0.148121
59 62 1.42583
59 66 -1.68586
59 96 -0.324088
60 66 -0.679617
61 64 -4.02175
62 70 -3.228
62 96 0.348778
63 92 -8.76265
63 97 -5.53733
63 98 -16.2199
63 104 -14.4096
63 115 -4.8442
63 116 -3.73241
64 65 -0.010703
64 83 -3.89149
64 87 -3.45957
64 88 -0.00169263
64 93 -0.0197839
64 103 -0.660163
65 90 -0.00129363
66 85 1.49199
66 96 0.393886
66 106 -7.34466
68 77 -2.06181
68 86 -10.3815
68 99 -2.64699
68 102 -0.83062
68 113 -1.49683
68 117 -4.8442
69 78 1.76303
69 79 0.129439
69 114 -13.3132
70 71 -2.15008
70 96 -0.956505
70 101 5.33392
70 106 -1.21064
70 138 -5.53733
71 74 -2.33197
71 101 -1.92893
72 73 -1.5992
72 76 -0.823722
73 74 -6.8569
73 76 -0.0231043
73 91 -0.123725
73 107 -4.43612
73 110 -3.73333
73 112 0.26588
73 119 -0.386023
74 101 -5.41527
74 112 -6.41779
75 78 -0.943709
75 79 -0.849093
75 88 -1.52903
76 90 0.0176343
76 91 0.079615
77 84 0.481479
77 86 0.688707
77 105 -0.232509
77 121 0.0354321
77 145 -0.142861
78 79 2.67764
78 88 3.34082
78 94 2.41522
78 114 -5.53733
78 124 -4.8442
78 131 -8.31773
78 140 -5.58805
80 88 -0.0766355
81 89 4.96444
81 95 0.669846
81 109 0.867703
81 139 -1.18877
81 147 -20.6836
82 83 0.0110273
82 88 1.6901
82 103 -0.173378
82 111 3.03996
83 88 0.0171443
83 103 1.28001
83 111 0.00983444
83 153 -0.000817157
84 105 0.604522
84 144 -13.2595
84 145 -0.703731
85 106 -2.93164
85 109 -13.4255
86 99 1.0885
86 121 0.0822921
86 145 -0.0636757
87 90 -0.00129363
87 93 1.69547
87 103 3.81136
88 103 0.0067337
88 111 1.2027
88 132 -1.39593
88 136 -17.7894
88 140 -4.8442
88 152 -5.53733
88 153 0.00122868
88 160 -3.91844
88 165 -0.584119
88 171 -9.11179
88 179 -0.943623
88 183 -1.44559
89 92 2.07335
89 95 4.71418
89 118 0.281903
89 122 0.580189
89 139 -7.67647
89 142 5.04394
89 170 -0.248975
89 176 -4.05692
89 185 -1.57696
90 91 1.65504
90 93 -0.0350754
90 100 -1.88061
91 93 -0.0412837
91 100 -16.614
91 107 -8.98936
91 108 -7.02827
91 127 -1.06254
92 104 3.09903
92 118 0.938177
92 122 5.82169
93 100 -0.913561
93 103 2.79351
96 106 -5.41143
97 98 2.12391
97 104 0.683762
97 115 10.4104
97 162 5.17653
97 184 5.98644
97 186 5.21959
97 194 2.34301
97 197 -0.245318
97 205 1.57385
97 215 -6.90809
97 219 -5.01588
97 233 -4.8442
97 240 -2.10127
98 115 1.6382
99 113 -1.59314
99 117 -17.8569
99 121 0.877843
100 103 -3.95879
100 127 -1.02216
100 151 -2.06181
101 112 0.81228
101 126 -5.43557
101 138 -3.20605
101 154 -2.36822
102 117 -9.28032
103 137 -2.76573
103 141 -3.01573
103 143 -2.04603
103 151 -4.8442
103 153 -0.00041157
103 156 -8.12302
103 164 -6.8569
104 115 2.28598
104 116 0.914829
104 122 1.39593
104 148 3.71594
104 162 2.61655
104 189 -0.179458
104 197 -0.414191
104 205 0.304536
104 210 -2.71175
105 144 -6.55089
105 150 -2.36822
105 178 -4.8442
105 285 -1.60463
106 109 0.179457
106 123 -9.68841
106 134 -2.02352
106 138 -0.849093
107 108 -6.20696
107 119 -1.64666
107 127 -2.93164
107 128 -2.78039
107 151 -2.31952
108 127 -1.75131
109 123 -4.8442
109 129 -16.612
109 147 -3.73241
110 112 -0.53176
110 119 -0.289934
110 120 -1.22546
110 125 -0.418426
110 133 -0.81228
110 149 -3.57445
112 125 -9.16405
112 126 -6.22177
112 154 -4.8442
113 117 -2.47197
114 124 0.00161842
114 135 -4.18446
115 116 2.27269
115 162 0.484099
115 197 -0.0989237
117 121 -6.59018
117 130 -2.26011
117 168 -0.83062
117 169 -13.3799
118 122 0.908209
119 120 -1.16715
119 128 0.0700632
120 128 -2.06181
120 149 -1.63282
121 145 -2.32658
121 158 -2.45355
121 167 -3.91844
121 168 -4.43612
121 173 -3.31536
121 178 -4.14515
122 148 2.89718
122 170 -1.13728
122 188 -1.84714
123 129 3.08479
123 134 0.636142
123 138 4.55297
123 154 -0.17378
123 177 0.971834
123 216 0.435993
123 221 4.75615
123 225 0.260211
123 238 -0.0779696
123 280 -0.0237484
124 131 -2.80379
124 135 -0.0300868
124 160 -2.93164
125 133 -0.787385
125 138 -0.0538551
125 149 -8.16853
125 154 0.0750528
126 154 -2.85347
127 151 -4.43612
128 149 -3.20605
128 151 -3.31536
128 157 -2.36822
129 147 -3.85739
129 174 0.0528122
129 203 1.82402
129 222 -0.00949576
129 225 -0.00474788
130 146 -3.10675
130 169 -4.33752
131 140 -1.00226
131 160 -3.4304
132 171 -2.93164
133 149 -3.43706
134 138 0.740165
135 146 -3.73241
135 160 -5.69227
136 152 -4.7683
136 161 -10.9403
136 183 -1.88061
137 141 -1.87031
137 164 -5.86329
138 149 -2.18405
138 154 -0.519386
138 177 4.60839
139 142 -0.0184834
139 147 -2.27269
139 155 -6.19475
140 160 1.00226
141 151 -3.71512
141 164 -3.20605
142 155 -6.37273
142 176 -3.04777
143 156 -1.14578
144 145 -1.54979
144 150 -1.02216
144 167 -1.57696
144 178 -7.46051
145 167 -0.669846
146 159 -4.02579
146 160 -3.91844
146 169 -7.87318
147 155 2.08681
147 166 0.382638
147 174 -0.0667387
147 175 -0.540804
148 188 -1.57696
148 189 -1.12464
149 157 -0.0544849
149 177 -3.63116
150 178 -2.02352
151 157 0.00594645
151 164 0.499472
151 172 -14.0022
151 177 -0.672684
151 180 -0.00368685
151 192 0.704796
151 213 -5.53733
152 153 -7.95095
152 161 2.74689
153 156 -4.43612
153 161 -9.68249
153 164 -9.28032
153 207 -0.681069
153 208 -0.0251444
155 166 0.957721
155 175 -0.0372313
155 176 0.0855
155 181 -0.165233
156 164 -1.30083
157 177 -0.000379585
158 173 -0.00240918
158 178 -2.95622
159 160 -4.14515
159 163 -2.29956
159 169 -4.43612
159 200 -2.14746
159 206 -0.584119
160 163 -15.4267
160 165 -5.19237
160 195 0.452174
160 198 -5.05539
160 206 0.562071
161 183 -5.53733
161 201 -2.93164
161 202 -0.472427
161 208 -2.18405
162 197 -0.296771
163 206 -9.28032
164 180 -0.757286
164 190 3.73241
164 207 4.47019
165 171 -6.09575
165 196 -4.02015
165 198 -0.210882
166 175 -0.506827
166 181 -0.886457
167 178 -2.01562
168 169 0
168 173 -0.0341246
168 182 -0.532744
169 182 1.52308
169 200 -1.72547
170 185 -1.62654
170 188 -0.905358
170 204 -2.41897
171 179 -5.53733
171 196 1.04226
172 180 -0.687271
172 190 -4.43612
172 192 -2.64699
173 178 0.00990739
173 182 0.0101782
174 175 0.80402
174 199 -5.46058
174 203 0.0671055
175 181 -0.816298
175 193 0.924411
175 199 -13.0933
175 209 5.87541
175 226 1.66155
175 247 1.2807
176 181 -2.98887
176 185 -0.533685
176 191 -4.41002
176 193 -5.53733
176 211 -1.95015
177 213 -12.0811
177 216 2.14157
177 238 0.0130407
177 246 -1.12654
177 250 -0.0468775
177 257 0.0621489
177 266 0.0260813
177 269 0.0366459
178 182 2.92829
178 200 -3.41535
178 227 3.41092
178 228 -1.04759
178 285 -2.47197
179 183 -1.32411
179 187 -6.09575
179 196 -2.47374
179 234 -2.78039
180 190 -0.704796
181 193 -2.22174
182 200 -1.95117
183 187 -4.68773
183 201 -0.023346
184 219 -3.87517
184 232 -5.53733
184 240 -1.91493
185 204 -2.43327
185 211 -1.98633
186 219 -1.63282
187 201 0.038913
187 212 2.75857
187 234 -0.105703
187 236 -0.56964
188 189 -0.451047
188 204 -1.91493
189 204 -2.41897
189 210 -3.33551
190 192 9.62815
190 207 5.15782
190 242 3.73241
190 243 9.07023
190 245 4.14515
190 249 4.43612
190 256 4.14515
191 193 -3.01573
191 209 -4.33142
191 211 -1.00226
192 213 -16.612
192 243 3.01573
193 209 3.5525
194 205 0.210882
194 215 -6.89661
194 230 -1.25517
194 237 -1.54979
195 206 1.49649
196 198 5.18837
196 234 -3.83798
196 236 -3.63715
197 205 -0.134713
197 210 -4.12479
197 230 -1.44559
197 237 -2.52745
198 206 -0.728099
198 220 1.22087
198 236 -5.71644
199 203 -2.22758
199 231 -0.027495
199 239 2.15298
199 247 -11.9594
200 206 -0.258219
200 217 -0.726791
200 218 -0.582444
200 228 2.02352
200 229 -10.5248
201 202 -0.0130672
201 212 0.10862
202 208 -0.357754
202 212 -0.282168
202 214 -1.20059
203 222 -0.0278882
203 231 -2.27269
204 210 -0.369897
204 211 -2.54814
205 230 -1.63282
206 218 0.22923
206 220 -0.324981
206 223 -0.133462
206 224 0.362434
207 208 2.00022
207 212 -2.85347
207 214 -2.78821
207 236 4.43612
207 242 4.43612
207 245 7.02519
208 214 -0.154215
209 211 2.52745
209 226 7.73197
210 211 -2.52745
210 237 -1.04226
211 226 0.794069
211 235 -11.1972
211 237 0.635286
212 214 1.49199
212 236 -1.7005
213 243 -10.3815
213 246 5.67786
213 277 -9.28032
213 293 -4.43612
213 294 -5.53733
213 300 -11.0747
213 303 3.27405
213 318 -5.53733
213 323 -0.0660321
213 326 -0.132064
215 233 -5.47256
215 237 -3.74339
215 241 -1.60463
216 221 1.43332
216 238 -0.0107632
216 246 -0.619981
216 250 0.716658
216 257 0.0557971
216 266 -0.00538152
216 269 0.0181865
217 218 7.1774
217 229 4.14515
218 220 -2.36822
218 223 -1.64785
218 224 0.00806934
218 229 8.1968
218 236 4.43612
218 252 9.40613
218 262 14.3224
218 272 2.41618
218 282 1.20849
219 232 -9.8829
219 233 -3.20605
220 224 -0.899988
220 236 -6.75564
221 238 -0.577323
221 250 2.90539
222 225 0.155186
222 231 -4.43612
222 238 0.0805394
222 280 0.0901702
223 224 -0.155346
225 238 4.55865
225 280 1.11589
226 235 -2.02352
226 247 1.30488
226 251 -16.6242
226 264 -9.68249
226 274 -4.8442
227 228 -1.76277
227 229 7.3555
227 260 1.52308
227 285 -4.13232
228 229 -1.47101
229 252 4.14515
229 260 6.71585
229 272 3.43706
229 276 3.10675
230 237 -1.49683
231 238 -5.43014
231 239 -4.46581
231 259 -5.53733
231 280 -2.23799
231 291 -3.57445
231 301 -5.53733
232 233 -2.37779
232 240 0.121945
232 248 -1.21185
233 237 3.10675
233 241 2.71175
233 248 3.06479
233 253 -6.44416
233 258 2.57787
233 261 -3.43706
233 265 -0.175187
233 267 -3.25143
233 268 2.52611
233 289 0.0793232
234 236 2.95774
235 237 -0.100315
235 244 1.97886
235 251 3.65331
235 253 0.192572
235 271 1.11022
235 281 -0.0782435
235 292 -0.160034
235 305 -1.27485
235 317 -1.0935
236 245 6.74813
236 254 6.24403
236 255 3.57445
236 262 3.36497
236 275 8.16853
236 278 3.31536
236 282 3.91844
236 296 6.83916
236 306 -1.47101
236 314 -0.635286
236 320 -2.18405
237 244 -0.0979881
237 253 -15.8951
237 261 -1.98633
238 250 -0.77111
238 266 3.15742
238 280 2.13329
238 291 -11.9687
239 247 -4.43612
239 259 -13.7059
239 270 1.32411
240 248 -0.24389
240 268 0.00509597
242 245 3.20604
243 249 3.73241
243 273 5.99342
243 277 8.64331
244 253 0.0956617
244 281 0.0153943
245 249 8.08304
245 255 4.43612
245 256 9.45663
245 275 8.77498
245 299 -4.43612
246 257 -0.0644308
246 263 1.37165
246 266 -0.172797
246 288 -4.43612
246 294 -10.3815
247 259 1.10129
247 274 -3.91844
248 268 0.255845
249 256 7.46482
249 273 7.37642
249 283 7.70821
249 299 -5.82257
250 257 -0.187226
250 266 -4.1266
250 269 -1.67626
251 264 -1.88061
251 274 -9.09119
251 279 -1.00226
251 281 -0.391862
253 261 4.75503
253 265 4.67681
253 267 3.16381
253 271 2.77027
253 281 0.0307886
253 290 -0.206802
253 297 0.844317
253 305 -0.0536806
253 317 -0.312943
257 263 -0.162881
257 266 1.22424
258 265 -0.0880566
258 267 -1.73009
259 270 -4.8442
259 274 -4.8442
259 301 1.23277
259 302 -6.8569
260 276 6.46807
260 285 -0.0307269
262 282 10.0025
263 266 -2.77514
263 288 -4.43612
264 274 0.210882
265 267 7.06691
265 268 -0.385156
265 287 1.69176
265 289 -4.25621
265 290 -0.0523099
265 297 3.83894
265 317 -0.298212
265 343 -0.0765647
265 371 -0.533685
265 381 0.702008
266 269 4.06026
266 288 -11.0747
266 291 -4.14515
266 295 -9.97346
266 310 -5.53733
266 311 -4.8442
266 315 1.51651
267 268 -0.346024
268 287 -0.70331
268 289 3.21302
268 297 -0.0382823
268 381 -0.0560079
271 281 0.0153943
271 290 -0.151325
271 305 -0.023288
271 317 -0.49017
272 276 8.50269
272 282 9.41366
272 286 1.63282
273 277 2.31952
273 283 3.70147
274 279 -0.426302
274 284 -3.52207
274 302 0.213464
274 308 -0.537521
274 309 1.10643
275 278 2.10127
275 299 -2.93164
275 306 -4.8442
275 314 -14.8177
276 282 3.73241
276 285 -0.0111503
276 286 2.02352
276 312 5.79906
276 319 4.86165
276 337 7.45185
276 367 3.31536
276 377 0.195158
277 283 3.3152
277 293 2.36822
277 299 -0.0981167
277 300 3.10964
279 281 3.16085
279 284 0.171274
279 292 -0.972185
279 309 -0.0415545
280 291 -12.7433
281 284 0.0424013
281 292 -1.51589
281 309 0.0103163
282 296 11.3817
282 298 15.2453
282 319 9.04988
282 330 1.78253
283 299 -1.7181
283 300 0.374653
284 309 -0.0990292
287 289 -3.99675
288 294 2.05174
288 295 0.163779
288 304 -9.57912
288 313 -0.717464
289 371 2.42547
289 383 -0.517023
290 297 -0.103094
290 317 6.31032
291 301 4.57351
291 311 1.50934
291 362 -0.101566
292 305 1.07778
292 309 0.238452
292 316 1.31408
292 344 -0.853305
292 351 0.877245
292 360 -3.5753
293 300 2.27269
294 303 -3.91844
294 313 -0.98889
294 323 -0.289934
294 327 -4.8442
295 304 -7.42043
295 307 0.451047
295 310 -1.14578
296 298 4.71238
296 320 -10.5996
296 321 3.23516
296 324 5.85602
297 317 -0.636121
297 336 -1.75777
297 343 -0.153136
298 324 10.591
298 330 2.27269
298 332 2.36822
298 374 4.76948
298 405 2.0604
299 300 0.421946
299 314 -0.0730206
299 322 3.43047
300 322 3.07159
300 326 -3.57445
301 302 -4.8442
301 311 4.87712
301 325 7.38619
301 335 -2.88885
301 347 -1.52308
301 362 -0.354249
302 308 -0.852982
302 309 0.852109
302 325 -4.8442
303 318 -6.59552
303 323 -3.59207
304 307 -0.4863
304 310 -3.57445
304 313 -1.05097
304 328 0.314853
304 331 3.56983
305 317 0.281726
305 351 0.0915102
305 364 0.19291
305 372 -3.76563
306 314 2.58569
308 309 -2.20238
309 316 0.613128
309 329 1.17934
309 333 -0.25576
310 315 -9.97346
310 328 -13.8276
310 334 -6.63072
310 342 -4.77878
310 359 -0.163779
311 315 -10.3815
311 335 -2.41897
311 341 -5.53733
311 347 -4.14515
311 355 -0.311413
311 362 -0.335438
313 327 -2.72022
313 331 -1.47393
313 349 0.284928
313 354 0.414152
313 376 2.32329
314 320 2.78039
314 322 -0.589208
314 338 0.0252589
314 339 9.90328
314 358 5.46823
314 365 4.43612
314 369 7.45416
314 380 0.215563
314 394 -0.333255
314 398 2.64699
314 411 7.23071
314 415 1.07325
314 432 3.83514
314 447 0.26829
314 451 2.00058
314 474 -4.8442
314 481 -3.86275
315 334 -0.416658
315 341 0.260078
316 333 -2.00068
316 344 -0.11314
316 360 -1.30083
317 336 -0.116857
317 363 -5.53733
317 372 -6.35485
317 373 -11.0747
318 323 -2.62674
319 330 3.73241
319 332 2.65351
319 337 2.71175
319 352 4.43612
319 357 8.6044
320 321 -2.41897
320 338 4.85862
320 345 -0.93833
320 348 -0.0927706
321 324 5.62501
321 345 -11.0747
321 353 -5.53733
322 326 -2.71175
322 340 1.8815
322 394 1.004
322 402 -1.02755
323 326 0.693723
323 327 -3.73241
323 346 -5.92768
323 361 -1.51977
323 368 -1.43421
324 353 -11.0747
324 375 5.51644
324 387 10.8976
324 405 3.91844
324 409 2.85347
324 437 4.46534
325 329 -5.53733
325 347 -1.77553
325 350 -1.25478
325 356 -0.954282
325 360 -0.147072
326 340 -6.77855
326 346 -5.23268
326 370 -0.0839106
326 389 -0.215923
327 354 -2.52745
327 361 -2.78039
328 331 2.13145
328 342 -1.18877
328 349 -2.47197
328 359 -1.39593
328 376 -1.81446
329 333 -0.228468
329 350 -0.456936
330 332 1.57696
331 349 -1.13522
332 352 6.53739
332 357 3.31536
332 374 6.93845
332 399 10.5646
332 405 8.68101
332 438 2.47197
333 350 1.46762
333 360 4.24013
333 366 -0.59407
334 341 -0.234017
334 355 0.0238013
334 359 2.64699
334 362 5.77909
334 376 1.77272
334 406 4.83105
334 410 0.353819
335 347 1.34772
336 343 6.41888
336 363 -5.53733
337 357 4.53584
337 377 7.15947
337 396 3.01573
337 399 4.80013
337 421 0.905357
337 450 0.0440737
338 345 0.0499014
338 348 0.0500728
338 369 1.02625
338 378 0.930343
338 380 0.703188
338 388 0.226002
339 369 2.39617
340 389 -0.557032
340 402 -3.81777
340 415 -1.08303
340 416 -0.55042
341 355 -0.0865882
341 362 -0.197574
342 359 -0.451047
343 363 -4.8442
343 373 -10.3815
343 381 -0.849093
343 392 -11.0747
343 401 -8.58127
343 424 -0.740165
344 360 1.60141
345 348 0.0174025
345 353 -1.49664
345 380 0.163444
346 368 -1.25517
346 370 -2.02352
347 356 1.88777
347 360 0.137177
347 362 -3.34908
347 379 0.208895
347 382 -0.0565465
347 384 4.54921
347 385 0.439375
347 400 0.14491
347 410 -0.00610133
347 412 -0.137787
347 420 -0.000902288
348 380 0.304193
349 376 1.83827
350 360 0.230746
350 366 -0.3529
351 360 -2.90259
351 364 0.053106
353 380 -0.26767
353 387 -5.53733
353 409 -5.53733
353 414 0.0995421
354 376 3.00139
355 362 0.388372
356 360 1.48995
356 379 0.313301
356 385 4.7791
356 412 -0.0044211
357 399 10.5469
357 450 0.112948
359 376 5.17444
360 364 -0.0507432
360 366 -5.53733
360 385 6.58736
360 395 6.4244
360 418 4.06452
360 419 1.5716
360 426 0.0208037
360 439 0.0515253
361 368 -0.511545
361 376 -0.369897
362 384 -3.20605
362 385 0.00599295
362 400 -1.49683
362 410 6.6065
363 373 6.97092
364 395 -0.0416874
364 403 -2.43456
367 377 1.12464
367 423 1.04226
368 370 0.00778166
368 376 2.85347
368 389 4.46392
368 393 4.94135
368 397 2.85347
368 407 3.30119
369 380 0.937839
369 388 0.137486
369 411 0.240513
370 389 0.167821
371 381 -3.01573
371 383 -2.11082
372 373 -0.794069
372 386 1.48499
372 403 -1.11621
372 404 -0.704249
372 417 -2.06721
373 386 -5.63627
373 392 12.7732
374 405 2.59309
376 390 3.83583
376 391 5.08661
376 397 7.1096
376 406 4.14515
376 408 2.71175
376 413 7.44362
376 449 0.13129
377 396 6.22262
377 423 8.07401
377 445 -0.014171
378 380 0.0241389
380 388 0.256687
380 409 -11.0747
380 411 0.666164
380 414 -14.5267
380 444 -5.53733
380 457 -5.53733
380 477 -15.5108
380 479 -7.6246
380 486 -5.53733
380 496 -5.53733
380 500 -1.06254
380 516 -3.43706
381 383 -9.26974
381 401 -3.20605
382 385 -2.47851
382 412 -1.27406
383 401 -0.0856503
384 400 0.0957791
384 412 -0.0346293
385 410 0.0273318
385 412 0.364703
385 418 2.64699
385 420 5.41159
386 392 -4.83019
386 417 -11.1615
387 409 10.4972
389 393 2.92105
389 397 7.87756
389 407 2.58569
389 416 -5.53733
389 429 -13.0285
389 434 3.20604
392 417 4.04293
392 424 -3.31536
392 431 -0.443406
392 435 1.84037
394 402 -1.13619
394 415 -0.536671
395 403 2.24421
395 419 3.01573
395 422 6.93688
395 427 1.30083
396 399 1.97966
396 421 3.40015
396 423 1.67365
396 441 0.0709491
396 443 3.26798
396 450 0.0423996
397 407 2.22758
397 413 3.06801
397 434 2.46803
397 449 8.1192
397 470 0.0274977
397 485 1.53605
397 491 0.0972356
399 421 1.87086
399 433 2.20658
399 438 3.59672
399 443 1.75881
399 450 1.80152
399 462 0.276994
399 488 3.10675
399 494 2.87483
399 506 2.34618
400 410 -2.03029
400 412 -0.820528
401 424 -0.886457
401 428 7.04964
402 415 3.03873
403 404 1.98981
403 417 0
403 422 2.04405
403 430 4.03156
404 417 0.943578
404 430 3.16922
404 436 0.0962383
404 440 0.0782959
404 452 0.15798
405 437 0.740165
405 438 5.37717
406 410 6.40833
406 413 3.45274
406 425 6.74813
406 448 0.23981
406 454 -0.00477114
406 464 -0.00954227
406 467 -0.057671
409 414 -19.1939
409 437 0.924411
409 457 2.43963
409 469 1.11994
409 486 0.77545
410 412 3.06654
410 425 5.08105
410 442 4.14515
411 432 2.11826
411 444 -5.53733
411 446 -2.93164
411 458 -4.43612
411 459 -3.73241
411 463 -5.53733
411 472 -3.57445
412 420 5.93503
412 442 5.26616
413 448 5.77093
413 449 -0.0114985
413 464 -0.00680847
413 467 -0.877343
413 470 -0.0118022
413 491 -1.46444
415 416 -0.0856503
415 429 -0.109644
415 447 4.46758
415 453 1.54649
416 429 -2.6395
417 435 5.64163
417 436 0.0590017
417 440 3.30074
417 452 0.1464
418 420 4.69533
418 426 0.022976
418 439 2.0157
418 442 3.10675
418 471 1.49683
419 426 0.0276465
419 427 1.0829
419 439 0.597027
420 442 8.48915
421 450 0.0440737
422 427 6.46701
422 430 3.52998
422 452 0.132692
422 461 3.64361
423 441 6.91945
423 443 0.808967
423 445 -0.10702
423 468 0.230979
424 428 -1.14578
424 431 -0.743709
425 442 4.71491
425 454 1.09556
425 464 5.82944
425 473 8.16853
425 490 1.49683
425 499 1.49683
425 504 1.18877
426 439 0.0560368
427 439 4.78562
427 461 1.27785
428 431 2.71535
428 465 1.04258
429 434 -15.9189
429 447 -0.116932
429 453 -0.009745
429 484 -2.27269
429 489 -3.26053
430 436 0.828909
430 452 0.32079
430 455 0.0358031
430 461 0.0389688
431 435 -1.10057
431 440 0.753461
431 456 3.38855
431 465 3.01573
432 451 0.520195
432 459 -6.92555
432 480 -1.57388
433 450 0.0437542
434 484 1.74741
434 485 2.27328
434 489 -3.2124
434 502 0.878895
435 440 -0.0145405
436 440 0.11517
436 452 0.349801
436 455 0.0369758
437 438 2.33558
437 466 7.45219
437 469 2.22758
437 475 3.69087
437 483 3.91844
438 462 7.14285
438 475 0.02256
438 506 2.5861
439 461 4.9587
439 471 9.31759
439 519 0.652519
439 523 3.57445
440 452 3.8206
440 456 2.91629
440 482 1.91493
441 443 2.83992
441 445 -0.128443
441 460 1.03731
441 468 1.19579
441 492 0.435441
441 494 3.13067
441 508 -0.0400271
442 471 8.64041
442 473 11.7029
442 514 0.56723
443 450 0.211558
443 460 0.291363
443 492 1.43981
443 494 3.65357
443 495 0.584119
444 463 -0.55042
444 477 -0.584119
445 468 -0.384057
445 494 1.34772
445 508 5.07845
446 459 -5.67572
446 472 -2.52745
447 453 1.11923
447 474 -6.85329
448 464 -0.00680851
448 467 -0.0218488
449 470 3.45876
449 484 2.14198
449 485 0.194543
449 491 0.672613
449 503 3.01573
449 513 2.16544
450 494 0.257191
451 480 -1.29897
451 481 -1.29779
452 455 5.20782
452 461 3.11643
452 482 9.3299
452 511 0.0925479
452 517 2.66715
452 518 0.877792
452 521 0.81228
452 532 1.21226
452 536 3.84905
452 556 0.0879936
453 474 -2.10127
453 478 -2.17685
453 484 -3.34101
454 464 1.11138
454 467 0
456 465 5.014
456 476 1.66155
456 482 1.7348
456 512 1.90188
457 486 2.37098
458 463 -2.36822
458 472 -0.794069
459 472 2.44553
459 480 5.88306
459 487 -0.323608
459 507 2.53198
459 520 0.696018
461 505 4.62711
461 511 0.0618436
461 523 0.216649
462 506 1.41514
463 472 1.18877
463 477 3.01573
464 467 3.7815
464 490 3.6935
464 491 2.3579
464 504 6.0051
464 538 2.46508
464 539 1.17157
464 543 4.98736
465 476 2.36822
465 512 0.127185
465 524 0.437924
466 469 7.48876
466 475 5.21387
466 483 2.05579
467 491 2.9426
468 508 -0.432949
469 475 5.1625
469 486 4.41467
469 506 3.73241
469 527 4.02356
469 550 6.5536
469 551 1.66121
469 576 1.75131
470 491 2.59263
471 514 3.24974
471 519 5.30396
472 477 1.10372
472 487 -1.55841
472 493 13.0177
472 501 3.73241
472 520 6.77191
473 490 4.76865
473 499 3.73241
473 514 2.49318
473 531 4.81755
473 539 2.87981
474 481 0.805922
474 484 0.0200033
474 498 0.848069
474 509 -0.206978
475 506 1.32324
475 529 0.247641
477 479 -1.06254
477 486 6.88981
477 493 2.27269
477 496 4.40068
477 500 -3.43706
477 501 6.01308
477 516 3.17825
477 534 8.08166
477 551 3.73241
477 553 7.04777
477 563 5.43078
478 484 1.67417
480 481 1.94966
480 487 -0.0387543
480 497 7.73536
480 498 6.8891
480 501 3.73241
480 507 13.333
480 520 8.41866
480 525 4.8442
480 540 10.3563
480 545 4.53412
480 552 9.77044
480 567 7.55552
480 574 6.44753
480 577 2.85347
480 584 0.618144
481 498 9.61551
481 509 -0.175005
482 512 0.461236
482 518 0.822751
482 532 0.289844
484 489 1.53692
484 498 0.220222
484 502 0.196655
484 509 -0.110225
484 510 1.76739
484 513 3.07479
484 525 2.21901
484 530 2.78039
484 541 4.14515
484 545 4.74305
486 516 0.132481
486 527 1.25517
486 551 2.52745
487 507 -0.044612
487 520 -1.04083
488 494 6.1019
488 506 1.80085
488 546 0.330708
488 549 3.9926
489 502 -0.582406
490 539 2.18035
491 503 3.73241
491 513 1.20653
491 535 6.31809
491 537 6.66207
491 542 2.11778
491 543 0.0700632
492 494 11.7944
492 495 2.25308
493 501 13.0296
494 495 1.75131
494 508 2.78039
494 515 3.77327
494 526 9.13603
494 533 2.14198
494 544 9.08843
494 546 0.208328
494 549 0.307338
494 572 0.369897
496 500 -4.22513
497 507 3.08196
498 509 -1.18467
498 525 1.29788
498 545 0.850561
501 520 3.43706
501 534 7.66889
501 566 3.25289
501 570 5.17418
501 574 2.06181
505 511 0.00281546
505 521 0.878718
505 522 0.774877
505 523 0.433298
506 529 6.74177
506 549 0.624475
506 565 7.01921
506 576 2.41897
507 520 0.349951
507 540 2.89276
508 533 1.75131
508 544 2.58569
508 557 4.4
509 525 -0.0565953
511 521 3.79709
512 518 11.4759
512 524 6.18651
512 528 0.533485
512 547 3.75646
513 530 0.0856502
513 541 2.07681
513 542 0.289934
514 519 2.18899
514 531 1.37454
514 548 0.171021
514 560 -4.28248
517 536 1.88399
518 524 3.03843
518 528 2.46168
518 532 1.20732
518 536 0.312014
518 547 2.69827
518 556 5.36423
518 573 5.65384
518 581 0.572046
518 587 5.35199
519 523 0.329624
519 548 0.0256909
519 568 0.199382
521 522 1.77637
521 523 1.7579
521 536 0.2023
521 554 1.90698
521 555 3.40961
521 556 0.312422
521 561 0.537227
523 548 -0.0173023
523 555 2.27381
523 568 1.77259
524 547 0.418309
525 545 7.29941
526 546 0.208328
526 549 1.49263
527 551 2.91938
530 541 3.70763
531 539 3.83338
531 560 -1.29279
531 564 2.55611
531 575 0.355401
531 579 6.26958
532 536 1.55618
532 556 1.36075
533 544 0.794069
534 563 4.16286
534 570 3.91844
535 537 7.06263
535 543 3.73241
536 556 0.573529
536 561 0.0145348
537 541 3.12609
537 542 4.22542
538 539 1.28923
538 543 1.95688
539 543 2.05483
539 559 9.10027
539 579 0.00778166
541 542 6.83216
541 545 8.99841
541 558 11.3335
541 578 9.68249
541 585 6.01308
543 559 1.42058
543 562 4.71491
543 586 14.3156
544 557 6.71942
544 569 1.72077
544 571 9.45736
544 572 0.226632
544 580 0.374688
545 558 2.85347
545 584 5.34148
545 585 3.24705
546 549 0.373368
548 560 -0.658343
548 564 0.0579034
548 568 -0.00111163
549 565 2.59358
549 571 2.71175
549 572 3.61048
550 551 7.69443
550 576 6.00688
551 563 1.66155
554 556 0.110105
554 561 2.08219
555 561 -1.70709
555 568 3.64339
555 575 2.27269
555 582 3.28558
556 561 0.925278
556 583 2.87126
556 587 5.56573
557 571 0.354996
557 580 0.523657
559 579 0.635286
559 586 1.2838
560 564 -0.170793
561 582 -0.334825
561 583 3.76088
564 568 0.321758
564 575 1.2953
565 576 6.9491
566 570 0.338566
567 574 3.08213
568 575 4.75643
569 571 0.533685
570 574 2.79458
571 572 1.84114
571 580 1.36967
573 581 0.677863
574 577 2.06375
