MULTICUT
0 9 0.7940688968903633
1 9 0.8490926297285697
0 7 0.21088184704301205
9 28 -2.22757952790676
2 9 -0.9629980439232386
1 4 -0.4510470176203887
0 7 -0.5672302300910688
0 5 1.8471390342477205
7 9 -0.08565028243590467
6 9 0.8677032967963991
8 9 -1.083027742309897
3 9 2.023523983245292
9 10 1.3716527928075883
5 7 2.93164334365634
6 28 3.015725255756913
2 28 3.4370554399806776
2 8 3.3153580262671256
3 8 2.7803933118077264
6 7 1.72076695640305
4 11 3.2060450031958343
1 13 0.8864565510992328
4 13 1.986327796610479
9 13 0.6872705278045488
4 13 3.574453703354731
11 13 3.10674997290245
4 12 3.7324082779400585
7 16 4.436121480203944
13 14 2.93164334365634
9 15 4.145152023550564
13 15 1.0830275858277314
13 17 1.8144599138640842
15 17 1.6908566753683048
7 28 3.2060450031958343
9 18 2.8534721380276795
4 20 2.7117470592609445
10 18 2.31951701078773
13 20 3.2060450031958343
14 17 3.015725255756913
9 17 1.5230823357393546
8 19 3.9184427168471876
16 28 2.418966462073592
16 21 3.015725255756913
21 28 2.93164334365634
9 22 0.9629978960423582
17 22 2.93164334365634
2 23 2.8534721380276795
13 17 2.8534721380276795
9 24 2.368217406966919
22 24 1.8144599138640842
17 24 3.3153580262671256
25 28 2.93164334365634
2 26 3.10674997290245
8 26 3.7324082779400585
16 28 3.574453703354731
13 24 2.368217406966919
2 27 4.145152023550564
23 27 1.6328169387983074
2 25 1.8144599138640842
8 29 2.5274488884529975
2 27 2.0618119072200103
2 8 2.8534721380276795
25 30 3.4370554399806776
2 30 3.2060450031958343
28 30 0.8306197427665889
2 31 1.2778513804684322
27 31 4.436121480203944
3 33 2.7803933118077264
2 28 2.93164334365634
3 35 1.0830275858277314
2 31 1.4968293639808472
8 35 4.844202556684481
2 32 1.5497853865743236
31 32 2.141984057957801
33 35 3.015725255756913
16 38 2.93164334365634
9 34 2.5856857384930256
3 34 2.7117470592609445
13 37 4.145152023550564
28 38 1.2551669361900215
3 36 2.2275794437459226
33 36 2.4719660016221714
16 28 3.4370554399806776
2 32 -0.16377929735639296
9 39 3.3153580262671256
3 24 3.9184427168471876
34 39 1.880614156109223
3 33 -0.33778538326100627
3 35 3.4370554399806776
3 39 1.9149341938214999
24 39 2.8534721380276795
32 40 1.5230823357393546
2 40 0.023345926266394867
2 45 2.7117470592609445
40 45 3.3153580262671256
28 32 2.418966462073592
35 41 3.2060450031958343
35 42 1.471006361575077
3 43 -0.17945749696390423
35 43 -0.40219829746062086
41 42 2.141984057957801
42 43 1.5497853865743236
8 41 1.6908566753683048
41 44 -4.844202616288199
42 44 -1.4455945421327967
43 44 -1.1457782950449733
8 116 3.10674997290245
13 49 2.7117470592609445
8 46 1.1457782142804072
43 47 -0.4674454634335292
3 47 -4.145152083743929
41 46 1.6908566753683048
32 45 1.1671515377428254
44 46 -2.9316434205780437
44 47 -1.5497854889223055
28 45 2.7803933118077264
46 48 -0.5170230248961472
44 50 -5.53733426701854
44 54 -3.0157253387444354
3 52 2.646993557188065
44 48 1.210635526973574
50 54 1.3008299128497565
47 54 -3.43705550120135
47 52 -2.7803933790295874
28 51 2.4719660016221714
16 55 3.7324082779400585
28 57 2.101269714871794
3 53 3.015725255756913
16 57 4.145152023550564
24 53 2.646993557188065
16 64 1.5769599644200505
48 50 -3.9184428135768994
47 56 -0.14812115655181013
54 56 -2.319517101482562
52 56 -2.7117471225450083
28 58 4.844202556684481
48 63 -1.8144600365838361
55 64 2.5274488884529975
45 58 3.7324082779400585
50 63 -2.5274489963885465
46 63 -1.042255157127819
8 63 -3.5744537730315336
13 68 2.646993557188065
24 68 1.3716527928075883
28 62 3.574453703354731
28 65 2.8534721380276795
52 59 1.3959338990403656
24 61 2.5274488884529975
51 57 2.2726891994400433
56 59 -1.5497854889223055
52 60 -1.3477177614522067
3 60 -1.3477177614522067
59 60 0.369896870073811
28 57 2.101269714871794
57 62 3.574453703354731
61 68 2.368217406966919
56 66 -1.083027742309897
54 66 -4.844202616288199
3 24 1.72076695640305
50 69 -4.145152083743929
59 66 -3.2060451019615273
63 69 2.93164334365634
59 70 -1.5497854889223055
66 70 -4.43612156009328
3 70 2.418966462073592
16 64 1.5230823357393546
67 116 1.986327796610479
8 67 2.93164334365634
28 71 3.7324082779400585
8 69 -5.53733426701854
28 57 2.8534721380276795
65 71 2.5274488884529975
54 69 -2.023524054927849
58 71 2.4719660016221714
66 69 3.9184427168471876
8 116 2.93164334365634
57 72 1.7513136084096503
45 71 4.145152023550564
45 75 1.9501526258096291
2 75 2.2726891994400433
2 73 2.93164334365634
8 73 2.023523983245292
13 76 3.10674997290245
71 75 3.2060450031958343
3 61 3.2060450031958343
13 74 2.7803933118077264
72 78 2.646993557188065
13 61 3.015725255756913
57 78 3.015725255756913
57 78 3.10674997290245
8 96 2.7803933118077264
49 83 1.2778513804684322
69 70 -4.145152083743929
69 77 2.646993557188065
8 77 -3.43705550120135
13 83 0.9436225830949259
76 83 3.3153580262671256
49 80 1.232765242543629
8 81 2.7117470592609445
81 96 4.145152023550564
70 77 -2.1840514594677467
80 83 1.986327796610479
16 79 1.5230823357393546
57 79 3.9184427168471876
61 82 3.7324082779400585
13 84 2.368217406966919
74 84 3.3153580262671256
73 81 1.880614156109223
13 80 1.124638707269666
3 82 3.3153580262671256
8 85 -3.9184428135768994
77 85 -5.53733426701854
64 79 -1.4968294629075651
2 86 1.103724552883528
73 86 1.1457782142804072
81 86 1.3008299128497565
64 94 5.537334267018537
28 88 2.7803933118077264
2 71 1.2551669361900215
3 61 1.3241144775306468
57 88 1.3716527928075883
65 88 3.015725255756913
96 116 3.7324082779400585
8 148 1.3241144775306468
86 96 3.574453703354731
79 94 0.13248100121840833
13 87 3.015725255756913
76 87 4.145152023550564
77 90 -4.844202616288199
78 88 3.015725255756913
85 90 2.4719660016221714
71 89 2.418966462073592
2 96 2.368217406966919
65 89 5.537334267018537
71 96 3.9184427168471876
70 91 2.7803933118077264
70 90 -4.145152083743929
3 91 2.368217406966919
78 95 1.5497853865743236
74 97 2.184051378192568
90 91 -4.145152083743929
3 13 1.604628978813839
84 97 3.574453703354731
57 95 3.9184427168471876
78 92 3.574453703354731
8 93 0.5336849977291656
85 93 -4.43612156009328
92 95 3.2060450031958343
76 80 3.4370554399806776
93 99 -1.7207670712436016
85 99 -4.43612156009328
116 148 2.646993557188065
94 102 2.93164334365634
64 102 3.7324082779400585
91 100 -0.08565028243590467
90 100 -5.53733426701854
79 103 4.436121480203944
65 71 3.7324082779400585
8 98 -0.023346044556825873
57 103 1.103724552883528
93 98 0.7401648358628796
85 101 -4.844202616288199
99 101 2.418966462073592
98 99 -0.17945749696390423
85 100 -5.53733426701854
100 101 -0.533685124626992
84 114 0.9244109312539295
97 114 4.844202556684481
88 92 2.5274488884529975
13 114 1.880614156109223
104 116 4.145152023550564
91 106 -1.8806142848807943
3 106 3.10674997290245
74 108 3.2060450031958343
100 106 -2.319517101482562
80 114 4.436121480203944
97 108 1.188767543534301
99 107 0.38602265684584536
8 105 1.7825318837304605
101 107 2.5856857384930256
95 111 2.7117470592609445
98 105 0.7580154487445683
108 114 2.646993557188065
98 107 2.7803933118077264
92 111 2.646993557188065
105 109 0.9436225830949259
98 109 3.9184427168471876
102 110 2.5274488884529975
94 110 2.93164334365634
107 113 2.7803933118077264
101 113 1.6615501074318497
94 119 2.7117470592609445
3 112 4.436121480203944
8 109 0.9629978960423582
92 126 0.5004307185850176
88 126 2.101269714871794
107 117 2.184051378192568
101 115 1.9149341938214999
109 118 3.015725255756913
98 118 1.6328169387983074
98 117 1.880614156109223
113 117 0.982542654754837
113 115 0.007781661256567096
100 115 2.4719660016221714
94 121 3.3153580262671256
92 129 1.5497853865743236
110 121 1.6908566753683048
126 129 4.145152023550564
71 120 3.2060450031958343
111 129 1.5230823357393546
65 120 1.7513136084096503
117 118 0.7224263377855422
13 76 1.3008299128497565
79 119 -0.5841189757308616
8 125 2.7117470592609445
125 148 -0.40219829746062086
118 122 1.103724552883528
117 122 1.9501526258096291
117 123 1.5497853865743236
113 124 3.4370554399806776
71 116 1.2551669361900215
123 124 2.5274488884529975
79 134 3.3153580262671256
65 138 1.2778513804684322
3 133 4.145152023550564
119 134 1.0022628750411067
116 120 4.844202556684481
115 128 -0.5004308444200505
100 128 -0.6872706606037844
100 131 3.7324082779400585
13 434 1.2778513804684322
76 434 4.844202556684481
122 123 3.3153580262671256
113 128 3.10674997290245
106 131 -1.986327866288225
109 122 2.2726891994400433
65 135 2.31951701078773
8 127 1.1671515377428254
109 127 3.10674997290245
135 138 0.19515760538251437
119 121 0.5336849977291656
65 141 1.0830275858277314
57 111 2.7803933118077264
138 141 5.537334267018537
120 141 3.3153580262671256
112 132 2.93164334365634
125 127 1.8144599138640842
113 123 3.3153580262671256
3 132 2.418966462073592
126 145 3.4370554399806776
88 145 1.471006361575077
3 137 3.574453703354731
103 111 2.7803933118077264
88 135 4.844202556684481
127 130 3.574453703354731
74 114 4.145152023550564
109 130 2.7117470592609445
116 143 4.844202556684481
104 143 2.93164334365634
80 434 4.145152023550564
122 130 1.6908566753683048
106 137 1.880614156109223
125 139 3.10674997290245
127 139 2.31951701078773
123 136 2.8534721380276795
113 136 3.2060450031958343
122 144 3.574453703354731
113 140 2.31951701078773
130 144 2.646993557188065
121 151 -1.0022630255891705
127 142 2.7803933118077264
3 154 1.2551669361900215
119 151 0.9244109312539295
139 142 3.4370554399806776
122 136 3.574453703354731
136 140 1.9149341938214999
130 142 3.015725255756913
137 154 -0.618143736811748
88 150 2.5856857384930256
102 151 1.3716527928075883
111 147 3.7324082779400585
113 146 1.604628978813839
128 146 3.015725255756913
64 151 1.9149341938214999
110 151 1.124638707269666
129 147 2.7803933118077264
88 138 -0.9436227297103521
116 143 1.124638707269666
142 144 3.3153580262671256
125 149 1.9501526258096291
148 149 -4.844202616288199
143 148 3.3153580262671256
140 146 2.0618119072200103
134 151 5.537334267018537
112 154 -0.353818619728701
136 144 3.574453703354731
139 156 2.8534721380276795
146 153 2.93164334365634
144 146 1.880614156109223
128 153 2.368217406966919
128 160 2.2275794437459226
100 160 -3.3153581355547077
137 190 2.5274488884529975
142 156 1.986327796610479
154 190 3.9184427168471876
125 155 1.3959338990403656
139 155 2.184051378192568
3 166 3.10674997290245
13 166 1.5769599644200505
126 147 4.844202556684481
149 155 2.8534721380276795
146 152 2.141984057957801
144 152 2.418966462073592
88 159 2.31951701078773
142 157 1.880614156109223
144 158 3.015725255756913
150 159 3.7324082779400585
144 157 2.418966462073592
152 153 3.10674997290245
144 161 3.015725255756913
100 163 -2.7117471225450083
88 159 2.5856857384930256
156 157 1.188767543534301
158 161 2.31951701078773
160 163 2.023523983245292
166 434 3.3153580262671256
153 160 -0.635285935274005
116 141 4.844202556684481
149 162 1.9149341938214999
155 162 3.2060450031958343
106 190 0.7224263377855422
133 166 3.574453703354731
3 166 2.8534721380276795
88 175 2.8534721380276795
106 173 2.418966462073592
173 190 4.844202556684481
114 174 1.0625402297313233
159 175 3.2060450031958343
144 156 2.2726891994400433
80 174 4.145152023550564
103 134 3.9184427168471876
111 134 3.9184427168471876
116 138 3.9184427168471876
74 174 4.436121480203944
153 164 2.184051378192568
152 161 1.880614156109223
152 164 1.1457782142804072
139 165 3.574453703354731
156 165 1.3008299128497565
144 165 3.9184427168471876
155 170 0.8677032967963991
139 170 1.9501526258096291
152 158 1.880614156109223
148 183 -5.53733426701854
145 159 2.4719660016221714
149 183 3.574453703354731
162 170 1.880614156109223
100 106 -2.319517101482562
132 154 3.9184427168471876
152 169 2.8534721380276795
160 167 0.8864565510992328
163 167 0.6698459156176995
158 165 3.10674997290245
164 172 0.6352858046593717
153 172 0.3217949194737102
153 167 -1.3477177614522067
149 176 0.8306197427665889
162 176 2.7117470592609445
158 168 1.8144599138640842
152 168 2.101269714871794
152 171 0.9436225830949259
106 190 3.574453703354731
169 171 1.445594446330888
149 177 2.93164334365634
163 178 1.986327796610479
138 175 3.7324082779400585
176 177 0.9629978960423582
168 171 0.6698459156176995
167 178 0.5336849977291656
100 178 -1.3959339919795308
100 190 -3.0157253387444354
165 170 0.48390574875928927
152 172 -0.25821891342749526
165 179 1.72076695640305
167 182 -0.9825428039459942
170 179 1.6328169387983074
153 182 2.184051378192568
165 180 0.4674453385798212
158 180 0.9629978960423582
145 203 4.436121480203944
159 203 4.145152023550564
165 185 2.184051378192568
152 181 1.5230823357393546
172 181 -1.0221649697100497
172 187 0.9629978960423582
153 187 0.9244109312539295
143 183 -4.43612156009328
179 185 1.9501526258096291
169 181 2.5856857384930256
178 182 0.4674453385798212
162 184 0.652518806521984
170 184 1.103724552883528
166 193 3.10674997290245
126 203 3.7324082779400585
143 191 3.4370554399806776
170 188 0.7047961364960313
165 189 2.31951701078773
168 186 1.3716527928075883
178 196 -0.635285935274005
100 196 -4.145152083743929
183 191 -3.106750063060895
149 176 2.0618119072200103
184 188 0.9436225830949259
179 188 2.5274488884529975
158 186 0.7047961364960313
181 187 -0.13248112001244716
182 187 0.9629978960423582
193 434 5.537334267018537
185 189 0.982542654754837
180 189 0.08565016394454328
111 202 3.574453703354731
147 202 1.7825318837304605
191 205 -5.53733426701854
183 205 2.7117470592609445
171 186 -0.27405945275533616
182 192 1.124638707269666
178 192 2.141984057957801
132 190 3.10674997290245
126 202 2.418966462073592
176 184 -0.353818619728701
176 197 1.1671515377428254
184 197 -0.22663222628581936
185 195 1.3241144775306468
185 188 0.8490926297285697
189 195 0.274059332246233
187 192 0.274059332246233
192 196 -0.36989699244014895
188 194 2.0618119072200103
185 194 2.31951701078773
187 199 0.6872705278045488
192 199 0.5504197869721676
183 200 2.101269714871794
149 200 2.418966462073592
149 209 1.188767543534301
176 209 0.9629978960423582
158 198 -0.32179504083642385
100 215 -2.6469936768108107
188 197 1.5230823357393546
180 198 -0.5841189757308616
186 198 -1.1457782950449733
169 186 1.103724552883528
196 215 2.023523983245292
180 195 1.5769599644200505
181 208 0.9629978960423582
187 208 -0.11685724657693086
194 195 1.124638707269666
199 208 -0.4184259027266788
197 209 0.242410407030617
194 197 1.2778513804684322
197 204 1.72076695640305
194 207 1.124638707269666
195 207 0.9244109312539295
195 198 -0.722426472174637
199 201 -1.420575958424365
192 201 1.2551669361900215
204 209 1.986327796610479
197 206 2.8534721380276795
194 206 2.93164334365634
169 211 1.8144599138640842
181 211 0.6010889981175147
74 242 3.015725255756913
200 209 -0.0544849469084292
208 211 1.0830275858277314
196 201 -1.8144600365838361
200 218 1.1457782142804072
209 218 4.436121480203944
186 210 -3.3153581355547077
169 210 -0.13248112001244716
196 219 1.4968293639808472
204 206 3.10674997290245
186 195 1.471006361575077
210 211 -0.5672302300910688
215 219 2.101269714871794
195 212 -0.19515772478657212
208 213 -0.023346044556825873
208 216 1.0221648177565306
199 216 -1.420575958424365
201 219 -0.8306198826413334
207 212 0.5336849977291656
211 213 0.274059332246233
201 216 1.0625402297313233
201 217 -0.0544849469084292
201 214 2.2726891994400433
143 205 -5.53733426701854
236 434 4.145152023550564
214 217 0.8122799937741847
214 219 -0.5004308444200505
206 220 2.101269714871794
175 203 4.436121480203944
194 220 2.2275794437459226
213 216 -0.5841189757308616
195 222 0.1481210376275779
186 228 1.5497853865743236
210 221 -1.042255157127819
211 221 0.7580154487445683
183 218 0.7224263377855422
212 222 1.103724552883528
186 222 0.5336849977291656
210 228 -1.5497854889223055
216 217 -0.7580155848378691
183 226 1.6615501074318497
207 222 0.023345926266394867
210 223 -0.5504199144331001
221 223 1.0625402297313233
213 221 -0.17945749696390423
213 224 -0.5841189757308616
216 224 1.4205758640846524
216 225 0.9053573740495944
217 225 0.3217949194737102
204 220 0.5672301020452246
194 222 0.22663210648628773
204 229 1.232765242543629
218 226 3.7324082779400585
209 229 0.8122799937741847
223 228 0.6698459156176995
221 224 1.7825318837304605
217 232 0.33778526158074773
214 232 1.0022628750411067
205 226 -0.10124760698692858
194 227 1.7513136084096503
219 230 0.007781661256567096
215 230 0.5504197869721676
166 190 4.436121480203944
132 166 2.368217406966919
220 229 1.72076695640305
222 227 0.369896870073811
224 225 -0.17945749696390423
225 232 1.1457782142804072
205 238 1.9149341938214999
226 239 2.8534721380276795
220 227 1.5230823357393546
224 231 -0.7940690348095123
225 231 -0.07006336313715722
111 126 0.007781661256567096
143 238 -4.844202616288199
205 239 -1.1457782950449733
228 233 -0.4674454634335292
186 233 -1.0221649697100497
219 232 -1.324114566604422
174 242 3.7324082779400585
228 234 0.982542654754837
223 234 -0.023346044556825873
223 237 -0.4510470176203887
221 237 -1.6615502176829433
215 235 -1.9501526936104758
100 235 -0.10124760698692858
230 235 0.9436225830949259
227 240 2.5274488884529975
233 234 -0.7047962700763302
234 237 -1.2106356105583946
231 232 0.242410407030617
175 255 3.9184427168471876
229 243 1.3959338990403656
222 241 1.2551669361900215
230 244 0.1637791782871667
138 255 3.7324082779400585
209 243 0.13248100121840833
222 240 -0.24241052705099042
186 241 1.7513136084096503
224 237 -1.5230824363372633
219 244 2.4719660016221714
190 235 -1.914934325902037
80 236 5.537334267018537
238 239 1.6615501074318497
227 229 0.8864565510992328
240 241 0.6352858046593717
224 245 1.1457782142804072
231 245 -1.690856787854381
227 243 0.7580154487445683
237 245 -2.023524054927849
237 250 -1.8144600365838361
232 245 0.8306197427665889
245 250 2.184051378192568
233 246 -0.4674454634335292
234 246 -0.13248112001244716
234 256 0.48390574875928927
237 256 -2.368217501379304
249 434 4.844202556684481
186 246 0.6872705278045488
246 256 1.0830275858277314
219 245 -4.43612156009328
193 249 3.10674997290245
240 248 -0.9629980439232386
241 248 0.5170228985401271
230 247 0.45104689322786395
235 247 1.124638707269666
250 256 2.0618119072200103
239 251 1.3008299128497565
226 251 2.368217406966919
227 253 0.369896870073811
240 252 3.2060450031958343
240 253 3.015725255756913
244 247 0.007781661256567096
238 251 2.7803933118077264
248 252 0.023345926266394867
143 260 -5.53733426701854
238 260 0.7940688968903633
244 254 1.4205758640846524
235 258 -1.7825320036768968
209 226 1.124638707269666
219 254 0.6352858046593717
247 258 -1.847139159904398
190 258 3.2060450031958343
243 253 1.103724552883528
241 256 0.054484828546315534
186 256 2.184051378192568
209 251 2.5274488884529975
248 256 -0.7759822513321553
209 253 -1.3477177614522067
252 256 2.141984057957801
250 257 2.646993557188065
245 257 0.3058452631148958
143 263 -4.145152083743929
245 265 -1.5230824363372633
190 345 3.9184427168471876
260 263 2.7117470592609445
257 265 0.5672301020452246
219 265 3.9184427168471876
251 260 4.145152023550564
253 262 1.4205758640846524
240 262 1.347717671142901
240 259 1.9149341938214999
256 259 1.124638707269666
116 270 -2.319517101482562
253 261 1.5230823357393546
256 264 -2.7117471225450083
250 264 -0.618143736811748
263 270 3.9184427168471876
257 264 -0.8490927706325437
193 434 4.145152023550564
261 262 2.0618119072200103
259 262 2.646993557188065
134 269 -0.07006336313715722
111 269 -0.4839058740936957
256 266 0.10124748840924536
257 268 -1.4968294629075651
265 268 2.7803933118077264
259 266 1.232765242543629
247 254 1.986327796610479
209 273 3.10674997290245
209 271 0.8864565510992328
253 271 1.6908566753683048
251 273 2.2726891994400433
126 269 -3.5744537730315336
256 267 1.7513136084096503
264 267 -0.5504199144331001
190 247 -0.24241052705099042
261 271 0.7940688968903633
256 272 2.7803933118077264
266 272 0.48390574875928927
126 275 -2.5274489963885465
256 274 -1.3959339919795308
269 275 1.1457782142804072
267 274 -0.16377929735639296
219 247 0.5504197869721676
203 275 -2.7803933790295874
262 276 0.8677032967963991
259 277 0.652518806521984
262 271 0.652518806521984
262 277 1.4968293639808472
266 277 0.8490926297285697
175 275 -1.751313725733529
209 352 3.4370554399806776
256 278 2.7117470592609445
267 279 0.13248100121840833
276 277 2.646993557188065
272 278 2.101269714871794
264 279 -1.5769600686022973
116 282 -1.4710064589046166
257 279 -0.3860227795812654
265 280 0.1794573777347761
219 280 0.369896870073811
281 434 3.574453703354731
270 282 1.8471390342477205
260 273 3.574453703354731
273 352 3.2060450031958343
272 277 2.184051378192568
260 270 3.7324082779400585
190 346 4.436121480203944
268 280 -0.24241052705099042
151 269 2.93164334365634
274 279 -3.9184428135768994
269 287 -1.2327653271421226
175 292 -2.22757952790676
255 292 -3.43705550120135
274 284 -2.8534722097520193
257 289 0.8122799937741847
275 292 3.9184427168471876
279 284 1.232765242543629
279 289 1.124638707269666
269 288 -1.9501526936104758
271 283 1.3008299128497565
262 283 -0.21088196663715686
190 285 4.145152023550564
138 292 -4.43612156009328
138 297 -1.914934325902037
116 297 -1.690856787854381
190 290 1.0830275858277314
287 288 3.3153580262671256
292 297 3.2060450031958343
276 283 1.3241144775306468
290 346 1.4968293639808472
269 291 3.2060450031958343
269 296 -4.844202616288199
116 270 -1.2778514672160726
272 286 0.5336849977291656
278 286 2.8534721380276795
268 289 -3.3153581355547077
190 299 3.10674997290245
287 291 4.844202556684481
288 296 3.10674997290245
270 297 3.9184427168471876
209 283 -0.9436227297103521
247 299 0.5004307185850176
285 290 1.3716527928075883
274 293 -1.3959339919795308
260 352 3.10674997290245
256 293 2.2726891994400433
284 293 1.7513136084096503
269 401 -0.6010891274007599
256 295 2.31951701078773
279 294 -0.0544849469084292
296 401 2.4719660016221714
275 401 -1.5497854889223055
277 283 2.5274488884529975
277 286 0.5841188470777665
286 295 -0.32179504083642385
284 294 0.6010889981175147
289 294 3.574453703354731
219 268 1.0830275858277314
219 300 -1.1887676261434261
247 300 1.445594446330888
285 345 2.5856857384930256
166 190 5.537334267018537
302 352 2.4719660016221714
242 312 2.418966462073592
209 302 0.21088184704301205
293 295 1.210635526973574
174 312 3.9184427168471876
293 294 1.3959338990403656
295 301 0.2582187931706581
219 298 1.0022628750411067
293 301 0.35381849771398977
299 300 -0.618143736811748
268 298 0.21088184704301205
298 300 0.45104689322786395
277 303 2.5274488884529975
286 303 0.13248100121840833
268 305 2.2275794437459226
298 305 1.9501526258096291
209 306 1.445594446330888
283 306 -0.2899342369326745
286 310 -0.7580155848378691
295 304 -0.07006336313715722
301 304 1.8144599138640842
295 310 0.652518806521984
166 434 3.4370554399806776
307 352 3.574453703354731
302 307 2.31951701078773
303 310 3.3153580262671256
300 308 1.8471390342477205
305 308 -0.4674454634335292
287 296 1.5497853865743236
302 306 -0.635285935274005
283 303 2.646993557188065
304 310 -2.2726892867301896
293 304 1.347717671142901
270 315 4.145152023550564
268 311 0.22663210648628773
305 311 0.48390574875928927
299 308 -2.4719661045957224
314 401 4.145152023550564
316 352 2.5274488884529975
302 309 -1.847139159904398
306 309 2.8534721380276795
307 316 2.5856857384930256
292 401 -2.8534722097520193
306 431 1.72076695640305
283 431 -0.7940690348095123
303 317 3.10674997290245
293 321 -2.7803933790295874
294 321 -1.847139159904398
289 322 -0.4510470176203887
268 313 1.2551669361900215
311 313 0.6352858046593717
307 309 -1.4710064589046166
303 431 -0.9436227297103521
268 322 0.08565016394454328
268 318 -0.36989699244014895
285 319 3.015725255756913
294 322 0.45104689322786395
313 318 0.33778526158074773
349 401 2.184051378192568
292 349 -2.9316434205780437
292 326 -4.43612156009328
268 324 1.9501526258096291
290 320 1.445594446330888
166 327 3.4370554399806776
312 354 4.145152023550564
326 349 3.574453703354731
309 431 3.7324082779400585
310 317 1.347717671142901
321 322 -0.10124760698692858
322 324 1.103724552883528
285 320 -0.13248112001244716
190 327 2.5274488884529975
321 328 0.8864565510992328
309 316 -0.8490927706325437
322 328 0.9436225830949259
319 320 2.101269714871794
323 431 -2.7117471225450083
303 323 1.4205758640846524
318 324 0.21088184704301205
305 313 2.141984057957801
320 346 0.8864565510992328
270 325 4.436121480203944
304 343 -0.867703438765498
293 343 -1.6328170469254393
190 329 0.6010889981175147
329 345 4.436121480203944
236 335 3.7324082779400585
317 323 -0.3860227795812654
321 343 2.184051378192568
292 349 -3.2060451019615273
151 337 3.9184427168471876
316 330 0.7047961364960313
190 345 3.015725255756913
190 334 4.844202556684481
327 334 2.2275794437459226
297 349 -2.418966560561031
309 330 2.5274488884529975
310 343 -4.844202616288199
313 324 2.4719660016221714
329 345 0.7047961364960313
319 345 3.015725255756913
338 401 5.537334267018537
297 350 -3.106750063060895
331 352 3.10674997290245
316 331 1.72076695640305
314 338 2.4719660016221714
349 350 2.5274488884529975
299 345 3.574453703354731
270 350 -3.5744537730315336
333 346 3.10674997290245
324 328 1.6328169387983074
308 313 -2.8534722097520193
320 333 -0.33778538326100627
166 281 2.4719660016221714
332 431 2.93164334365634
330 331 0.40219817433836536
323 332 -0.19515772478657212
328 343 1.1671515377428254
270 341 4.844202556684481
174 336 4.436121480203944
330 431 2.7803933118077264
270 359 -3.732408358890588
270 339 2.101269714871794
270 340 2.368217406966919
310 353 -1.167151619412428
328 351 2.7803933118077264
324 351 1.7513136084096503
324 347 -0.22663222628581936
324 344 2.141984057957801
319 346 4.436121480203944
320 346 0.9629978960423582
350 359 3.7324082779400585
340 341 5.537334267018537
343 353 -0.13248112001244716
344 347 0.7401648358628796
270 357 -1.4455945421327967
332 342 1.5497853865743236
323 342 -0.5170230248961472
357 359 2.8534721380276795
325 357 0.1481210376275779
317 342 0.7759821143416219
236 348 4.145152023550564
339 340 2.93164334365634
335 348 1.986327796610479
270 352 2.418966462073592
313 344 0.5504197869721676
347 351 -0.33778538326100627
308 344 -1.4455945421327967
281 356 2.418966462073592
317 353 0.242410407030617
166 356 3.9184427168471876
325 339 0.054484828546315534
190 327 3.4370554399806776
325 372 -2.023524054927849
339 372 -1.8144600365838361
270 340 3.3153580262671256
361 431 -0.14812115655181013
347 355 0.40219817433836536
329 363 3.7324082779400585
357 372 3.574453703354731
332 361 0.7580154487445683
351 355 1.232765242543629
345 363 1.986327796610479
174 354 2.8534721380276795
270 360 -0.6698460476628039
328 362 0.03891301945135828
347 369 -0.07006336313715722
344 369 2.2275794437459226
281 364 0.22663210648628773
364 434 1.604628978813839
352 360 -0.6698460476628039
342 361 -0.25821891342749526
343 362 1.5769599644200505
356 364 1.9149341938214999
317 368 -0.9825428039459942
353 368 -0.9244110766470177
328 374 0.9053573740495944
351 374 2.5274488884529975
166 370 3.015725255756913
331 431 0.7224263377855422
362 374 0.6010889981175147
355 369 2.5856857384930256
190 370 2.93164334365634
80 348 1.188767543534301
358 401 3.4370554399806776
339 366 -1.371652884404361
340 367 2.101269714871794
335 365 3.574453703354731
366 372 2.31951701078773
366 367 3.10674997290245
340 360 -1.2778514672160726
348 365 0.40219817433836536
340 379 -0.9629980439232386
346 377 4.436121480203944
166 375 2.141984057957801
356 375 1.6908566753683048
174 385 3.9184427168471876
367 379 1.3008299128497565
355 374 2.646993557188065
287 371 3.015725255756913
338 401 3.9184427168471876
381 431 2.7803933118077264
319 377 2.5856857384930256
190 377 3.574453703354731
174 378 3.9184427168471876
349 386 4.436121480203944
340 373 -1.751313725733529
352 380 2.023523983245292
362 384 2.141984057957801
350 386 2.646993557188065
374 384 2.8534721380276795
345 377 4.436121480203944
287 401 4.145152023550564
317 383 -0.25821891342749526
368 383 2.5274488884529975
369 376 0.9244109312539295
364 375 0.9629978960423582
335 434 1.9501526258096291
336 378 4.436121480203944
287 391 4.145152023550564
344 382 -1.1887676261434261
308 382 1.232765242543629
354 451 2.5274488884529975
371 391 3.3153580262671256
338 349 3.2060450031958343
360 380 -0.867703438765498
376 382 -0.9825428039459942
174 451 2.2275794437459226
269 390 2.2726891994400433
340 392 1.6328169387983074
340 394 0.10124748840924536
353 388 0.6698459156176995
166 190 2.418966462073592
151 390 2.5274488884529975
379 392 -2.023524054927849
373 392 -2.9316434205780437
360 394 0.1168571278983801
342 383 2.101269714871794
368 388 0.7940688968903633
343 388 3.3153580262671256
296 358 1.5769599644200505
373 394 -0.8122801326543725
343 384 0.7940688968903633
299 382 -1.2106356105583946
352 393 1.986327796610479
331 393 2.2275794437459226
382 417 0.40219817433836536
299 417 3.9184427168471876
377 387 5.537334267018537
404 434 3.4370554399806776
291 391 2.8534721380276795
380 393 0.007781661256567096
384 388 2.7803933118077264
166 364 1.2778513804684322
335 404 2.7117470592609445
359 396 5.537334267018537
357 396 2.184051378192568
360 398 0.10124748840924536
359 386 4.844202556684481
380 398 1.604628978813839
296 401 2.31951701078773
365 389 3.10674997290245
394 398 1.0625402297313233
355 376 0.8864565510992328
190 387 3.574453703354731
348 389 -0.33778538326100627
380 399 1.5769599644200505
331 407 -0.19515772478657212
407 431 2.023523983245292
384 395 1.9501526258096291
374 395 2.646993557188065
393 399 -0.6525189378391278
393 407 1.103724552883528
383 400 1.7513136084096503
342 400 1.9149341938214999
390 412 1.9149341938214999
355 395 1.986327796610479
364 429 2.368217406966919
151 412 4.436121480203944
366 379 0.2582187931706581
429 434 4.145152023550564
372 406 2.7117470592609445
366 406 -0.33778538326100627
366 397 4.436121480203944
394 405 0.9244109312539295
381 413 0.242410407030617
384 403 2.7117470592609445
397 406 3.10674997290245
398 405 0.5672301020452246
413 431 0.35381849771398977
368 400 -0.0544849469084292
396 416 1.7825318837304605
357 416 2.5856857384930256
361 402 2.646993557188065
388 403 2.2275794437459226
355 408 -1.8806142848807943
385 411 3.574453703354731
413 431 -1.3477177614522067
402 431 0.6352858046593717
395 408 -1.3477177614522067
376 408 -1.4968294629075651
174 411 4.145152023550564
357 406 2.2726891994400433
414 431 1.5230823357393546
368 409 1.880614156109223
348 410 0.6010889981175147
413 414 -0.867703438765498
342 402 -0.9436227297103521
400 409 1.4205758640846524
335 389 1.604628978813839
389 410 2.31951701078773
336 385 4.145152023550564
402 414 1.6328169387983074
388 415 -0.007781779532672672
379 397 0.9244109312539295
398 399 1.4968293639808472
403 415 0.7940688968903633
382 408 1.4968293639808472
392 430 3.4370554399806776
373 430 -1.986327866288225
393 422 0.8122799937741847
368 415 -2.9316434205780437
384 419 1.124638707269666
395 419 0.7940688968903633
407 422 -1.3008300007371676
403 419 0.982542654754837
379 446 2.31951701078773
392 446 0.6352858046593717
399 427 -1.8806142848807943
404 425 3.574453703354731
335 425 2.184051378192568
80 421 4.844202556684481
430 446 3.015725255756913
422 427 -0.5004308444200505
409 415 -0.533685124626992
408 419 -1.60462908492035
337 412 3.3153580262671256
394 430 -0.618143736811748
402 428 1.0830275858277314
335 423 2.4719660016221714
389 423 0.652518806521984
410 418 2.31951701078773
405 430 -2.9316434205780437
342 428 1.7513136084096503
348 418 0.4674453385798212
408 432 -0.27405945275533616
80 420 3.9184427168471876
414 428 0.48390574875928927
419 432 -0.5672302300910688
412 580 3.7324082779400585
390 580 0.2899341161553104
414 431 3.2060450031958343
345 424 3.7324082779400585
80 436 2.4719660016221714
428 431 2.5856857384930256
377 424 3.10674997290245
410 423 -0.13248112001244716
421 436 1.72076695640305
166 434 2.7803933118077264
174 453 1.604628978813839
359 416 2.023523983245292
364 434 2.7803933118077264
423 425 1.0221648177565306
378 453 3.574453703354731
451 453 3.7324082779400585
287 426 3.7324082779400585
190 377 3.7324082779400585
190 438 3.574453703354731
382 432 1.445594446330888
418 423 -1.4968294629075651
401 433 4.844202556684481
398 439 1.8144599138640842
399 439 1.2778513804684322
400 441 -0.17945749696390423
345 447 3.015725255756913
398 430 -1.60462908492035
342 441 -1.60462908492035
291 445 3.574453703354731
391 445 3.7324082779400585
357 484 2.418966462073592
379 452 2.5856857384930256
379 455 -0.7580155848378691
422 437 2.646993557188065
345 443 2.646993557188065
424 443 2.5274488884529975
420 435 3.015725255756913
80 435 1.7825318837304605
80 444 1.3008299128497565
421 444 2.2726891994400433
287 391 1.445594446330888
416 484 2.418966462073592
452 455 0.8864565510992328
446 455 1.4205758640846524
430 439 1.3008299128497565
427 439 1.6615501074318497
427 437 -1.847139159904398
409 441 -0.7940690348095123
419 442 2.141984057957801
420 482 1.9501526258096291
391 426 2.368217406966919
397 452 0.6698459156176995
432 442 -0.722426472174637
80 482 1.471006361575077
435 444 1.4968293639808472
422 440 -2.6469936768108107
407 440 1.7513136084096503
415 449 0.2899341161553104
418 457 1.0022628750411067
348 457 1.6328169387983074
336 450 2.2726891994400433
437 440 -3.732408358890588
409 449 3.015725255756913
80 457 2.0618119072200103
378 450 3.4370554399806776
291 459 4.844202556684481
406 448 1.8144599138640842
415 456 0.1168571278983801
415 461 2.101269714871794
382 467 0.8864565510992328
423 468 3.9184427168471876
80 464 2.0618119072200103
428 441 -0.8306198826413334
449 456 2.7803933118077264
456 461 1.5497853865743236
403 461 1.8144599138640842
432 467 1.471006361575077
425 468 1.3241144775306468
436 464 -0.7047962700763302
174 464 1.5230823357393546
426 454 2.101269714871794
287 454 4.844202556684481
397 448 1.3959338990403656
432 466 -0.7759822513321553
424 463 1.4205758640846524
291 390 0.40219817433836536
445 459 3.574453703354731
287 433 3.574453703354731
357 448 0.7580154487445683
403 442 0.03891301945135828
442 466 -1.2106356105583946
443 463 2.2726891994400433
423 457 3.4370554399806776
436 444 0.3217949194737102
385 450 -0.11685724657693086
407 471 -1.2106356105583946
431 471 2.2275794437459226
441 460 1.445594446330888
409 460 0.8490926297285697
403 465 2.368217406966919
442 465 1.1671515377428254
377 463 2.184051378192568
359 484 3.015725255756913
440 471 -1.9501526936104758
435 482 -0.7047962700763302
390 478 1.72076695640305
430 473 2.2275794437459226
431 474 0.08565016394454328
442 462 0.38602265684584536
377 477 4.436121480203944
80 469 3.7324082779400585
385 458 2.646993557188065
428 474 -0.4510470176203887
462 466 -1.1246387871621042
469 482 3.574453703354731
450 458 2.2275794437459226
484 510 2.418966462073592
417 476 4.436121480203944
425 481 0.38602265684584536
359 510 2.368217406966919
449 460 0.7047961364960313
466 467 -1.8144600365838361
467 476 4.145152023550564
299 476 3.7324082779400585
404 481 -1.3008300007371676
468 481 2.4719660016221714
411 458 2.368217406966919
377 480 3.4370554399806776
174 483 2.5274488884529975
477 480 4.844202556684481
464 483 2.93164334365634
391 470 4.145152023550564
427 430 1.880614156109223
437 479 1.8144599138640842
440 479 -2.6469936768108107
440 485 -1.751313725733529
479 485 3.7324082779400585
456 460 2.368217406966919
337 472 3.7324082779400585
412 472 3.015725255756913
462 475 1.4968293639808472
345 476 2.5856857384930256
427 479 -2.1840514594677467
471 485 3.4370554399806776
466 475 -0.722426472174637
397 486 0.8864565510992328
457 489 1.8144599138640842
80 489 3.015725255756913
411 483 0.8306197427665889
411 491 1.9501526258096291
448 486 2.368217406966919
452 486 3.015725255756913
447 476 3.574453703354731
190 488 4.436121480203944
434 487 3.015725255756913
445 470 2.5274488884529975
446 473 1.0221648177565306
190 480 2.184051378192568
483 491 3.4370554399806776
442 500 -1.4710064589046166
444 483 2.5274488884529975
436 483 2.4719660016221714
465 500 -1.0625403846496646
462 500 -0.533685124626992
458 491 0.652518806521984
478 580 1.7825318837304605
431 485 2.418966462073592
457 490 0.5672301020452246
489 490 1.6328169387983074
470 492 2.93164334365634
386 495 -4.43612156009328
359 495 -1.324114566604422
474 485 -1.5769600686022973
456 506 0.5004307185850176
403 499 0.6698459156176995
465 499 1.1457782142804072
466 496 0.5504197869721676
463 513 1.5497853865743236
438 687 2.7117470592609445
468 493 0.7047961364960313
423 493 0.9053573740495944
391 492 2.7803933118077264
495 510 -2.7803933790295874
461 506 0.5504197869721676
467 496 -0.5841189757308616
443 513 -0.24241052705099042
190 687 3.7324082779400585
481 493 0.7759821143416219
423 490 -0.4184259027266788
435 483 1.3716527928075883
403 506 0.40219817433836536
458 502 1.3959338990403656
499 506 2.368217406966919
475 496 0.6872705278045488
450 502 3.3153580262671256
454 494 0.8490926297285697
287 494 3.2060450031958343
484 498 3.10674997290245
357 498 0.9436225830949259
357 510 2.646993557188065
448 510 2.2726891994400433
476 497 2.8534721380276795
377 513 2.93164334365634
435 505 4.436121480203944
458 501 1.347717671142901
433 494 1.4205758640846524
499 500 2.184051378192568
475 500 -1.3959339919795308
190 687 3.9184427168471876
483 505 0.8864565510992328
491 501 -0.19515772478657212
430 519 1.4205758640846524
427 519 -0.21088196663715686
434 508 3.3153580262671256
378 509 2.4719660016221714
453 509 0.9629978960423582
453 503 4.436121480203944
426 492 3.3153580262671256
498 510 4.436121480203944
486 510 3.9184427168471876
503 509 4.844202556684481
479 519 2.646993557188065
485 512 1.210635526973574
474 512 -1.5769600686022973
443 520 0.6698459156176995
428 460 3.9184427168471876
513 520 4.844202556684481
482 505 -0.32179504083642385
475 507 1.986327796610479
496 507 0.6181436068748636
476 514 3.9184427168471876
349 495 -4.43612156009328
460 506 0.03891301945135828
497 514 -0.038913137770452355
443 447 2.101269714871794
450 509 1.3716527928075883
472 518 1.986327796610479
485 511 -0.8864566941706382
496 504 0.8490926297285697
291 478 -0.27405945275533616
511 512 0.9244109312539295
500 507 0.5504197869721676
504 507 1.2778513804684322
291 515 4.844202556684481
401 516 5.537334267018537
488 687 3.015725255756913
166 488 3.3153580262671256
412 518 4.145152023550564
478 515 1.6615501074318497
401 494 1.0221648177565306
502 509 3.574453703354731
510 539 -2.2726892867301896
434 517 2.368217406966919
508 517 3.7324082779400585
434 522 1.0221648177565306
487 522 -0.8122801326543725
495 539 0.6010889981175147
455 486 1.986327796610479
467 504 -0.07006336313715722
508 522 0.38602265684584536
469 489 4.145152023550564
349 521 3.4370554399806776
506 540 0.5672301020452246
447 528 1.0625402297313233
483 523 3.7324082779400585
460 540 1.6328169387983074
476 528 2.2726891994400433
505 523 0.4674453385798212
445 529 4.436121480203944
476 527 3.3153580262671256
459 529 0.22663210648628773
495 521 -4.145152083743929
467 527 3.015725255756913
478 526 3.2060450031958343
494 534 2.368217406966919
455 530 1.8471390342477205
428 548 -0.14812115655181013
428 545 1.880614156109223
490 532 1.6328169387983074
502 525 4.844202556684481
454 534 2.5274488884529975
401 534 2.0618119072200103
446 530 2.418966462073592
479 511 -0.635285935274005
474 548 -2.319517101482562
545 548 1.3959338990403656
434 488 2.101269714871794
423 532 0.03891301945135828
458 525 1.103724552883528
526 580 0.19515760538251437
401 538 2.5856857384930256
338 538 3.4370554399806776
476 541 2.7117470592609445
477 542 2.7117470592609445
505 537 3.4370554399806776
491 533 0.41842577919951873
501 533 0.1168571278983801
501 524 2.7803933118077264
467 507 1.0221648177565306
527 541 3.4370554399806776
514 541 1.880614156109223
377 542 1.347717671142901
404 487 3.4370554399806776
524 533 2.2726891994400433
486 530 3.10674997290245
499 601 -0.5004308444200505
477 543 3.10674997290245
506 601 -1.7207670712436016
542 543 2.5274488884529975
489 532 1.880614156109223
482 537 3.2060450031958343
523 537 3.9184427168471876
483 533 1.880614156109223
401 535 2.93164334365634
430 544 0.1637791782871667
514 549 2.2726891994400433
514 531 2.184051378192568
497 531 -0.7580155848378691
497 536 1.347717671142901
291 529 1.5769599644200505
535 538 2.023523983245292
473 544 2.7803933118077264
500 601 -1.4710064589046166
541 549 3.2060450031958343
531 549 2.8534721380276795
531 536 -0.32179504083642385
476 536 2.8534721380276795
447 520 0.7224263377855422
511 552 -0.7401649710893459
512 552 1.986327796610479
474 552 -1.042255157127819
404 550 3.2060450031958343
479 552 1.7513136084096503
481 550 1.210635526973574
458 524 -1.1887676261434261
506 565 -2.2726892867301896
506 558 -0.9629980439232386
548 552 1.6328169387983074
428 540 0.8306197427665889
540 565 -1.2551670218420983
558 565 1.5769599644200505
558 601 4.844202556684481
412 472 0.9053573740495944
515 547 3.9184427168471876
483 546 4.844202556684481
483 559 3.9184427168471876
470 529 3.9184427168471876
523 546 1.1671515377428254
533 559 3.9184427168471876
454 555 3.574453703354731
524 554 -1.7825320036768968
291 547 1.5497853865743236
492 555 1.6328169387983074
540 545 0.2582187931706581
467 500 -1.3008300007371676
190 477 3.4370554399806776
533 554 1.72076695640305
458 554 2.5274488884529975
529 567 5.537334267018537
338 563 3.10674997290245
519 568 4.436121480203944
528 553 1.8471390342477205
291 567 2.0618119072200103
476 553 4.844202556684481
447 553 2.646993557188065
517 522 2.93164334365634
510 560 -0.16377929735639296
479 556 3.3153580262671256
552 564 3.3153580262671256
493 562 3.015725255756913
423 562 3.3153580262671256
532 562 0.9629978960423582
539 560 1.1671515377428254
479 564 2.368217406966919
401 551 2.31951701078773
473 576 5.537334267018537
544 576 3.4370554399806776
536 561 2.8534721380276795
476 561 2.8534721380276795
520 577 -0.5004308444200505
473 530 -0.533685124626992
479 568 2.5856857384930256
513 577 0.007781661256567096
489 562 5.537334267018537
478 566 0.22663210648628773
515 566 0.2582187931706581
401 582 0.8306197427665889
535 582 0.8306197427665889
521 574 3.9184427168471876
545 557 -1.1037246319352672
540 557 1.6328169387983074
522 605 2.4719660016221714
487 605 2.5274488884529975
469 572 2.93164334365634
482 570 3.10674997290245
526 566 -2.1419841365639445
547 566 2.101269714871794
495 574 -2.319517101482562
489 572 2.93164334365634
537 570 2.8534721380276795
526 579 2.0618119072200103
526 580 4.436121480203944
510 575 3.2060450031958343
430 576 -0.023346044556825873
430 584 3.4370554399806776
545 571 2.646993557188065
469 570 1.7825318837304605
509 578 1.5497853865743236
579 580 3.015725255756913
534 555 2.93164334365634
534 551 1.6615501074318497
538 582 0.6010889981175147
560 575 0.9244109312539295
576 584 2.7117470592609445
556 564 3.574453703354731
557 571 -0.867703438765498
557 565 -0.9629980439232386
502 578 2.31951701078773
503 578 2.7117470592609445
516 581 3.10674997290245
513 569 2.5856857384930256
566 580 -1.6615502176829433
516 582 0.369896870073811
338 521 5.537334267018537
536 549 2.7803933118077264
569 577 -1.0625403846496646
377 569 2.8534721380276795
570 572 2.5274488884529975
567 573 4.145152023550564
401 581 2.368217406966919
510 592 2.8534721380276795
545 593 1.3716527928075883
488 522 2.184051378192568
550 586 1.604628978813839
481 586 1.5497853865743236
523 606 3.9184427168471876
458 588 -0.24241052705099042
525 588 1.9501526258096291
291 573 0.652518806521984
486 592 0.6872705278045488
548 593 3.10674997290245
571 593 2.418966462073592
434 522 0.7224263377855422
404 586 3.3153580262671256
546 606 2.368217406966919
554 588 0.48390574875928927
453 578 2.7803933118077264
547 595 1.0022628750411067
534 598 3.574453703354731
551 598 0.369896870073811
377 587 1.6908566753683048
543 585 2.7117470592609445
477 585 4.145152023550564
542 587 0.03891301945135828
492 589 2.8534721380276795
539 591 2.7117470592609445
560 591 0.3058452631148958
486 583 3.3153580262671256
530 583 2.5274488884529975
553 597 2.2726891994400433
555 589 2.7803933118077264
447 597 2.31951701078773
569 587 1.72076695640305
493 586 4.844202556684481
551 590 2.5274488884529975
401 590 3.9184427168471876
575 591 1.8471390342477205
510 599 2.418966462073592
527 602 2.4719660016221714
590 598 1.3959338990403656
592 599 3.2060450031958343
473 583 2.646993557188065
565 601 3.4370554399806776
541 602 3.7324082779400585
522 687 3.9184427168471876
581 582 0.8677032967963991
500 614 -0.8490927706325437
467 614 1.4968293639808472
569 594 2.5856857384930256
559 607 3.7324082779400585
583 592 2.93164334365634
587 594 3.3153580262671256
562 572 3.3153580262671256
430 608 1.9501526258096291
519 608 -1.167151619412428
568 600 3.7324082779400585
601 610 3.4370554399806776
500 610 -0.9436227297103521
487 612 3.2060450031958343
404 612 4.145152023550564
519 600 4.436121480203944
547 596 0.7401648358628796
291 596 1.72076695640305
479 609 4.844202556684481
520 603 2.4719660016221714
447 520 -0.7940690348095123
447 577 1.5497853865743236
577 604 -2.6469936768108107
569 604 1.72076695640305
595 596 2.0618119072200103
534 589 2.7117470592609445
447 603 2.101269714871794
594 604 1.6908566753683048
537 572 4.844202556684481
527 541 2.418966462073592
573 596 1.188767543534301
600 608 0.007781661256567096
479 600 2.023523983245292
447 604 -1.7207670712436016
542 585 3.2060450031958343
587 617 1.124638707269666
600 609 3.7324082779400585
527 614 3.9184427168471876
542 617 1.445594446330888
580 618 0.2899341161553104
566 618 3.10674997290245
495 613 1.5497853865743236
495 615 -0.10124760698692858
539 615 0.4347078707200993
584 608 3.2060450031958343
610 614 2.5856857384930256
604 611 2.023523983245292
578 619 3.10674997290245
578 678 2.93164334365634
613 615 2.646993557188065
565 571 2.5856857384930256
447 611 -0.618143736811748
594 617 3.7324082779400585
483 606 4.436121480203944
583 616 4.145152023550564
622 687 2.418966462073592
588 639 0.9244109312539295
591 615 0.7940688968903633
476 536 1.2551669361900215
190 622 0.2899341161553104
554 639 2.5856857384930256
525 639 3.4370554399806776
502 619 1.0625402297313233
619 678 2.4719660016221714
552 625 2.7117470592609445
594 611 2.184051378192568
576 608 2.023523983245292
548 625 2.2726891994400433
536 541 1.3241144775306468
566 627 1.6615501074318497
547 627 2.8534721380276795
591 629 2.0618119072200103
591 630 0.3217949194737102
575 630 0.2582187931706581
510 636 0.6010889981175147
601 621 3.574453703354731
610 621 3.7324082779400585
618 627 1.6908566753683048
574 613 -1.1037246319352672
615 629 1.72076695640305
596 631 2.023523983245292
573 631 4.145152023550564
538 632 0.3217949194737102
338 628 3.3153580262671256
510 630 0.9629978960423582
599 636 -1.5769600686022973
626 687 3.7324082779400585
338 632 1.3241144775306468
629 630 0.6698459156176995
622 626 2.646993557188065
554 559 2.7803933118077264
595 631 1.6328169387983074
401 620 4.844202556684481
583 624 2.8534721380276795
627 631 2.101269714871794
492 529 2.4719660016221714
630 636 2.8534721380276795
564 625 2.31951701078773
585 617 3.3153580262671256
580 623 3.7324082779400585
618 623 3.015725255756913
521 628 2.8534721380276795
592 649 -1.6615502176829433
608 633 2.93164334365634
600 633 0.40219817433836536
536 634 2.418966462073592
605 637 3.3153580262671256
502 639 2.7117470592609445
401 582 1.0221648177565306
574 628 3.2060450031958343
599 649 -2.1419841365639445
583 649 -4.145152083743929
616 624 2.368217406966919
565 593 -0.10124760698692858
605 612 0.9244109312539295
576 633 1.9149341938214999
541 634 2.5856857384930256
642 687 3.7324082779400585
612 647 3.10674997290245
586 647 1.880614156109223
559 643 1.3008299128497565
607 635 2.023523983245292
640 678 3.3153580262671256
623 627 3.4370554399806776
590 620 3.9184427168471876
636 649 3.10674997290245
473 624 4.844202556684481
476 634 1.2551669361900215
611 617 1.3716527928075883
404 647 3.4370554399806776
635 643 1.210635526973574
619 639 3.3153580262671256
619 640 2.2275794437459226
529 644 1.3008299128497565
582 641 2.4719660016221714
538 641 2.7117470592609445
593 650 1.3959338990403656
626 642 3.9184427168471876
607 638 0.9436225830949259
559 638 1.124638707269666
492 644 3.9184427168471876
565 650 0.07006324471763459
612 637 1.6328169387983074
493 647 2.418966462073592
483 643 2.5274488884529975
635 638 0.7940688968903633
567 644 3.3153580262671256
574 615 -0.3860227795812654
548 650 0.41842577919951873
554 638 0.33778526158074773
580 657 2.7117470592609445
338 653 0.9244109312539295
615 645 2.2275794437459226
629 645 2.368217406966919
629 648 4.145152023550564
610 646 3.7324082779400585
412 657 1.3241144775306468
632 653 2.418966462073592
630 648 3.2060450031958343
538 655 1.8471390342477205
610 651 2.184051378192568
610 654 0.33778526158074773
614 654 2.5856857384930256
541 656 1.3241144775306468
632 655 -0.17945749696390423
616 649 -2.7803933790295874
646 651 4.844202556684481
651 654 0.5336849977291656
634 656 2.5274488884529975
637 647 -0.14812115655181013
492 534 2.7803933118077264
492 598 1.9149341938214999
617 652 4.436121480203944
574 645 -0.722426472174637
601 610 1.7825318837304605
611 652 2.023523983245292
645 671 -0.11685724657693086
660 687 5.537334267018537
641 655 1.9501526258096291
574 671 3.3153580262671256
638 643 0.6872705278045488
633 659 4.145152023550564
600 669 1.9149341938214999
642 660 3.7324082779400585
637 677 3.4370554399806776
483 638 1.3008299128497565
623 657 4.145152023550564
401 641 3.015725255756913
609 669 0.22663210648628773
447 553 3.7324082779400585
647 677 2.7117470592609445
627 679 3.4370554399806776
338 662 1.0221648177565306
527 670 2.418966462073592
541 670 3.9184427168471876
493 661 3.9184427168471876
638 658 0.2582187931706581
554 658 2.5274488884529975
631 679 5.537334267018537
492 590 0.4347078707200993
653 655 1.3241144775306468
653 662 2.418966462073592
645 648 0.8864565510992328
600 659 0.08565016394454328
647 661 0.2582187931706581
483 658 3.9184427168471876
645 663 2.141984057957801
648 663 2.368217406966919
576 666 3.9184427168471876
562 674 0.7759821143416219
572 674 2.5274488884529975
639 658 2.4719660016221714
619 665 3.4370554399806776
640 665 1.986327796610479
190 626 2.7803933118077264
665 678 2.93164334365634
655 668 2.31951701078773
653 668 0.8122799937741847
473 666 2.646993557188065
651 667 2.0618119072200103
654 667 2.8534721380276795
537 664 1.9501526258096291
479 564 2.7803933118077264
190 585 3.7324082779400585
523 664 -0.22663222628581936
628 662 3.3153580262671256
616 636 -1.2778514672160726
473 672 3.9184427168471876
541 634 2.7803933118077264
572 664 2.31951701078773
624 636 -1.5769600686022973
641 676 4.436121480203944
630 675 2.5274488884529975
636 675 0.7580154487445683
576 659 -0.21088196663715686
614 670 3.9184427168471876
655 676 3.3153580262671256
659 666 2.141984057957801
401 683 4.844202556684481
628 691 4.436121480203944
574 691 4.436121480203944
650 681 2.4719660016221714
614 667 2.5274488884529975
492 567 3.4370554399806776
620 683 3.10674997290245
663 671 1.5230823357393546
666 672 3.4370554399806776
548 681 2.8534721380276795
653 787 2.8534721380276795
662 787 4.145152023550564
648 671 1.3959338990403656
648 680 0.41842577919951873
630 680 2.141984057957801
565 681 3.3153580262671256
601 673 2.4719660016221714
562 682 2.101269714871794
572 685 4.436121480203944
606 658 4.436121480203944
653 655 2.141984057957801
479 669 -0.8122801326543725
610 673 1.5769599644200505
667 670 2.646993557188065
674 682 2.418966462073592
674 685 3.9184427168471876
606 664 3.9184427168471876
636 694 0.22663210648628773
624 694 -1.0221649697100497
626 687 1.604628978813839
619 678 4.436121480203944
642 687 4.844202556684481
493 682 3.015725255756913
639 678 4.844202556684481
653 693 1.0422550037182607
693 787 3.015725255756913
624 672 2.101269714871794
564 684 0.6352858046593717
665 678 3.574453703354731
671 680 1.9149341938214999
675 680 2.101269714871794
625 684 2.5856857384930256
492 801 1.1457782142804072
665 688 2.8534721380276795
590 801 2.368217406966919
655 693 3.2060450031958343
601 681 0.35381849771398977
190 687 0.07006324471763459
678 688 4.844202556684481
681 699 4.145152023550564
601 699 1.103724552883528
658 678 4.844202556684481
673 699 -0.08565028243590467
522 637 3.7324082779400585
694 697 2.93164334365634
479 698 2.0618119072200103
634 686 1.2551669361900215
553 634 4.145152023550564
190 709 1.5769599644200505
623 679 3.015725255756913
672 697 0.8864565510992328
541 686 1.188767543534301
553 686 1.880614156109223
687 709 2.646993557188065
610 700 -0.33778538326100627
646 700 1.2778513804684322
667 689 1.6615501074318497
670 689 0.7047961364960313
447 652 2.2275794437459226
682 690 3.9184427168471876
548 684 1.1457782142804072
673 700 4.844202556684481
651 689 1.986327796610479
685 690 3.3153580262671256
492 776 3.2060450031958343
695 787 3.574453703354731
636 696 1.6908566753683048
670 692 2.93164334365634
647 701 3.2060450031958343
572 705 3.3153580262671256
664 705 4.145152023550564
776 801 3.7324082779400585
620 801 2.646993557188065
651 700 1.1457782142804072
689 692 0.4347078707200993
661 701 -0.4184259027266788
675 706 -3.2060451019615273
636 703 2.646993557188065
564 707 0.1168571278983801
684 704 0.8490926297285697
548 704 0.5504197869721676
553 708 2.4719660016221714
447 708 2.93164334365634
447 617 3.574453703354731
661 712 -0.17945749696390423
680 706 -1.7207670712436016
636 706 0.9436225830949259
694 703 -1.0221649697100497
479 707 0.7759821143416219
684 707 1.604628978813839
701 712 2.8534721380276795
567 702 3.9184427168471876
659 714 2.7803933118077264
548 710 1.7825318837304605
447 585 3.2060450031958343
492 702 3.10674997290245
696 703 3.9184427168471876
600 714 3.574453703354731
704 710 1.445594446330888
190 447 3.015725255756913
548 711 0.7401648358628796
493 690 2.5274488884529975
698 707 2.0618119072200103
710 711 1.2778513804684322
683 801 1.7513136084096503
672 713 3.7324082779400585
681 711 -1.5769600686022973
606 705 3.7324082779400585
492 534 1.6328169387983074
662 695 0.3217949194737102
666 713 3.3153580262671256
479 600 2.8534721380276795
704 707 -0.2899342369326745
655 721 2.4719660016221714
695 719 3.10674997290245
662 719 1.3008299128497565
687 715 4.145152023550564
647 716 3.3153580262671256
401 801 3.3153580262671256
641 655 1.3716527928075883
693 721 0.5170228985401271
671 691 1.7825318837304605
696 706 -1.6615502176829433
651 692 1.1671515377428254
677 716 -1.042255157127819
412 726 1.5769599644200505
657 726 1.232765242543629
628 719 0.9629978960423582
573 720 4.145152023550564
553 728 3.10674997290245
708 728 3.7324082779400585
447 722 4.145152023550564
658 743 5.537334267018537
567 720 2.646993557188065
708 722 3.3153580262671256
661 690 0.7940688968903633
412 717 1.7825318837304605
718 801 2.2726891994400433
719 787 3.2060450031958343
691 727 2.023523983245292
671 727 2.368217406966919
447 732 2.5856857384930256
447 723 4.145152023550564
647 725 4.436121480203944
690 729 2.2726891994400433
522 715 1.880614156109223
701 725 2.0618119072200103
685 729 4.436121480203944
657 724 4.145152023550564
623 724 1.4205758640846524
698 731 4.145152023550564
717 726 0.8306197427665889
724 726 2.7803933118077264
680 727 1.3008299128497565
479 731 1.6328169387983074
190 723 4.145152023550564
678 743 4.145152023550564
534 733 1.471006361575077
401 746 1.1671515377428254
641 746 4.844202556684481
686 750 0.35381849771398977
553 750 1.6908566753683048
447 735 3.574453703354731
690 737 -0.4839058740936957
679 724 4.145152023550564
492 733 4.145152023550564
723 735 1.6615501074318497
661 737 -3.3153581355547077
729 737 3.7324082779400585
680 740 2.023523983245292
714 741 1.6615501074318497
707 742 2.5856857384930256
541 749 2.8534721380276795
709 736 3.7324082779400585
706 740 3.7324082779400585
600 741 1.7825318837304605
698 742 1.3959338990403656
670 749 2.646993557188065
190 736 3.7324082779400585
687 736 3.3153580262671256
727 751 0.8306197427665889
680 751 1.347717671142901
706 744 1.5769599644200505
600 730 3.9184427168471876
479 730 0.38602265684584536
479 847 2.0618119072200103
704 742 -0.4839058740936957
710 742 1.0221648177565306
730 847 3.7324082779400585
731 847 2.5274488884529975
731 742 5.537334267018537
541 750 -0.22663222628581936
712 725 4.436121480203944
655 693 1.471006361575077
691 734 1.6908566753683048
727 734 0.9053573740495944
727 748 1.8471390342477205
655 787 4.436121480203944
748 751 3.7324082779400585
730 741 2.7117470592609445
711 742 -2.7117471225450083
721 738 2.184051378192568
693 738 -0.32179504083642385
628 739 4.145152023550564
732 735 3.9184427168471876
655 746 1.5497853865743236
655 738 2.93164334365634
691 739 2.4719660016221714
658 705 3.4370554399806776
734 739 1.5769599644200505
740 751 2.2726891994400433
702 745 2.7117470592609445
492 745 3.3153580262671256
723 753 0.5004307185850176
631 720 4.436121480203944
735 753 4.436121480203944
734 747 2.31951701078773
727 747 0.274059332246233
739 747 2.93164334365634
747 748 2.7117470592609445
697 713 1.471006361575077
666 714 3.4370554399806776
706 752 2.93164334365634
744 752 1.986327796610479
696 755 2.418966462073592
647 759 1.1457782142804072
706 755 0.9244109312539295
703 755 1.880614156109223
190 753 0.7940688968903633
725 759 2.93164334365634
719 771 0.8122799937741847
740 754 1.8471390342477205
706 752 2.4719660016221714
703 756 2.0618119072200103
731 757 4.436121480203944
716 759 -0.9053575182618498
572 658 3.4370554399806776
628 771 3.4370554399806776
706 754 2.368217406966919
755 756 2.646993557188065
694 756 -0.07006336313715722
677 759 3.2060450031958343
702 720 1.7513136084096503
740 760 1.6908566753683048
728 768 3.4370554399806776
708 768 2.5856857384930256
722 732 0.5170228985401271
190 761 2.368217406966919
522 758 3.10674997290245
637 758 4.436121480203944
751 760 3.9184427168471876
757 847 1.9501526258096291
722 735 2.4719660016221714
753 761 4.844202556684481
715 758 3.3153580262671256
714 730 0.9053573740495944
730 764 2.368217406966919
553 768 0.6010889981175147
708 763 3.10674997290245
722 763 2.184051378192568
720 745 2.141984057957801
752 755 2.0618119072200103
764 847 0.38602265684584536
750 768 4.436121480203944
655 770 4.436121480203944
713 714 1.72076695640305
713 730 3.10674997290245
742 762 3.9184427168471876
670 767 0.8864565510992328
717 724 -0.4839058740936957
771 787 2.31951701078773
739 771 2.646993557188065
754 760 0.5504197869721676
731 762 3.4370554399806776
749 767 1.347717671142901
631 724 4.436121480203944
746 770 0.1481210376275779
739 765 3.2060450031958343
747 765 0.9436225830949259
699 711 -1.6615502176829433
651 772 1.5769599644200505
687 774 0.9244109312539295
678 769 4.436121480203944
631 717 2.93164334365634
692 772 1.8144599138640842
763 768 3.574453703354731
736 774 -0.22663222628581936
770 777 3.7324082779400585
692 767 0.6872705278045488
769 791 1.9149341938214999
746 777 1.8471390342477205
752 765 2.5856857384930256
755 765 2.646993557188065
697 766 2.93164334365634
713 766 3.3153580262671256
742 844 3.7324082779400585
711 844 -0.8864566941706382
699 783 0.6181436068748636
673 783 3.2060450031958343
748 765 1.471006361575077
706 773 4.844202556684481
752 773 3.3153580262671256
699 844 3.9184427168471876
745 775 1.103724552883528
492 775 3.10674997290245
780 801 2.0618119072200103
749 818 0.35381849771398977
541 818 3.3153580262671256
190 797 1.2551669361900215
736 797 1.8471390342477205
720 775 3.9184427168471876
401 780 2.93164334365634
765 773 3.9184427168471876
767 818 4.436121480203944
713 778 3.9184427168471876
730 782 2.646993557188065
763 781 4.145152023550564
722 781 1.471006361575077
722 784 2.368217406966919
759 779 2.93164334365634
706 760 2.5274488884529975
764 782 4.145152023550564
735 784 4.436121480203944
712 759 0.10124748840924536
572 729 0.5504197869721676
746 780 -0.13248112001244716
677 779 3.7324082779400585
713 785 1.7513136084096503
673 844 2.101269714871794
722 793 0.4674453385798212
766 785 2.4719660016221714
778 785 3.2060450031958343
700 844 2.5856857384930256
781 793 3.4370554399806776
784 793 1.188767543534301
746 787 0.6010889981175147
756 792 0.3217949194737102
190 796 1.986327796610479
796 797 3.9184427168471876
777 787 2.418966462073592
694 792 1.471006361575077
762 844 2.4719660016221714
729 799 -0.21088196663715686
572 799 -0.25821891342749526
755 792 2.31951701078773
783 844 3.7324082779400585
737 799 -4.43612156009328
778 788 3.4370554399806776
713 788 2.368217406966919
713 789 3.015725255756913
699 790 4.145152023550564
768 795 2.7117470592609445
774 797 3.7324082779400585
687 758 3.7324082779400585
706 751 2.368217406966919
687 797 0.6010889981175147
720 794 1.9501526258096291
786 801 4.145152023550564
780 786 5.537334267018537
788 789 3.10674997290245
717 800 0.9436225830949259
750 795 2.023523983245292
658 804 2.023523983245292
631 800 3.7324082779400585
631 794 3.10674997290245
780 787 5.537334267018537
697 785 -0.22663222628581936
190 753 2.5274488884529975
677 758 3.574453703354731
658 799 -2.7117471225450083
777 787 3.10674997290245
770 787 2.93164334365634
699 803 3.9184427168471876
799 811 3.015725255756913
783 803 2.2275794437459226
661 759 3.574453703354731
658 811 -2.4719661045957224
777 802 2.418966462073592
796 797 3.2060450031958343
737 798 2.2726891994400433
697 792 0.6010889981175147
790 803 3.4370554399806776
190 797 1.8144599138640842
661 798 -2.5274489963885465
678 791 4.844202556684481
492 720 0.40219817433836536
787 802 4.145152023550564
765 792 4.436121480203944
792 805 2.368217406966919
658 808 2.7117470592609445
492 794 3.574453703354731
697 805 1.9501526258096291
785 788 3.574453703354731
713 782 0.3058452631148958
798 799 -3.9184428135768994
717 817 0.8490926297285697
706 765 4.436121480203944
782 816 1.471006361575077
772 806 1.986327796610479
793 810 2.2275794437459226
784 810 2.8534721380276795
658 822 0.7940688968903633
713 816 -0.27405945275533616
764 816 2.8534721380276795
651 806 1.210635526973574
692 806 2.93164334365634
808 822 1.5230823357393546
804 822 2.368217406966919
697 809 3.2060450031958343
697 812 -0.08565028243590467
785 812 1.0022628750411067
789 813 1.6328169387983074
692 818 3.574453703354731
798 807 2.5856857384930256
743 824 4.844202556684481
678 824 3.015725255756913
800 817 4.844202556684481
809 812 1.0022628750411067
788 812 1.72076695640305
713 813 3.574453703354731
661 807 -1.8806142848807943
751 765 3.7324082779400585
687 820 2.93164334365634
758 814 3.015725255756913
677 814 3.4370554399806776
658 823 3.2060450031958343
788 813 2.8534721380276795
541 795 -2.7117471225450083
804 823 2.141984057957801
790 844 3.3153580262671256
797 819 4.436121480203944
798 815 -1.7825320036768968
799 815 2.646993557188065
781 810 2.31951701078773
797 820 3.574453703354731
807 815 -0.5170230248961472
190 825 1.7825318837304605
797 825 3.2060450031958343
748 765 1.3716527928075883
805 809 2.7117470592609445
803 844 3.574453703354731
780 829 4.145152023550564
700 826 1.4968293639808472
651 826 0.023345926266394867
651 692 4.145152023550564
811 821 2.8534721380276795
692 826 3.2060450031958343
796 819 0.274059332246233
799 821 0.1481210376275779
822 823 4.145152023550564
826 844 4.145152023550564
687 814 0.8490926297285697
815 821 1.7825318837304605
768 827 3.3153580262671256
763 827 2.7117470592609445
816 847 1.0221648177565306
808 811 -2.8534722097520193
792 831 2.8534721380276795
809 832 1.6908566753683048
812 833 3.4370554399806776
788 833 3.7324082779400585
803 834 4.844202556684481
803 838 2.8534721380276795
783 838 2.101269714871794
781 841 1.72076695640305
687 797 2.5274488884529975
687 779 1.4968293639808472
779 814 2.646993557188065
811 828 2.368217406966919
808 828 -3.3153581355547077
805 831 2.5856857384930256
805 832 2.101269714871794
812 832 1.880614156109223
838 844 3.9184427168471876
810 841 0.6698459156176995
821 828 1.9149341938214999
713 833 3.2060450031958343
661 821 2.31951701078773
807 821 1.2778513804684322
808 839 1.3716527928075883
823 842 1.445594446330888
816 833 1.471006361575077
834 844 4.844202556684481
763 841 0.9053573740495944
828 839 0.9053573740495944
822 839 1.5497853865743236
765 830 1.4968293639808472
658 842 -0.10124760698692858
658 835 1.9149341938214999
748 830 0.8490926297285697
834 838 5.537334267018537
779 797 2.2275794437459226
835 842 -0.038913137770452355
794 836 2.5856857384930256
748 837 3.4370554399806776
763 846 1.103724552883528
190 845 2.141984057957801
825 845 3.2060450031958343
759 821 2.8534721380276795
822 848 0.5004307185850176
830 837 1.0625402297313233
813 833 4.844202556684481
841 846 2.0618119072200103
818 840 4.145152023550564
541 850 -0.6010891274007599
835 843 1.0022628750411067
658 843 3.574453703354731
631 836 1.5497853865743236
739 787 4.145152023550564
795 850 3.4370554399806776
827 846 0.982542654754837
823 849 2.31951701078773
765 837 3.574453703354731
757 762 1.6615501074318497
541 840 0.1481210376275779
779 821 2.4719660016221714
839 848 0.2899341161553104
823 848 -0.07006336313715722
842 849 2.141984057957801
678 743 0.40219817433836536
797 845 3.4370554399806776
848 849 0.5170228985401271
762 847 2.93164334365634
805 812 0.08565016394454328
844 847 0.2899341161553104
784 853 1.3008299128497565
735 853 0.07006324471763459
792 805 3.574453703354731
753 853 1.9501526258096291
829 852 3.3153580262671256
743 851 3.574453703354731
780 852 3.10674997290245
780 852 2.2275794437459226
821 854 4.436121480203944
776 794 0.48390574875928927
828 854 2.7117470592609445
839 855 3.9184427168471876
805 833 2.101269714871794
190 853 1.880614156109223
835 849 2.184051378192568
658 835 1.5769599644200505
848 855 1.3959338990403656
800 856 3.4370554399806776
795 827 2.5274488884529975
839 854 2.2726891994400433
765 805 2.101269714871794
818 826 0.652518806521984
541 818 -0.36989699244014895
835 848 -0.6010891274007599
854 855 0.8122799937741847
827 841 -0.5672302300910688
