MULTICUT
0 4 9.62819
0 11 2.06181
1 2 4.8442
1 6 3.01573
1 10 12.1783
1 29 3.57445
1 31 5.85602
1 32 3.57445
3 10 6.58297
3 12 5.55379
4 11 9.79311
4 14 5.2908
4 21 1.72077
4 28 0.0700632
4 29 16.601
4 34 3.31536
4 37 3.91844
4 38 1.98633
4 47 4.14515
5 11 1.95015
5 14 10.6292
6 10 2.64699
7 12 10.7656
7 15 4.76179
7 17 1.47101
8 15 3.91844
9 15 2.06181
10 12 2.37533
10 22 4.43612
10 23 11.8356
10 31 5.60141
10 32 4.8442
10 33 2.85347
10 42 13.3364
10 43 7.65085
10 45 6.6812
10 46 4.8958
10 50 4.20254
10 53 1.75131
10 54 14.1855
10 57 3.10675
10 60 -5.53733
10 62 5.39157
10 63 -9.45578
10 71 -4.8442
11 14 4.79148
11 21 5.18371
12 15 2.78039
12 19 2.85347
12 20 2.27269
12 22 3.01573
12 23 11.3785
12 27 2.71175
12 39 11.1178
12 44 7.54287
12 48 4.14515
12 51 10.3878
12 53 2.58569
12 58 -11.0747
12 60 -8.98936
12 61 -5.53733
12 70 4.90099
13 15 5.78512
14 21 2.93164
14 24 6.73118
14 28 7.34832
14 29 4.73527
14 30 2.14198
15 16 11.3396
15 17 3.20604
15 18 8.55894
15 20 13.9284
15 25 16.5878
15 26 3.10675
15 35 11.3971
15 39 6.77068
15 40 3.31536
15 49 3.20604
15 56 3.31536
15 65 2.42116
15 87 2.52745
15 90 3.73241
15 91 9.37353
15 128 2.85347
15 148 4.19376
15 156 3.06157
15 160 3.43706
15 167 1.65184
15 199 2.36822
18 25 0.87496
20 39 6.18667
23 53 2.78039
24 29 13.2157
24 30 0.305845
24 36 4.0255
25 26 1.81446
25 35 3.61337
25 56 3.73241
28 29 5.86592
29 30 6.3687
29 32 3.20604
29 34 4.14515
29 36 8.01058
29 37 1.95015
29 38 3.20604
29 41 3.57445
29 45 10.1054
29 47 3.91844
29 52 5.51494
29 55 3.01573
29 62 3.53611
29 79 4.8442
29 83 5.41663
29 95 8.06359
29 96 5.15771
29 97 2.41897
29 100 16.5782
29 105 14.272
29 112 1.98633
29 116 1.66155
29 133 3.31536
32 45 1.16715
39 49 1.25517
39 65 2.78039
39 68 3.01781
39 70 2.57846
42 54 2.93565
44 51 3.91844
44 59 -28.8208
44 61 -4.8442
44 67 -4.8442
45 62 8.11847
48 58 -5.53733
48 60 -4.14515
51 67 -4.8442
51 70 2.64699
51 75 -5.53733
51 84 -5.53733
53 60 -5.53733
54 62 4.8442
54 71 -18.5265
54 74 3.73241
54 101 -5.53733
54 103 -4.14515
58 59 1.54694
58 60 -0.0172342
58 61 1.50802
58 64 -5.13219
58 76 -0.0700634
58 85 -6.33054
58 88 -9.83278
58 92 0.758015
59 61 0.399526
59 67 0.948744
59 76 -2.6163
59 82 0.909445
59 86 -2.95518
59 89 -4.80706
59 92 3.57445
59 107 -3.31536
60 63 2.10318
60 64 0.502247
60 66 0.193687
60 69 2.23994
60 72 0.66341
60 73 -0.345391
60 78 -3.39649
60 80 -5.53733
62 93 3.31536
62 101 -8.16853
62 110 6.32306
62 112 7.76309
62 124 -7.85993
63 71 1.66155
63 77 0.467445
63 78 -5.32189
64 66 0.135724
64 72 0.574169
64 80 -3.91844
64 81 -2.70246
64 85 1.24549
65 68 2.00908
65 91 1.82029
66 72 0.0752766
67 75 -1.04641
67 86 0.0110891
67 89 -0.0299888
67 98 0.578338
67 107 0.103925
68 70 7.35455
68 91 3.73241
68 115 -12.5851
68 123 -11.0747
69 73 -0.0725809
69 80 -3.87627
70 84 -5.53733
70 94 -5.53733
70 115 -4.43612
71 74 -4.43612
71 77 2.42306
71 78 -2.76369
71 80 2.13957
71 103 -1.17458
71 108 -2.93164
72 80 -5.57872
73 78 0.20047
73 80 -4.05824
74 103 -1.30083
75 84 4.32205
75 94 3.80093
75 98 -1.22976
75 114 -0.548102
75 118 0.727611
76 82 -0.288664
77 78 -2.10127
78 80 -10.0715
80 81 1.06254
80 85 -2.47197
80 99 -4.61671
80 103 -0.140994
80 106 -15.3965
80 108 -4.43612
80 111 4.85357
80 113 -4.27691
80 120 0.0993354
80 125 3.57692
80 126 -1.42327
80 143 -4.43612
81 85 -0.706813
84 94 11.0247
84 109 1.57585
84 118 1.76371
85 88 -0.0114614
85 92 -1.54995
85 99 0.386023
85 102 -7.66322
85 104 0.292554
85 127 0.599951
85 136 1.14578
85 145 -3.31536
86 89 -0.155466
86 98 0.0100213
86 107 0.012157
88 92 -7.00891
88 104 -0.510611
89 98 -0.0535116
89 107 -0.0492902
91 123 -5.53733
91 162 3.57445
91 164 -3.91844
91 167 10.2012
92 104 -0.360035
92 107 -8.23673
92 127 -1.74124
92 137 -4.4738
93 101 -2.58569
93 124 -4.14515
94 98 -3.43706
94 109 1.06944
94 114 -3.7978
94 115 1.03836
94 118 10.487
94 132 1.28238
94 146 2.64699
94 147 1.61747
94 154 0.0848538
94 155 -10.5499
94 158 1.69723
95 105 3.73241
96 97 4.98684
96 105 5.25152
96 112 3.73241
96 119 8.9491
96 130 8.75863
96 134 2.59303
97 112 7.78006
98 107 2.72246
98 132 -5.25236
99 102 -5.61953
99 106 2.52745
100 105 9.19946
100 133 2.93164
100 165 4.43612
100 169 4.43612
100 224 3.57445
100 255 3.20604
100 265 2.31952
101 103 -2.10127
101 117 -5.90733
101 124 -0.0368256
102 106 -8.00087
102 131 -0.0856503
102 136 -4.43612
103 108 0.148121
103 117 3.39473
103 121 1.63282
103 125 -6.72275
104 127 0.0683229
105 116 5.3901
105 129 4.17038
105 130 8.52338
105 165 7.3555
105 169 3.31536
106 113 0.0183616
106 122 4.02539
106 131 -0.652519
106 136 1.91493
106 144 -8.41406
106 157 -1.75131
107 132 -2.18405
107 137 5.29522
107 151 1.54979
109 118 0.269521
110 112 2.14198
111 113 -2.041
111 120 0.209369
111 126 -0.352131
111 135 -10.605
112 124 -9.68841
112 134 3.35162
112 140 1.75614
112 142 4.56853
113 122 4.58677
113 135 0.324935
115 118 1.40605
115 123 -1.52963
115 139 3.44563
115 180 -0.148423
117 121 1.10372
117 124 1.23949
117 125 -3.01573
117 138 1.84714
117 150 -2.31952
118 139 1.07323
118 155 -0.385333
118 158 0.140263
118 180 -0.0739726
118 194 -0.0222375
119 134 4.01503
120 126 -0.0313594
120 135 -0.384542
121 125 -6.45278
122 135 3.08882
122 141 0.146187
122 144 -2.22758
122 174 -7.19248
122 183 0.233898
123 139 -6.38561
123 159 -1.91493
123 164 -1.54979
124 138 1.94653
124 140 -4.14515
124 142 -5.70694
124 149 -0.0971932
124 172 1.2805
124 177 -5.10721
124 190 0.533685
125 143 -2.47197
125 150 0.426296
125 152 0.888268
125 153 0.549119
125 163 0.0728106
125 166 -0.250508
125 173 -0.455246
126 135 -0.180528
126 141 -0.142978
126 143 -0.486736
127 137 1.39593
127 145 -2.85347
128 156 2.41897
128 160 6.48911
130 134 7.32162
130 142 8.76265
130 165 19.391
130 177 2.47197
130 179 3.73241
130 222 7.75148
131 136 -1.91493
132 147 1.43115
132 151 -0.125102
132 154 0.0848538
134 142 1.66155
135 141 6.43426
136 145 -3.57445
136 157 -2.42844
136 170 2.60032
136 183 0.501758
136 189 5.236
136 204 2.71499
136 207 -4.36622
136 210 -4.7423
136 214 -1.00078
136 229 -0.0680327
136 230 1.91493
136 242 4.88651
136 244 0.684229
136 251 -10.0547
136 269 0.012718
137 145 -9.66517
137 151 0.687271
137 171 -4.877
137 186 0.740165
137 193 -0.758016
137 202 -4.43612
137 205 0.548078
137 208 -0.743287
137 215 -0.951858
138 149 -0.0370696
138 150 -3.69538
138 161 1.59266
139 159 1.7591
139 164 6.16883
139 180 -1.10133
139 184 3.10675
139 191 5.45312
140 142 1.98285
141 143 2.53375
141 168 -0.713612
141 174 -6.21129
141 182 1.2153
141 192 2.3077
141 212 -1.54979
142 177 5.7065
142 209 -0.214436
143 153 -0.635286
143 168 -10.3729
144 157 0.0650526
144 170 -1.56075
144 183 -7.34948
145 176 -0.313627
145 186 -8.51005
145 189 -1.60463
146 147 0.849093
146 155 -2.78039
147 151 -2.93153
147 154 0.494521
147 155 -0.827721
147 171 2.30156
147 178 -0.433638
147 193 -0.302085
147 203 -0.0264909
148 156 2.46933
149 161 -0.0654395
149 172 -0.112906
150 152 0.014037
150 161 -0.416669
150 166 -0.267653
150 173 -1.95748
151 154 -0.160845
151 171 -3.10675
152 161 -0.0138684
152 163 -0.00346259
152 166 -0.00692518
152 173 -0.0794517
153 163 0.0724638
153 168 -0.946392
153 175 -0.0215055
154 171 0.109033
155 178 2.60367
155 194 0.539588
156 160 7.60253
156 197 0.669846
156 198 9.51727
156 199 3.10675
156 241 3.10675
157 170 -0.513492
159 164 1.42058
160 167 8.98936
160 220 1.66155
160 241 10.4422
160 264 6.31279
160 275 3.91844
160 282 2.27269
161 166 0.0117935
161 172 0.072132
161 173 0.0098261
161 188 -0.0719056
162 164 -3.91844
162 167 3.43706
162 196 -2.85347
163 166 0.0763747
163 173 0.0073703
163 175 -0.0105149
164 184 0.179457
164 196 -11.9747
165 177 2.96238
165 179 3.91844
165 222 4.72767
165 224 6.16014
165 252 1.18877
165 255 11.8474
165 266 8.39195
165 276 3.01573
165 285 4.14515
165 298 2.47197
165 301 6.42245
165 305 10.7203
165 306 2.85347
165 309 2.36822
165 321 2.47197
165 325 9.46903
165 330 3.3254
165 340 12.8303
165 341 7.18602
165 363 2.93164
165 383 3.53177
165 385 4.05092
165 395 2.61527
165 416 2.36822
165 439 3.31536
165 455 1.72077
165 503 3.90051
166 173 2.29183
166 175 -0.0956857
166 181 0.16814
167 187 7.3512
167 196 -11.997
167 206 0.994474
167 220 3.73241
167 261 4.52599
167 264 10.3871
167 274 7.85163
168 173 -2.93164
168 175 0.825129
168 182 -2.64936
168 195 -1.24453
170 183 0.533685
171 193 -0.163779
172 173 0.698992
172 185 -0.0180204
172 188 -0.391667
172 190 1.75658
173 175 -0.107554
173 181 0.999273
173 182 3.015
173 188 -0.846187
173 190 3.24082
173 195 0.36845
173 200 -0.0806919
173 212 -2.93831
173 216 1.1887
173 227 4.98858
173 247 -2.22758
173 249 -0.476429
174 183 -0.466338
174 192 -3.13599
174 212 2.77825
174 213 -1.39562
174 217 -0.626076
174 238 -0.668638
175 195 -0.36048
176 186 -0.533685
176 189 -4.71129
177 190 -3.20605
177 209 -0.214436
177 222 8.51911
177 252 6.20437
178 194 5.74682
178 203 5.19454
178 226 -0.343279
178 236 -4.14515
178 237 4.56193
178 239 -3.57445
180 191 -1.8085
180 194 0.00717277
180 211 -4.4473
180 219 -4.35275
182 212 -3.10675
183 201 -9.30256
183 207 -0.250879
183 210 -3.01573
183 213 2.33353
184 191 0.867703
184 196 -0.148121
185 188 1.80394
186 189 -0.106525
186 202 -3.10675
186 204 -0.0532625
188 190 -5.357
188 200 0.126307
189 204 6.42143
189 230 1.91493
190 200 -0.710459
190 232 4.48412
190 247 -4.1112
190 252 -3.10675
190 262 -6.29053
190 271 1.08303
191 196 -2.92347
191 219 2.41918
191 223 4.68701
192 212 -2.18405
193 203 0.00647078
193 205 -1.32411
193 208 0.00431433
193 233 -0.00215717
194 211 -0.178387
194 218 4.35217
194 219 -0.0217776
194 226 -1.44559
194 231 -3.73241
196 206 -7.65085
196 221 1.57935
196 223 -11.4332
196 240 -1.15713
196 259 -1.75131
196 261 -5.43916
197 198 3.01573
198 199 2.92995
198 235 5.70974
198 241 1.88061
198 243 2.14198
201 210 2.78167
202 204 -4.80962
202 215 -0.337785
202 228 0.0544848
202 233 -9.41318
203 205 -0.0516842
203 208 0.199516
203 233 -0.0456122
203 234 -3.54882
203 236 -9.11179
203 239 -3.73241
204 228 -0.55042
204 230 2.52745
204 233 0.430729
204 251 -0.911099
204 254 -0.643925
204 256 -5.03919
204 269 0.00583056
205 208 -0.36115
207 210 -0.434708
207 214 -0.519836
208 215 0.267413
208 233 -0.418344
208 234 -0.397567
208 245 -0.0198349
210 213 -1.57696
210 229 0.106517
210 244 -0.659951
211 218 0.11742
211 219 0.352277
212 216 -1.88061
212 238 -4.42837
212 249 0.190651
212 253 -1.44559
213 217 -0.669846
213 225 2.28876
213 229 -1.28172
215 233 -0.326957
217 225 -1.7476
217 238 -0.323874
218 219 2.5424
218 231 -11.5693
219 223 2.18405
219 231 -1.86806
219 248 -2.04011
219 250 2.47197
221 223 -4.49413
223 240 1.54979
223 248 -15.7839
223 259 -3.73241
224 255 4.14515
225 229 -0.206876
225 238 3.77685
225 244 4.18044
226 231 0.758015
226 237 -0.81228
228 233 -0.635286
229 238 -0.265584
229 244 -0.693526
231 237 -5.12424
231 246 3.33754
231 250 -2.288
231 257 -3.01573
231 258 -1.25517
231 268 -8.94037
232 247 -5.02809
233 234 -0.141879
233 245 0.824436
233 254 -6.65171
233 256 -0.37867
234 236 2.10127
234 245 -2.70157
234 260 -3.57445
235 241 9.6939
235 243 5.67714
236 237 -6.28744
236 239 2.36822
236 257 -4.48833
236 260 -3.91844
236 263 4.15007
236 278 -1.52657
236 284 2.73378
236 288 0.108844
236 290 -0.687271
236 296 -0.905859
237 246 -2.36822
237 257 7.59356
238 244 4.40324
238 247 -2.66529
238 249 -1.36265
238 253 1.23277
238 271 -0.337785
238 279 -14.6652
238 283 -0.402198
238 291 -1.98633
240 259 -1.88061
241 243 5.02532
241 264 5.78512
241 275 6.13769
241 297 3.73241
241 324 2.78039
241 334 2.78039
241 336 5.09754
241 344 2.58569
241 366 2.06181
241 367 2.18405
241 368 2.93164
242 251 -15.0124
243 297 4.14515
244 251 -3.79106
244 272 -2.5955
244 279 -0.375228
244 287 7.1805
244 302 2.05201
244 318 0.148601
245 254 -3.63204
245 256 -0.176697
245 260 4.09605
245 267 -0.394634
245 273 -0.0236887
246 257 -6.59018
247 249 0.358996
247 271 -4.42809
248 250 -5.00572
248 259 -4.14515
248 270 4.28907
249 271 -0.0450483
250 258 8.18302
250 270 -0.886457
251 269 0.0957169
251 272 2.95982
251 277 0.944293
252 262 1.24699
252 266 4.43612
254 256 2.12454
254 267 0.492752
255 265 3.20604
255 276 11.6252
255 285 6.99098
255 321 4.43612
255 330 1.37165
255 340 11.3338
255 399 7.01151
255 438 6.56412
255 503 7.36776
255 529 3.10675
255 557 5.57955
256 267 2.50187
256 269 -2.93533
256 280 -0.0622817
256 294 -0.294005
256 303 -8.08935
256 308 -0.652519
256 310 -2.52745
256 316 -1.00226
257 268 2.10018
257 281 0.204947
257 290 2.2819
257 292 -1.32301
258 259 -3.43706
258 268 3.81415
258 270 -1.11873
258 289 6.93602
258 320 -3.10675
259 261 5.32544
259 270 -7.4929
259 274 7.65866
259 320 0.1367
259 339 2.603
259 356 0.332822
259 370 1.416
260 263 -2.64699
260 267 -0.460151
260 273 -0.213048
260 278 5.13253
260 294 2.16755
260 300 1.03433
260 314 -2.64699
261 274 6.5128
262 266 6.19113
262 271 -7.46001
262 286 4.56881
262 299 3.73241
262 309 0.924411
263 278 -5.9651
264 274 2.93164
264 282 1.60463
264 304 9.41726
264 324 5.71204
266 286 8.28126
266 309 4.37724
267 273 0.614307
267 294 -0.541033
268 281 2.99434
268 289 4.08847
268 292 -5.45909
269 277 0.882465
269 280 -0.81018
269 308 2.44045
269 316 -0.187635
271 283 2.83659
271 299 -7.21651
272 277 1.91071
272 287 -8.74861
272 293 -4.02902
273 294 -0.0788445
274 304 11.2825
274 332 3.57445
274 339 0.431678
274 345 8.02533
274 348 3.20604
274 356 0.10897
274 370 5.12759
274 382 2.68285
276 285 5.29348
276 298 2.52745
277 293 -0.952775
277 308 1.42058
277 313 -0.00778178
278 288 -0.222734
278 295 4.30141
278 296 1.73991
278 300 0.0164926
279 283 -3.91844
279 291 0.369897
279 302 -0.513687
279 312 1.61425
279 318 -0.148601
279 322 -2.27269
281 292 -3.63196
283 291 -4.33487
283 299 -5.53733
283 311 -5.50047
283 322 1.06254
284 288 0.0181616
284 290 -1.30592
284 296 -1.00661
285 298 1.44559
286 309 12.8119
287 293 -0.0139427
287 302 4.74939
287 307 2.53099
287 343 0.0151011
288 290 -0.0680342
288 296 -0.331469
289 292 -2.70691
289 320 -7.95095
289 328 1.91968
289 333 -0.669846
290 292 -2.15189
290 296 4.12371
290 323 -0.174834
290 331 0.346029
292 323 0.197383
292 327 -0.161822
292 328 -2.10127
292 331 -3.29815
293 307 -0.11876
293 313 -2.16205
294 303 9.97746
294 314 -6.77619
294 326 -0.1037
294 329 -3.49165
294 352 3.39471
294 354 0.145852
295 296 1.88499
295 300 0.0164926
295 314 -8.35456
296 314 -7.54287
296 326 -2.63505
296 331 2.70663
297 315 8.87437
297 317 6.10249
297 334 3.57445
297 344 6.0953
297 346 0.517023
299 309 5.80145
299 311 7.4059
300 314 -4.4839
302 307 3.12975
302 312 -0.276987
302 318 0.289035
302 322 1.00872
302 343 0.340163
302 357 0.00213209
303 310 3.42393
303 347 5.56079
303 352 2.64699
303 354 0.0277887
304 324 3.01573
304 336 8.50494
304 348 2.93164
304 361 5.09789
305 306 5.17299
305 325 8.34595
305 337 3.73241
305 350 6.11744
306 309 2.85347
306 337 2.41897
307 308 -0.112863
307 313 1.63459
307 343 0.0200865
307 357 0.00366937
308 310 3.13824
308 313 -2.82442
308 316 -0.187635
308 319 6.3687
308 343 0.00193193
308 347 2.41897
308 357 0.309818
308 360 2.64259
309 337 3.43706
309 338 3.21394
309 351 9.39732
309 353 6.51972
309 364 6.45965
309 365 0.635286
310 347 2.45421
311 322 -4.14515
311 338 6.15737
311 342 2.97171
311 353 5.29207
311 362 7.94123
312 318 -0.0716512
312 322 -1.12887
313 319 -1.04226
313 343 -0.00674671
313 357 -4.26811
314 326 3.81508
314 329 1.64591
315 317 2.71175
315 335 13.4709
315 346 2.06181
315 359 2.41897
315 398 1.42058
317 335 3.5759
317 346 2.59137
318 322 0.0202217
320 333 0.0126647
320 339 0.0466868
320 356 -0.00317269
322 342 -2.06181
322 343 0.269598
322 355 -18.6691
322 377 -3.43706
323 331 -2.26255
324 336 3.91601
325 350 5.13986
325 383 2.51927
326 331 -1.17804
326 352 -0.121173
326 354 -0.0474127
326 373 -1.21064
326 381 -2.71175
326 386 -0.584119
326 413 -3.01573
326 414 -6.85009
327 328 -1.02216
327 331 -0.148429
327 333 -1.10372
327 356 -13.6969
327 374 -1.69086
327 390 -3.73241
327 417 -2.71175
328 333 -3.10714
330 340 1.57696
331 349 1.2406
331 373 -3.48316
331 374 -4.30854
332 345 1.39593
333 339 -1.30519
333 356 -1.34509
334 344 3.10675
335 346 4.56147
336 361 5.90902
336 366 1.34772
336 375 5.86814
337 350 2.71175
337 351 2.65901
337 369 1.63282
337 372 6.89522
337 384 5.07593
337 387 1.69086
337 388 3.82207
337 394 4.52281
337 407 1.54979
337 416 2.27269
338 353 3.17189
339 356 1.87042
339 370 4.04621
340 341 9.0374
342 355 5.75579
342 362 5.19954
342 389 2.14198
342 397 1.42058
342 408 6.03145
343 357 0.0476211
343 377 -4.14515
343 380 -4.22328
343 389 -6.42211
344 346 2.10127
344 359 5.51193
344 367 3.31536
344 368 5.67575
344 376 1.04226
345 348 1.47071
345 382 1.60463
346 359 4.70054
347 352 3.26782
347 358 0.849093
347 360 4.01832
347 403 -7.53497
348 361 5.80565
348 382 1.83696
349 374 -2.02352
350 383 1.02216
350 387 2.27269
350 395 3.18292
351 364 1.75131
351 369 1.46343
352 354 0.216135
352 358 3.62035
352 381 -8.60136
352 403 -2.14198
353 362 4.86286
353 364 2.82968
353 365 1.51359
353 379 6.65106
353 392 3.33232
353 397 11.0446
353 420 3.4207
353 440 2.93164
353 441 2.36822
353 443 3.73764
354 381 -2.93164
355 377 1.78253
355 389 10.8225
356 370 1.26455
356 390 2.45944
356 404 0.029138
357 360 1.60463
357 378 -2.4936
357 380 -6.93417
357 402 -6.02711
357 412 -2.31952
357 418 -3.43706
359 371 5.30409
359 376 1.21069
359 391 3.35351
359 398 3.83798
360 402 -4.46249
360 403 -1.52308
361 375 1.75131
361 382 2.27269
361 401 5.49906
361 405 3.6946
361 415 1.54979
361 419 2.64699
361 432 3.4241
362 397 2.10127
364 369 3.50532
364 372 1.91493
364 388 5.71874
364 392 3.86694
364 396 6.30118
364 420 1.78253
366 368 2.31952
366 375 2.58569
367 368 5.12616
368 375 3.01573
368 376 3.03957
368 391 6.53855
368 406 4.17648
368 411 7.94408
368 424 3.31536
368 435 3.85856
368 458 3.42123
368 469 7.04777
369 372 0.274059
370 382 3.02239
370 390 1.83481
370 393 5.43031
370 404 0.0444494
370 433 0.0131277
371 376 1.46261
371 391 1.45107
372 388 1.66981
373 374 2.07143
373 414 0.536332
374 414 1.94419
374 417 8.49447
375 411 11.2753
375 415 3.23224
375 434 3.38269
375 450 1.63282
375 467 2.14198
376 391 4.6349
377 389 2.18405
378 380 -1.30083
378 409 -4.17028
378 412 -0.618144
378 430 -4.24586
380 389 2.7543
380 409 3.24906
381 386 -1.98682e-08
381 403 1.66155
381 413 0.134162
381 422 1.10585
381 423 0.0900161
382 393 2.6142
382 400 1.03843
382 419 2.69469
383 395 4.93837
385 439 6.02274
385 503 1.52308
386 413 -4.0162
387 394 1.91493
387 395 2.05802
388 396 0.740165
388 416 0.0544848
388 420 7.2108
388 427 5.50047
389 408 3.73241
389 409 5.62639
389 421 1.13066
390 404 0.0251071
390 417 9.15462
390 433 3.80624
391 398 1.49683
391 406 7.26957
391 425 13.3935
391 435 3.4661
391 460 4.4776
392 420 4.08534
393 400 2.01609
393 404 0.0379389
393 419 4.04522
393 433 1.04467
394 395 4.58754
394 407 2.99796
394 416 2.42398
395 416 3.06038
396 420 3.46912
397 408 2.58048
397 429 1.57696
397 441 3.24311
399 438 5.74978
400 419 1.30083
401 405 3.78999
401 432 4.34543
401 437 1.07262
401 454 1.15724
402 403 0.930244
402 418 2.2718
402 426 4.11755
402 431 0.797219
403 422 8.06608
403 431 6.15326
404 419 0.0338507
404 433 0.173676
405 415 1.93231
405 434 2.93832
405 437 0.011233
406 435 4.78726
406 445 2.4896
407 416 2.02352
408 421 1.95015
408 428 12.0703
408 429 1.42058
408 441 1.25517
409 421 5.32878
409 430 4.83533
409 448 2.18405
409 461 3.31684
409 463 2.85347
409 470 4.65654
410 414 1.88061
410 417 1.25517
411 458 3.05313
411 467 4.65748
411 485 1.75131
411 496 3.57445
411 499 8.80228
411 524 2.78039
411 525 3.01573
411 545 1.25517
411 548 3.20604
411 552 1.95015
412 418 0.664797
412 430 0.332399
413 414 7.64558
413 422 0.485601
413 423 1.47657
413 436 1.95557
414 417 9.30286
414 436 8.58514
414 444 1.81446
414 449 2.96195
414 456 1.98633
415 434 0.83062
416 427 4.74466
416 439 3.43706
416 446 2.36822
416 451 10.3041
417 433 2.92874
417 442 2.82764
417 444 1.81446
417 456 3.76021
417 457 1.69086
418 426 7.85598
418 430 4.32606
419 432 4.53733
419 433 4.07669
419 442 2.78039
419 454 0.179681
419 465 1.80003
420 427 0.696375
420 440 3.32092
420 447 3.87627
420 452 4.57519
420 459 4.57324
421 428 1.68644
421 448 2.99507
422 423 3.24733
422 431 2.14198
422 453 3.80606
423 436 3.66314
423 453 1.08303
424 469 2.36822
426 430 2.04508
426 431 5.79805
426 464 2.22786
427 446 11.4326
427 452 1.44203
427 476 2.60853
427 487 1.06254
428 441 4.57877
428 448 8.17083
428 463 1.52308
428 470 2.10127
428 488 2.31952
428 498 1.52308
429 441 2.99317
430 463 4.04028
430 464 1.37165
431 453 2.77859
431 464 0.722426
431 468 1.55262
431 477 2.85347
432 454 0.473462
432 465 0.488805
433 442 5.99921
434 437 1.0999
434 450 4.6763
435 445 1.83702
435 460 3.77287
435 462 2.14198
435 469 6.85009
436 449 3.32945
436 453 4.53049
436 456 1.14578
436 474 2.22758
436 477 2.47197
437 450 3.71972
437 454 1.19457
437 466 5.22169
438 503 7.65085
438 509 3.20604
438 557 4.43612
439 451 5.41335
439 475 1.95015
439 490 3.59207
439 497 8.2903
439 500 12.4657
439 503 13.5466
439 520 2.41897
439 539 2.78039
439 553 10.4492
439 572 3.73241
439 582 7.01151
439 597 4.8442
439 598 3.57445
439 599 3.73241
439 628 8.18713
439 637 2.71175
439 660 6.21745
439 675 2.47197
440 443 2.58803
440 459 0.560459
441 443 4.95474
441 471 2.73822
441 473 1.983
441 479 1.08303
441 488 4.52024
442 456 4.26079
442 457 5.56637
442 465 0.24241
442 474 5.85304
443 459 0.608427
443 472 0.612375
443 479 0.704796
444 456 1.81446
446 451 7.14891
446 487 6.88981
446 490 1.72077
446 504 7.66755
447 459 1.44559
448 470 3.11338
450 466 3.23569
450 467 3.37369
450 478 0.886457
451 490 4.60198
452 459 2.51477
452 472 1.48779
452 476 0.928958
453 477 4.16666
454 465 0.367305
454 466 6.84834
454 483 0.536664
455 503 3.31536
456 474 4.55227
456 489 1.18877
458 469 7.59692
458 485 1.37165
458 486 3.91844
458 496 4.73488
458 506 0.83062
459 472 3.44262
460 462 7.42585
461 463 5.40638
461 470 1.42058
462 469 12.0227
462 527 5.25116
462 556 5.9014
462 579 5.31651
462 589 0.584119
463 464 2.07207
463 470 2.12589
463 480 3.81968
463 498 1.80636
464 468 3.26265
464 480 3.42763
464 481 1.66155
464 482 0.758015
464 484 3.50636
465 474 1.18877
465 483 0.497441
466 467 0.924411
466 483 1.30562
466 495 14.0514
467 478 6.27886
467 495 4.33018
467 499 6.31809
467 517 2.41897
467 523 2.58847
467 548 6.65059
468 477 2.62612
468 481 4.9933
468 482 1.42058
468 492 0.210882
469 486 2.71175
469 506 3.20604
469 518 5.97285
469 527 8.29336
471 472 4.44178
471 473 7.5178
471 479 1.89316
471 521 0.775011
472 476 1.01853
472 479 1.75131
472 491 2.85347
472 510 7.12348
472 521 3.87812
473 488 1.84232
473 502 1.21344
473 507 3.86806
473 521 2.03325
474 477 2.88798
474 483 0.794069
474 489 1.47745
474 493 7.36514
474 494 5.72007
474 501 2.14557
474 505 6.38146
474 513 9.12602
475 503 6.63019
476 487 0.321795
476 491 2.10127
477 481 5.78113
477 492 2.36654
477 493 4.77841
477 511 2.31952
477 513 5.19936
477 531 2.02352
480 484 6.19866
480 498 2.25411
480 508 3.20013
480 512 2.52001
480 526 1.01236
481 482 1.81446
481 484 7.7008
481 492 1.84714
481 511 2.31952
481 530 1.14578
481 531 0.905357
483 495 1.88061
483 501 2.24466
483 505 4.10819
483 516 2.5873
484 512 1.50126
484 526 0.156764
484 530 1.83632
485 496 1.69086
486 506 0.280602
487 491 9.20616
487 504 6.92123
487 537 4.53016
488 498 4.43777
488 502 3.29373
488 507 4.04028
488 508 2.49262
488 521 0.181209
488 522 9.22302
488 533 1.30083
490 500 1.04226
490 504 6.22177
491 510 7.45185
491 535 2.47197
491 537 8.92466
491 554 6.50575
493 513 2.06181
495 514 2.41897
495 516 1.54979
495 517 4.50852
495 523 0.148121
495 534 3.73241
495 544 2.31952
496 506 8.51378
496 518 3.54963
496 525 2.78828
496 545 1.41199
498 508 2.76551
499 548 2.41897
500 504 2.22758
500 520 14.3292
501 505 1.97759
502 507 3.96098
502 521 0.586739
503 509 3.73241
503 529 3.31536
503 539 1.60463
503 553 3.30452
503 557 3.73241
503 560 3.01573
503 571 4.30005
503 580 4.43612
503 582 4.05798
503 597 3.73241
503 598 6.77191
503 607 8.31559
503 614 9.1147
503 633 2.10127
504 519 3.20604
504 520 11.977
504 537 1.50122
504 573 3.97511
504 601 5.94737
504 613 8.82839
504 628 5.53733
505 513 2.02352
505 514 1.21064
505 515 2.54932
505 516 1.84714
505 528 2.93164
505 538 1.81446
506 518 2.17363
507 521 3.33665
507 522 4.8973
507 549 1.02216
508 526 1.14578
508 533 0.687271
508 536 1.97473
510 521 3.73384
510 532 5.94267
510 535 2.27269
510 537 2.02352
510 546 5.04567
510 574 5.88714
510 575 1.25517
510 577 6.3794
510 585 9.53363
510 595 8.86526
512 526 0.0134897
513 515 0.337785
513 528 3.78258
513 530 2.85347
513 531 1.42058
513 540 6.37273
513 542 2.14198
513 551 2.93164
513 559 3.06038
514 516 1.49461
514 534 8.24221
514 538 6.4311
514 568 7.08312
514 587 3.76952
515 528 2.84344
517 523 3.47996
517 534 4.43612
517 544 3.10675
517 548 6.62597
517 581 2.85347
517 588 2.47197
518 527 7.71771
518 545 2.36523
519 520 2.27269
520 572 2.52745
520 599 5.81039
520 628 2.18405
521 546 5.13795
521 549 2.06244
521 575 2.44875
521 577 0.179457
522 533 1.75131
522 541 5.12282
522 549 2.67258
522 550 2.05513
522 558 2.62904
522 561 1.04226
525 545 2.2922
526 530 1.44559
526 536 5.65867
527 545 3.73241
527 564 8.06359
527 579 7.27927
527 604 7.20503
527 606 11.8943
527 622 5.8067
527 629 3.10846
527 632 3.20604
528 538 1.16715
528 542 3.22813
528 543 1.63282
528 555 8.97528
528 567 3.93648
528 578 7.4929
530 531 2.10127
530 536 1.39593
530 559 2.00699
530 563 1.23277
530 565 1.23637
533 536 2.84455
533 547 2.30266
533 550 0.962998
533 569 0.601998
534 544 2.81651
534 581 7.61157
534 587 3.23963
534 603 2.61233
536 562 0.215153
536 563 0.740165
536 569 0.0233459
536 570 0.764291
536 576 2.55112
537 554 4.71495
537 573 3.43333
537 574 3.97675
537 593 9.78866
537 595 3.57445
537 601 6.58588
537 619 6.04954
537 623 6.87211
537 650 2.18405
537 651 1.95015
537 652 4.14515
537 671 7.0768
537 672 3.43706
537 688 3.01573
538 543 13.9684
538 555 10.1075
538 568 4.14515
538 584 3.73241
538 592 2.10127
538 610 4.28643
538 615 4.43612
539 553 1.54979
540 551 5.36892
540 559 2.26644
540 586 2.80637
540 591 8.37447
540 594 0.0700632
541 550 1.66155
541 558 3.20604
541 566 6.96625
542 551 3.67823
542 578 3.3313
543 555 5.07996
545 552 0.867703
545 564 8.93219
547 550 2.51288
547 566 0.794069
547 569 1.62517
547 583 2.70708
548 552 1.69086
548 564 9.9293
548 581 6.247
548 588 2.18405
548 590 2.18405
549 558 3.31536
549 577 7.38872
550 566 5.15138
551 578 9.86784
551 591 9.64644
552 564 3.66909
553 582 2.34628
555 578 5.53567
555 584 5.72747
555 592 3.57445
555 615 6.6726
556 589 4.13398
558 561 3.99346
558 566 11.0309
558 577 7.78967
558 653 2.64699
559 563 3.8693
559 565 2.31579
559 594 2.03223
562 563 0.858766
562 576 0.859688
563 565 1.47101
563 576 12.3825
563 594 3.43706
563 608 6.79655
563 611 7.19797
563 624 5.75374
563 631 2.44195
563 638 5.75374
563 640 2.71175
563 646 3.57445
563 658 0.116857
564 581 2.78039
564 600 4.96517
564 606 3.53015
564 609 7.37205
566 583 5.22645
566 605 4.57424
566 620 2.78039
566 653 2.64699
568 587 1.91493
568 592 8.2579
568 602 5.05652
569 570 1.49683
569 576 5.26551
569 583 4.05053
570 576 8.32932
571 582 1.08303
572 599 0.337785
573 601 3.31536
574 593 6.3492
574 595 2.63495
575 577 6.53042
576 583 1.66155
576 596 4.17038
576 605 1.78253
576 617 7.04777
576 631 3.91844
577 595 9.04942
577 653 2.78039
577 666 3.73241
578 591 5.92768
578 592 1.75131
578 634 4.30348
578 643 2.78039
579 589 4.36822
579 604 2.71175
581 588 3.73241
581 590 5.79612
581 603 2.93164
581 609 16.4922
581 621 3.79729
583 596 3.01573
583 605 4.85837
585 595 2.90648
586 591 3.20604
587 592 7.80184
587 602 1.75131
587 603 5.71204
587 616 1.91493
589 604 8.2798
591 594 3.48519
591 608 2.93164
591 612 4.13352
591 634 8.88666
591 636 6.15137
591 639 1.08303
591 643 4.14515
591 654 1.88061
591 679 10.2052
591 701 4.78718
591 713 0.806226
591 730 2.76838
592 602 2.52745
592 603 7.42548
592 610 1.04226
592 615 12.1956
592 616 1.95015
592 625 7.03615
592 630 24.8765
592 634 9.33382
592 647 9.47937
592 657 5.1562
592 661 13.7424
592 676 3.73241
592 678 2.71175
592 697 3.73241
592 705 2.02352
592 709 3.49189
592 713 2.55403
592 714 1.98633
592 724 7.00802
592 734 3.57445
592 736 8.93219
592 751 2.06181
593 595 2.41897
593 619 7.50072
594 608 3.01573
595 619 7.71873
595 635 8.81342
595 642 4.85655
595 665 2.58569
595 666 5.26786
595 671 8.01401
595 681 2.93164
596 605 8.50641
596 617 2.78039
597 598 10.1275
597 633 1.69086
597 637 9.72372
599 628 15.4191
600 609 3.90126
601 613 9.96083
601 645 1.57696
601 650 6.16883
601 651 3.43706
601 652 3.73241
601 655 2.14198
601 659 2.36822
601 664 4.14515
601 672 3.73241
603 609 9.89255
603 661 2.47197
604 632 6.7805
605 617 5.05051
605 620 3.91844
605 631 1.63282
605 640 4.43612
606 609 2.01215
606 618 2.12913
606 622 12.0483
607 614 3.10675
608 611 2.78039
608 639 3.43706
608 658 2.41897
608 669 4.99503
609 618 1.46278
609 621 4.99647
609 622 4.84697
609 626 4.84221
609 644 5.73349
609 648 1.52308
609 656 9.1252
609 661 4.43612
609 662 4.21391
609 667 2.78039
609 674 5.17299
609 686 5.83601
609 690 6.6812
609 714 2.47197
610 615 3.56329
613 628 6.1488
613 645 3.87176
613 655 1.98633
614 633 3.03293
614 637 7.14891
614 663 3.20604
614 693 3.73241
615 625 4.79148
615 647 10.1096
615 657 5.68379
615 678 3.57445
618 622 1.72077
620 640 4.46684
620 653 4.90928
620 666 6.12248
620 687 5.9645
620 702 6.72027
620 727 1.27785
622 627 6.85009
622 629 1.98633
622 648 1.98633
622 667 4.13132
622 674 6.03145
627 629 1.98633
627 649 17.8316
627 674 3.8838
627 680 10.1899
627 691 0.00778166
627 733 4.64091
628 641 3.91844
628 645 10.0024
628 660 3.01573
628 670 9.95272
628 672 8.06359
628 677 12.7681
628 715 2.93164
628 716 2.64699
629 632 5.77127
629 649 6.58066
630 676 2.22758
631 640 3.20604
633 637 7.79276
634 713 2.07607
635 642 4.43043
635 665 2.71175
635 682 7.87318
635 683 2.9371
635 700 8.51389
636 654 5.52572
636 679 3.20138
636 685 4.30964
637 663 18.1662
637 675 4.26172
637 677 6.6637
637 684 11.6892
637 693 11.2267
637 720 4.43612
637 726 13.5051
637 741 6.20437
637 748 10.7266
637 750 5.12834
637 775 5.29986
637 812 1.32411
637 835 1.14578
638 640 2.36822
638 646 1.72077
638 658 3.8456
638 673 0.451047
638 689 3.31536
638 699 1.52308
638 711 3.20604
639 654 3.57445
639 669 1.9622
640 668 3.10675
640 673 9.42189
640 687 7.26957
640 735 1.44559
641 645 2.18405
642 671 1.85543
642 682 6.28886
645 655 3.53282
645 664 6.77191
645 670 3.57445
646 658 4.4839
647 678 1.06254
650 651 2.73656
650 659 4.67986
650 672 3.43706
653 666 7.115
654 669 10.328
654 685 4.92664
654 708 1.93714
658 669 6.25168
658 699 1.14468
658 703 3.57445
658 711 2.02352
658 717 5.43362
659 672 1.75131
660 675 1.00226
660 677 3.91844
661 690 2.06181
661 705 5.00621
661 709 6.19073
661 714 1.88061
661 718 2.31952
662 674 1.66155
663 693 2.58569
664 670 6.5221
664 672 10.2051
665 666 10.7995
665 682 7.15593
665 700 2.71175
666 682 9.41891
666 695 3.31536
666 702 3.9077
666 721 6.95448
667 674 2.90364
668 673 4.04204
669 703 3.57445
669 708 2.64699
670 672 3.43706
671 681 3.43706
671 682 14.2322
671 688 2.78039
672 688 4.42953
672 692 6.83916
672 694 3.91844
672 706 3.91844
672 710 7.64136
672 715 2.14198
672 716 0.451047
672 743 3.91844
672 749 3.06557
672 754 6.44589
672 761 6.85009
673 689 0.386023
673 696 8.74744
673 728 1.66155
673 735 5.88714
674 680 8.49446
674 686 1.34054
674 691 3.80226
674 704 0.694535
675 677 7.56036
677 698 4.83105
677 716 12.188
677 726 12.8868
677 748 2.52745
677 752 7.56791
677 775 1.84714
679 685 8.82243
679 701 4.92681
682 688 5.33888
682 695 3.20604
682 700 3.91844
682 706 1.44559
682 707 11.379
682 719 7.01151
682 721 2.18405
682 729 4.14515
682 731 3.31536
682 732 3.20604
682 738 11.1127
682 739 1.66155
682 753 2.58569
682 755 2.64699
682 756 7.30686
682 771 3.31536
682 776 0.533685
682 777 5.84281
685 701 2.52745
685 708 0.655529
685 712 5.22169
685 730 6.99862
685 737 3.94413
685 758 1.64619
686 691 2.06181
686 704 2.88373
686 714 5.18371
686 725 2.18405
686 742 5.33433
687 722 7.73347
687 727 10.1852
687 735 1.69086
687 788 8.18871
688 706 5.04568
688 731 3.57445
689 696 4.27654
689 711 6.08405
690 714 4.6619
691 704 7.46736
691 733 4.00079
691 742 7.43959
693 720 0.601089
693 741 4.92681
693 750 2.18405
694 706 0.982543
694 710 2.3133
696 711 1.23277
696 728 6.42575
696 735 9.63454
697 724 2.58569
699 711 2.64699
701 730 5.12834
702 721 2.68216
702 727 3.54939
703 708 0.426614
703 711 6.3687
703 717 8.16853
703 737 4.7958
703 740 13.9477
703 779 4.70061
703 787 4.14515
703 791 0.804877
703 816 16.5614
703 830 0.434708
703 855 4.8442
703 869 0.435532
703 873 0.858678
705 709 3.14484
706 710 4.53627
706 731 6.29501
706 753 10.6579
707 738 8.01405
708 737 2.55879
709 714 6.65626
709 718 1.54979
710 749 5.31767
710 753 5.42739
710 754 3.73146
711 717 5.29399
711 723 5.41663
711 735 5.22169
711 757 17.313
711 762 7.0406
711 779 12.3396
713 730 0.789391
713 734 3.04661
714 718 5.52556
714 725 4.59715
714 736 3.10675
714 747 9.60427
714 759 4.38133
714 763 1.18877
714 769 3.10675
714 774 11.7552
714 796 2.31952
714 797 6.32055
714 801 4.12487
714 807 3.78868
714 817 4.23445
716 743 2.83566
716 752 1.37165
716 764 1.63282
719 729 6.70606
719 756 5.57872
721 727 6.48735
721 776 1.85454
721 784 2.18405
721 788 3.57445
721 800 3.57445
722 735 11.8565
722 788 1.72077
724 736 4.88024
724 751 2.73311
725 742 7.21651
725 747 5.45391
725 769 7.10014
727 745 4.24883
727 788 2.06181
728 735 3.73241
729 732 7.21494
729 738 3.34295
729 756 2.78039
729 766 7.60743
729 783 4.28315
730 734 3.10675
730 746 5.98025
730 758 10.1929
730 768 6.79215
730 799 3.57445
732 738 7.58221
732 765 1.42058
732 766 2.52745
733 742 4.21056
733 744 7.61276
733 778 2.58569
733 786 2.27269
734 746 14.0566
734 751 10.6867
734 806 0.722426
735 757 3.73241
735 772 7.89353
735 779 3.73241
735 788 12.3137
735 792 10.6348
735 814 5.79173
735 829 9.01873
736 751 3.97651
736 763 6.35485
736 781 1.54979
737 740 1.44861
737 758 2.60949
737 787 1.77826
737 791 1.61028
738 739 2.93164
738 765 5.00205
738 766 9.28032
738 767 5.35061
738 777 12.3671
738 783 2.78039
738 809 2.78039
738 810 2.85347
738 820 4.14515
738 821 6.6637
738 822 5.04546
738 824 3.57445
738 839 2.18405
738 842 5.53733
738 845 3.62041
741 750 10.3379
741 793 6.6812
741 835 3.43706
741 840 2.59564
742 744 7.10833
742 760 5.09991
742 769 8.16853
742 785 8.51206
742 786 0.226632
742 815 7.39165
743 761 1.66387
743 764 6.62627
744 778 2.85671
744 786 2.27269
744 815 1.88061
744 831 2.41897
744 844 2.06181
746 799 7.51208
746 806 4.28668
746 847 2.78039
746 851 2.41897
746 860 1.54979
747 769 1.91493
748 775 3.20604
749 754 5.178
751 763 2.36822
751 781 1.91493
751 796 4.3876
751 806 2.13707
752 764 7.77981
752 770 2.41897
752 775 0.210882
752 780 6.76384
752 790 3.57445
753 754 11.1703
753 755 5.2392
753 777 2.93164
753 782 3.21134
753 794 2.85347
753 802 1.91493
753 803 8.06359
753 804 6.87411
754 761 12.3436
754 764 5.36404
754 782 1.95015
754 804 5.60141
754 813 1.18877
754 819 3.43706
754 825 6.69164
755 777 0.210882
756 771 2.71175
756 783 5.16856
758 768 9.09906
758 773 9.86548
758 787 7.65801
758 798 3.43706
761 764 3.20604
763 774 2.05639
763 781 3.5566
763 796 5.13071
764 790 10.1927
764 795 3.98107
764 808 8.46898
764 813 2.58569
765 766 5.00132
768 798 4.95517
768 799 4.25255
769 807 9.44416
769 815 7.45106
769 852 8.67635
769 864 0.705423
770 775 2.64699
770 780 4.14515
771 776 2.31952
771 783 2.71175
773 787 3.4069
774 789 2.57669
774 796 3.90754
774 801 1.6111
775 780 6.69884
775 812 1.74056
775 818 6.1488
775 835 2.73441
775 854 1.90022
776 783 11.9391
776 784 3.57445
776 800 8.43222
776 822 5.45507
776 833 3.01573
776 846 3.10675
777 794 2.85347
777 803 3.20604
777 809 5.41663
777 832 3.20604
777 841 2.14198
777 842 4.17028
777 885 3.10675
779 814 3.64593
779 829 2.06181
779 830 2.58569
780 790 21.8444
780 818 5.30169
780 850 2.22758
780 854 4.43086
783 810 3.79016
783 822 3.61101
784 800 1.95015
787 791 1.15922
787 798 6.08405
787 805 9.17625
787 843 3.75927
787 855 2.27073
787 856 0.163779
788 792 8.01773
788 800 7.65085
788 811 9.27621
788 823 6.83916
788 827 2.14557
788 828 8.74341
788 829 1.88061
788 833 3.01573
788 836 5.69244
788 857 3.73241
788 858 6.31279
790 808 3.43706
790 850 4.01865
790 853 2.02352
794 803 2.71175
796 801 4.57015
796 806 0.163779
796 817 3.29773
796 837 4.14515
796 848 4.30977
796 851 13.9116
796 866 3.91844
796 867 10.9499
796 883 4.36776
797 817 2.17805
798 799 7.10415
798 843 6.33108
798 847 2.47197
798 849 6.83916
798 871 8.75436
798 899 6.56544
798 907 2.94724
798 914 2.85347
799 847 3.31536
799 849 1.10372
800 833 15.6645
800 834 3.30343
802 803 2.13015
802 804 2.06181
803 804 5.63414
803 826 4.84658
803 832 2.22758
803 841 10.6608
804 825 8.89615
804 841 2.58569
805 855 6.78232
805 856 1.81446
806 851 1.25517
807 817 4.22328
807 852 2.52745
808 813 2.64699
808 819 12.4844
808 850 11.9227
808 853 2.18405
810 822 3.31536
811 823 5.62525
811 827 3.72974
813 819 2.47197
814 829 3.8933
815 831 5.96519
815 864 0.99916
816 830 3.73241
816 869 0.943623
817 852 4.09879
817 880 2.0423
817 883 4.43612
817 892 2.85347
819 825 5.2392
819 850 6.62139
819 875 6.81595
819 893 2.10127
820 845 0.669846
821 824 3.52786
821 845 9.16741
822 824 7.53926
822 838 6.60928
822 839 1.72077
822 846 11.1138
822 862 6.04642
822 868 3.31536
822 886 1.98633
823 827 3.29587
823 828 4.22821
823 829 1.88802
823 858 2.80637
823 859 11.638
823 872 1.88802
823 877 6.12946
823 895 9.98423
823 902 4.43612
823 903 0.264587
823 904 3.01573
824 839 3.89254
824 845 2.02352
824 862 5.79688
824 874 2.52745
824 881 6.22145
824 886 3.43706
825 841 9.20586
825 875 1.60463
825 876 9.80787
825 887 2.93164
825 894 2.36822
828 829 3.20604
829 830 5.91766
829 865 1.87567
829 872 2.80419
830 865 3.01573
830 869 3.01269
830 872 6.45962
830 873 2.14198
831 844 10.8709
831 864 1.19174
832 841 4.14515
833 834 2.18405
833 846 4.85705
833 857 7.57438
835 840 1.42058
835 854 6.13171
835 863 11.2773
835 891 0.27557
835 910 3.84071
840 863 8.06561
840 888 2.52745
841 870 4.81544
841 885 5.74978
841 894 2.76013
841 901 7.65085
841 912 4.28517
842 845 5.50003
842 861 2.02352
842 885 5.96022
843 855 8.44303
843 856 1.84714
843 899 6.71186
844 864 2.25604
844 884 3.16079
844 890 2.22758
845 861 3.01573
845 881 5.80527
845 885 9.79486
845 889 1.51085
846 857 2.02352
846 886 5.13027
846 897 5.90104
847 849 1.54979
847 851 7.15031
847 860 3.57445
847 866 7.02519
847 867 1.95073
847 871 7.77884
847 879 5.97056
847 900 3.43706
847 925 1.86673
847 944 3.57445
850 853 2.31952
850 854 2.6437
850 891 0.275661
850 893 8.59955
850 910 2.30884
850 918 0.740165
851 860 1.63282
851 867 2.52745
852 864 0.472559
852 880 0.740165
852 884 2.10127
852 892 8.02614
854 891 0.276279
855 856 2.02352
855 873 6.2135
855 878 4.76974
855 898 20.553
855 899 5.17299
855 905 3.91844
855 917 5.12791
855 928 1.88061
857 858 7.80974
857 897 7.94519
857 908 8.80228
857 936 1.84714
858 877 8.43238
858 908 2.27653
862 868 1.27785
862 886 6.1488
863 888 6.45579
863 909 2.42232
863 910 2.18405
863 911 2.71175
863 915 4.72913
864 884 1.47101
865 872 1.87567
866 867 3.31536
866 882 6.62017
866 883 2.52745
866 922 5.38394
866 925 2.71175
866 937 6.49477
866 943 2.31952
866 944 3.43706
866 948 9.34451
866 977 5.0569
866 1001 1.88061
867 879 5.13962
868 886 2.52745
869 873 1.30637
871 900 2.78039
871 907 0.83062
871 914 1.66155
871 925 3.73241
871 932 5.60367
871 966 2.36822
872 873 10.079
872 904 2.06181
873 904 3.31536
873 917 8.16492
874 881 3.73241
875 876 2.36822
875 893 6.65942
876 887 2.14198
876 893 2.64855
877 895 1.98633
877 908 0.825802
877 916 2.41897
880 892 2.47197
881 886 6.32275
881 889 3.83347
881 896 5.40102
881 906 9.40316
882 883 6.86824
882 922 5.475
883 892 2.752
883 922 0.89226
883 933 2.52745
883 938 2.79446
884 890 3.22833
884 892 5.94737
884 930 5.25116
884 933 3.27357
884 981 3.10675
885 889 1.44559
885 901 5.20727
885 906 7.61938
885 912 1.12925
886 896 3.31536
886 897 8.43922
886 906 0.353819
886 923 6.5469
886 931 5.37717
886 936 2.70281
886 952 3.3775
886 960 4.98736
886 968 0.00334013
887 893 1.29058
887 894 4.65241
889 906 2.06181
891 910 0.549905
892 930 13.3924
892 933 1.34772
893 894 3.30249
893 918 2.72005
893 945 3.42324
893 946 8.16121
893 949 3.84085
893 957 3.35842
893 967 2.85347
893 987 1.32411
894 912 3.73241
894 934 0.666354
894 935 4.66811
894 949 3.32249
895 902 5.04546
895 903 0.517102
895 904 6.63289
895 916 12.0113
895 919 4.14515
897 913 6.08405
897 931 2.10127
897 936 11.602
898 899 1.84714
898 917 1.88061
898 921 1.25517
898 924 7.50156
898 928 3.10675
898 940 8.6142
898 942 0.618144
898 947 4.2979
899 914 3.43706
899 928 2.58569
899 929 9.91724
899 947 6.02432
899 965 2.86037
901 912 8.34998
903 904 1.24717
904 917 3.43706
904 919 5.2908
904 920 4.39346
904 924 3.01573
904 927 5.13248
904 954 9.71456
904 978 5.29522
906 912 0.266508
906 923 2.26926
906 926 2.52745
907 914 7.09795
908 916 8.34719
908 936 5.60801
908 952 0.118275
908 953 5.09724
908 968 0.460829
909 911 3.57445
909 915 5.55207
909 955 7.68045
909 958 0.905357
909 963 0.893432
909 971 1.97826
909 983 0.332451
910 915 7.04058
910 918 8.04655
912 923 1.42062
912 935 2.06181
912 949 6.39317
912 951 0.0700632
914 929 6.35106
914 932 5.06179
914 956 6.45965
914 980 7.2338
915 918 5.38381
915 963 1.90899
915 983 0.325247
916 919 3.94451
916 939 3.71088
916 953 1.07349
916 968 0.0887369
916 974 1.59042
917 921 1.88061
917 924 3.83284
917 927 8.21588
918 945 3.10675
918 957 3.95829
918 963 2.31368
918 983 5.30414
919 939 7.6506
919 978 2.85347
921 924 3.81313
922 938 11.6697
922 943 2.58569
922 950 1.14578
923 926 1.4941
923 951 1.3872
923 960 0.924421
924 927 3.4619
924 942 6.57214
924 954 3.98725
924 961 1.95015
924 976 3.56577
924 979 2.14198
924 989 2.02352
924 995 3.84833
924 998 2.30943
924 999 0.23834
925 932 4.85721
925 941 3.67317
925 944 4.06975
925 966 3.06038
925 969 3.62949
925 977 7.54011
929 956 6.87411
929 965 0.714907
930 933 14.3657
931 936 1.12464
932 966 1.7559
932 980 7.90855
933 938 3.31536
933 962 4.19031
933 970 7.2338
933 981 3.73973
933 985 6.05817
934 949 1.33271
935 949 3.06113
936 952 1.5574
936 968 0.0329647
937 948 6.13148
938 943 4.10768
938 948 1.95015
938 950 2.27269
938 962 12.3237
938 1001 4.65887
939 968 0.264508
939 974 8.2109
939 978 2.62744
940 942 3.38413
940 947 4.17759
940 961 4.54433
940 973 1.14578
942 961 1.66155
943 948 8.64574
945 946 3.61914
945 957 1.96543
946 957 6.63513
947 965 8.65116
947 973 3.38196
948 1001 3.73241
949 951 1.75131
949 959 4.39174
949 964 4.21623
949 967 3.81021
949 972 5.28219
949 984 4.89979
951 960 2.0391
951 972 1.49683
952 960 1.07163
952 968 0.00951146
953 968 0.0832342
954 978 7.65518
954 989 3.87536
954 999 0.761575
955 958 4.4615
955 971 4.89644
955 982 4.35258
956 965 12.5454
956 980 2.71175
956 992 8.51513
957 983 2.22758
957 987 2.47197
957 996 5.87084
960 968 0.376455
960 972 0.538706
960 975 2.05846
960 988 0.540472
960 991 2.69028
960 993 0.977835
960 994 3.76916
960 997 3.5019
961 973 6.57892
961 976 0.483906
961 979 2.95036
962 985 10.7725
963 971 0.586575
963 983 4.69182
963 986 0.33762
964 967 0.577089
967 984 3.15392
967 987 1.25674
967 996 1.0705
967 1002 2.02352
968 974 0.423765
968 994 1.60515
970 981 7.34289
970 985 7.97829
971 982 9.41928
971 983 6.84896
971 986 2.95991
972 984 2.80271
972 988 5.34859
972 991 0.65498
973 979 2.71175
973 990 9.73041
973 998 6.75364
974 978 0.956845
974 994 1.80422
974 999 0.0211449
974 1000 7.31865
975 988 1.25366
975 991 1.72077
976 979 0.679888
978 999 3.4355
979 998 1.32294
980 992 3.57445
981 985 0.982543
983 986 0.697408
983 996 3.91645
984 991 2.31952
984 1002 1.47101
987 996 0.427272
988 991 3.01188
989 995 4.72116
989 999 1.65082
991 993 3.79102
991 997 0.704402
995 999 1.80704
999 1000 0.72956
