MULTICUT
0 1 -2.59055
0 3 3.00326
0 5 -0.29677
0 6 0.801818
0 9 1.60922
1 2 1.44559
1 3 -2.53214
1 5 0.146384
1 6 -2.64653
1 7 3.45654
1 8 1.07908
1 9 -3.54382
1 15 -1.81446
1 18 -8.74437
2 7 1.95015
3 4 1.54979
3 5 -0.389693
3 6 2.99776
3 8 -1.39592
3 9 2.13697
5 6 -0.192755
5 9 -0.156919
7 10 -2.10458
7 11 -15.9189
7 12 1.21064
7 13 -2.07448
7 14 2.02352
7 16 -6.3112
7 18 -6.08563
7 22 -0.195158
7 23 -19.589
7 25 -10.3815
7 26 -4.8442
7 30 -4.8442
7 34 -4.14515
7 36 -10.3815
7 38 -4.8442
10 11 -20.7631
10 13 0.336576
10 16 1.03655
10 17 0.218373
10 18 0.463439
10 19 0.892672
10 20 0.0370457
10 21 1.40011
10 24 -5.53733
10 29 -0.159889
10 31 -0.335824
10 32 0.133427
11 22 -4.43612
11 24 8.53697
11 26 1.53571
11 28 2.11294
11 33 6.01151
11 51 -1.29052
11 64 2.41897
11 69 0.125408
12 16 -1.47101
13 19 0.0684115
14 25 -9.97346
14 30 -22.1493
14 42 2.36822
14 55 6.22177
14 60 2.52745
14 68 -25.6407
14 70 1.95015
15 18 -0.775982
16 18 1.82408
16 19 0.068749
17 19 6.32417
17 31 -0.146988
17 32 0.810294
17 35 0.564596
17 43 0.0530066
18 19 0.068749
18 27 -1.34772
18 29 -5.40173
19 20 0.716822
19 21 3.75638
19 31 -0.0697132
19 32 0.793015
19 35 0.161457
20 21 0.0556165
20 32 0.11971
21 24 -9.97346
21 32 1.21646
21 40 3.43706
21 44 -5.53733
21 46 -4.8442
22 23 -2.22758
22 26 -5.83368
22 28 -7.02825
23 28 3.55598
23 33 1.54299
23 38 -0.50149
23 52 0.291102
24 44 3.63247
24 51 -1.98516
24 54 0.937329
24 66 0.0871147
25 30 1.54979
27 29 -3.73241
28 33 1.72345
28 38 -0.165217
29 31 0.192444
29 37 -0.0294913
29 39 -0.117451
30 34 2.41897
30 36 2.46144
30 41 -2.89474
30 42 -9.97346
30 49 0.132686
30 53 0.146755
30 70 -5.53733
31 35 -0.800472
31 37 -0.620366
31 39 -2.67726
32 35 0.191803
32 39 0.113836
32 43 0.905799
32 45 0.0064643
32 46 -3.73241
32 47 1.87437
32 48 0.291568
33 38 -0.413446
33 49 0.718807
33 52 2.20307
33 64 5.87092
34 36 1.88061
34 41 -0.652519
35 39 1.88045
35 43 0.0413678
35 45 0.0060955
35 48 0.29293
36 38 1.89195
36 41 -2.98161
36 49 -0.145553
36 50 -0.663942
36 52 -0.348001
36 53 0.0144014
37 39 0.822572
38 50 -0.259637
38 52 -2.71389
39 45 0.0110878
39 47 0.214934
39 48 5.13257
40 44 -10.3815
40 46 -11.0747
40 56 -9.68841
40 61 -3.01573
40 63 -7.4929
40 65 -14.1186
40 74 -10.3815
40 76 -13.956
40 77 -9.47381
40 78 -3.20605
40 79 -1.49683
40 81 -19.9283
40 85 -9.26974
43 45 0.0160347
43 48 0.0153595
44 54 4.32968
44 56 1.28186
44 66 0.772145
44 78 1.15657
44 80 2.13231
45 48 0.0827267
46 47 -18.0324
46 72 1.08303
46 73 3.66723
46 74 0.369897
47 48 0.784566
47 71 -5.53733
47 72 -11.0747
47 82 -4.8442
47 83 -2.93164
47 87 -4.8442
48 71 -5.53733
48 82 -4.14515
48 91 -22.1493
48 102 -4.8442
49 50 0.0364034
49 52 0.237278
49 53 0.257497
49 64 0.602308
50 52 1.1607
50 53 0.00379914
51 54 -0.0587086
51 57 -2.71175
51 58 -1.17743
51 59 -0.245854
51 69 -0.248336
53 64 0.143881
53 68 -4.8442
53 70 -4.8442
53 84 3.03617
54 58 0.140752
54 62 0.807861
54 66 0.174229
54 67 1.38215
54 75 3.08657
54 80 2.22699
54 93 0.391433
55 68 -4.14515
56 66 0.0870317
56 78 3.3576
57 58 -0.0100158
57 59 -0.365751
57 62 -0.780868
58 59 0.00305529
58 62 0.0592663
58 67 0.0149942
59 62 0.553258
59 67 0.319949
59 69 0.992955
60 68 -3.91844
61 74 -2.00962
61 85 -1.06254
62 67 1.32134
62 69 4.01686
62 75 8.54551
62 92 0.857749
62 93 0.96625
62 112 3.83456
62 115 0.445983
62 144 0.337864
63 81 2.30666
64 69 2.7778
64 84 2.16259
64 86 2.98595
64 90 -0.284333
64 94 3.64533
64 97 0.148121
65 77 -0.630143
65 78 4.43927
65 101 0.441772
65 103 1.8104
65 121 0.770654
65 136 0.395393
66 78 0.165026
66 80 0.319834
67 75 2.61335
68 70 -4.14515
68 84 -4.8442
68 95 0.886457
68 96 0.772408
68 98 0.207129
68 99 -1.39111
68 104 -2.10127
68 105 -1.66627
68 106 0.183988
68 109 -1.34772
68 110 -7.02519
68 119 0.182825
69 90 -1.15252
69 92 4.81599
69 97 5.15318
69 112 3.42536
69 130 0.109756
71 82 1.52308
71 83 -1.02216
72 73 13.9536
72 74 2.36822
72 82 1.35362
72 87 2.36822
72 100 3.14646
72 107 1.52194
72 113 0.566917
72 128 -0.649369
73 74 3.77429
74 85 5.98644
74 107 5.42545
75 93 1.69086
76 79 3.01429
76 81 0.548024
76 88 3.10675
76 89 5.22928
76 120 1.27765
77 79 1.81446
77 88 4.25576
77 103 0.218876
77 121 -0.651951
77 124 0.179848
77 136 -0.153963
78 80 2.85714
78 101 2.52395
78 111 4.14515
78 117 3.02445
78 136 0.640161
79 88 0.652519
80 93 4.22208
80 111 0.379918
81 85 3.10675
81 89 3.61491
81 116 1.34772
81 122 -3.5026
82 83 -0.116857
82 87 2.31952
82 91 -6.93417
82 100 3.1693
82 118 1.47053
82 131 0.76367
84 94 0.487889
84 109 -2.93164
84 114 -3.5653
84 126 -0.289854
85 107 1.74317
85 108 3.52075
85 116 1.76045
85 129 -1.7742
88 103 3.1376
88 120 1.76615
88 122 1.42363
88 124 3.03771
88 140 2.27254
88 141 4.77005
88 162 3.43706
88 170 1.14578
88 184 -8.68144
89 120 0.400608
89 122 -1.26527
90 97 -3.13578
91 102 1.63282
91 131 -2.78039
91 135 -0.267852
93 111 5.35838
93 115 4.89535
93 144 0.684461
94 97 1.84114
94 114 -0.834826
94 127 -6.56962
95 105 -1.75131
95 110 -2.93164
96 98 1.61377
96 105 -1.71173
97 112 1.98956
97 123 1.60452
97 127 -0.0856503
97 130 0.0203932
97 137 -1.2881
97 142 -0.418426
98 105 -0.871603
98 106 0.784654
98 119 2.1584
99 104 -0.451047
99 109 -4.94818
100 113 0.0831843
100 118 1.27398
100 128 -0.206532
100 131 0.0721059
100 132 2.21441
100 174 -0.0267813
103 111 1.12464
103 121 1.64884
103 124 4.48826
103 136 0.819174
103 162 3.10675
103 167 -1.47101
103 171 -5.73806
103 184 -6.94547
104 109 -0.83062
104 110 -3.64771
104 126 -4.08252
105 106 -0.257059
105 110 0.134118
105 119 -0.299872
106 119 0.424499
107 108 0.851816
107 128 -0.310951
107 129 -0.0318846
108 128 -0.320953
108 129 -0.467936
109 126 -7.47994
110 119 -2.53998
110 126 1.40252
110 133 5.6278
111 117 0.493149
111 125 6.38362
111 136 0.163118
111 144 2.14198
111 148 9.9209
111 167 -1.84714
111 171 -8.06149
111 172 -0.775982
112 115 -0.0509101
112 130 2.63229
112 144 -6.27676
113 128 -0.554839
113 174 -3.72529e-09
114 126 5.16043
114 127 4.14417
114 133 2.36822
114 147 0.837471
114 150 3.64434
114 156 -0.902074
114 157 -8.99949
115 144 0.245638
116 122 -1.52308
116 129 -2.18841
117 136 0.0453488
118 128 0.0953278
118 131 0.0713302
119 133 -1.9622
119 134 -5.58723
119 143 1.27785
119 145 -2.52745
119 146 1.72077
119 151 -6.6812
120 122 3.48465
120 140 0.0145622
122 129 2.52745
122 140 0.127455
122 141 3.25347
123 130 0.0151815
123 137 -2.80176
126 133 2.10333
127 142 -3.55512
127 147 1.90485
127 156 -0.204276
128 129 2.30219
128 131 5.80542
128 132 1.4995
128 138 2.25997
128 139 0.385783
128 160 -1.16134
128 161 2.46841
128 166 -0.000756767
128 174 -0.599221
129 138 3.23065
129 141 1.80002
129 174 -0.032643
130 137 -0.0050876
130 144 -0.924411
130 165 -4.27136
131 135 -7.69141
131 160 -0.792034
131 164 -0.0349249
132 174 -0.032643
133 134 1.16715
133 152 -1.16675
133 157 -1.64447
133 175 -0.289934
133 176 -1.08303
134 145 0.326652
134 152 -7.22472
135 149 -0.250633
135 154 0.493776
135 164 -1.49683
137 142 1.81069
137 165 -0.105729
137 185 -3.24732
137 186 0.0227332
138 139 4.13208
138 141 4.56095
138 155 2.49664
138 166 0.0529164
138 174 -0.0587948
139 174 -0.032643
141 155 1.06254
141 177 -0.00778178
141 178 -0.434708
141 184 -5.68358
142 147 -3.33228
142 156 0.339186
142 159 -2.32059
142 182 -4.06321
142 185 -2.31952
143 145 -1.95015
143 151 -6.1019
143 153 -1.60463
144 165 -1.84403
144 172 -2.85481
145 152 -0.51143
145 153 -0.117828
146 151 -3.10675
146 158 -3.7059
146 190 1.62613
146 245 0.0723152
147 156 -0.233163
147 159 0.104507
148 171 -5.24873
149 154 -0.36416
149 164 -4.12278
149 181 -6.09767
150 157 -4.55227
151 152 -3.82247
151 153 -1.7299
151 158 0.517023
151 163 0.859308
151 169 1.08303
151 180 -0.794069
151 183 -4.91528
151 190 -7.08592
152 153 0.422712
152 168 -4.96588
152 169 -13.1255
152 176 -2.02352
155 166 0.207985
155 174 0.0272985
155 177 -1.08303
155 184 -4.14251
156 157 1.00909
156 179 -0.428179
156 182 -0.0857158
157 175 -9.89544
157 179 -0.878928
158 190 -0.704796
160 164 1.47065
160 173 6.51411
160 174 -2.85347
161 174 -0.0336218
162 184 -3.10675
163 190 -1.42058
164 173 1.22429
164 181 0.261421
164 191 0.00726491
164 207 0.00498933
165 172 0.965272
165 186 5.29005
165 189 -2.85716
166 174 0.00404904
166 184 -4.5777
167 171 0.806957
168 169 -0.0700634
168 176 -0.55042
168 180 -2.43998
169 180 -2.05383
170 184 -2.22758
171 172 2.10127
171 184 1.76582
171 189 -0.680802
171 192 -6.72246
171 193 -0.411177
171 194 0.0213803
171 195 -0.0355628
171 196 0.103091
172 189 -0.908301
173 174 -2.65617
173 181 0.0642587
173 184 0.0467292
173 191 4.36698
173 203 -0.0653192
173 207 0.467115
174 184 -1.42058
175 176 0.132481
175 179 0.243663
175 180 -0.418426
175 187 -0.984832
175 202 -0.38987
176 180 -2.27269
177 184 -4.43003
178 184 -1.69086
179 182 1.39911
179 188 2.76929
179 199 0.817536
179 202 -6.51501
180 183 -0.279294
180 187 0.364495
180 190 -1.54979
180 202 -0.182347
181 191 -0.116088
181 207 -4.24295
182 185 -1.6919e-08
182 199 0.00420451
183 190 0.645533
183 245 0.0723152
184 194 0.0522288
184 198 2.31924
184 200 1.37165
184 201 0.235501
184 203 -0.797453
184 204 -0.277408
185 186 -0.42066
185 199 -0.944096
186 189 0.0107082
186 197 2.52155
186 199 0.421071
186 206 -1.99074
187 202 -0.373086
188 202 -5.50047
189 193 -0.0164285
189 196 0.0659048
189 197 0.0527603
190 202 -3.10675
190 209 -2.71175
190 210 -3.35162
190 211 -6.19972
190 213 -4.43283
190 214 -2.22758
190 217 3.01573
190 219 -3.73241
190 221 -10.0236
190 223 -5.92233
190 224 -3.31536
190 226 -5.53733
190 227 1.53819
190 229 5.87507
190 230 -7.26294
190 231 -4.90284
190 232 -1.02853
190 233 4.21332
190 235 5.73767
190 236 -1.14578
190 237 -0.0745559
190 239 2.23253
190 240 0.346115
190 244 0.364858
190 245 4.1369
190 246 0.29089
190 247 -3.43706
191 203 0.0538551
191 207 1.38703
191 215 -2.3586
191 217 -8.87224
191 218 -2.79271
192 193 -0.000635902
192 196 -1.47166
193 196 -0.219982
193 197 -0.036653
194 196 0.286843
194 198 0.801943
195 196 -0.196742
196 197 0.704678
196 198 0.432432
196 209 -2.36822
196 211 -7.7495
196 214 -2.41897
197 205 -1.44559
197 206 -4.92171
197 208 -2.58569
197 209 -8.96455
198 200 1.57394
198 210 -6.65801
198 211 -1.81446
199 202 -5.11332
199 206 -3.36285
199 216 -3.20824
200 201 2.79932
200 210 -4.16551
200 213 -10.8428
201 204 0.703372
201 212 -9.23909
201 213 -2.71175
202 216 -0.158605
202 221 2.70173
202 223 2.4695
203 204 1.96667
203 212 -10.7962
203 215 -0.0249968
203 218 -0.00508054
204 212 -2.14198
205 206 0.0153073
205 208 0.0319824
206 208 0.636724
206 216 -0.0796222
206 223 1.2979
206 225 2.54585
207 217 -8.01058
208 209 3.27055
208 223 0.331788
208 225 6.19432
208 231 0.879663
209 214 0.788526
209 224 5.26786
209 225 1.95015
209 230 4.76974
210 211 2.58102
210 213 2.75059
211 214 5.64496
212 213 2.78863
212 215 0.167976
212 219 0.736256
212 220 0.108555
213 219 0.214364
213 220 0.215736
213 222 1.38663
213 226 2.25493
213 227 -3.33232
214 224 3.00411
215 218 3.05363
215 219 3.02399
215 229 -5.50047
216 223 -0.952988
217 218 -15.2198
217 229 0.719166
217 235 2.01385
217 239 2.44786
218 229 -10.3815
219 220 0.975597
219 227 -8.46898
219 229 -6.90914
219 232 -0.886457
221 223 4.54741
222 227 -4.14515
223 225 4.4391
223 228 -0.666212
223 231 2.66008
223 236 -3.4012
225 228 -0.0753662
225 230 2.64699
225 231 6.68923
226 227 -3.57445
227 245 0.0723152
230 231 5.56907
230 240 -0.880695
231 234 2.64699
231 237 2.41764
231 238 -7.30686
231 240 -0.439949
231 241 -1.63282
231 244 -2.69288
233 245 0.137248
234 238 -0.652519
235 239 2.36088
235 245 0.430603
237 241 -0.56723
238 241 -0.148121
239 242 1.88642
239 243 0.184583
239 245 1.7708
240 245 0.0723152
242 245 0.374898
243 245 0.524696
244 245 0.381948
245 246 1.79998
245 247 -8.87224
245 248 1.34772
247 248 -4.8442
