MULTICUT
0 213 1.188767543534301
1 213 0.7224263377855422
2 213 -1.420575958424365
3 213 0.13248100121840833
2 3 -1.914934325902037
3 213 -0.007781779532672672
4 213 0.5004307185850176
3 4 2.646993557188065
4 213 1.471006361575077
5 213 1.2551669361900215
4 5 3.9184427168471876
6 213 -1.1037246319352672
4 6 0.1637791782871667
4 213 1.3008299128497565
4 12 2.7803933118077264
6 12 -1.2551670218420983
7 213 1.445594446330888
8 213 1.7825318837304605
7 8 2.5274488884529975
9 213 0.5841188470777665
10 213 1.1457782142804072
4 11 3.2060450031958343
4 10 0.6698459156176995
11 12 2.4719660016221714
7 9 -0.305845384176723
8 10 0.35381849771398977
8 13 -4.844202616288199
7 13 -3.732408358890588
8 15 -1.4710064589046166
10 15 2.368217406966919
13 15 -2.1012697910023577
18 213 -3.0157253387444354
14 213 -3.0157253387444354
9 14 -3.9184428135768994
6 22 3.2060450031958343
14 18 -0.7940690348095123
22 213 -0.9053575182618498
7 14 -3.732408358890588
7 20 -2.319517101482562
12 25 2.31951701078773
13 20 -1.3959339919795308
17 213 -0.36989699244014895
6 25 -1.083027742309897
22 25 -0.24241052705099042
15 16 -2.22757952790676
10 16 -1.324114566604422
14 20 0.38602265684584536
15 20 -2.22757952790676
19 213 0.1481210376275779
17 19 0.7047961364960313
28 213 -3.732408358890588
18 28 -0.9436227297103521
14 21 -1.3959339919795308
18 21 0.5841188470777665
4 24 -3.732408358890588
11 24 -5.53733426701854
10 24 -2.8534722097520193
17 28 -4.844202616288199
14 23 -1.7825320036768968
21 23 1.6328169387983074
16 24 -1.4455945421327967
11 27 -5.53733426701854
24 27 1.471006361575077
20 26 0.35381849771398977
31 213 -0.8490927706325437
23 26 0.007781661256567096
22 31 2.5856857384930256
18 30 -0.33778538326100627
15 26 -0.9053575182618498
15 29 -4.43612156009328
16 29 -1.3477177614522067
28 30 -0.27405945275533616
24 29 -1.7825320036768968
11 25 0.6010889981175147
21 33 -2.2726892867301896
21 30 -0.24241052705099042
30 33 -2.0618119810484816
25 31 2.184051378192568
23 33 -3.9184428135768994
24 32 -2.22757952790676
26 29 -3.5744537730315336
27 39 -0.33778538326100627
11 39 -1.6615502176829433
27 32 -1.986327866288225
26 33 -2.023524054927849
24 38 -1.042255157127819
19 28 -3.43705550120135
29 38 -1.4710064589046166
32 38 -2.7117471225450083
19 34 1.3241144775306468
27 35 -3.5744537730315336
11 36 -4.43612156009328
28 34 -4.844202616288199
35 39 -1.1037246319352672
36 39 0.4347078707200993
32 35 -4.43612156009328
19 43 1.347717671142901
34 43 2.184051378192568
11 31 -0.13248112001244716
32 40 -4.844202616288199
35 40 1.1457782142804072
37 213 -0.24241052705099042
19 37 2.646993557188065
26 38 -3.106750063060895
34 45 -1.5769600686022973
26 42 0.1794573777347761
28 45 -1.0022630255891705
38 42 -3.43705550120135
19 41 1.5230823357393546
31 36 -3.3153581355547077
33 42 -4.844202616288199
35 44 3.2060450031958343
36 52 -0.867703438765498
36 58 -3.3153581355547077
37 41 3.4370554399806776
39 52 -1.8806142848807943
52 58 -1.751313725733529
34 46 -0.9436227297103521
43 46 -1.1037246319352672
45 46 0.13248100121840833
40 44 1.5497853865743236
43 47 0.7401648358628796
28 49 -4.844202616288199
46 47 1.347717671142901
30 49 -0.5672302300910688
32 44 -4.145152083743929
45 51 -0.9825428039459942
28 51 -5.53733426701854
49 51 2.8534721380276795
39 44 -2.023524054927849
32 48 -3.732408358890588
44 54 -4.43612156009328
39 54 -1.6328170469254393
44 48 -1.3477177614522067
52 54 0.6698459156176995
45 56 -1.4455945421327967
38 48 1.604628978813839
51 56 2.368217406966919
33 49 -4.844202616288199
46 56 -1.371652884404361
47 56 -1.5769600686022973
47 59 -0.27405945275533616
31 50 1.3716527928075883
50 213 -0.305845384176723
56 59 4.436121480203944
50 53 2.184051378192568
53 213 -0.305845384176723
36 50 -5.53733426701854
54 57 -1.2106356105583946
52 57 -0.4510470176203887
53 55 1.604628978813839
55 213 -0.722426472174637
19 37 2.2726891994400433
48 60 0.1168571278983801
44 60 -2.418966560561031
44 63 -5.53733426701854
54 63 -0.8490927706325437
54 61 0.38602265684584536
38 60 0.5672301020452246
61 63 -0.25821891342749526
60 63 0.5841188470777665
43 59 2.2726891994400433
38 62 -0.5170230248961472
42 62 -5.53733426701854
60 62 -3.2060451019615273
50 55 0.007781661256567096
33 64 4.436121480203944
42 65 -1.986327866288225
37 43 1.210635526973574
62 65 -3.0157253387444354
57 61 -2.1012697910023577
55 74 -1.3959339919795308
49 56 1.3716527928075883
50 74 2.93164334365634
42 73 -2.2726892867301896
57 70 -0.07006336313715722
33 73 -1.4968294629075651
61 70 -2.5856858519456853
62 67 -1.4455945421327967
63 66 0.1637791782871667
65 67 0.2582187931706581
61 66 0.41842577919951873
60 69 -2.6469936768108107
68 213 1.3008299128497565
49 64 -5.53733426701854
65 73 -1.042255157127819
62 69 0.6872705278045488
60 66 -0.4184259027266788
52 70 -2.5856858519456853
74 213 1.4968293639808472
49 59 0.1637791782871667
66 69 -2.5856858519456853
52 71 0.5170228985401271
58 71 -2.418966560561031
67 69 0.054484828546315534
58 72 -2.5274489963885465
66 70 -2.023524054927849
71 72 1.6615501074318497
36 72 1.210635526973574
67 75 0.7047961364960313
69 75 -0.5841189757308616
64 78 4.145152023550564
69 76 2.101269714871794
66 76 -1.8144600365838361
52 77 -1.6328170469254393
33 78 2.7117470592609445
70 77 1.0625402297313233
71 77 -2.22757952790676
59 64 -4.844202616288199
37 59 -1.7207670712436016
67 73 -1.690856787854381
59 84 -3.9184428135768994
64 84 -0.4347079946705643
75 79 3.574453703354731
69 79 -1.6328170469254393
70 80 -1.5769600686022973
72 77 -4.145152083743929
76 79 -0.4347079946705643
83 213 -4.43612156009328
66 80 0.5672301020452246
76 80 -0.9244110766470177
77 80 -1.7825320036768968
36 77 -4.145152083743929
80 81 1.0625402297313233
77 81 -1.9501526936104758
90 213 -4.145152083743929
86 213 -2.9316434205780437
68 86 -3.9184428135768994
50 77 1.0830275858277314
86 90 2.8534721380276795
59 82 -1.847139159904398
76 85 -3.9184428135768994
37 82 -0.9825428039459942
79 85 0.2582187931706581
88 213 -5.53733426701854
67 89 -3.0157253387444354
83 88 0.8306197427665889
82 84 -2.023524054927849
75 89 -0.32179504083642385
78 84 -1.847139159904398
73 89 -2.9316434205780437
37 87 -2.9316434205780437
87 213 0.6352858046593717
33 84 -1.4710064589046166
50 76 -4.145152083743929
79 89 -0.32179504083642385
50 85 -1.914934325902037
50 81 -1.5497854889223055
73 84 -0.722426472174637
82 87 1.2778513804684322
84 89 -2.6469936768108107
85 89 0.5504197869721676
85 93 0.7401648358628796
50 80 -1.0022630255891705
50 93 0.10124748840924536
91 213 1.347717671142901
92 213 0.8306197427665889
86 213 -1.751313725733529
88 94 0.3217949194737102
83 94 2.0618119072200103
84 95 -1.751313725733529
89 96 -0.36989699244014895
85 96 2.7803933118077264
88 91 -5.53733426701854
87 92 2.368217406966919
82 95 -2.9316434205780437
50 97 2.5856857384930256
98 213 1.1671515377428254
50 100 4.145152023550564
74 97 0.9244109312539295
89 99 1.880614156109223
96 99 -0.25821891342749526
104 213 1.2778513804684322
87 116 -5.53733426701854
82 116 -3.9184428135768994
84 102 -1.4455945421327967
89 102 0.6010889981175147
83 104 -4.145152083743929
95 116 -2.2726892867301896
93 96 0.22663210648628773
86 98 -3.0157253387444354
96 103 0.8306197427665889
95 102 -1.167151619412428
99 102 -0.8490927706325437
93 103 0.35381849771398977
94 105 2.418966462073592
88 105 0.2899341161553104
101 102 0.2899341161553104
99 101 0.33778526158074773
93 107 -4.145152083743929
50 107 -5.53733426701854
99 103 -0.7401649710893459
88 92 -2.319517101482562
50 106 0.5672301020452246
100 106 2.184051378192568
106 107 -4.844202616288199
88 213 -4.844202616288199
92 114 -5.53733426701854
87 114 -5.53733426701854
95 115 -3.9184428135768994
114 116 1.8471390342477205
115 116 3.4370554399806776
88 114 0.5336849977291656
101 103 -2.0618119810484816
50 112 -4.844202616288199
103 108 2.7803933118077264
107 108 -4.844202616288199
97 112 -4.145152083743929
95 109 0.41842577919951873
102 109 -2.5274489963885465
88 94 0.35381849771398977
106 110 1.4205758640846524
100 110 -0.7580155848378691
50 111 -0.4347079946705643
50 110 -0.9436227297103521
111 112 -4.43612156009328
113 213 2.31951701078773
102 118 0.982542654754837
101 118 -0.635285935274005
104 113 1.210635526973574
109 118 -2.418966560561031
103 118 -0.07006336313715722
110 111 0.38602265684584536
97 124 -5.53733426701854
109 115 -3.0157253387444354
112 124 3.3153580262671256
88 117 2.2275794437459226
94 117 4.436121480203944
104 123 -2.4719661045957224
108 119 -0.353818619728701
107 119 -5.53733426701854
120 213 1.4968293639808472
83 123 -3.5744537730315336
74 124 -4.844202616288199
74 120 3.574453703354731
110 124 -2.023524054927849
111 124 -2.023524054927849
108 118 0.7580154487445683
106 119 3.3153580262671256
86 122 1.7825318837304605
86 213 -2.1840514594677467
122 213 -2.319517101482562
86 121 -2.9316434205780437
120 124 -4.844202616288199
90 121 -2.368217501379304
110 119 -1.0022630255891705
126 213 1.8471390342477205
113 126 2.646993557188065
113 123 -3.9184428135768994
88 128 2.93164334365634
118 119 0.5672301020452246
90 129 4.436121480203944
121 129 -2.22757952790676
121 122 -0.8122801326543725
83 125 0.6698459156176995
94 125 1.124638707269666
119 124 -4.844202616288199
83 127 0.5170228985401271
114 130 0.8490926297285697
116 130 0.41842577919951873
123 127 -3.5744537730315336
119 133 2.31951701078773
125 127 0.10124748840924536
118 133 1.604628978813839
115 118 -4.43612156009328
113 136 -2.6469936768108107
123 131 2.5856857384930256
123 136 -0.13248112001244716
127 131 -2.368217501379304
125 132 0.2899341161553104
119 141 1.347717671142901
94 132 -0.24241052705099042
133 141 0.8864565510992328
124 141 -5.53733426701854
116 138 2.5274488884529975
124 134 2.8534721380276795
88 130 -0.0544849469084292
130 139 1.3241144775306468
116 139 0.8677032967963991
134 141 -2.368217501379304
127 132 0.9053573740495944
94 135 2.93164334365634
132 135 -1.2551670218420983
138 139 1.3959338990403656
115 138 -0.353818619728701
137 138 0.9629978960423582
115 137 0.6181436068748636
124 213 -3.9184428135768994
121 144 -1.3959339919795308
129 144 3.574453703354731
121 213 -0.19515772478657212
88 94 -0.32179504083642385
88 135 -1.1887676261434261
132 142 0.9053573740495944
135 142 -1.3959339919795308
113 213 1.5230823357393546
88 140 3.7324082779400585
141 143 -4.844202616288199
128 140 1.4968293639808472
88 139 1.6328169387983074
134 143 1.3008299128497565
127 156 -1.7825320036768968
132 156 -1.3477177614522067
118 152 -5.53733426701854
131 156 -2.9316434205780437
115 152 4.145152023550564
135 146 -0.635285935274005
142 146 2.418966462073592
133 145 3.3153580262671256
134 213 -2.7803933790295874
138 147 1.4968293639808472
136 156 -3.106750063060895
142 156 -2.6469936768108107
88 146 1.986327796610479
139 147 0.9244109312539295
143 213 -4.145152083743929
136 154 -2.6469936768108107
113 154 -0.08565028243590467
154 156 0.2582187931706581
137 149 -0.4510470176203887
138 149 0.242410407030617
144 213 -3.9184428135768994
154 159 2.7803933118077264
141 148 2.5274488884529975
143 148 -4.844202616288199
156 159 2.101269714871794
133 150 3.2060450031958343
146 156 -5.53733426701854
115 149 -4.43612156009328
145 150 2.5274488884529975
157 213 1.4205758640846524
88 147 1.7513136084096503
90 157 -2.368217501379304
133 148 -1.0022630255891705
154 213 2.0618119072200103
147 149 0.982542654754837
148 150 0.369896870073811
133 152 -3.3153581355547077
88 153 2.101269714871794
140 153 1.880614156109223
152 161 -3.43705550120135
90 155 1.7513136084096503
151 213 2.101269714871794
149 161 -1.5769600686022973
133 150 3.2060450031958343
148 213 -0.5504199144331001
155 157 -2.7803933790295874
128 153 1.0221648177565306
90 164 3.7324082779400585
155 164 0.4674453385798212
146 158 2.7117470592609445
88 162 1.4205758640846524
146 162 1.9149341938214999
88 168 1.5497853865743236
150 167 -5.53733426701854
148 167 -3.732408358890588
146 160 2.141984057957801
156 160 -5.53733426701854
155 213 -3.2060451019615273
158 160 1.986327796610479
152 163 3.10674997290245
146 160 2.023523983245292
147 168 0.6352858046593717
133 163 -3.106750063060895
156 169 1.471006361575077
88 165 3.015725255756913
160 169 -5.53733426701854
160 162 1.188767543534301
150 163 -2.368217501379304
162 166 1.5497853865743236
88 166 0.7759821143416219
167 213 -5.53733426701854
165 168 -1.751313725733529
160 166 2.023523983245292
151 170 -2.7803933790295874
129 213 -2.2726892867301896
159 213 2.184051378192568
149 168 0.08565016394454328
161 163 -4.43612156009328
156 213 1.6908566753683048
164 213 -4.145152083743929
166 169 -4.145152083743929
129 175 -1.8806142848807943
175 213 1.5230823357393546
150 179 -2.7803933790295874
167 179 -0.08565028243590467
88 172 -0.9629980439232386
165 172 -0.8864566941706382
149 178 2.31951701078773
168 178 -0.8864566941706382
166 171 0.2899341161553104
177 213 1.3716527928075883
90 174 2.8534721380276795
129 174 1.604628978813839
151 180 -2.8534722097520193
170 180 2.0618119072200103
129 182 1.9501526258096291
168 172 -2.4719661045957224
149 163 -4.844202616288199
174 182 2.141984057957801
175 182 -1.371652884404361
164 176 2.5274488884529975
90 176 1.8471390342477205
167 177 -4.145152083743929
176 213 -3.9184428135768994
150 173 3.7324082779400585
169 171 -5.53733426701854
176 183 -1.5769600686022973
183 213 -0.22663222628581936
181 213 1.8471390342477205
171 185 -2.9316434205780437
166 185 -4.844202616288199
88 185 -4.43612156009328
173 179 -2.9316434205780437
169 185 -5.53733426701854
163 173 -1.5497854889223055
180 213 -1.2327653271421226
156 181 0.03891301945135828
172 185 -4.844202616288199
151 184 1.880614156109223
156 185 -5.53733426701854
168 185 -3.5744537730315336
186 213 1.0022628750411067
163 192 1.347717671142901
179 188 1.9149341938214999
181 185 -4.844202616288199
149 192 -4.43612156009328
173 188 -4.43612156009328
179 189 -1.847139159904398
167 189 2.5856857384930256
176 187 -2.6469936768108107
183 187 1.72076695640305
176 190 -2.4719661045957224
90 190 -3.0157253387444354
188 189 -0.6698460476628039
187 190 1.3959338990403656
190 198 2.418966462073592
90 198 -3.5744537730315336
193 213 -1.8144600365838361
151 196 -1.8806142848807943
170 196 2.2275794437459226
149 194 -4.844202616288199
182 205 -1.2327653271421226
178 194 -2.6469936768108107
182 198 -1.3959339919795308
180 196 3.015725255756913
184 196 0.9053573740495944
177 193 -4.844202616288199
175 205 0.242410407030617
178 185 -4.43612156009328
177 189 -5.53733426701854
173 191 3.2060450031958343
186 197 -1.5769600686022973
197 213 -1.5769600686022973
183 203 -1.1457782950449733
163 191 -1.2551670218420983
186 193 -2.22757952790676
186 204 -1.3959339919795308
195 213 1.232765242543629
203 213 -3.43705550120135
183 199 -0.5004308444200505
192 194 0.7401648358628796
193 204 -0.13248112001244716
195 197 -2.22757952790676
199 203 1.880614156109223
187 199 -0.8122801326543725
173 202 -0.7940690348095123
205 213 -1.7207670712436016
191 202 2.418966462073592
188 202 -2.418966560561031
178 206 -3.5744537730315336
185 206 3.3153580262671256
190 199 -1.3008300007371676
197 204 1.9149341938214999
207 213 -0.9436227297103521
198 205 -4.43612156009328
205 207 -2.023524054927849
200 213 1.0625402297313233
200 207 1.6908566753683048
192 201 0.1794573777347761
194 201 -0.8864566941706382
189 202 -4.43612156009328
195 204 -2.4719661045957224
189 213 -5.53733426701854
180 200 -1.042255157127819
177 213 1.1457782142804072
198 199 -2.418966560561031
151 196 1.0221648177565306
163 201 -1.7825320036768968
178 208 1.232765242543629
194 208 -2.1840514594677467
202 209 -1.2327653271421226
193 215 -2.22757952790676
191 209 -1.8144600365838361
177 215 1.6615501074318497
180 207 0.6010889981175147
202 210 0.08565016394454328
205 219 1.0625402297313233
189 210 -1.5230824363372633
207 219 -1.6328170469254393
194 212 -4.43612156009328
201 212 -2.22757952790676
196 211 2.646993557188065
209 210 -0.36989699244014895
204 218 -1.8144600365838361
208 212 -1.4710064589046166
196 213 0.07006324471763459
207 214 2.023523983245292
214 219 -0.7940690348095123
193 216 -3.9184428135768994
204 216 -2.7803933790295874
215 216 -0.10124760698692858
216 218 -0.33778538326100627
195 218 0.45104689322786395
206 208 -3.43705550120135
208 223 -4.145152083743929
215 217 1.986327796610479
213 218 1.2778513804684322
203 222 3.7324082779400585
206 223 2.7117470592609445
163 212 -5.53733426701854
216 217 2.141984057957801
213 216 1.5769599644200505
213 222 -3.106750063060895
180 214 0.3217949194737102
181 221 -5.53733426701854
185 221 2.5856857384930256
191 210 0.982542654754837
198 203 -4.844202616288199
180 211 0.3058452631148958
213 221 -5.53733426701854
210 213 -2.7117471225450083
212 223 -5.53733426701854
191 213 -1.0022630255891705
198 229 -3.43705550120135
211 220 3.2060450031958343
196 220 2.4719660016221714
205 229 -0.14812115655181013
185 225 3.9184427168471876
213 215 1.1671515377428254
213 217 0.8306197427665889
163 230 2.2726891994400433
191 230 -1.2106356105583946
180 220 0.5504197869721676
219 227 -1.0625403846496646
205 227 1.0022628750411067
214 227 0.6698459156176995
213 226 1.4968293639808472
191 224 3.9184427168471876
221 226 -5.53733426701854
224 230 -1.5230824363372633
213 224 0.3217949194737102
180 227 0.45104689322786395
203 229 -3.5744537730315336
185 228 0.8864565510992328
221 228 1.124638707269666
213 237 1.210635526973574
222 237 -2.22757952790676
180 196 2.646993557188065
203 231 3.3153580262671256
203 236 -2.5856858519456853
231 236 -0.4347079946705643
226 228 -4.844202616288199
222 231 1.7513136084096503
196 232 2.5856857384930256
213 232 1.6328169387983074
225 228 -1.751313725733529
163 244 -5.53733426701854
212 244 1.3716527928075883
230 244 -5.53733426701854
212 233 1.3959338990403656
233 244 -1.3477177614522067
231 237 -2.1419841365639445
228 234 0.7224263377855422
223 233 -5.53733426701854
226 234 -5.53733426701854
206 235 1.880614156109223
230 245 1.210635526973574
224 245 -1.60462908492035
213 245 -1.324114566604422
223 235 -0.4839058740936957
206 241 -0.19515772478657212
225 240 3.2060450031958343
185 240 2.7117470592609445
180 239 2.0618119072200103
227 239 0.7401648358628796
226 242 2.2275794437459226
213 253 -2.2726892867301896
203 246 -3.0157253387444354
229 246 0.5170228985401271
205 248 2.368217406966919
227 248 1.232765242543629
234 242 -5.53733426701854
245 253 0.35381849771398977
236 246 -1.986327866288225
213 242 2.101269714871794
225 238 2.184051378192568
228 238 -0.21088196663715686
235 241 -2.368217501379304
239 248 0.38602265684584536
185 241 -1.8806142848807943
236 237 -0.25821891342749526
236 243 1.9501526258096291
244 245 -3.732408358890588
237 243 0.982542654754837
205 246 0.5672301020452246
213 247 1.3716527928075883
247 253 -3.5744537730315336
236 252 -0.9436227297103521
196 213 -0.7401649710893459
246 252 1.9149341938214999
238 250 0.007781661256567096
225 250 1.210635526973574
240 250 3.7324082779400585
205 252 -0.3860227795812654
243 252 -1.5230824363372633
244 251 2.141984057957801
180 249 3.2060450031958343
245 251 -4.145152083743929
248 252 -3.9184428135768994
228 250 1.7513136084096503
233 251 2.368217406966919
237 252 -2.7117471225450083
237 256 -2.8534722097520193
252 256 4.145152023550564
252 262 1.604628978813839
248 262 -1.7825320036768968
213 256 -2.5274489963885465
240 241 -0.8306198826413334
241 259 -2.4719661045957224
213 255 -1.847139159904398
255 256 2.93164334365634
235 259 0.21088184704301205
242 266 -1.3477177614522067
247 270 -4.844202616288199
213 270 -3.732408358890588
213 254 -2.368217501379304
254 255 1.445594446330888
196 249 -0.21088196663715686
234 266 -4.844202616288199
180 249 3.3153580262671256
234 250 0.9053573740495944
240 267 -1.2551670218420983
241 267 1.124638707269666
235 275 -2.1012697910023577
223 275 2.4719660016221714
213 266 -0.9053575182618498
213 249 -1.5769600686022973
213 297 -1.60462908492035
213 260 -3.9184428135768994
213 297 -1.751313725733529
252 257 4.145152023550564
260 297 0.6872705278045488
239 262 2.7117470592609445
254 297 -0.867703438765498
254 261 1.3241144775306468
259 275 0.41842577919951873
261 297 1.880614156109223
240 263 -5.53733426701854
263 267 2.7117470592609445
252 258 4.436121480203944
180 262 -1.8144600365838361
270 297 4.145152023550564
249 262 0.7759821143416219
250 272 1.0830275858277314
252 264 0.21088184704301205
257 264 1.471006361575077
258 262 1.5497853865743236
213 265 -3.9184428135768994
223 269 -4.145152083743929
249 280 3.015725255756913
213 280 0.5504197869721676
269 275 -3.9184428135768994
233 269 2.8534721380276795
252 273 0.274059332246233
252 273 1.188767543534301
265 266 2.2275794437459226
250 266 -2.023524054927849
240 272 0.8122799937741847
264 273 4.145152023550564
251 269 1.9501526258096291
255 271 1.604628978813839
256 271 1.880614156109223
256 273 -0.4347079946705643
240 277 3.574453703354731
259 268 0.9053573740495944
272 277 3.7324082779400585
267 268 -0.6010891274007599
268 275 0.982542654754837
245 247 0.007781661256567096
254 271 2.93164334365634
271 273 1.8144599138640842
258 273 -0.22663222628581936
240 278 -3.9184428135768994
266 272 2.2726891994400433
263 278 2.418966462073592
213 276 -2.7803933790295874
254 297 3.10674997290245
257 273 2.8534721380276795
265 276 2.418966462073592
247 251 0.9436225830949259
245 274 -0.7940690348095123
247 269 1.986327796610479
251 274 -1.0625403846496646
247 274 -1.4710064589046166
254 279 2.5274488884529975
262 273 2.5274488884529975
277 278 -1.0625403846496646
247 282 -3.9184428135768994
270 282 -0.9244110766470177
268 287 0.274059332246233
275 287 2.7803933118077264
269 305 -0.4510470176203887
266 276 2.7803933118077264
267 287 4.844202556684481
275 305 -4.43612156009328
247 305 3.3153580262671256
263 281 -0.305845384176723
267 281 4.844202556684481
273 283 1.72076695640305
278 281 -1.1887676261434261
266 285 4.844202556684481
271 284 1.0221648177565306
254 284 1.3959338990403656
266 277 -0.13248112001244716
270 286 3.7324082779400585
271 288 -0.10124760698692858
213 290 1.232765242543629
277 285 4.436121480203944
284 288 2.141984057957801
273 288 2.7803933118077264
280 290 2.7803933118077264
180 289 2.2726891994400433
249 289 3.3153580262671256
254 291 2.023523983245292
270 296 2.368217406966919
286 296 4.145152023550564
283 295 1.7513136084096503
213 292 1.880614156109223
273 295 2.023523983245292
254 297 3.7324082779400585
284 297 1.124638707269666
283 294 0.10124748840924536
262 293 3.4370554399806776
273 294 1.880614156109223
262 299 1.6615501074318497
249 299 3.4370554399806776
287 305 -2.9316434205780437
266 277 5.537334267018537
283 297 0.007781661256567096
213 266 -3.5744537730315336
294 297 3.3153580262671256
295 297 0.9629978960423582
282 298 -3.5744537730315336
270 298 3.2060450031958343
249 290 4.436121480203944
296 298 2.4719660016221714
288 297 0.03891301945135828
277 301 -1.324114566604422
278 301 1.445594446330888
291 297 1.6615501074318497
262 302 -0.25821891342749526
266 301 -0.038913137770452355
273 302 1.445594446330888
293 300 0.21088184704301205
262 300 1.5230823357393546
293 302 -2.2726892867301896
254 297 3.7324082779400585
281 301 -3.732408358890588
299 300 -0.17945749696390423
300 302 1.986327796610479
298 307 4.145152023550564
296 307 3.4370554399806776
270 303 3.574453703354731
273 304 4.145152023550564
294 304 1.5230823357393546
270 296 -0.4510470176203887
247 287 -3.0157253387444354
288 306 2.0618119072200103
247 267 -3.3153581355547077
297 304 2.31951701078773
273 306 0.982542654754837
297 306 1.7825318837304605
304 306 3.3153580262671256
266 308 3.574453703354731
301 308 -0.353818619728701
282 307 -2.5274489963885465
297 309 0.1637791782871667
254 309 -0.9825428039459942
247 311 -2.5856858519456853
282 311 0.054484828546315534
297 318 3.4370554399806776
307 311 3.10674997290245
299 302 -0.7401649710893459
267 310 3.9184427168471876
302 313 2.7117470592609445
273 313 1.232765242543629
307 312 4.844202556684481
296 312 -0.4674454634335292
270 312 -0.722426472174637
247 310 -1.4968294629075651
295 313 2.8534721380276795
267 301 -2.5856858519456853
247 319 -3.732408358890588
311 319 0.07006324471763459
311 314 0.054484828546315534
314 319 -2.2726892867301896
303 312 0.8306197427665889
297 303 2.8534721380276795
297 336 3.10674997290245
318 336 3.7324082779400585
297 315 1.103724552883528
295 315 0.6698459156176995
312 317 2.7803933118077264
290 316 3.7324082779400585
303 317 2.5856857384930256
307 317 1.7513136084096503
311 336 -0.25821891342749526
307 336 3.574453703354731
314 336 -0.5004308444200505
308 320 0.5841188470777665
295 302 3.9184427168471876
295 299 -1.8144600365838361
301 320 -0.08565028243590467
249 316 1.8471390342477205
213 316 0.8490926297285697
266 320 0.8306197427665889
267 320 1.986327796610479
319 336 3.10674997290245
267 321 -2.8534722097520193
247 325 2.023523983245292
310 325 -0.7580155848378691
315 322 0.4674453385798212
297 322 1.1671515377428254
295 322 2.184051378192568
213 327 -2.6469936768108107
266 327 2.023523983245292
266 323 4.436121480203944
320 323 2.31951701078773
297 307 2.7117470592609445
297 317 1.604628978813839
249 326 2.184051378192568
320 321 -1.690856787854381
310 321 -2.368217501379304
310 324 1.347717671142901
321 324 -0.9825428039459942
316 326 1.3716527928075883
213 326 1.6908566753683048
297 328 3.10674997290245
321 336 -2.9316434205780437
320 336 3.10674997290245
321 329 -3.2060451019615273
329 336 2.7117470592609445
324 325 0.6698459156176995
324 329 0.7940688968903633
323 330 2.7803933118077264
320 330 3.3153580262671256
324 332 1.232765242543629
329 332 1.5230823357393546
325 332 1.3716527928075883
295 297 1.3008299128497565
325 333 0.4674453385798212
247 333 -3.0157253387444354
297 336 2.93164334365634
318 331 3.4370554399806776
331 336 2.2275794437459226
319 333 1.0221648177565306
327 337 -0.13248112001244716
213 337 1.188767543534301
327 339 -0.32179504083642385
337 339 2.7803933118077264
323 335 -0.36989699244014895
297 334 2.418966462073592
334 336 2.2726891994400433
332 333 0.8306197427665889
266 339 -2.5274489963885465
330 335 0.7401648358628796
330 336 3.9184427168471876
333 340 -0.6872706606037844
332 340 -0.11685724657693086
323 341 1.3959338990403656
332 336 4.436121480203944
297 338 2.141984057957801
299 343 2.0618119072200103
335 341 2.184051378192568
336 340 2.93164334365634
295 343 0.982542654754837
266 341 4.436121480203944
333 342 -0.5841189757308616
319 342 0.48390574875928927
330 341 0.03891301945135828
336 341 4.145152023550564
318 336 2.5856857384930256
328 336 1.604628978813839
333 336 -1.7207670712436016
336 342 3.574453703354731
249 343 2.5856857384930256
339 341 -3.106750063060895
297 336 2.7117470592609445
343 348 2.141984057957801
249 348 2.141984057957801
337 344 -0.4347079946705643
295 338 0.5672301020452246
213 344 -2.1840514594677467
339 344 -1.324114566604422
295 348 3.3153580262671256
295 297 0.6698459156176995
318 345 2.141984057957801
336 346 2.023523983245292
336 347 2.0618119072200103
297 345 2.0618119072200103
