MULTICUT
0 2 4.98144
0 3 0.342709
0 11 -0.0295973
0 17 -4.17669
0 21 -2.64699
1 4 -1.08201
1 6 0.37197
1 7 1.10351
1 9 5.61721
1 18 0.202723
1 20 -0.298233
1 34 -0.20962
1 38 0.166953
1 44 0.436634
2 5 0.434708
2 8 7.28367
2 12 10.7532
2 15 1.16715
2 21 -2.52745
2 22 7.17141
2 24 2.93164
2 29 0.66768
2 33 1.42058
2 35 3.3992
2 46 -6.22177
2 66 0.0195905
3 4 5.35199
3 10 3.8444
3 11 0.0346749
3 13 2.6566
3 14 2.64699
3 16 -1.88061
3 17 0.720407
3 18 -5.71796
3 19 0.145397
4 6 -0.0575303
4 7 -1.26579
4 9 -0.320242
4 18 -0.616026
4 19 2.04042
4 20 0.211253
4 34 2.06759
4 38 -0.360921
4 44 -0.241462
6 9 1.55888
7 20 -0.0411124
7 34 -0.0212408
8 12 0.479624
8 15 3.87245
9 19 -0.0513199
9 20 -0.14418
9 34 -0.0885565
9 38 0.223946
9 42 2.83261
10 11 0.201038
10 13 1.34449
10 17 0.487219
10 18 -1.57696
10 27 -1.30655
11 17 0.128545
12 15 1.72863
12 23 -0.0440407
12 33 1.74069
12 43 -0.00327924
12 49 -0.0839084
13 18 -5.60091
14 16 -0.210882
14 18 -1.27785
15 23 0.445113
15 25 2.38158
15 26 0.618144
15 28 2.30726
15 43 0.0840954
15 49 0.10559
16 18 -1.06254
17 21 -3.33405
17 27 -14.8437
17 30 0.601089
18 19 -0.553118
18 20 -0.16211
18 27 3.69621
18 31 0.177025
18 34 -0.306703
18 37 3.88071
18 38 3.19647
18 42 1.10343
18 44 0.201124
18 48 1.72064
18 60 1.17111
19 38 -0.0256868
19 44 -0.0451703
20 38 -0.114312
20 44 -0.172933
21 24 -2.93164
21 30 -0.179458
22 29 3.62003
22 35 1.02216
22 46 -1.38987
22 55 -2.64752
22 66 0.0587716
23 28 0.176994
23 32 9.0675
23 43 2.03046
23 49 1.01369
23 56 2.38932
24 29 5.34098
24 30 -2.34752
24 66 0.0195905
25 26 3.01573
25 28 16.1287
25 32 7.01584
25 56 5.33524
25 59 4.43612
25 63 3.43706
25 68 10.6554
25 79 3.91844
25 85 3.20604
25 103 -12.4951
27 30 -1.14386
27 31 1.8716
27 36 0.0469036
27 37 0.593431
27 39 -1.45519
27 40 -11.7296
27 41 -9.68249
28 32 4.56551
28 43 0.0159075
28 49 0.00273408
29 36 0.0856502
29 40 -3.10675
29 46 -0.462163
29 47 -11.3483
29 51 -5.53733
29 52 -0.0106113
29 55 -1.01784
29 56 -0.0625164
29 66 1.89288
29 98 -6.79215
29 108 -11.0747
29 110 -3.06953
29 124 -0.0675895
29 130 -5.53733
29 133 -29.8604
29 138 -4.40386
29 157 -3.31536
29 163 4.10478
29 177 -1.62921
29 193 0.452104
29 203 -3.35179
29 217 -2.18405
29 251 -4.65661e-10
30 36 -0.0469036
31 37 1.42124
31 39 -0.127607
32 56 5.05293
32 63 0.924411
33 46 -0.982543
33 49 -0.111605
34 38 -0.0571511
34 44 -0.0881406
35 46 -4.30643
36 40 -3.43706
37 39 -1.994
37 45 3.57445
37 48 3.20604
37 53 0.340667
37 75 0.552879
38 42 4.79306
38 44 0.0182299
38 60 0.413407
39 41 -0.924411
39 45 -7.5584
40 41 1.56234
40 47 4.87086
40 50 -1.22421
40 51 1.42451
41 45 -4.8442
41 50 -5.99931
42 48 0.109913
42 60 0.127543
42 71 -0.228968
42 73 -1.0632
43 49 1.60012
45 50 -3.30567
45 53 11.2169
46 49 0.765118
46 52 4.38899
46 55 0.104889
46 56 0.528302
46 66 -0.018251
47 50 -0.0330192
47 51 8.23374
48 60 2.55963
48 72 -8.16853
48 73 -0.889542
48 75 0.0544848
48 90 -11.4008
48 109 -0.794257
49 52 2.72771
49 56 5.80965
50 51 -0.00877704
50 53 -0.0389261
50 54 2.57623
50 58 2.2173
50 61 6.3977
50 62 2.41897
50 65 2.78039
50 67 1.18877
50 70 2.64699
51 54 3.294
51 57 4.37302
51 58 0.407094
51 61 0.490008
51 64 0.187035
51 130 1.37947
52 55 1.9457
52 56 2.19586
52 66 -0.0176112
53 67 -4.8442
53 70 -4.8442
53 75 1.19984
53 99 -5.53733
53 100 -0.0022073
53 104 2.34391
53 106 1.77221
53 131 0.886105
54 57 4.17066
54 58 1.09651
54 61 3.20604
55 56 0.0307439
55 66 -0.168442
56 66 -0.0596998
56 79 4.14515
56 95 2.71175
56 102 -11.0747
56 110 -8.16853
57 61 7.63411
57 64 0.623945
57 69 4.83886
57 87 2.41897
57 130 1.30831
59 68 0.369897
61 62 2.64699
61 65 4.74979
61 69 5.38408
61 77 8.24602
61 80 1.69513
61 88 0.0560843
64 130 0.376784
65 70 1.70021
65 74 3.87157
65 77 2.06181
67 70 3.57445
68 81 4.14515
68 82 3.57445
68 84 0.434708
68 85 4.30998
68 94 8.31279
68 103 -4.8442
68 121 -8.74338
68 127 1.91493
68 155 0.122939
68 158 0.138467
69 77 0.116857
69 80 2.15077
69 87 2.58569
69 88 0.161349
69 91 0.210882
69 97 2.58778
69 113 2.30398
69 114 0.570466
69 117 1.28785
69 130 2.21035
70 74 7.51104
70 92 3.10675
70 96 4.91366
70 98 3.31536
70 99 0.226632
71 73 0.814087
71 89 0.0386589
72 75 -4.53568
72 76 -5.61752
72 83 -5.22747
72 90 0.720208
72 93 0.00175453
72 101 -0.785767
72 105 3.89664
72 107 -0.90195
72 115 2.02352
72 120 -0.0253401
73 89 1.00595
73 90 0.570757
73 109 0.763599
73 122 5.96721
74 77 0.704796
74 78 3.43808
74 86 1.60463
74 92 1.34772
74 98 1.10372
75 104 2.99559
75 115 -3.20605
76 83 1.38089
76 93 0
76 105 0.0133696
76 107 -0.00846083
76 111 1.60463
76 120 0.0783308
76 137 -1.10372
76 139 1.09882
76 145 -9.2401
76 167 -0.0428998
76 179 4.02502
77 78 2.53831
77 80 2.0735
77 86 2.42878
77 91 3.30031
77 97 2.05855
78 86 0.517023
79 102 -9.68841
79 103 -4.8442
80 88 0.124185
81 84 2.93164
82 84 1.69086
82 94 4.43612
83 93 -0.0284786
83 101 0.0759099
83 111 2.12067
83 112 0.269865
84 94 4.99036
84 155 2.74684
84 158 0.831704
84 185 2.97178
84 189 -0.456333
84 214 -5.53733
86 91 1.37542
86 98 5.16671
87 130 3.10675
89 122 2.93328
89 144 -2.80733
90 93 0.382371
90 101 -0.57247
90 109 1.37923
90 112 -0.863612
90 122 0.644161
90 129 -2.50815
90 135 0.368775
90 140 0.473712
91 97 0.853245
91 98 1.30083
91 114 1.04226
92 98 1.72077
93 101 -0.314829
93 111 -0.0732829
93 112 -0.258458
94 155 0.173516
94 158 0.26158
95 110 -4.8442
96 98 5.21074
96 99 1.00226
96 118 1.47449
96 126 0.332236
98 114 4.85373
98 118 9.39442
98 119 1.78253
98 130 4.50057
98 134 3.08679
98 146 1.63229
98 156 2.65444
98 157 2.14198
98 166 1.00226
98 217 2.70076
98 253 -3.57445
99 126 2.42625
99 131 -21.4562
99 148 5.34803
99 156 2.91902
99 169 2.64226
99 174 -5.53733
99 194 2.85347
100 104 -0.00854439
100 106 -2.35418
101 111 0.113029
101 112 0.0192909
102 103 0.899795
102 110 0.101247
102 121 0.0111081
102 123 -9.17787
102 128 -10.3815
102 132 0.00990057
103 121 3.70174
103 123 -0.278354
103 132 0.0145826
104 105 -2.93164
104 106 2.92191
104 115 -4.14515
104 125 -0.419573
104 131 6.0897
104 151 -2.86526
104 154 0.83062
104 170 -2.37286
104 173 -0.0276117
104 178 2.96586
104 183 -0.231543
105 107 -1.2556
105 115 2.41897
105 120 2.29492
105 139 0.302335
105 151 0.260561
105 154 -1.47133
106 125 -0.138407
106 131 4.34223
107 120 -0.0169217
108 133 1.88061
109 122 1.0814
110 116 -0.143367
110 124 0.000989904
110 128 -3.77651
111 112 2.22345
111 137 -4.8035
112 129 -0.48524
112 137 -2.71175
113 114 3.76415
113 117 2.00875
113 130 6.84644
114 117 0.228299
114 119 2.91818
114 130 3.20604
116 124 0.621827
116 128 2.94047
116 136 1.75131
116 138 -1.14068
116 141 -14.8497
118 126 1.69733
118 146 1.1268
120 139 0.426663
121 123 -0.110058
121 127 -2.14198
121 132 1.84957
121 147 19.9743
121 149 5.0456
121 158 -4.8442
121 187 2.1126
121 190 0.500431
121 191 11.9073
122 140 2.13989
122 143 2.13318
122 144 -1.09866
122 152 -0.6019
122 153 1.87066
122 168 -0.137453
123 128 3.33074
123 132 -0.0875537
123 136 0.418391
123 149 -0.0381971
123 175 -0.103713
124 128 0.217898
124 138 -1.41442
124 193 0
126 146 1.39593
126 156 2.22758
128 136 8.82622
128 149 -0.0763956
129 135 -1.15207
129 137 -3.31536
129 142 -2.56224
130 157 7.64935
131 174 0.296581
131 183 -0.127651
132 136 -0.429264
132 149 4.22948
132 175 1.0692
133 163 -8.28187
133 177 3.6616
133 193 -4.14515
135 140 2.8999
135 142 4.9796
136 141 -8.57661
136 149 -0.380424
136 150 3.80256
136 161 -5.53733
136 162 -4.43612
136 175 -6.41947
137 142 4.27763
137 145 2.23059
137 160 0.741148
138 141 7.87756
138 161 1.82083
138 193 -0.297572
138 210 0.0538405
138 226 -2.71175
138 251 -0.00150792
138 254 -0.910413
139 151 2.11995
139 164 0.755852
139 167 -0.00886379
139 179 0.0729571
140 143 1.06508
140 152 -3.19688
141 150 -3.73241
141 161 8.53817
141 162 0.652519
142 152 -0.532891
142 159 4.65794
142 160 1.97796
142 171 4.52835
142 184 2.84175
142 195 3.85939
142 196 -0.524238
142 207 -0.987145
144 153 -9.32002
144 176 -4.43612
145 160 0.474531
145 179 -4.75503
145 180 3.23997
146 156 3.9392
149 175 8.00923
149 190 3.04887
150 162 -5.53733
151 154 -0.23065
151 164 0.169303
151 165 3.947
151 167 0.000121527
151 170 1.41602
151 178 -1.45213
151 179 -0.407175
151 181 0.0520004
151 182 4.9037
152 159 -4.58821
152 168 -0.439934
152 172 -0.148121
152 176 -0.750891
152 184 -13.6729
152 192 -4.48086
153 168 -0.0780663
153 176 4.32814
155 158 0.381308
156 169 1.54979
156 183 -3.20605
156 194 1.84714
156 239 -0.477085
156 253 -11.0747
156 281 -1.00226
156 286 -9.97346
156 305 -3.73241
156 310 -10.3815
156 318 4.63772
156 329 -4.8442
156 338 -8.82161
156 359 -1.28646
156 389 -0.0392053
156 395 -0.777917
156 408 -0.0409676
156 415 -0.901016
156 416 -0.243242
156 424 -0.465052
156 430 -0.962998
156 431 -0.841254
156 434 -1.58935
156 435 -1.44559
156 438 -0.0966512
158 191 -0.877232
158 198 -2.18143
158 214 -11.9611
158 219 0.0559817
158 228 -4.43612
158 233 -2.14198
159 172 3.77163
159 184 0.517023
160 171 3.85436
160 180 2.80353
160 196 0.71087
160 200 0.44122
160 204 0.787257
160 207 4.76369
160 237 1.01007
161 162 3.43706
161 175 -0.00436265
161 186 0.532718
161 188 -0.19505
161 201 -2.44536
161 221 -11.6602
161 236 -0.486621
161 254 -1.70227
163 177 -1.52308
164 165 0.0121689
164 167 -0.0844439
164 179 0.522621
164 182 -0.112879
167 179 -0.33734
168 176 0.364057
170 178 -3.66419
170 181 0.106605
171 196 -0.283983
172 184 2.41897
173 183 1.87361
174 183 -0.00913798
174 194 -5.53733
175 186 -0.000240326
175 188 0.000263871
175 190 9.26688
175 199 1.69086
175 201 2.65881
175 202 4.75503
175 211 3.44408
175 212 2.52745
175 213 2.23174
175 215 1.49683
175 216 3.43984
175 222 0.722426
176 192 5.66424
177 193 -9.68841
177 203 3.48807
178 181 -0.688223
178 183 -0.0660232
178 231 -0.0461677
179 180 -0.0969287
179 182 -2.02886
179 244 -6.39041
179 246 -1.73532
179 266 0.523359
180 200 6.52037
180 204 1.06706
180 232 2.83694
180 237 0.600526
180 246 5.21015
180 247 1.81641
180 279 0.0893703
181 182 0.831314
181 183 0.443021
181 229 2.63976
181 231 1.63742
181 244 -0.23969
181 259 5.42027
181 261 -7.4929
181 274 3.08602
181 286 0.00363505
182 229 0.343855
182 244 -0.383994
183 194 -11.0747
183 231 0.742305
183 239 -8.18433
184 192 10.3406
184 195 3.86578
184 205 4.8324
184 206 5.52307
184 207 -0.867703
184 208 0.660766
184 218 -0.132481
184 227 2.95334
186 188 -0.584708
186 201 -0.724588
187 191 0.867703
188 201 0.00244198
190 191 3.20604
190 199 2.21035
190 209 1.98633
190 215 1.37165
190 220 1.75131
191 197 7.04939
191 198 0.493534
191 209 0.491393
191 219 -0.345301
191 220 2.4698
191 222 1.96319
191 243 4.43515
192 206 9.45142
193 203 -8.98936
193 210 0.220962
193 234 3.10399
193 251 -1.15146
195 207 -0.49381
196 207 1.90146
198 219 -0.0559817
200 204 1.9097
201 213 3.28122
201 221 0.0576336
201 223 0.361413
201 241 0.206164
203 217 0.740165
203 234 -7.87318
205 208 0.403371
205 227 0.831498
205 235 -1.72994
206 227 0.467445
207 218 1.91493
207 224 7.54287
207 237 4.46561
208 218 -3.08847
208 224 -2.72549
208 235 -0.486257
208 242 -0.122661
208 256 3.73513
209 211 1.98633
209 215 3.69039
209 216 4.7737
209 220 0.722426
209 222 7.15697
210 226 -4.18275
210 251 -0.305565
211 215 0.740981
211 216 1.57696
212 213 4.28998
212 222 2.74076
212 248 1.869
213 223 7.21392
213 240 0.924411
213 248 1.21064
214 228 -1.03211
216 222 5.60932
217 234 -2.18821
217 253 -4.14515
218 224 1.99076
219 230 -5.21927
219 233 -1.54979
219 243 0.212184
221 223 0.0917607
221 225 2.07059
221 236 -0.79188
221 241 0.528618
222 243 1.73296
222 248 8.10509
222 249 2.47197
222 255 -2.33313
222 258 9.41913
222 267 -0.155103
222 269 0.844007
222 273 2.24472
223 225 0.147186
223 240 14.2257
223 241 0.491228
223 245 0.255014
224 232 -0.0851554
224 237 2.59398
224 256 -0.467445
224 260 4.53456
224 263 0.00313489
224 265 2.71932
224 276 1.50687
224 280 0.554335
224 287 2.78399
224 347 0.0560815
225 236 -9.96719
225 241 9.89953
225 268 1.2096
225 285 0.339868
225 291 -0.0385762
225 299 1.70475
226 251 -5.53733
226 254 -3.86439
227 235 -0.422136
227 242 0.943921
227 264 0.343297
228 230 -1.04226
228 233 1.03384
228 238 0.270716
228 243 1.63282
228 250 -1.23515
228 252 0.270084
228 257 2.28521
229 244 -0.155771
230 233 -0.962998
230 243 -0.982543
231 239 -14.491
231 259 0.559706
231 281 -0.0580112
231 282 -0.408009
232 237 0.272676
232 247 0.404108
232 263 -0.0328762
232 276 -0.328685
232 277 -0.00923294
232 279 1.38612
232 287 -2.98347
232 315 -0.0661597
232 322 -0.180574
232 347 -1.01861
234 251 -0.387885
234 253 10.9459
234 268 -5.53733
234 278 -2.52745
234 288 1.69086
234 300 -3.9912
234 307 -0.826126
234 332 -6.22145
234 354 -1.49683
235 242 -0.211068
235 256 -0.372243
236 254 -0.287556
236 268 -4.8442
237 263 0.446701
237 276 0.143459
238 252 -1.07736
238 255 -0.0700634
239 281 -0.369897
240 241 0.895859
240 245 2.9019
240 248 3.72775
240 262 1.59614
240 269 4.16666
240 272 4.48432
241 245 4.72765
241 272 6.70752
241 291 -0.0239546
241 299 2.04779
242 256 -0.410297
242 264 1.81236
242 271 5.16362
243 255 -0.175545
243 257 -0.196354
243 267 -0.442479
244 261 -0.179772
244 266 -4.89093
244 275 0.797831
246 247 2.00913
246 266 -1.90265
246 277 -0.00697791
246 279 0.1045
247 266 -0.159843
247 277 -0.00809146
247 279 0.513922
248 249 1.84714
248 262 1.21064
248 269 0.60528
248 273 1.74346
250 252 -1.52308
250 257 -0.826665
251 254 -5.00147
251 268 -9.45578
251 278 -8.2903
252 255 1.34518
252 257 1.17291
253 288 2.31952
253 305 6.77191
253 318 -4.43612
253 324 -1.12464
253 354 -0.511795
253 359 -0.0852571
254 268 -11.6002
255 257 4.64502
255 267 1.94381
255 269 -0.148079
255 273 -0.0515295
255 309 -4.1619
255 314 -8.46898
255 334 -3.5236
255 337 -4.95474
255 342 -1.54979
255 353 -3.73241
256 265 -0.945775
256 271 -0.743914
257 267 3.18154
259 274 2.1806
259 281 -0.135161
259 282 -0.00778178
259 286 0.0072701
260 265 0.379608
260 270 1.37241
260 280 1.98765
260 287 1.10357
261 274 -3.10675
261 275 -0.0504967
262 269 2.58569
263 276 0.20446
264 271 1.1876
265 271 0.0168746
265 280 -0.0315218
265 284 -0.794069
266 275 -1.78253
266 277 -0.095149
266 283 -3.94841
268 278 -0.418426
268 285 0.111974
268 291 -4.73418
268 293 -0.810282
268 300 0.000594735
268 304 -0.0140667
269 272 3.46051
269 273 4.18703
269 298 5.45909
269 309 0.567555
270 280 1.86649
271 280 -1.58353
271 284 -1.25517
271 289 -10.7941
271 290 6.21745
271 295 -1.57696
271 297 -2.47197
271 308 -0.274059
271 312 -3.10675
271 317 4.93933
271 340 -4.43612
272 298 4.14515
273 309 0.0851798
274 275 -3.73241
274 281 -0.717436
274 282 -0.418426
274 283 -0.572015
274 286 0.0567302
274 294 -2.64123
274 296 -0.508945
274 302 -1.73775
274 303 -3.31536
275 283 3.32835
276 279 -0.0741741
276 287 3.61762
276 315 0.211312
276 322 0.0676104
276 347 1.26716
276 366 -0.132362
277 279 -2.94927
277 283 -6.82497
277 326 -1.64389
277 347 0.36617
277 364 0.130382
277 395 1.39989
277 425 1.1401
277 432 0.381554
279 287 -0.0398151
279 322 -0.1846
279 347 -1.28743
280 284 -0.305845
280 287 7.41967
280 295 0.126155
281 282 -0.199739
281 286 -0.202257
283 296 0.127128
283 321 -1.71564
283 326 3.72065
283 329 -0.420257
283 330 -0.35656
285 291 -0.014239
286 294 -0.0563497
286 302 0.0265857
286 303 -0.83062
286 310 0.602096
286 320 -1.1468
287 292 6.09575
287 295 0.170739
287 301 -0.0265563
287 306 1.5758
287 311 0.768924
287 313 4.61974
287 315 4.29386
287 322 0.0219136
287 336 -0.972716
287 339 -6.18744
287 347 1.84182
287 366 -0.118429
291 293 1.35732
291 299 -0.535441
291 300 0.0166485
291 304 0.0151107
293 299 -5.38478
293 300 0.00895358
293 304 2.99371
293 316 1.96029
294 296 0.624737
294 302 4.70429
294 310 -0.230129
295 297 -1.69086
295 301 -0.01265
295 306 0.0795265
295 308 0.0235121
295 311 0.0306215
296 310 -0.35897
296 321 -0.27278
297 308 -1.34772
298 299 9.21114
298 309 2.4885
298 319 -2.52745
298 327 2.2666
298 328 -0.112446
298 341 5.11578
298 342 4.61513
298 373 0.0312024
299 316 -1.10495
299 319 -3.67036
300 304 2.56876
300 307 3.13483
300 316 1.60958
300 332 -2.00694
300 351 2.23441
301 306 -0.645956
302 303 -0.987112
302 310 -0.094533
302 320 -0.848513
302 330 -0.000559004
304 316 5.3721
305 318 -4.43612
305 324 -0.704796
306 308 0.257794
306 311 1.41201
306 313 0.124439
306 315 0.0602915
306 323 0.120583
306 331 0.0602915
308 311 1.72989
308 312 -0.56723
309 342 0.899954
310 320 -6.96627
310 321 0.0484009
310 330 -1.10701
310 335 -2.71175
310 338 1.95419
310 343 0.200098
311 312 -0.601089
311 313 1.03767
311 315 3.2162
311 323 2.56943
311 331 0.788801
311 336 -6.37273
311 340 -5.53733
312 317 -1.69086
312 323 -0.386023
313 315 0.295375
314 325 -2.85347
314 333 -7.37578
314 337 1.98633
315 336 -4.13129
316 319 -3.73241
316 328 -0.0707831
316 345 2.88387
316 351 0.401288
316 374 -0.57638
316 383 -0.0102444
316 384 2.22481
317 323 -2.94783
317 340 -10.3815
318 324 -4.8442
318 354 -0.00655509
318 359 -1.73302
318 389 -0.140643
318 408 -0.240138
318 413 -0.620483
318 424 -0.891126
318 434 -0.555577
318 438 -1.22708
319 328 -4.13132
321 330 -0.0968018
323 340 -9.97346
325 333 1.13319
325 348 -7.1824
325 360 1.42058
325 361 1.49028
325 375 -7.2354
326 329 -3.14728
326 364 -0.117677
326 395 -0.484329
327 328 -0.660443
327 341 4.96049
327 345 2.49426
327 362 -0.0299118
327 368 0.317354
327 373 0.0312024
327 377 0.326882
327 384 0.752795
327 388 -0.0644761
328 341 -0.0145813
328 345 -3.79887
329 330 -0.0173385
329 335 -0.340527
329 338 0.523132
329 343 1.82721
329 364 -0.0602469
329 380 1.8854
329 395 -1.0149
330 335 0.0177121
331 336 -2.33205
332 351 -3.45664
332 354 0.36777
332 397 -0.149253
333 337 -1.25517
333 344 1.44559
333 348 -8.94454
334 337 -11.5997
335 343 -0.341261
336 339 -4.53012
336 340 -0.305845
336 346 0.252897
336 352 -1.97758
336 355 0.0231853
337 344 -3.31463
337 350 -0.150861
337 353 0.613612
337 360 -0.0491213
338 343 0.970929
338 395 -0.202492
339 352 -3.43706
339 357 -4.19602
339 363 -10.2497
339 366 1.39593
340 346 -1.88061
340 349 0.447231
340 358 -3.10675
340 367 -8.58127
340 369 -4.25023
340 376 -1.04226
340 386 -2.52745
341 342 6.85474
341 356 0.621316
341 362 -0.0593709
341 368 -0.257835
341 373 6.99168
342 350 -0.00503909
342 353 1.91796
342 356 3.10675
342 360 -0.0135013
342 371 -0.199985
342 373 0.910998
342 382 -0.381066
343 364 -0.00545359
343 395 -0.139277
344 348 -13.3648
344 350 0.692212
344 360 0.0983609
345 384 0.618144
345 388 -0.000998963
346 349 -5.75936
346 352 -0.0638294
346 355 1.1468
346 363 -0.0936667
346 372 1.02515
347 366 -0.164498
347 412 2.97585
347 425 0.658677
347 432 2.63007
347 453 0.0716991
347 488 0.0107547
348 350 -0.702407
348 360 -5.92855
349 372 -3.47996
349 386 -2.85347
350 353 -0.019177
350 360 0.598306
351 354 -6.69203
351 374 -1.72557
351 378 -4.14515
351 379 -5.64245
352 355 -0.0809197
352 363 0.650643
352 365 -3.89948
352 494 0.00816088
353 360 -0.0775343
353 371 -0.0215177
353 382 -0.0890744
354 359 1.43098
354 379 0.769161
354 389 -0.0135411
354 397 -3.60189
354 406 -1.75131
354 408 -0.039767
355 363 -0.066703
355 365 -1.8391
356 373 0.0312024
357 363 3.26334
357 366 -2.7261
357 412 -0.773551
357 439 -0.862444
357 494 0.0209151
358 367 -0.309274
358 369 -0.308448
358 370 -0.989704
359 389 0.00170187
359 397 -0.134812
360 371 0.175809
360 375 -3.20605
360 382 0.0570204
360 385 0.153839
360 403 -3.02359
360 407 0.0105847
361 375 -0.731274
361 391 -3.73241
362 373 -0.554853
363 372 0.0105361
363 386 -0.0207546
363 400 -3.0582
363 412 -0.372308
363 439 -2.41218
363 445 1.79106
363 464 0.622053
363 482 -1.23277
363 493 0.0116156
363 494 0.113196
363 496 -1.58577
363 504 -0.0160843
364 380 -0.0440464
364 381 4.23011
364 395 11.717
366 412 0.504391
367 369 0.232733
368 373 -0.531701
368 377 1.64155
368 388 -1.90277
368 394 -0.141517
369 370 0.307622
369 376 -0.904939
369 387 -2.99049
369 390 -1.66155
369 393 2.97863
369 418 -0.321256
370 390 -7.12392
370 409 0.104231
370 410 -4.27288
371 373 -0.207105
371 382 2.10789
372 386 0.83176
372 400 -0.0700634
373 382 -0.783175
373 394 0.4192
373 398 0.230358
373 411 0.0344912
374 379 1.32273
374 383 -1.1858
374 384 2.10127
374 401 -2.10939
374 405 1.7876
375 385 -2.27269
375 391 -4.8442
375 392 -1.81446
375 396 -2.22758
375 399 -1.95015
375 402 -5.05765
376 386 0.137653
376 387 -0.0688266
377 384 0.240692
377 388 -0.617038
378 379 -1.2172
379 405 2.27221
379 406 -5.90249
380 381 -0.027157
380 395 -0.299458
381 395 9.3915
382 398 -1.56681
382 403 -0.0581866
382 407 0.637709
382 419 0.705577
382 420 -1.97143
382 426 -1.88985
383 384 -0.0204888
384 388 -0.00200329
384 401 -4.66611
385 392 -0.483906
385 403 -0.307678
385 404 -3.73241
386 387 -2.96719
386 400 -1.89652
386 429 -3.7541
386 445 -0.677802
387 393 -1.37165
387 429 -0.242411
388 394 -0.0109838
388 398 -0.0155571
388 401 -2.82531
388 411 -1.65344
389 397 -0.00673927
389 408 0.20006
389 424 -3.1218e-08
389 438 0.0176302
390 393 -1.81446
390 409 -0.924411
391 399 -2.85347
391 402 1.89134
391 423 0.108671
391 433 -1.99252
391 441 -0.0357257
392 396 1.57696
392 404 -0.704796
393 409 0.00617745
393 418 -0.920819
393 429 -4.84018
393 459 -3.61048
393 465 -0.982937
393 467 -0.252767
393 471 -0.00778178
394 398 0.687895
394 411 0.06403
395 416 0.983887
395 417 3.29781
395 425 3.24353
395 444 5.96096
395 448 1.9525
395 449 5.35055
395 457 4.05094
396 399 1.57696
396 403 -0.194944
396 404 -1.45042
396 423 -6.25087
396 437 -0.249011
396 456 -3.45272
397 406 -0.000971849
397 408 1.06058
397 422 0.0220294
398 411 0.0743636
398 420 -2.22758
398 421 5.69276
398 450 0.179457
399 402 -0.867703
399 423 -3.91844
401 405 -0.0475815
401 411 0.928216
401 414 -1.4566
401 427 2.5243
401 428 2.69606
401 447 -0.726119
401 469 -1.61913
403 404 -7.83689
403 407 0.256061
403 426 -0.20565
403 437 -0.199502
403 446 -0.586533
405 406 -2.56788
405 422 1.53541
405 428 0.115891
405 442 2.14756
406 422 -1.35318
407 426 -0.410697
408 422 3.51269
408 424 -6.62964e-06
408 436 -0.0866562
408 438 2.16908
409 410 -0.024525
409 418 -0.00765409
409 440 0.542091
409 461 -0.998399
409 465 0.00240145
409 467 0.859044
409 476 0.000267813
410 440 -0.04905
411 414 -0.152483
411 421 1.99383
412 432 -0.00532592
412 439 1.97254
412 453 0.648214
412 475 -0.146223
412 488 -0.051994
412 493 -0.127194
412 494 -0.0140518
413 424 -0.242411
414 421 -0.609726
414 427 -1.93363
415 431 5.21246
415 434 0.402198
415 435 -1.04226
415 452 0.00778166
415 463 0.187483
415 483 -0.0625255
416 431 0.442651
416 457 1.1705
419 420 -0.867703
419 426 -0.47674
419 443 -2.96683
419 446 -2.85347
419 450 0.114775
419 468 -0.845936
420 450 -1.57696
421 427 1.02829
421 450 0.81228
421 454 0.00325086
421 462 -6.40621
421 466 -0.0919342
422 436 -1.45267
422 438 1.7582
422 442 0.505029
422 458 -6.72217
422 479 -0.22993
423 441 -1.35643
423 456 2.34628
424 434 1.48085
424 438 3.88659
424 452 2.07526
425 432 4.18962
425 449 6.85333
425 488 1.25316
425 511 1.33641
425 516 1.44559
426 446 -12.5945
427 447 -0.516912
427 451 3.13937
427 454 -0.0282453
427 455 -0.0946021
427 466 -0.679428
427 469 -0.491028
427 473 -1.41001
428 442 1.28969
428 469 -0.289934
428 478 -10.7002
428 495 -2.58569
429 445 -5.53733
429 471 -3.20605
430 431 1.14578
430 435 -0.210882
431 435 -2.00417
431 457 1.80249
431 463 1.35608
431 483 -0.583065
431 485 1.3181
432 453 -0.166047
432 488 0.578809
433 441 -1.50853
433 474 3.49453
434 452 1.12619
436 442 -0.965967
436 458 0.00778166
437 446 0.831302
437 456 1.54117
437 480 -0.434708
437 486 0.191531
438 452 2.74136
438 479 -1.12406
440 461 -2.77992
440 467 0.0538287
440 476 0.621342
440 489 0.0204489
440 499 0.597356
441 456 -0.337785
441 474 -1.52355
442 458 -3.52276
442 478 -2.94315
442 481 1.85357
443 446 0.681422
443 460 -0.121099
443 468 -4.56032
444 448 1.72206
445 471 0.472425
445 494 0.0104575
445 504 -2.35245
445 505 -8.58127
445 506 -0.188073
445 514 -0.456513
446 460 -0.363105
446 468 -0.496548
446 477 -0.0224679
446 486 0.783972
446 498 1.36175
446 515 -1.01667
447 451 -0.19081
447 469 0.604257
448 449 3.10675
448 457 1.54057
448 472 1.99174
448 534 1.21581
448 543 0.657524
449 472 7.00159
449 492 5.97298
449 511 1.47101
450 462 -2.27269
450 468 -0.445498
450 487 -0.821121
451 466 -0.0728378
451 469 -1.17528
451 473 -1.95015
452 463 1.11795
452 470 -0.258726
452 479 -1.86757
452 490 0.824009
452 501 2.16454
452 510 0.135207
452 529 -0.154657
452 532 -1.98633
453 475 -0.525139
453 488 -5.25544
453 493 -1.20367
454 462 -3.01573
454 466 0.136632
455 466 -1.84898
456 474 -1.25517
456 480 -1.46474
456 484 0.594117
456 507 -0.451047
457 485 1.98633
457 491 -0.591853
457 502 -0.360452
457 526 0.813847
457 534 0.979695
458 479 0.0397625
458 481 -0.0390289
458 500 -3.75998
459 465 -4.39174
460 468 -2.14198
460 477 -3.01573
461 467 -0.0714824
461 476 -0.752135
462 466 -0.132481
462 487 -10.4237
463 470 -1.38322
463 483 -2.32506
463 485 0.0820293
464 482 -2.93164
464 493 0.021827
464 494 0.0787054
464 496 -0.29076
465 467 0.451705
465 471 -0.2031
465 476 0.00822632
465 497 -0.195158
466 473 -6.50018
466 487 -2.47478
466 509 0.053423
467 476 0.219381
467 489 4.43864
467 497 -1.02217
467 513 2.41548
467 544 0.0195627
468 477 -0.0654637
468 487 1.66986
468 517 -3.43706
468 522 -1.45277
469 473 1.9375
469 478 -0.115703
469 495 -2.13426
469 503 2.06902
469 512 0.808382
469 528 -0.0923108
469 538 -7.91669
469 539 1.34479
469 550 0.131275
470 483 0.301344
470 490 -0.0673791
471 497 -0.157896
471 506 -0.0269599
471 514 -0.0749014
472 492 1.13265
472 543 0.085794
472 551 -0.010767
473 509 -0.053423
473 528 0
474 484 -1.54712
474 519 3.20691
474 520 1.33096
474 525 -1.7916
475 493 1.35811
476 489 0.211941
477 498 0.601484
477 515 -0.0517908
477 522 2.52453
478 481 -0.210882
478 495 -0.0544849
478 500 -0.637777
478 512 -1.80837
479 500 -0.237744
479 501 -1.24997
479 512 0.231744
479 532 -0.775982
480 486 -1.91304
480 507 -1.27785
481 500 -1.10455
482 496 -2.00782
483 485 0.783915
483 490 0.281367
483 510 1.03719
483 526 5.48627
483 529 -0.0683901
484 507 -3.78821
484 519 -1.2675
484 520 -0.0684853
484 525 4.24031
484 536 1.04712
485 491 -0.321795
485 502 -0.618144
485 526 2.32701
486 507 -3.53611
486 515 -2.2177
487 509 -3.34415
487 517 -10.2546
488 493 -3.06193
488 508 0.806908
488 511 3.77471
488 516 1.35145
488 537 1.59082
489 499 1.81601
489 513 2.94921
489 544 0.0195627
490 510 1.98453
490 529 -0.353293
491 502 1.49539
491 526 -2.03999
492 511 2.81695
492 535 2.18405
492 551 -2.0383
493 494 0.99223
493 518 -0.490224
493 531 1.15425
493 537 -0.0520159
493 552 -1.72338
493 558 1.67894
493 566 -0.430641
493 567 -0.282558
494 496 -0.581041
494 518 -0.341217
495 503 -1.44863
496 504 0.066342
496 518 2.88526
496 524 -0.0521806
496 527 -0.0031645
497 506 -0.631434
497 513 -0.157821
498 515 -0.53597
498 522 0.396388
498 545 0.0187845
498 555 -0.0716103
499 513 0.00100661
499 521 -2.89534
499 523 -0.355402
499 544 0.00110928
500 512 7.44143
503 528 -0.0160342
504 505 -4.65385
504 514 1.09772e-05
504 524 -4.27647
504 527 0.000117715
504 533 -3.88412
504 540 -0.209238
506 513 0.738063
506 514 4.14845
507 515 0.00317656
507 536 -1.16091
508 511 0.371875
509 517 -1.3593
509 522 -0.00919343
509 528 0.0904247
509 542 3.42543
509 545 -0.0400235
509 549 -0.161114
509 550 -0.0253035
510 512 0.60756
510 526 3.10675
510 529 -0.248563
510 532 -0.38436
510 554 2.43704
510 559 1.17644
511 516 3.13256
511 530 3.38858
511 535 1.82745
511 537 7.10762
511 553 0.132411
511 561 0.0614524
512 532 -1.52308
512 538 -0.481173
512 546 6.09701
512 550 1.14392
512 554 0.376325
512 559 1.33846
513 514 3.41946
513 521 0.00947019
513 523 0.0578642
513 540 0.267178
513 541 -1.52308
513 544 0.584769
513 548 0.343234
513 557 0.0569282
514 540 0.867714
515 536 0.595237
515 545 -0.197503
515 555 1.07765
517 522 -2.7089
517 549 -2.51899
518 524 -0.109226
518 527 -0.0237874
518 547 1.60116
518 552 -2.27269
518 556 2.99662
518 568 1.37165
519 525 -0.773016
520 525 -0.816159
521 523 0.55776
521 541 -8.1644
521 563 0.673202
521 570 -0.591869
522 542 -0.0187619
522 545 0.0681677
522 549 -0.00783541
522 555 -0.094284
523 541 -0.943623
523 544 0.0426819
523 557 0.00211171
524 527 0.0139998
524 533 -3.25227
524 547 -1.45485
524 556 -0.105053
525 536 5.71277
525 555 4.85458
526 529 -0.0123449
526 534 7.56509
526 554 2.85347
527 547 -0.0294161
528 539 -0.0439498
528 542 2.84624
528 550 -0.161973
529 532 -0.0178519
530 537 0.543356
530 553 0.0365349
531 552 -0.273368
531 567 -0.00808386
532 546 -2.18405
532 559 -4.59485
533 540 -1.9881
533 556 -2.14198
534 543 4.30825
534 554 1.57541
535 551 -3.43706
535 553 0.021298
535 554 10.3631
535 560 -0.0557547
536 555 0.437812
537 553 0.0646149
537 558 -0.0809779
537 561 0.582928
537 567 1.57629
538 539 -3.1035
538 550 -1.62717
539 550 0.348065
540 544 0.00497424
540 548 0.00818746
540 556 0.386532
540 557 0.0778271
540 562 -4.46819
540 564 0.116033
540 565 -0.587949
541 544 -3.86509
541 563 -0.500431
542 545 -0.0402228
542 549 -0.0398352
542 550 0.605432
542 555 1.5195
542 569 1.69671
542 571 -0.00758221
543 551 -4.8442
543 554 1.87938
544 548 0.0597098
544 557 2.59534
544 563 -0.122746
544 570 0.893844
545 555 -2.56987
546 559 0.388185
547 556 4.88369
548 557 0.267422
550 569 2.17386
551 554 -5.47497
552 556 -8.57661
552 558 -0.171393
552 567 -2.52745
552 568 -0.886457
553 554 2.16709
553 560 -0.507904
553 561 0.807611
553 567 0.262934
554 559 0.4036
554 560 -0.140433
554 567 0.0659189
555 571 -0.0395208
556 562 0.143165
556 564 0.517677
556 567 2.78039
556 568 1.97943
556 572 1.62371
557 565 -0.0463462
557 570 0.360375
558 566 -4.87847
558 567 -1.88376
561 567 0.566337
562 564 3.50767
562 565 -1.0377
563 570 -0.245492
564 565 -0.457818
564 570 0.132495
564 572 1.2422
565 570 -0.122277
566 567 0.533819
