MULTICUT
0 7 4.99546
1 5 2.93164
1 6 7.16434
2 6 2.9874
2 83 0.00912538
2 125 0.0177043
3 4 3.87491
3 6 5.54514
3 8 0.618144
3 9 2.41897
3 13 9.76153
3 17 1.47101
3 18 0.229775
3 19 3.57445
3 25 10.1378
3 26 1.38137
3 28 5.0506
3 31 6.31457
3 34 0.194386
3 35 2.58843
4 5 0.488688
4 6 5.98715
4 12 2.94536
4 16 2.52745
4 18 2.75777
4 24 2.93365
4 29 2.58569
4 30 1.93132
5 6 1.63282
5 12 0.141517
6 10 1.52975
6 11 6.91758
6 17 1.72077
6 18 5.30781
6 20 1.75131
6 22 5.85282
6 24 1.57696
6 25 1.28688
6 29 5.27809
6 30 1.84175
6 32 4.65973
6 35 2.05591
6 36 3.43922
6 37 10.8486
6 39 6.16674
6 40 5.81159
6 44 1.65464
6 46 10.4541
6 48 3.11258
6 49 -0.148121
6 50 12.0251
6 51 -1.08303
6 54 2.88848
6 59 -6.79436
6 61 1.76148
6 63 2.93918
6 64 3.44269
6 65 2.39791
6 66 0.419292
6 68 2.50639
6 70 6.66632
6 72 0.754926
6 75 -1.79362
6 76 0.424777
6 79 -0.266331
6 82 0.508943
6 83 2.80898
6 86 3.28
6 87 6.43549
6 88 2.16756
6 89 2.28415
6 91 2.85418
6 94 0.586986
6 99 8.21127
6 100 4.4414
6 101 -5.59798
6 103 -1.06254
6 104 -2.16974
6 105 2.6285
6 108 3.16512
6 111 7.18424
6 112 -4.8442
6 113 3.06583
6 115 0.611597
6 116 2.73947
6 120 8.0283
6 125 1.44384
6 126 2.39652
6 129 16.8534
6 130 -0.434708
6 135 -0.279854
6 137 2.05018
6 143 -0.56723
6 145 -7.04128
6 148 2.36787
6 150 1.93514
6 151 5.65237
6 154 2.48531
6 157 2.80713
6 168 5.04045
6 175 1.89906
6 180 -1.42058
6 181 2.53459
6 184 -7.42362
6 185 -0.0130912
6 186 1.75691
6 187 -2.00525
6 196 0.744177
6 197 6.86731
6 199 -13.8919
6 206 0.813331
6 207 -0.402198
6 212 -4.8442
6 213 -1.98633
6 222 -2.22758
7 8 0.644968
7 14 10.2253
7 15 6.57745
7 21 4.78737
7 23 5.16875
7 25 1.16453
7 27 9.53768
8 25 1.28994
10 83 0.00690688
10 125 0.0131239
11 32 3.64656
11 83 0.00690688
13 25 7.34134
13 31 2.24085
14 23 0.101247
16 18 1.60463
18 30 0.789872
21 23 7.16946
21 25 1.75253
21 27 0.499985
21 33 1.45401
21 43 0.0793918
22 32 9.78854
22 37 3.43706
22 42 3.20604
22 55 2.18405
22 57 2.75041
22 66 4.2678
22 67 5.49214
22 77 2.47197
22 79 0.00102516
22 80 5.57864
22 81 0.467445
22 83 0.00690688
22 85 4.2483
22 94 0.563498
22 96 1.84714
22 100 0.596973
23 27 9.97799
25 26 2.26366
25 27 5.74015
25 33 -0.0844165
25 41 2.02352
25 43 0.636461
25 45 5.50932
25 52 5.28935
25 53 0.402198
25 56 1.54979
25 58 7.50264
25 59 0.882949
25 62 6.13769
25 69 6.05372
25 73 8.11604
25 74 2.10127
25 75 -0.444982
25 92 3.10675
25 93 2.85347
25 95 2.52745
25 101 -3.20605
25 102 5.73349
25 103 -0.743663
25 107 0.148121
25 110 2.78039
25 112 -1.25517
25 115 0.27054
25 120 2.11085
25 121 10.5714
25 124 2.14607
25 127 2.71175
25 134 7.14555
25 135 -1.00331
25 142 2.93164
25 147 1.9735
25 156 1.42373
25 157 2.27269
25 162 1.66155
25 165 2.02352
25 167 2.22758
25 173 2.14198
25 177 3.32178
25 179 -4.43612
25 182 -3.73241
25 183 2.14198
25 184 -10.6109
25 191 -4.8442
26 34 0.194386
26 45 2.70994
26 47 3.54314
26 51 2.75339
26 59 3.00962
27 53 1.72077
27 56 2.06181
27 58 3.20604
27 60 3.36497
27 69 1.30083
33 43 -0.168833
34 35 -0.289695
34 47 0.0402067
35 38 -1.29058
35 47 -0.00751552
35 49 -0.618144
35 51 -1.10372
37 68 3.10675
37 79 -0.00600062
37 80 7.97364
37 83 0.0207206
37 109 0.305845
37 125 0.0262477
39 83 0.00690688
40 83 0.00690688
44 83 0.00690688
46 49 -1.66363
46 51 -3.07728
46 79 0.00182408
46 83 0.0138138
47 51 0.534526
48 79 -0.00600062
48 83 0.0138138
49 51 1.66155
50 79 -0.00497546
50 83 0.0207206
50 125 0.0262477
51 59 2.98953
54 79 0.00102516
54 83 0.00690688
54 125 0.0131239
58 60 2.89432
58 69 0.244922
58 71 -0.131017
59 75 0.411109
60 69 0.0326159
60 71 -0.824002
61 79 0.00102516
61 83 0.00690688
61 125 0.0131239
63 79 0.00102516
63 83 0.00690688
63 125 0.0131239
64 68 4.96014
64 79 -0.00600062
64 83 0.0138138
64 125 0.0262477
65 79 0.00102516
65 83 0.00690688
65 125 0.0131239
66 79 -0.0120082
66 83 0.0207206
66 94 0.0877723
66 125 0.0393716
68 79 0.00102516
68 80 8.78247
68 83 0.00690688
68 114 7.46682
68 125 0.0131239
68 140 2.71175
68 149 2.52745
68 163 11.6105
68 178 6.01923
68 194 6.07659
68 219 7.37628
69 71 -0.13074
69 78 1.2012
69 84 0.266575
70 72 1.02216
70 76 0.442008
70 79 -0.0176783
70 83 2.43969
70 90 -0.867703
70 91 0.0108951
70 125 0.0393716
72 79 0.00102516
72 83 0.00690688
72 125 0.0131239
73 93 1.78253
73 95 3.18144
76 79 0.00102516
76 83 0.456565
76 125 0.0131239
77 80 3.85156
77 85 2.95644
78 84 0.0665455
79 82 -0.0116777
79 83 -0.0231148
79 86 -0.0116777
79 87 -0.0100128
79 88 -0.0103165
79 89 -0.0116777
79 91 -0.0114371
79 94 -0.0114371
79 99 -0.0114369
79 100 -0.011437
79 105 -0.0114371
79 108 -0.0116777
79 111 -0.0228742
79 113 -0.0116777
79 115 -0.0116777
79 116 -0.0116777
79 120 -0.0231148
79 125 -0.0114371
79 126 -0.0116777
79 129 -0.0231146
79 135 -0.00327311
79 137 -0.0116777
79 148 -0.0116777
79 150 -0.0231148
79 151 -0.011437
79 154 -0.0116777
79 157 -0.0231148
79 168 -0.011437
79 175 -0.0116777
79 181 -0.0116777
79 185 -0.0116777
79 186 -0.0114371
79 196 -0.0117624
80 81 1.52308
80 85 1.75131
80 96 1.08303
80 98 2.18405
80 100 6.4672
80 106 3.43706
80 109 1.42058
80 114 12.3617
80 119 2.78039
80 123 5.72747
80 131 2.71175
80 132 5.9645
80 133 -1.13066
80 140 12.7044
80 144 4.0236
80 149 3.43706
82 83 0.0148976
82 125 0.0131239
83 86 0.00690688
83 87 0.0138138
83 88 0.00690688
83 89 0.00690688
83 90 -0.0155719
83 91 1.36304
83 94 0.0215175
83 99 0.0249328
83 100 0.0249329
83 105 0.0249329
83 108 0.0124664
83 111 0.0498657
83 113 0.0124664
83 115 0.0124664
83 116 0.0124664
83 120 0.0373993
83 125 0.0552231
83 126 0.0124664
83 129 0.0373993
83 135 -0.0229419
83 137 0.0124664
83 148 0.0124664
83 150 0.0341699
83 151 0.0249329
83 154 0.0124664
83 157 0.0373993
83 168 0.0249329
83 175 0.0124664
83 181 0.0124664
83 185 0.0124664
83 186 0.0249329
83 196 0.0124664
83 197 0.0249328
83 206 0.0124664
85 96 4.14815
86 125 0.0131239
87 125 0.0262477
88 125 0.0131239
89 125 0.0131239
90 91 -0.0659762
91 104 -1.65046
91 125 0.019778
94 97 -1.93212
94 100 2.39294
94 125 0.0245625
96 98 1.58253
96 100 7.1644
97 100 -1.42058
98 100 2.71175
99 101 -3.91844
99 125 0.0262477
100 105 9.69311
100 106 2.41897
100 117 3.80454
100 118 3.04722
100 119 5.17621
100 122 3.06774
100 125 0.0262477
100 128 0.425831
100 138 2.22758
100 146 9.07248
100 150 0.236692
100 152 1.47997
100 154 2.48284
100 159 -0.849093
100 160 0.0810399
100 161 6.85442
100 163 10.1832
100 166 0.134957
100 169 1.98633
100 172 2.27082
100 175 2.41897
100 176 3.80079
100 184 -1.72077
100 186 2.62958
100 189 4.84221
100 192 -0.219051
100 193 -5.0016
100 198 -4.8442
100 200 1.9678
100 210 -15.2257
100 211 -0.263785
100 214 1.72077
100 216 5.45613
100 239 0.0764816
101 103 -1.22204
103 112 -3.90752
104 111 -2.23771
105 125 0.0262477
108 111 1.69086
108 125 0.0131239
111 125 0.0608409
111 126 3.01573
112 115 -2.64699
113 125 0.0131239
115 120 1.10315
115 124 0.519383
115 125 0.0131239
116 125 0.0131239
119 128 0.825033
119 132 5.63921
120 124 2.93017
120 125 0.0495429
120 130 -0.723993
120 135 -2.72913
122 128 1.6719
122 136 0.0899343
122 138 3.78268
123 132 3.10675
125 126 0.0935517
125 129 0.138459
125 135 -0.034464
125 137 0.0232952
125 148 0.0232952
125 150 0.053221
125 151 0.0465903
125 154 0.0232952
125 157 0.0698855
125 168 0.0465903
125 175 0.0232952
125 181 0.0232952
125 185 0.0164823
125 186 0.0465903
125 196 0.0232952
125 197 0.0465903
125 206 0.0232952
126 129 2.18405
128 132 7.19933
128 136 0.0194119
129 143 -0.242411
129 150 3.35351
132 133 -3.5968
132 136 0.0749547
132 138 3.57537
132 139 7.88278
132 140 3.31536
132 141 2.78039
132 146 2.85347
132 153 8.27201
132 155 0.905357
133 140 -1.91047
133 141 -1.47101
134 135 -1.63508
135 145 -0.353819
135 156 -0.279112
136 138 0.204308
137 145 -2.27269
138 139 1.54979
138 146 4.31301
139 146 2.64699
140 141 6.18402
140 144 2.72801
140 155 2.10136
140 158 -0.453993
140 160 1.71506
140 163 2.78039
140 164 3.01573
145 148 -3.57445
145 156 -2.33587
145 157 -0.226632
146 153 3.25967
146 160 1.51689
146 161 5.91787
146 166 0.111069
150 154 0.547151
151 157 0.277633
152 159 -0.438326
153 155 0.274059
153 160 4.03038
155 158 -0.348342
155 160 1.6129
156 157 6.31727
157 167 1.56291
157 168 2.64699
157 171 -0.113186
158 160 -0.120298
160 163 0.0881211
160 164 2.72615
160 166 0.489834
160 172 0.353137
161 166 0.0920568
163 164 2.36822
163 172 2.27269
163 174 4.73848
163 178 1.10372
163 184 -8.61543
163 188 5.29743
163 193 -2.18405
163 194 8.43922
163 195 2.41897
163 201 -10.9597
163 211 -0.791616
163 217 7.09195
163 219 10.7494
163 235 1.65356
163 244 4.62753
163 245 2.58569
163 247 2.22758
163 248 2.36822
167 170 4.0236
167 171 -0.461842
167 177 2.5618
167 180 -2.71175
168 171 -1.23277
168 180 -11.597
171 180 -1.72077
173 184 -3.20605
173 191 -4.8442
175 186 2.27269
177 180 -0.467445
177 184 -3.20605
177 185 1.97753
177 190 -1.95015
179 184 0.83062
180 185 -7.34134
181 187 -0.353819
182 184 1.34772
183 184 -3.20605
184 185 -3.20605
184 191 -0.982543
184 196 -3.20605
184 202 0.943623
184 203 -0.635286
184 205 3.01451
184 206 -3.31536
184 215 1.34772
184 216 -5.72747
184 220 2.33855
184 221 1.49683
184 222 -2.85347
184 225 1.42058
184 227 0.775982
184 228 -1.25517
184 229 -10.5413
184 232 -12.3233
184 233 -8.56819
184 234 -5.44528
184 238 1.10387
184 242 -0.0542202
184 243 -0.0389131
184 244 -2.71175
184 246 1.44895
184 247 -3.01573
184 248 -5.56522
184 249 1.25517
184 250 1.23277
184 251 1.37165
184 252 0.867703
184 253 -1.79633
184 254 0.962998
184 255 1.39593
184 256 1.0895
184 257 1.44559
184 258 0.467445
184 259 1.39593
184 260 2.37235
184 261 0.618144
184 262 -7.40031
184 263 0.0544848
184 264 0.467445
185 190 -7.43117
186 198 -4.8442
186 199 -5.53733
187 197 -0.517023
189 193 -0.943623
192 200 -0.438102
193 201 1.12749
193 211 -0.530621
194 219 2.22758
195 201 -0.758016
197 199 -8.28126
197 207 -1.04226
198 199 -0.564117
198 204 -0.679799
198 208 -0.584119
198 209 -1.47101
198 210 0.258219
199 208 -3.75497
199 212 0.0772287
199 213 -0.0386144
201 211 -0.19932
203 205 -1.02216
204 208 2.45272
204 209 -1.06254
204 218 1.03637
208 212 -0.247118
208 218 -7.05102
208 222 0.494236
209 210 -8.23256
209 218 -4.56293
209 224 -0.943623
210 216 -7.75148
210 224 -2.47197
212 213 -0.963897
212 222 -1.98476
215 229 -3.10675
216 218 -3.73241
216 224 0.132481
216 237 -2.14198
216 239 0.152963
216 242 -5.53733
218 222 -1.84714
218 223 -14.057
218 224 -0.962998
218 226 3.87627
218 230 2.27269
218 231 -7.90555
218 237 0.305845
220 228 -1.63282
220 232 -12.8548
222 226 -2.77661
222 233 -0.324349
223 226 -7.3726
223 230 -3.48206
223 236 -7.69767
226 233 0.286995
226 236 -1.8194
226 240 -8.2172
228 232 -0.402198
229 232 0.924411
229 234 -0.023346
230 231 -2.49217
230 236 -4.8442
230 241 -0.943623
231 237 -0.687271
231 241 -3.57445
231 242 -5.53733
233 236 -1.49683
233 240 -8.36164
233 241 -0.235782
233 242 0.0258507
233 243 0.148121
236 241 -0.289934
237 242 -10.1409
241 242 -0.867703
244 250 -6.5214
248 254 -4.8442
252 253 -0.451047
253 255 -0.451047
