MULTICUT
0 1 -13.5243
0 2 -25.4549
0 4 -2.78039
0 7 -15.8164
0 10 -2.52745
0 18 -5.53733
0 20 -9.97346
1 7 8.58614
1 20 -0.132481
1 27 -4.43612
1 31 0.402198
2 3 -12.4885
2 8 -9.94555
2 11 -4.43612
2 13 -1.42058
2 16 -3.20473
2 17 -6.53373
2 20 1.4508
2 22 -1.60463
2 24 -2.47197
2 74 0.0370544
2 88 0.0891009
3 5 0.822705
3 6 -1.25413
3 8 -4.43612
3 20 -2.10127
4 7 3.01573
5 6 -0.844321
5 8 -7.87318
5 11 -3.10675
5 20 -6.25391
7 10 5.38394
7 20 -3.39843
7 29 -1.19587
8 11 3.90278
8 54 -0.0269044
8 57 0.0146599
9 11 -3.73241
9 20 -0.101248
11 14 3.70878
11 15 -3.20605
11 19 -2.64699
11 20 -19.8062
11 24 1.7589
11 30 -9.68249
11 40 -4.37523
11 44 -2.12422
11 52 3.01121
11 54 -0.0827174
11 57 3.60129
11 71 0.778047
11 90 5.2592
11 101 -2.78039
12 14 -0.116857
12 15 -0.652519
12 20 -1.66155
13 16 0.652519
14 15 -2.18405
14 20 -0.483906
14 54 -0.00896813
14 57 0.00488663
15 19 -0.132481
15 20 -1.25517
16 17 5.2156
16 21 3.27014
16 26 0.227054
17 21 1.17394
17 22 1.58461
17 25 -0.185908
17 26 0.594647
17 28 1.12563
18 20 2.80549
18 74 0.0370544
18 88 0.0891009
19 20 -2.14198
20 29 2.89883
20 31 -0.740165
20 34 -1.66155
20 36 -0.758016
20 43 -3.90895
20 45 -4.66872
20 60 -1.81446
20 64 -1.81087
20 65 -1.84714
20 66 2.45953
20 67 -1.02216
20 70 -11.3266
20 73 -1.78253
20 74 2.1649
20 75 -8.41406
20 81 -12.4997
20 82 -3.06491
20 83 2.61518
20 87 -4.8442
20 88 1.88422
20 89 0.827339
20 94 -2.71175
20 96 -10.8744
20 101 2.8702
21 26 0.178383
22 23 1.9879
22 24 -0.722426
22 25 -0.026167
22 30 0.177673
23 25 -0.128446
23 30 1.35447
24 30 -2.52745
24 54 -0.00896813
24 57 0.00488663
25 28 -2.39186
25 30 -0.0949143
26 28 2.4281
26 32 5.08724
26 33 2.72919
26 35 0.139427
27 31 -0.584119
28 30 -0.326085
28 32 2.1419
29 74 0.0741088
29 88 0.178202
30 32 -0.166191
30 39 -0.649708
30 40 4.67877
31 34 -3.91844
32 35 4.68911
32 39 0.764142
33 35 3.11057
33 37 -0.462386
34 36 -1.42058
34 38 -1.63282
35 37 -5.22748
35 39 3.05998
35 42 6.33629
35 46 -1.64447
36 38 0.634945
36 43 0.317472
37 41 4.32996
37 42 -3.31536
37 48 1.41798
38 43 5.40771
39 40 -0.446806
39 46 -0.83456
39 47 -1.0053
40 44 3.84295
40 47 0.00248682
40 50 0.00124342
40 53 -1.41895
40 54 0.128752
40 57 -0.026887
41 48 1.41798
41 51 -0.148592
41 56 1.88169
41 58 1.25517
42 46 -2.78039
42 48 -5.53733
43 45 2.82871
43 59 2.46546
43 60 1.17745
44 53 -0.943905
44 54 0.027159
44 55 -1.32411
44 57 -0.699386
44 71 -0.280935
46 47 2.81535
46 48 2.50203
46 49 12.4858
46 50 6.89434
46 51 -0.320553
46 53 -0.403899
46 56 2.05029
46 58 3.31536
46 61 5.52411
46 62 6.44416
46 63 -0.0737196
47 50 0.890257
47 53 -0.0255176
48 51 -2.59497
50 53 0.0717028
50 63 -0.0737196
51 56 -0.606053
52 54 -0.00914716
52 57 0.00488663
53 55 7.11854
53 57 -0.404546
53 61 -0.458836
53 62 0.00769763
53 63 2.84489
53 71 0.0461851
53 72 5.21959
53 77 8.53064
53 80 0.0308939
53 85 7.48964
53 95 3.81531
53 97 14.4986
53 98 1.34772
54 55 -2.9017
54 57 -0.410752
54 71 -0.0161287
54 90 -0.0304111
55 57 -0.419434
56 58 4.3733
57 71 0.257485
57 90 0.0582435
58 62 9.33884
58 69 4.94991
59 60 0.136168
60 65 -1.57696
60 68 3.57445
60 75 5.98189
60 78 9.3381
60 91 -2.95611
60 92 -1.00481
60 93 1.94599
60 102 3.73241
60 127 3.73808
60 128 0.226632
61 62 2.70327
61 63 -0.210955
61 80 0.0147162
62 69 0.00338512
62 76 0.774485
62 80 0.0752944
64 67 0.0383789
64 70 -0.17556
64 73 -0.218292
65 66 -0.982543
65 75 -1.57696
66 74 0.0370544
66 75 -1.39593
66 88 0.0891009
67 70 -0.0426444
67 73 -0.0785051
69 76 -2.1155
70 73 4.90736
70 75 -0.0305392
70 88 -3.91844
70 91 0.298855
70 92 0.0405453
70 103 -0.002797
71 90 2.06001
71 95 1.75377
71 97 -0.0536173
71 104 4.04508
71 112 -0.747127
71 115 0.0335452
71 119 -0.207698
73 75 -0.0304634
73 91 0.0857159
73 92 0.0196287
73 103 -0.00449721
74 79 -0.757795
74 81 -3.10675
74 83 0.201812
74 84 -0.434708
74 88 0.159239
74 89 0.0700435
74 101 0.0700435
75 91 -0.0432282
75 92 -2.1728
75 93 2.5595
76 80 0.0768531
76 85 0.907683
78 128 4.63777
78 131 1.63282
78 161 -7.59915
78 162 -9.28032
78 163 2.52745
78 174 -3.43706
79 81 -1.86911
79 84 -0.785964
80 85 0.184124
81 84 2.50779
81 87 -3.57445
81 94 -5.53733
81 96 3.7491
81 107 -0.0331045
81 109 -9.36728
81 110 3.69081
81 111 3.73241
81 113 6.06043
81 121 4.53627
81 122 3.43706
81 129 1.36323
81 132 1.75131
81 133 1.25517
81 135 3.01573
81 137 5.2964
81 144 -2.93164
81 146 2.41354
81 150 -0.282717
81 151 -0.00470964
81 154 0.0670537
82 84 -4.02947
82 86 0.405667
82 87 -2.47197
83 88 4.64036
83 89 0.204446
84 86 -0.730777
84 87 -15.2257
85 95 0.0665101
85 97 11.4096
85 136 0.195862
85 138 -2.27848
85 139 -1.79824
85 142 -3.20605
85 144 -8.58127
85 159 -3.43706
85 165 -1.22424
85 173 -0.369897
87 94 -1.58474
87 99 -3.72463
88 89 1.48017
88 94 -7.86547
88 100 3.91844
88 101 0.166504
88 103 -2.85347
88 106 10.9321
88 108 1.64334
88 114 -1.10372
88 116 4.95517
88 126 -0.386023
89 94 -2.41897
90 101 -13.7059
90 104 1.38023
90 109 -14.3
90 112 -6.92555
90 117 -0.258219
91 92 1.94162
91 102 -3.3695
91 103 -0.0036281
92 93 -0.914868
94 99 -4.14185
94 100 -2.93164
94 106 -1.88061
94 107 -4.43612
94 110 -10.3815
94 126 -1.63282
95 97 18.5502
95 119 -0.152553
95 125 -0.00728093
95 136 4.41511
95 139 -0.136204
96 101 -2.71175
96 109 -3.01573
97 98 3.31536
101 109 1.9429
102 103 1.29028
102 105 3.32001
102 114 0.342434
102 118 4.43612
102 120 5.49336
102 123 7.8317
102 127 4.8442
102 128 4.81449
103 105 0.0266269
103 108 -0.0389131
104 112 -4.8442
105 108 -1.54979
105 114 0.0705036
107 110 -0.0662088
108 114 -0.584119
109 117 -2.33527
109 122 -3.57445
109 129 -1.42058
110 126 -0.601089
110 130 -3.31536
110 134 -5.14327
110 137 1.7495
110 140 0.276704
112 115 -0.407793
112 117 -0.00778178
112 122 -2.50337
114 116 -0.601089
114 120 0.1061
114 123 0.045599
114 124 0.121598
114 128 0.715527
115 119 -0.0955193
115 122 1.35612
116 124 -2.39454
116 126 -0.483906
116 130 -0.919221
117 122 0.0233459
118 123 1.27785
119 122 -4.59086
119 125 0.733681
119 136 -0.141137
119 138 3.18576
119 139 1.16441
120 123 0.513997
120 128 0.822762
122 129 2.29866
122 138 -3.38416
122 142 -3.73241
122 144 -13.1882
123 128 8.11968
124 128 8.60588
124 130 -6.22116
126 130 -5.25116
127 128 9.51973
128 130 -1.91493
128 134 -3.79304
128 141 5.42627
128 143 -3.31536
128 145 6.98941
128 147 3.91844
128 153 2.52745
128 155 4.50062
128 156 2.40458
128 157 7.58012
128 161 -8.36841
128 162 -1.27785
130 134 2.58569
133 137 1.06254
134 140 0.557364
134 143 -0.423994
136 138 -0.132259
136 139 -0.150015
137 140 2.07553
137 143 -0.778377
137 148 0.000184486
137 149 7.79633
137 150 -1.30083
137 151 -0.00470965
137 152 2.41897
137 154 0.723883
137 158 -3.3617
137 161 -0.30391
138 139 1.72912
138 142 -1.27785
140 143 -1.17939
140 148 -0.00116275
142 144 0.666905
143 145 -7.94803
143 148 -0.0777309
143 161 2.91577
144 146 -9.68841
144 150 0.311689
144 159 3.57445
144 160 5.57841
145 153 0.467445
145 161 -2.98652
146 150 -1.15045
148 149 0.0007088
148 161 -0.08374
149 158 -1.32411
149 161 -0.867703
150 151 0.280854
150 154 -0.822592
150 158 2.64699
150 160 2.72571
151 154 -0.0548068
152 158 -3.703
153 161 -2.10127
155 161 -7.89353
156 161 -4.59321
157 161 -2.41897
157 162 -1.44559
158 160 12.8526
158 161 9.11179
158 166 7.46482
158 167 2.93164
158 168 3.57445
158 169 3.91844
158 172 8.46898
158 173 -0.851967
158 176 1.43904
159 160 2.10127
159 165 -4.02175
160 165 -2.85347
160 169 2.27269
160 171 1.8175
160 173 -1.7047
161 162 7.65085
161 164 18.7989
161 167 3.20604
161 168 12.4997
161 170 6.25986
161 174 2.18405
161 175 7.72139
165 171 -3.20605
165 173 -0.775982
167 168 1.95015
168 175 2.58569
168 176 2.14198
171 173 -0.85273
