MULTICUT
0 1 -2.10127
0 2 -8.91772
0 3 -0.0700634
0 4 2.14198
0 5 -9.9069
0 6 -1.42058
0 7 6.68059
0 8 -0.704796
0 10 -4.8442
0 11 -17.9089
0 13 -1.32411
0 14 -15.9189
0 15 2.14198
0 19 -4.52317
0 22 -5.53733
0 23 2.63816
0 24 -3.01573
0 26 -3.10675
0 27 0.0562043
0 28 -5.20802
0 30 -10.3815
0 34 -4.43612
0 44 -3.73241
0 45 -3.73241
0 46 -2.27269
0 47 -6.56544
0 48 -1.88061
0 52 0.55042
0 55 2.27269
0 59 -2.71175
0 61 -8.50494
0 62 -1.32411
0 63 -3.18645
0 69 -3.31536
0 76 -10.3815
0 103 -3.91844
0 113 -4.14515
0 119 -3.57445
0 121 -2.93164
0 128 -8.15289
0 142 -11.0747
0 144 -1.12464
0 156 -19.3559
0 188 -7.85993
0 214 -1.88061
0 216 -2.18405
0 222 -5.65545
0 230 -2.93164
0 253 -1.42058
0 254 -1.75131
1 28 -2.58569
1 64 -2.64699
2 6 -0.0856503
2 7 -1.10372
3 4 -0.00778178
3 5 -0.669846
4 5 -2.78039
5 13 -1.32116
5 14 2.71175
6 7 -1.00226
6 9 -3.36167
6 10 -2.14198
7 9 -11.0747
7 12 -3.18463
7 16 -3.01573
7 17 -2.71175
7 18 -5.53733
7 19 -7.81002
7 21 -3.73241
7 25 -0.923989
7 39 -4.43612
8 11 0.148121
9 10 1.42646
9 12 -13.9094
9 17 0.17437
10 13 -4.40911
10 14 3.02655
10 17 -1.04863
10 20 0.474997
10 29 -0.289934
10 32 -1.54979
10 33 -2.10127
11 30 -5.49142
12 16 -1.23706
12 17 -10.9979
13 14 -2.31441
13 20 -0.466812
14 15 -5.53733
14 20 2.92374
14 22 3.10675
14 23 -5.53733
14 33 -7.02519
14 38 -1.68068
14 41 -0.00565666
14 51 -3.57445
14 68 2.50268
14 71 -8.16853
14 72 -2.6222
16 17 -0.0544849
16 21 -0.132481
17 21 0.0856502
17 25 -0.154923
17 29 0.100668
17 35 -3.69449
17 36 2.28688
17 37 -1.84714
17 42 -0.736224
17 43 0.0491399
17 54 0.459651
18 25 -3.56791
19 27 -0.112409
19 31 -6.3629
19 39 1.08303
19 49 0.0673745
19 63 -0.216928
23 34 -3.73241
23 38 -1.47101
24 26 -0.242411
24 28 -2.52745
25 36 -0.309847
25 39 -7.58221
26 28 1.10145
28 45 10.4704
28 64 1.5227
28 65 8.3918
28 79 1.00226
29 32 -0.0407874
29 35 -0.396372
30 52 -3.57445
30 56 2.41248
30 60 1.49683
30 62 -4.14515
31 39 -7.3099
31 49 -4.44908
31 57 -0.271855
31 63 0.250861
31 66 -0.157724
31 67 0.0382435
32 33 0.124858
32 35 0.173966
32 40 -0.0789593
32 51 0.0299153
33 35 0.21587
33 40 -3.3155
33 51 0.125676
34 38 -0.274059
34 41 -0.43958
34 46 -0.935018
35 40 -0.0420656
35 51 -0.0823557
35 54 -1.21064
36 37 -2.96897
36 39 6.56517
36 50 1.7597
36 83 -2.52745
37 42 -1.4022
37 50 -0.886457
37 53 -0.258219
38 41 -1.0733
39 67 -1.88061
39 77 -0.965857
39 83 -2.31952
39 97 -3.57445
39 102 -2.30499
39 116 -1.04226
41 46 2.08693
41 72 0.0342953
41 78 -1.15403
42 43 -1.33277
42 53 -3.43706
42 54 -0.652519
42 80 -1.00226
43 54 0.0645285
44 45 -1.86803
44 59 -0.722426
45 59 7.82389
45 79 0.704796
46 47 -8.5613
46 78 -3.58206
46 100 5.88714
46 110 -4.8442
46 118 1.27785
46 126 -6.08829
46 130 -1.69086
46 132 2.64699
46 143 -4.18598
47 55 -9.28032
47 56 3.00356
47 58 -3.01573
47 88 -5.92768
48 52 -0.434708
48 55 -0.982543
48 58 -0.451047
49 63 -0.265119
50 53 -4.8442
50 83 -3.31536
51 54 -7.85993
51 70 -11.9525
51 71 -0.0389131
51 73 0.618144
51 74 0.652519
51 86 -4.8442
51 91 0.226632
51 98 -4.43612
52 56 -3.31536
52 58 -0.652519
52 88 -0.584119
53 80 -0.0413778
53 83 0.347779
53 85 -0.577427
54 73 -18.6628
54 80 -5.98644
54 101 -4.8442
55 58 -1.06254
56 60 2.52324
56 88 -1.76106
56 118 -5.94737
57 66 0.0839895
57 67 -0.748428
58 88 -0.116857
59 69 5.64661
59 79 4.94867
60 62 -15.5108
60 82 -3.35262
60 104 -6.3687
60 107 -0.669846
60 118 -3.91844
61 144 -9.12075
61 164 -15.0813
61 188 0.330472
62 69 -5.3643
62 82 -2.02352
63 66 -0.444551
63 75 -1.55477
63 113 -0.687271
64 65 3.86782
64 95 6.66405
65 79 2.40122
65 94 -2.66631
65 95 3.77484
65 108 2.79861
66 67 0.125159
66 75 0.8961
67 75 1.61029
67 77 -5.66408
67 81 1.56705
67 87 1.21664
68 71 -3.84595
68 72 -5.68251
68 99 -6.22145
68 100 -7.85553
69 79 3.73241
69 82 0.294185
69 104 -7.14891
69 107 -4.86286
70 74 -7.87756
70 91 -5.00465
71 74 -0.669846
71 84 -1.81446
71 91 3.39733
71 93 -1.57348
71 99 1.75131
71 100 1.91493
71 109 -4.31656
71 129 -1.19655
72 78 -1.44479
72 100 2.78039
73 86 -6.02711
73 90 -1.60635
73 92 1.16715
73 101 1.63282
74 84 -3.43706
74 91 -0.0700634
75 81 0.0552273
75 89 -2.2007
75 96 0.644118
75 106 0.0368248
75 113 -3.91844
76 103 -2.51269
77 87 -1.60336
77 97 -6.91987
78 100 -13.5088
78 110 2.06442
79 94 -2.29552
79 107 -3.73241
79 108 5.30785
79 137 7.6482
79 145 3.00565
80 85 0.165511
80 101 -5.96046e-08
81 87 1.42789
81 89 -0.221231
82 104 -3.73241
83 85 -3.78714
83 102 -11.0747
83 117 -6.17947
83 124 -0.75277
83 139 -0.296349
83 140 -0.381795
84 91 -8.60702
85 101 -0.321795
85 117 2.65765
86 92 -4.8442
86 98 -0.434708
87 89 -3.77401
87 97 0.15084
87 105 0.458637
87 134 -0.207334
89 96 -1.99554
89 105 -0.00413543
89 106 -0.368875
89 134 -4.14515
90 92 -3.93537
90 101 -2.6495
91 92 -1.52308
91 93 -2.36822
91 98 -1.66155
91 115 -5.00001
91 125 -4.95264
91 129 -2.22758
92 98 -9.68249
92 101 3.68843
92 111 -3.20605
92 114 1.44559
92 115 0.148121
92 117 -3.52841
92 122 -9.97737
92 127 -0.185078
92 147 1.21064
92 149 -9.68249
94 108 -1.03337
95 108 3.41286
95 123 1.78127
95 133 1.11535
95 137 2.24993
95 155 0.0302527
96 106 1.6618
97 116 -0.0019393
97 120 -3.57737
97 134 -0.0981812
97 141 -0.847297
97 150 0.280248
97 157 -1.96862
99 100 2.58569
99 109 -2.52745
100 109 -4.8442
100 112 -7.35179
100 129 -3.10675
100 143 -12.9978
100 148 -10.8762
101 111 -0.790365
101 114 0.752786
101 117 -1.84714
102 116 -6.8569
102 124 -3.10675
102 131 -16.5502
103 119 0.134622
103 121 -2.40337
104 107 -3.73241
105 134 -0.537628
106 113 -5.59798
106 134 -3.76511
106 141 -0.962998
106 146 -2.93164
107 118 1.11055
107 132 0.0579426
107 145 -11.3703
107 161 -1.60463
107 170 -1.44559
108 137 3.20604
111 114 -1.75131
113 128 -0.116857
113 146 -1.66155
115 122 -3.85574
115 125 -5.53733
116 120 0.0241948
116 131 0.798686
116 140 -0.151064
116 152 0.0482835
117 147 -4.8442
118 130 -2.18405
118 132 3.70393
118 135 -5.33176
118 136 -3.28547
119 121 -0.329064
119 142 -3.03806
119 156 -1.43331
120 140 -2.09128
120 157 0.167885
122 125 3.65987
122 127 4.08047
122 129 1.18528
122 149 -1.18877
122 151 0.0500208
122 153 -1.3696
122 154 -0.447911
122 159 -0.758016
122 160 -1.63785
123 133 2.36822
123 137 0.0594565
123 155 -0.218829
124 131 -0.00615768
124 139 0.049679
125 129 2.10127
128 144 -1.29807
128 146 0.0233459
129 143 3.73241
129 154 -0.989028
129 173 -0.023346
130 132 -4.636
131 138 0.00114471
131 139 -0.0123153
131 140 -3.73494
131 152 0.124775
132 135 -6.57811
132 136 -6.70412
132 143 -4.7115
132 161 -9.14299
133 137 0.0865467
134 141 -8.19391
137 145 1.31842
137 155 2.23518
137 170 -0.0755273
137 179 0.279166
138 140 -1.98021
139 140 -2.52745
140 147 1.47101
140 149 -4.43612
140 152 -5.74619
140 157 -0.236146
140 158 1.22396
140 163 -29.8108
141 146 -0.386023
141 150 -0.736485
141 158 -0.252498
141 162 -0.0408208
141 165 -0.0108521
141 168 -0.129704
142 156 5.13997
142 222 -3.73241
142 233 -0.196633
142 234 -5.53733
142 242 0.322694
142 253 -3.10675
142 254 -10.9843
142 259 -10.3815
142 280 3.15453
143 148 6.59018
143 161 2.13792
143 173 -0.56723
143 175 -0.126331
143 176 -0.370254
143 177 -0.454694
143 184 -0.794069
143 185 0.0325067
143 186 -0.00823027
143 187 -0.227941
144 146 -2.27269
144 164 0.704796
144 167 1.14578
145 170 2.14984
146 167 -6.38083
146 168 -3.57445
146 172 -13.6068
146 178 -2.64699
146 180 -5.53733
146 181 -5.42739
147 149 -4.43612
149 159 -2.69623
149 163 2.31952
150 157 -0.0856503
150 158 -0.116203
151 153 -0.0517606
151 154 -0.342263
151 160 -0.0578634
151 166 -12.9078
151 171 0.677881
151 205 0.10751
153 160 2.5169
154 171 -0.569743
154 173 -2.34964
154 205 -1.55495
154 211 -0.916613
155 179 2.34499
155 190 0.229706
155 204 0.0500284
155 210 0.0355474
157 158 -6.82236
158 162 0.0726864
158 163 -10.3815
158 165 0.0602801
158 168 -0.0011641
158 169 0.0183036
158 172 0.0480507
158 181 0.857769
159 160 -1.01827
159 163 -1.47101
159 174 2.21027
159 182 -2.26996
160 171 -0.0219785
160 182 -18.1071
160 183 -4.14515
160 205 -3.36354
161 170 -0.451047
161 176 -6.51502
162 165 0.0476659
162 168 -0.0122715
163 174 -12.2837
163 181 -10.7266
163 199 -7.77981
163 201 2.41897
164 167 4.05306
164 188 -3.91844
164 192 1.07887
164 195 3.32053
164 206 0.44448
164 208 -10.9171
165 168 -0.0203971
165 169 0.819118
166 171 -6.95791
167 180 1.63282
167 181 0.434708
167 192 2.60791
167 201 -1.81446
167 208 -4.43612
168 169 -0.0146497
168 172 0.849717
170 176 -2.31952
170 179 -0.525503
170 187 -4.43612
170 190 0.0288933
170 191 0.805283
170 193 3.73973
170 200 -3.50999
170 210 0.0185798
171 183 -7.16372
171 205 0.246649
172 178 0.0605864
172 181 0.19133
173 175 -2.25809
173 177 -2.06181
173 197 -5.53733
173 211 0.191316
174 182 -0.0859059
174 189 -3.68727
174 196 -0.96563
174 199 1.77561
174 203 -0.181732
174 207 0.481376
175 177 0.593244
175 185 -0.389924
175 197 -2.50173
175 198 0.0640515
175 211 0.0922036
176 187 -3.92796
178 181 -0.976814
179 190 2.13507
179 191 -0.10192
179 194 1.57575
179 210 0.0317265
179 218 -0.0400891
179 225 2.43743
179 237 0.0455153
179 248 0.111823
179 249 0.0923216
180 181 0.363552
181 201 -4.8442
182 189 -15.9325
182 196 1.25517
182 205 0.038913
182 219 -3.91844
183 205 -0.758016
184 186 -1.08303
184 187 -4.17722
184 221 -0.195158
185 186 -0.00823027
185 198 -4.8442
185 211 0.222546
186 211 -0.203454
186 221 -0.619384
187 193 -16.612
187 202 3.86354
187 221 -0.962998
187 224 -0.701212
188 195 -3.79062
188 206 -6.6636
188 214 -2.71175
189 196 -3.90979
190 191 0.58598
190 193 3.19585
190 194 0.378491
190 200 -3.8051
190 210 0.460447
190 218 -0.0313278
190 225 2.23855
190 228 4.36776
190 237 0.0484622
190 245 3.09516
190 248 2.82587
190 249 1.53157
191 200 -0.00778178
191 210 0.0266381
192 208 -8.2903
193 200 -1.31882
193 224 -4.8442
193 228 2.78039
194 210 0.03862
195 206 4.23406
196 203 -4.53016
196 207 1.34787
196 219 -6.5528
196 238 -1.95015
197 211 -3.04435
198 211 -0.124563
199 201 -1.42058
199 207 0.363753
199 209 -0.361673
199 212 0.271774
199 223 -0.321795
201 208 1.64622
201 213 -0.823112
201 223 -1.27785
203 207 -0.490626
204 210 5.03848
205 211 -0.226632
205 217 -0.305845
205 219 -5.48633
206 208 -1.42058
206 214 0.905357
206 215 -4.08252
206 216 -6.44808
207 209 -2.48451
207 212 -0.23524
207 238 -6.66405
208 213 -5.34814
208 215 0.720551
208 216 0.335023
208 227 -3.57445
209 212 -1.0833
210 218 -0.0052589
210 220 3.33476
210 225 0.0729026
210 237 1.32164
210 245 2.29559
210 248 0.0629997
210 249 0.594648
210 273 4.95755
210 292 -1.60463
211 217 -2.87611
211 221 0.406908
211 226 -5.5668
212 213 1.12464
212 223 -4.60706
212 238 -6.40076
213 216 0.249665
213 223 -4.60921
213 227 -3.84904
213 238 -5.08004
214 216 -2.31952
215 216 0.215993
216 227 -3.91844
216 230 -2.18405
216 234 -1.84355
216 235 -5.94087
216 238 -6.96985
216 257 0.601089
217 219 1.27385
217 226 -0.0215041
217 229 -3.65855
218 225 -0.0540297
219 229 -3.10675
219 231 -1.67971
219 238 1.95015
219 243 -4.43043
221 224 -0.483906
221 226 -0.933484
221 232 -4.31837
221 241 0.450454
222 233 -3.25962
222 242 -1.72077
222 254 -0.274059
224 228 -8.87224
224 232 0.224726
224 241 -1.08303
224 251 -1.46912
226 229 0.526722
226 239 -0.0965864
226 241 -1.81976
226 244 -1.86151
228 245 3.20604
228 251 -5.53733
229 231 -0.652519
229 236 -4.70973
229 239 -0.485077
229 240 -2.85347
229 244 -0.618216
230 234 -0.0199229
230 253 -0.479067
231 240 -1.4022
231 243 0.391395
232 241 -1.14578
233 242 -2.70675
233 254 -3.20605
234 235 1.37077
234 253 0.102366
234 256 0.326355
234 257 -0.0669132
234 259 1.43274
234 279 -5.20206
234 280 -9.97346
236 239 1.1336
236 240 0.904938
236 247 -10.2994
236 261 -5.53733
236 265 -3.73241
238 243 -6.83053
238 250 -5.77118
238 255 0.007354
238 257 -3.71756
238 260 -6.45278
238 264 0.0565072
238 266 -5.06801
239 244 -4.75089
239 261 -9.04077
239 263 -3.73241
240 243 -2.93164
240 247 -10.696
240 262 -0.600065
240 265 -8.71605
241 244 -2.08279
241 246 -0.304586
241 251 -8.87951
241 261 -0.627744
241 270 -0.801762
243 250 1.12464
243 252 -10.4672
243 258 -3.43706
243 265 1.64388
243 269 1.12464
244 246 1.5858
244 261 -0.0123316
244 263 0.364583
244 270 2.06181
245 248 0.318062
245 249 5.83272
245 251 -4.8442
245 272 5.62976
245 273 4.14515
248 249 1.41378
250 258 -0.875485
250 260 3.27496
251 261 -3.31536
251 272 -3.73241
252 265 -2.52745
252 269 -2.43858
253 259 0.0447851
255 260 -0.467445
255 266 -0.0292302
255 267 0.0290444
256 257 -3.35191
256 271 -3.1842
256 279 -0.258219
256 288 0.357664
257 260 1.57696
257 264 -5.0249
257 266 1.34772
257 267 -1.91493
257 271 1.49379
257 285 -5.28457
257 286 -1.23277
258 260 -2.02143
258 269 -1.34772
260 267 -3.8053
260 268 4.24865
260 269 1.37165
260 283 -6.29774
260 286 -0.618144
261 263 -0.0321659
261 265 0.232333
261 270 -0.0541644
261 272 -1.42136
261 274 3.52101
261 275 0.179209
261 276 2.38359
261 281 0.187531
261 328 0.213135
264 266 -3.25679
265 269 0.635286
265 274 0.992981
265 277 -9.694
265 278 -2.22758
266 267 -3.0962
267 268 -4.20758
269 277 -0.584119
269 282 -7.54688
269 283 -2.10127
271 285 -1.46866
271 288 -4.70268
271 295 -0.105193
271 321 -0.0584445
272 273 3.11175
272 275 -4.38108
272 290 0.603133
272 291 -0.130915
273 290 -0.0659715
273 291 -2.35074
273 292 -0.402198
274 276 0.997483
274 278 -2.53441
274 284 -1.10152
274 289 -1.30083
274 298 -2.10127
274 301 3.6357
274 302 0.152671
274 303 0.563279
274 308 -5.53733
274 333 0.770546
275 281 0.0347216
275 290 -0.205724
275 296 -0.0363948
275 304 -0.00756104
275 328 0.0899515
276 281 2.58302
276 302 0.361472
276 303 1.3634
277 278 0.226632
277 282 1.19517
277 284 -0.77122
277 289 0.19415
277 294 -3.45757
277 299 -0.943292
278 284 -1.60463
279 280 -8.98936
279 288 -3.57366
279 297 -0.423029
279 310 -0.635286
280 309 -5.33728
280 310 -2.52745
280 312 1.48461
280 319 -0.746968
280 322 -1.78253
280 329 -0.0509628
281 302 3.35482
281 314 1.6445
281 328 2.01334
282 283 0.608313
282 287 0.241031
282 293 -1.69086
282 299 -0.149247
282 307 -1.17377
283 286 0.281137
283 306 -1.48254
283 307 -1.07151
284 289 -0.114348
285 286 0.393799
285 295 1.30215
285 306 -0.196899
286 306 -0.548788
287 293 -1.36823
287 295 0.198473
287 299 4.86705
287 307 -0.156653
288 297 0.232722
288 321 -2.50643
289 294 -0.81228
289 298 -0.692671
289 299 3.41098
289 300 4.18531
289 316 1.5248
289 323 -0.0444174
290 291 1.16467
290 296 0.127034
290 304 -0.0421075
290 311 -0.299934
290 313 -2.36822
291 292 0.107079
291 305 -0.0852001
291 313 -5.79833
292 305 -0.214749
294 299 -0.669846
295 299 0.600622
295 306 2.18179
295 307 1.54068
295 318 0.907954
295 321 -0.84047
295 323 0.854068
295 327 0.026108
295 331 0.0244636
295 338 -0.0531377
295 341 -0.0265689
296 304 -0.0287276
297 310 -3.7978
297 320 -0.0440138
297 321 -0.730679
298 300 -0.192302
298 301 -0.500431
298 308 0.0780577
299 307 0.551353
299 316 0.349458
299 323 0.223991
300 308 -3.09957
300 316 1.15856
300 323 -0.420332
301 308 -2.31215
302 303 2.82412
302 314 0.489247
302 326 5.19416
302 328 0.547372
302 333 0.297887
304 311 2.78639
304 313 -2.27502
304 317 -3.10675
304 324 4.8442
304 328 -5.02478
305 313 0.503381
305 315 -1.08651
305 317 -0.153472
305 334 -2.06181
305 343 -0.321795
306 307 4.94668
307 318 0.156397
308 323 2.07603
308 333 -3.91844
308 339 -1.60463
308 341 -2.10047
308 348 -1.88061
309 310 -1.00226
309 312 -2.47197
309 319 2.03919
309 329 0.0509643
310 319 -0.319101
310 320 -0.0203728
310 321 -0.00992615
310 330 -0.0555876
310 335 -3.99516
310 347 -0.0532291
310 354 -0.0534361
311 313 -3.20605
312 319 -2.09826
312 322 -2.71175
313 315 -0.130229
313 317 -1.19441
314 328 0.142255
315 317 0.113872
316 323 -0.00267608
317 324 -8.76265
317 325 1.34681
317 334 -0.765013
319 322 2.32612
319 329 4.50675
319 347 0.0320085
319 354 6.17783
320 321 0.801115
320 330 0.0168616
320 335 0.0114526
321 327 -0.00497914
321 330 1.30922
321 331 -0.0531366
321 332 1.32549
321 335 0.271615
322 329 0.0724022
323 331 0.000500947
323 338 -6.24145
323 341 -4.10396
324 325 -3.92415
324 328 -3.06761
325 328 -0.402198
325 334 -0.579889
325 342 -1.08303
325 343 0.205345
326 328 1.61753
326 333 0.863649
326 339 0.210018
327 331 0.832038
327 332 -0.151303
327 336 0.0143916
327 337 -0.0543712
327 346 1.9674
327 368 -0.00426561
328 339 0.134263
328 342 0.656701
328 344 0.855302
328 345 3.83013
328 349 -0.497985
328 350 -0.248992
329 354 2.58569
329 374 0.095825
329 375 -2.6794
329 387 -0.0135443
329 392 -0.516339
329 400 -0.00174657
329 404 0.254418
329 405 -0.00675379
329 428 -0.00371889
330 332 0.0373102
330 335 0.609471
331 336 0.000998062
331 337 -5.64257
331 338 0.328155
331 340 0.0824392
331 341 1.36359
332 335 0.329969
332 346 -0.012359
332 367 -0.117476
332 368 -0.0295691
333 339 0.0370184
334 343 -3.48647
335 354 -10.3815
335 359 -0.0450783
335 367 -0.0153941
335 368 -0.00568713
336 337 -0.00725934
336 346 0.0129108
337 340 -0.372901
337 346 -5.53124
338 341 0.565955
339 341 -1.95015
339 344 3.64061
339 348 -3.69463
339 353 0.957282
339 358 0.00207892
340 341 0.296327
340 346 0.745803
340 355 7.21242
340 362 1.84584
340 366 0.145938
340 370 0.533685
340 382 0.0738315
341 348 2.84651
341 358 -0.148121
341 362 0.0231825
341 364 0.360153
341 366 0.0199854
342 343 -0.483906
342 349 0.0250023
342 350 0.0500046
343 350 -0.762265
343 351 0.899248
343 357 6.38014
344 345 2.16459
344 352 7.96598
344 353 2.28444
344 358 0.0072224
345 349 -1.52308
345 352 0.651944
346 355 3.98203
346 356 2.85347
346 360 8.72868
346 361 1.7221
346 365 3.71565
346 368 -0.860043
346 369 -0.687271
346 371 -2.14198
346 377 -0.982543
346 379 -0.289597
347 354 0.210399
349 350 3.25777
349 352 -1.91495
349 384 -0.0812014
350 352 -0.268301
350 357 -0.11429
350 384 -0.642912
350 389 -0.144783
350 392 -9.31323e-10
350 408 -0.0363957
352 353 1.26167
352 358 0.00983609
352 362 1.92031
352 363 2.08183
352 364 -0.0613179
352 366 0.923379
352 384 2.71439
352 386 2.22253
352 389 0.799314
352 391 0.45425
352 392 0.0231874
352 408 0.372684
353 358 0.0304749
354 359 -13.0038
354 375 -8.98936
354 392 -1.57696
355 361 2.52733
355 370 3.84137
355 379 0.871979
355 382 1.10913
356 360 0.758015
357 378 -2.93164
357 384 -0.886457
358 363 0.00833298
358 364 -2.31952
358 366 0.00499245
359 367 -1.3237
359 380 2.42639
359 381 -0.227213
359 390 -0.533685
359 392 -2.47197
360 365 1.84714
360 369 -4.35381
360 372 -0.451047
360 373 -3.00927
361 379 0.00368862
362 364 -0.0764316
362 366 5.80888
362 370 1.80195
362 376 2.95671
362 382 0.715367
362 391 0.881855
362 398 0.0773828
363 364 -3.15473
363 366 0.0142549
364 366 -0.168941
365 372 -0.418426
365 377 -1.21064
367 368 -7.30837
367 371 -5.57864
367 381 0.227213
368 371 3.83543
369 371 0.175603
369 373 -0.451047
369 376 2.87472
370 382 1.30246
371 376 1.36937
371 381 -1.73766
372 373 -5.57776
372 376 -0.186989
372 377 -7.35159
372 398 -0.0278057
373 376 -0.217121
374 375 -4.47755
374 387 -0.445377
374 392 -0.663622
375 392 0.00238073
375 404 -0.116109
375 428 -0.00119037
376 377 0.724587
376 379 4.86198
376 381 1.60945
376 382 2.60135
376 384 0.811775
376 385 2.4947
376 388 3.26124
376 391 0.337041
376 392 0.0114325
376 393 6.08563
376 394 0.254102
376 398 2.09674
376 408 0.150332
377 379 3.02871
377 398 0.384169
378 383 0.249884
378 384 1.41072
378 392 0.0119166
378 408 0.0985296
379 382 0.781136
379 385 0.988777
379 398 0.29674
380 381 2.43496
380 388 0.189452
380 390 -0.418426
380 392 -15.7864
380 395 -0.921795
380 396 2.29298
380 397 1.66155
381 388 0.236781
381 393 3.06879
381 396 2.14486
382 385 1.0653
382 398 0.230895
383 384 0.892411
383 392 0.0116514
383 408 0.158782
383 415 0.419955
383 418 0.12612
384 386 6.76888
384 389 4.201
384 391 1.96403
384 392 0.440291
384 393 4.32023
384 394 0.568989
384 396 2.52956
384 398 2.27426
384 399 1.80516
384 401 4.38117
384 402 1.3457
384 403 4.51506
384 406 2.66891
384 407 0.297556
384 408 3.28264
384 409 0.130358
384 410 0.0754517
384 411 1.30574
384 412 -0.91807
384 413 1.18976
384 414 0.11598
384 415 2.70436
384 416 0.50969
384 417 2.08477
384 418 0.157389
384 419 1.5146
384 420 0.267608
384 421 2.78716
384 422 0.24267
384 424 0.00565921
384 426 2.46967
384 428 -0.027077
385 398 0.0774216
386 392 0.0227071
386 408 0.318385
387 392 0.094614
387 404 -0.0301354
387 405 0.00806785
387 428 -0.047307
388 393 0.751432
389 392 0.011149
389 408 0.201199
390 392 -1.95015
391 392 0.0109207
391 398 0.22308
391 408 0.221622
392 393 0.0221519
392 394 0.0233806
392 395 -5.423
392 396 -0.688178
392 397 -2.68498
392 398 0.0462806
392 399 0.0243908
392 400 0.0879013
392 401 0.0212051
392 402 0.0197748
392 403 0.021811
392 404 -0.0445311
392 405 0.446553
392 406 0.0218111
392 407 0.0241978
392 408 0.0257636
392 409 0.0237687
392 410 0.017877
392 411 0.0241978
392 412 -0.0342489
392 413 0.0241978
392 414 0.0241958
392 415 0.0449797
392 416 0.0241946
392 417 0.0241978
392 418 0.0243389
392 419 0.0241978
392 420 0.0241963
392 421 0.0218111
392 422 0.0241978
392 423 -3.43706
392 424 0.429977
392 425 -3.01573
392 426 0.0241953
392 427 -3.73241
392 428 -0.678458
393 394 0.53935
393 396 5.13707
393 398 0.206964
393 399 2.23107
393 408 0.12892
394 398 0.129198
394 408 0.0888026
396 397 3.20452
396 402 4.02386
396 408 0.173077
398 408 0.18216
399 408 0.0896266
400 404 -0.0155026
400 405 0.037831
400 428 -0.0847151
401 408 0.179686
402 408 0.179641
403 408 0.144262
404 405 -0.0400172
404 428 -0.0252672
405 428 -0.0846411
406 407 0.163813
406 408 0.66672
406 410 0.769706
407 408 0.383422
407 409 0.221057
408 409 0.578253
408 410 1.10121
408 411 0.0970396
408 413 0.097407
408 414 0.665821
408 415 0.767745
408 416 0.0970546
408 417 0.0973763
408 418 0.579591
408 419 0.934235
408 420 0.0975213
408 421 0.999026
408 422 0.520057
408 426 0.0970515
410 414 0.4748
411 412 -0.246679
412 428 0.00524947
414 415 0.105565
415 418 0.135589
424 428 -0.0848132
426 428 -0.0135386
427 428 -1.21064
