MULTICUT
0 1 -5.87439
0 4 -2.64261
0 14 1.29975
0 24 0.649873
0 26 1.78866
1 9 -3.73241
1 18 -4.43612
1 26 -11.3337
1 30 -0.418426
1 34 -1.49683
1 38 -8.22558
1 51 -0.129768
1 76 -14.6807
1 97 -3.10675
2 5 -1.18877
2 12 -8.78604
2 16 -11.3746
2 17 0.434708
2 39 -11.7958
2 42 0.0700632
2 47 -6.92555
2 57 -0.116857
2 81 -1.94244
2 110 -1.09624
2 115 -10.7037
2 130 -10.5849
2 169 0.434708
3 5 -2.58569
3 6 -3.55727
3 13 -6.36728
3 14 -1.80126
3 15 -0.0544849
3 19 -1.75131
3 20 -2.85347
3 21 -7.83689
3 22 -13.1988
3 27 -3.91844
3 37 -4.38613
3 49 -0.533685
3 58 -4.43612
3 72 -0.0389131
3 96 -3.57445
4 6 -0.331066
4 14 -0.114579
5 12 2.89924
5 20 2.32079
5 27 3.41728
6 13 3.91844
6 14 6.45741
7 8 -9.93152
7 9 1.3264
7 10 2.93985
7 18 3.98268
7 53 0.0674891
8 10 -0.195158
8 11 -5.53733
8 23 -5.7329
8 28 -3.57445
8 31 -2.02352
8 33 -12.4997
8 46 -5.53733
8 52 -2.71175
8 54 -3.99103
8 61 -0.242411
8 63 -1.60463
8 67 -3.82582
8 68 -2.0185
8 80 -3.01573
8 90 -6.09235
8 95 -6.3687
8 100 -9.68841
8 101 -1.32411
9 18 3.92371
10 11 -0.195158
10 18 1.71139
10 23 -2.94222
10 40 -4.06889
10 53 0.0573089
11 23 1.06254
12 17 -1.94889
12 27 4.46839
12 29 -0.109653
12 32 1.42432
14 24 8.3841
14 25 1.22715
14 26 2.01984
14 37 2.04023
14 44 4.53983
14 50 0.195158
14 51 0.0560887
14 58 7.05759
14 79 0.168798
15 21 -1.84698
16 17 -0.670836
16 32 3.07851
16 42 -1.52308
16 48 5.6197
16 65 -0.119484
17 32 -0.723507
18 30 -1.69086
18 35 4.94642
18 40 -0.756246
18 45 2.86211
18 53 0.401446
18 64 3.86666
18 73 -0.543394
18 84 0.027549
18 89 0.174409
19 21 -5.46376e-08
19 27 -4.47035e-08
20 27 0.969428
21 22 1.2096
21 27 1.4691
21 36 -2.63695
21 56 2.58929
21 59 0.0450695
21 62 1.63809
22 62 7.90656
22 72 0.226632
22 96 -4.8442
23 31 -0.179458
23 40 1.41023
23 46 2.74348
23 60 0.033091
23 70 -2.92856
23 74 0.152358
23 94 1.0751
23 98 2.00944
24 25 2.02352
24 26 1.89687
26 51 2.40592
27 29 -0.109653
27 32 1.34772
27 36 -4.20766
27 41 1.23277
27 43 0.919499
27 55 7.9252
28 52 -1.21664
28 63 4.68696
30 35 -1.63282
30 38 -1.17029
32 41 1.49683
32 55 3.81966
32 65 -0.556794
32 75 1.1366
32 78 4.24586
32 91 -1.21175
33 54 3.87408
33 67 5.77577
33 68 0.95136
33 74 -0.147333
33 85 0.226116
34 38 0.258219
35 38 0.319605
35 45 0.942865
36 43 -0.501622
36 55 -2.85987
36 56 -0.962503
36 59 0.575466
36 96 -4.43612
37 49 -1.54979
37 58 1.18877
38 45 2.08481
38 66 -2.75459
38 76 0.529883
39 47 4.05749
39 57 -0.0977222
39 69 0.266916
39 71 0.186836
39 81 -0.451047
39 86 4.90647
39 87 -1.16715
39 110 0.392924
40 53 -0.222219
40 60 1.32111
40 64 2.57443
40 88 0.0670445
40 94 0.0299954
41 55 1.84508
42 47 -1.60463
42 48 -8.9407e-08
42 57 -0.83062
44 50 0.562547
44 51 0.0698873
44 58 1.56704
44 79 0.340443
45 66 -6.69281
45 73 -0.578752
45 84 0.0712066
45 89 3.6131
46 61 -4.57053
46 70 -5.04879
46 74 0.661039
46 98 0.581612
47 48 1.44494
47 57 -0.893734
47 69 0.336563
47 71 0.0727423
47 77 -3.6565
48 65 -0.584119
48 77 -2.08183
48 78 2.47027
49 58 -0.56723
50 51 0.234691
50 79 0.360579
51 76 -11.6377
51 79 2.38745
51 92 -0.461829
52 63 -0.0856503
53 64 3.48265
54 61 -0.618144
54 74 -0.382538
55 91 -0.464569
55 96 -5.53733
56 59 0.0438642
56 62 4.05632
58 79 0.103487
58 83 -4.8442
58 96 -24.2151
59 62 0.460814
59 96 -4.8442
60 64 0.210838
60 88 0.174344
60 94 0.0943813
61 74 -1.16715
62 96 -4.14515
63 80 -1.96297
63 93 1.54411
64 73 -0.512951
64 84 0.039395
64 88 2.56537
64 89 2.8095
64 104 5.30937
64 114 0.120096
65 78 -0.0700634
66 76 -3.00501
66 82 -1.36303
66 89 -1.10372
67 68 0.396045
67 74 -0.00670026
67 85 1.34892
67 98 6.22243
67 100 0.950142
67 116 1.29976
67 123 3.2122
69 71 1.42387
69 77 -0.24945
69 87 -0.321795
70 74 -0.055589
71 75 0.57894
71 77 -0.528895
71 86 0.924866
71 87 -2.96871
71 103 -1.29933
71 107 -3.35978
71 110 0.0302799
72 96 -2.58569
73 84 -0.0171113
74 85 -0.200437
74 98 -1.10741
75 77 -0.267772
75 78 3.89694
75 91 -2.22525
75 96 -11.0747
75 103 -1.46461
75 117 -5.53733
76 82 3.01573
76 89 2.93164
76 92 3.03139
76 97 2.22758
76 105 5.76286
76 111 2.09797
76 131 10.9845
77 78 -0.586479
79 83 -7.16372
79 92 0.669194
79 99 2.82137
79 102 0.255412
80 93 -0.0497357
80 95 0.409637
80 106 -0.889025
80 108 0.153038
80 109 -0.0580521
83 96 5.04998
83 102 -5.53733
83 128 -5.53733
84 89 0.124174
85 98 1.01911
86 87 -1.35709
88 94 5.65343
88 104 2.81113
88 124 0.194019
88 126 0.254035
88 137 0.986947
88 141 0.367019
89 114 0.321711
89 119 3.20604
89 131 3.10675
89 139 0.460487
89 177 -0.0311964
90 100 0.0411664
90 101 -0.0411665
91 96 -4.8442
92 99 1.33839
92 111 0.392245
93 108 -0.13437
93 109 1.89528
94 98 8.07366
94 127 1.7413
94 137 5.11424
95 100 0.020631
95 101 -0.510977
95 106 -5.69244
96 117 0.601089
96 128 -5.53733
96 134 -21.4562
96 142 6.35106
96 150 4.72767
96 158 -27.6867
96 166 -7.02825
96 171 -20.7631
96 186 -4.8442
98 116 1.6348
98 122 3.73241
98 123 6.40464
98 127 2.94807
98 137 5.03925
98 143 1.88061
99 102 0.139579
99 111 5.8348
99 113 4.44847
99 131 0.0869964
99 136 0.0714093
99 138 -0.016693
100 101 -0.0824285
100 106 -5.3194
100 123 4.27472
100 133 11.1682
102 113 -4.91862
102 128 -4.15443
102 138 -0.704796
102 140 0.867703
103 107 0.872096
103 112 -9.92703
103 117 -15.5108
104 114 1.6628
104 124 0.0193447
104 126 0.827086
104 135 -0.00357342
105 121 1.27285
105 131 6.54524
106 108 -0.148121
106 109 -14.1086
106 133 -0.023346
107 110 -0.351659
107 112 -1.14578
107 118 -1.22931
107 120 -2.67776
107 129 -2.52745
108 109 -1.25693
109 133 2.31952
109 146 3.31536
109 157 -4.8442
110 115 -0.092962
110 118 -0.0132528
111 131 3.60967
111 136 0.72383
112 117 1.42058
112 120 -10.2495
113 138 0.385941
114 126 0.232172
114 135 -0.00323245
114 139 2.64371
114 141 0.185214
114 148 0.22807
114 149 2.04033
114 151 3.21229
114 163 2.50291
114 172 1.12418
114 177 -0.134313
115 118 1.09848
115 125 -2.93914
115 130 1.03191
115 132 -2.14198
117 120 -4.14515
117 134 -5.53733
118 129 -2.47197
118 132 -3.01573
119 131 3.60529
119 139 2.87962
120 129 -4.14515
120 134 1.44559
121 131 4.43612
122 123 1.98633
123 133 6.54381
123 143 5.43362
123 145 2.47197
123 156 9.50208
123 162 -4.43612
123 165 -0.548476
123 168 6.12698
123 174 0.219176
123 187 7.55148
123 201 -0.886457
124 126 0.0455377
124 135 -1.54848
124 141 0.0485124
125 130 -1.97415
125 132 -0.0695105
126 135 -0.00139911
127 137 3.43706
128 140 -7.42587
128 152 3.20604
128 158 1.27349
128 159 -5.2908
128 166 0.130873
128 184 6.15316
128 209 -9.97346
128 219 2.64699
128 231 -3.91844
129 132 -9.45578
129 134 -16.6344
129 144 -3.57446
129 173 3.68102
129 180 -7.3512
129 198 -0.551764
129 224 -4.25073
129 234 -2.32571
129 248 -4.22284
129 257 -0.43964
129 281 0.0435511
129 285 -5.53733
129 288 -16.612
129 291 -5.53733
130 132 -6.99862
130 144 -16.3281
130 169 -2.06181
130 170 -3.10675
131 136 1.75336
131 138 -0.0659744
131 139 1.08303
131 147 7.95316
131 153 -0.0263249
131 154 4.43612
131 155 4.67052
131 159 0.246055
132 144 -0.163779
133 157 -6.247
133 160 -6.42793
133 161 -10.3815
133 162 -5.53733
134 171 -0.83062
134 180 -2.22758
135 141 -2.71175
136 138 -0.0312524
136 153 -0.0215514
136 159 0.0819605
137 141 1.88436
137 143 4.27405
137 156 5.467
137 199 -6.62017
137 202 0.24241
137 203 0.0609642
138 140 -3.05403
138 153 -0.22618
138 159 -0.0299163
139 147 1.57696
139 148 2.05931
139 163 0.102436
139 172 -0.0346527
139 177 0.0748269
139 183 1.18107
140 152 -4.98736
140 159 -0.434708
141 149 0.449491
141 163 0.248203
141 178 0.675869
141 197 -3.01573
143 156 5.89277
144 169 -0.704796
144 170 -0.669846
144 181 -3.31536
144 198 -1.00226
146 157 -7.83689
146 167 -2.12537
146 175 -2.36822
146 176 -4.8442
146 191 2.66191
146 194 -3.01573
146 195 -2.52745
147 154 3.99593
147 159 0.302044
147 185 4.66238
147 209 -11.0747
148 177 -0.0311964
150 158 -3.20605
152 159 -3.31536
153 159 -0.432103
156 189 1.20875
156 200 0.247362
156 201 -0.388186
156 203 1.73097
157 161 0.187478
157 164 -0.378484
157 167 -1.26684
157 175 -1.99863
158 166 0.0636262
158 184 0.0897188
159 209 -27.6867
160 161 -0.905358
160 162 -0.101248
160 165 1.06254
161 164 -0.0726385
161 165 -0.962998
161 174 -1.66155
162 165 -2.78039
163 172 0.548689
163 177 -0.0760114
163 178 0.82704
163 197 -0.0733426
163 205 -4.50149
163 208 -4.88166
163 211 0.409988
164 174 -4.67646
164 175 -0.0377539
164 176 2.00567
164 179 -2.14198
165 174 1.30241
166 184 4.35846
166 186 -0.652519
166 190 1.42727
169 170 -0.0856503
169 181 -4.0584
169 198 -1.37165
169 207 -1.77825
170 181 -0.517023
171 180 -1.19958
171 182 -1.77528
171 186 1.47101
171 192 -4.12811
171 193 -4.02654
172 177 -1.91563
172 205 -3.57445
173 234 -0.237423
174 179 -3.8991
174 187 2.52225
174 204 1.39418
174 214 -3.11858
175 176 -0.0755078
176 179 -5.09946
176 191 -6.16014
176 194 -0.0156401
176 204 -2.85347
176 206 1.67998
176 214 2.15395
176 218 -3.73241
176 221 -5.49941
177 183 0.65534
177 196 -3.36556
177 205 -7.60307
178 197 -0.0249099
179 204 -1.72077
179 206 -0.0700634
180 182 -5.07363
180 193 -3.01573
180 227 -3.91844
180 291 -2.14198
182 192 -1.39593
182 193 1.81446
183 185 -0.0156178
183 188 -0.209563
183 196 -1.36795
184 190 0.945033
184 210 3.73241
184 219 5.32258
184 223 0.81228
184 225 6.19579
184 228 6.70179
184 231 -2.14198
184 271 -1.95073
184 289 -24.8611
185 188 -0.0271944
185 196 0.266418
185 209 -11.6398
185 215 -1.18877
185 216 -0.517023
186 190 -3.91844
186 193 -2.93164
187 201 -1.71764
187 213 -4.43612
187 214 -14.9904
188 196 -1.78253
189 200 3.39376
189 201 -0.530437
189 212 0.329422
190 193 8.00274
190 223 4.30348
191 194 -2.81983
191 195 -8.17003
192 193 -4.43612
193 223 3.73241
193 227 0.337785
193 239 -1.95015
193 242 6.22779
196 205 1.54979
196 215 -7.85993
196 216 -0.517023
196 217 -4.5102
196 229 -8.35456
196 235 -2.58569
196 236 -12.6483
196 237 0.722426
197 199 -2.19681
197 208 -2.89432
197 211 1.57696
198 207 -16.2906
198 288 -5.53733
198 290 -7.59915
199 200 -3.48333
199 202 -7.06432
199 203 -12.0607
199 205 1.60719
199 211 -5.79555
199 214 2.14198
199 226 -8.41866
199 229 -11.0747
200 201 -0.309117
200 203 2.7786
200 212 1.8
200 214 -5.53733
201 212 0.213954
201 213 -0.789409
201 214 -0.131516
204 214 -0.242411
205 211 -3.8146
205 229 -8.05025
207 290 -11.7916
208 211 -1.86889
209 216 -3.57445
209 217 -4.8442
209 220 -15.9189
209 231 -9.68249
209 235 -9.97346
212 214 -3.01573
213 214 0.342105
214 221 -17.2
214 222 -9.7959
214 226 -4.8442
215 216 0.0700632
216 217 -1.34772
217 235 1.54979
218 221 2.32299
218 230 -7.72584
218 233 -0.369897
218 247 -4.45473
218 249 -2.52745
218 253 -0.794069
218 275 0.199763
218 282 -0.995822
218 294 -8.87224
218 296 -21.3768
220 231 1.46103
220 235 -3.01889
220 286 0.056379
221 222 0.59369
221 230 -4.57201
221 232 -12.1809
221 233 -6.08647
221 238 -0.401064
221 240 0.55042
222 226 0.704796
222 238 -1.20249
223 225 0.353819
223 242 2.06181
223 291 -16.612
224 248 -5.20458
224 281 -0.710538
224 285 -3.91844
225 289 -16.612
225 291 -5.53733
226 229 1.04226
226 238 -1.45614
226 241 -9.08663
226 243 -1.79156
226 246 0.00778166
226 264 -0.287252
226 270 -0.305845
226 283 -0.427871
227 239 -2.37394
227 242 2.52745
227 291 -5.53733
228 231 -15.9189
228 271 -2.75746
228 295 -11.0747
229 236 0.151585
229 243 -6.49224
229 245 -7.7728
229 251 -0.583677
229 258 -0.206921
230 244 -6.17146
230 247 -10.6416
230 263 -2.22758
230 275 -0.0498912
231 286 -0.977222
231 295 -4.8442
232 238 -0.451047
232 240 -1.42058
232 252 -4.05522
232 255 -6.7905
232 256 -10.2664
232 273 0.618144
232 278 0.775982
233 240 -5.05318
233 249 -3.29568
233 250 -2.47197
233 253 -1.49683
233 274 -7.2348
233 284 -0.962998
233 287 -0.467445
233 293 -3.43706
234 257 1.78707
234 281 -0.0435301
234 288 -5.53733
235 237 -12.0227
235 276 4.60781
235 286 -2.85347
235 293 -4.14515
235 295 -8.76265
236 237 -0.0160334
236 251 -2.76779
236 259 -1.91493
237 259 -0.669846
237 293 -3.73241
238 241 -0.374956
238 246 -1.80775
238 252 0.821655
238 254 -2.26974
238 260 -1.9843
238 265 -7.20077
238 277 -1.6639
238 283 0.213729
238 293 -14.3
239 242 -5.62753
240 273 -0.678209
240 284 0.555294
241 246 -3.60138
241 260 -6.12967
241 265 -7.84523
242 291 -20.7631
243 258 -3.90482
243 264 -2.63979
243 293 -2.18405
244 247 2.04603
244 262 1.29773
244 263 0.31153
245 251 -0.104283
245 258 0.0689737
245 266 -6.1006
245 267 -7.74417
245 268 -3.10675
247 262 2.74832
247 282 -2.14198
248 285 -4.43612
249 250 0.564205
249 253 1.80545
249 274 3.039
249 287 0.0459969
249 296 -3.91844
251 259 0.451047
251 267 -0.886457
251 269 -5.60523
251 272 -1.51342
251 293 -10.3815
252 254 -0.135647
252 278 -0.943991
254 278 1.16574
254 293 -10.3815
255 256 0.704796
255 261 3.8177
255 278 -1.32111
255 279 0.0768931
255 280 0.601089
255 284 -0.571779
256 261 4.62481
256 273 -0.305845
256 280 6.70146
257 281 -0.169724
257 288 -5.53733
258 266 -1.4748
258 268 -0.132918
258 293 -5.53733
259 272 -5.6342
259 293 -1.72077
260 265 2.92157
260 277 0.560187
261 280 2.63121
261 284 -0.0610436
262 263 0.15779
262 275 -0.214178
262 282 -1.69086
263 275 -1.37731
264 270 -0.175619
264 283 0.469479
264 293 -5.53733
266 268 3.44188
267 268 2.24505
267 293 -6.2862
268 293 -8.2903
269 272 5.48824
270 283 -0.0438547
271 289 -4.14515
271 295 -5.53733
272 293 -13.0127
273 280 -0.210882
273 284 -0.0256069
274 287 0.0212647
275 282 -0.100121
278 279 -2.98089
278 284 2.46052
278 293 -11.0747
280 284 -1.03618
281 285 -5.53733
281 288 -5.53733
283 293 -3.31536
284 293 -10.3815
285 288 -2.52342
286 295 -5.63488
287 293 -4.8442
287 296 -4.8442
288 290 -0.341396
288 291 2.85347
288 300 -5.85304
288 303 -2.09479
289 291 4.27234
289 292 5.38443
289 295 2.41897
289 300 -2.82005
290 303 -0.703543
291 297 0.739544
291 300 -7.11433
292 300 -0.869893
293 295 2.01222
293 296 3.24804
293 298 1.13109
293 299 1.25517
293 300 -5.5976
294 296 0.974136
294 301 -0.909165
295 300 -4.40641
296 300 -0.0465423
296 301 -0.220097
297 300 -0.416411
298 300 -0.0212799
299 300 -0.533685
300 301 2.57281
300 302 2.92795
300 303 6.54167
300 304 2.30719
300 305 10.202
300 306 7.62782
300 307 -6.54381
300 308 4.65043
300 309 1.63234
300 311 2.73717
300 313 7.43956
300 314 -4.36912
300 315 -1.86728
300 316 -2.86576
300 317 -2.06181
300 318 -2.02134
300 319 1.74476
300 320 6.76838
300 324 -1.67098
300 325 -0.874038
300 326 -6.56257
300 327 -5.68223
300 328 -1.86841
300 329 -2.18405
300 332 -0.704796
300 333 -2.54191
300 337 -12.4195
301 307 -4.43124
301 318 -0.0689461
301 324 -0.0527667
301 327 -0.130549
302 318 -0.0689461
302 324 -0.0527667
302 327 -0.130549
303 318 -0.260156
303 324 -0.189938
303 327 -0.386891
303 337 -2.64835
304 305 0.210649
304 318 -0.0681058
304 324 -0.0581241
304 327 -0.129849
305 318 -0.37162
305 324 -0.192501
305 327 -3.01029
305 333 -3.57445
306 315 -3.75923
306 316 -1.54979
306 318 -0.203633
306 324 -0.179942
306 327 -0.388968
307 310 2.79331
307 312 6.7805
307 314 3.91844
307 321 15.1937
307 322 4.10532
307 323 2.18405
308 318 -0.0683676
308 324 -0.0583865
308 327 -0.444304
309 318 -0.089308
309 324 -0.0529707
309 327 -0.130813
310 312 4.85806
310 321 3.20604
311 318 -0.067339
311 324 -0.0625629
311 327 -0.129231
311 328 -0.867242
311 333 -1.10372
312 321 3.87579
312 330 7.2519
312 336 1.30083
312 340 4.16929
312 355 -2.94883
313 318 -0.0679289
313 324 -0.0577183
313 327 -0.129707
314 316 2.17483
314 317 5.26786
314 321 3.20604
314 322 1.95015
314 334 1.75852
314 341 2.91875
314 345 0.295476
314 351 -1.39593
314 353 4.14996
315 316 10.0157
315 325 0.624277
315 326 2.93164
315 331 2.41897
316 317 9.09539
316 326 9.12637
316 328 6.84763
316 329 3.57445
316 331 3.20604
316 335 4.43612
316 341 0.55053
316 347 3.81313
316 348 3.57445
316 350 4.43612
316 352 -8.58127
316 356 4.01201
316 357 3.43706
316 358 5.27488
316 363 -11.3973
316 368 0.144351
318 319 -0.0689461
318 320 -0.0672456
318 324 3.26708
318 327 5.11146
318 328 0.0596738
318 333 0.0596738
318 337 0.0596738
318 401 -0.00580244
319 324 -0.0527667
319 325 -0.806976
319 326 -0.783024
319 327 -0.130549
320 324 -0.063026
320 327 -0.129137
320 337 -2.58569
321 322 7.46482
321 323 11.1703
321 330 6.16883
321 334 10.0546
321 336 1.14578
321 340 2.77625
321 342 3.42644
321 343 2.31952
321 345 5.63932
321 349 3.00478
321 355 -1.74037
321 365 -1.2355
324 327 2.27626
324 328 0.0351159
324 333 0.0438099
324 337 0.0506526
325 326 0.383546
327 328 1.15559
327 333 4.62994
327 337 1.01539
327 338 6.35587
327 339 0.294059
327 344 2.13908
327 346 0.719525
327 354 3.76034
327 360 0.0590945
327 361 -0.151118
327 362 7.6057
327 366 0.163445
327 367 -5.30722
327 369 0.335507
327 382 -0.000925707
327 386 1.77513
327 388 0.000395007
327 391 -0.0409862
327 395 0.782249
327 398 1.44938
327 399 -1.16204
327 401 -0.0381093
328 329 3.10675
328 333 5.08666
328 348 2.93164
328 360 1.86487
328 363 -0.498954
328 370 4.43612
328 380 0.601089
328 384 5.2282
328 393 2.68103
328 401 -0.00290122
328 402 6.01561
328 413 3.33243
328 421 3.99465
328 422 -0.00851951
328 423 -1.75131
328 429 6.35782
328 443 2.36528
328 461 -1.88061
328 465 2.93164
328 474 1.49297
328 486 -7.58221
328 490 -0.46805
328 498 1.50361
328 503 -1.88802
330 336 1.21064
332 337 0.402198
333 401 -0.00580244
334 345 2.14198
334 349 0.652519
337 339 0.065695
337 361 -0.800262
337 378 2.31952
337 381 2.08775
337 387 -0.775982
337 390 -0.106121
337 396 -1.34952
337 401 -0.00290122
337 404 -7.5424
338 401 -0.00870366
339 361 -0.301886
339 369 0.158159
339 401 -0.00290122
340 355 -0.579874
341 352 -7.84043
341 353 4.90806
341 359 2.52745
342 345 3.40309
342 349 0.0753583
342 355 -6.7235
342 365 -3.94957
342 371 -0.112254
342 375 -1.86421
342 376 -8.18433
342 377 -0.23402
344 401 -0.00290122
345 349 2.0208
345 353 2.90099
345 364 1.47101
345 365 -3.0612
345 374 2.14087
345 376 -8.87224
346 401 -0.00290122
351 353 -0.386023
352 357 -3.73241
352 359 -7.16946
352 363 -0.56723
352 372 -2.58569
353 359 4.14515
353 364 2.41897
353 373 0.0814627
353 374 4.3175
353 376 -0.0543523
354 366 0.299665
354 369 0.318501
354 386 5.12879
354 401 -0.00870366
355 371 -2.44684
355 389 -2.71534
355 420 -2.00095
356 363 -1.22297
357 363 -0.81228
358 363 -0.995421
359 372 2.46752
359 373 3.6642
359 376 -15.5773
359 379 0.157537
359 400 0.0849469
359 403 -2.59318
359 415 0.523317
359 418 -0.24174
359 431 -0.507478
359 441 -0.20715
359 448 0.0700632
359 475 -5.04671
360 367 -0.0849226
360 370 7.5326
360 399 -0.146141
360 401 -0.00290122
361 369 1.75335
361 386 0.0763662
361 396 1.81446
361 408 -3.38081
362 382 0.00154374
362 388 3.21125
362 391 0.0480427
362 395 2.02304
362 397 6.02791
362 401 -0.242507
363 368 -0.716456
363 372 -0.00068164
363 379 0.00532629
363 385 2.97528
363 392 -7.25701
363 402 -1.03703
363 403 0.663833
363 435 -0.669846
363 444 -3.85462
363 454 0.556032
363 458 0.272022
363 475 -0.196667
365 376 0.386023
366 369 1.346
366 386 0.153164
366 401 -0.00290122
367 370 -0.213542
367 399 0.457458
369 386 1.60862
369 401 0
370 383 4.19527
370 384 2.52745
370 391 -2.88885
370 393 4.82139
370 398 0.173296
370 399 -0.689606
370 405 2.78743
370 417 2.19721
370 422 -0.087288
370 438 -4.14515
370 440 -2.6685
370 480 -2.18405
371 375 0.0573961
371 377 2.38187
371 389 -0.137638
371 394 0.661541
371 406 0.0412082
371 407 -8.2903
372 379 0.0234055
372 385 0.0104649
372 400 0.0235618
372 403 -0.166805
373 374 0.107767
373 376 -0.76244
374 376 -11.3795
375 376 -0.289934
375 377 0.22299
376 377 -5.72747
376 406 -2.40711
376 410 -2.5787
376 418 -11.1304
376 432 -0.0787936
377 406 0.650981
378 396 -0.163779
379 385 0.0256708
379 400 0.0390255
379 403 -0.0519368
379 475 -0.0841897
380 384 0.924411
381 390 -0.106121
381 404 -0.220583
382 401 -0.00123474
383 384 3.73384
383 393 4.09183
384 393 1.25517
385 403 0.740696
386 395 -0.0534294
386 401 -0.0118489
386 408 -5.53733
386 409 -6.45278
386 445 -5.53733
386 450 0.905357
386 471 -3.31536
387 396 -0.289934
387 404 -0.81228
388 391 0.0491646
388 398 -0.00626749
388 401 0.0223322
389 394 -2.66172
389 407 -3.91844
389 414 2.03063
389 419 0.00701802
389 420 6.73218
389 426 -0.0826507
390 404 -0.203734
391 398 -1.6482
391 401 1.77648
391 425 -2.62846
391 468 -2.47197
391 480 0.038913
392 402 -0.0854081
392 413 -0.141825
392 447 0.102567
392 452 0.199071
392 458 0.919464
393 421 0.199225
393 422 -0.102177
394 407 -1.00226
395 397 0.0232919
395 401 -0.00928059
395 409 -1.70183
395 428 1.36095
395 445 0.165019
395 451 -0.0950897
395 471 0.176219
396 404 3.21454
396 408 -3.42811
396 411 0.00287495
396 427 -2.47197
397 401 -0.373077
397 425 -0.00288688
398 399 -1.35303
398 401 -0.003096
399 405 -0.206908
400 403 -0.0291003
401 425 -0.46229
401 428 0.836241
401 439 -0.0140417
401 451 -0.068773
402 413 0.649998
403 444 -0.532303
403 448 -0.500431
403 475 -0.180847
404 411 -0.547209
404 412 1.2916
404 424 -0.0297217
406 407 -0.722426
406 410 2.52745
406 414 0.110235
406 416 0.569771
406 430 -2.14598
406 433 -0.683976
407 414 -12.7174
408 427 2.93164
408 471 2.14198
410 418 0.0249398
410 430 -0.991991
410 432 0.302289
410 433 0.993884
410 442 1.36807
410 449 -5.67482
410 469 -0.0894169
410 483 0.750792
411 412 -0.680334
411 424 0.614458
411 427 -18.1317
411 434 0.36076
411 437 0.265784
411 460 0.00507267
411 472 0.00253634
411 487 -0.0442191
412 424 -8.42764
412 437 -4.20013
413 429 1.53471
413 447 -0.0206835
413 452 1.17905
414 416 3.55239
414 419 2.61753
414 426 -0.0348106
414 433 -0.161758
414 436 -0.398747
414 453 1.41432
414 456 -0.0534031
414 459 1.98943
414 462 -0.575494
415 418 -0.500431
415 431 -1.60507
415 441 -0.21668
416 433 -0.367949
416 459 -0.0470393
417 421 0.0803146
417 422 0.154224
417 438 -1.88487
418 431 0.164264
418 432 0.182629
418 441 1.57905
418 442 4.77704
418 455 -0.70593
418 475 -1.02661
419 420 0.0289525
419 426 -0.0194122
419 436 -0.421361
420 426 -0.819882
420 456 -1.06785
420 462 -3.07726
420 491 -0.137319
420 508 3.41746
420 509 -0.207442
420 512 -2.92831
420 513 -0.495129
420 525 -0.687271
421 422 0.0145295
421 423 -1.12198
421 461 -0.402198
422 438 -0.891887
422 461 -0.012638
424 434 -0.00103684
424 437 4.42515
424 460 0.0181158
424 472 0.00315651
424 487 -0.126976
425 439 1.23261
425 451 3.5103
425 464 0.0580592
425 468 -0.0630101
426 436 -0.20393
427 434 -2.93164
427 457 -12.7372
427 460 -0.0516521
427 471 4.14737
427 482 -11.0747
427 492 -4.14515
427 493 0.354696
427 501 -13.3742
428 445 0.213194
428 446 0.529875
428 451 -0.0818402
428 463 -0.169532
428 471 -0.124575
428 484 -0.214
429 443 4.71495
429 452 0.451047
430 433 -12.6368
431 441 0.743548
432 442 0.106024
433 449 -13.5133
433 459 0.877967
434 437 0.0215038
434 460 -1.48209
434 472 -0.00344616
434 487 -0.00312147
435 444 -10.3815
435 454 -0.924411
436 456 0.0188347
437 460 -0.0029388
437 470 -0.00178329
437 472 -0.126922
437 487 -6.76082
438 440 -2.18492
438 461 0.00738332
439 451 2.05553
440 461 -0.601089
440 474 1.60463
440 477 2.5436
440 480 -0.0251109
440 490 -1.06254
440 497 0.285399
441 475 -8.10519
441 476 1.1794
442 455 -0.101647
442 467 1.34266
442 469 -0.379809
443 452 0.0233459
443 466 6.62233
443 488 -5.53733
443 498 1.50361
444 454 -0.659765
444 475 3.47905
444 488 2.48017
445 450 -1.81446
445 471 1.04742
446 463 -3.07973
446 471 -0.91719
446 484 -0.941885
447 452 0.144799
447 458 0.289599
448 475 -2.10127
449 459 -2.52745
449 475 2.32146
449 483 -0.358415
449 507 -2.31952
450 471 -6.56412
450 473 -0.517023
451 463 0.931283
451 464 0.13633
451 485 0.981791
451 495 0.324603
452 458 1.01855
452 466 2.5577
453 459 1.18837
453 462 -1.17286
453 491 -0.20588
454 458 0.648108
454 475 -0.0817902
454 488 -3.72232
455 467 -0.407169
455 475 2.77122
455 479 -0.407747
456 462 0.810264
457 460 0.448949
457 482 0.116792
457 494 0.0583962
458 466 -2.98023e-08
458 478 5.29522
458 488 -12.274
459 491 -1.53828
459 507 0.237789
459 513 -4.43612
459 515 -1.26082
459 523 -5.79422
460 470 0.302957
460 472 0.017033
460 481 1.20887
460 487 0.0185404
460 494 -4.52265
460 500 -0.434708
461 474 -2.91776
462 491 0.22841
463 471 0.61857
463 485 0.215758
463 495 0.160797
464 468 -1.18989
464 485 -0.0376641
464 495 -0.436809
465 486 -1.12464
466 478 -6.44319
466 488 -4.55234
467 469 -1.52449
467 475 -5.87017
467 479 2.84567
467 483 3.00927
467 510 5.0767
468 480 -3.79871
468 485 0.00451338
468 495 0.881955
469 483 -0.447069
470 472 0.247007
470 481 1.65387
470 487 0.0099641
471 473 2.93164
471 484 4.62977
471 485 0.0242426
471 493 0.531653
471 495 -0.723571
471 501 -8.15956
471 502 3.36941
471 505 1.94451
471 516 3.33232
471 517 1.29118
471 528 -8.05025
471 538 2.71175
471 540 -10.7182
471 543 -4.43612
471 547 -3.31536
471 548 -3.20605
471 549 -2.06181
472 481 2.81
472 487 1.44982
472 499 0.0493403
472 504 0.26419
474 486 -1.92212
474 490 -0.648344
474 532 0.480464
475 476 -2.46397
475 479 -1.04226
475 483 -8.72781
475 488 3.33053
475 489 1.17075
475 507 -5.53344
475 510 -8.50177
475 511 -0.108305
475 513 1.20907
475 515 -0.0453244
475 559 -1.57696
475 561 2.93164
475 602 1.61551
475 620 -15.2257
475 622 -3.91844
475 627 2.65169
476 489 -0.356329
477 490 -7.63104
477 497 0.214566
478 488 -4.98654
480 495 -3.01857
480 496 -3.57468
480 497 -4.22546
480 505 2.29249
480 506 -0.0700634
481 500 -11.3682
481 504 0.405605
482 492 -2.70835
482 494 7.43703
482 522 0.740248
483 511 0.108305
485 495 0.402408
486 488 3.41555
486 498 -2.78039
486 503 2.14012
486 530 -5.64139
486 532 -1.9622
487 499 0.00775229
487 504 -0.469136
488 498 -4.8442
488 530 -7.87318
488 532 -1.63282
488 542 -4.8442
488 546 9.72326
488 554 2.93164
488 555 2.88753
488 559 -1.98633
488 561 2.72425
488 568 -2.31067
488 591 1.2339
488 613 -11.0747
488 622 -4.8442
490 497 -1.46231
490 518 -0.897471
490 524 1.66662
490 529 -0.0987784
490 532 0.516121
490 539 -0.243186
490 541 1.45863
491 509 -0.0708596
491 513 -6.59997
492 494 -0.418426
492 501 -5.06422
494 500 5.20611
494 501 0.187943
494 520 -2.82029
494 521 3.04887
494 522 3.31995
494 526 0.765145
494 531 -1.869
495 505 -4.49052
495 517 -0.522238
496 505 -3.57445
497 506 -0.0768341
497 514 -0.944427
497 518 0.853282
497 524 -3.22193
497 529 0.0308573
498 503 -0.467445
499 504 0.00406986
500 504 -2.91355
500 519 -4.36239
500 520 -3.38004
500 521 0.27283
500 534 -0.000308007
500 537 -1.48535
501 516 -1.95015
501 522 4.47246
501 528 1.16715
504 519 0.133072
505 506 -0.979223
505 514 0.404693
505 517 1.27452
505 524 6.1333
505 541 3.20604
505 543 -12.296
505 548 -5.1562
505 553 2.31952
506 514 -0.0998744
507 515 -0.951154
508 509 -0.74016
508 513 -0.900588
508 525 -0.0700634
508 535 -11.585
509 513 0.402847
512 525 1.94748
512 527 5.18998
512 533 -0.000280562
512 535 -0.0637967
513 515 0.0353172
513 523 0.0648143
513 535 6.20556
513 602 3.29944
514 524 1.91946
515 523 2.76883
516 528 -1.91493
518 524 -0.154138
518 529 0.01406
519 537 0.882981
520 521 -12.0967
520 534 -0.000921134
520 545 -0.521256
521 531 -7.51683
521 534 0.00368171
521 537 -3.41602
521 545 5.11742
522 526 0.849227
522 528 8.16097
522 531 -7.9227
522 552 1.05328
522 557 0.121209
522 563 0.441584
524 529 -0.00958977
524 536 4.54864
524 541 3.43753
525 533 -0.00276906
525 535 -1.2127
527 533 -0.00992361
527 535 -0.171828
527 551 1.0099
527 580 -0.258219
528 540 9.81889
528 544 2.46662
528 552 -0.0571958
528 557 0.139253
528 560 1.88061
530 532 -1.25218
531 545 -3.55638
531 550 3.15239
531 552 -0.654575
532 539 -0.0433884
532 541 0.347848
532 542 -2.41957
533 535 0.0111842
533 551 -0.00414549
534 545 0.00197298
535 551 -3.55487
535 623 -0.517023
537 545 -1.34041
537 562 -2.17309
537 569 -2.10127
537 572 -0.737756
537 577 -6.5838
537 587 -0.236279
538 548 -2.93164
538 549 -1.60463
539 541 -1.59452
540 547 1.52308
540 549 4.0353
540 558 5.2734
540 560 2.18405
541 542 -2.14198
541 553 1.78253
541 554 1.05571
541 564 4.38326
541 574 -6.06475
541 576 -8.58127
541 579 -0.00860453
541 584 -0.692587
541 593 1.00483
542 554 -3.01573
543 548 8.70409
545 550 -0.752982
545 556 -0.229534
545 562 0.967468
546 554 2.71175
546 555 4.20119
546 564 2.32011
546 566 -4.8442
546 567 -0.321795
546 570 -4.02814
546 575 2.64699
546 581 0.753468
546 583 -5.29522
546 588 -0.0588565
548 549 6.10393
548 553 -0.978515
548 558 4.59321
548 565 4.78412
548 578 2.18405
549 558 5.51733
550 552 -1.80342
550 556 3.89022
550 562 -1.52436
551 580 -3.65463
551 623 -0.0746492
552 557 -0.0699182
552 562 1.03511
552 563 3.12972
552 585 -0.243431
552 595 0.723934
552 604 -0.0419759
553 565 -0.0754398
553 573 -0.0187105
553 576 -0.0449685
554 564 2.82382
555 567 -0.517023
555 568 -0.219494
555 571 -5.90104
555 591 1.2339
556 562 -0.19054
557 560 1.5255
557 563 -2.18405
558 560 1.6065
558 578 4.48271
558 582 0.28075
559 561 -0.849093
560 563 -6.42056
560 582 0.794679
560 586 -0.950778
562 572 4.95135
562 590 -0.0501253
562 595 0.647868
563 585 -1.9934
563 586 1.59402
563 592 -0.162348
563 597 -0.000461675
563 598 -0.000206407
564 575 3.31536
564 583 -6.99862
564 593 0.076901
564 594 -3.14139
564 607 -0.57535
564 615 1.95015
564 616 -5.89435
565 573 0.221526
565 578 4.74527
565 606 0.00254356
566 567 -1.21014
566 588 0.038913
566 596 -4.14515
567 571 -4.40337
567 591 -1.74251
567 596 -0.630426
568 591 -1.52731
569 577 0.559713
569 589 0.0248363
570 581 -3.62951
571 591 -4.8442
572 577 0.292931
572 587 0.942146
572 590 0.697557
572 595 0.332464
572 599 -0.0452471
573 576 0.301364
573 578 -3.44851
573 606 -0.000877738
573 630 -0.635286
573 631 0.038913
574 576 0.812874
574 579 0.0162443
574 584 1.30271
574 593 -0.977166
574 610 -4.55732
574 612 2.63812
574 632 -0.0957726
575 583 -4.14515
576 579 0.00763977
576 610 -6.42793
576 631 -1.72923
577 587 2.27249
577 589 2.30025
577 600 2.36176
577 603 1.3402
577 608 -1.00226
577 611 -0.101111
578 582 1.54982
578 606 0.007941
578 609 0.976383
578 614 -2.68723
578 617 0.0453331
578 630 -4.8442
580 623 2.52259
581 583 -9.28032
581 588 -0.0588565
582 586 -0.0967873
582 601 -0.0476695
582 605 -0.0511264
582 606 -0.000144465
582 614 -2.45968
583 588 -4.6619
583 596 -5.53733
583 607 -2.25595
585 586 -0.32695
585 592 2.23105
585 595 -0.0883081
585 597 -0.240685
585 604 2.52772
585 619 1.22025
585 625 9.96497
586 592 -0.611587
586 597 -0.00374115
586 598 -0.00160154
586 601 -0.0879964
586 605 -1.54125
587 590 0.627703
587 595 -0.519663
587 599 -0.769909
587 608 -1.14619
588 596 -0.96595
589 600 0.815369
589 603 1.19334
589 624 0.533685
590 595 -0.100251
590 599 -0.860259
591 596 1.57611
591 613 -5.53733
591 618 -5.53733
592 597 -1.21169
592 598 -0.119855
593 594 -1.01839
593 612 -7.90825
594 612 1.16715
594 615 -4.29958
595 599 2.33431
595 604 0.0170754
595 608 1.27378
595 619 0.034151
596 607 -6.58588
596 618 -5.36159
596 621 -4.00647
596 634 1.04226
597 598 0.331072
597 601 -1.11816
597 605 -1.14803
597 625 -0.402738
597 628 -4.99583
598 601 -0.000299639
598 605 -0.730839
600 603 1.24723
600 611 -0.643084
600 624 1.62627
600 635 0.355155
601 605 0.304274
601 614 -3.5696
601 628 0.314621
604 619 1.33427
606 609 0.00636411
606 617 0.0148471
607 616 1.68413
607 621 1.81446
607 633 -0.775982
607 634 -1.49683
608 611 -3.44899
608 619 0.188683
609 614 -2.49675
609 617 1.07372
609 628 -0.0389131
609 630 -0.207372
609 636 -0.0500388
610 631 -0.289934
610 632 -3.21191
611 619 -2.47101
611 635 -0.0203583
612 615 -5.83338
612 626 0.7102
612 632 -0.0957726
613 618 4.1342
613 622 -5.10815
613 629 -3.33071
614 628 -2.22758
615 616 -2.27269
615 626 -5.99637
616 626 4.57708
617 630 -7.88752
618 629 -3.11395
619 625 1.12464
619 635 -0.842116
620 622 -3.05497
620 627 -4.08624
621 634 -3.31536
625 628 1.93456
630 631 -3.43706
630 636 0.499727
633 634 -1.37165
