MULTICUT
0 1 -0.191596
0 4 -4.91797
0 5 -4.01076
0 49 0.346371
0 57 -0.0251077
1 23 -11.9684
1 49 -0.399402
1 50 -1.62604
1 57 0.459241
2 25 2.7802
2 30 -7.6386
2 37 -16.612
2 48 1.3755
2 119 -14.5267
2 126 -4.8442
2 142 -8.56042
2 155 -2.14198
2 163 -5.53733
2 180 -1.54979
2 186 -0.0835712
2 190 -0.943125
2 194 -4.12831
2 203 0.612924
2 208 0.0354235
2 216 -3.57445
2 218 -8.55306
2 229 -2.77771
2 232 5.8535
2 253 -3.73241
2 263 -2.31293
2 269 -8.35456
2 270 -3.43706
2 272 -5.71644
2 282 -4.43612
2 296 -2.24637
2 298 4.21449
2 303 -0.139917
2 314 -4.8818
2 354 -2.18405
2 387 -15.5108
2 410 -0.134733
2 422 -4.43612
2 423 -2.93164
2 426 -5.07754
2 428 -1.81446
3 12 0.051085
3 13 2.05459
3 22 0.0113781
3 36 0.00560573
4 5 1.66155
4 18 -4.8442
5 6 -9.68249
5 10 0.425239
5 18 -5.53733
5 30 -11.3426
5 40 -2.31952
5 41 0.361334
5 49 -5.25236
5 59 0.0646395
5 67 0.0585157
5 68 1.48621
5 70 -0.316269
5 72 -11.0747
5 74 0.794069
5 80 -7.38447
5 82 -3.25781
5 85 -3.91844
5 96 3.19786
6 24 -0.0807649
6 30 -4.8442
6 40 -0.0856503
7 31 -0.399183
7 35 0.691324
7 37 -0.468654
8 11 0.00199993
8 19 -2.06181
8 26 -0.886457
8 29 1.46798
9 15 1.66187
9 17 -0.208278
9 38 -0.01422
10 21 1.04608
10 23 -5.43362
10 41 2.40907
11 26 -1.27785
11 27 1.3979
11 29 0.0262918
12 13 0.000399007
12 19 4.23223
12 22 1.9214
12 36 0.118208
12 39 1.59148
12 42 0.000797999
12 46 0.92625
12 47 0.00517167
12 55 0.0138154
13 14 4.95641
13 20 2.55852
13 22 0.0683341
13 28 0.000211335
13 38 1.76113
13 42 1.54463
13 44 0.344714
13 46 0.00432397
13 47 0.983232
13 55 0.809965
14 20 0.273256
14 28 3.71638
14 43 0.779493
14 46 0.0200546
14 51 1.86949
14 55 1.45152
14 61 14.029
14 62 0.453525
14 71 0.107094
14 78 3.10189
14 83 3.19878
14 84 -1.85857
14 89 5.30933
14 94 4.77645
14 105 0.665022
15 16 -6.03839
15 17 -0.838727
15 33 0.623293
15 38 -0.012292
15 44 0.0201747
15 53 5.91108
15 54 0.0427423
15 58 1.01582
15 64 -0.0526752
16 18 -15.9189
16 33 -7.37165
16 54 -0.924411
16 64 -26.9935
16 77 -19.2538
16 104 -11.2696
16 141 -4.14515
16 143 -2.27269
16 174 0.434708
16 207 -4.8442
16 217 -8.40418
16 238 -1.54259
16 286 1.91493
17 33 -1.45415
18 72 -0.258219
18 76 -13.8038
18 77 -3.20605
18 81 -0.210882
18 87 -5.23283
18 92 -4.14515
18 93 -0.315147
18 95 -1.88246
19 29 -5.18861
19 36 0.154649
19 39 3.24203
19 45 2.85347
20 28 0.046575
21 23 -5.24971
22 36 0.00560573
22 42 -0.000106241
22 47 0.0001061
23 41 -7.52919
23 50 0.409652
24 30 -4.43612
25 30 -4.43612
25 208 -0.000197495
26 27 -17.8829
26 32 -11.9009
26 34 -3.31536
26 56 0.151386
26 60 0.505082
27 29 0.168403
27 34 2.85671
27 52 -3.21011
27 60 -0.538269
27 63 -0.0187406
27 69 -0.073532
27 73 -2.87868
27 86 0.86715
27 88 -0.000986306
27 91 -0.0129162
27 114 0.562473
27 130 0.0137379
27 183 0.00661072
27 192 0.0014301
28 38 -0.000352665
28 43 1.55798
28 44 0.00042266
29 45 -3.97074
29 52 0.116782
30 40 -2.78039
30 48 -16.612
30 96 -5.53733
30 100 1.34772
30 109 -3.57445
30 110 -12.3871
30 112 -5.53733
30 113 -5.53733
30 119 -4.8442
31 35 -0.509185
31 37 11.5157
32 56 -9.28032
32 69 -12.9078
32 91 -7.42989
32 128 -0.0544849
32 164 -21.4562
35 37 -0.0663221
36 39 0.0818055
37 117 0.485105
37 126 -1.54363
38 43 1.20389
38 44 1.03052
39 45 2.78645
39 46 2.94932
39 47 0.00187771
39 62 0.461312
41 50 -5.7329
41 59 2.25926
41 67 1.03967
42 46 0.00432397
43 44 1.00083
43 51 1.00846
43 61 0.963528
44 53 5.91997
44 61 4.56449
44 90 3.22875
44 101 0.153754
44 118 2.99616
44 145 1.10481
44 151 1.23277
44 159 0.323006
44 176 2.22758
44 177 -0.333272
44 181 2.82429
45 52 -1.10129
45 62 0.334809
45 71 -1.10942
45 73 -1.69708
45 97 -0.03857
46 47 0.0102721
46 55 0.0563
46 62 1.37345
48 208 -0.00039499
49 57 -6.95173
49 65 -3.29536
49 68 -6.58791
49 70 0.904976
50 57 -8.21466
50 59 -7.99768
50 65 -9.53896
50 70 -8.73424
50 74 -5.00622
50 80 0.687271
52 73 0.208523
53 58 2.23326
53 75 0.206694
53 101 0.326696
54 58 0.0937618
54 64 -1.51717
55 62 0.0214416
56 60 0.932697
56 69 1.73202
57 65 0.632938
58 64 -0.414542
58 75 1.76709
59 66 -3.92911
59 67 3.31253
59 74 1.88061
59 82 -0.104001
60 63 0.313206
60 69 2.67261
61 62 0.0524039
61 90 0.0874809
61 94 1.27785
61 118 1.18953
62 71 4.04133
62 78 0.0553351
62 83 0.0524039
62 84 -0.0970596
62 89 0.169165
63 69 0.291141
64 75 -0.920144
64 101 0.637856
64 108 0.636414
64 145 0.943623
64 159 1.29711
64 174 -4.43612
64 191 0.760977
64 199 3.14999
64 207 6.9236
65 70 -0.611754
66 67 -9.48953
66 74 -2.44749
66 82 0.0574386
68 70 -0.195158
69 88 0.558203
69 91 1.111
69 114 -0.0347202
70 80 -4.8442
70 85 -2.92061
71 84 -0.076069
71 89 1.53358
71 97 2.02352
72 76 -1.39324
72 79 -10.3874
72 93 -3.20605
72 96 -4.14515
72 106 -0.971242
72 111 -3.01573
73 86 -0.023346
73 97 0.332364
73 103 0.302759
73 130 -1.49683
73 134 -0.0118925
73 152 1.89735
73 154 -0.533974
74 80 -3.43706
74 82 -1.27785
75 101 2.93035
75 108 0.0751485
76 79 3.04361
76 93 2.48465
77 81 -1.85091
77 92 2.02352
77 102 1.84714
77 104 3.44113
78 84 -0.925536
79 93 2.06181
81 87 -0.83062
81 92 -2.31341
84 89 -0.37003
86 91 -0.000553346
87 92 0.870564
88 91 0.89564
88 114 0.00259412
89 94 0.678208
89 97 1.21794
89 103 1.16886
89 105 1.89699
89 107 0.005731
91 114 -0.0247257
91 128 -4.25162
91 129 1.32411
91 130 0.063642
91 164 -5.53733
91 183 0.445076
91 192 -0.0634392
92 93 -0.0277713
92 95 -0.242787
92 98 4.2659
92 99 -0.273865
92 102 4.67483
93 95 5.64517
93 111 0.397405
93 121 -0.0468206
93 141 0.396932
94 105 1.61908
94 107 0.0834338
94 118 2.96934
95 99 3.16899
95 102 -0.0342301
95 111 0.126519
95 116 -0.00994019
95 120 -0.0319918
95 121 -0.180331
95 141 0.236407
95 146 -0.0352686
96 106 -1.44559
96 111 -2.79458
96 112 -15.5108
96 123 -9.97346
96 124 -11.0747
97 103 1.4034
97 115 1.46115
97 134 -0.0753126
97 152 0.0330089
97 154 -0.465591
97 211 -3.72529e-09
100 109 -2.93164
100 113 -4.43612
101 108 1.35496
101 145 1.75527
102 104 1.4192
102 116 -3.53282
103 105 0.807156
103 107 0.0624762
103 115 4.48636
103 134 -0.00195063
103 151 -0.00228832
103 154 -0.137099
104 116 -1.46273
104 143 0.6249
105 107 0.493857
105 115 -0.00168126
105 118 0.141414
105 151 0.158114
105 154 -0.0665192
105 193 -0.0525373
106 111 -7.04625
107 115 -0.00767408
107 118 1.41059
107 151 0.819049
107 193 -0.00887221
109 110 0.148121
109 113 -0.558202
109 122 -0.793862
109 136 -0.023346
109 138 -0.687271
110 119 2.27502
110 122 -0.81228
110 133 -7.96158
111 120 -0.0252939
111 121 -1.60641
111 123 -18.0002
111 141 3.8326
111 169 -5.53733
112 113 0.604621
112 124 0.107598
112 125 -1.35001
112 127 0.0015571
113 125 -0.175696
113 127 -0.0308095
113 138 -4.14515
113 158 -4.14515
114 130 0.00148532
114 183 -0.00175543
114 192 0.00266586
115 134 -0.00195063
115 151 -0.0352314
115 154 -0.212806
115 187 0.0555498
115 193 0.784239
115 233 -0.162719
115 245 0.555673
115 264 0.0158442
115 307 0.0138875
115 358 0.0138875
115 402 -0.00462915
115 447 0.00925636
116 120 -3.61882
116 143 -2.48331
117 126 -0.163928
117 142 -3.66061
118 151 2.60315
119 133 -4.8442
119 139 -13.6961
119 163 -13.1255
120 121 -0.93671
120 143 3.34564
120 146 -0.45298
120 156 1.12031
120 160 -0.154363
120 165 -0.487743
121 141 -4.85625
121 146 -0.193516
122 133 -0.652519
122 136 -0.353819
123 124 0.411673
123 131 -0.804417
123 137 -0.628986
123 148 -0.00046734
123 169 0.652519
123 170 -3.10675
123 184 -5.06667
124 125 -2.34881
124 127 0.938683
124 131 -0.17118
124 132 -2.06507
124 135 -0.618144
124 137 -0.507708
124 140 -0.350809
124 144 -11.6097
124 158 -3.20605
125 127 -0.0727831
126 142 0.244837
127 135 -0.79465
127 158 -9.28032
128 129 -2.71175
128 164 -5.53733
129 164 -1.98633
130 152 -0.476344
130 183 2.01134
130 192 -1.58635
130 195 -0.274262
130 211 -1.89908
130 241 0.721924
130 258 2.04904
130 318 -0.702056
130 337 4.14515
130 373 0.0246635
130 381 1.57012
130 382 0.199637
130 437 3.52234
130 447 0.0252045
131 132 -1.04743
131 137 0.631203
131 148 0.295004
131 150 -0.369897
131 161 -0.611762
131 166 0.533685
131 170 -0.55042
131 172 -2.93164
132 140 -0.00439517
132 144 0.00161255
132 150 0.00879088
133 136 -1.78253
133 139 1.62396
133 147 -2.22758
133 149 -0.00242435
133 153 0.0984191
134 152 -0.327682
134 154 3.68769
134 211 -0.0412017
135 158 -1.88061
136 138 -0.794069
136 147 -2.10127
138 147 -1.69086
138 158 -2.71175
138 162 -1.14578
139 149 -0.0222852
139 153 0.411812
139 157 0.15302
139 162 0.134671
139 163 0.678291
139 167 0.190249
139 168 -0.234357
140 144 0.765693
140 150 -6.36296
140 158 -14.5267
140 161 -2.31952
140 172 0.193941
140 179 -0.0865386
141 143 0.270256
141 146 -0.578002
141 156 3.68879
141 160 -3.762
141 165 3.27497
141 169 -8.76265
141 171 0.287505
141 189 6.75839
141 200 -13.8336
141 213 2.14198
141 217 3.73241
141 236 -5.53733
142 155 5.67793
143 146 -0.349809
143 156 4.52525
143 160 -0.137899
143 165 -0.109022
143 171 8.31516
144 158 -19.2432
145 159 1.97334
146 156 -0.447553
146 160 -0.0294825
146 165 -4.32174
146 171 -0.734538
147 149 -4.43612
147 153 -0.0288842
147 162 -0.0577684
149 153 -0.562223
150 161 -0.867703
151 176 2.54525
151 193 -2.84321
151 205 1.15946
151 221 0.649268
151 230 0.609239
151 233 5.44383
151 239 1.5535
151 264 -0.0533042
152 154 -1.45502
152 187 -0.886147
152 195 0.719542
152 211 0.248626
152 307 -0.227376
153 157 0.00507945
153 162 0.321842
154 187 8.16493
154 193 1.03683
154 211 -0.928625
154 245 0.316337
154 264 2.77249
154 307 1.11883
154 318 -0.083796
154 358 1.33148
154 373 0.973577
154 402 -0.104794
154 425 -0.0040663
154 447 0.302365
154 485 1.05462
154 501 1.55485
155 182 1.95183
155 186 -1.23277
155 201 0.0081692
155 246 1.91336
155 268 3.47726
156 160 -1.85979
156 165 -0.0130094
157 162 0.0250036
157 163 0.00959541
157 167 0.0119506
157 168 -0.0135957
158 162 -1.36843
158 172 -5.53733
158 173 -5.53733
158 178 -5.53733
158 179 -11.0747
158 184 1.66758
158 185 5.53384
158 188 -5.53733
158 197 -3.31536
158 202 3.57445
158 204 1.00226
158 206 3.91844
158 210 -5.53733
158 226 -10.3815
158 240 -4.8442
158 249 -0.886457
158 262 -5.53733
159 181 3.76838
159 191 0.383947
159 199 3.43706
160 165 -4.14515
161 172 -3.64898
162 167 2.28872
162 173 -13.1965
162 185 0.590302
163 167 0.292843
163 168 -0.0572109
163 175 -5.29226
163 180 -3.43802
164 183 -6.42211
164 247 -4.81302
164 251 -3.91844
164 252 -10.5615
164 254 -6.67595
166 170 -2.02352
166 172 -0.101248
166 184 -3.10675
167 168 -2.92302
167 173 -5.53733
167 175 -2.14198
167 178 -2.64699
167 180 -5.97936
167 185 0.633179
167 198 -10.3815
167 209 -9.26974
167 214 1.78253
169 184 -6.34103
169 189 -2.18405
170 184 -0.56723
172 179 -1.7774
172 184 -4.8442
172 188 -1.10372
173 178 1.32919
175 180 0.841289
176 181 0.343878
176 221 1.054
177 181 -0.666544
178 185 -2.65147
180 194 5.39525
180 198 -11.0747
181 196 5.56671
181 199 5.03053
181 207 0.618455
181 221 0.151631
181 222 2.96455
181 235 1.193
182 186 -2.84115
182 190 -0.0724755
182 201 -0.0362378
182 212 0.0631336
182 246 2.4359
183 192 -0.731249
183 241 2.58569
183 254 1.32411
183 258 3.03376
184 188 -1.78253
184 189 2.02352
184 200 -7.21651
184 204 4.2038
185 197 -4.43612
185 209 -8.12204
185 214 3.91844
185 215 -6.46175
185 226 -1.49683
185 227 -24.9386
185 234 -0.83062
185 249 0.369897
185 266 -14.3
185 267 -8.42618
185 300 -2.93164
185 308 -1.23277
185 310 -3.57445
185 320 -6.5214
185 327 -15.2198
185 328 0.618144
185 340 -9.11179
186 190 3.01932
187 195 -6.93959
187 211 -1.60833
187 307 0.443907
187 318 -0.00764783
189 200 -7.3555
190 201 2.02813
190 203 -3.0153
190 212 1.92089
191 199 0.75406
193 205 -0.460608
193 211 -0.0412017
193 233 -0.0776956
193 239 -0.115838
193 245 3.95246
193 264 0.0137109
194 198 -11.0747
194 216 -8.98936
194 219 -5.36608
194 220 -3.57445
194 223 -5.53733
195 211 0.088594
196 222 3.23271
196 235 9.7566
196 257 2.25049
196 265 0.186691
196 331 2.19991
196 345 6.66371
196 404 1.11337
196 415 2.25099
196 476 3.73241
196 479 -1.97581
196 488 0.96257
197 206 -4.26768
197 227 -1.63282
197 234 -1.34772
198 214 -1.80893
198 219 -0.775631
199 207 2.68457
200 204 -5.46058
200 213 -8.64408
200 224 -4.8442
200 231 -2.17375
200 236 0.86626
200 237 0.0842426
201 212 0.930776
201 246 0.0068279
202 204 0.360219
202 210 -7.98518
202 224 1.60065
202 231 -8.98936
202 262 -16.612
202 273 -5.53733
202 277 -3.57445
203 208 1.88419
203 212 -2.07019
203 225 2.46376
203 229 -0.314941
204 210 -4.8442
204 224 2.42672
205 233 0.229151
206 226 -8.18433
206 234 -0.635286
207 222 1.4849
207 238 -6.3941
207 257 6.43703
208 225 -0.047572
208 229 1.43445
208 232 -0.00401555
208 298 -0.00401555
209 214 -8.33374
209 215 0.740165
211 245 -0.135198
211 264 -0.0271525
211 307 -0.825844
211 318 0.0743914
211 358 -0.0276084
211 402 -0.0036986
211 447 -0.00777499
212 225 -2.47935
212 246 2.04032
214 219 -0.168599
214 242 -0.185861
214 243 6.03637
214 256 -0.0437506
214 267 -5.53733
216 218 -0.599921
216 223 -0.0211449
216 228 -1.28623
217 236 -19.1402
217 279 -4.8442
217 283 3.10675
217 286 -1.91493
218 228 -9.57955
218 250 -2.47197
218 253 -2.27269
219 220 -0.434708
219 228 -3.24784
219 242 -0.0338298
219 244 -1.21064
220 223 -1.34772
220 228 -1.31461
221 230 2.17252
221 233 0.207
221 235 1.14067
221 239 1.15639
221 259 0.0956975
221 264 0.00325053
221 265 0.380358
222 257 1.42512
223 228 0.928746
224 231 -25.6828
225 229 -2.65321
225 246 -3.16728
225 261 1.74552
225 263 -1.40299
226 234 0.943623
226 240 0.132481
226 249 -2.05114
227 234 0.758015
228 244 4.12378
228 250 0.751108
228 275 -0.0164647
229 263 1.88061
230 233 1.04534
230 239 0.584089
230 264 -0.0168111
231 236 -0.0158403
231 237 -1.73271
231 248 -8.58764
231 255 0.333832
231 273 0.0969769
231 277 0.0329057
231 285 -2.16579
232 269 -2.58569
232 270 -3.73241
233 235 0.215044
233 239 7.64509
233 245 -0.132812
233 259 0.207803
233 264 -0.222584
233 265 0.849602
233 346 1.03263
233 377 -0.37078
233 383 7.22907
233 386 -0.00794831
233 390 0.829344
235 265 0.550596
236 237 0.249222
236 255 -0.0124685
236 279 -0.794069
236 280 -6.56298
237 255 -0.168544
238 257 -0.313814
238 286 -1.10372
238 297 -2.00949
238 329 -0.0233026
238 332 -0.00172198
239 245 -0.00134103
239 259 2.23842
239 264 -0.0438379
239 265 0.139082
239 346 0.526792
239 383 0.695893
239 386 0.0907261
240 249 -0.0944397
241 258 0.299532
242 243 -0.0233912
242 244 -3.10675
242 256 0.271734
242 260 -2.41897
243 256 -0.0905329
243 267 -5.53733
244 250 0.0643377
244 260 0.90119
244 267 -4.8442
244 275 0.384268
244 281 0.0443558
245 264 5.23899
246 261 -0.121663
246 268 3.99982
246 271 -0.146465
247 252 3.57445
248 255 -0.943623
248 274 -9.03249
248 276 -0.353819
248 280 -4.43612
248 285 -4.8442
248 301 -3.55054
248 319 -8.97439
248 334 -2.64699
249 262 -4.43612
249 266 -17.3952
250 253 -11.5781
250 275 -0.0458164
250 284 -0.886457
250 289 -14.4096
250 290 -2.93164
250 292 -5.53733
251 252 3.73241
252 254 14.4547
252 323 10.6491
252 335 6.90809
252 348 2.02352
252 356 4.07472
253 269 -10.8362
253 282 0.584174
253 284 -2.76122
253 305 -0.924411
254 258 3.01991
254 336 9.36571
254 348 2.60107
255 280 -0.402198
256 260 -2.47197
256 267 -14.2807
256 281 -5.86223
257 297 5.25137
257 331 1.03437
257 332 0.0175049
257 391 5.27719
257 408 4.11953
257 415 2.64699
258 336 4.87128
258 337 1.39593
258 381 2.78039
258 389 2.93164
258 424 -0.0262292
259 265 0.202771
260 281 0.0443558
261 263 -0.533685
261 271 1.69067
261 272 -0.652519
262 266 -2.22758
262 277 0.00522892
262 278 -2.14198
262 285 -1.11846
262 288 -7.0768
262 294 -3.35594
262 299 -3.43706
263 272 1.21064
264 346 -0.0328336
264 383 -0.032104
264 386 4.21592
264 402 -0.00208478
264 425 0.0849788
264 447 0.0616532
265 345 0.343354
265 377 -0.119573
266 278 -0.397559
266 291 -11.672
266 300 0.0508195
266 306 -0.410323
267 275 -4.8442
267 281 -4.8442
267 293 -1.75131
267 308 0.00675666
267 333 0.00278856
268 271 -1.65374
268 303 -2.00938
269 270 -0.23955
269 282 -1.22836
271 272 -3.11382
271 296 -1.92966
271 303 0.022147
272 296 1.52308
273 277 0.0127275
273 285 -0.387273
274 276 0.0161036
274 287 -0.00703704
274 301 -0.00351852
275 292 -5.53733
275 293 -10.3815
275 295 -4.8442
276 280 -0.101248
276 287 -0.706908
277 285 -0.203447
278 288 -1.57933
278 291 1.89271
278 294 0.257033
278 302 -1.17602
279 280 -7.17015
279 283 -4.43612
280 283 -2.55529
280 287 -4.39334
280 315 -4.43612
280 330 -3.57445
282 298 -4.8442
282 305 -4.01739
283 286 -2.30266
283 315 -5.53733
283 330 -1.39593
283 368 2.16734
283 376 -0.0299172
284 289 -1.16631
284 290 -1.30173
284 305 -2.50194
284 321 -0.387292
284 322 -3.00543
285 299 -5.53733
285 309 -5.53733
285 319 -16.9814
285 324 -4.43612
286 329 -11.0747
286 368 -1.75167
286 405 -1.77434
286 411 -0.47299
286 446 -3.25442
286 489 -5.53733
286 504 -0.0276803
287 301 0.15965
287 304 -4.54054
287 315 -1.72077
288 294 -2.4315
289 290 1.60463
289 292 0.72186
289 295 -6.00237
289 321 0.461867
289 343 -0.44293
291 300 -0.100347
291 302 -5.26503
291 306 1.08228
292 295 -0.36093
293 295 -1.08303
293 317 -5.53733
293 333 -1.44559
294 299 -3.25428
294 302 -0.260625
294 311 -0.0208937
294 312 -1.78814e-07
295 317 -14.8177
295 343 -3.10675
295 357 -4.05535
295 365 -0.83062
295 378 -1.60463
296 303 1.48104
297 332 1.09726
297 391 0.310841
297 408 0.429457
297 411 0.403932
298 305 -1.42058
298 313 -14.4096
298 354 -5.53733
299 309 0.0327281
299 311 -0.000234912
299 316 0.0385632
299 325 -0.0177818
300 306 -0.0990558
300 310 -0.962998
301 304 -5.87439
301 334 -0.451047
301 338 -0.453374
301 339 0.0472994
301 347 -0.116857
302 306 -0.576043
302 311 0.302361
302 312 -5.77494
302 320 -4.11695
302 326 -2.39156
302 344 0.0403634
302 364 1.90006
302 366 -0.247689
302 367 -0.00653847
303 410 0.831151
304 315 -5.53733
304 338 -4.14515
305 313 -0.982543
305 314 0.838401
305 322 -0.905358
306 310 -2.374
306 320 -0.542492
307 318 -0.111809
308 328 -0.364047
308 333 0.0590491
309 316 0.0473099
309 324 -0.0253749
309 325 -0.0180537
310 320 -2.75066
311 312 -1.0376
311 325 1.14859
312 325 -0.243187
312 326 0.226156
312 350 -1.62496
313 314 -6.62005
313 354 -0.148121
314 322 -7.30686
314 341 -2.27269
314 351 -11.6975
314 354 -3.91844
314 362 -3.95064
314 379 -1.37165
314 387 0.369897
314 397 -1.21064
315 330 -6.07293
315 338 -4.0006
315 359 -0.249103
315 360 0.467445
315 368 -3.10675
315 376 -2.71175
315 384 -3.31536
315 405 -2.85347
315 407 -1.75131
316 324 -2.72538
316 325 -0.376165
317 333 -1.14578
317 365 -5.53733
318 358 -0.0454682
318 373 0.156521
318 402 -0.0128056
318 447 -0.0282644
319 324 -2.36822
319 334 -1.44559
319 342 -0.434708
319 349 -4.11983
319 352 -7.72139
319 369 -5.49287
319 370 -1.04226
320 340 -0.0164491
320 344 -1.22333
321 322 -0.905358
321 341 -1.14578
321 343 -0.147015
322 341 -0.56723
323 348 1.02034
323 356 2.06181
324 325 1.10372
324 342 -5.03241
325 342 -1.5894
325 350 -6.50542
325 352 -1.06592
325 363 3.00792
325 374 -0.303369
326 350 -3.55986
326 364 -1.06254
327 328 -3.73241
327 333 -2.58569
327 340 0.844091
327 353 -4.2666
327 365 -3.31536
328 333 -0.714357
329 332 -1.96641
329 411 -0.587859
332 411 2.001
333 365 -2.52745
334 347 -0.195158
334 349 -2.41897
335 356 5.55109
336 348 13.1986
336 356 0.00625383
336 389 0.131193
336 424 -0.176635
336 448 0.269354
336 461 2.22481
336 532 0.290314
338 339 -0.186227
338 347 -0.905358
338 355 -2.52936
338 359 0.31574
338 360 -1.96196
339 347 -1.84714
340 344 -0.000372052
340 353 -1.67119
340 367 -3.5191
341 343 -1.54979
341 351 -0.924411
341 362 0.23179
342 352 -5.71204
343 357 -4.14515
343 361 -1.27785
343 362 -1.23277
344 366 -0.00939123
344 367 -0.00249645
345 377 -0.591052
345 390 1.59654
345 404 3.83633
347 349 -0.722426
347 360 -6.49793
347 369 -3.79729
347 384 -1.88061
348 356 3.12827
348 424 -0.0395992
349 369 -3.01573
350 364 -4.14515
350 374 -4.8442
351 362 -0.451047
352 363 -8.49989
352 370 -3.40151
352 396 -5.87603
352 398 -1.08303
352 403 1.34772
352 433 -2.27269
352 439 -2.27269
352 450 -11.0747
352 457 -11.0747
353 365 -1.63282
353 367 1.04781
353 371 -1.57161
353 375 -0.0262243
353 378 -2.12477
355 359 -0.139745
356 401 3.06276
356 424 -0.325796
357 361 -5.53733
357 372 -4.14515
357 378 -9.68841
357 395 -2.31952
357 409 2.02352
357 413 -5.53733
358 373 0.760907
358 402 -0.0120692
358 447 0.060197
360 384 -5.39342
361 362 -0.970986
361 372 -0.179458
362 372 -1.18444
362 379 -1.70897
362 394 -0.36041
362 395 -2.22758
362 400 0.0298406
363 364 -0.000137597
363 374 -1.95976
363 392 0.0010978
363 396 0.116316
364 366 -1.51637
364 374 0.00921059
364 392 0.637797
364 396 -0.00275644
364 403 -0.978896
365 378 -3.31536
366 367 0.232587
366 371 -0.0836053
366 375 -0.0392967
366 380 -0.0196483
366 385 0.674298
366 393 -1.30401
366 403 -1.32411
367 371 -0.19415
367 375 -0.0663893
368 376 -0.104784
368 405 3.43706
369 370 -3.01573
369 384 -2.94446
369 398 -16.0515
370 398 -1.08303
371 375 0.815864
371 378 0.291804
371 380 0.407932
371 388 -3.9896
371 399 -4.87131
371 413 0.151199
371 419 -1.5646
371 430 -2.5426
371 441 0.687038
371 444 -1.16715
372 395 -3.73241
373 381 0.0286634
373 402 -0.0309776
373 437 0.227382
373 447 0.307706
374 392 0.0101954
374 396 -0.0561837
375 380 1.93988
375 385 0.037956
375 388 -3.12453
377 390 -0.117009
378 413 0.721823
379 394 1.79594
379 397 -0.451421
380 385 0.037956
380 388 -4.79015
380 393 -2.22992
380 399 -4.8442
380 403 -0.101248
380 436 -1.52549
380 441 2.18405
381 382 2.45868
381 389 2.8973
381 437 6.57421
381 447 0.472496
381 448 0.0938466
381 475 1.41124
381 532 1.46063
383 386 0.0241506
383 390 1.33689
383 402 3.31379
383 429 2.85347
383 435 1.39546
383 479 1.44868
384 398 -0.195158
384 406 0.337785
384 407 -0.849093
385 393 -0.183388
386 402 0.0987759
387 397 -5.37923
387 410 -2.41897
387 414 -3.10675
387 420 -0.849829
387 422 4.22218
387 431 1.15602
387 440 -1.30083
387 453 2.85347
387 459 -1.15765
388 399 3.73861
389 424 -0.0131146
389 448 0.488641
389 532 0.923573
390 404 6.67285
390 429 3.66076
390 479 1.10676
391 408 1.77348
392 396 0.0667254
392 403 -0.704796
393 403 -6.62017
394 397 -0.00834487
394 400 -0.00499553
394 412 -0.710404
395 400 -3.91844
395 409 -2.9371
395 414 -14.3
395 417 -10.2364
395 434 -9.17466
395 451 -0.273512
397 400 -0.0100115
397 412 -0.147094
397 414 0.00761648
397 420 -1.80652
397 431 -0.23431
397 440 -1.84714
398 406 -4.14515
398 416 -6.42211
398 442 -5.53733
398 457 -9.97346
399 419 2.62367
399 421 -4.26799
399 441 -10.2766
399 443 -2.85347
400 412 -0.0386384
400 414 -0.00500574
401 424 -0.187864
402 425 0.885391
402 435 0.899635
402 447 0.0330933
402 479 1.62157
402 483 5.14585
402 485 -0.0282245
402 488 0.00579954
402 501 0.186465
403 433 -6.86065
403 436 -0.418426
403 454 0.451047
404 429 3.72418
404 462 1.28802
404 479 3.46627
405 406 4.62117
405 407 -1.37165
405 418 1.71284
405 467 -3.91844
405 473 1.58707
405 481 0.659519
405 489 -0.0116351
405 494 3.54422
405 498 0.987467
405 504 0.0526882
405 507 5.11177
405 514 0.815546
405 531 -0.622634
406 407 -0.943623
406 416 0.148121
406 418 0.893907
406 427 -11.0747
406 432 -5.1315
406 467 -7.58221
406 498 0.161535
407 418 -1.91493
408 411 0.658221
408 415 2.14274
408 446 0.472882
408 456 -0.248784
409 413 -4.8442
409 430 -3.43706
409 434 -9.06653
409 451 -0.0291852
409 452 2.64699
409 453 -3.31536
409 455 1.92296
409 464 5.098
409 466 0.727234
409 474 -0.704205
409 509 -7.0768
409 541 -0.00100461
409 561 -10.3815
409 562 -0.195335
409 569 5.96046e-07
410 422 -0.687271
410 426 5.3657
410 428 1.25517
410 453 -3.10675
410 459 -3.97285
410 460 4.09423
410 468 6.247
410 471 -0.618217
410 486 6.5128
410 490 6.66224
411 446 2.58847
411 456 -0.49165
412 414 -7.23846
413 430 -7.69767
414 417 -1.49683
414 440 -6.74813
414 451 -5.11569
414 453 -5.76377
414 465 -1.42058
415 446 0.0233527
415 456 7.55807
415 476 1.75131
415 488 2.38041
415 516 1.15533
416 427 -3.28082
416 442 -2.18405
418 498 0.0797963
419 421 -0.630916
419 441 -0.715216
420 431 -0.295435
422 428 -0.858027
422 459 0
422 468 -0.794069
423 426 -0.322656
423 428 -0.0645286
424 445 3.82127
424 448 -0.0395034
424 461 0.606766
424 472 1.29946
424 532 6.47207e-05
425 447 0.161547
425 483 1.50142
425 501 1.39128
426 428 4.30871
427 432 -4.13772
427 438 -0.627878
427 442 -6.7925
427 458 -0.886457
429 462 2.32433
429 479 3.59135
430 444 -20.8691
431 440 -0.289934
432 438 -1.23277
432 442 -0.0695437
432 458 -1.88741
432 467 -3.33122
432 477 -0.452191
433 439 -2.14198
433 450 -1.49683
433 454 -2.31952
434 451 0.0287753
434 455 -7.74995
434 466 -0.076787
435 479 2.94492
435 483 -0.00288754
435 488 -0.155808
436 441 -2.04642
436 454 -6.45025
437 447 0.718209
437 469 0.0685269
437 475 1.93531
437 570 2.58569
439 450 -5.53733
441 443 -2.31952
441 444 -2.10785
441 449 -0.517023
441 454 -2.56957
441 463 -3.77479
442 450 -0.0175428
442 457 -0.756918
442 458 -1.10114
442 470 -0.198986
442 473 -2.32054
442 477 -0.157283
442 487 -3.73241
442 505 -1.08661
442 507 -0.656649
442 512 -3.10675
444 449 -2.7525
444 452 -12.6852
445 461 -0.00347439
445 532 -0.000563748
446 456 -5.65266
446 489 2.45303
446 550 -0.0319934
446 555 0.000279181
446 573 -0.129817
447 469 0.233936
447 475 0.167498
447 485 0.0576994
447 501 1.71737
447 558 0.657672
447 570 1.839
448 461 6.42879
448 532 2.16988
449 452 -1.72077
449 463 -0.418426
450 454 -10.7883
450 457 6.1533
450 491 0.0155416
450 492 0.402198
450 502 -3.43706
451 453 -0.887416
451 455 -0.0267945
451 466 -0.0270614
452 463 -5.53733
452 464 1.69086
452 474 -1.84714
452 480 -14.1186
452 484 -1.6986
452 497 0.931668
453 465 2.41897
453 466 -1.21604
453 471 10.5937
453 490 -0.249444
453 509 1.7427
453 519 -0.944005
453 528 -0.925509
454 463 1.30083
454 492 -10.2402
454 493 -6.06043
454 495 -3.73241
454 499 -1.16715
455 466 0.0492888
456 489 0.0135465
456 516 1.48122
456 555 0.000937676
456 573 1.37979
457 470 2.37028
457 473 0.00501721
457 487 -3.31536
457 491 0.00470865
457 500 -9.45578
457 505 0.0817255
457 507 0.0202227
457 508 -0.943623
457 512 -3.20605
457 517 -8.41866
457 520 -2.97862
457 523 -0.0170984
457 525 -0.112218
457 526 -7.36776
457 529 -2.64699
457 531 -0.00363096
457 542 -3.73241
457 579 -0.00363076
459 468 -1.21064
460 490 5.63387
460 511 1.34772
461 472 3.0775
461 478 4.81195
461 496 -3.00763
461 515 1.49509
461 532 5.52931
461 534 3.71157
461 535 0.337345
461 544 6.41493
461 547 1.83585
461 549 2.58214
461 575 0.399466
461 589 0.200289
462 479 3.45944
463 482 -7.37165
463 484 -6.95246
463 493 -3.31536
464 474 -0.873701
464 480 -7.16946
464 506 -3.91844
464 518 -4.14515
464 530 -3.73241
464 541 -0.00273587
467 473 -4.8442
467 477 -2.85347
467 481 -0.487165
470 487 -4.8442
471 490 -0.228495
472 532 0.317755
472 544 4.2813
473 477 0.0826466
473 481 0.00715602
473 498 0.0812786
473 505 0.437589
473 507 4.72741
474 480 -0.148121
475 503 4.43612
475 532 14.2948
475 558 4.13208
475 570 0.767767
475 587 0.434708
475 597 2.06181
475 601 2.3607
477 507 0.149273
478 496 -0.090303
478 515 0.309465
478 532 0.908972
479 488 -6.51636
480 497 -5.67572
480 506 -0.116857
481 498 0.0800205
482 484 -1.60463
483 488 0.33135
483 501 3.35127
483 522 2.52215
484 493 -0.369897
484 497 -5.92828
486 490 3.31536
488 516 6.72345
488 522 6.73629
488 584 1.09805
488 590 9.29179
488 607 2.06181
489 498 -0.0422329
489 504 -0.66223
489 514 -0.14051
489 550 -4.41683
489 555 1.0305
489 573 0.146252
489 604 -0.12256
489 657 0.0629811
490 509 -0.31251
490 511 4.88532
490 519 3.87385
490 521 0.677262
490 528 4.29389
490 552 14.7263
490 557 -0.157796
490 569 -0.177668
490 577 0.123434
490 605 1.07792
490 609 0.18657
490 612 0.576504
490 620 3.34328
490 621 1.20974
490 629 1.36075
490 630 0.407948
490 631 1.05163
490 633 0.89311
490 634 3.42615
490 636 -0.0606485
490 637 -6.35113
490 638 0.71752
490 639 0.670744
490 652 0.338381
491 500 -2.85347
491 502 -3.20605
491 508 -2.04011
491 510 -5.58805
492 495 -3.10675
492 499 -15.2257
492 502 -3.91844
492 510 -9.68249
492 513 -14.4371
492 527 -15.5108
492 538 -2.24337
492 539 1.09693
492 540 -5.80777
492 543 -4.8442
492 560 -0.0451222
492 565 -3.91844
492 576 -6.24642
493 497 -2.10127
493 499 -3.6126
493 513 -1.06254
494 498 0.0796046
496 515 -0.109468
496 532 -0.00599033
497 506 -0.849093
497 513 -11.7382
497 518 -4.43612
497 521 -0.288805
498 504 0.0698147
498 507 0.16088
498 514 0.351442
498 531 -0.258205
499 513 -0.386023
500 508 -1.02216
501 522 10.6309
501 548 1.00176
501 558 3.21506
502 510 2.10127
503 532 3.57445
504 514 0.0263383
504 531 -0.0658345
505 507 9.2495
505 512 -1.02216
505 523 -0.652519
505 524 -0.0428836
505 525 -0.201688
505 526 -1.73399
505 531 0.295601
505 533 -1.41561e-05
505 536 2.06135
505 537 0.0191588
505 553 1.46827
505 554 2.42372
505 556 0.122833
505 579 -0.582706
505 583 -0.164909
505 588 -0.157826
506 518 -4.8442
507 524 -0.00759616
507 531 -1.83497
507 536 2.30023
507 553 -0.291544
507 579 -0.104724
508 510 0.274059
508 517 -6.75241
509 519 -0.349838
509 528 -1.17594
509 557 1.61497
509 562 -3.28175
509 569 -4.78802
509 577 -0.383407
510 517 -6.42793
510 543 1.9038
510 559 -0.0160071
513 521 1.60299
513 540 -2.06181
514 531 -1.22814
514 545 -0.488104
514 550 0.90612
515 532 0.279317
516 571 3.98188
516 573 2.79213
516 607 3.73241
517 529 -1.56245
517 543 -4.32758
518 521 -3.91844
518 530 -0.163779
519 528 0.664301
519 557 -0.113898
519 569 -0.00522659
519 609 0.0173163
520 523 0.0170984
520 542 -3.83576
521 530 -3.62338
521 540 -12.3651
521 541 -1.42058
521 546 -4.8442
521 560 -0.353819
521 566 -2.27269
521 569 -0.00522659
521 574 -2.53817
521 580 3.63459
521 586 -1.84714
521 591 -1.98633
521 602 -5.53733
521 609 0.0171994
521 610 1.21842
521 612 1.44559
522 558 0.801383
522 584 1.02216
522 590 5.53733
522 594 3.76663
522 598 8.55306
523 526 -6.17323
523 542 -4.8442
523 554 -0.704796
523 567 -1.84714
524 531 -2.10127
524 553 -1.24039
525 526 -4.90982
525 533 1.41487e-05
526 533 -0.00399947
527 539 -2.36822
527 540 -4.28939
527 551 -3.57445
527 566 -1.47101
528 557 -1.66038
528 569 -0.0209064
528 577 0.125675
528 609 0.034405
529 542 -12.46
529 543 -0.0831866
529 559 -0.906538
530 541 -0.386023
530 546 -3.43706
531 536 -0.0179855
531 537 0.0159231
531 545 0.551619
531 553 0.825454
531 554 -0.0359709
531 556 -0.0213063
532 534 0.37568
532 535 0.199947
532 544 1.75186
532 547 0.470861
532 549 0.37568
532 575 5.48783
532 578 2.5211
532 587 2.85414
532 589 1.73019
532 597 6.52656
532 599 2.59041
532 613 7.9482
532 614 9.13825
532 617 1.38192
532 622 2.64699
532 625 -0.210281
532 632 0.00638073
532 650 1.55486
534 544 1.77867
536 579 -0.0739693
537 553 0.261896
537 579 -0.00647143
537 588 0.122333
538 539 -1.91589
538 551 0.0124056
538 560 0.321079
538 576 -0.483906
539 551 -1.55246
539 560 -0.610716
540 566 -0.353819
541 546 -5.83368
541 561 -5.26786
541 564 -0.618144
541 574 -0.467445
542 559 -1.47101
542 567 -3.20605
542 568 -0.226632
542 572 -15.882
543 559 -0.0610277
543 565 -0.179821
544 547 5.00827
544 549 4.49403
544 582 2.81759
544 589 5.90556
545 550 -0.227538
545 553 1.67636
545 563 6.30174
550 555 -0.0216695
550 563 -0.421885
550 573 -0.00713133
550 581 -1.72789
550 604 0.0374887
550 615 -0.00691811
551 560 0.46873
551 566 -2.41897
552 569 -0.00522659
552 609 0.0173163
552 639 18.8377
552 652 0.351622
553 556 0.122833
553 563 9.64055
553 579 -0.14556
553 588 0.417343
553 592 1.99148
553 596 10.6202
553 604 0.0104618
554 567 5.51153
554 579 -0.170564
554 583 -0.545997
555 573 1.46917
555 604 -0.0128639
556 579 -0.109168
557 569 -0.461746
557 577 -1.71028
558 570 5.44014
558 594 0.849093
558 601 3.01573
559 565 5.49615
559 572 -4.55627
559 595 0.164715
560 566 -1.60463
560 576 -0.0439943
560 585 -1.23293
560 586 -5.53733
561 564 -1.06813
561 569 -5.53733
561 574 -4.57324
562 569 5.99073e-07
563 581 8.7392
563 596 10.2594
563 604 0.0272831
563 615 0.317453
564 574 -0.905358
565 572 -0.517221
565 576 1.29517
565 595 0.0900339
565 603 0.672331
565 606 -0.0199838
565 608 -0.0141211
565 610 -0.00154969
567 568 -4.43612
567 572 2.93719
567 583 -11.0629
567 593 -14.107
567 595 -0.302915
567 606 -2.58569
567 608 -8.03645
568 572 -4.8442
569 574 0.16647
569 577 -0.00522659
569 605 -0.843891
569 609 0
569 612 -0.0118928
569 620 -0.00966255
569 621 -0.00966254
569 629 -0.00966254
569 630 -0.00966255
569 631 -0.00966254
569 633 -0.00966255
569 634 -0.00966255
569 638 -0.00966255
569 639 -0.00966255
569 652 -0.00966255
572 595 -0.352257
573 607 5.60967
574 580 -5.45207
574 605 -0.618621
576 585 1.29867
576 586 -4.43612
576 591 0.402198
576 600 1.05547
576 602 -3.91844
576 603 4.34642
577 609 -0.000679854
579 583 1.48457
579 588 2.09357
580 605 2.7384
580 609 -0.529592
581 604 -0.0625083
581 615 -0.0131481
582 589 0.635286
583 588 4.42141
583 593 4.31484
584 590 0.727963
585 586 -2.27269
586 591 -1.06254
587 597 3.43706
588 592 2.49108
588 593 0.463622
588 596 6.18416
588 604 -0.0276012
588 618 1.6009
588 627 6.03125
588 648 0.981887
589 624 -6.288
589 625 -7.05787
589 628 -4.67818
590 598 3.91653
590 607 8.27913
590 647 2.32545
591 602 -1.72077
592 596 4.14166
592 604 0.00348727
593 608 2.71175
593 618 6.70276
593 619 5.75593
593 640 3.31536
594 598 0.0657077
594 601 2.567
595 603 0.0164582
595 606 -1.53499
595 608 -0.728872
595 610 0.0329165
596 604 -0.231625
596 615 0.419305
596 627 10.4573
596 655 0.348436
597 601 5.98462
597 614 11.5281
598 601 0.526035
598 623 2.18218
598 635 2.31006
598 647 3.03435
600 602 -0.83062
600 603 0.101247
600 610 5.46519
601 614 4.85763
601 623 7.8107
601 654 6.03839
602 610 -3.73241
603 608 -0.0139396
603 610 3.17758
604 615 3.4698
604 627 -0.33041
604 643 0.0756254
604 651 0.123271
604 655 -1.23675
604 657 -0.126588
605 609 0.0164469
606 608 1.04226
607 647 3.74891
608 610 -0.0139396
608 616 0.00856064
608 619 5.49887
608 626 1.69459
608 640 3.83064
609 612 0.0336833
609 620 0.0329817
609 621 0.0326681
609 629 -0.00124257
609 630 -0.00124257
609 631 -0.00124257
609 633 -0.00124257
609 634 -0.00124254
609 638 -0.00124257
609 639 -0.00124257
609 652 -0.00124257
610 611 4.14515
610 612 3.57445
610 616 2.47595
610 626 0.0129592
610 629 6.77191
610 644 5.36673
610 649 0.552211
612 629 1.84714
613 617 1.29333
613 625 -0.0697446
613 632 0.00692788
614 622 3.57445
614 650 3.01573
615 643 3.71827
615 651 2.74505
615 657 -0.136121
616 626 0.651092
616 640 0.209723
616 649 0.222594
617 625 0.0390382
617 632 2.77464
617 642 0.059024
617 646 -0.262674
617 650 1.93827
617 653 0.15136
618 640 3.33154
618 648 0.205707
619 640 2.14198
623 635 2.63644
623 654 0.116857
624 628 4.14515
625 628 0.979316
625 632 0.149269
625 642 8.33407
625 645 5.03834
626 640 1.16616
626 649 2.49383
626 658 0.832828
627 648 2.62408
627 651 0.0027576
627 655 3.06074
627 660 2.58569
628 645 2.10542
629 631 1.52308
629 633 14.29
629 644 4.8442
630 636 -0.110194
630 637 -0.810565
630 638 0.576826
630 641 -0.375937
631 633 2.02686
632 642 1.43381
632 646 -0.157737
632 653 0.0610662
633 638 4.76281
634 637 -4.36949
636 637 0.200857
636 638 -0.169385
636 641 -0.148322
636 659 -0.162619
637 639 -1.02463
637 652 -0.330552
637 659 -4.51254
638 641 -0.348174
638 659 0.0492977
639 652 0.515534
640 648 2.6841
640 656 2.07344
640 658 7.79386
641 659 -1.14014
642 645 2.52745
642 653 0.129303
643 651 0.411854
643 657 -0.282949
644 649 6.97011
646 650 -0.262372
646 653 -0.163801
649 658 0.267501
650 653 1.6491
651 655 0.00343657
651 657 -3.11727
656 658 2.78184
