MULTICUT
0 2 1.96065
0 3 3.36336
0 4 2.42343
0 8 2.44091
0 14 3.81685
0 17 0.029998
0 27 -2.92867
0 31 -0.0643971
0 36 -9.68841
0 53 0.0322733
1 6 1.65231
1 11 0.102876
1 12 2.71556
1 13 4.29621
1 19 -2.31952
1 22 -8.83296
1 40 -2.64699
1 42 -6.13769
1 49 2.52745
2 7 -14.2807
2 25 1.74489
2 27 -1.38995
2 30 0.111546
2 34 5.07104
2 47 0.542777
2 52 -4.8442
2 61 0.0150386
2 69 3.43706
2 83 -1.76579
2 91 0.601089
2 96 3.21346
2 109 -3.91844
2 130 3.31536
2 133 -0.367927
3 4 1.17217
3 8 0.923852
3 14 1.6535
3 16 2.06174
3 17 1.29544
3 24 0.022239
3 31 -0.0513299
3 36 -11.0747
3 53 0.0269255
4 9 -11.0747
4 15 2.36695
4 17 5.01272
4 26 2.36535
4 28 -5.53733
4 31 -0.059466
4 37 -16.612
4 43 10.2962
4 44 7.64651
4 46 2.97868
4 53 1.45363
4 55 0.718482
4 57 7.29832
4 58 4.45389
4 67 5.69306
5 13 -8.35474
5 367 -9.28032
6 10 6.46903
6 11 2.35793
6 18 -12.8128
6 19 -2.64699
6 20 -2.47197
6 21 -6.8569
6 32 3.01573
6 33 3.01573
6 39 -3.20605
6 40 -2.58569
6 41 -2.93164
7 25 -22.8679
8 14 0.797253
9 10 -3.35007
9 28 -0.023346
10 18 -5.17299
10 20 -12.4389
10 28 0.0233459
10 35 5.15771
10 37 -3.1301
10 38 -8.37459
10 41 -2.14198
10 51 1.57696
11 12 1.19567
11 19 -2.71175
11 21 -4.47402
12 19 -4.43612
12 21 -0.979796
13 22 -4.01799
13 23 -9.12021
13 29 1.91493
13 42 -2.47197
13 45 -5.52572
13 49 1.49683
13 56 3.01573
13 64 -2.27269
13 65 -2.18405
13 367 -8.57661
14 16 1.20451
15 17 0.0423067
15 31 -0.00468892
15 53 0.0442109
17 24 -0.0619097
17 31 -1.15378
17 46 0.075366
17 53 0.35918
17 57 0.148724
17 67 0.401597
23 29 -10.3598
23 367 -5.53733
24 31 0.360297
24 36 -4.14515
24 53 -0.0844828
25 30 0.143881
25 34 0.030893
26 31 -0.00286769
27 36 -5.53733
27 47 -1.98335
28 37 -0.148121
29 45 -9.09963
29 367 -4.8442
30 34 0.0633271
31 36 -3.73241
31 43 -0.0216761
31 44 -0.0100691
31 46 -0.00755187
31 48 1.55889
31 50 0.796461
31 53 -9.6432
31 55 -0.0229643
31 57 -0.02595
31 58 -0.0223652
31 61 0.183813
31 66 2.39561
31 67 -0.259213
31 72 -9.26974
31 90 2.36822
32 33 5.20802
32 35 5.6342
32 39 -5.22169
32 41 -2.78039
32 51 2.22758
32 59 -6.99862
32 60 -6.2862
32 62 -3.43706
32 76 -5.42739
32 77 -9.37753
32 78 -3.91844
32 92 2.93164
32 95 5.12616
32 108 -3.10675
32 112 -2.36822
32 120 2.36822
33 39 -6.66405
33 40 -2.93164
33 49 6.13769
33 60 -11.7355
33 63 -3.57445
33 78 -7.52879
33 80 -2.71175
33 92 3.01573
34 52 -14.9931
35 38 -6.92555
35 41 -7.37165
35 51 2.41897
35 59 -7.75535
35 62 -6.7805
36 47 -1.95015
36 48 -13.6969
37 46 -11.0747
37 51 -6.32384
37 67 -5.53733
37 68 -1.06254
40 49 -3.20605
42 49 -6.16014
43 44 0.849093
45 367 -5.53733
46 53 0.079431
47 48 1.43001
47 50 1.53437
47 54 -0.00163832
47 61 0.157282
47 66 0.0484723
47 72 -3.57445
47 83 -2.2408
47 96 0.308298
48 50 0.279235
48 61 0.00676112
49 56 3.01573
49 63 -5.96022
49 64 -9.0374
49 74 -3.7748
49 80 -4.50027
49 84 -1.78253
49 94 1.14578
49 102 -1.39593
49 106 -0.652519
49 107 -2.06181
50 54 0.406275
50 61 0.0512409
51 62 -4.59319
51 68 -0.0155791
51 71 -2.53119
51 76 -2.78039
51 95 2.14198
52 69 -16.7126
53 57 0.226934
53 67 5.42613
53 90 -6.55372
53 99 -5.53733
53 113 8.11015
53 157 -1.06254
53 158 3.73241
54 61 -0.00520925
55 67 0.766974
56 64 -6.66405
56 65 -5.40361
56 74 -4.99346
56 79 -7.23238
56 84 -2.98622
56 367 -4.14515
57 58 0.867703
57 67 2.66719
58 67 4.96559
61 66 0.574598
65 367 -4.14515
66 72 -16.612
67 68 -5.53733
67 71 -5.53733
67 73 4.75289
67 75 7.81002
67 81 0.368227
67 82 0.119341
67 85 0.386023
67 99 -22.1493
68 71 0.0311581
69 70 0.479123
69 89 0.0689464
69 91 0.370962
70 89 -0.00157419
71 75 -5.53733
71 93 -0.849093
71 95 -3.31536
72 83 -2.58569
72 90 -4.14515
72 97 -8.01058
73 75 8.24133
73 81 0.241204
74 84 -6.06894
75 81 0.970968
75 82 1.87649
75 85 5.8692
75 86 3.01573
75 87 5.88641
75 88 4.00976
75 93 -5.53733
75 99 -5.53733
75 105 2.84455
75 110 -5.53733
75 119 6.53086
75 121 -0.704796
76 95 -3.73241
77 95 -2.93164
78 92 -1.78253
79 84 -2.41897
79 98 -10.2872
79 100 -0.794069
79 367 -4.43612
80 92 -5.07128
80 94 -4.8442
81 82 0.794069
83 96 -4.26034
83 97 -3.10675
84 100 -1.95015
84 101 -8.65538
84 102 -0.740165
85 86 0.56723
85 87 0.0233459
85 99 -5.53733
86 87 1.04226
89 91 0.757688
90 97 1.04529
90 104 1.27546
90 113 -4.89093
90 117 3.21677
90 155 -8.76265
90 157 2.71175
91 109 -20.1865
92 94 1.44559
92 95 3.01573
92 106 -4.13232
92 108 -5.30784
92 112 -3.73241
92 115 -1.57696
92 120 2.36822
92 128 -1.84714
92 141 -2.18405
92 145 -1.82615
92 147 -3.20605
92 148 -0.982543
92 152 -3.5753
92 156 -6.44589
92 169 -0.812501
93 95 0.355714
93 110 -0.177857
94 106 -1.88061
95 110 -3.31214
95 111 -8.39096
95 112 -5.8185
95 126 -2.97555
95 144 3.20604
95 154 -8.2149
95 156 -1.12464
95 177 5.45734
95 179 -1.25517
96 97 0.0519782
96 104 1.52289
96 117 1.09119
96 133 -0.736418
97 104 0.00197984
98 100 -2.36822
98 103 -2.36822
98 114 -0.758016
98 116 -6.19012
98 367 -3.73241
99 121 -18.9581
99 131 -5.53733
99 158 -5.53733
99 161 -1.08303
100 101 0.00107747
100 103 -1.69066
101 102 -0.0326798
101 103 0.151942
101 107 1.62565
101 114 1.44106
101 118 0.555532
101 124 -0.781362
101 128 -0.0207411
102 107 -0.0163399
103 114 0.741382
103 118 0.0998378
104 117 0.475443
105 119 0.451047
106 107 -5.73432
106 115 -0.898632
107 115 -2.85414
107 128 -0.125772
108 120 -1.23277
109 130 -4.8442
109 132 -3.13404
109 138 0.166086
109 159 -14.1139
110 119 -4.8442
110 126 -0.116857
112 120 -1.66155
114 116 -1.88061
114 118 3.25535
114 122 -5.44486
115 128 -0.867703
116 122 -5.48939
116 123 -2.71175
116 125 -1.27785
116 129 -2.22758
116 137 -2.14198
116 367 -4.14515
117 133 -0.368492
117 155 -26.9935
118 122 -2.22788
118 124 -2.58569
118 127 -0.886457
118 140 2.79996
118 142 7.3769
118 150 -0.36889
118 153 -0.216734
118 166 -1.76033
118 178 -0.0126382
118 188 -2.4899
118 203 0.265029
119 121 -0.369897
119 126 -11.0747
119 134 -3.31536
119 136 -5.57426
119 151 11.4103
119 162 7.73047
119 165 1.28613
119 173 -4.43612
119 182 3.91844
119 183 10.8586
119 196 4.01633
119 202 0.386023
119 232 -4.8442
121 131 -6.19866
121 134 -0.67503
121 136 0.307748
122 125 1.16715
122 127 -1.23688
122 135 0.647603
122 153 -7.64217
123 125 -0.124594
123 129 -0.0389131
124 128 -7.61238
124 140 -0.644068
124 163 -0.0567394
125 129 0.0544848
125 150 -2.36822
125 153 -4.17008
126 165 -5.53733
126 179 -1.55085
127 135 -0.235409
127 142 -0.618144
128 147 -5.8565
128 163 -1.33969
128 170 -0.962998
128 184 -3.12965
129 137 -1.95015
129 150 -0.924411
130 133 -2.04668
130 157 1.30083
130 159 1.58193
130 167 1.30501
130 174 -5.53733
130 189 3.19265
130 211 2.90262
130 217 1.78253
130 220 -5.53733
130 223 1.39593
131 136 -0.418426
131 143 -0.0389131
131 146 -2.67129
131 161 -1.12464
132 138 -0.539881
132 139 -0.0905807
132 159 -3.57445
133 155 -3.43706
133 174 -0.56723
134 136 -1.22997
135 142 -2.14198
135 149 -1.06254
135 153 -4.8442
136 143 -3.06943
136 173 -11.4749
137 150 -1.06254
137 164 -3.20605
137 367 -4.14515
138 139 0.0306627
138 159 -3.57445
139 159 -3.73241
140 163 0.0567394
140 166 -1.59493
140 171 1.03412
140 178 0.0547999
140 180 -0.618144
141 145 -2.18405
141 152 -1.63282
141 160 0.163779
142 149 1.75055
142 150 -1.71176
142 153 -0.909093
142 168 -0.0177665
142 178 -0.00300289
143 146 -0.132481
143 173 -1.54979
144 154 -3.20605
144 156 -7.4929
144 169 -2.18405
144 177 2.70535
144 187 -4.8442
144 192 -1.08303
144 193 -7.1144
144 194 0.740165
144 198 -4.6475
144 230 -1.65005
144 240 -1.98633
144 249 -4.91797
144 274 -3.20605
145 148 -2.64699
145 160 -4.41321
146 161 -2.03587
146 172 -3.43706
146 173 -4.77356
146 176 -4.53016
147 148 -1.37165
147 170 -0.242411
148 160 0.0233459
148 170 -4.8442
149 153 -2.73464
150 153 -5.26551
150 164 -0.62883
150 168 -0.855225
150 185 0.0700632
150 188 -2.80571
150 195 -0.162388
152 160 -4.94642
152 169 -2.10127
153 168 -3.33336
154 177 -6.85509
155 157 -7.90555
155 174 -1.91493
155 189 -16.0418
156 169 -1.60463
157 158 -4.76627
157 189 2.68347
157 211 0.0574614
157 217 4.65156
158 161 -5.53733
158 172 -5.53733
158 190 2.78039
158 212 2.22758
158 213 -4.14515
158 217 -8.79544
158 242 -5.53733
158 282 2.67334
158 291 -2.58569
158 327 -2.71175
158 355 2.93164
158 357 0.321795
159 167 0.122774
160 169 -1.16715
160 170 -2.93164
160 181 1.32692
160 186 -2.93164
161 172 0.487165
163 170 -4.83966
163 180 -0.969904
163 184 -0.132481
163 191 2.77198
164 185 -5.45909
164 367 -4.8442
165 179 -5.53733
165 183 0.24241
166 171 -0.802154
166 178 -0.118597
166 203 -0.267399
166 204 -0.0103581
167 175 1.59467
167 220 -15.5108
169 181 -1.60463
169 187 -5.48939
170 184 -0.732231
170 186 1.02216
170 191 -5.09435
170 199 2.94572
170 222 -2.22758
170 224 -0.517023
171 178 -0.0054674
172 173 -0.148121
172 176 -6.63977
172 190 -10.3815
172 201 -1.15022
172 202 -4.14515
172 209 -5.53733
173 176 0.425681
173 202 -2.31952
174 189 -8.06359
177 179 -1.42058
177 192 0.24241
177 198 -5.17908
178 180 -1.18877
178 191 1.10117
178 203 0.00122833
178 204 1.38227
178 208 -0.195158
179 183 -5.53733
179 192 -1.84714
179 197 -6.61382
180 191 -0.81228
181 186 -1.92642
181 187 0.849093
181 205 -5.43362
182 196 0.500431
183 196 4.14251
183 197 -3.57445
183 221 -5.53733
183 227 -2.22758
183 228 -2.14198
183 229 4.01267
183 232 -11.0747
183 243 -5.53733
183 250 3.33114
183 261 2.71175
185 188 -1.95015
185 200 -3.10675
185 206 -2.78039
185 207 -4.05692
185 367 -2.58569
186 199 6.2777
186 205 1.37868
187 193 -1.42058
187 194 -7.7973
187 205 -1.15739
187 218 -0.00778178
187 234 -0.00778178
188 195 0.447506
188 200 1.06254
188 203 -6.45628
188 206 -3.39142
188 216 -0.652609
188 219 -4.3339
190 201 -4.8442
190 213 -3.73241
191 204 3.00707
191 224 3.07564
191 236 -4.337
192 197 -1.04226
192 198 -4.96014
192 210 -7.36776
192 233 -5.91646
192 240 -1.37165
192 244 -0.618144
193 194 -0.775982
193 218 -1.10372
196 232 -22.1493
197 210 -1.30083
197 214 -1.44583
197 221 -3.43706
199 205 1.83735
199 222 -0.40619
199 231 2.56788
200 206 -1.61504
200 207 -3.01573
200 215 -0.704796
200 219 -4.22384
200 226 -1.56431
200 239 -0.123848
201 209 -10.3815
201 213 -5.53733
201 225 -4.8442
202 209 -0.943623
202 232 -3.10675
203 208 -2.77412
203 216 0.331679
204 208 -1.90754
204 216 0.0621893
204 236 -2.47197
204 247 3.07408
204 260 2.22758
204 358 0.0476027
205 230 -0.0232946
205 231 1.08303
205 234 -0.943623
205 241 -0.023346
205 245 0.722582
205 254 -9.97346
205 263 -0.00180787
205 271 1.32476
207 215 -1.69086
207 235 -2.93164
207 367 -3.73241
208 216 -0.0128191
209 213 -6.20696
209 225 2.52745
209 232 -15.9189
209 256 2.85347
209 283 5.76778
209 301 4.91216
210 214 -0.195158
210 238 -0.179458
210 244 -1.25517
211 217 3.20466
212 213 -4.8442
212 242 -4.8442
213 242 -4.8442
213 256 -1.34772
214 221 -2.93164
214 228 -0.258219
214 238 -3.57445
215 226 -0.242411
215 235 -1.72077
216 219 0.451047
216 247 0.0588256
216 358 0.0294128
217 223 1.88061
217 253 -3.91844
217 257 -22.9494
217 258 -11.0747
217 291 2.85799
218 230 -2.36822
218 234 -2.18405
219 239 0.588486
219 247 0.565356
219 252 0.0417372
219 255 1.42979
219 273 -3.74205e-06
219 290 0.00727352
219 358 -0.00371759
220 223 -3.91844
220 268 -16.612
220 307 -2.78039
221 228 -0.357487
222 224 -0.81228
222 231 -3.80454
223 253 -8.24908
223 268 0.833301
223 291 0.018993
223 299 -0.0529742
223 309 0.681113
223 318 2.89957
223 326 -4.8442
223 351 -11.0747
223 369 -8.97439
223 380 -2.41897
224 231 -0.148121
224 236 -1.30083
224 237 -2.02352
226 235 -0.762388
226 239 -0.0635932
226 252 -3.01573
227 228 5.99245
227 229 -8.16853
227 243 -0.0431681
227 246 0.0302277
227 265 -0.120356
228 238 -0.403837
228 243 -0.0622052
228 246 0.0872064
228 262 0.576613
228 265 -0.184495
228 267 0.178862
228 269 0.0204365
228 270 0.00217758
229 243 -14.5267
230 234 -1.77828
230 263 1.64035
230 271 0.302785
230 274 -0.775982
230 278 -3.54487
230 297 -0.126904
230 300 0.109947
230 303 -2.64699
231 237 -2.06838
231 241 -2.4326
231 254 -2.71175
232 261 -23.0567
232 283 -5.53733
232 302 -9.37973
232 312 4.0031
232 315 3.51946
232 324 1.3906
232 334 -0.791321
232 340 3.10675
232 344 -3.20605
232 345 -9.28032
233 240 -3.53177
233 244 -4.35455
233 249 -2.21097
233 259 -4.43612
235 252 -3.10675
235 367 -3.91844
236 237 0.0997779
236 248 -0.199556
236 251 -5.52307
236 260 -2.47197
237 248 -5.90561
237 254 -0.775982
237 264 -1.13751
237 272 -1.47101
237 275 0.337785
237 335 -3.57445
238 244 -3.31536
238 246 -0.066515
238 259 -11.8554
238 269 0.0120135
238 270 0.313648
238 285 -0.618144
239 252 0.150052
240 249 -1.21064
241 245 -1.3564
241 254 -4.14515
242 256 -11.0747
242 282 -5.53733
242 301 -5.53733
242 332 1.30592
242 355 -9.45578
242 365 1.49683
242 376 -5.53733
242 395 -9.97346
242 409 -2.27269
242 420 -1.51381
242 428 -2.4353
242 449 2.50581
242 451 -5.53733
242 470 -19.3167
242 488 4.50116
242 491 2.06181
242 495 -5.53733
242 498 -1.08303
242 511 0.0700632
242 560 -2.06181
242 568 3.10675
242 573 -8.35456
242 582 -3.57445
242 587 -2.14198
242 588 2.41897
242 603 -1.47101
243 250 -5.53733
243 261 -4.43612
243 262 -0.00601534
243 265 0.228813
243 267 -0.111281
244 259 -1.00226
245 254 -5.53733
247 255 4.25643
247 260 8.93716
247 273 -0.00775746
247 290 0.742511
247 298 -0.677705
247 317 2.094
247 325 -3.12277
247 341 -1.1549
247 342 -2.41897
247 358 2.56551
247 368 -3.73241
247 394 1.72905
248 251 1.02938
248 260 2.87262
248 275 -9.36178
249 259 -0.327639
249 274 -0.288204
249 286 -0.026045
250 261 2.18405
251 260 1.10372
252 273 -0.28202
252 276 -4.30852
252 367 -4.14515
253 258 -1.34772
253 266 -1.34772
253 291 -4.43612
254 271 -2.52745
254 277 -5.53733
254 335 -3.73241
255 273 0.00411696
255 290 2.56504
255 358 0.0184157
256 301 6.77895
257 258 4.37655
257 291 -4.14515
258 266 3.31061
258 291 -12.9078
259 285 0.288398
259 286 -3.88081
260 275 -11.734
260 289 -5.72747
260 298 -8.58127
260 325 -1.57696
260 358 0.0476027
261 265 -2.71175
261 280 -2.36822
261 294 -9.45578
261 308 -4.95517
261 332 -5.53733
261 340 -16.612
261 352 -2.09422
261 370 -5.53733
261 373 -1.98633
261 381 -3.57445
261 389 2.65478
261 404 -4.8442
261 416 -4.43612
261 452 2.71175
262 265 -0.117593
262 267 0.319244
262 269 0.056599
262 270 0.0537902
262 280 -0.914139
262 284 -0.865334
263 271 0.295873
263 278 -0.260381
264 272 -3.6481
264 279 0.032408
264 281 -0.822838
264 335 -0.758016
265 267 -0.19415
265 280 1.4253
266 291 -4.8442
267 280 -0.448685
268 288 1.07667
268 299 -0.306523
268 307 -7.16088
269 270 0.0240269
270 284 -0.13367
270 285 -6.8346
270 314 2.16811
271 277 0.775982
271 303 -12.7437
271 316 1.72077
271 335 5.70974
272 275 -0.740165
272 281 -0.418426
272 287 -5.46058
273 276 -2.0586
273 290 2.14927
273 322 -2.22758
273 358 0.0168377
273 367 -3.73241
274 278 -2.58569
274 286 -0.227497
274 292 -0.56723
274 293 -4.13132
274 296 -1.47101
275 287 -9.59044
275 289 0.652519
275 298 -0.148121
276 367 -3.01573
277 335 0.210882
278 296 -1.57696
278 300 -1.53966
279 281 -0.129537
279 295 -0.048042
279 304 0.176993
279 335 -1.24681
280 284 -1.54255
280 294 -1.24681
281 287 -1.75131
281 295 -1.76631
282 355 3.10675
282 365 -7.87756
283 301 1.37519
283 315 -5.53733
283 332 -10.3815
283 382 1.29562
283 395 0.0435603
283 409 -0.669772
284 294 -2.31952
284 313 -0.474495
284 314 -0.500462
284 320 -4.96008
284 321 0.418426
285 286 -1.28588
285 306 -9.19995
285 310 -0.289934
285 314 -4.14598
285 337 -2.58048
285 348 -0.0544849
285 349 -2.18405
286 292 -2.48384
286 306 -0.023149
286 310 -0.0232831
286 311 -0.947686
287 295 2.05176
287 298 -6.09245
287 304 -4.00011
287 338 0.231668
287 341 -2.33873
287 360 1.09379
287 368 -3.20605
288 299 -0.87728
288 307 -4.14515
289 298 -0.687271
290 317 0.794405
290 322 -1.81446
290 336 -0.0264044
290 343 2.76536
290 358 0.00543366
291 309 1.33451
291 318 0.562379
291 327 4.36278
292 293 -3.12394
292 296 0.181568
292 310 0.88505
292 311 0.734687
292 329 -0.738939
292 347 -1.81446
293 296 -0.867703
294 308 -11.0486
294 313 0.294832
294 320 6.1045
294 321 -0.0629119
294 352 -5.0849
295 304 -1.44793
296 300 -1.84714
296 310 0.0450644
296 316 -18.9179
296 331 -2.10127
296 335 -6.22177
296 347 -3.04488
296 366 -2.85347
296 371 -5.53733
296 386 -2.18251
296 393 -4.6581
296 408 3.93377
296 421 -2.71175
296 425 -8.88995
296 440 -2.78039
296 441 -3.31536
296 472 -3.43706
296 484 -1.88061
296 487 -2.52745
297 300 -3.10675
297 303 -6.70689
297 316 0.943623
298 325 0.38938
298 341 1.14578
299 307 -4.86302
299 323 -7.76491
299 326 -8.16853
300 316 -2.71175
301 395 1.98601
301 409 -0.384333
303 316 -4.69808
304 335 -3.17919
304 338 -1.73553
305 307 -2.05361
306 310 2.44172
306 311 0.276078
307 319 0.597009
307 323 -2.93164
307 350 -0.110225
309 318 0.0818173
310 311 1.74742
310 329 0.00229833
310 331 0.122931
310 347 -0.290697
310 349 0.00251203
313 321 -0.0629119
314 320 0.0354041
314 337 3.27351
314 346 -1.75131
314 353 0.000705826
315 332 2.71175
315 334 -0.67337
315 344 -1.75131
316 335 2.36822
317 336 -1.63818
317 342 -3.21218
317 343 0.394821
317 358 0.925776
317 367 -4.43612
317 378 -2.84613
317 403 0.163527
318 327 1.37886
318 351 -5.53733
318 354 -5.53733
318 362 -10.3815
319 323 -1.98633
319 330 -0.533685
319 339 -2.71584
319 350 -6.24228
320 321 -1.91365
320 352 -3.67472
320 353 -1.54519
320 373 -0.0107695
320 381 -0.943623
322 336 -3.19826
322 367 -4.43612
323 326 0.00880123
323 328 0.309258
323 330 -2.38787
323 339 0.000679871
324 345 -7.14891
326 328 0.246055
326 333 -1.87199
326 361 2.26264
326 369 -1.81446
327 354 -4.8442
327 355 -11.497
327 357 -0.242411
327 363 -15.9537
327 402 -2.93164
327 406 1.18983
327 415 1.1179
327 430 1.92422
327 454 -4.8442
327 497 -7.71961
327 523 1.30083
327 534 2.97555
328 330 -5.2935
328 333 -0.632173
328 359 -4.69925
328 361 1.68309
328 388 -3.31536
329 331 0.00459667
329 347 -0.179474
330 339 -0.00221478
330 350 0.113292
330 359 1.18782
331 347 -3.76607
331 349 0.192487
331 366 0.776891
331 371 -0.170854
332 334 -1.84714
332 340 3.31536
332 344 -2.93164
332 345 -11.4973
332 382 -5.53733
332 404 -0.782053
332 416 0.174949
332 420 -0.716248
332 488 1.32176
334 344 -1.42058
335 338 5.75374
335 360 2.63816
335 398 4.67258
335 441 3.98107
335 453 0.849093
336 343 -0.268893
336 367 -3.93391
337 346 -2.10127
337 348 -10.4425
337 353 0.11739
337 356 -2.33099
337 364 -3.73241
338 360 0.563915
339 359 -6.5729e-05
340 345 -15.9189
341 368 -0.56723
342 358 -0.337785
344 345 0.274059
346 353 -1.75882
348 349 -11.675
348 364 0.038913
348 377 -0.132481
349 366 1.16763
349 377 -0.509471
349 392 -0.200981
350 359 1.44222
350 385 -2.93164
350 387 -3.71438
351 362 -1.06254
351 380 -0.0856503
352 381 -0.83062
353 356 -1.63282
353 364 -1.75131
353 370 0.637452
353 373 0.346455
353 374 -0.500431
354 362 1.88061
354 363 2.31952
355 357 3.20604
355 365 -4.14515
355 376 1.84714
355 402 3.31536
355 451 1.84714
355 458 -6.22177
355 473 -4.14515
355 490 0.101247
355 497 -4.8442
356 364 -0.583528
358 378 -0.779063
358 394 1.43534
358 403 0.167592
359 387 -0.125956
359 388 -0.962998
359 390 -2.27269
359 396 0.929166
359 401 -0.422792
360 368 -2.36822
360 383 -1.89362
360 384 -2.18405
360 398 1.77653
361 369 -0.860554
361 375 -0.210882
361 388 -13.6068
362 363 1.54979
362 372 3.32183
362 379 2.31086
362 380 -7.4929
362 391 -3.43706
362 406 -9.68249
363 372 1.5074
363 406 -11.4963
364 370 -1.27785
364 374 -3.18144
364 377 -0.116857
366 370 -13.3377
366 371 -0.170854
366 386 -10.5699
366 392 -0.620491
366 424 -0.451047
366 425 2.02352
366 431 1.21064
367 378 -7.05497
367 410 -1.95015
367 426 -0.905358
368 383 -1.06196
368 384 -3.67947
368 394 -3.65537
368 398 -1.21064
368 418 0.83062
368 429 -4.16712
369 375 0.489961
369 380 -0.0591133
369 397 2.21142
369 437 0.0329555
370 373 0.307092
370 374 -1.29227
370 377 -6.8736
370 392 0.0415798
370 400 2.30163
370 424 -2.41897
370 447 -1.60463
370 448 0.00879147
370 452 -5.53733
370 461 0.0175829
370 462 2.56772
371 386 -1.95015
372 406 -7.83689
373 381 -0.849093
373 389 -6.09401
375 388 -4.98858
375 397 0.195321
375 399 -3.73241
375 407 -2.07715
375 413 0.129037
375 417 -2.20619
375 419 -4.24724
375 437 0.0413018
377 392 -0.2519
378 403 -0.331119
378 410 -8.63961
379 406 -5.53733
380 391 -0.0590874
380 397 -0.236401
381 389 -1.12464
382 395 0.0435938
382 409 -0.54515
382 420 -4.43612
382 423 -0.434708
382 449 -4.14515
383 384 -0.858178
383 398 -0.172855
385 387 -1.56918
387 390 -0.146513
387 401 0.0441515
387 412 -1.53243
388 396 -1.16715
388 399 -1.72564
390 401 -2.23681
391 397 1.72561
391 406 -2.58569
393 408 -4.3779
394 403 0.173628
394 410 -7.87756
394 418 -3.73241
394 444 -1.39607
394 471 -0.598426
394 500 -0.564802
394 519 0.746558
394 526 0.0363143
395 409 -0.672922
395 428 -1.15256
396 399 -1.81446
396 401 -0.671695
396 405 -0.83062
396 414 -2.47197
397 406 -7.3512
397 411 1.20746
397 415 -2.71175
397 417 -1.70021
397 430 -5.6342
397 436 -1.49955
397 437 0.00317184
398 429 -0.305845
398 441 0.267449
398 442 -0.196031
398 455 -0.218056
398 466 0.451299
399 405 -1.89636
399 407 -0.258219
401 412 -6.01971
401 414 -1.76067
401 427 0.320324
401 432 0.00373278
401 433 -5.53733
403 410 -0.163779
404 416 -0.258219
405 407 -0.101248
405 414 -2.4451
405 422 -4.95474
406 415 0.24767
407 413 -0.255966
407 422 -2.97459
408 440 -1.49683
409 423 -1.00226
409 449 -1.95015
410 426 -6.16014
410 444 -2.78039
410 471 -0.274706
410 474 1.34177
410 475 1.5771
410 478 -4.3733
410 480 -14.0495
410 481 -5.53733
410 482 -3.20605
410 500 2.19936
410 526 -0.0125613
410 538 -2.93164
410 557 0.588956
410 567 -11.588
410 571 0.434757
410 577 -6.6812
410 596 0.0799969
410 605 -0.50758
411 417 -2.14198
411 437 0.00499485
412 433 1.89225
412 434 -4.6619
412 443 1.58742
412 450 -0.00691848
412 476 0.040263
413 419 -2.93164
413 422 0.253858
413 435 -0.669846
414 422 -2.5595
414 427 -1.62977
414 438 -1.31271
414 439 -0.775982
415 430 0.728198
416 452 -3.31536
416 488 1.12588
417 419 -0.451047
417 436 -2.45509
418 429 -7.58221
418 442 1.46245
418 468 0.581512
418 479 -17.5115
418 513 4.10412
418 519 -3.73241
418 530 -4.29621
418 554 -2.14198
419 435 -4.14515
419 436 -1.04226
420 449 -0.378442
421 425 -3.20605
422 435 -5.35408
422 438 -0.00433004
422 439 1.70845
422 445 -0.0557476
422 456 -1.4553
422 464 0.46789
422 477 -1.69086
422 493 0.687271
422 508 -4.14515
422 509 -0.962998
423 449 -3.73241
424 431 -0.467445
424 447 0.337785
425 431 6.56005
425 487 -3.10675
425 492 0.533767
425 506 -1.73663
427 432 0.0454386
427 433 -1.66839
427 438 -0.0316545
427 439 -6.59662
427 463 -0.488943
429 442 -2.31952
430 437 -1.47101
430 454 -12.6742
430 459 -3.01573
430 460 -2.85347
431 447 -7.60443
431 489 1.30129
431 492 0.719658
431 506 -0.495488
432 433 -1.25517
433 443 0.473844
433 463 2.33008
433 476 2.36626
433 502 -0.144504
434 450 -1.84714
435 436 -1.16715
435 446 1.49671
435 464 -0.974841
435 465 -0.00782787
435 467 -0.0916171
436 437 -3.73146
436 446 -0.46981
436 459 0.564834
436 465 0.0192066
436 467 0.0150127
438 439 -0.0675479
438 445 0.047033
438 456 0.00641656
439 445 -0.18826
439 456 -1.86252
439 463 -2.93164
439 477 -7.6418
441 453 3.89464
441 455 -1.40717
441 468 -1.39654
441 484 -8.42774
441 512 4.58283
441 528 -2.22758
442 466 -1.98332
442 468 0.489074
443 450 0.052947
443 476 0.0673339
445 456 0.571294
446 459 -0.307749
446 464 -0.0200261
446 465 -0.0637287
446 467 -0.203875
447 448 -0.0745773
447 461 -3.80831
447 489 -9.0405
447 499 -1.81133
448 461 0.342897
448 462 0.0488104
450 476 -0.46652
451 458 -2.31952
451 473 -9.28032
451 495 1.91493
452 462 -36.9564
452 488 -18.6628
452 521 -7.62075
452 531 -9.68249
452 563 3.91844
452 581 1.63825
452 591 0.0511402
452 595 1.00516
452 601 0.144629
452 619 -1.63282
454 457 -0.469217
454 460 0.00317327
454 469 1.23385
454 483 -0.156245
454 523 -10.1054
455 466 -0.331712
455 468 1.04952
457 469 -2.27269
458 473 -1.88378
459 460 -0.618144
459 465 0.0117297
459 467 1.87838
460 467 -4.96651
460 469 1.47953
461 462 1.41081
461 499 2.87703
462 499 5.163
462 521 -3.01573
462 527 -3.01573
462 529 -1.30083
462 539 -7.54287
462 569 -9.28032
462 601 -3.73241
462 608 -0.406969
462 619 -0.369897
463 477 -0.0885263
463 485 4.92916
463 502 -0.0700634
464 465 -2.14928
464 503 -2.93164
464 509 -5.61587
465 467 1.25751
465 496 -0.210882
465 503 -0.657628
465 510 0.000434279
465 514 -1.75131
465 515 -1.85057
466 468 -2.0564
467 469 -3.10675
467 486 0.957972
467 494 0.560032
467 496 -1.37165
468 479 -4.22291
468 512 -0.451047
468 513 0.136419
469 483 -0.424502
469 486 -8.06359
469 494 -4.52513
469 517 -3.57445
469 523 -5.53733
470 491 -5.17143
470 511 -0.289934
471 478 -0.652519
471 500 -0.104867
471 526 -0.0368596
472 484 -2.02352
472 487 -0.274059
473 490 -6.6431
473 495 -3.73241
473 497 -2.8711
473 516 1.90907
473 524 0.841633
473 534 -5.53733
473 541 0.831976
474 475 1.67815
474 480 -4.43612
474 481 -6.62017
474 482 -5.24331
474 501 -2.86437
474 532 -8.72962
474 533 -4.81067
474 552 0.108452
474 567 -3.34157
474 570 0.553081
474 571 6.13008
474 574 -2.31952
474 589 2.40953
474 610 -0.431706
474 615 0.219565
474 623 -0.00171237
475 482 -0.434708
475 501 -0.722426
475 571 0.27895
475 610 -0.00102236
476 502 -0.571542
476 561 -0.079023
477 485 -0.0899152
477 493 -2.98869
478 500 -1.14578
480 552 -2.36805
480 567 -1.27785
484 487 -0.687271
484 506 -2.3757
484 525 -0.386023
484 528 -1.21064
485 493 0.0847822
485 502 -0.775982
485 504 -0.0663227
485 507 -0.132645
486 494 0.0442009
487 506 0.794069
488 498 -5.96821
488 531 2.52745
488 581 -4.8442
488 582 -2.29366
489 492 0.900329
489 499 -2.52745
489 505 4.62603
490 497 -3.91844
491 495 -26.3004
491 511 1.16715
491 549 -16.6033
491 560 -3.57445
491 580 -6.85509
491 590 -0.132481
492 505 5.30646
492 506 -0.845572
492 518 0.035599
493 507 -2.85347
493 508 -6.58588
494 496 -0.0389131
494 517 -0.337744
494 520 -0.606504
494 540 0.0168877
494 548 -1.58494
495 516 -4.14515
495 524 -15.2878
495 549 -2.64593
495 556 -1.81446
496 515 -0.56723
496 520 -3.31536
497 534 -2.22758
499 505 -2.71175
499 529 -0.849093
500 519 -1.12515
500 526 -0.0966611
500 538 -1.42058
501 610 0.00279194
502 504 -4.34921
502 561 0.871027
503 509 5.25085
503 510 0.00177063
503 522 0.136863
503 535 0.0497807
503 544 0.0788608
503 562 -0.014686
504 507 0.793614
504 508 -5.83136
504 547 -4.53658
504 561 -4.10441
504 564 3.20604
505 506 -0.406466
505 518 0.0707878
505 527 7.77056
505 529 1.23277
505 539 3.91573
505 551 -0.0428113
505 555 -1.48715
505 566 0.00778591
505 569 -1.84714
505 583 -6.1019
505 584 -5.53733
506 518 -1.02274
506 525 2.78039
506 542 -3.88302
506 550 -0.584119
506 555 -3.91844
507 508 -0.00778178
508 509 -1.40446
508 522 -2.91939
508 543 -0.687271
508 547 -1.37165
509 510 0.00360036
509 522 5.29002
509 535 0.0218827
510 514 -0.55042
510 520 -0.118076
510 535 0.00411471
510 544 0.00408175
511 560 -1.75131
512 513 -6.69134
512 528 -5.85602
512 566 -3.91844
512 584 -12.6141
513 519 -3.43706
513 530 -7.36831
513 554 -3.0799
513 575 -12.5703
513 584 -5.53733
513 605 -0.289934
513 612 2.90562
513 626 -1.72077
514 515 -0.905358
514 520 -1.25517
515 520 -2.47345
516 524 2.98083
516 541 0.335927
516 556 6.12223
517 523 -0.476439
517 536 -0.00699267
517 540 -0.0143588
518 555 -0.152432
519 526 0.0555716
519 557 -2.40699
519 605 -1.96865
520 535 -2.60437
520 548 1.62025
520 558 0.00384732
520 562 -5.45507
522 535 0.0275275
522 543 -1.34272
522 544 4.39796
522 562 -2.42261
522 572 2.48032
522 602 1.37165
522 613 0.0217236
523 534 2.58569
523 536 -0.603663
523 537 0.011673
525 528 -4.43612
525 542 -1.95015
525 546 -3.43706
525 551 -1.14578
526 538 -1.8682
526 557 -0.150743
527 529 1.98633
527 539 3.69235
527 545 2.55326
528 551 -8.22603
528 566 -4.74161
530 554 -4.76841
534 537 0.766453
534 541 -8.98936
534 553 0.572412
534 565 -3.71824
534 576 0.163779
534 579 0.533685
534 592 -3.01573
534 593 -4.8442
534 597 -3.91844
535 544 0.141876
535 562 -0.0330146
536 537 -2.6869
536 540 1.01997
536 553 -1.02146
537 553 0.00736771
539 545 3.78505
539 569 -7.11249
540 548 -6.62604
540 553 -2.52745
540 559 3.38885
540 565 0.195158
540 576 -8.2903
541 556 0.671854
541 579 -14.8177
542 546 -1.20688
542 550 -0.015893
543 547 -1.56618
543 572 -5.04723
544 562 -1.25156
546 550 0.015893
546 551 -2.18692
546 555 -2.78039
547 564 -4.61619
547 572 -3.91844
548 558 0.0117244
548 559 -5.03613
549 556 6.06453
549 585 -1.16715
549 590 -0.886457
550 555 -2.06181
551 555 0.0107028
551 566 -0.00778591
552 567 -1.25517
552 571 0.293746
553 565 -4.42953
556 579 -16.612
556 585 -14.5267
557 577 -4.10877
557 605 0.434708
558 559 -3.91844
558 562 -0.451047
558 578 -2.22758
559 576 -16.1635
559 578 -0.943623
559 586 -5.53733
560 573 -0.148121
560 580 -0.179458
561 564 -8.38474
561 621 -1.66779
561 627 -0.0100596
561 628 1.30685
562 578 -6.88505
562 586 -4.27356
562 602 -6.2135
562 627 -0.0121337
562 631 -2.12207
562 648 -1.66155
563 581 0.038913
564 572 -4.21117
564 616 2.14198
564 621 0.533685
564 627 -4.26321
565 576 -6.43579
566 584 -20.355
567 596 -0.365742
567 615 -0.0524209
567 618 -0.368437
568 573 -3.31536
568 603 -6.56497
569 583 -5.78512
569 599 1.01089
569 608 -0.209555
570 571 0.169366
571 610 -0.0174575
571 615 0.678258
571 623 -0.000535451
572 602 1.16715
572 613 0.135554
572 614 0.224725
572 616 -0.129567
572 627 -2.40455
573 580 -1.61254
573 590 -2.08838
573 603 1.50242
573 622 -6.46467
574 589 -0.867703
575 612 -1.96512
576 586 -0.601089
576 592 -16.9999
576 606 -7.46051
577 605 -2.97289
578 586 -5.1625
579 585 0.886457
579 597 -4.14515
579 598 -8.64408
579 607 -5.53733
579 611 -14.3
579 629 1.12464
579 640 -4.8442
580 590 0.271508
580 622 -0.0124454
581 582 -2.78039
581 587 -0.00778178
581 591 0.0511402
581 594 -0.758016
581 600 -3.52253
581 601 0.378459
581 604 -9.87528
582 587 -1.48617
583 584 0.722426
583 599 -2.41897
583 601 0.0258731
583 608 -1.95015
583 609 -12.0227
583 620 -5.79422
583 630 0.469174
583 638 -0.0119279
584 609 -30.0375
584 620 -8.18433
584 626 -1.88061
584 630 -0.305845
584 636 -14.8391
584 638 -3.43706
585 590 -1.84714
585 598 -2.6495
585 607 -0.994893
585 622 -3.73241
585 635 0.148121
585 644 -0.924411
586 606 -15.7015
586 648 1.95015
587 588 -1.18877
587 604 -4.33154
587 625 -2.28337
588 603 -2.14198
588 622 0.533685
588 625 -3.91844
589 610 -0.00106116
590 622 -0.766052
591 595 0.0463628
591 601 -0.060752
592 593 0.226632
592 597 1.72469
592 606 3.06123
592 617 0.375738
592 624 0.331088
593 597 2.40505
594 604 -1.30083
595 601 -6.14349
595 619 -0.483906
596 605 -1.01514
596 618 0.0536325
596 623 -0.0268162
597 611 2.3266
597 617 2.75629
597 629 -5.53733
597 640 0.0275478
597 643 -0.105966
597 654 -0.298659
597 656 -4.8442
597 660 -2.47197
597 663 1.62328
597 666 -6.49431
597 672 -1.5752
597 673 -1.39593
597 676 -3.10675
597 678 -3.91844
597 680 -15.9189
598 607 2.02352
599 608 -0.209555
600 601 -5.62753
600 604 -2.65142
600 625 -5.38092
601 608 -3.73241
601 619 -2.93164
601 625 1.08303
601 630 0.0266237
601 637 -7.64217
601 638 -12.6835
602 627 -0.943623
603 622 -3.27828
604 625 -13.0439
605 612 -0.369897
605 618 -3.01919
606 624 0.186709
606 643 -0.484479
606 648 -3.57445
606 649 3.01573
606 659 -2.35717
606 660 -5.53733
606 673 -2.27269
606 680 -10.3815
607 629 -32.5309
607 644 -0.687271
607 655 -0.849093
607 661 1.58435
607 667 -5.53733
609 620 1.06254
610 615 -0.0178103
610 623 0.594095
611 640 0.0275768
611 654 -0.295562
612 618 0.148121
612 626 -2.69976
613 614 0.468767
613 616 0.121397
613 627 -1.99018
615 618 0.0244798
615 623 -0.0434045
616 627 -0.982543
617 624 3.09993
617 643 -0.212341
618 623 -6.5487
618 626 -2.78039
620 630 -1.12464
621 627 -1.69086
622 625 -15.5402
622 635 -13.8276
622 641 -2.18405
623 626 0.418426
623 633 -1.12707
623 634 -2.43749
624 643 -0.149193
625 637 -6.05193
625 641 -5.09754
625 642 -5.57872
625 645 -5.53733
626 632 -3.68992
626 636 -0.924411
627 628 -0.0192633
627 631 0.0466157
627 639 -0.245969
628 639 0.0184075
628 658 -1.88061
629 640 -11.0747
629 654 -10.3815
629 657 -0.000610087
629 667 0.516413
629 676 -4.8442
630 638 -0.00564716
631 639 0.00351803
631 646 -3.83796
631 648 -2.64699
632 633 0.618144
632 636 0.179457
632 651 -21.5975
633 634 -0.274059
633 651 -7.14883
633 652 -1.57696
633 653 -9.45578
634 653 -10.3815
635 641 -1.19535
635 644 -2.08112
636 638 -0.274059
636 647 -11.6056
636 650 -4.14515
636 651 -3.31536
637 638 0.584119
637 645 0.163779
637 650 -16.3571
637 657 -5.53733
638 650 -13.8919
639 646 -4.36772
639 658 -4.4578
640 654 -0.110249
640 656 -1.81446
641 642 -0.0700634
641 644 0.669846
641 655 -14.1245
641 657 -3.73241
642 645 -0.116857
642 657 -7.14787
643 660 -9.87262
644 655 -9.11179
645 657 -3.73241
646 648 -0.687271
646 658 -9.04973
647 650 1.3452
647 651 1.53206
648 658 -1.42058
648 680 -2.31952
649 660 -2.58569
649 673 -0.226632
650 651 1.06323
650 657 4.45333
650 662 3.70031
650 664 4.61361
650 665 4.20151
650 669 3.47662
650 677 -0.0138189
650 681 -0.0134361
651 652 -7.01151
651 662 1.06878
651 670 1.23031
652 653 -3.57445
652 670 -7.3512
653 670 3.08602
654 656 -0.386023
655 657 2.64448
655 661 -6.5061
655 667 -0.00250286
655 668 -1.21064
655 669 0.143989
655 677 -0.0999734
657 667 -0.0193763
657 668 -0.962998
657 669 0.326824
657 677 -0.222256
658 675 2.40758
658 680 -2.11182
660 673 -1.0761
661 667 -5.53733
661 668 -0.366977
662 664 2.46447
662 670 0.991291
662 671 0.131103
662 679 0.00479542
662 681 -0.428196
663 666 -1.23277
663 672 -0.635286
664 665 0.629233
664 669 2.16401
664 671 0.14232
664 674 1.25203
664 679 0.146342
664 681 -0.15564
664 682 -1.27795
665 669 1.72182
666 672 -0.337785
667 668 -3.10675
667 669 -0.00125143
667 676 -11.9552
667 677 0.0764413
667 678 -3.91844
667 683 -6.87476
667 686 -4.14515
667 691 -6.25986
669 677 -0.198577
669 682 -0.160339
670 681 -1.35483
671 679 0.0137442
671 681 -0.0588058
672 680 -5.53733
673 680 -4.8442
674 679 0.082734
674 681 -0.0517707
674 682 -9.08512
674 687 -7.2338
675 680 -0.962998
676 678 -0.467445
677 682 2.68935
677 691 -3.86456
677 694 -6.84572
677 696 -3.73241
678 680 -1.02216
678 683 -2.26333
678 686 -1.13167
679 681 -0.0526009
679 687 -0.962998
680 684 -5.53733
680 685 -5.53733
680 686 -14.2779
680 688 -1.47483
680 690 -10.6205
680 702 -2.64699
681 687 -2.27269
681 689 3.6525
681 704 -4.38408
681 707 -4.37763
682 687 -2.31952
682 694 -1.10372
682 696 -2.52745
682 703 -2.02352
682 706 -0.924411
683 686 4.06832
684 690 -2.31952
685 686 -1.72077
686 688 1.21064
686 690 4.74826
686 691 0.402198
686 692 -0.867703
686 693 -1.60463
686 697 -9.97346
686 701 -2.36822
687 703 -0.451047
687 707 -3.57445
688 690 4.41163
690 695 2.00958
690 700 -9.68841
690 701 -2.02352
690 702 -7.4442
690 705 -1.37165
691 693 -5.70866
691 694 -0.337548
691 699 -5.53733
692 693 0.369897
692 697 -4.43612
693 697 -4.8442
693 698 -21.2875
693 699 -3.73241
694 696 -5.88359
694 699 -6.56412
694 706 -1.16715
695 700 -16.3637
697 698 7.42036
697 699 1.02216
697 701 1.21064
698 699 1.00226
699 706 -4.8442
700 702 -1.88061
700 705 -2.64699
701 705 -2.22758
703 706 -0.584119
703 707 -1.62977
