MULTICUT
0 1 -1.24429
0 6 -0.0651292
0 8 2.71097
0 12 -0.0336008
1 4 -1.44559
1 6 0.0651406
1 8 -4.35392
1 9 -2.2718
2 8 4.97857
2 12 -0.130581
3 5 -0.81228
3 8 1.88133
3 12 -0.0336008
4 5 -6.42793
4 7 -3.20605
4 8 -3.73241
4 9 -4.43612
5 8 -1.63429
6 8 -8.16627
6 11 0.722347
7 8 -2.10815
7 9 -0.140285
8 9 0.495572
8 10 0.719547
8 11 -1.80226
8 12 -0.339077
8 13 0.93645
8 14 2.29861
8 15 3.24824
8 16 1.71828
8 17 6.87242
8 18 5.23385
8 21 2.24765
8 25 2.40484
8 26 3.03963
8 28 -0.231831
8 29 4.35007
8 30 -0.792521
8 31 2.22463
8 32 -0.110783
8 33 -0.708776
8 34 -0.305414
8 35 -0.611694
8 36 -0.822892
8 39 -7.44956
8 46 -2.58569
8 48 2.20557
8 50 -15.9189
8 57 -5.53733
8 58 -1.98633
8 71 -4.90288
8 75 0.433077
8 95 -0.0476491
9 12 -0.0336008
10 12 -0.0713104
10 14 1.65889
11 16 -2.19434
12 13 -0.067269
12 14 -0.144052
12 15 -0.0671226
12 16 -0.0671227
12 17 -0.20065
12 18 -0.134245
12 21 -0.0671227
12 25 -0.0671226
12 26 -0.0671226
12 29 -0.0671227
12 31 -0.0671227
12 33 0
12 34 0
12 36 0
12 48 -0.0671226
12 75 -0.0671227
12 95 0
14 17 4.5638
14 19 -1.02216
14 20 -1.84199
14 21 4.24849
14 23 0.152011
14 24 0.81228
17 21 1.00694
17 22 -2.05775
17 24 0.361213
19 21 -3.73241
20 21 -4.28759
20 23 -0.699389
21 22 -3.96855
21 23 3.87536
21 24 1.93388
21 27 9.71333
21 42 8.66514
21 51 4.50413
21 53 -2.72615
21 57 -4.8442
21 63 -11.0747
21 64 -5.53733
21 72 -4.8442
22 24 -0.785823
27 41 2.06181
28 29 -1.79603
28 30 9.59826
28 33 1.19384
29 30 -0.0963525
30 31 -0.0381792
30 32 0.676165
30 33 3.95139
30 34 0.28931
30 35 7.67183
30 36 0.671742
30 37 6.11669
30 38 5.00123
30 40 3.43706
30 43 2.51087
31 33 -0.144437
31 35 -0.982543
32 33 1.46423
33 34 3.33755
33 35 0.234647
33 36 6.25072
33 37 3.33573
33 43 0.676474
33 49 -6.25062
33 55 3.77484
33 68 3.01573
33 70 7.27818
33 92 5.75593
33 94 2.94816
33 99 -0.413489
33 108 4.49255
33 118 2.29704
35 38 10.0868
35 39 2.4112
35 52 -0.0018279
36 49 -3.35572
36 50 -4.73593
36 60 -5.53733
37 38 4.14515
37 40 3.48524
37 43 2.10127
37 44 2.52745
37 55 3.57445
37 68 5.37016
38 39 1.81904
38 47 8.5177
38 52 -0.00221815
38 55 2.10127
38 65 -0.255693
39 45 -0.108346
39 46 1.70503
39 52 0.777361
39 65 -0.0357247
41 53 -0.107626
41 54 0.578
41 59 0.0483339
41 61 -0.0392413
41 82 0.0489543
42 51 2.22378
42 61 4.6758
42 72 -11.0747
45 52 -0.898472
46 52 3.71663
46 56 -0.153387
46 58 6.82138
46 66 3.08325
46 83 1.75131
47 55 2.93164
47 65 6.80934
47 77 6.03893
47 86 3.3685
47 101 0.0708016
48 50 -3.91844
49 60 -2.97243
49 67 2.80443
49 69 -0.0814382
49 94 -2.81744
49 99 3.25236
50 57 1.97271
50 60 1.79448
50 62 -3.0102
50 63 1.84714
50 73 0.012971
50 79 -2.47371
51 53 -0.61417
51 61 0.908201
52 65 2.72162
52 66 0.0181173
52 78 0.102164
52 83 0.0290201
53 61 -4.4712
54 59 2.11299
54 61 -0.449277
54 81 -9.68841
54 82 2.13208
55 68 9.34134
55 77 4.46886
55 91 10.0093
55 93 1.508
55 108 3.99846
55 124 4.05628
55 133 2.58569
56 58 -0.11073
56 66 -0.193461
57 62 -0.463664
57 63 1.25897
58 66 3.25356
58 71 1.03638
58 84 1.16045
58 85 0.0016503
58 87 0.977414
58 90 3.90213
58 106 -0.000783528
58 111 0.629002
60 67 -0.250537
60 69 0.0898478
60 73 1.39698
60 74 0.0589666
60 89 -4.39193
60 99 1.84512
61 72 -5.53733
61 82 -1.08687
61 104 -5.53733
61 117 -1.63282
62 63 -4.90384
63 64 1.63851
63 73 0.665983
63 76 1.06678
63 79 -7.2338
63 80 -4.83912
63 88 -0.271399
63 97 1.96634
63 107 1.29358
63 109 0.293182
63 116 -0.0733443
63 151 0.000643712
64 72 0.962998
64 80 -0.307957
65 77 0.206315
65 78 7.3016
65 83 0.0200627
65 101 1.814
65 102 3.74327
66 83 0.612853
66 87 1.58932
67 69 -0.29275
67 99 0.124046
71 75 -0.583396
71 84 0.283444
71 85 -3.51007
71 95 0.0349003
71 103 -0.148896
72 80 -8.51217
72 96 -3.14114
72 97 1.67144
72 98 -5.19936
72 104 2.22758
72 109 0.477753
72 122 2.6191
72 126 2.93164
73 74 0.335371
73 79 -5.56579
73 88 -0.0251374
73 89 -0.0549297
73 100 -8.11743
73 105 0.146729
73 107 1.69498
73 116 -0.130231
73 128 -0.442019
73 132 0.942505
73 145 0.212994
73 152 -0.0714351
75 95 -0.180867
77 86 2.47197
77 91 4.61376
77 112 1.03891
77 119 3.51224
77 135 0.268433
78 83 0.0227712
80 97 -7.12449
81 82 -6.36795
81 120 -2.58569
81 160 -19.9469
82 117 -0.0389131
82 120 -9.41303
83 87 3.334
83 102 3.65846
84 85 2.47419
84 90 1.66385
84 103 7.68785
84 106 1.12974
84 136 0.889838
84 142 1.654
84 144 1.25592
84 164 6.23176
84 174 1.25596
84 195 3.85339
84 199 1.91493
84 224 0.169562
85 95 0.119613
85 103 2.21529
86 101 0.141267
86 102 4.39037
86 112 2.71175
86 119 4.51909
86 131 2.36822
86 146 4.58841
86 166 -0.0369364
86 168 0.165316
86 169 1.21064
86 172 0.0755809
86 181 3.49153
87 102 4.38397
87 111 0.430923
87 114 3.10675
87 125 0.706633
87 129 10.6892
87 130 1.11927
87 138 3.54548
88 97 -0.0590478
88 107 -0.112372
88 109 -0.0470785
89 99 -0.0349943
89 100 -0.336649
89 105 0.429875
89 110 0.143714
90 106 1.90954
90 111 0.302487
91 93 4.70651
91 124 4.19467
91 135 0.103726
91 163 -0.296841
94 99 -0.204176
95 103 0.627859
95 134 1.13578
97 109 3.07292
97 116 -0.0563651
97 122 0.125377
97 151 0.000643712
98 104 -1.88048
98 126 -1.02216
99 105 1.68271
99 110 1.08539
99 113 0.76816
99 118 -2.71175
99 123 3.23109
99 127 -2.86545
99 140 1.10372
99 153 -0.455229
99 165 -3.88652
99 167 0.911651
99 180 -0.50624
99 184 0.278903
100 105 -0.336859
101 102 3.51327
102 114 1.65027
102 129 5.03663
102 130 4.98108
102 131 3.43706
102 141 7.83689
102 169 2.99242
103 134 3.59176
103 143 3.39374
103 144 0.652311
103 174 1.73735
103 195 1.74593
104 115 0.0368454
104 117 0.00228801
104 121 -0.397009
104 126 4.47344
104 147 2.19615
104 155 0.117998
104 178 0.0984279
105 110 3.80838
105 123 1.95015
105 127 -7.74178
105 132 0.378522
105 145 0.647948
105 152 -0.450371
105 153 -0.81228
105 156 0.390847
105 167 0.75666
105 197 0.185972
105 208 3.43706
105 216 -0.421254
106 111 -2.1163
106 136 -0.0490814
107 109 0.924486
107 116 -4.5968
107 151 0.000643712
108 118 8.66516
108 133 6.3528
108 140 -1.21064
108 157 0.59469
109 116 -2.72637
109 122 0.590792
109 132 0.631261
109 137 0.645423
109 139 3.01619
109 150 1.29852
109 151 0.0269852
109 152 -0.00154748
109 161 -0.0311522
109 162 0.316659
109 179 -2.18374
110 127 -0.905358
111 129 1.72323
111 130 3.37591
111 136 1.49894
111 142 0.758015
112 119 2.58596
113 123 2.78339
113 127 -0.967689
115 117 0.00530074
115 121 -0.708636
116 128 0.193877
116 132 -7.08195
116 137 -1.64024
116 139 -1.32856
117 120 0.81228
117 121 -0.371381
118 140 -3.31536
119 135 0.0348001
119 146 1.43744
119 163 0.00216067
119 166 -0.138961
119 171 -0.0906966
119 185 1.38739
119 191 -1.2469
120 121 -3.8682
120 149 0.198477
120 160 1.54979
120 170 -0.0717395
120 187 -2.71175
121 147 -0.0264864
121 149 -0.0731181
122 126 1.65468
122 150 0.463468
123 127 -1.47599
124 133 2.09684
124 135 -0.0179187
124 163 -0.191077
125 129 2.9317
125 130 0.0850837
126 150 2.20421
126 155 -0.2189
126 178 0.104522
128 132 -4.14197
129 130 2.52341
129 138 1.76442
129 148 1.08665
129 169 1.69086
129 173 -0.131741
129 181 6.73367
129 186 7.56107
129 235 1.00615
129 239 0.715909
129 260 0.0246822
130 138 0.156761
130 142 4.50996
130 148 0.0795052
130 154 3.34345
130 173 -0.885019
130 181 0.370169
130 186 -0.0171334
130 188 -0.0371322
132 139 1.09052
132 145 0.130041
132 151 0.00286649
132 152 -1.14194
132 175 0.310227
132 182 0.88608
132 183 -3.91844
133 157 0.058083
133 158 5.57853
133 163 -1.58265
134 159 10.3064
134 176 1.05472
134 195 2.9722
135 163 0.0364519
135 171 0.0207201
135 191 0.0103601
136 142 0.956028
139 151 0.000297041
139 152 -0.00154748
139 182 0.24461
140 157 -3.57445
140 165 -4.21055
140 180 -0.000263995
140 184 0.826065
140 192 1.18742
140 198 0.772975
140 201 0.164779
140 205 -2.73287
140 208 0.164919
140 218 0.0201505
140 226 -0.00116696
142 154 2.39702
142 164 5.8686
142 188 -0.942249
142 189 4.2277
145 152 -0.343784
145 156 0.884554
145 175 0.421899
145 182 1.53035
145 183 -0.850681
145 197 2.71814
145 215 0.441094
145 231 -3.55367
145 234 0.920501
146 166 -0.133025
146 168 0.368984
146 172 0.282007
147 149 1.83363
147 155 0.259199
147 177 0.573706
147 223 0.0694132
149 170 0.00900614
149 177 2.70563
149 187 -1.20189
149 202 2.48613
149 209 1.07731
149 210 -0.773003
149 221 0.0432912
149 223 0.0770616
150 155 -0.0240786
150 161 -0.0311522
150 178 1.18942
150 179 -4.98444
150 193 -1.78707
150 204 1.35594
150 217 0.308743
150 223 -0.0577909
151 152 -0.00154748
151 162 0.271071
151 182 0.00632707
151 190 -12.4864
151 203 -4.8442
152 156 -0.170194
152 175 -0.386735
152 182 -0.475001
153 167 -5.72851
153 184 -9.86643
153 208 -0.0700634
154 173 -4.03818
154 188 -0.771711
155 177 0.00655317
155 178 -5.4378
157 158 0.559706
157 192 -8.16853
157 194 0.232154
158 163 -6.04211
158 194 0.810762
159 176 9.54055
159 195 8.18993
160 187 -8.45368
160 200 -0.996965
161 179 -0.533685
162 179 -0.951508
162 204 -1.52339
163 171 1.84861
163 192 1.00295
163 194 -0.752046
163 206 0.4116
163 228 -0.115635
163 232 0.662749
164 189 7.45925
164 195 3.25035
164 212 1.37165
164 222 0.437043
164 224 1.2484
165 180 -0.00542469
166 168 -0.126092
166 185 -0.83062
168 172 1.80858
168 181 0.0730845
168 185 -5.00147
168 191 2.02452
168 211 1.44728
168 238 5.35264
168 257 1.45925
169 181 1.84714
170 187 -0.167096
171 191 1.02602
171 206 0.352853
171 219 2.76888
171 228 1.78138
171 246 0.0294853
171 247 0.0784459
172 181 0.982543
173 186 0.278498
173 188 3.02722
173 196 0.560385
173 220 2.50675
173 240 0.607847
173 260 -0.0901406
174 195 1.14578
175 182 0.253637
175 183 -0.208624
177 178 -0.0847466
177 193 1.35838
177 210 -3.8679
177 223 1.01708
177 233 0.277352
177 244 -2.49578
177 268 -0.196326
178 193 -0.859179
179 204 -5.793
180 184 -0.0591522
180 218 0.000253414
181 238 2.51151
181 239 4.32744
181 257 5.0267
181 260 0.0397377
181 290 0.00134856
181 293 3.51053
181 306 1.11715
181 308 -0.000272572
182 183 -1.31181
182 190 4.99345
182 213 -5.6175
182 234 3.00953
182 236 2.10694
182 254 0.272222
184 208 1.94518
184 218 -0.00147961
184 226 -0.0163791
185 191 -4.72231
186 196 6.06327
186 235 5.88143
186 239 0.179874
186 240 1.97709
186 243 4.21421
186 260 -0.262652
187 200 0.0194565
187 207 -0.409872
187 209 -0.990287
188 189 0.426089
188 212 5.57106
188 220 1.04226
189 212 4.74472
190 203 1.69086
190 213 -4.8442
190 214 -8.46898
190 230 1.78253
191 211 1.15306
191 219 1.42927
191 238 1.22813
191 246 0.0626825
191 250 0.0120679
191 256 -0.0547177
191 280 0.0152987
192 194 -1.26257
192 201 -0.537859
192 205 -10.6386
192 208 4.96651
192 232 1.81634
192 245 -3.42784
192 249 -0.267842
192 263 -4.8442
192 275 -4.08677
192 288 0.533685
192 323 2.36822
192 325 -0.392991
192 330 0.363173
192 351 -3.86624
193 204 -0.0893857
193 223 1.21536
193 268 -0.232475
195 199 3.91844
195 224 0.491379
195 229 13.7716
195 264 1.81917
195 295 3.20604
196 220 0.325216
196 240 0.44943
196 260 -0.0901406
197 216 -0.113869
197 225 1.37421
197 231 -0.29529
197 237 0.879972
197 241 1.0444
197 242 -0.411352
198 201 1.31474
198 218 0.0118837
200 207 -0.858178
201 205 0.155484
201 218 0.0623245
201 226 0.00136053
201 245 1.63103
202 209 0.589416
202 210 -1.34707
202 221 -2.79563
202 233 1.10459
203 204 1.34276
203 214 -9.97346
203 223 -0.0288954
204 214 -13.0911
204 217 0.0265743
204 223 -0.560446
204 248 2.70469
204 258 -1.95015
204 261 3.61174
204 268 0.754075
204 269 1.22036
204 287 1.25669
204 292 -7.71961
204 296 -0.0678713
205 218 0.0170715
206 227 -1.38291
206 228 1.0704
206 232 -2.12439
207 209 0.106097
207 221 -0.111182
207 233 -0.125183
207 253 0.250366
207 277 -0.406847
207 281 0.720725
207 286 2.0772
208 216 -0.144855
208 218 -0.0682151
208 225 0.544128
208 226 -0.491912
208 237 4.56252
208 245 -3.16925
208 251 -0.96765
208 252 1.50488
208 259 -1.33128
208 262 0.339309
208 263 -2.56512
209 221 0.447595
209 253 0.133865
210 233 -0.99087
211 238 0.81396
212 220 4.58248
212 222 3.57445
212 273 2.65238
212 274 6.53817
212 301 3.56655
212 307 1.66747
212 309 0.535958
213 230 -2.14198
213 236 -3.91844
214 230 -13.2399
214 258 1.44559
214 272 -2.93164
215 231 -10.0917
216 225 -0.123347
216 237 -0.136832
217 223 -0.0288945
218 226 0.00495929
218 245 0.0689216
219 228 1.02216
219 246 1.77342
219 247 2.90445
219 250 0.00768251
219 266 -2.34385
219 280 0.0109232
220 240 2.47071
220 255 0.704436
220 260 -0.585119
220 273 0.18117
220 285 -1.14188
221 233 -11.4301
221 253 -0.812949
221 281 -0.0408217
221 286 -0.0204108
222 224 0.886174
222 264 7.46173
222 274 3.64607
222 295 0.0626658
222 312 6.83916
222 328 6.13455
222 355 3.99958
222 362 2.52745
222 403 1.55055
222 416 -0.33287
222 441 0.184464
222 442 -0.332028
222 454 0.113918
223 248 -0.165597
223 261 -0.114974
223 268 -3.81827
223 269 -0.0574868
224 264 1.14767
225 237 0.273082
226 245 0.0700632
227 228 -0.417772
228 232 -6.32923
228 247 0.0389276
228 266 -2.89735
229 295 6.79452
229 416 -0.733002
230 236 4.8537
230 272 2.78039
230 282 -3.97825
231 234 -5.6228
231 237 -3.43554
231 241 -0.295916
232 249 -0.538864
232 265 -0.704796
232 266 0.12844
232 276 -6.68644
232 303 -0.762698
233 244 -1.51351
233 253 -1.27373
233 267 -3.03197
233 271 0.0317646
233 281 1.17378
234 237 1.35248
234 241 0.797619
234 254 0.287272
234 262 2.32559
234 270 0.651474
234 278 0.488679
234 279 0.184125
234 283 0.241926
234 299 -5.34933
234 305 0.245494
234 329 -3.31536
234 334 3.31536
234 342 -0.924411
234 350 3.27644
234 354 -4.38502
235 239 0.0507057
235 260 0.0701856
236 254 2.21839
236 282 -0.177764
236 289 -0.297779
236 315 1.17659
237 241 2.04418
237 242 -3.24283
237 251 -1.38578
237 279 0.372666
238 256 -10.4089
238 257 0.26117
238 284 1.90394
238 293 5.60317
238 311 1.30083
238 326 -3.73241
239 260 1.32426
239 273 8.85834
239 290 -8.65642
239 294 -0.0287501
240 243 3.62832
240 255 1.96357
240 260 -0.466883
240 285 -0.407802
241 242 -0.591749
241 299 -0.0832207
243 260 -0.0417008
244 267 7.24287
244 268 -3.91844
244 304 -3.43706
246 250 0.232657
246 256 -0.275491
246 266 -9.5139
246 280 1.57943
246 311 1.57696
246 314 0.851042
246 319 2.35294
246 326 -1.23638
248 261 0.471333
248 269 0.849093
248 272 1.78253
248 292 -3.57445
248 302 2.69793
248 333 0.337539
248 347 0.302655
248 353 -0.0219762
248 368 0.0942587
248 389 0.864726
248 402 -0.0175944
249 275 -1.54514
249 303 0.0165346
249 316 -0.0041512
251 252 -0.142921
251 262 -4.01201
251 279 -0.787082
252 259 -2.27269
252 262 0.173631
253 281 -0.212606
254 278 -2.93596
254 289 -4.70649
254 305 0.0167347
254 315 1.22567
255 260 -0.0826333
256 311 -0.489893
256 314 -0.0401049
258 269 -2.85347
258 272 -5.15697
259 262 -9.93955
259 263 -0.0830567
259 310 3.54003
259 323 0.110678
259 335 0.965161
260 273 4.91603
260 285 1.97769
261 292 -2.6131
262 279 0.815608
262 329 -3.43216
262 334 0.205233
262 335 -2.63111
262 356 -0.13048
262 382 0.0524949
263 310 -0.0273573
263 323 -5.57971
264 295 0.629844
264 416 -0.498706
265 275 -0.00468215
265 276 4.43293
265 300 0.0504177
265 303 0.733243
265 316 -0.262566
266 276 -1.3918
266 280 -8.41866
266 300 1.31574
266 319 -3.91844
266 326 -3.91844
266 352 -1.57696
266 358 -7.48459
266 373 -2.93164
266 381 -4.8442
266 386 0.0060998
266 397 -5.53733
266 399 -0.0417016
266 406 -1.44559
266 424 -0.00843232
266 434 1.1093
266 445 -0.0138043
266 470 0.106533
266 471 -1.63259
266 473 1.56979
266 483 0.993904
266 496 -0.353157
267 271 -7.68183
267 291 -4.06592
267 304 -5.88714
267 313 -6.96357
267 322 0.304742
268 296 -1.40103
268 304 2.40645
268 324 -0.0407966
268 361 -0.421287
268 365 -0.00736628
268 367 1.52038
268 398 0.0586873
269 272 1.47101
270 278 0.104186
270 283 -0.0520929
271 281 0.396828
271 291 0.481122
271 298 -0.555232
271 318 -0.0925483
272 282 -15.7087
272 302 4.74927
272 321 0.36057
272 340 -2.93164
272 371 0.477026
272 374 -0.238587
273 285 1.02559
273 290 -0.870018
273 294 -0.143779
273 307 2.08615
273 331 -1.57176
273 338 1.55524
273 339 5.5981
273 349 2.41073
273 364 1.77641
273 369 0.392873
273 392 2.42981
273 400 4.66276
273 407 0.0794994
273 417 2.39579
273 431 0.648175
273 435 0.332789
273 437 -0.133572
273 458 0.541256
273 481 1.05393
274 301 1.47101
274 309 0.9578
274 312 1.72535
274 328 0.277907
274 362 0.434767
274 408 0.0663309
275 276 -0.00702322
275 300 -0.00234107
275 303 -0.113317
275 316 0
275 330 -3.77234
275 332 -0.0343077
275 357 -0.013275
275 388 -0.0219384
276 300 -1.35067
276 303 0.0239726
276 316 -0.233606
277 286 -1.0294
278 283 -0.547999
278 289 -0.213044
278 305 -9.07124
278 315 -3.51285
278 341 0.674139
278 342 -10.0012
278 350 0.500534
278 363 0.127592
278 387 -1.88202
281 286 2.19345
281 291 0.0139813
281 297 1.00524
281 298 -0.20052
281 318 -1.15601
281 345 -0.213163
281 379 0.0744957
281 380 -0.0069907
282 315 -0.463329
282 321 -0.721134
283 305 -0.0207947
284 293 2.05059
284 326 -0.148121
286 345 -0.108312
286 360 3.05517
287 292 -1.9516
287 296 -0.0150808
289 305 -2.88795
290 293 -0.0299437
290 306 0.117557
290 308 0.0029397
290 331 1.2
290 337 0.418228
290 344 1.39403
291 298 -1.96491
291 313 1.0007
291 318 -9.38528
291 322 -0.609481
291 379 0.60595
291 380 -4.16986
292 296 -0.491134
292 333 -8.72974
293 308 0.129802
293 317 2.64772
293 326 -0.962998
293 352 1.27785
295 320 3.53282
295 412 3.73241
295 416 -3.54777
295 442 -0.717862
296 324 -0.0670622
296 333 0.123864
296 365 0.107543
296 368 0.0119584
296 401 -0.00738099
297 298 -2.58755
297 318 -0.425692
298 318 0.618144
300 303 0.100835
300 316 -0.0875898
300 336 -3.2282
300 343 -0.284739
300 357 0.0194565
300 358 -0.891627
300 445 0.0431682
301 309 0.347713
302 353 -0.361989
302 370 0.0886316
302 374 -0.0125787
302 393 -0.0816836
303 316 -0.837375
303 330 0.0984099
303 332 0.442214
303 336 -0.980691
303 343 -0.032793
303 357 0.239242
303 359 -0.332314
303 388 6.18496
303 409 0.245173
304 313 -0.801161
304 346 -0.0946563
304 361 -0.22645
304 384 -0.050788
304 398 -2.27653
306 308 1.74342
306 337 0.0439514
306 344 0.690792
306 381 -0.229514
307 309 5.39092
307 349 3.62787
307 366 2.21948
307 392 -0.249647
307 407 0.228961
308 317 0.941398
308 327 -0.215208
308 344 0.00897315
308 381 -1.25606
309 328 0.29502
309 355 1.4954
309 362 3.62329
309 366 0.913494
309 408 0.300083
310 323 0.111118
310 335 0.353416
311 314 0.0196825
311 326 -0.258219
312 328 3.60665
313 322 -4.18148
313 346 -4.8442
313 380 -2.69623
315 321 1.27962
315 340 -0.236243
315 341 -1.42446
316 332 -0.0347991
316 357 -0.119521
316 388 -0.102163
317 327 -0.573292
317 352 1.06189
317 373 0.0507834
317 381 -0.899108
318 379 -1.99428
321 340 -0.117679
323 335 -10.1006
323 351 -10.3299
323 372 1.51619
323 375 -1.10605
323 385 -0.644704
324 365 -0.679248
325 330 -0.0863688
325 351 0.246522
325 359 0.209097
325 375 0.345357
325 390 -0.00215206
325 395 0.0337042
325 396 1.45048
325 409 -0.0386063
326 352 -8.10744
328 355 0.629183
328 362 0.0382253
328 408 0.0392679
329 334 -2.68539
330 332 0.0200779
330 359 -3.78811
331 338 -4.64278
331 344 0.179457
331 348 2.26147
331 364 0.806686
332 388 0.119493
333 347 0.95354
333 365 1.52963
333 368 0.600363
333 401 -0.0008007
334 335 -0.0888954
334 350 1.20381
334 354 -2.85347
334 356 -0.140805
334 372 0.00129551
334 382 2.82133
334 405 0.934407
334 494 0.207433
335 356 0.101258
335 372 -6.75333
335 382 0.0121749
336 343 -0.301046
336 357 -0.340373
337 344 0.440319
338 364 0.00013931
339 364 -0.000388406
339 369 2.31271
340 341 -0.639326
340 371 -1.49683
341 371 5.02166
341 374 -0.627841
341 387 -0.966309
341 394 0.258219
341 415 1.92328
342 350 -4.50691
343 357 -0.803355
343 358 3.80783
343 410 -2.41897
343 411 -0.0436971
343 427 -3.25329
344 348 2.88307
344 376 1.50008
344 381 -0.0319359
344 391 -0.188972
344 400 0.223999
344 406 0.438212
345 360 -1.22768
345 379 -0.537262
345 383 -0.248313
346 380 1.66973
346 384 -0.1013
346 398 -5.78622
346 438 -0.811677
347 365 0.0217662
347 368 2.55961
347 389 0.202284
347 401 0.000581365
347 402 -0.0175944
348 364 2.53888
348 391 -0.0908084
348 400 0.307599
349 392 1.56196
349 407 0.0761771
350 354 -0.763511
350 363 0.357192
350 377 -2.6685
350 382 0.237151
350 387 -1.72917
350 394 2.09888
350 420 0.741899
350 430 -0.00174692
351 375 1.19238
352 373 0.194952
352 381 -0.242281
353 370 -5.90161
353 389 -0.852592
353 419 -10.6536
353 456 1.94101
353 476 -3.01573
355 362 0.507285
355 378 0.167256
355 408 0.200241
356 372 -0.000750773
356 382 0.0121749
357 388 0.0315636
357 410 -0.116877
358 386 -1.42058
358 411 -3.93608
359 390 -0.014964
359 396 0.0463344
359 409 -1.0475
360 383 1.44103
360 464 0.064312
360 527 -0.132481
361 365 -3.10675
361 367 -3.43706
361 398 -3.43706
362 366 0.761365
362 378 3.63317
362 392 -2.79105
362 403 5.64047
362 408 0.390111
362 418 3.3192
362 421 0.0194675
363 387 -0.376821
363 394 0.503318
364 369 1.82154
364 400 0.568957
365 367 0.375682
365 368 0.223949
365 398 1.30386
365 401 -0.531228
365 414 -0.105078
365 432 1.57618
365 443 -0.419505
365 455 -0.683592
365 508 0.24562
366 392 -1.61554
366 408 0.0359098
367 398 0.0807311
368 389 -0.332385
368 401 -0.0590098
368 402 0.365856
370 393 -1.68513
370 419 0.803533
371 374 -1.58049
371 393 -2.52745
371 415 6.21756
371 419 1.86188
371 429 -1.88061
371 448 -0.607138
371 451 2.93164
371 452 2.61005
372 382 0.0540307
372 385 -3.99876
373 381 -0.287958
374 393 -0.037368
375 385 0.580929
375 396 1.76218
375 405 -0.0355931
375 425 0.848214
375 444 0.0282141
375 499 -0.0617884
378 408 0.0578729
379 380 -0.798677
379 383 3.4608
379 404 0.597014
380 404 -0.160199
380 413 6.96388
380 438 -0.854739
381 406 -0.454068
382 385 -0.426972
382 405 0.752667
382 430 -3.02133
382 494 0.809703
383 404 4.03503
383 464 0.0612249
383 492 -3.57445
383 505 -4.60646
384 398 1.18284
385 405 -0.368638
385 425 0.176865
386 397 -0.17252
386 399 1.50545
386 411 0.886457
386 424 0.716589
386 428 -2.92501
386 457 0.146901
386 469 0.0177625
386 470 0.00945192
386 473 0.274275
386 478 1.36743
386 488 0.302949
387 394 -4.05511
388 409 3.86303
388 410 -0.0599079
388 426 -2.89794
388 427 1.25239
388 439 0.576574
388 450 1.23277
388 469 0.0834839
388 477 0.278513
388 480 2.95857
388 516 -0.0884346
388 548 -0.554465
389 401 -0.108668
389 402 -0.319694
389 455 -0.0113979
389 456 -7.63205
389 476 0.310947
389 508 0.621894
390 396 -0.0876801
390 409 -0.758705
391 400 -2.79374
392 407 1.87596
392 408 -0.0362774
392 421 -0.0376063
392 435 1.14817
392 437 -0.0247384
392 466 2.08263
392 481 0.293918
393 419 -8.25538
394 415 2.10127
394 420 1.65587
394 423 -1.44897
394 429 -3.73241
395 396 0.268994
396 409 0.0312438
396 433 0.302686
396 444 0.12179
397 399 -1.78154
398 414 -0.283082
398 438 1.57899
399 424 0.663653
400 406 0.437252
400 417 3.6867
401 402 0.571524
401 455 2.51365
403 418 1.72077
403 422 2.66288
403 441 0.144991
403 454 0.219704
404 413 4.92323
404 438 -8.74338
404 492 -12.7264
405 425 -0.778081
405 449 -0.0146888
405 453 -0.572615
405 461 -0.46477
405 467 -4.20705
405 494 0.0704693
405 499 0.0857209
405 504 0.40319
405 509 0.0309531
405 523 -0.514768
406 417 1.87213
406 434 -6.58125
406 440 0.418785
406 446 -0.106254
407 435 0.346077
407 447 -0.90699
407 459 1.39232
407 463 0.00548468
407 466 1.55483
408 418 4.3522
408 421 0.213052
408 479 0.30128
408 517 0.157868
408 524 -0.00657098
409 433 0.0227407
409 444 3.60124
409 480 1.52959
409 487 1.7076
409 537 1.03859
410 426 -0.0278468
410 427 0.764374
411 427 0.333728
411 428 -0.866398
412 416 -2.02352
412 442 -1.84714
413 438 -5.14011
414 438 -0.0767398
414 443 0.730203
414 493 0.129419
414 507 -0.0633019
414 511 -0.129364
415 429 -8.57661
416 442 0.208978
417 434 -0.147431
417 440 3.5462
417 446 -0.0184953
417 462 4.0644
417 481 0.485319
417 535 0.419362
418 421 0.149387
418 422 3.62491
418 479 0.193899
418 517 1.74796
418 519 0.467445
418 524 -0.00657098
419 436 4.72807
419 448 -0.314205
419 460 0.765767
419 476 2.52745
419 486 -5.60327
420 423 -7.03584
420 430 -1.57235
420 494 1.60518
420 504 2.20541
421 466 0.21674
421 479 0.429793
422 454 0.32539
422 485 2.79017
422 519 0.519093
422 528 0.564245
422 558 -0.00356403
423 429 2.19407
423 451 -1.76786
423 504 -1.88061
424 457 0.0071155
425 444 0.776477
425 465 5.48708
425 499 -0.0333787
426 427 -2.04177
427 428 -0.0906617
427 457 3.95342
427 469 2.18812
428 457 -0.538048
428 469 -0.0110289
429 451 -3.98514
430 494 -8.46283
431 437 -0.0268832
431 481 0.0572965
432 443 -4.31333
432 455 -1.86043
432 507 0.490345
432 508 1.31143
432 515 3.65075
432 534 2.31952
432 544 3.17851
433 444 0.0231155
434 440 -0.148361
434 445 -0.0255614
434 446 -7.70295
434 462 0.0023561
434 471 -0.620801
434 474 -6.09635
434 481 0.00886685
434 502 -8.14726
434 535 -1.77204
434 550 -3.96644
434 567 1.16715
434 592 0.952917
435 437 -0.0138492
435 447 0
435 458 2.91015
435 459 -0.07477
435 475 -2.26299
435 481 0.231118
435 490 -0.683613
435 510 0.42935
436 448 -0.794303
436 452 2.5886
436 460 0.11444
436 486 -5.29399
436 513 0.00613031
436 520 -1.70304
436 545 0.0504088
437 458 -0.0218025
437 481 -0.13665
438 482 1.69409
438 492 1.57433
438 493 -0.321306
438 506 0.0202651
439 450 0.533689
439 469 5.28105
439 480 0.126489
439 516 -0.055477
439 548 -0.865683
439 554 3.93842
439 555 0.840781
439 560 4.22494
439 588 -0.361528
440 446 -1.54992
441 454 2.18041
442 454 -0.322076
442 503 1.47314
443 507 -0.697109
444 465 4.28906
444 499 -0.72355
444 537 1.81155
444 548 -0.0213634
444 583 0.0359947
445 470 0.0106571
445 471 0.151894
445 483 -0.000169635
445 489 1.62584
445 496 0.0380638
447 459 0.0399458
447 463 1.39014
447 475 -0.0429585
448 452 -0.944433
449 461 -1.06254
449 467 1.58235
449 468 -4.6475
449 484 -0.772245
450 469 0.61672
451 452 1.6739
451 472 -9.67858
451 504 2.35264
451 523 -0.380971
451 564 1.84984
451 580 2.77854
451 598 -3.76415
451 599 -0.138121
451 621 1.94474
451 625 2.18405
452 472 -4.90478
452 520 -0.45686
452 545 0.0505039
452 546 -0.304378
452 564 0.56723
453 461 0.211757
453 495 -0.00109864
453 499 -1.07761
453 514 0.314641
453 521 0.699231
453 531 -0.0681389
454 485 0.433071
454 491 3.82349
454 503 3.77423
455 508 -2.71996
456 476 -13.7164
457 469 1.3624
457 473 0.0129071
457 478 1.53595
457 488 0.0693377
458 481 0.448659
458 497 4.81652
458 510 5.52582
458 557 -0.189853
459 475 1.35753
460 486 -1.54979
461 468 -0.566354
461 495 0.533255
461 499 -0.00587597
461 514 0.0178612
462 481 0.0888739
463 466 1.47738
463 475 -0.542234
463 490 -0.190054
464 505 -1.52308
464 527 -2.10127
465 499 -0.430506
466 479 1.16213
466 490 -0.154435
466 498 3.05244
466 500 -0.106062
467 484 -0.945442
467 495 0.963832
467 509 -0.135482
467 536 -0.268969
467 566 0.770232
467 578 0.0585479
467 613 0.0995313
467 631 0.014151
468 484 -0.00588166
468 495 -0.463389
469 478 1.97992
469 488 0.859994
469 554 0.328807
469 555 1.86804
469 574 0.422958
470 473 0.414758
470 483 0.305877
470 488 2.78169
471 474 0.349712
471 489 1.39723
473 488 1.24463
474 489 0.0406956
474 501 0.00768671
474 502 1.00311
475 490 1.2635
476 486 -10.2234
476 508 1.71143
476 530 0.100163
476 539 -8.99915
476 552 0.604097
477 480 0.760028
479 498 0.671534
479 517 0.782459
479 524 -0.794278
479 533 0.00258509
480 487 7.93321
480 516 -0.068959
480 548 2.84844
481 497 3.21139
481 535 1.37498
482 492 1.48786
482 493 -5.72231
482 506 1.10739
482 511 1.79608
482 522 0.289059
482 542 0.757448
483 488 3.46855
483 496 -2.50627
484 495 -0.263889
484 514 0.00313484
485 491 2.61728
485 528 0.316183
486 513 -3.7762
486 530 -0.24998
486 552 -0.562198
487 537 1.51
487 548 1.47101
487 583 0.0427345
488 496 -0.278376
488 540 2.31729
488 555 3.54081
488 556 2.40519
489 496 0.197612
489 501 1.33111
489 512 1.17837
489 538 0.105907
489 540 0.0529535
490 500 1.18078
490 510 -0.261746
491 503 3.73241
491 526 5.36739
491 528 3.83366
491 549 2.06442
491 569 1.71572
491 575 1.28791
492 505 1.16133
492 506 0.410732
492 522 2.07311
493 511 -5.5427
494 504 0.17335
495 499 0.731419
495 514 0.0267121
495 529 3.48172
495 531 0.139613
495 553 0.428494
495 562 1.54646
495 566 1.21334
495 601 1.32717
495 613 1.0028
495 631 0.181019
495 668 -0.0255562
496 501 0.0777236
496 512 -0.0378791
496 538 -0.123217
496 540 -3.26718
497 535 0.673387
497 541 0.707318
497 557 -0.969532
498 500 -0.128793
498 518 -1.19828
498 524 0.703611
498 532 -0.258219
499 514 -0.0755285
499 521 -0.246266
499 531 0.616671
499 537 -0.723939
499 562 0.214538
499 607 2.44494
499 609 -11.0334
499 610 2.06181
499 631 -1.18924
499 632 -2.22758
499 661 2.11177
499 670 0.194195
499 674 -2.22467
499 699 0.0825048
500 510 -3.19897
500 518 2.10127
500 525 -1.25517
501 502 0.0233073
501 512 0.128771
501 538 0.19834
501 547 -0.00259453
502 538 -0.00557209
502 547 0.461453
502 550 3.31929
502 615 0.0591004
502 647 0.105108
503 526 0.695588
503 561 1.27785
504 523 -8.12545
505 506 -0.0306952
505 522 3.77573
505 527 4.29449
505 559 0.618051
507 511 1.29422
507 515 -2.31597
507 544 -1.02216
507 551 0.855583
508 539 -5.26263
508 544 1.02394
508 563 9.24183
509 523 -0.18114
509 536 -3.91844
510 525 2.47031
510 557 -2.7844
511 542 4.90075
511 551 4.10438
511 597 0.303956
512 538 0.108095
513 520 -0.0752614
513 530 0.292551
515 544 4.80041
516 548 -0.0604349
517 519 0.565403
517 524 -0.0436846
517 533 0.00258509
518 525 -2.03576
518 532 1.95015
519 524 -0.00423802
519 528 1.56234
519 532 1.43586
519 533 0.759583
519 543 -2.24805
519 558 0.0195595
519 571 0.416586
519 596 -0.0380196
520 530 0.230148
520 545 -3.61977
521 531 -0.0235923
522 542 3.69807
522 559 1.24448
522 608 1.11055
523 536 -0.101617
523 573 -0.698967
523 578 -0.214342
523 599 1.34159
524 532 -0.664165
524 533 0.411232
525 532 -0.0371091
525 543 1.46582
525 557 -0.210882
526 561 3.42116
526 569 3.14068
526 575 0.834592
527 551 0.886457
527 559 0.971396
527 628 1.40964
527 651 4.28643
527 660 5.20433
527 705 4.79148
528 549 5.68916
528 558 -0.67006
528 585 0.158837
529 553 0.104832
529 562 4.46099
529 593 -4.76974
529 631 -0.0315654
530 545 -0.454406
530 552 1.35358
532 533 -0.00852783
532 543 -0.726899
534 544 1.78253
535 557 -0.430435
535 568 0.467529
535 570 0.467529
535 579 1.815
535 592 -0.906202
536 566 -0.0368686
536 578 -0.0184343
537 548 1.00678
537 583 -0.175336
537 614 0.00202936
538 540 1.09854
538 547 0.340714
538 556 6.4303
538 615 3.09836
539 552 -6.85009
539 563 -2.64699
540 556 0.229445
541 557 -0.258833
542 551 0.649388
542 608 0.500964
542 619 2.39666
543 557 -5.15254
543 565 1.84714
543 571 -2.02352
544 551 -0.242411
544 563 0.28775
544 586 3.40175
544 590 1.45285
544 597 2.31952
544 605 1.98633
544 606 0.0111655
544 637 2.817
544 641 1.12554
544 642 0.218395
544 657 0.0959473
544 663 0.0351433
545 546 -0.845907
545 552 0.370603
545 564 0.329469
545 572 0.814276
545 576 0.81228
545 577 -2.01081
545 591 0.144987
546 564 -1.84714
547 550 0.566633
547 615 0.397659
547 647 0.0449368
548 583 -0.434769
548 588 4.403
548 602 -0.0449863
548 614 0.337875
548 618 3.43706
549 569 5.42739
549 585 2.03926
550 567 -2.58569
550 584 -1.92285
550 640 0.0884282
550 647 -0.0788753
550 697 -0.0644965
550 700 -0.0286044
551 559 0.0151936
551 597 0.888181
551 608 0.0101855
551 619 2.67366
551 638 3.63155
551 660 2.02351
552 563 2.69973
552 572 1.15848
552 600 0.933989
552 606 0.00109565
553 562 0.11674
553 593 -0.132481
554 555 0.750934
554 560 1.91448
554 574 0.197588
554 588 3.70309
554 594 0
554 618 9.01795
554 635 0.930037
555 556 0.845418
555 574 0.418717
555 581 1.268
555 594 -0.348892
555 629 -1.20464
555 640 0.741767
556 615 2.45023
556 640 -0.0766797
556 647 0.706861
557 565 -0.533685
557 568 -4.86952
557 570 -0.854915
558 571 0.406031
558 582 -0.0668301
558 585 -2.44479
558 596 -0.121244
558 622 -2.76971
558 627 1.91493
559 608 0.317898
559 619 0.0470866
560 588 0.0687884
562 593 -4.2471
562 601 -0.000184158
562 631 -0.196908
562 661 0.0919962
563 600 0.288307
563 606 0.00209745
563 637 0.649778
564 577 -1.74656
564 580 0.16855
564 587 0.153099
564 591 1.44555
564 595 0.136837
565 568 6.14665
565 571 -4.86865
566 573 -0.16892
566 578 0.234217
566 613 0.627821
566 631 0.14085
566 646 -4.89725
566 668 -0.312284
567 584 0.313449
567 592 0.430863
567 603 2.88731
567 626 1.63085
567 652 1.1686
568 570 1.59205
568 571 -3.10675
568 579 1.11747
568 589 2.74365
568 616 7.65385
569 575 3.31536
569 585 3.61337
569 617 3.83954
569 623 8.0979
569 627 -1.61347
569 650 -1.01422
570 579 0.408846
571 582 -0.200269
571 596 -0.167484
571 612 -0.988464
571 653 3.23504
571 675 -1.06254
572 576 0.549881
572 600 -0.0357642
572 624 -0.0223747
572 634 -0.245956
572 637 0.0976114
572 643 0.186833
572 654 0.0083277
572 682 -0.0336066
573 578 -8.84775
573 599 -0.0791136
573 621 2.1596
573 668 1.6227
573 669 -5.48769
574 581 -0.00467631
574 594 6.39292
574 629 0.110076
576 591 0
576 620 -1.86673
576 634 -0.126574
577 591 -5.91779
579 589 1.34844
579 592 1.03733
579 604 7.39168
579 611 0.533344
579 616 8.65185
579 626 0.121331
579 636 1.0841
579 652 -0.012898
579 656 1.16849
579 667 1.68742
579 677 0.0240541
579 683 5.50503
579 685 0.819937
580 587 1.55263
580 595 0.069758
580 598 -3.38705
580 639 -0.638193
580 644 -0.115221
580 645 -0.779954
581 594 -0.00447831
581 629 -0.0183093
582 596 1.93657
582 612 0.759469
583 607 -3.57445
583 614 -0.0313839
584 603 0.25135
584 666 5.35619
584 671 0.321795
584 697 1.76233
584 700 2.31963
585 627 -1.12464
586 590 0.358643
586 605 1.74964
587 591 0.203575
587 595 0.780044
588 618 3.20604
589 616 0.682005
590 605 3.78549
590 641 0.280439
591 595 -0.808193
591 620 1.25185
591 630 1.13362
592 611 4.73064
592 626 0.415016
592 652 0.087755
594 629 1.28822
594 635 2.3872
594 640 -0.181661
594 649 2.19697
594 681 2.14198
594 684 2.60544
594 692 0.792291
594 697 4.14584
594 709 -2.58569
595 630 -2.61396
595 634 -0.273454
595 639 -5.87226
595 648 -0.20621
595 654 -0.624435
595 665 -0.794069
595 673 -0.55042
595 686 1.33174
595 687 0.026502
596 612 1.52752
596 622 5.52557
596 633 10.3712
596 678 5.27469
596 701 3.10675
596 714 -8.9114
597 605 3.40402
597 638 1.89717
597 651 0.256173
598 621 -2.01376
598 625 -3.44408
598 645 -0.0111868
598 668 -0.0721259
599 621 -0.216558
600 606 0.00128584
600 637 0.380971
601 631 0.0141513
602 614 -0.0472677
602 618 -0.198833
603 652 2.71175
603 655 4.8782
603 659 2.93164
603 666 6.2279
605 641 1.60677
605 651 5.87728
605 657 0.109293
606 637 0.0968512
607 614 1.23085
607 618 1.72803
607 632 -14.3837
607 658 -0.00778178
607 661 -0.699101
607 690 0.192867
607 699 4.99108
607 702 1.94483
607 707 -0.445725
608 619 0.12542
609 610 -5.14855
609 658 -0.0457373
609 661 -2.36822
609 664 0.828647
609 670 -0.0971488
609 690 0.0454382
610 632 -0.635286
610 658 2.07972
611 626 1.02032
611 636 1.64666
611 652 -0.0101334
612 633 6.28012
612 675 4.80014
613 631 0.922348
613 646 -0.760651
613 661 -3.31536
613 689 -5.77814
614 618 12.6982
614 699 0.141254
615 640 -0.0352899
615 647 8.07932
616 653 -1.31121
616 683 4.64796
617 623 1.95015
617 627 -0.704796
618 635 1.37962
618 680 4.337
618 699 0.245695
618 707 -0.0272152
620 630 0.987145
620 634 1.10372
621 625 2.28191
621 645 -0.010441
621 668 1.71883
621 669 -3.57445
621 687 0.199963
622 627 -3.79725
622 650 -0.106257
622 662 2.51249
622 678 2.66381
623 627 -2.21531
623 650 -1.74258
624 634 -1.20067
624 643 -0.00370736
624 654 -5.41794
626 636 0.141019
626 652 -0.878391
626 656 0.112532
626 671 -0.798405
626 677 0.890033
627 650 1.44559
629 640 -1.70997
629 684 0.840752
629 692 4.41874
629 697 0.451268
630 634 1.10833
631 661 -2.22711
632 658 -2.35889
633 675 4.99941
633 701 2.23102
634 648 1.13038
634 654 0.428686
635 649 0.756026
635 681 7.84918
635 699 0.459731
636 656 0.668377
637 642 0.628114
637 643 1.44694
637 654 -0.13797
637 672 1.56574
637 679 1.66174
637 682 -0.779134
637 688 0.217191
638 651 1.94595
638 660 1.54267
639 644 0.0689511
639 686 -0.852313
639 687 0.376902
640 647 -0.138672
640 697 -1.0358
641 651 1.66089
641 657 3.38045
641 679 3.91147
641 694 0.971416
641 705 1.49683
642 657 0.0606317
642 663 0.030294
642 679 2.81967
643 654 -0.0454429
644 645 -0.0585027
644 668 0.115002
644 687 0.559087
645 668 -0.0647968
645 687 -0.0928203
646 668 -1.81446
646 689 -8.74338
648 654 0.951066
649 681 0.722426
650 662 -1.89699
650 676 -3.27736
650 678 -0.533685
651 660 5.52903
651 705 2.41463
652 659 1.82535
652 671 6.41691
653 671 0.0497225
653 675 -6.31637
653 683 -0.329996
653 698 -0.0824909
653 704 -0.0825073
653 706 0.593695
654 665 2.12252
654 673 1.65276
654 682 1.27824
655 659 4.7989
655 666 2.06181
656 667 3.19925
656 677 0.0244093
657 663 2.67959
657 679 0.359794
657 694 0.243085
658 690 -0.249434
659 666 1.87126
659 671 1.67524
659 703 3.28975
661 664 -5.53733
661 668 3.01073
661 670 -1.84714
661 674 -11.5703
661 689 1.409
661 690 -0.813299
661 707 1.46053
661 709 -4.09899
662 676 2.14198
662 678 5.38491
664 670 -0.483906
665 673 1.37165
666 671 0.533685
666 703 3.10675
667 677 -1.48807
667 685 3.10382
668 669 -9.11179
668 687 3.89936
668 689 1.94515
668 709 -2.71175
670 674 -0.194093
671 677 -1.75073
671 695 3.43706
671 696 -3.31835
671 697 1.12464
671 698 1.30399
671 703 0.610325
671 704 0.188261
671 706 0.0631978
671 709 -3.73241
671 710 -0.905358
671 713 -5.11896
672 679 0.648919
672 688 1.20273
672 708 -1.08827
673 682 1.84928
673 686 -1.21273
675 701 4.22513
675 706 -0.868475
675 710 0.0463686
675 714 -1.89955
676 678 5.1706
677 685 -0.601089
677 695 -0.537509
677 696 1.69086
678 714 -2.18405
679 694 1.05201
679 705 1.99171
679 708 -0.441793
679 711 3.84272
679 712 0.23008
679 715 1.73857
679 721 0.0805197
679 722 0.0229571
679 725 0.111581
679 739 0.450639
679 747 4.36643
679 755 0.0291609
679 789 -0.036447
679 801 1.79117
679 811 0.0549732
681 699 3.31536
681 709 -2.36822
682 686 -0.0875208
682 688 2.2844
683 685 0.205861
683 691 2.81064
683 698 1.69448
683 704 0.237163
684 692 4.24542
685 691 1.52308
685 693 1.54977
685 696 -1.42204
686 687 3.33927
686 688 0.00357825
687 688 0.00924323
687 708 -0.775982
687 709 -4.16308
688 708 -0.735001
691 693 0.867703
691 698 3.45858
693 696 -0.713566
693 698 0.811777
696 698 -0.174398
697 700 0.892612
697 709 -6.55789
698 704 0.592399
698 706 0.0771662
699 702 0.201835
699 707 -0.342119
699 709 -4.93066
701 714 -2.52745
702 707 -0.0884674
704 706 0.0426517
705 715 1.36989
706 710 -0.362066
707 709 -2.18405
708 709 -1.29914
708 712 0.0118647
708 722 0.703716
708 723 -0.321795
708 725 3.35517
708 726 -2.41367
708 727 -0.531311
708 728 0.249124
708 730 -10.1653
708 731 -1.01703
708 732 0.0436602
708 735 -1.39593
708 784 0.00341521
709 713 0.758015
709 723 -15.6949
710 713 -0.722426
710 714 -0.0441751
710 718 -0.0324435
710 723 -0.587514
711 712 2.20408
711 721 1.42983
711 722 -0.0282528
711 739 1.48117
712 721 -0.0302851
712 722 0.231542
712 725 -0.00138949
713 723 -7.83689
714 716 1.33636
714 717 0.396496
714 718 1.39039
714 719 0.0683126
714 720 -0.671228
714 724 -0.00554654
715 801 3.62954
716 717 4.5243
716 718 4.13419
716 724 -0.00554654
716 743 -7.02959
716 765 -3.36646
716 798 -3.33403
716 807 -4.5623
716 815 -2.1269
716 822 -0.872646
717 719 3.10515
717 720 -0.376874
718 723 -0.0872555
718 724 -0.0664435
718 729 -2.64715
718 743 -2.12287
719 720 -0.035735
721 722 -2.56909
721 725 -3.31536
721 739 1.37354
721 755 0.116571
722 725 3.93481
722 784 0.00683041
723 724 1.45089
723 729 0.393804
723 732 -8.54489
723 733 -4.8818
723 734 -3.31536
723 737 -9.37162
723 738 -11.0747
723 740 -1.91493
723 741 -6.6812
723 742 -13.9281
723 745 -10.0678
723 746 -8.98936
724 729 1.77433
724 742 -3.31536
724 743 1.61911
724 752 -22.4582
724 764 1.30292
724 783 -3.01573
725 730 -0.0785344
725 747 0.0684268
725 750 5.5138
725 755 -12.5345
725 784 0.0540219
725 785 0.00655994
725 789 -1.0093
725 801 0.695554
725 811 2.78512
725 828 1.19945
726 727 0.579951
726 731 0.0237754
726 735 2.48048
726 736 -0.0249261
726 757 2.21026
726 768 0.276
726 779 6.43761
726 788 5.33524
726 810 1.75131
727 731 -0.0143127
727 736 -1.35708
728 731 -0.596646
728 732 0.227191
728 744 0.950377
729 743 1.14578
730 735 1.91294
730 750 -0.627082
730 753 0.00441217
730 756 0.0182996
730 762 1.42798
730 770 -1.43688
730 778 -2.02352
731 732 -0.00963142
731 736 0.157252
731 744 0.0119417
731 757 0.0475509
731 758 -0.0200441
731 768 0.0774239
731 773 -0.010022
732 733 1.04226
732 744 0.590742
732 758 4.34897
732 767 -0.463839
732 775 1.50324
732 791 1.54593
732 803 -3.78262
733 734 0.00795588
733 748 0.932175
733 759 -0.11138
733 767 -0.238492
733 769 -0.0787483
734 740 0.51695
734 748 -0.0111929
734 751 1.99673
734 759 0.303338
734 769 0.187648
735 778 -0.274059
735 779 3.96691
736 757 -0.0124631
737 745 1.12372
737 746 0.478593
737 749 0.0715473
738 742 1.421
738 746 1.5202
738 754 5.16006
738 761 0.00787351
738 763 -2.5005
738 771 -0.0703408
738 777 1.52821
738 786 1.73659
738 787 0.0349003
738 804 7.90651
738 819 4.18494
738 832 0.0102234
739 747 2.2173
739 755 0.889666
740 741 1.49683
740 751 2.75858
740 760 6.30543
740 794 4.49413
740 813 0.0205384
740 826 0.032293
741 745 5.13027
741 746 1.66155
741 760 4.37396
742 752 1.4701
742 754 -0.0395751
742 771 -0.396496
743 764 0.475484
743 765 1.12464
744 757 0.518586
744 758 0.170561
744 768 1.5991
744 772 -0.155941
744 773 0.179903
744 790 -0.415509
744 814 1.47856
745 746 2.41961
746 749 -1.97107
746 760 4.90135
746 763 -5.96235
746 776 0.434708
746 777 0.0571922
746 781 -3.44011
746 786 0.864139
746 787 0.0795048
746 792 2.25178
746 800 7.81618
746 820 1.44559
747 755 0.19625
747 789 -0.241398
748 759 -0.0891126
748 769 -0.0447052
750 766 1.31306
750 770 -0.281937
750 784 0.0586395
750 785 0.00823046
751 759 3.24646
751 796 0.485797
751 813 0.0462883
751 826 0.0678703
752 771 -0.990878
752 774 -3.49959
752 782 -0.0723869
752 783 1.62401
753 756 0.0363792
753 762 0.0293619
753 766 -0.00289336
753 770 -0.0105871
753 793 2.30852
753 808 1.90097
754 771 2.28937
754 782 1.59441
754 804 6.95896
755 789 0.969848
756 762 1.61081
756 770 -0.111527
756 808 -0.0154729
757 768 1.85324
757 780 -0.0708332
757 788 2.63154
757 790 -0.10923
757 814 0.51571
757 831 0.127597
758 773 0.896268
758 795 0.204437
758 803 -2.22758
758 816 0.077581
759 767 0.861753
759 769 6.1747
759 796 1.0851
759 826 2.90176
760 776 5.99097
760 806 3.39575
761 763 -0.00883809
761 777 0.0731064
761 787 0.00516821
762 770 -0.078794
762 778 -3.11143
762 808 1.13827
762 809 3.6117
762 830 -4.57201
763 777 -3.0459
763 786 -1.10372
763 787 -0.0157122
764 765 1.48789
764 783 -10.5825
765 783 -3.91844
765 797 2.01232
765 798 1.58877
765 799 -9.68841
766 770 -0.553552
766 784 0.755344
766 785 1.26696
766 793 -0.03614
767 769 8.42326
767 775 -0.289821
767 791 -1.31359
767 805 1.19784
768 780 -0.00905649
768 790 -0.0521154
769 805 3.39902
769 826 3.36729
769 833 1.69086
770 793 0.0594696
770 808 0.0676051
771 774 1.27785
771 782 1.6025
772 773 -0.038922
772 790 -1.29444
772 795 -3.82798
772 812 -0.337785
773 795 0.206198
773 816 0.0317249
774 782 6.17036
775 791 2.23458
775 795 0.116857
775 803 -4.28315
775 805 2.75415
775 817 4.3939
775 823 2.06181
777 786 0.494175
777 787 1.23245
778 779 -3.94205
778 809 -5.59921
779 809 5.9994
779 810 4.81958
779 829 2.23678
780 788 -0.0212933
782 783 -0.259923
782 804 5.45909
782 821 -0.0608878
782 824 7.25582
783 799 2.58569
783 821 -1.02216
784 785 1.93804
784 828 0.054407
785 793 1.34134
785 802 1.30855
785 827 1.01352
785 828 0.647895
786 787 0.280207
786 792 5.35972
786 818 3.79559
786 825 8.65783
787 792 0.0468569
787 818 0.00375538
787 825 0.0112661
788 810 8.99919
788 814 -0.00341338
788 831 0.206684
790 795 5.42624
790 814 -2.49481
791 805 0.0389127
793 802 1.85173
793 808 4.75978
793 827 3.1677
795 803 -0.418426
795 812 4.91039
795 816 0.597056
796 813 5.89227
796 826 0.786897
797 798 1.21424
797 799 -23.8336
797 807 2.06211
797 815 0.434708
797 822 1.69086
798 807 1.14578
799 821 -11.2862
799 822 -5.53733
800 820 3.85119
801 811 1.63282
803 816 -1.84714
803 817 -2.47197
804 819 1.36632
804 832 0.159944
805 823 3.01689
805 833 1.29524
807 815 1.30083
808 827 0.704796
808 830 -7.67035
810 829 0.221465
810 831 0.163779
813 826 1.50153
814 831 -0.29004
815 822 2.19973
819 832 0.0398537
821 824 -9.96496
