MULTICUT
0 6 -6.41209
0 7 -3.10675
0 20 3.8555
0 54 -1.02921
1 3 1.19999
1 8 -3.43706
1 34 -0.00194271
1 39 0.0218488
2 7 1.36906
2 27 -12.3875
2 35 -9.97346
3 17 -5.44295
3 34 -0.00159847
3 39 0.0173684
3 46 0.308678
3 59 0.935841
3 64 -1.74971
3 77 -4.14515
3 92 3.81235
4 8 -2.06181
4 12 -1.00226
4 19 -0.982543
4 33 1.92215
4 44 -6.19113
4 61 -0.656641
4 62 -0.0211863
4 67 -0.0211903
4 88 0.221964
4 94 2.52586
4 119 0.274739
5 15 -0.19214
5 22 -4.22732
5 29 0.0667426
5 53 -0.0283343
5 55 -0.797298
5 73 -0.116934
5 87 -0.00355591
5 97 0.102549
5 107 0.0335202
6 26 -0.0285865
6 40 -7.9582
6 54 -5.53733
7 20 -9.53401
7 35 -5.28219
7 41 0.962998
7 51 -4.52733
8 12 -0.629173
8 33 -2.22758
8 34 -5.53733
8 39 -13.0778
8 47 -3.91844
8 60 -2.31952
9 11 0.710928
9 13 -2.58569
9 23 -0.00159736
9 36 -1.43574
9 45 -0.119927
10 16 -0.0287794
10 42 5.05361
11 23 -0.0542577
11 36 -0.410536
11 42 -5.9139e-08
11 45 -0.624827
11 84 0
13 22 -6.31332
13 36 -3.73241
14 15 -0.517023
14 25 -0.437658
14 28 -0.307115
14 31 2.28811
14 32 -0.226632
14 50 -9.97346
15 31 -8.11522
15 53 -6.41831
16 24 3.18144
16 42 -1.12825
16 57 3.54464
17 21 -6.09575
17 46 -0.0355358
17 92 -0.0057415
18 26 -3.3437
18 37 -0.876363
18 40 -1.06254
19 32 -0.905358
19 44 -4.8442
20 35 0.0549454
20 51 -2.22758
20 54 -0.984458
20 68 1.2806
21 30 6.80542
21 46 -7.71961
21 69 -3.20605
21 71 -1.69086
22 29 -0.133485
22 36 0.161101
22 49 1.86327
22 55 -4.28102
22 84 -0.435493
23 36 0.712167
23 42 3.01573
23 45 -0.130668
23 56 -6.23817
23 82 -0.370283
23 84 -0.0114068
23 96 -3.86829
25 32 -7.1597
26 40 1.03947
27 30 -3.73241
27 35 -0.558344
27 38 -3.36202
27 43 -1.841
27 65 -5.53733
28 31 -1.99923
28 48 0.321795
28 50 -1.52308
29 55 -1.42058
30 65 -3.20605
30 66 2.68084
30 70 -0.721563
30 71 -1.49683
30 99 6.69318
30 109 9.7099
30 145 9.29042
30 165 4.98179
30 189 3.91844
31 48 -5.79298
31 52 0.0123133
31 53 1.27473
31 81 -0.801337
31 86 -1.08465
32 44 -5.34831
32 48 0.201099
32 50 -4.14515
32 62 -1.89752
32 67 -0.573196
33 47 -4.8442
33 61 -0.278836
33 74 0.278436
34 39 -0.841692
35 41 -8.98936
35 43 5.23852
35 51 -2.22454
35 63 6.42793
35 68 0.058989
35 75 -9.28032
35 85 -21.3524
36 45 -0.67478
36 55 1.20521
36 82 0.323199
36 84 -0.0314539
36 108 -0.717578
37 40 4.72133
37 58 0.650301
37 101 2.43577
38 43 -6.21745
38 65 0.17806
38 75 1.30784
38 80 -0.289443
39 59 0.0490421
39 60 0.8325
39 77 -2.99385
39 78 0.5275
39 79 -0.266462
39 93 0.00382771
40 54 -0.353819
40 58 8.27974
40 68 0.0909223
40 98 -0.23858
40 103 6.03082
40 115 0.83062
40 129 1.44755
40 164 -0.308323
41 51 -3.57445
42 56 -5.53038
42 57 -0.632912
42 83 3.16891
42 114 1.09579
42 123 0.0794004
43 75 -2.36822
44 62 -4.8442
46 64 -4.43612
46 69 0.377657
46 72 0.483685
46 76 -0.136866
46 92 3.05435
47 60 -5.84281
47 74 -2.99422
48 50 -9.28177
48 67 -2.57569
48 86 -2.78039
48 89 -6.93417
48 100 -1.14578
48 106 -9.28032
49 55 -0.256581
51 63 -1.16715
52 53 0.0248185
52 81 -0.0611073
52 86 -0.80303
53 73 0.536783
53 81 -0.885309
53 87 -0.149881
54 68 -2.93164
55 84 -0.00103965
55 97 -1.25531
55 107 -0.414382
55 108 -0.358192
55 121 -0.630933
55 122 -4.79761
55 146 0.693111
56 83 -0.195158
56 90 -2.52745
56 96 -3.91844
58 101 2.02424
58 115 0.601089
59 77 -0.098084
60 74 -4.46721
60 79 -0.301019
60 93 0.406026
60 124 -8.57221
60 128 -0.246046
61 74 -10.8223
61 88 -4.38155
61 119 -1.66155
62 67 0.689213
62 94 -0.689742
64 92 -0.116857
65 80 -8.01058
65 109 -4.877
66 70 -0.0511393
67 94 -2.74958
67 95 -10.993
67 100 -0.101248
67 110 -4.43612
68 85 -0.0232847
68 98 -0.143922
68 104 -4.8442
69 71 -5.61302
69 76 3.44523
69 91 -1.54941
69 92 -0.151578
69 102 -0.00325338
69 113 -0.0321095
70 71 -0.618144
70 91 -2.27269
70 99 -0.0511307
70 112 -1.95015
71 91 -0.533685
72 76 -2.2297
72 92 1.96195
72 113 -0.548503
73 81 -5.48764
73 87 -0.111004
73 105 -0.418426
73 117 -0.303654
73 133 -1.03418
73 139 -0.722426
74 119 0.00669515
74 128 3.93231
74 148 2.89211
75 80 -0.255778
75 85 -0.886457
75 109 -0.274059
75 111 6.3794
75 120 -10.8744
76 91 0.0520565
76 92 -0.904431
76 102 0.00102393
76 113 0.241275
77 78 -0.782088
77 92 -0.49167
77 93 0.083197
77 134 -0.0311673
77 138 -0.245835
78 79 -0.159135
78 93 -0.0894254
79 93 -0.0131247
80 109 -1.57696
81 86 -0.124894
81 89 -0.986451
81 105 0.270894
81 132 -0.0230132
82 84 -0.000114189
82 96 1.22876
82 108 -0.359386
83 90 1.63088
83 114 0.14677
85 104 -9.11179
85 111 -1.55208
86 89 -2.64699
87 107 -0.108406
87 117 -3.91844
88 94 0.26096
88 119 0.487854
89 105 -0.288794
89 106 -0.0161266
89 125 -0.0158101
89 132 -0.079824
90 96 3.16261
90 114 5.13417
90 116 -1.58864
90 150 -4.43612
90 160 1.44879
90 162 -6.46055
90 174 0.0381783
91 102 0.0031183
91 112 -4.88695
91 113 0.514506
92 102 -0.00583955
92 113 -0.275636
92 127 -1.95015
92 130 3.10564
92 136 2.04029
92 138 0.112629
92 141 -0.048098
92 144 7.29129
92 152 -0.0107338
92 158 -7.72614
93 124 -1.14578
93 134 -0.0311673
93 140 -9.97346
93 141 -4.8442
93 153 0.148121
94 95 -0.163779
94 100 1.98049
94 110 -5.07754
94 119 0.846684
95 110 -1.52308
96 108 -1.75131
96 116 -1.37165
96 122 0.971575
96 126 0.251076
96 131 1.75608
96 137 -0.390259
96 150 -5.94737
97 107 1.2577
98 104 4.76833
98 129 -0.454873
99 112 -2.47197
99 118 -5.09772
99 143 -3.31536
99 149 -8.87224
99 151 -8.05025
99 165 0.283718
100 106 -15.1464
100 110 -3.43706
100 119 1.17957
100 142 1.17331
100 159 -3.31536
100 169 -2.14198
100 179 -3.01573
100 193 -1.08303
100 198 -4.46306
101 115 3.91844
101 157 5.06422
101 172 4.39147
102 113 1.34182
103 115 3.19403
103 129 -0.176534
103 157 1.30864
103 164 -0.74963
103 183 0.353067
104 111 -11.9594
104 129 -3.57672
104 164 -0.207076
104 167 -10.1794
104 186 0.96889
104 199 0.295676
104 209 0.0261554
104 219 2.05733
105 125 -0.0451879
105 132 -0.507
105 139 1.14134
106 125 -0.0322532
106 132 -2.05168
106 170 -0.533874
106 179 0.535004
107 117 -1.95015
107 121 -4.14515
107 135 -4.48733
107 146 1.69976
107 163 0
107 180 -9.22657
107 185 -1.18877
107 190 -3.10675
107 213 -0.023346
107 226 -4.43612
108 122 -8.6826
109 111 -3.9896
109 120 -4.8442
109 145 3.43706
109 154 5.1672
109 167 -0.0250867
109 175 0.788246
111 120 -3.43706
111 167 -2.81526
112 113 -0.58869
112 118 -0.56723
112 143 -0.442913
113 143 2.42013
113 158 -3.57445
113 173 3.17342
113 177 -8.74338
113 200 -2.93164
113 208 -0.60366
113 220 1.96272
114 123 1.57927
114 160 2.25701
114 162 -0.764387
114 174 0.0543933
114 182 -0.163987
114 191 4.48533
114 228 -0.0382975
115 157 2.7234
115 164 -0.292321
117 133 -2.36822
117 135 -1.63282
117 139 -3.20605
118 143 -1.07572
119 142 0.103263
119 148 0.354495
119 159 -0.483906
119 169 -0.0775082
121 146 -4.45922
122 126 0.0502192
122 137 -4.96207
122 146 -7.34256
122 147 -1.06254
124 128 -0.924411
124 153 -1.95015
125 132 2.68045
126 131 0.0429853
126 137 -2.0017
127 130 -1.95015
127 136 -1.76106
128 148 2.27682
128 153 1.14234
128 166 -3.31536
128 168 0.260745
128 181 -0.17599
128 187 -0.55042
129 164 -0.0587027
129 183 -0.434018
129 186 -0.884593
129 199 -0.382724
130 136 1.57955
130 138 0.059368
131 137 -0.0672393
131 150 -3.91844
132 139 0.143986
132 156 0.139954
132 170 2.46377
132 171 0.0363093
132 194 0.0523258
133 139 0.850579
134 138 -0.274059
134 141 -2.31952
135 139 -8.57469
135 171 -10.8813
135 180 0.353014
135 212 -0.124743
135 236 0.0192477
136 138 0.302335
136 141 -0.0527713
136 144 1.91493
136 152 2.26384
136 155 6.24936
136 178 -0.713247
137 146 -2.36822
137 147 -2.5036
137 150 -2.27936
137 161 -2.97859
137 163 1.84714
138 141 -1.17296
138 152 -0.050011
139 156 2.02744
139 171 1.18527
140 141 -0.596269
140 152 -0.880155
140 153 -10.3815
140 166 0.0136391
141 152 0.147283
142 159 -4.8442
143 149 2.5151
143 177 -1.65026
144 155 0.886457
144 158 -8.75863
145 154 3.79477
145 175 2.51147
145 189 6.8015
146 147 1.27785
146 163 -4.1543
148 168 0.193888
148 169 -0.186025
148 188 -0.869356
148 193 0.478916
148 198 0.0791442
148 201 -1.90688
149 151 1.91977
149 165 -2.71175
149 176 -6.24642
149 177 -6.28746
150 161 -3.19942
150 162 -0.838171
152 166 -2.07777
152 178 -2.77633
152 184 0.126498
152 192 2.66013
152 197 -2.61922
152 211 0.247258
152 232 0.624618
152 247 0.942957
152 256 -2.36822
152 270 0.124349
152 277 -0.00441154
153 166 -8.55306
154 175 0.618144
155 158 -1.37165
155 178 -4.99536
156 171 0.165367
156 194 0.000943605
157 164 -0.565999
157 172 8.4486
157 183 5.25332
158 173 -5.53733
158 178 1.44559
158 195 -7.46482
158 197 -4.25729
158 206 -15.9189
159 169 -0.0502074
160 162 -0.249656
160 174 0.038178
161 162 1.48811
161 163 -3.43706
161 190 -6.10187
161 203 -4.40791
161 213 -0.48916
161 214 -0.0478614
161 222 0.0735236
161 223 1.64618
162 174 -0.0169948
162 182 -14.6491
162 214 -0.0665244
162 223 0.101347
163 185 -4.43612
163 190 -8.87224
164 183 -7.48207
164 186 -0.303767
164 209 -0.00436303
165 177 -6.3687
165 189 3.39909
165 205 -7.2519
165 224 -3.91844
165 233 3.01573
165 234 1.14578
165 241 -2.10127
165 260 -3.20605
165 264 -4.43612
166 187 -3.57445
166 192 -0.505549
166 196 -6.39041
167 175 -2.73842
167 219 -8.62931
167 233 -0.722426
167 254 -0.434708
167 276 -0.101248
168 181 -2.65372
168 188 -0.210482
169 193 -0.942543
169 198 0.114256
170 179 -1.39313
170 194 0.0591004
170 215 -2.78039
170 217 -1.63282
171 194 -5.04776
171 202 2.48367
171 207 -0.0371619
171 212 -8.01058
171 235 -0.464614
172 183 6.87411
172 225 4.96938
172 239 -1.39593
172 244 0.600447
173 195 -6.93845
173 208 -9.27655
173 210 -0.418426
174 182 -2.52745
175 189 5.01189
175 233 1.31291
176 177 -9.11179
177 200 2.93164
177 205 -3.84965
177 220 -5.53733
178 197 -1.18877
179 198 -5.53733
179 215 -4.8442
180 212 -0.647324
180 226 -3.87527
180 236 0.480754
181 187 -5.53733
181 188 -4.54812
181 221 -3.31536
182 191 -2.82901
182 214 -4.43612
182 218 -11.0091
183 186 -0.0373986
183 204 3.43706
183 209 1.15671
183 229 4.56602
183 239 -0.392189
184 211 -0.19005
184 232 0.0570457
184 251 -0.541918
184 256 -11.0747
184 277 -0.554992
185 190 -0.132481
186 199 1.14915
186 209 -0.0747972
187 196 -2.70875
187 221 -0.740165
187 238 -4.8442
188 201 -4.43612
188 221 -0.626435
188 227 -0.313217
189 233 3.54714
190 213 -0.438043
191 218 0.339122
191 228 -0.153754
191 257 -1.52616
191 269 -0.0673906
191 281 -0.500431
191 306 -1.88061
192 196 -0.483906
192 211 0.0590486
192 216 -4.39233
192 251 -0.0212512
193 198 4.8946
193 201 -0.234414
193 249 -2.93164
194 202 -8.79033
194 207 -3.35241
194 217 -3.86694
195 197 -4.28606
195 208 -0.000528378
195 210 2.87005
195 230 -0.53522
195 255 1.58453
195 270 2.52745
195 273 0.00593238
195 283 0.00843539
195 301 -1.25517
195 310 -0.00828817
195 330 0.733457
196 216 -1.24771
196 238 -1.75131
196 242 -6.13769
197 206 -12.2221
197 255 -1.019
197 270 -1.78749
198 215 0.583187
198 231 -13.3576
198 249 -8.55306
198 274 -0.305845
198 285 -0.258219
199 209 4.08857
199 219 3.94118
199 254 -5.76682
200 220 -4.55234
201 227 -11.8133
201 249 -4.43612
201 267 -3.64743
202 207 -0.212918
202 217 0.386023
202 235 -0.0144647
202 250 -5.6814
202 263 0.180434
202 287 -1.78253
203 222 -4.8442
203 223 -5.24873
205 220 1.62436
205 224 -0.11956
208 210 5.39924
208 220 -0.0352217
208 273 -0.247086
208 283 -0.0357255
209 229 7.21362
209 245 0.969743
209 254 -0.274059
209 279 -5.35167
210 230 -0.168621
210 283 0.00388249
211 216 -0.119266
211 251 0.408243
211 277 0.0526707
212 235 -7.28959
212 236 -3.1996
212 252 -4.8442
213 222 -2.36285
213 226 -4.63128
213 237 -0.55042
213 243 -9.49708
213 261 -0.0268011
213 272 0.0536022
214 218 -4.2721
214 223 -0.0772108
214 237 -1.23277
214 253 0.403023
214 268 -8.85269
215 217 3.39625
215 231 -9.28032
215 250 -5.83368
215 262 -5.53733
216 242 -7.19797
216 251 0.483503
216 266 -0.728843
216 275 -2.52745
217 250 -1.66715
218 253 -1.60689
218 269 -0.0673906
218 281 -0.148121
219 254 -6.42211
220 224 -0.239119
220 241 -2.14198
220 246 2.2737
220 265 3.31536
220 273 7.10881
220 291 -1.43044
221 227 0.725977
221 238 -0.0544849
222 223 -0.451047
222 237 -3.57445
223 237 -2.71926
224 234 -2.06181
224 241 -5.53733
225 240 -2.01622
225 244 0.600447
225 258 -2.93164
226 236 -6.23796
226 243 -4.43612
226 259 -5.53733
227 238 -5.73695
227 248 -3.57346
227 266 -2.05513
227 267 -2.27269
227 278 -10.1921
227 288 -2.85347
228 257 2.22758
229 239 -0.0804962
229 245 4.60826
229 279 -0.0704486
229 295 -4.9795
229 300 0.0440364
229 320 -2.33606
231 262 -5.53733
231 274 -5.53733
232 256 -4.43612
233 264 -2.31952
233 276 6.83916
233 315 4.45447
233 321 -5.53733
233 341 -1.49683
233 357 -0.101248
234 241 -1.39593
235 252 -5.81997
235 263 -0.00642564
235 303 -14.0138
235 324 -1.85563
236 252 -0.618144
236 259 -2.40955
236 271 -3.53451
237 268 0.353819
237 272 -3.39473
237 294 -5.53733
238 242 -0.195158
238 248 -0.418426
238 266 -0.0544849
239 244 -11.1271
239 245 -0.2557
240 244 -0.584119
240 258 -1.46468
240 305 -0.0315549
241 246 -2.71175
241 260 -0.0250242
241 264 -2.52201
242 266 -1.21064
243 259 -0.0719852
243 261 -0.866397
244 245 -0.669846
244 258 -3.57594
244 305 -3.31536
244 320 -7.44916
244 334 -0.121115
245 279 -1.93413
245 300 0.263001
245 320 -0.581886
246 264 -1.52834
246 291 -0.114283
247 256 -0.00778178
247 270 0.506209
249 267 -0.547835
249 280 -0.268845
249 285 -2.14198
249 299 -5.47873
250 262 -5.53733
250 286 -7.64217
250 287 0.00778166
250 302 -6.93417
250 318 -6.10863
251 275 -0.886457
251 277 0.895335
251 284 -1.10482
251 297 0.770728
251 307 -5.53733
251 322 -0.220873
252 271 -0.757334
252 293 -0.0389131
252 304 -4.14515
252 324 -4.8442
253 268 -3.65634
253 281 -1.59125
254 276 -0.00187038
254 279 0.0233459
254 282 -11.9757
254 295 -1.04226
254 314 0.0239941
254 329 -0.0157377
255 270 1.02111
255 283 0.00430455
255 310 -0.00330816
256 270 -7.2651
256 277 -3.91844
257 281 -2.36822
257 306 -14.5351
257 343 -3.8539
257 381 -0.0700634
259 261 1.91948
259 271 -0.0258294
259 304 2.26098
260 264 2.60881
261 272 -0.952234
261 294 5.09861
261 304 3.73241
261 355 4.65927
262 274 -0.386023
262 286 -3.43706
262 296 0.00778166
263 287 -3.85574
263 303 -1.94237
263 312 -0.451047
264 291 -6.77191
264 316 -1.61871
264 319 0.922951
264 321 -0.527523
265 273 3.33122
266 275 -0.775982
266 278 -0.132481
266 307 -11.0747
266 317 -3.73241
267 288 -0.337785
267 289 -7.67932
267 299 -0.163779
268 281 3.35767
268 294 -3.91844
268 309 -3.29555
268 342 -0.148121
269 281 -3.0799
269 290 -6.12248
270 277 1.97436
270 301 -7.84382
271 293 -0.210882
271 304 -0.0516587
272 294 -3.49994
273 283 0.0209621
273 291 -2.58569
273 310 -2.08588
273 313 4.14515
274 285 -1.78253
274 296 -0.652519
274 311 -0.722426
276 314 -0.23831
276 329 0.670829
276 361 -3.57445
276 362 -2.51927
276 390 -2.41897
276 411 -1.84714
276 432 2.848
276 446 -2.58569
276 505 1.22729
276 506 -4.69166
276 515 0.222946
276 516 -5.53733
276 518 -5.57955
276 523 0.0660872
276 528 -5.75657
276 531 0.0214294
276 570 0.0715715
276 571 0.155792
276 583 -0.196376
276 587 -0.203824
276 588 1.37165
276 593 -12.4264
276 600 1.20636
276 602 -0.099082
276 608 7.38675
276 628 -1.88061
276 642 3.27366
276 722 0.0417006
277 284 -1.20229
277 301 -2.14198
278 288 -3.26983
278 292 2.87456
278 317 2.22758
278 332 1.94845
278 335 5.49549
278 482 -0.113978
279 295 -4.14515
280 299 -5.41269
281 290 5.42349
281 306 1.30308
281 342 -2.78039
281 343 0.961226
281 365 -0.107878
281 373 0.17293
281 375 -2.18405
282 295 -4.16254
282 314 -4.8442
283 310 -0.0302206
283 330 0.184709
283 333 -2.07247
283 336 -4.27925
283 346 0.130858
283 359 0.00729907
284 297 -0.807795
284 301 -6.44883
284 322 0.239664
284 331 0.219274
284 347 -0.103072
285 299 0.0348988
285 311 0.00893676
285 326 0.0227314
286 296 -6.7805
286 298 0.361312
286 302 -0.0435175
286 308 -3.20605
286 318 -0.0395855
286 323 1.86876
286 364 -3.43706
286 397 -2.27269
286 408 -1.52308
287 312 -4.14515
287 318 -4.8442
288 289 -3.79478
288 299 2.27269
288 325 -0.467445
288 332 -0.584119
289 299 -1.84714
291 313 -6.93327
291 316 -9.68841
293 304 -0.669846
294 309 7.56631
294 327 0.0762119
294 345 -1.98633
294 352 -7.87756
294 355 3.91844
294 371 -0.101248
295 314 -5.53733
295 320 -0.497807
295 353 0.886457
296 308 -0.0389131
296 311 -0.321795
297 307 -3.10675
297 322 -0.263033
298 302 -8.86507
298 318 -0.8818
298 323 0.0286645
298 364 -0.775982
299 311 0.338499
299 323 0.0733985
299 325 -7.25684
299 326 2.37782
299 340 1.65255
300 320 -0.318523
301 330 -3.20605
301 331 -2.36822
301 346 -5.53733
301 347 -2.10127
301 363 -8.69062
301 367 -9.68249
301 368 -4.43612
301 374 -7.57053
302 318 0.149144
303 312 -4.43612
303 318 -11.0747
303 324 -2.27269
303 338 -9.26974
303 348 -1.39593
304 324 4.14515
304 348 3.0801
304 355 8.27608
304 385 12.2167
304 418 3.12412
304 448 -0.210326
305 334 -0.0758001
305 344 0.690152
305 351 1.01646
305 356 4.35309e-05
305 358 -0.101248
307 317 -1.37165
307 322 -5.53733
307 335 -5.53733
308 311 -2.58569
308 323 -13.8919
309 327 0.636886
309 342 -5.53733
309 365 0.0916239
310 313 -1.60463
310 330 -0.00735177
310 333 -0.386023
311 323 0.0350573
311 326 0.172366
312 318 0.132481
313 316 5.7352
313 333 -8.15956
313 346 1.10372
313 349 0.0119343
313 366 -4.8442
313 370 0.890593
313 377 -1.2887
314 329 -2.65912
314 353 -5.53733
314 372 -5.53733
314 428 -12.4952
314 515 -3.00251
314 527 4.46091
315 321 -5.53733
315 341 -2.85347
316 319 -1.40308
316 349 4.08957
316 370 0.518386
317 335 2.48946
317 482 -0.0379927
318 338 2.02352
318 348 4.14585
318 350 1.51949
318 364 -4.75583
318 369 -0.844362
318 376 -0.241485
318 407 -0.00023653
319 321 -3.40091
319 339 -0.00776239
319 349 -1.27729
320 328 5.41498
320 334 0.368986
320 337 6.41996
320 353 -3.67928
320 372 0.0612412
320 393 0.0143448
321 339 0.00776234
321 341 -2.36822
322 331 0.0344754
322 335 -6.77963
322 347 -5.7896
323 326 2.53313
323 397 -4.43612
324 348 3.76415
325 332 -3.31536
325 340 -0.55042
325 360 -1.34772
326 340 1.88851
326 397 -3.31536
327 345 -4.22821
327 352 -3.91844
327 365 0.229525
327 380 -3.73241
328 334 0.509871
328 337 2.78039
328 356 4.77561
329 570 0.00547168
330 336 -4.2308
330 346 -3.19183
330 359 -0.616049
332 335 9.78138
332 360 0.0732178
332 396 -1.63064
332 423 2.36082
332 482 -0.151971
333 346 -3.43706
334 344 -0.109324
334 356 0.511064
335 347 2.78039
335 419 -5.88527
335 423 2.26976
335 449 -0.905358
335 454 5.74178
335 457 -2.75145
335 462 3.75291
335 472 -5.96046e-08
335 482 -0.891585
335 493 -1.864
336 346 -5.53733
337 353 -1.15129
337 356 5.07799
337 372 0.120891
337 393 2.13241
338 348 3.20604
339 341 -1.39593
339 349 -0.619019
340 354 -1.34772
340 360 -0.555784
340 397 -4.14515
341 349 5.3811
341 357 -3.10675
341 361 3.19495
341 390 -0.775982
341 405 -0.212304
341 411 0.119142
341 436 -0.937079
342 365 -0.403451
343 375 -5.61616
343 381 0.171342
344 356 1.64285e-06
344 358 -5.58966
345 352 -1.98633
346 359 5.57411
346 366 -3.40165
346 367 -5.46376e-08
346 368 2.78039
346 383 -1.27785
346 389 -3.73241
346 394 0.203486
346 399 -4.47035e-08
346 400 4.99702
346 406 -1.69086
346 422 -0.0231376
346 433 0.0758084
347 387 -3.20605
347 419 -4.42459
348 350 -0.00300783
348 376 -0.564723
348 385 1.6188
348 386 -6.38977
349 370 0.196102
349 377 -0.0402318
349 405 -0.114401
349 411 0.0830214
349 416 -1.19444
349 425 -4.8442
349 436 -0.645778
349 446 -4.8442
350 364 -11.4873
350 369 -2.53018
350 376 0.037379
350 386 -0.00586617
350 407 -1.31544
351 356 -0.000407181
351 358 -3.73241
351 379 2.01822
352 371 -3.01573
352 378 -2.85347
352 380 -5.53733
353 372 -0.0928167
354 360 -0.0759195
355 371 -1.66674
355 398 -0.223964
355 412 -2.12537
355 418 4.66649
355 420 -2.58569
356 358 -0.416287
356 379 2.56529
356 388 1.88081
356 393 1.20487
357 361 -2.58569
357 362 0.00778166
358 379 -0.886457
360 396 -2.08187
360 397 -2.93164
361 362 -3.02639
361 390 -0.704796
363 367 -0.103625
363 374 -0.101248
363 384 -0.861451
363 399 -0.156279
364 407 -0.584119
364 408 -2.0915
364 430 -4.92121
365 373 -0.272296
365 380 -2.89276
365 382 -3.72859
366 377 -6.61318
366 383 -2.27269
366 391 -0.0419134
366 402 0.0318041
367 368 -1.53696
367 399 2.51152
369 376 -0.867703
370 377 -1.28131
370 417 -0.0877333
371 378 -0.118972
371 398 1.41372
371 401 0.178749
371 413 -0.00389093
372 393 1.13971
372 414 -0.356083
372 428 0.712165
373 375 -5.53733
373 382 1.52717
373 392 0.000124405
374 384 -2.12236
374 387 0.135161
374 395 0.7568
375 381 -7.38447
375 382 -5.53733
376 386 0.0504433
376 407 0.0144762
377 402 -10.5319
377 417 0.443563
377 421 -4.59269
377 422 0.677025
377 425 -3.31536
378 380 -4.49816
378 401 -1.81838
378 403 -0.178479
378 415 -0.791773
379 393 -0.248237
379 409 -7.48459
379 456 1.16715
380 382 4.43843
380 392 0.000410599
380 403 0.490398
381 382 -0.0387837
381 404 -1.45517
381 427 0.10857
381 434 -0.0542847
381 435 -0.517023
382 392 0.00147971
382 403 2.66135
382 434 -0.0433137
382 438 -0.0812212
382 469 -3.55783
382 470 -3.85924
382 475 -0.290052
382 501 -3.57445
382 526 0.618144
382 535 -7.87756
383 389 -0.483906
383 391 -0.0727568
383 406 -0.0363784
384 387 0.089362
384 395 -0.450886
384 399 7.61132
384 441 -0.0475116
384 467 0.962554
384 484 0.114848
385 386 -7.69807
385 407 -2.93164
385 424 16.4033
385 448 -5.8067
385 450 2.85347
386 407 0.0410439
387 395 0.18129
387 399 0.0427224
387 419 -4.43612
387 442 -8.71597
387 467 0.216365
388 393 1.0064
388 410 0.874908
389 406 -3.51616
390 411 -1.78253
391 402 -4.44092
391 406 1.72281
392 403 0.00027186
393 409 2.63064
393 410 1.52912
393 414 -5.82859
394 406 -0.353819
394 422 0.0284584
395 399 0.0772585
395 442 -0.669846
395 467 0.899402
395 476 -2.36822
396 397 -6.6431
396 423 -0.645073
396 426 -0.375184
396 439 -0.0110573
396 444 0.00515547
396 454 -0.322537
396 459 -4.30645
396 463 -0.00151553
397 408 -1.88061
397 426 -0.144765
398 413 -0.00213805
398 415 -0.101248
398 420 -8.69829
399 400 1.96906
399 441 -0.299419
399 467 1.16715
399 484 0.979564
399 492 -4.8442
399 497 -4.43612
400 422 -0.0181326
400 433 0.110262
400 437 -4.08898
400 441 1.12638
400 484 0
401 413 -0.00175288
401 415 -1.72077
402 406 -10.6098
402 422 -8.733
403 415 1.06532
403 431 -3.40062
403 475 -6.25956
403 520 -2.22758
403 534 -0.467445
403 549 -3.91844
404 427 -1.69086
405 411 -1.14212
406 422 -1.67073
407 430 -5.24027
407 450 -3.31536
408 426 -4.30998
408 430 0.434708
409 414 -5.53733
409 456 -3.01573
410 414 -12.1765
411 432 -4.14515
411 436 -0.792944
411 451 -2.32009
412 418 -0.982543
413 415 -4.67603
414 428 -0.712165
414 440 -25.6014
414 456 -0.345567
414 464 -8.06359
414 471 1.15723
414 478 -0.0420414
415 420 -3.27245
415 431 -7.6386
415 445 -3.85385
415 458 -0.252944
415 534 -0.289934
416 425 -2.22758
416 429 0.0163984
416 443 0.535884
416 446 -0.496928
416 447 -1.30083
417 421 -2.18405
417 422 -2.48813
417 425 -5.91514
418 420 -8.4962
418 448 -0.660036
418 458 0.652519
418 473 1.92886
418 474 -1.25685
418 495 0.138113
418 496 -2.47197
419 442 -4.52761
419 449 -11.675
420 445 1.95015
420 458 -5.34542
422 425 -4.8442
422 433 -0.166877
422 441 -0.0404644
422 465 -0.447751
422 466 -5.07011
422 483 4.48258
422 488 -1.63834
423 454 1.24392
423 482 -0.0379927
424 430 1.19106
424 448 -4.43612
424 450 0.293663
424 473 -0.0245142
424 490 -4.01797
424 494 -9.28032
424 498 -4.43612
424 511 0.427463
424 525 1.73193
424 543 -1.47101
424 551 0.675613
424 557 -8.41866
424 568 0.201564
425 429 -5.53733
425 447 -7.87318
425 479 -3.52971
425 488 -0.950547
425 500 -3.43706
426 430 -2.85347
426 439 1.1781
426 444 -2.04504
426 453 -5.53733
427 434 -7.1741
427 435 -3.32435
428 440 -0.794069
428 452 6.23602
428 460 -7.58611
428 527 -2.93164
428 546 -7.14114
429 447 -4.70061
430 450 1.12555
430 453 -0.463442
430 455 1.05989
430 490 -0.285559
430 494 -3.57445
432 451 -4.29621
432 570 0.00547168
433 441 8.83946
433 466 -0.514104
433 484 -0.905358
433 491 -1.704
433 508 -0.924411
433 512 0.517023
434 435 -0.918857
434 438 1.18123
434 470 -0.116492
434 501 -6.6726
436 446 -1.45338
436 451 -0.337785
437 441 -3.918
438 470 -0.000111956
439 444 -2.41968
439 453 -3.20605
439 463 0.334611
439 472 1.02425
439 481 2.59155
439 489 3.10927
439 521 -0.3949
440 452 -0.503833
440 460 -0.751334
440 464 1.14578
440 468 -10.4622
441 466 -0.0216852
441 484 -3.35994
442 449 0.107714
442 461 -0.0773972
442 467 -1.04226
442 476 -0.467451
442 487 5.01246
442 497 1.65291
443 446 -7.30781
443 447 -19.8373
443 505 -1.42058
443 506 1.07542
443 516 -0.255072
444 463 -0.111734
445 458 -2.18405
446 451 0.360827
446 505 -2.52745
447 479 1.07127
447 500 -3.01573
447 516 -1.95015
447 517 -0.0135953
447 518 -4.43612
447 528 -1.43389
448 473 -1.04686
449 457 -3.97364e-08
449 461 -0.506066
449 477 0.658856
449 486 -1.27785
452 460 -0.418001
453 455 -1.12206
453 481 -5.53733
453 489 -3.73241
453 494 -3.43706
454 459 -3.61974
454 472 1.92752
454 482 -0.113978
455 494 -3.91844
457 462 -6.00768
457 477 -1.7883
457 480 1.56979
457 482 0.438813
458 496 -13.1232
458 503 -0.00502001
458 522 0.080547
458 534 0.416621
458 564 -0.00502001
458 584 -0.01004
458 599 -0.01506
459 463 -0.483906
459 472 -0.83062
460 468 -3.6616
460 485 -1.88061
460 499 -4.8442
460 539 -5.53733
460 546 -4.43612
460 554 -9.0318
460 582 -4.43612
461 477 -0.0459399
461 486 -3.92732
461 487 -1.04226
462 482 -0.829457
463 472 0.898765
464 468 -4.14515
464 478 -1.33289
465 483 -0.895503
466 483 -14.5267
466 512 -0.794069
467 476 -10.3815
467 497 -4.7686
468 478 -0.647214
468 485 -1.29443
469 475 -5.16903
469 520 -1.69086
469 526 -2.71175
470 501 2.78039
471 478 -0.0844871
471 485 -5.06528
472 493 -4.29962
472 514 0.123413
472 521 -0.265596
472 529 0.0266701
472 533 0.663983
472 545 -0.0266623
473 474 -0.40291
473 495 0.00106528
473 498 -0.106258
473 511 -0.0376674
474 495 -7.67271
474 496 -3.43706
474 503 -6.05436
475 520 -5.64339
476 487 -0.101595
477 480 -0.250761
477 482 -1.53086
477 486 -18.9452
477 502 2.46338
477 513 -0.697678
478 485 1.37932
479 500 -1.81446
481 489 0.0964034
482 486 -0.353819
482 493 -0.36331
482 502 -1.33903
482 513 3.55422
483 488 -5.82255
483 507 5.81915
483 508 -0.0673006
483 512 0.0368124
483 547 -0.0145409
483 559 -1.80027
484 491 1.75131
484 492 -13.491
485 499 -3.97364e-08
485 504 3.68321
485 538 6.24338
485 539 -9.43545
485 558 7.22166
486 487 -11.0747
486 513 -6.09153
486 576 -2.52745
487 497 2.01487
487 513 0.134683
487 542 -9.9293
487 575 0.106778
487 576 -1.75131
487 591 0.0673417
487 613 -3.20605
487 614 -0.34174
487 626 0.817755
488 500 -2.64699
488 507 -8.26885
488 518 -7.4912
489 494 -6.06894
489 521 -1.77212
489 533 2.90952
489 545 -0.0146403
489 551 -0.258219
489 560 -2.69092
490 494 -3.91844
491 492 -3.73241
491 508 1.98633
491 519 -22.6654
492 497 0.647495
492 509 -0.964565
492 519 0.418426
492 524 -6.96867
493 510 -3.31061
493 513 -3.61299
493 514 -0.24683
493 529 -0.0258785
493 533 -0.709063
493 537 -2.47197
493 541 -3.57445
493 545 -2.18405
494 551 -2.27269
495 498 -3.65287
495 503 4.07005
495 511 4.82355
495 522 -0.0751021
495 530 -5.45353
495 552 -4.73957
495 573 -0.0924986
495 581 4.22771
495 589 -2.93164
495 598 -0.086321
496 503 -11.7784
496 522 -0.023346
497 509 -9.83095
497 542 -1.74981
497 544 -2.71175
498 511 -4.43612
499 504 -5.96046e-08
499 539 -0.116857
500 518 0.705335
501 535 1.624
501 592 -3.91844
501 627 2.21509
502 513 -0.473214
503 522 -1.22875
503 530 -7.05383
503 534 -0.0419373
503 564 0.753908
503 577 -1.11919
503 584 3.97759
503 599 1.10764
503 620 -0.155353
503 634 -0.00111428
504 539 -5.53733
505 506 -2.64699
505 570 0.00547168
506 516 -0.200587
507 518 1.57696
507 559 -1.08303
507 561 -1.98633
507 562 -4.60479
507 569 -2.02352
508 512 -9.80979
508 519 -4.14515
508 532 -16.612
508 547 0.69181
508 559 0.860825
508 563 -4.62535
509 524 2.66467
509 544 1.9649
509 553 -0.150355
510 513 0.0638012
510 536 -0.135576
510 537 2.50791
510 545 0.00374474
510 572 3.95313
510 622 -0.00851726
511 543 -2.41897
511 552 -9.6688
511 568 -6.86573
511 585 -3.10675
513 536 -2.17244
513 550 -5.15467
513 576 -1.52422
513 591 0.849788
513 603 2.18405
513 613 -4.92028
514 529 0.0119451
514 533 0.577997
514 545 -0.00756159
515 523 0.29516
515 527 -3.31536
515 531 0.0223136
515 570 0.00547168
516 528 -0.402198
517 518 -0.03481
517 528 -0.0140801
518 528 0.115286
518 540 -6.65579
518 561 -11.0747
518 588 -2.31952
519 524 -1.436
519 532 3.59282
519 556 -0.521353
520 526 -2.26262
520 549 -9.73694
520 565 -0.905358
521 533 -0.245284
522 534 0.165918
522 564 -1.01156
522 584 -1.39164
522 599 -0.993758
523 527 -6.12248
523 531 0.370659
523 570 3.04005
523 583 0.209392
524 532 -0.140682
524 548 -3.01573
524 553 -0.141434
524 556 2.87619
524 579 -0.32392
525 543 -1.27785
525 551 0.722426
525 557 -4.16027
525 568 0.183159
525 580 -1.31686
525 594 0.293239
526 535 -9.28032
526 565 -1.06254
526 566 -0.226632
527 531 -5.63387
527 546 -5.53733
527 567 -11.0747
527 570 -6.75241
527 583 -2.18405
527 587 -5.24873
527 590 -5.53733
527 602 -2.22758
527 609 -21.0481
527 618 3.20604
527 641 -5.53733
527 645 -4.43612
529 533 0.0436783
529 541 -1.81564
529 545 -0.106141
530 577 0.402145
530 589 -2.38158
530 599 -1.32411
532 548 -0.0441799
532 555 0.364997
532 556 -0.0020857
532 563 0.376754
532 595 0.0851561
533 541 -0.098219
533 545 -0.16046
533 560 -11.675
533 605 -0.704796
534 549 -3.91844
534 564 -3.2423
534 584 -0.0834058
534 599 -0.123109
535 566 -3.43706
535 592 -5.53733
536 550 -5.59798
536 572 -0.00261465
536 622 5.76691
536 650 4.22916
536 658 1.94928
536 683 -1.18846
536 697 0.00883815
536 738 -0.661954
537 545 0.0397211
538 558 2.10127
539 554 -2.705
539 558 -1.00909
539 582 -0.666674
539 586 3.26622
539 631 0.125666
541 545 0.304653
542 544 -4.8442
542 553 -5.6342
542 574 -9.45578
542 575 -1.47101
543 568 -8.15956
544 553 -0.107295
545 560 -4.8442
545 572 0.0717497
545 605 -3.10675
545 622 -0.271237
545 629 -1.13746
546 567 3.82334
546 582 -0.106941
547 559 0.0233459
548 556 -2.44559
549 564 -4.14515
549 565 -2.61902
549 584 -4.8442
549 592 -5.53733
550 603 -0.210882
550 606 -10.489
550 615 -4.8442
550 650 -0.55042
551 560 -2.85347
551 580 -7.95095
552 573 -8.16853
552 585 -4.8442
553 574 0.0508444
553 579 -0.422529
554 582 3.69368
555 556 1.33498
555 595 0.0305729
556 579 -0.161965
556 595 1.86388
556 597 -1.28153
557 568 -0.258219
558 586 -0.0963306
558 617 3.53812
558 631 4.12075
558 635 0.652941
558 651 -0.275303
559 563 -0.18923
559 569 -0.875409
559 578 -0.437704
560 580 -3.92304
560 605 -4.43612
560 623 -0.0344726
560 629 -5.53733
560 647 -5.53733
561 562 2.84797
561 588 -2.47197
561 593 -3.54765
562 569 -0.0700634
562 578 -0.402198
562 593 -0.186892
563 578 3.18719
563 595 -0.117284
564 584 1.88072
565 566 -2.58569
565 592 -5.53733
566 592 -0.788323
567 582 -2.36262
567 586 0.353488
567 590 7.51976
567 632 -0.674502
567 644 -5.27676
567 648 1.15573
567 668 -1.65932
567 681 0.157174
568 585 1.9679
568 594 -3.68009
568 604 -2.4043
568 607 -9.11179
569 578 3.16128
570 571 -0.301405
570 583 3.92025
571 583 -1.21022
571 587 -0.174037
572 622 1.49067
572 629 -0.0493116
572 697 -0.00268867
573 581 -0.55514
573 585 -1.27785
574 575 -0.0111459
574 579 -0.578432
574 597 -0.612002
574 611 0.774494
574 614 0.159613
575 614 -0.330581
576 591 -0.106597
577 599 -0.434708
578 593 -12.6824
578 595 -0.0518208
579 597 0.449342
580 594 -0.394784
580 607 -0.043702
580 621 -0.113283
580 623 1.89293
581 585 -3.73241
581 589 -3.73241
581 598 0.129753
581 604 0.631488
581 620 0.0787249
582 586 -1.11232
582 596 3.52223
582 601 6.64971
583 587 4.5433
584 592 2.84665
584 599 0.473417
584 612 -2.14198
584 616 2.2079
584 634 -0.000465146
584 638 1.77031
584 654 0.540141
584 655 -0.154587
585 604 -3.20605
586 601 -2.81271
586 631 1.7667
586 639 -0.240334
586 644 -0.15069
587 602 4.47985
588 593 -1.69086
589 598 -0.740165
589 599 0.24241
590 609 4.62205
590 632 -0.39452
590 648 0.431213
590 676 -0.181763
592 612 -15.0528
592 616 2.52745
592 627 -11.0747
592 654 2.1881
593 595 -4.14515
593 628 -2.27269
594 607 1.55583
594 621 0.0350685
595 597 -1.52308
595 628 -3.94782
595 642 -2.31952
597 611 -1.82903
597 614 -1.63079
597 642 -21.3859
597 643 1.88061
598 599 -0.116857
598 604 0.183097
598 620 0.385946
598 630 -0.037599
599 620 -3.44872
599 634 -0.0395868
599 638 0.0118384
599 655 -0.871205
599 675 -0.279441
599 694 0
600 602 -0.839659
600 608 1.08303
600 610 -1.00113
602 610 5.19978
602 618 -7.67619
603 606 -1.75131
603 613 -1.30083
604 607 -0.477211
604 620 0.47878
604 624 0.109203
604 630 -0.0406621
604 653 -0.0754569
604 664 0.0485775
604 670 -0.0818416
606 613 -3.10675
606 615 4.77507
606 636 2.5561
606 646 0.327621
606 657 -0.321316
606 665 0.083697
607 621 0.623981
607 637 -2.3522
607 653 1.42058
607 656 -7.52868
608 610 -1.72331
608 619 -1.81294
608 625 -2.76282
608 642 0.856769
608 652 -3.28396
608 674 -0.00134155
608 722 0.0417006
609 640 4.57336
609 641 0.234448
609 648 1.19515
609 662 0.220575
609 676 -1.08702
610 618 -13.9353
610 619 2.93164
611 614 0.0460559
613 626 -5.896
613 636 -3.31536
614 626 -0.901781
614 636 -8.76265
614 643 -3.30138
614 649 -0.635286
615 646 0.00524139
615 650 -2.93164
615 657 -0.346363
615 658 -15.7587
615 665 0.666872
615 690 -3.20605
615 709 -2.41055
615 714 0.0290513
615 726 0.18847
617 631 0.74975
617 651 -0.646503
618 619 -17.0084
618 625 -8.16853
618 633 -3.01573
618 641 -2.64699
618 645 -8.87224
618 652 -10.9662
618 666 -7.42989
618 674 -3.43706
618 677 -5.53733
618 678 -4.8442
618 679 -5.53733
618 682 -4.43612
618 695 -11.1041
618 696 -11.0747
618 700 3.01573
619 625 2.71175
619 633 1.60463
620 630 -0.364399
620 653 0.141663
620 655 -0.533687
620 670 -0.124096
620 675 4.36487
620 692 1.26493
620 693 -1.26678
621 623 -0.061479
621 637 -0.778666
622 629 -0.0106099
622 667 0.00882184
622 683 -0.207281
622 697 2.52093
622 729 -0.0948804
622 738 -1.125
622 763 2.48476
622 767 1.27516
623 637 0.0551992
623 647 -8.66709
624 653 -3.04417
625 633 3.07543
625 652 0.735755
626 636 -3.53273
626 649 -0.500431
627 654 -11.0747
627 687 -14.1139
627 715 -5.53733
628 642 -2.31952
629 647 0.972858
629 659 0.942511
629 660 -3.90218
629 667 -1.42717
629 697 -0.830252
631 635 3.92766
631 639 -3.34208
631 651 -0.0393877
631 673 1.84161
631 721 2.65435
631 728 1.7776
632 648 -2.54225
634 638 0.118847
634 654 0.118141
634 655 -0.0265106
636 642 -1.81446
636 643 -0.451047
636 649 -1.37165
636 665 0.0898081
636 671 -3.11453
636 680 6.94693
636 688 -1.84714
636 691 4.78326
636 714 0.0217037
636 716 -0.160503
637 647 -0.395674
637 656 0.273196
637 663 0.995421
637 669 0.533013
638 654 0.124439
638 655 -2.09671
638 661 3.16497
638 684 -0.21657
638 694 -0.174121
638 703 1.05121
638 705 0.858211
638 720 -3.90953
639 644 1.16423
639 721 -2.06181
639 725 -0.451047
639 732 -6.63989
640 676 -0.181763
641 645 -0.924411
641 662 3.81859
641 678 4.69618
641 685 -0.221155
641 702 -0.000112772
641 704 4.79525
641 717 0.130042
642 643 -1.14578
642 652 -0.0343473
642 674 -0.0518652
642 688 -1.25517
642 708 1.32488
642 713 -9.4247
642 719 -1.21064
642 722 1.42271
642 724 -8.39102
642 733 -9.2262
644 668 8.72205
644 699 0.00352493
644 725 -6.48916
646 657 -0.393527
647 659 -2.46406
647 660 -4.8442
647 669 -14.5421
647 710 -3.10675
647 729 -8.0093
648 676 -0.102287
648 681 0.402307
650 658 7.40629
651 672 -6.07593
651 673 -0.00979993
652 674 1.17323
652 722 -0.171577
653 656 -6.86385
653 664 -0.735433
653 670 -0.340495
653 692 0.32148
653 701 -0.114695
654 661 0.592984
654 684 -0.0124179
654 687 -0.116857
654 705 2.40976
654 707 -11.0747
655 661 -0.349916
655 675 -7.07459
655 694 -0.70936
655 703 -0.525276
656 663 0.352081
656 669 0.35453
656 686 -2.95001
656 698 -2.77691
656 701 -4.8442
656 711 -0.402198
656 712 1.03154
656 730 -1.37165
657 665 -0.354623
658 726 -4.15372
658 738 -0.436577
659 660 -3.73889
659 667 -2.52184
659 697 -4.47154
659 710 -2.64699
661 684 -0.017737
661 705 0.300408
662 676 -0.101541
662 685 -0.818093
663 669 2.32052
663 686 -1.37586
663 711 1.92395
665 671 -0.602948
665 689 -4.11945
665 690 -1.60463
665 714 0.56002
665 716 -0.0421066
666 677 0.110218
666 679 -6.67453
666 682 0.397962
666 702 0.158172
666 706 0.253409
667 697 0.88444
668 681 -0.669708
668 699 0.942356
668 725 -0.586081
668 743 -0.353819
668 755 -3.60976
668 780 1.30676
669 711 0.408922
669 729 0.0946765
671 680 -2.02352
672 673 -0.113637
672 721 -0.89498
672 779 1.62203
672 789 -2.65906
672 813 -0.0046989
672 826 -6.6431
672 829 -0.0240283
672 853 0.00185664
673 721 0.80716
673 728 0.358137
674 700 -4.14515
674 718 -0.0468737
674 722 -0.0671862
675 692 2.44232
675 693 -3.49687
675 694 4.4383
675 701 -0.0690835
675 739 -1.24489
676 681 -0.337785
676 685 -0.0330579
677 682 0.0513135
677 706 0.0422804
678 679 3.10675
678 702 3.29582
678 717 -0.582998
679 682 -0.0421286
679 702 1.09479
680 716 -0.048802
681 685 -9.86983
681 699 2.79745
682 695 0.163215
682 702 1.6349
682 706 1.65722
684 705 -0.0508454
685 699 -4.15433
685 704 -3.8215
685 746 0.641101
685 764 -0.696756
685 776 0.235152
685 780 -8.97439
685 781 -0.123249
686 711 -0.0856275
687 707 -14.1994
687 715 -3.09861
687 774 -3.21326
687 788 -0.0160712
688 716 -4.14515
688 719 -0.609179
689 690 -0.500431
689 709 0.0579834
689 714 -0.476088
690 709 -2.27269
691 716 -0.0187282
692 693 -2.30909
692 701 -1.37011
692 739 -0.304381
694 703 3.33672
694 739 -4.82542
694 770 -1.27385
695 696 4.40157
695 706 1.83976
696 700 -4.8442
696 706 2.14997
696 723 -0.457117
696 737 2.44738
696 748 0.738858
696 765 -0.0160792
697 710 0.415775
697 729 1.8585
697 763 0.00883814
697 767 0.0176763
698 712 -0.242411
699 780 3.23865
700 718 -17.836
700 723 -6.7805
700 734 -1.60711
700 737 -5.53733
700 740 -8.35456
700 749 -0.139076
700 754 1.33594
700 759 -5.53733
700 785 -11.0747
701 712 -3.73241
701 727 -3.31536
701 739 1.60491
702 706 4.68591
702 717 -3.20365
702 731 -9.28032
702 758 0.787628
702 761 0.393814
703 705 -0.499621
703 720 -7.40569
703 741 -0.18066
703 752 -6.02889
703 770 -1.23277
704 717 0.130042
704 731 0.299717
704 746 -4.4439
705 707 -21.4562
705 720 -0.00871235
705 741 2.30556
705 752 -5.53733
705 770 -0.0101597
705 771 1.66792
705 774 0.969585
706 758 2.53471
706 761 2.46303
706 765 -0.101248
706 784 2.04724
706 795 -0.280789
706 871 0.0403071
707 774 -5.53733
708 713 -1.37165
708 719 -2.79766
708 724 -0.27138
709 714 -0.771184
709 726 -0.303694
710 729 0.0544848
711 729 1.54878
711 730 -5.51809
712 727 0.664404
712 730 -0.093719
712 735 0.817587
712 747 -0.175463
712 769 0.0108171
713 724 -0.142434
714 716 -4.38826
714 726 1.82268
714 751 -1.95015
715 774 -0.0639898
715 788 -0.0335239
715 793 -0.1974
716 719 -1.81055
716 742 -14.6419
716 750 -7.67932
716 751 0.758015
716 760 -11.7497
717 731 0.327217
718 722 -0.348431
718 734 1.37165
719 724 -2.74365
719 736 -4.10768
719 742 2.58569
719 744 -1.84714
721 728 1.24228
721 732 1.14578
721 757 0.704375
721 779 -3.73938
722 733 -0.982543
722 734 -0.758016
723 737 -0.728692
724 733 0.874376
724 734 0.180576
724 736 2.93709
725 732 -5.67572
725 743 -8.06359
726 738 -3.53841
726 751 -7.59915
726 766 -5.53733
727 735 0.178771
727 739 -25.771
727 769 -2.03281
727 792 0.55042
729 730 -1.50122
729 745 6.00881
729 767 -0.189761
729 768 0.068541
729 797 -7.02519
730 735 -0.275835
730 747 3.72546
730 768 -0.0739684
730 782 4.49583
730 790 3.73241
731 746 -1.18877
731 758 -6.75217
731 772 2.46528
732 743 -0.658971
732 757 1.97484
733 734 -1.03017
734 736 0.902594
734 754 -1.50561
735 747 -1.44999
735 769 0.342224
735 773 -0.0417541
735 800 0.851868
735 824 0.815811
735 825 4.185
736 744 -5.53733
736 754 -1.8157
736 778 -4.15948
736 786 -1.23277
736 810 1.59224
737 740 -2.52745
737 748 1.69168
737 753 -11.6554
737 765 -0.0321583
737 775 5.14142
737 795 -0.306519
738 763 -2.45634
738 766 -4.43612
738 787 -1.37165
738 791 0.0366525
738 802 -1.81446
738 803 -1.1187
738 804 -3.60317
738 815 -0.0061139
738 833 -0.00611414
739 770 -1.57696
739 792 -4.8442
739 801 -5.76558
739 831 1.66155
739 839 -2.85347
740 749 -2.93164
740 753 2.58569
740 759 2.64699
740 762 6.77191
742 744 -2.71175
742 750 3.91844
742 760 5.30784
742 778 4.69948
743 755 -1.52308
743 756 5.0742
743 757 -1.44559
743 779 2.52439
743 813 0.785658
744 778 -3.20605
746 764 -0.191896
746 772 -0.116857
746 781 -0.0570154
746 805 -2.78039
747 773 0.0747319
747 790 0.16631
747 800 -0.154501
747 824 -0.457751
747 825 -0.483889
749 759 -7.52157
751 760 -3.73241
751 766 -6.29379
751 787 0.83572
751 796 -1.72417
751 802 -0.187874
752 770 -5.09591
753 762 0.17923
753 775 -6.5128
753 777 0.0896149
753 816 -6.8569
753 819 -0.517023
753 821 -6.90034
754 783 0.867703
754 785 -5.53733
754 786 -1.98633
754 798 -8.98936
754 809 -3.43706
755 756 -9.88354
755 780 -0.669968
755 794 -4.80512
756 794 0.00216858
756 808 0.00848003
756 813 0.785658
756 817 -4.92395
756 853 2.22758
757 779 -3.72579
758 761 3.06976
758 772 -1.11006
758 784 1.71562
758 805 -2.21197
758 842 0.324664
758 871 0.24365
759 762 8.91347
759 785 0.145011
759 816 -2.80104
759 835 0.341062
759 882 -0.00963118
759 899 -0.0418521
759 909 -0.000803133
760 778 0.29206
760 796 -2.99128
760 807 1.66155
760 811 -3.145
760 830 -4.14515
762 777 2.30851
762 816 -5.80274
763 767 2.24865
763 791 -0.235096
764 776 -0.270678
764 780 0.0839334
764 781 0.368136
765 795 -2.36822
766 787 -2.41897
767 791 -1.16795
767 797 -1.08303
767 799 0.0899029
767 815 0.81308
767 820 0.332415
767 833 0.108004
768 782 -4.41346
768 790 -0.550645
768 797 -3.23905
768 812 0.227801
769 792 -4.67052
769 800 1.04386
769 838 -5.53733
769 856 -1.44559
770 771 -0.00759216
770 774 -1.44471
770 801 0.604224
770 836 -2.97431
770 846 -0.743577
771 774 3.57468
772 805 -1.08303
774 788 5.75859
774 846 -1.78315
775 795 -0.613029
775 814 -0.025183
775 818 0.0187285
775 821 0.284336
775 840 0.00829992
776 780 -1.85184
776 781 -0.406785
777 816 -0.451047
778 810 -8.76265
778 811 -0.594195
778 822 -13.7164
778 823 1.07328
778 827 1.51951
778 849 -1.80066
779 789 -0.172613
779 813 -0.140032
779 829 -0.0147401
779 853 -0.00644582
780 781 0.15967
780 794 2.27269
780 832 0.490425
780 854 0.359347
780 855 -6.87373
781 805 -10.625
781 832 -0.0423295
781 842 -1.776
782 790 3.57445
783 786 -4.8442
783 806 -0.794069
783 809 -2.41897
784 795 -0.210726
784 818 -0.572218
784 842 0.812439
784 848 -0.0473294
784 863 0.0469299
784 865 -0.0715759
784 871 0.326623
784 872 -0.0997493
784 917 0.000774979
785 798 -0.026484
785 816 0
785 835 0.290022
785 882 -0.0492054
785 889 0.0423481
785 899 -0.0627967
785 909 0.12026
786 806 -2.37981
786 810 -9.26974
786 843 -0.517023
787 802 -0.260685
788 793 -0.240876
788 846 -0.412376
788 851 -5.04168
789 829 0.012062
789 847 -0.870731
790 812 -0.0996448
790 824 -4.09601
790 825 -4.14515
790 850 3.79558
790 867 -9.97346
790 881 4.85698
790 892 -0.292946
790 911 4.95061
790 922 2.07807
790 952 0.131128
790 956 -1.42543
790 962 -0.0200178
791 799 -0.104563
791 804 -0.199744
791 815 -0.287417
791 820 -0.100991
791 833 -0.0919536
792 839 -4.8442
792 856 -3.31536
792 864 0.0080739
792 874 -2.54129
792 876 -0.00201994
794 808 0.113794
794 817 -0.268598
794 834 2.4712
794 855 -2.8598
794 857 0.560111
795 818 -3.76671
796 802 1.51705
796 830 -0.434749
797 812 -0.0828433
797 820 -5.70458
798 806 0.0753141
798 809 -0.532943
798 835 -0.123379
798 889 -0.038527
798 909 -0.0431896
799 815 0.447766
799 833 0.0790811
800 825 2.71175
800 838 -3.43706
800 860 3.56854
800 876 0.475965
801 831 -6.35485
801 836 -0.894082
802 803 -0.451047
802 804 -2.27269
802 828 -3.66905
802 830 -1.44559
802 837 -1.57696
803 804 0.0106643
804 815 0.208021
804 828 2.04444
804 833 0.224167
804 859 -4.14515
805 842 -2.18405
806 809 -4.64087
806 835 -2.34203
806 843 -3.97262
806 869 -0.652519
806 889 -0.0349387
806 909 -6.73254
807 811 -0.157174
807 830 -2.02516
808 817 -4.30668
810 822 2.85347
810 843 -6.66746
810 849 -4.51502
810 858 -3.49104
810 875 -10.3815
811 827 -1.09497
811 830 0.314349
812 820 0.0153161
812 850 -0.0521012
813 829 -4.13225
813 853 2.23715
814 818 -1.88061
814 821 -0.100612
814 840 -2.06928
815 820 2.36514
815 833 0.900632
815 844 2.81877
815 859 -11.1567
815 861 -4.8442
815 881 -1.18877
815 884 2.31952
816 819 -10.3815
816 835 -0.341105
816 841 -10.2998
816 882 0.118524
816 905 -1.93061
817 834 -0.12361
817 853 -3.31536
817 857 -4.16917
817 868 -2.47197
817 870 -1.85125
818 821 -0.262994
818 840 0.433266
818 848 -2.88439
818 872 -0.379908
819 821 4.69588
819 841 -0.943623
819 866 -3.10675
820 844 1.54979
820 850 -3.47687
820 861 -0.849093
821 840 -0.897334
821 866 -7.64217
821 885 -1.37701
821 887 1.45903
822 823 -0.434708
822 849 -7.87756
823 849 -1.67623
824 825 1.46032
824 867 -0.1749
825 860 2.74141
825 867 -2.70025
825 879 3.97981
825 911 -2.16071
826 829 -7.58221
827 830 -0.124595
827 849 -4.50027
827 858 -0.353819
827 883 -0.249189
828 837 -2.85347
828 852 -7.77585
828 859 -1.06254
828 883 -5.60141
829 847 -0.200986
829 853 -2.17331
829 873 -0.210785
830 837 2.27269
830 852 9.61014
830 883 2.95909
831 836 -14.9931
831 839 -6.08405
831 845 -4.74466
831 846 -2.31952
831 877 0.822226
831 894 -4.72018
831 907 -7.02825
831 921 0.618144
832 842 1.53766
832 854 0.951765
832 855 -0.350885
832 857 0.152107
833 859 -0.652519
834 855 -1.30083
834 857 1.06905
835 882 -0.250398
835 889 1.60927
835 899 -0.546245
835 909 1.07355
836 846 -0.568702
837 852 5.94008
838 856 0.0242449
838 876 -0.94005
838 880 -1.42611
839 845 1.21899
839 864 -8.55306
839 877 -0.321795
839 888 -1.00191
839 897 0.407262
839 918 -0.943623
840 872 -5.46631
840 887 -6.96357
840 904 0.159622
841 866 -1.48948
841 885 1.68253
841 902 -2.18729
841 905 3.0377
841 909 -10.5071
841 927 0.010293
841 935 3.58413
841 943 -7.2338
841 964 -0.0587604
841 972 -0.120168
842 857 0.158703
842 863 1.05776
842 865 -0.208602
842 871 0.417204
842 878 7.61667
843 869 3.76146
843 875 -0.337785
843 896 -0.418426
844 861 -0.451047
846 851 -0.238934
846 862 -3.42594
846 886 -3.31536
846 894 0.10826
846 895 2.23604
847 873 -5.31518
848 872 0.683917
849 858 -6.15689
850 861 -0.740165
850 881 0.283876
850 892 -1.85784
850 901 0.0380565
851 862 -0.0544849
851 886 -3.96916
852 883 6.28714
853 868 3.74827
853 870 1.96594
853 873 0.29108
853 916 -0.00274429
853 923 0.76694
853 929 -0.00307513
853 945 -0.00322129
854 855 -0.146923
855 857 -10.8487
856 874 0.0324249
856 876 -0.0838951
856 880 -1.39552
857 868 0.373695
857 878 0.599991
857 898 2.21803
857 903 -2.47197
857 908 1.22569
857 912 5.314
857 931 0.167607
857 946 0.420541
858 875 -8.24908
858 883 -5.52307
858 890 -10.5979
858 893 -1.08303
859 883 -4.8442
859 884 -0.794069
859 900 -0.119185
859 901 -3.1948
860 876 2.41753
860 879 5.77217
860 920 7.89176
860 924 -0.00271362
860 938 0.0115178
860 953 -5.53733
861 881 -1.14578
863 865 -0.335677
863 871 0.763914
863 878 1.257
863 917 0.000767719
864 874 -0.662544
864 876 -0.317853
864 913 0.654541
864 918 -5.53733
865 871 -2.01483
865 872 -12.6207
866 885 -1.27511
866 902 1.33797
868 870 0.601089
868 898 8.16107
868 916 -0.00255931
868 923 0.914756
868 931 -0.105414
869 896 -8.56584
869 909 6.51601
869 928 0.159798
869 936 2.07773
869 948 -2.6893
869 959 -1.74261
869 978 -0.0938767
871 872 8.54024
871 878 7.51665
871 915 -0.00496118
871 917 -0.00753162
871 934 -5.89755
871 939 -0.101248
871 947 0.950747
871 963 -0.163545
871 987 -0.277225
872 904 -0.875061
872 915 -0.0666466
872 917 0.0494381
872 947 0.59856
872 963 -0.226768
872 987 -0.476365
873 916 -0.256602
873 923 -0.000198163
873 929 -0.886457
874 876 -0.023271
874 880 -0.547121
874 913 -0.456089
874 924 -0.00057752
874 938 -0.0527208
875 890 10.2409
875 896 -24.6756
875 940 2.31952
876 880 0.105541
876 913 -0.056815
876 920 2.49038
876 924 -0.0243176
876 938 -0.0635253
877 888 -0.0700634
877 907 -2.78039
878 903 -0.982543
878 908 1.14032
878 917 0.000767719
878 934 -1.47101
878 939 -1.18877
878 946 -1.94406
878 955 1.31495
878 961 4.38856
878 969 -6.75983
878 1011 -0.124635
879 911 -4.8442
879 953 -2.85347
881 884 -3.18769
881 892 -1.24304
881 900 -0.00449263
881 901 0.227806
881 922 6.58161
881 952 0.0266898
882 899 0.246457
882 905 -0.365881
882 909 -4.63816
883 890 4.14515
883 891 0.226931
883 893 -2.9436
883 906 0.895272
883 910 3.77087
883 914 1.67963
883 919 -0.316263
883 925 2.3015
883 932 4.98703
884 900 -0.794069
885 887 -2.92946
885 902 -2.86782
885 915 3.93179
885 927 0.368391
885 964 -0.00832184
886 895 -9.22073
886 926 0.0104671
887 904 -5.57872
887 915 -7.60108
888 897 -7.57806
888 907 -5.53733
889 899 -0.0532721
889 909 0.924699
890 925 8.01582
890 940 4.67052
891 901 -0.88756
891 910 0.574874
893 914 -0.14185
894 895 -4.64007
894 921 -13.7059
894 926 -2.68591
895 926 -0.0284575
896 925 -4.43612
896 936 -3.17984
896 940 -4.8442
896 949 0.702745
896 965 -5.81118
896 992 1.34005
897 907 -1.73322
897 918 -4.50357
897 930 -3.0488
897 933 -0.800509
897 941 1.70807
898 912 0.876939
898 923 -1.58719
898 931 1.11598
898 985 -3.03673
898 986 -0.03245
899 909 -3.31427
900 901 -0.0154358
900 922 -0.03839
900 937 0.0063723
901 910 -3.20922
901 922 0.532239
901 937 0.849602
903 908 -1.28479
904 915 3.29415
904 917 -0.000331169
905 909 -1.72077
906 910 0.712254
906 919 -0.138672
907 921 -4.8442
907 930 1.26948
908 912 0.777638
908 946 -4.40418
909 928 2.2697
909 943 0.574219
909 948 -0.307819
909 978 -0.0115122
909 989 -1.14578
909 1009 1.01564
910 919 -1.76073
910 925 0.0150461
910 932 1.8647
910 937 -3.51337
910 991 -5.53733
910 1026 0.0318097
910 1041 -3.73241
910 1047 -1.14578
911 952 0.0254989
911 953 0.00560993
911 956 -0.228891
911 960 -0.025487
911 962 -0.0797348
911 973 1.48151
911 993 1.29722
911 1037 -0.078842
912 931 3.6411
912 946 2.14791
913 918 -18.8141
913 920 -0.00837909
913 924 -0.0308679
913 938 0.775869
913 970 -3.65795
915 917 0.968674
915 927 1.29152
915 942 -7.15105
915 947 -0.00439781
915 950 2.49022
915 963 0.0973628
915 980 0.124731
915 997 0.819183
916 923 -0.010409
916 929 -4.73461
916 945 -0.00618582
917 947 -0.0123279
917 950 0.966157
917 963 0.249139
917 987 0.0673798
918 941 -10.6151
918 970 -11.0747
918 1005 -9.45578
920 938 -0.0472362
920 953 -2.40068
920 960 0.217942
920 994 -0.00429719
921 926 -1.98633
921 930 -16.612
921 957 -3.91844
921 966 2.02352
922 937 0.466045
922 952 0.323008
922 973 4.79962
923 929 -0.141413
923 945 -0.101975
923 968 0.579119
923 977 0.485378
923 985 -1.60463
924 938 -0.0314909
925 932 -0.974477
925 940 2.52745
925 990 -1.54979
925 992 -9.65883
925 1003 -1.6271
925 1023 -0.545021
925 1025 0.0670035
925 1026 0.00763635
925 1035 0.124427
926 944 -4.63777
926 957 -0.0159119
926 958 -0.243714
927 935 0.55084
927 942 -1.31408
927 951 3.51094
927 964 -0.102497
927 972 -0.00696647
927 980 0.0826657
927 983 -0.157465
927 997 0.265323
928 978 -0.011513
929 945 2.35255
929 968 -0.654412
929 974 1.32749
930 933 0.316597
930 941 -2.40034
930 954 10.7367
930 966 -3.57445
930 982 -0.0843185
930 999 0.133225
930 1004 0.686384
931 946 0.226007
931 986 -0.0808139
932 1026 0.134826
932 1035 -0.0624642
933 941 -0.429723
933 954 0.50469
934 939 -3.31536
934 947 -4.32306
934 961 0.604516
934 971 -0.0339248
934 988 0.227017
935 951 0.0159438
935 964 -0.0723531
935 972 -0.194823
936 948 -0.0645155
936 949 -1.1883
936 959 -2.72367
936 965 2.82529
936 975 1.36773
936 978 -0.0490222
936 981 -1.11677
937 973 0.981822
937 976 -4.30917
937 991 -0.739418
938 960 -0.0615577
938 970 -0.561416
938 984 -5.53733
938 994 1.14847
938 1008 -9.02241
941 954 -8.2793
941 996 -0.929547
941 1005 -1.86748
941 1015 1.0054
943 972 0.0174573
943 989 -2.03394
944 958 -5.53733
945 968 -7.18408
945 974 1.3601
945 977 -0.560912
945 1085 0.46297
946 955 -0.582888
946 979 -1.23861
946 986 -1.91493
947 963 -2.39136
947 987 -0.535351
947 988 -0.0387296
948 978 0.422946
948 1009 -0.965802
948 1016 -0.0105717
948 1024 -4.78195
948 1032 -0.030026
949 965 -2.58569
950 963 0.0316986
951 964 -0.108805
951 972 -0.00961624
951 980 0.0238598
951 983 -1.44096
952 956 -1.61425
952 973 0.849689
953 960 -4.81309
953 962 -2.54047
954 982 -0.0741876
954 996 0.468914
954 999 0.930783
954 1004 0.96691
954 1015 -0.172619
954 1048 0.919543
954 1110 -0.0257572
955 969 -2.85347
955 979 -2.64699
956 973 -0.442879
957 958 0.0318237
957 966 -3.31536
958 966 -3.43706
958 967 -4.43612
960 962 0.332774
960 984 -6.36795
960 993 -2.47046
961 969 -3.05612
961 971 -5.2948
961 988 0.971841
961 1011 -0.510276
962 973 -0.0388232
962 993 -0.247479
963 987 5.8917
963 997 0.795356
964 972 -0.0118643
964 980 -0.0252852
964 983 0.412022
964 989 3.43662
965 975 0.818037
965 981 -0.237123
965 992 -4.48647
965 995 -3.20605
965 1013 3.4524
965 1022 -4.14515
965 1043 0.3007
965 1070 -1.89647
966 967 -1.05004
966 982 -16.612
966 1020 -0.506435
966 1030 -3.91844
966 1038 0.669846
968 977 10.471
969 979 2.13039
969 988 -0.163823
969 1000 -0.382412
969 1011 0.524989
969 1019 -0.0367954
970 994 -14.8091
970 1005 1.98633
970 1008 -0.0700634
970 1045 -7.46639
971 988 -5.82511
972 989 -0.0237288
973 976 -6.16292
973 991 -0.717883
973 993 0.216597
973 998 3.35007
973 1001 2.57437
973 1002 4.14515
973 1017 3.05236
973 1033 -6.54381
973 1037 -0.594811
975 981 -0.718802
975 1013 0.50019
976 991 1.02641
976 1002 -4.43612
977 985 -0.402198
977 1006 -4.10877
977 1031 6.90174
977 1085 -0.568063
978 981 -4.14515
978 1013 -3.79478
978 1016 -0.0105454
978 1032 -0.108331
979 986 0.208951
979 1000 -2.56214
979 1011 0.482722
979 1019 -0.112157
980 983 -9.58098
980 989 -7.16946
980 997 0.462507
980 1007 5.74557
980 1066 0.00998553
981 1013 -0.974437
982 999 -0.14208
982 1004 -7.66139
982 1020 -0.943623
983 989 2.30208
984 993 -10.3815
984 1008 0.305845
984 1010 -3.73241
985 986 3.13025
985 1006 -4.8442
986 1000 -4.93139
986 1006 -5.53733
986 1018 1.39593
986 1029 -1.52308
987 988 -0.266525
987 997 1.68073
987 1012 3.43525
987 1036 0.0354522
987 1042 -1.88061
987 1062 -2.78039
988 1011 0.554132
988 1012 -7.82124
988 1040 1.52117
989 1007 -3.10675
989 1009 -4.54411
989 1042 -11.0747
990 992 4.31627
990 1077 -0.02158
991 1002 -3.20605
991 1017 -0.116857
991 1033 -1.21064
991 1041 1.97738
991 1056 -8.49737
991 1059 1.34772
991 1082 0.0915502
991 1084 0.734504
991 1103 -0.132316
992 995 3.31536
992 1003 1.89335
992 1022 -1.03657
992 1023 -2.71175
992 1027 2.87719
992 1043 0.0620291
992 1077 -0.436228
992 1081 0.0246577
992 1086 -0.00277034
992 1123 -0.00160808
993 1001 0.113061
993 1010 -0.00430111
993 1014 -6.20309
993 1017 0.0318048
993 1021 -1.66155
993 1028 -3.18068
993 1037 -0.0605811
994 1008 -0.098084
996 1015 -0.921265
997 1007 0.792027
997 1034 0.119624
997 1036 0.0978863
997 1039 -0.0370471
997 1066 0.0196679
999 1004 1.05077
1000 1011 -0.0699618
1000 1018 -5.8756
1000 1019 3.13239
1000 1049 -8.41866
1001 1037 -0.105871
1003 1023 -2.92362
1003 1077 -0.02158
1004 1020 0.12687
1004 1030 -3.66643
1004 1055 3.40911
1004 1110 1.67423
1005 1015 -0.906876
1005 1045 -4.14515
1005 1048 1.72475
1005 1064 -0.801634
1005 1065 1.51392
1005 1074 0.00325009
1005 1075 -0.0856503
1006 1029 -2.47197
1006 1031 -2.64699
1006 1046 -2.27269
1006 1052 -3.20605
1007 1034 0.340223
1007 1039 0.241044
1007 1042 3.12697
1007 1066 -0.103229
1007 1073 0.00261342
1007 1090 0.468828
1008 1010 -1.16394
1008 1014 -0.0809112
1008 1045 -0.084874
1008 1050 0.137209
1008 1063 2.05657
1009 1024 -0.0334871
1009 1042 3.55914
1009 1054 -0.00573358
1009 1067 -0.698024
1009 1072 -2.16263
1009 1090 0.118541
1010 1014 0.078328
1010 1044 -0.0087927
1011 1019 -0.00526458
1011 1040 3.99474
1011 1049 -3.01497
1011 1069 -2.33966
1012 1040 -1.88061
1012 1042 -0.601089
1012 1053 -7.09089
1012 1080 -1.57696
1013 1032 -1.16715
1013 1054 -1.80704
1013 1070 -3.8881
1014 1021 0.0312493
1014 1028 -0.150977
1014 1044 -0.185545
1014 1050 -3.57445
1015 1048 -0.69073
1016 1024 -0.0545527
1016 1032 0.0422342
1017 1033 -2.45847
1017 1037 -0.9696
1017 1059 -2.93164
1018 1029 -7.89641
1018 1049 0.635989
1018 1061 -0.317995
1020 1030 -0.0253773
1021 1028 -0.831753
1021 1044 -0.17873
1022 1043 -12.5893
1023 1025 -3.58526
1023 1027 -11.979
1023 1058 -2.31952
1024 1032 -0.0164261
1024 1054 0.0102771
1024 1057 -0.784072
1024 1072 0.378363
1024 1092 -0.000741653
1024 1102 -0.00211257
1025 1035 5.64347
1025 1058 2.64699
1026 1035 0.171384
1026 1047 -0.321795
1026 1051 -0.412919
1027 1058 -0.669846
1027 1077 -0.0431599
1027 1081 -2.89512
1027 1086 0.453268
1028 1037 -4.14515
1028 1044 0.676324
1029 1052 3.41799
1029 1061 -1.13637
1029 1087 -0.0581824
1030 1038 -2.52745
1030 1055 -5.71191
1031 1046 8.89859
1031 1078 5.58885
1031 1085 -0.613568
1031 1089 -0.228756
1031 1098 0.00417477
1031 1121 0.505758
1032 1054 4.40522
1032 1057 -0.667271
1032 1072 0.039028
1032 1092 0.000678456
1032 1102 -0.000914308
1034 1039 -0.0310355
1034 1042 -0.0234756
1034 1066 0.0292081
1034 1073 -0.00162497
1035 1051 -0.319312
1035 1058 3.57195
1035 1088 -4.43612
1035 1101 -2.69884
1035 1104 1.77531
1036 1039 -0.350398
1036 1042 -0.162857
1036 1062 -1.74099
1037 1044 -4.37746
1037 1059 -5.46484
1037 1060 1.73585
1037 1093 -0.344304
1037 1097 -0.188713
1037 1107 -2.17857
1038 1055 -1.10372
1039 1042 3.19052
1039 1090 0.135019
1040 1053 3.29458
1040 1069 -0.0936047
1040 1080 4.75208
1040 1091 7.38043
1041 1047 -3.01573
1041 1051 -0.386023
1041 1084 0.0480979
1041 1088 -0.00988826
1042 1054 -0.0253938
1042 1062 2.2265
1042 1066 -0.350637
1042 1067 -7.22509
1042 1072 -5.32656
1042 1073 0.50457
1042 1080 1.36809
1042 1090 9.45641
1042 1091 3.55873
1042 1099 -0.0544849
1042 1108 -0.886457
1042 1112 -0.0529444
1042 1114 -5.53733
1042 1126 6.12007
1042 1130 -0.337785
1043 1070 -1.2028
1043 1077 -0.606743
1043 1081 0.0603924
1044 1050 -1.91493
1044 1060 -0.0154051
1045 1063 -0.949035
1045 1064 -0.0856503
1045 1068 -8.42958
1046 1052 -0.483906
1046 1061 -0.197123
1046 1078 0.465521
1046 1079 -0.441763
1047 1051 -0.369897
1048 1065 1.54646
1048 1074 0.0377701
1048 1095 0.0116016
1048 1110 -0.173248
1048 1118 -0.393361
1048 1128 1.15932
1049 1061 -1.0456
1049 1069 -0.0848822
1049 1071 -6.58588
1049 1076 -4.8442
1049 1083 -4.09325
1050 1060 -11.0747
1050 1063 0.274418
1051 1088 -1.95015
1052 1061 -0.486155
1052 1087 -0.0419694
1053 1080 3.68925
1054 1057 -0.65414
1054 1070 -5.53733
1054 1072 0.0774715
1054 1092 0.00142241
1054 1102 -0.105474
1054 1109 -0.519786
1054 1112 1.111
1054 1126 0.0700632
1054 1131 -3.10675
1055 1110 5.90395
1056 1059 -2.58569
1056 1082 -18.0733
1056 1113 -1.32352
1058 1086 -11.5701
1058 1104 0.339521
1058 1123 1.54979
1058 1127 -5.79173
1059 1106 3.98162
1059 1107 -0.740165
1059 1113 2.41994
1059 1119 -0.208582
1060 1063 -22.1493
1060 1093 -1.15601
1060 1097 -0.0635579
1060 1115 0.0895734
1060 1116 2.28538
1061 1076 -4.18219
1061 1079 0.655881
1061 1087 2.06966
1062 1090 0.0791023
1063 1068 -0.0478512
1063 1116 -11.0747
1063 1120 -10.0959
1064 1068 -0.942365
1064 1074 -0.00456393
1065 1074 0.324212
1065 1075 -0.55175
1065 1110 -0.0345185
1065 1118 -0.31585
1066 1073 -0.00162881
1066 1090 -0.0967094
1068 1074 0.0529902
1068 1094 -0.982543
1068 1100 0.601192
1068 1118 -0.0313224
1068 1120 -0.635286
1069 1083 -3.00375
1069 1091 -0.0465693
1070 1077 -2.4326
1070 1117 -3.43706
1071 1076 0.160484
1071 1083 -0.339533
1071 1096 0.0684227
1072 1092 0.00032051
1072 1102 -0.0396769
1072 1109 -0.102807
1072 1112 0.580184
1072 1114 -4.08252
1072 1131 -5.53733
1073 1090 0.0100835
1074 1075 -0.182232
1074 1100 0.052821
1074 1105 -0.0207639
1074 1110 0.00350517
1074 1118 -0.544629
1076 1083 -2.96531
1076 1087 -0.322865
1076 1096 1.93841
1076 1111 -2.27269
1077 1081 -0.188128
1077 1086 -0.00199562
1077 1117 -3.57445
1078 1079 -1.07197
1078 1089 -0.181919
1078 1098 1.66925
1078 1121 1.45066
1079 1087 5.90781
1080 1090 0.0791029
1080 1091 2.84023
1080 1108 -0.689278
1081 1086 -9.6715
1081 1117 -8.67221
1081 1123 3.1727
1082 1084 0.0109425
1082 1103 -1.45706
1082 1113 -2.11632
1083 1091 0.0929209
1083 1096 0.44374
1083 1111 -0.921795
1083 1129 0.88748
1084 1088 -1.39345
1084 1103 -0.0850605
1085 1089 1.91679
1085 1098 -0.113683
1085 1121 -6.70975
1086 1123 -5.11568
1087 1096 0.60675
1087 1124 3.93878
1088 1101 -11.2862
1088 1103 -0.600447
1089 1098 -0.0588662
1089 1121 -1.31519
1090 1091 0.164783
1090 1099 -1.20353
1090 1108 -1.39593
1090 1130 -0.0389131
1091 1108 -0.467994
1091 1129 1.42058
1092 1102 0.00222343
1092 1109 -0.0769945
1092 1112 0.000470241
1093 1097 0.929828
1093 1115 -0.0449804
1094 1100 -2.93017
1095 1110 0.278251
1096 1111 -3.61914
1096 1124 5.73603
1096 1129 1.84578
1097 1106 -0.896893
1097 1107 -0.531496
1097 1115 -1.96976
1097 1116 -2.49642
1098 1121 0.233089
1100 1105 -0.911634
1100 1118 -2.15277
1100 1120 -0.652519
1100 1132 -2.14198
1101 1103 -6.18414
1101 1104 -1.84714
1101 1113 -0.584119
1101 1122 -0.369897
1101 1125 -0.598911
1101 1133 0.75943
1102 1109 -3.53422
1102 1112 -0.0280722
1103 1113 3.50664
1104 1122 -1.95015
1104 1127 -3.01573
1105 1118 0.0566617
1106 1107 -2.27269
1106 1116 0.766415
1106 1119 -3.3313
1109 1112 -0.300673
1110 1128 -0.032261
1111 1129 -0.943623
1112 1131 -2.58569
1113 1119 -0.511391
1113 1134 0.376913
1114 1126 -5.53733
1114 1131 -4.43612
1115 1116 0.164774
1116 1120 1.64407
1117 1123 -3.41792
1119 1134 -3.66409
1120 1132 -4.41887
1122 1125 0.0570199
1122 1127 -0.132481
1122 1133 -1.99866
1125 1133 -0.228079
1126 1131 -2.18405
