MULTICUT
0 1 1.67921
0 8 -1.91543
0 13 -0.190786
0 14 -0.0352235
0 15 -0.000310574
0 19 -2.58569
0 20 -8.92616e-05
1 9 -0.369897
1 13 -2.45754
1 14 -0.909618
2 3 -2.52745
2 5 -5.38945
2 8 -7.87756
2 11 0.533685
3 7 -1.78253
3 8 -0.704796
4 11 -1.00226
5 6 -3.67054
5 11 -17.783
5 17 -1.57696
7 8 -3.73241
8 11 -14.3
8 19 -21.4741
8 26 0.886457
9 10 -2.58782
9 12 -0.0779865
9 14 -0.0389131
9 15 -1.02216
10 12 1.98526
10 15 1.47101
10 16 2.14198
10 21 2.8649
10 23 -5.16531
10 34 0.205779
11 15 -12.1997
11 17 0.794069
11 18 -2.14198
11 19 1.57696
11 24 -10.3911
11 25 -19.2076
11 26 -2.46698
11 30 -2.73989
11 31 -0.467445
11 32 -8.67561
11 35 -3.69352
11 38 -3.73241
11 40 -3.57445
11 42 1.18877
11 43 -1.75131
11 45 -1.95015
11 46 -1.91493
11 47 -2.93164
11 48 -4.14515
11 50 0.179457
11 51 -3.73241
11 52 -4.8442
11 54 -1.81446
11 58 -5.47838
11 59 -0.0856503
11 61 -5.24331
11 62 -6.20919
11 65 -3.43706
11 72 -4.5958
11 76 -2.64431
11 79 -5.90902
11 80 -10.6061
11 84 1.39593
11 95 -0.192186
11 96 1.34772
11 101 -8.74498
11 102 -3.51919
11 105 -1.79448
11 106 -5.04366
11 119 -2.27269
11 120 0.0702167
11 127 -4.8442
11 128 -1.77085
11 130 -1.52174
11 132 -5.35971
11 137 -1.02216
11 139 -2.93164
11 140 0.369897
11 141 -1.06254
11 154 -3.35774
11 155 -0.274059
11 158 -6.73084
11 159 -3.87976
11 160 -3.94841
11 162 -2.55523
11 166 -0.132481
11 171 -0.685826
11 172 -1.10887
11 175 -16.1375
11 180 -0.618144
11 191 -0.049489
11 192 -5.53733
11 193 -0.101758
11 194 -0.924411
11 200 -3.91844
11 203 -5.53733
13 14 0.0295925
13 15 -0.235055
13 19 -3.10675
13 20 -0.444075
13 22 0.196822
13 24 -2.86592
13 25 -0.00566589
13 27 -4.99613
14 15 -0.508168
14 20 -0.284154
15 20 0.230251
15 21 0.345176
15 25 2.47534
15 31 -7.2338
15 34 0.172588
15 46 -5.03925
16 23 -4.34417
18 28 0.135706
18 30 0.41565
19 22 -3.65506
19 24 -10.6966
19 26 -2.87793
21 23 -0.121717
21 34 0.871713
22 24 -1.66323
23 29 0.845618
23 33 -0.493847
23 34 -0.970866
23 36 -0.50954
23 37 0.0041228
23 39 0.954871
24 25 -2.23129
24 27 0.135127
24 32 -0.148121
25 27 -1.52607
25 31 -6.85009
25 42 -5.53733
28 30 0.00934665
28 40 0.182377
28 43 -0.415723
29 33 -0.493847
29 34 -0.0126491
29 36 -1.32867
29 37 8.33956e-05
30 40 -0.785685
30 43 0.0683566
33 36 -4.89634
33 38 0.0699563
33 52 -1.69379
33 60 -1.91493
34 37 -0.00135844
34 39 -0.0256251
34 46 -2.47197
34 48 -6.3835
35 41 2.17684
35 44 4.27763
35 45 2.53523
35 47 -0.0472978
36 37 -0.943623
36 38 -0.132481
37 38 1.22942
37 39 0.0397325
38 39 0.249614
38 48 -1.18877
38 52 -0.591199
38 60 -2.26064
38 61 -9.11179
38 65 -0.0371165
39 48 -0.116857
40 43 -0.21011
40 53 -0.990044
40 58 0.917669
40 64 3.10021
40 68 1.21763
40 74 0.156304
40 77 1.27388
40 81 -0.0792875
41 44 1.45001
41 45 0.601089
41 47 -0.0117077
44 45 1.91493
44 47 -0.15398
44 49 4.86313
44 54 1.51542
44 56 1.70341
44 57 0.409073
45 50 -1.837
45 54 6.69219
45 55 2.33888
46 48 -0.982543
47 49 -0.0452109
47 51 7.83062
47 54 0.0118267
47 56 -0.13301
47 57 0.492186
47 63 -0.173395
47 70 0.916159
47 73 -1.73967
47 75 3.62576
47 78 0.750385
48 61 -2.6566
49 56 0.0393684
49 57 0.261604
50 54 -0.337785
51 58 4.03325
51 63 -1.98515
51 64 0.00661809
51 66 0.408771
51 74 -0.302752
52 60 -0.131068
52 65 -0.111349
52 67 2.85801
52 79 -7.64217
52 82 4.14515
52 88 1.69086
53 58 -0.0652799
54 55 1.00787
54 56 0.0183193
54 57 8.25375
54 59 -0.740165
54 62 0.234304
54 69 4.63527
54 75 0.258655
56 57 0.062014
57 75 0.9861
58 64 0.012584
58 74 0.0053736
59 62 -3.08365
62 69 0.234304
62 72 3.49104
62 76 -1.75131
63 64 0.0489017
63 66 -0.517023
63 70 -0.132257
63 71 -0.969909
63 73 -1.18285
63 74 0.741036
64 74 1.13846
64 77 0.0701593
64 81 -0.0350796
66 74 -0.112186
68 77 0.413065
68 81 -0.0795615
69 72 6.96357
69 75 4.67052
69 87 4.14515
69 89 3.43706
69 97 9.8068
69 99 8.77847
69 104 6.98399
69 105 -3.77617
69 108 2.67776
69 116 4.90487
69 118 7.16946
69 133 4.23977
69 142 6.10249
70 71 -0.351765
70 73 -0.135044
71 73 0.580241
72 76 -8.10869
72 80 3.49452
72 90 -0.0762683
72 104 5.24271
72 105 -0.0141043
73 74 -8.59117
73 78 -5.78119
73 83 -3.5753
74 81 1.04829
74 83 -1.49443
74 85 -1.52308
75 78 0.993494
75 89 3.33121
77 81 -1.24997
77 91 0.113598
77 93 0.252134
78 83 0.116857
78 89 0.0221494
78 92 0.319324
78 94 0.305845
79 82 -6.75241
79 86 -1.38829
79 96 -2.31952
79 98 -4.22395
80 90 -0.0764281
80 104 0.246324
80 105 -0.547822
81 83 -0.347336
81 85 -2.44056
81 91 0.355677
81 93 -0.934425
81 94 0.0329518
81 100 1.43004
81 112 -0.000772968
82 86 -4.68296
82 88 3.21233
82 98 0.642865
82 103 -3.20605
82 109 2.52745
82 114 -0.424635
83 85 1.35369
83 94 6.89353
84 106 -3.64044
84 111 -4.49549
84 134 -2.60903
84 149 -0.56723
84 156 -7.78537
84 157 -9.26974
84 158 -7.28959
84 177 -11.0747
84 178 -0.101248
84 204 -0.299834
84 211 -1.39593
84 217 -4.14515
84 239 -12.0663
84 256 -5.53733
84 268 -15.9189
84 271 -11.0747
84 274 -21.0481
85 94 0.860944
85 100 -0.0168581
86 98 -3.91844
87 99 3.31536
88 114 -0.424635
89 92 0.355407
89 94 2.92613
89 97 5.6342
89 107 5.56522
89 108 8.00802
89 124 0.643047
89 125 3.57445
89 126 3.10675
91 93 0.0309389
91 100 3.91132
91 112 0.551938
92 94 0.0643874
94 100 5.63447
94 107 0.226632
94 112 6.33108
94 113 1.32411
94 115 5.88172
94 121 2.02352
94 123 -0.61308
94 124 2.44634
94 126 2.28626
94 129 3.91844
94 150 1.10372
95 101 0.192606
95 102 0.191767
96 98 -4.14515
96 106 -0.905358
97 108 1.81446
98 103 -2.34532
98 106 -3.20605
98 109 1.84714
98 111 -2.60189
99 108 3.43706
99 133 5.66823
100 112 6.16181
101 102 4.97695
101 110 5.27745
101 119 0.142481
102 110 2.99075
102 120 -0.0702166
102 122 0.0771136
102 127 4.54078
104 105 -1.54738
105 116 -0.0484043
105 119 -0.137713
106 111 -0.563659
108 125 3.73241
108 133 5.49866
109 111 -3.42249
109 114 -1.23091
109 117 0.432626
109 131 -0.384223
109 134 -2.36822
110 119 0.467768
110 122 1.16915
111 134 -0.369897
112 129 2.41897
112 136 8.00631
112 147 -0.10448
112 150 -0.01783
112 161 -0.0420811
113 115 2.93494
113 123 -0.295075
114 117 -1.06137
114 131 -3.34853
114 143 -3.43706
114 157 0.258591
114 168 2.60065
115 123 -1.18706
115 126 7.01572
115 138 0.331721
115 150 9.60161
115 161 3.64094
115 164 -0.0978892
115 167 0.0265866
116 119 2.34871
116 122 12.754
116 127 0.451047
116 141 1.78253
116 142 2.85347
116 144 4.14515
116 145 1.21064
116 152 5.35998
117 131 -0.0669705
119 122 2.92527
121 123 -1.32411
122 127 3.94451
124 126 3.48588
125 126 2.41897
125 133 8.3751
125 135 6.66173
125 138 2.66439
126 138 4.80696
127 132 1.92416
127 141 1.71016
128 130 6.40156
128 146 0.402198
128 148 2.88749
128 155 2.80203
128 162 0.448209
130 140 -0.635286
130 146 0.533685
131 134 -3.70701
131 149 -3.91844
131 156 -1.62977
132 137 -0.179458
132 139 1.30083
132 141 8.31605
133 135 8.25969
133 138 3.31536
133 142 7.55333
133 165 5.04398
133 167 9.3159
133 173 3.16569
133 176 -0.132283
133 183 7.3512
133 185 13.1
134 149 -0.652519
136 147 -0.00892799
136 153 1.07822
136 161 0.0890055
137 139 -0.023346
138 164 -0.292282
138 167 2.4186
140 146 -0.878542
140 154 -0.0186466
141 145 4.60302
141 151 3.57445
141 159 11.0263
141 163 3.31536
141 170 0.658632
142 152 10.02
142 165 2.77507
144 145 4.64091
144 152 1.44559
145 151 5.15141
145 152 9.44401
145 163 3.01573
145 165 2.10785
145 170 6.07124
145 188 2.57606
145 224 0.00962959
146 148 7.44488
146 154 2.08214
146 162 2.49356
146 169 0.0856502
146 189 -1.45989
146 196 0.568039
147 150 0.100656
147 153 2.45284
147 161 4.62545
147 174 3.34067
147 202 -0.258867
147 206 1.34373
148 155 4.55074
148 162 2.32209
148 169 2.18405
149 156 -1.10372
150 161 2.34021
152 165 5.16732
153 161 0.609144
153 206 0.829214
154 160 3.82828
154 189 -2.77887
154 194 0.0745743
154 196 0.586711
154 207 -0.10942
154 212 -0.344261
155 162 0.868604
156 157 -1.91493
157 168 0.503392
157 178 -4.14515
157 190 1.8528
157 204 -3.73241
157 205 -4.72943
157 225 2.22758
157 257 1.54979
157 258 3.63224
158 175 0.521446
158 177 0.555315
158 182 0.994415
158 184 -0.82184
158 199 -0.614048
158 209 -0.196414
159 170 1.44496
159 172 2.66634
159 186 5.96378
159 187 4.45604
159 188 1.44667
161 164 -0.227805
161 174 9.90282
161 202 -0.147685
162 169 3.59845
162 171 2.84026
162 191 4.25956
162 196 0.11665
162 212 -0.576255
162 216 0.0942045
163 170 0.612307
164 167 -0.613268
164 174 -0.119746
164 179 -0.0757456
164 197 -0.147398
164 208 0.0316795
164 221 -0.116857
164 231 -0.338286
164 247 -5.74537
164 253 -1.68801
164 277 -1.40293
164 316 -0.943623
164 329 -0.00778178
165 181 6.65287
165 185 0.823667
165 188 3.01715
165 221 1.68658
165 224 -0.00144209
165 234 1.9795
165 238 2.07716
165 262 -0.0342299
165 278 0.574563
165 283 0.0089058
166 175 -1.60463
167 173 0.645057
167 176 -0.301827
167 179 5.8219
167 208 -0.0122969
168 190 4.45643
168 225 1.30083
168 252 8.46539
168 258 5.19176
168 304 5.79418
168 310 2.82478
168 330 0.984828
168 348 1.07168
170 188 5.72756
170 224 0.00521072
171 191 0.242518
172 186 1.01372
172 187 0.137172
172 193 0.304174
172 215 -6.73084
173 176 -0.314202
173 179 2.45634
173 185 2.94282
173 208 -0.0403007
173 221 2.62387
174 197 0.851889
174 202 -0.843906
174 206 1.14446
175 192 -0.00956368
175 195 1.9638
175 198 -2.33602
175 199 -4.12454
175 209 -1.63511
175 232 0.299919
176 179 -0.0953595
177 184 -6.47297
177 210 0.759737
177 211 -3.65735
177 214 0.015555
177 217 0.110536
178 204 0.00778166
178 205 -2.64699
179 208 -0.305898
180 192 -10.4261
180 203 -3.10675
180 222 -0.849093
181 185 3.62336
181 221 2.63446
182 184 -1.65685
182 199 -0.102598
183 185 1.91493
184 199 0.348473
184 210 -6.48096
184 223 -3.20605
184 227 -2.33359
184 230 1.06428
185 221 4.91765
186 188 0.786009
186 215 -1.84714
186 218 -2.88828
186 224 -0.377537
188 224 -0.0899928
188 234 0.308479
189 196 -1.92556
191 200 -2.02352
191 201 -8.68631
191 213 -15.9189
191 216 0.0942045
191 219 -4.8442
192 195 -0.0778727
192 209 0.618144
192 220 -3.9302
192 222 -7.12449
192 260 1.18877
193 194 -0.687271
193 215 -6.50413
194 207 -1.39118
194 215 -3.91844
195 198 -0.0296787
195 220 -3.07543
195 232 0.703823
196 212 -1.35661
197 206 0.376945
197 231 1.05661
197 247 0.0710861
198 209 -0.180263
198 232 -0.00137997
199 209 3.21099
199 227 -0.618144
199 230 3.13892
200 201 0.134304
200 203 -0.0339714
200 219 -0.136499
201 213 -0.0582465
201 219 -0.920288
202 206 -3.47502
203 219 2.33407
203 222 -0.0821986
204 205 -1.75131
204 256 -2.78039
204 257 -3.31536
206 231 0.424667
206 246 1.34218
206 264 0.9078
206 273 0.0102068
206 276 -0.085992
206 279 -0.00547325
207 212 -2.14198
207 215 0.0352586
207 219 -3.10675
207 226 1.49176
207 229 0.0412064
208 221 -1.67289
209 220 -2.22758
209 230 0.0831268
209 232 -0.360527
209 233 -0.718956
209 235 1.39522
209 249 2.08923
209 260 3.81381
209 263 1.75275
209 265 1.82722
209 266 3.96648
209 270 -3.47036
209 284 -3.91844
209 288 -8.06359
210 214 0.00846806
210 217 0.151348
210 223 -1.02216
211 214 -1.78253
211 217 -6.20999
212 216 -1.14578
212 219 -9.11179
213 219 1.49791
214 217 0.0469931
215 218 0.773118
215 226 0.013384
215 228 2.12006
215 229 0.249334
215 237 -0.235874
216 219 -3.73241
217 223 -3.73241
217 239 -2.92279
217 245 -0.172366
217 250 -5.9707
218 224 1.70226
218 237 -0.618487
218 248 4.49744
219 222 -0.0821986
219 226 -3.8803
219 241 -9.52886
219 243 -2.71175
219 244 -2.25131
219 269 -10.5125
219 281 0.367038
220 232 -2.10127
221 238 2.53697
221 253 5.68722
221 261 1.27833
221 283 0.461818
221 287 1.07138
221 291 -1.44615
221 292 2.19656
221 317 -6.40805
221 324 1.46698
222 260 -4.78718
222 269 -3.01573
223 230 -5.53733
223 250 -2.85347
224 234 0.162605
224 242 1.4465
224 248 0.053333
224 254 0.025944
224 259 0.0062173
224 262 0.0196257
224 278 -0.0682841
224 287 -0.00695424
225 258 0.924411
226 228 1.94877
226 229 0.262137
226 281 -3.02239
226 293 -12.5957
227 230 -0.383207
228 229 0.123804
228 237 -2.8493
228 240 4.45125
228 248 0.630492
228 254 1.73763
228 255 3.94494
228 293 -9.97346
230 233 -0.327936
230 250 3.01706
231 246 1.73776
231 247 3.6811
231 251 1.85224
231 273 0.0646987
231 276 -0.0505511
231 277 -0.0959113
231 279 -0.00417196
231 286 -0.0133244
231 312 0.0379627
233 235 -0.722426
233 236 -0.849093
233 249 -2.08528
233 250 -0.643383
234 238 -0.0377116
234 242 0.0754606
234 254 0.00177597
234 262 0.0288963
234 278 -0.0254105
234 287 -0.00893473
235 236 -0.418426
235 249 5.70181
235 284 -2.78039
236 249 -2.41897
237 248 -0.246668
237 255 -0.0557778
238 242 -0.0249985
238 262 -0.539579
238 278 1.15025
238 283 0.0178116
238 287 3.66504
238 292 1.64003
238 294 -4.65661e-10
239 245 -2.10127
239 267 -0.327579
239 271 -4.70061
241 244 -0.101248
242 254 0.0117291
242 262 0.0449589
242 278 -1.48993
242 287 -0.0412973
242 294 -0.00871372
243 244 -0.451047
245 250 0.344732
245 267 -2.78039
246 251 0.0437795
246 264 0.0107963
246 273 0.160952
246 276 -0.501993
246 279 -0.000236891
246 286 -0.0335706
246 290 0.354998
246 312 1.45459
246 315 2.68201
247 277 -0.38271
248 254 0.632462
248 255 1.82828
248 259 3.00867
249 250 3.24941
249 282 -9.97346
249 284 -3.57445
250 267 -4.8442
250 280 -3.47488
250 282 -3.31536
253 261 2.37488
253 283 1.53064
253 302 2.23739
253 316 3.07997
254 259 0.281653
254 262 1.12974
254 293 -4.8442
254 296 -0.620313
256 257 1.66155
256 258 3.76101
256 268 8.85777
256 272 1.72077
256 275 9.94227
257 258 1.06254
258 275 4.3054
258 304 0.642119
259 262 0.00441457
260 265 1.21064
260 269 2.752
260 288 -4.8442
261 283 0.167904
262 278 -0.210365
262 287 -0.623586
262 294 -2.17734
262 295 0.0485181
262 296 -0.810807
263 265 4.45593
264 273 0.00180909
264 276 -0.0783901
264 279 -0.00180915
265 266 1.25517
265 270 -0.104093
265 288 -17.6153
266 270 -0.101248
266 288 -10.3815
267 271 0.972311
267 280 2.92818
267 289 6.26186
267 300 0.824723
267 327 0.0869382
267 347 -0.00537114
268 272 6.23796
268 274 8.97445
268 275 0.83062
268 305 0.00846058
268 307 0.419217
268 309 -0.0423507
268 314 4.56408
269 281 -0.734206
269 285 3.48989
269 288 -10.3815
269 293 1.43207
269 318 -17.0123
271 274 4.97577
271 289 3.58753
271 301 7.31497
271 303 0.305845
273 277 -0.55042
273 279 -0.0240241
273 286 -0.00820357
273 290 0.00977661
273 312 0.0405474
274 301 6.42211
274 305 0.00845946
274 307 0.557072
274 314 1.63853
275 304 0.32113
275 309 -0.0704812
275 311 1.33397
275 330 4.55097
276 279 1.02351
276 290 0.0186379
276 312 -0.033075
277 286 -3.22473
277 329 -1.98633
279 290 7.27931
279 312 -0.0109494
279 320 1.34772
279 328 3.51379
279 331 -1.42058
280 282 7.16585
280 289 0.16514
280 300 0.0598876
280 327 0.834575
280 347 -0.00537114
281 293 -0.65007
282 284 0.68574
282 297 0.201666
282 327 0.609677
282 343 -0.0909251
283 287 0.0157646
283 291 -0.0537185
283 292 0.0157646
283 302 4.02629
283 316 0.154257
283 324 0.0315293
283 345 0.186308
283 358 -0.105484
283 359 -0.388024
283 370 -0.0670353
283 373 -0.0159779
283 380 -0.601089
283 382 -0.213668
284 288 0.526358
284 297 0.0400273
285 288 -12.9672
286 312 -0.0164254
286 323 -2.41281
286 329 -2.38976
287 292 1.34813
287 294 4.84963
287 324 1.49263
287 339 0.214392
288 297 0.155448
288 298 3.74339
288 299 0.640909
288 306 0.0885556
288 308 -0.0078033
288 313 -4.34124
288 318 0.038913
288 319 -0.0802367
288 325 -0.0389131
289 300 4.97765
289 303 0.623205
289 322 0.119918
289 327 0.0327919
289 347 -0.00537114
290 315 3.47638
290 326 2.27269
290 328 3.47958
290 332 -1.49683
290 338 -1.06254
290 352 -2.58569
291 302 -1.86688
291 317 3.76123
293 296 -2.71175
293 318 -8.46898
293 321 -8.98936
294 295 -1.28874
294 296 0.937322
294 321 1.73957
294 339 1.20189
295 296 -0.300093
296 321 1.7423
297 298 3.68472
297 327 0.0606245
298 299 2.18405
298 306 1.59595
298 319 -0.044886
298 327 0.104645
298 343 -0.0183058
298 355 -0.144965
299 306 0.0375148
299 319 -0.0187574
300 303 0.0310829
300 322 0.108038
300 327 0.215024
300 337 -0.0204998
300 342 -3.71724
300 347 -0.0181294
300 386 -0.00102412
301 303 2.17869
301 314 1.21064
301 322 5.19067
302 316 0.221456
302 317 -1.21064
302 345 2.5008
302 346 -3.79087
302 358 -0.273523
302 359 -0.0280419
302 370 1.11824
302 373 -0.108166
303 322 3.1966
303 337 -0.0230394
303 351 -0.0597563
303 386 0.329595
304 330 3.19177
305 307 0.0508217
305 314 0.0339632
306 308 -0.0078033
306 319 1.24166
306 327 1.64021
306 341 0.0024781
306 354 -2.77184
306 355 -0.0706743
306 362 -2.62955
306 363 -0.025488
307 314 1.32632
308 313 -0.279663
308 319 0.560065
309 311 -0.15932
309 314 -0.367663
310 348 4.06242
310 369 3.89111
310 695 -0.0102782
310 727 -0.00513912
311 314 1.77967
311 330 2.04441
311 361 -5.53733
312 315 0.137648
312 323 0.15243
313 319 -2.43303
313 325 1.56246
313 336 -0.209511
313 340 -0.023444
313 341 -0.0696467
314 322 2.71175
314 361 -16.612
315 323 2.90014
315 326 0.601089
315 332 -2.10127
315 333 3.64349
315 391 -3.31536
316 329 -11.0407
316 358 -0.962287
316 373 -4.03065
317 324 -3.18476
317 339 -0.452355
317 346 1.44559
317 349 -0.210882
317 370 -3.20605
317 384 -5.06667
317 385 1.54979
318 321 -1.14712
318 325 -1.79591
318 335 -3.26355
319 341 0.0110281
319 362 -0.389067
319 368 0.00182611
320 331 -2.98053
321 335 -3.91844
321 339 2.36387
321 376 2.52615
321 392 1.81446
321 398 8.61023
321 418 2.16215
322 337 -0.0657068
322 347 0.00933614
322 351 -1.06136
322 361 -4.43612
322 374 -13.7164
322 386 4.91734
322 387 -21.0481
322 406 -4.8442
323 329 -1.52308
323 367 4.08374
323 375 -0.56723
323 391 -2.71175
324 339 0.0230749
325 335 0.206324
325 336 -0.0617916
325 340 -0.02053
325 341 -0.00432106
325 371 -0.993368
326 332 -0.00778178
327 334 0.28747
327 342 -1.20547
327 343 -1.40876
327 353 -0.0124131
327 355 -0.258227
327 363 -0.0510872
328 331 -1.75131
328 338 -12.3867
329 367 -3.31536
329 373 -0.0389131
329 423 -3.91844
329 450 -7.66868
329 473 -7.69059
329 494 -1.25517
329 516 -3.01573
329 521 0.669846
329 522 -2.33956
330 348 3.68581
330 357 3.0876
330 361 -2.27269
330 389 -0.758016
331 338 1.04226
331 344 -9.94209
332 333 -0.55042
332 352 -0.116857
333 352 -2.61922
333 391 -0.982543
333 399 -1.66155
334 342 -0.566672
334 343 -0.857047
334 353 -0.0227111
335 360 0.695315
335 364 2.55957
335 371 -0.627663
335 376 -5.85753
336 340 2.5421
336 341 0.396746
336 365 -1.89223
336 368 0.0373766
336 371 -0.254647
336 377 0.58097
336 378 -0.0401621
336 394 -1.98663
337 342 0.00472307
337 347 4.38469
337 351 0.0325087
337 386 -0.0726985
337 401 -0.00208103
338 344 -10.6253
338 350 -0.337785
338 352 0.321181
338 366 -0.0535307
339 349 -2.43406
339 385 0.4374
339 392 7.32112
340 341 0.111989
340 365 -1.38646
340 377 0.930427
340 378 -0.289662
340 383 -2.58569
341 362 -0.0440757
341 365 -0.257266
341 368 2.37379
341 400 0.0136981
341 403 0.0136983
341 405 0.0136275
342 343 -0.00522324
342 347 0.00728332
342 353 0.00161511
342 379 0.019602
343 353 -0.0626907
343 356 -0.036431
343 379 -0.027059
344 350 0.629865
344 352 -11.8557
344 366 -0.023346
344 412 -2.22758
344 416 0.618144
345 359 -0.0280419
346 370 -3.73241
347 353 0.544449
347 379 3.74765
347 386 0.0341201
347 401 9.36641
347 429 0.0910786
348 357 3.54146
348 369 4.02192
348 695 -0.0220073
348 727 -0.00882742
349 385 -5.09861
351 386 -2.54606
352 366 -2.52916
352 399 -2.71175
352 412 1.54979
352 414 -3.91844
352 416 -8.76265
352 427 -2.06181
352 442 0.337785
353 355 6.63778
353 356 3.24609
353 363 0.465148
353 379 7.31494
353 393 1.59623
353 410 0.226632
354 362 2.5222
354 363 3.76916
355 363 11.4488
355 372 3.15847
355 393 1.08303
355 410 3.71594
355 420 2.78039
355 428 -0.0567109
355 446 0.068378
357 369 3.84563
357 389 -0.178942
357 390 9.04251
357 695 -0.0220073
357 727 -0.00882742
358 373 0.686342
358 380 -2.64699
359 370 0.194444
360 364 2.29373
360 371 -0.179463
361 374 -0.289934
361 388 -3.01497
361 389 -11.0836
361 395 -5.16617
361 411 -2.14198
361 433 0.296527
361 448 -2.74766
362 363 6.60218
362 368 0.066485
362 400 0.0299949
362 403 1.36518
362 405 1.94115
362 413 0.518335
362 445 3.01573
363 372 1.10372
363 428 -0.0304188
363 439 3.44459
363 445 4.20097
363 470 4.06337
363 576 -0.0426197
364 371 -0.533876
364 376 -0.690697
364 394 -2.51553
365 368 1.42136
365 381 1.65706
365 383 -0.334597
365 413 1.60463
365 415 1.02089
365 441 -0.121876
367 375 -0.894929
367 391 -4.43612
367 432 -0.258219
367 443 -6.01636
367 450 -0.794069
368 400 0.469093
368 403 0.195946
368 405 0.0808678
368 413 0.408807
369 390 5.28051
369 404 1.95899
369 484 7.80991
369 518 2.55835
369 574 4.98846
369 606 1.69343
369 629 1.24038
369 646 1.04293
369 666 1.28154
369 671 3.70535
369 695 -0.184273
369 708 7.78001
369 711 -1.58979
369 727 -0.0433411
369 730 1.63506
369 733 -1.00226
370 382 3.95372
370 384 -1.2622
370 402 -0.221601
370 407 -0.797519
371 394 -3.12965
373 380 -1.10455
373 382 -2.22075
373 423 -2.40095
374 387 2.32921
374 395 0.0152525
374 422 -0.641731
375 391 -4.8442
376 394 -0.533473
376 418 1.94896
377 378 -0.0205365
377 394 -0.49576
378 383 -0.982543
378 394 -0.071206
378 396 -0.0231226
379 410 1.06254
379 420 2.41897
379 429 1.42058
380 382 2.50462
381 383 -1.23848
381 396 0.0250845
381 409 0.598867
381 415 0.729681
382 384 -0.379087
382 402 -0.440471
382 407 -0.651166
382 421 0.167605
382 423 8.82665
382 440 1.63282
383 396 -3.5981
384 385 -6.6431
384 392 -4.8442
384 407 2.7412
384 421 -0.0547622
384 423 -0.256855
384 435 -2.51288
384 444 -0.818589
384 458 -0.10797
385 392 9.83183
386 401 0.0516511
386 406 -14.8177
386 425 -25.1992
386 501 -4.43612
386 514 1.78676
386 535 0.0159174
386 537 -4.43612
387 406 2.80975
387 422 -0.777122
387 426 0.0950524
388 395 8.97486
388 411 3.62338
388 426 0.740165
388 431 5.10777
388 447 2.93164
388 455 1.95015
388 462 3.84164
388 493 1.95015
389 390 0.163534
389 433 -5.90741
389 448 -2.14198
389 457 1.70831
389 479 -3.10675
389 496 0.0493477
390 457 1.97276
390 468 2.02352
390 484 2.64699
390 695 -0.0102782
390 727 -0.00513912
391 399 -2.41897
391 414 -15.8138
391 432 0.460068
391 434 -3.34836
391 459 -0.148791
391 464 0.208617
392 398 8.47071
392 435 8.6014
392 436 6.03145
394 396 0.829663
394 408 -4.14515
394 418 -10.8264
394 419 -0.132481
394 437 3.0973
394 438 -2.61477
394 456 -5.40893
394 463 -0.55042
394 466 0.318418
394 469 -3.8913
394 482 -1.72622
395 397 5.4041
395 422 -0.0590006
395 426 3.39805
395 447 5.4215
395 455 3.04406
396 408 -0.293658
396 409 0.549612
396 417 1.49321
396 456 0.274795
398 418 8.98753
398 436 4.8442
398 469 1.44559
399 414 0.687271
400 403 0.552516
400 405 0.0205389
400 413 0.32514
401 420 3.7919
401 429 0.36433
401 449 -0.419358
401 478 3.21422
401 483 0.166522
401 504 -1.69086
401 514 0.0627289
401 517 3.25887
401 535 1.19694
403 405 0.430563
403 413 0.842558
404 695 -0.0102782
404 727 -0.00513912
406 425 1.82662
406 426 0.038913
406 430 3.3496
406 454 0.111103
407 421 -0.279619
407 423 -0.347178
407 435 -0.353819
407 436 -3.20605
407 444 -2.37433
407 458 -0.320962
407 465 -0.117117
407 491 -0.22003
408 409 -0.0682584
408 417 -0.32661
408 419 -0.28579
409 415 0.0220096
409 417 2.91142
409 424 1.08785
410 420 0.722426
411 431 3.66507
412 416 -0.962998
413 441 -0.32372
413 445 5.62538
413 495 0.0734277
414 416 -0.0849937
414 442 -9.52645
414 464 -5.94197
414 486 -0.169987
415 424 0.280622
415 441 -0.245949
416 427 -2.87378
416 442 -4.89099
416 472 8.55593
416 486 1.58955
417 419 0.923892
417 424 4.44043
417 441 -0.148121
417 445 -0.55042
417 452 -0.5343
417 453 -0.861039
417 456 1.68159
417 461 2.57255
417 466 -0.101827
417 467 -1.76824
417 476 0.501905
417 485 2.08945
417 488 -2.3078
417 489 1.14578
417 508 -2.20275
417 513 0.0403846
418 463 -0.25258
418 469 3.65
419 438 -3.81714
419 452 -0.567508
419 456 0.083808
419 466 -0.0837136
419 476 1.57744
420 429 0.0910862
420 446 6.41795
420 478 0.103381
420 483 0.246544
421 423 3.36661
421 458 0.659433
422 426 -0.302636
423 440 6.35734
423 458 0.683503
423 473 -0.240534
423 480 3.45694
424 441 -0.382707
425 430 3.52072
425 454 -0.694747
425 474 10.1673
425 501 2.31952
425 537 0.635286
425 551 5.35199
426 430 0.0214709
426 454 1.40929
426 455 2.07921
426 471 0.162288
426 493 4.41635
426 538 0.0233943
427 442 -0.418426
428 439 -0.0202522
428 446 -0.614687
428 451 -2.47422
430 454 3.09816
430 471 2.6616
430 474 -0.129895
431 448 11.1823
431 462 12.3141
431 479 2.93164
431 493 0.10167
431 496 -1.98633
431 518 -5.53733
431 528 5.62195
431 555 3.62763
431 565 -0.130229
431 566 -3.10675
431 579 0.0508351
432 434 -0.525383
432 443 -9.68249
432 459 -0.102125
433 448 -1.47363
435 436 12.8259
435 444 1.7299
436 469 4.51339
436 481 6.13769
436 490 -4.43612
436 491 -0.485759
436 511 1.1678
436 523 -1.25188
436 530 -0.00244171
436 549 -0.366337
437 438 -0.359558
438 452 -1.55788
438 456 -2.06181
439 446 0.203465
439 451 1.9395
439 470 1.94089
439 478 5.64847
439 483 1.00063
439 509 1.54468
439 524 -1.54445
439 576 -0.213731
439 577 0.0258377
441 445 -0.404484
443 450 -1.20384
443 459 -0.851149
445 453 -0.101248
445 460 -0.289934
445 470 1.49744
445 477 -2.57098
445 495 0.248575
446 451 2.18295
446 483 0.294257
448 479 2.83739
450 459 0.201127
450 486 -0.104346
450 494 0.0502614
451 483 0.0362837
452 456 -1.95277
453 460 -1.84714
453 461 -0.253033
454 471 3.64104
454 474 -0.758855
454 538 0.0427418
456 466 -1.91264
456 476 0.145604
457 468 7.13563
457 475 4.07723
457 496 0.0902578
458 465 -1.50446
458 480 0.325798
459 464 -0.176007
459 486 -2.64005
460 461 -3.08561
460 477 1.44559
461 477 -4.8442
461 488 -0.81228
462 493 2.30134
462 579 0.0985171
463 469 -2.01665
464 486 -8.55306
465 480 -1.88061
465 487 -3.01042
465 490 -0.45012
465 491 -0.00220563
465 511 0.00616388
466 476 -0.26564
466 482 -0.675228
467 485 -6.22177
467 488 0.226632
468 475 1.12315
468 484 5.62501
468 496 0.156461
468 518 7.76118
468 525 3.31536
469 482 -2.64699
469 499 5.84852
469 502 -0.140012
469 506 5.1021
469 523 -0.896784
469 575 0.00734789
469 588 0.0301875
469 597 0.00732533
470 477 -3.32064
470 495 0.107815
470 509 0.0212602
470 546 -3.47459
470 562 -0.962753
470 573 -0.297409
470 576 -0.121042
470 577 0.0297635
471 474 -4.32758
471 493 1.09245
471 497 4.36265
471 527 -0.023346
471 533 2.45884
471 538 0.0292811
471 572 0.000411732
472 486 1.98924
472 498 8.58749
472 510 1.49683
472 519 -3.91844
472 526 -0.13896
473 480 -0.305378
473 516 0.927763
473 522 -0.0245098
473 529 -3.6541
473 547 0.0742635
473 558 -0.18748
474 527 8.90713
474 551 1.47101
476 482 -1.30083
476 492 -3.71545
476 507 1.40694
476 508 -0.63238
476 512 0.0176323
476 513 0.0247514
476 534 -1.28367
476 536 3.9463
476 541 -0.0461101
476 571 0.695439
477 488 -2.85347
477 495 -0.330312
477 532 -4.23483
477 546 0.256333
477 553 -1.88061
477 562 -1.79528
478 483 1.02726
478 504 -3.43521
478 517 -0.0356933
478 524 -1.47732
478 535 -0.114269
478 542 0.951242
478 563 -0.0190926
479 496 -7.26317
480 487 0.873515
480 505 -0.269376
480 529 2.0355
482 492 1.00226
482 502 -0.962998
482 503 2.41993
482 507 -3.01573
482 512 -3.89985
484 518 3.73241
484 525 1.44559
484 695 -0.0125839
484 727 -0.00629195
485 488 -3.91844
485 508 -0.493744
485 531 2.06038
485 545 2.30719
485 550 -0.0528671
485 583 1.3701
486 494 -0.10373
486 498 2.21905
486 500 0.58123
486 526 -0.228537
487 511 -11.6056
487 529 1.34772
488 489 -6.09084
488 531 -7.2519
488 532 -6.74882
488 550 -2.42844
490 491 -1.34772
490 511 -0.612827
491 511 -0.192981
492 507 -3.43706
493 515 4.65363
493 528 0.325868
493 533 0.0051098
493 538 -0.745253
493 555 0.24589
493 579 1.91461
493 585 -0.101442
494 498 -0.068731
494 500 -0.044998
494 520 -2.80484
494 521 -3.43706
494 526 -0.943623
494 556 -0.101248
494 561 0.512471
494 567 4.01194
494 586 -1.30083
494 622 -3.20605
495 546 -0.15734
496 518 0.0373205
497 533 1.99946
497 538 0.0105286
497 572 0.00433945
498 510 3.43706
498 519 -0.353819
498 526 -0.273986
498 561 -1.88681
498 567 -0.766218
499 506 2.29758
499 523 -0.601148
499 544 3.4661
499 568 0.00836339
499 570 2.74916
499 575 2.09384
499 588 0.0295068
499 597 0.689603
500 526 -0.0851238
502 506 -0.0802819
503 506 -1.47101
503 512 -7.26272
503 540 -2.41782
503 543 -5.44667
504 517 -0.56723
505 529 -0.584179
506 543 5.13386
506 544 1.81446
506 570 8.55306
507 512 0.366638
508 513 -0.192528
508 534 -0.0528381
508 545 -4.36147
508 560 -1.57696
509 524 -0.80844
509 539 -0.0617925
509 576 -3.95721
509 577 1.10186
510 519 -1.9351
511 523 -0.000611057
511 529 -8.05025
511 549 1.3676
511 557 3.19101
511 582 1.08234
511 587 -6.6431
512 536 0.250127
512 543 -1.47101
512 571 0.069466
512 590 0.554354
512 591 0.0142871
512 600 -3.48239
513 534 -0.447677
514 517 0.0129897
514 535 0.117147
514 537 -11.4642
514 554 -0.0177266
514 563 0.0408561
514 599 0.00257329
514 604 -0.669846
514 620 -0.023346
514 641 -14.6491
514 645 2.61108
515 533 -0.0219295
515 538 -0.953525
515 559 0.0191233
515 579 1.18239
515 585 -0.0258795
516 521 -3.91844
516 522 -0.0245098
516 547 0.0184865
516 556 -0.0725707
516 558 -0.0882862
517 535 4.06507
517 542 -0.311443
518 525 5.15141
518 566 2.02352
518 574 6.01264
518 589 1.76812
518 646 0.0144087
518 695 -0.0102782
518 727 -0.00513912
519 567 2.90691
519 580 -0.109002
520 521 -1.30083
520 556 -0.258219
521 556 -4.49413
523 530 -0.562659
523 549 0.366337
523 568 -7.78997
523 575 -0.0551852
523 588 -2.56872
523 597 -0.0227876
524 539 -4.14515
524 542 -2.54525
524 554 -2.41897
527 533 -2.93164
527 551 8.70096
527 564 0.55042
527 569 2.45848
527 584 5.24838
528 555 2.76036
528 565 -0.911556
528 579 0.161667
528 585 -4.33926
528 589 -4.8442
528 598 -0.334753
528 634 -1.91983
529 548 -3.91844
529 552 2.03596
529 557 -9.02833
529 558 -1.07414
529 582 -4.27654
529 609 9.44018
530 549 -0.524106
531 550 -0.0307519
532 550 -0.135882
532 553 -0.431373
532 562 0.503616
532 583 0.0712893
532 594 -0.306338
532 601 0.695705
533 538 0.0271743
533 559 0.00454754
533 564 -1.58454
533 572 0.0105289
533 579 0.00909508
533 631 0.00454753
534 541 -4.03433
534 560 -7.75713
534 571 -3.31536
534 593 0.601089
534 610 -1.72077
535 542 -1.73581
535 554 -0.236037
535 563 3.21891
535 645 0.0975076
536 541 -0.0177266
536 571 0.791047
536 590 0.366841
536 591 0.0387365
536 592 -2.25493
536 600 -1.52308
537 551 11.2278
537 578 7.75044
537 604 0.991662
537 620 -0.0026019
537 641 -0.058453
537 667 0.357815
538 559 -0.0191233
538 572 8.55365
538 579 -0.334711
538 585 0.00737238
538 631 3.87172
539 554 -0.0274054
539 577 -0.0548108
540 543 0.601089
541 571 -0.135376
542 554 0.204083
542 563 -2.80271
542 577 0.0325543
543 570 2.64017
543 600 -0.739331
545 560 2.163
545 583 1.41994
545 601 0.0802285
545 607 -0.0093634
545 612 0.106148
545 616 -0.0290828
546 562 -0.896337
546 619 -3.72529e-09
547 558 -0.527097
548 552 -1.08303
548 557 2.07251
549 568 -3.20605
549 587 -2.47197
549 588 -5.88172
549 627 -0.038003
549 632 -3.7536
550 583 -0.0820099
551 578 10.1003
551 584 7.72847
551 620 0.00084358
551 641 -0.101595
551 667 1.44766
551 694 0.119664
552 557 -1.27785
553 562 -0.274059
554 563 -0.538415
554 577 0.371186
554 599 0.42848
555 579 0.0148565
555 585 -0.0410994
556 558 -0.797018
556 581 -2.77947
556 586 1.21278
556 609 -3.01573
556 614 -3.43706
558 581 -0.618144
558 596 -0.076513
558 609 -0.0127218
560 583 -0.0149127
560 593 -3.4184
560 603 -2.93164
560 607 -0.126792
561 567 2.69561
562 573 0.113611
562 576 -4.43612
562 594 -0.105172
562 595 -0.0635754
562 602 -1.51898
562 611 -3.89675
562 619 -0.536764
563 599 -0.0136477
563 644 -0.364412
563 645 1.36947
564 569 0.00778166
564 572 -3.72502
564 584 2.51743
565 566 -0.0389131
565 589 -2.85347
566 589 0.0556546
566 646 0.0144087
567 580 -0.0262583
567 613 -2.64346
567 618 -1.333
567 622 -0.289934
567 633 -0.353819
567 635 -0.00778178
568 588 1.96495
568 597 0.490871
569 584 1.91493
570 575 1.81106
570 600 -3.01573
570 615 11.4937
570 623 2.06181
570 640 -1.00226
571 592 -1.01614
571 610 -0.00689444
572 584 -0.337785
572 625 1.42975
572 631 3.99051
572 654 -0.117951
572 683 0.021449
572 723 1.5002
572 736 -0.0731459
573 576 -3.40221
573 619 -0.0369453
574 589 0.611002
574 606 0.81228
574 629 2.79894
574 634 -0.00875059
574 646 0.160164
574 695 -0.0322855
574 727 -0.0139665
575 588 0.145295
575 597 1.20998
575 615 1.75131
576 577 -3.12005
576 602 -1.73161
577 599 5.0842
577 602 7.75687
577 617 -0.00168484
577 624 2.99484
577 644 -0.00893241
577 650 -1.18877
577 661 -0.0756129
578 620 0.00253074
579 585 1.22182
579 608 1.98716
579 631 1.93692
579 638 3.94431
579 691 -7.2519
580 605 -0.608763
580 613 1.86452
581 596 -0.116857
581 609 -1.30083
582 587 -0.794069
582 609 -4.35455
583 601 0.410523
583 607 0.508361
583 612 0.11304
583 616 -0.152249
583 652 0.0651393
584 625 -4.14515
584 659 3.24457
584 662 1.66395
584 667 0.955581
585 598 2.99597
585 608 2.5656
585 621 0.601414
585 634 0.652806
585 638 3.92515
585 668 -0.394454
585 684 5.50903
585 707 -0.112306
585 710 0.00286679
586 614 -0.758819
586 622 -1.00226
586 626 0.0811235
586 633 0.345428
587 609 1.49683
587 627 -1.69086
588 597 2.09933
588 615 2.02841
588 628 3.87624
588 640 -1.31281
588 653 4.04341
588 669 7.03765
588 676 -0.372965
588 679 0.998669
588 696 -0.251476
588 699 0.56013
588 704 -0.233623
588 713 0.101523
588 750 -0.0953471
589 629 0.0397405
589 634 -0.192869
589 646 0.019694
590 591 0.0668729
590 600 -1.91543
592 600 0.192529
592 610 -0.0300701
592 630 -0.200699
592 643 -0.285429
592 649 -2.89061
593 603 0.290956
593 610 -0.132481
593 636 -3.08209
594 601 -0.510189
594 611 -3.01573
595 611 -1.69086
595 619 1.22383
595 658 -3.73241
596 609 2.20888
597 615 6.07412
598 634 2.62018
598 655 0.235449
598 668 -0.620319
598 700 0.201597
598 726 -0.0116944
599 617 -0.0111046
599 624 -0.0144302
599 644 -0.0640878
599 645 0.0638625
600 623 -10.5825
600 643 -0.54971
601 607 0.0219207
601 611 -2.41564
601 612 0.0257257
601 616 -0.543054
601 647 -2.27269
601 652 0.0351773
601 657 0.243688
602 619 -0.56723
602 650 -3.60463
603 607 -0.45217
603 636 -0.729877
603 637 -0.0698664
603 652 -1.72077
604 620 -0.000887602
604 641 0.022881
605 613 -0.555661
605 639 -0.973747
605 660 -1.49659
606 695 -0.0102782
606 727 -0.00513912
607 612 2.46391
607 616 -1.18962
607 652 1.54313
608 638 0.758015
609 614 -0.0888715
609 626 -0.177743
609 627 -2.10127
609 632 0.618144
609 633 -0.213497
609 656 5.78622
609 663 5.09789
609 673 -2.37201
609 692 0.0336872
609 712 -0.362245
609 716 0.323674
609 720 5.18836
609 731 2.78039
609 735 7.43058
609 749 3.65869
609 765 0.5267
609 768 -0.549464
609 782 -0.101643
609 786 -2.06181
610 630 -0.721117
610 636 -5.94197
610 649 0.0775968
611 647 -0.590977
611 658 -0.395888
612 616 -1.07756
612 652 0.271306
613 618 2.72146
613 639 1.57708
613 642 -0.39286
613 648 -0.150245
613 660 0.0269253
613 762 -0.0877439
614 626 -0.179375
614 633 -0.420348
615 640 -1.95465
616 652 -1.13702
616 657 -0.257237
617 624 -6.3571
618 635 2.33967
618 642 -0.779188
618 660 0.0076821
619 650 -3.73241
619 658 -9.28032
619 665 -1.20068
620 641 -2.9333
622 633 -2.27269
623 640 -1.39593
623 643 -0.562013
623 649 1.53678
623 651 -4.87072
623 677 -3.05022
623 680 -3.20605
624 644 0.357099
624 645 -0.0870047
624 661 -2.39598
624 682 -0.160723
624 689 -0.531956
625 654 -0.060001
625 659 -2.93164
626 633 0.524803
627 632 -0.232004
628 632 -2.29906
628 653 3.23949
628 685 -1.66177
629 634 -0.0167416
629 646 0.731719
629 711 -0.559817
630 649 -3.91844
631 691 -3.56463
631 723 0.500223
631 725 3.2841
631 736 -0.669846
632 653 -0.0884431
632 673 -0.334322
632 685 0.459874
632 692 0.235736
632 712 -0.079353
633 635 1.8258
633 663 -2.29638
633 675 -0.0044305
633 701 0.0123477
633 716 -0.104282
633 734 0.0926882
633 765 -0.303919
634 646 0.0670959
634 700 0.304625
634 707 -0.194319
634 726 -0.0618224
635 642 -0.779188
635 660 -0.548729
635 675 -0.0339268
636 637 -3.00968
636 649 -5.53733
636 652 -5.53733
636 664 0.157453
636 670 -0.56723
636 681 1.23861
636 687 -1.53705
637 652 -0.418426
637 664 -0.157453
638 684 0.447815
638 691 -2.67183
639 648 -0.0738603
639 660 1.07762
639 762 -0.0517647
640 651 -0.162016
640 676 1.21024
641 645 -8.41866
641 667 -0.150107
641 690 -0.143103
641 694 -4.99337
641 748 -2.64699
641 772 0.386023
642 648 -0.151299
642 660 -5.98025
643 649 -0.0159089
644 645 -25.0114
644 689 -0.931998
644 703 -3.3437
644 741 -1.05114
644 814 0.214678
644 827 -5.53733
644 832 -0.398732
645 772 -11.0747
645 822 2.84203
645 827 -0.21085
646 700 0.624994
646 707 -0.367955
646 711 -1.89943
646 726 -0.0724835
646 729 -0.930888
646 730 -0.239622
646 742 -2.82158
647 657 -3.43706
647 658 4.31182
648 660 -2.23438
649 670 -4.74315
649 677 -2.52745
649 680 -4.43612
649 702 -2.91315
649 724 -6.77191
650 661 -1.09709
650 665 -3.10675
651 672 -0.157508
651 676 -0.983681
651 680 -0.584119
652 657 0.0909877
652 664 -4.14515
652 674 1.35828
652 687 -2.93164
652 688 -1.9328
652 705 1.06254
652 706 -1.84048
652 709 -0.849495
652 718 -2.14198
653 679 0.154962
653 685 -1.46276
653 692 -0.251182
653 699 0.271468
653 712 1.24394
653 717 1.81947
653 750 -0.275032
654 659 -7.63185
654 683 -2.01252
655 668 -1.61168
657 658 -1.32411
657 674 0.0169701
658 665 -1.00226
658 674 -5.53393
658 698 -1.97413
658 721 -10.0451
658 722 -11.0747
658 738 -5.53733
658 743 -2.36822
658 746 -0.0277599
658 785 1.03433
658 795 -1.84714
659 662 0.526087
659 667 -0.0191531
659 683 -9.97346
659 690 -0.0288231
659 715 -4.17457
659 748 -1.10384
659 758 -2.02352
659 766 -0.551918
660 675 0.00536944
660 697 -1.98662
660 701 -7.69767
660 714 3.23724
660 734 -0.918837
660 754 0.0391553
660 762 -2.17789
661 665 -2.47197
661 678 -0.47475
661 682 2.99235
662 667 1.74971
662 690 0.467584
662 715 0.0952188
663 716 0.102844
665 678 -4.14515
665 722 -2.71175
666 695 -0.0114184
666 727 -0.0057092
667 690 8.7949
667 694 0.879578
667 715 0.0816312
668 684 -0.0484328
668 686 -2.13532
668 700 -0.202531
668 707 0.304522
670 681 -3.98188
670 693 -11.2873
670 724 -0.210882
671 695 -0.0102782
671 727 -0.00513912
672 676 0.78754
672 680 -3.01573
673 692 -1.88183
674 698 -1.21927
674 706 -0.0437827
674 719 -0.0122969
674 721 0.981921
675 701 -2.78039
675 762 -0.0107389
676 680 -11.906
676 696 -13.8598
676 755 -7.37165
677 680 -2.52058
678 682 -1.47975
678 703 -0.796465
678 722 -1.85752
679 699 0.375874
679 750 -0.136151
680 702 -10.8446
680 724 1.78253
680 751 -4.81302
680 755 -4.17038
680 756 -2.06181
680 769 -0.483906
681 687 -0.0858014
681 693 0.0510495
682 689 1.04163
682 703 3.22006
682 728 0.0418724
682 738 0.085365
683 723 0.0170979
683 736 -0.0631215
683 752 -1.26773
683 758 -0.321273
684 686 -0.00178459
684 691 -8.35456
684 707 0.0896796
684 710 0.0491307
684 737 0.00787508
684 753 -2.41391
684 773 -1.18055
685 692 0.0389322
685 712 -0.0824856
686 707 -2.95763
686 710 -1.31852
687 693 -0.0510495
687 705 -3.01573
688 706 -0.190142
688 709 -2.07548
688 718 1.86119
689 703 2.29704
689 728 0.0421949
690 694 0.993883
690 715 0.10954
690 732 -0.119787
690 748 -0.227873
691 725 -0.228728
691 753 -0.851176
691 759 -0.239379
691 773 -1.39593
692 712 -0.740812
692 717 -0.00698054
692 720 0.204537
692 750 0
692 793 -0.0659618
693 705 -14.4407
693 724 1.97943
694 748 -0.163275
695 708 -0.0355655
695 727 1.94918
695 730 -0.0791328
696 713 -5.02123
696 755 -0.0358753
697 714 -6.04373
698 719 -0.00431548
698 721 -0.94095
699 704 -0.102291
699 713 5.85569
699 750 -0.256774
699 779 -4.67818
700 707 -0.670978
700 726 -0.0296404
701 716 0.0246954
701 734 2.43256
702 724 -3.10675
703 722 0.319743
703 728 0.236279
703 738 0.501893
703 741 2.05864
703 747 0.318553
704 713 -0.121528
705 718 -3.91844
705 724 -4.17554
705 760 -14.3837
705 770 -4.14515
705 798 -8.76265
705 807 -2.78039
705 812 -2.93164
706 709 1.30921
706 719 1.12406
706 721 0.450641
706 740 -6.9801
706 745 -0.699096
707 710 0.780813
707 726 0.948739
707 737 0.00787806
707 742 -0.855167
707 773 -0.435412
708 711 -0.421359
708 727 -0.00137999
708 730 1.22081
708 733 -1.00143
709 718 -3.73241
709 740 -3.00356
709 757 -5.3901
709 760 -0.336511
709 761 0.292732
709 780 -0.313642
709 788 -0.274059
709 802 -6.7805
710 737 0.0600078
710 773 -0.0810083
711 730 -2.06468
712 717 0.376673
712 720 -0.983677
712 739 1.12459
712 750 -1.9374
712 777 -5.53733
712 793 0.740165
713 755 1.06876
713 779 -2.52745
713 801 -4.14515
714 754 0.1734
714 762 -1.54876
715 732 -2.21252
715 748 -4.03001
716 731 2.20821
716 734 1.06765
716 765 0.202688
716 768 -0.16909
717 750 -0.0163416
718 760 1.08303
718 761 -0.369897
719 721 0.347676
720 735 6.57964
720 793 -0.0691059
720 805 1.2755
721 743 1.14578
721 745 -0.157401
721 746 -0.0753969
721 763 1.77013
722 728 0.00569761
722 738 4.08818
723 736 -1.07683
724 751 -2.92874
724 770 -3.73241
725 736 -2.72075
725 752 -0.0912635
725 759 0.897338
726 742 -0.962998
727 730 1.04019
727 774 1.63155
727 781 -4.04705
728 738 0.0596136
728 741 0.293966
728 747 0.0898709
729 730 -3.1006
729 742 -7.87756
729 744 2.22758
730 733 -0.85499
730 744 -10.8385
730 774 2.18875
730 775 -0.154347
730 800 -0.584406
732 748 0.658557
734 754 -0.0247856
734 762 0.256878
734 765 0.0185162
735 749 1.65874
735 776 6.00484
735 797 4.73789
735 805 2.31952
735 819 -5.6342
736 752 0.391232
736 759 -0.262466
737 742 -13.6633
737 764 -6.05952
737 773 -0.0534228
737 783 0.0296251
737 790 -0.015393
737 791 -0.645896
738 741 1.4332
738 747 4.90356
738 785 -3.57445
738 796 -2.06556
739 750 -0.511442
740 745 0.448143
740 757 -0.564206
740 763 -4.96488
740 788 -7.19889
740 795 -0.451047
740 821 -0.718294
741 747 5.84577
741 796 -0.158775
741 814 -1.42058
742 744 -5.42739
742 764 -4.72887
742 767 0.143826
744 764 -5.73002
744 767 -1.34772
744 775 0.0604454
744 790 0.416241
744 800 0.636345
745 763 -1.38946
746 763 -0.231918
746 795 -1.86757
747 796 -0.730142
747 814 -3.93515
748 758 -0.125587
748 766 0.77965
748 772 -8.98936
748 794 -0.655671
748 799 -0.163459
749 776 1.17698
749 782 -0.101643
749 784 -14.7724
749 809 -4.43612
749 817 -2.18405
749 820 -1.14578
750 777 -1.00746
750 779 -0.312474
751 769 -0.849093
751 770 -1.82533
751 771 -0.878686
751 798 -4.14515
752 758 5.73263
752 759 0.448933
753 773 -4.37396
754 762 -0.186272
754 778 -1.75131
754 792 -0.500431
754 804 -0.0197628
755 756 -0.704796
755 771 -10.3883
755 801 -5.53733
755 806 2.33631
755 815 -1.61545
755 826 -0.120843
756 769 -0.924411
756 771 -0.943623
757 788 -1.37165
758 759 0.897866
758 766 -4.89656
758 787 -0.500431
758 799 0.176495
758 803 -0.238537
758 810 0.635286
758 816 0.00263462
758 827 -1.67049
759 773 -4.8442
759 787 -1.44559
760 761 -0.250804
760 780 1.12392
760 812 -0.887504
761 780 -0.126916
762 765 -0.64581
762 778 -0.195158
762 792 -0.116857
762 804 1.26117
763 795 0.32088
764 767 -0.337876
764 790 -1.26343
764 791 -0.0911982
765 768 -1.24347
765 786 -2.14198
765 804 -0.480825
765 809 -5.53733
765 818 -2.06181
765 824 -1.02216
765 838 -2.52745
766 789 -0.0641929
766 794 -0.0267697
766 799 -1.04021
766 803 0.00708901
766 816 -0.0143674
769 771 -8.16853
770 798 -1.39593
771 798 -0.00778178
771 806 -4.1615
772 794 -5.53733
772 816 -3.91844
772 822 -5.53733
772 827 -1.69086
773 783 -0.157149
773 787 -0.226632
773 790 -0.18612
773 810 -0.175193
774 781 -1.57696
774 800 -0.149236
775 790 0.00783745
775 800 0.31455
776 797 4.78989
776 820 -2.56986
777 779 -0.0700634
777 793 -15.9189
778 792 -1.12464
779 793 -3.31536
779 801 -0.651668
780 802 -3.57445
780 813 -2.36822
781 800 -0.210882
781 823 -2.93164
782 784 -3.01573
782 786 -0.289549
783 790 5.39503
783 791 -0.152607
784 786 -0.386023
784 809 -3.28748
785 795 -1.81446
785 796 -4.8442
785 808 -5.423
786 809 -8.76265
787 810 -0.353819
788 802 -3.19952
788 821 -4.8442
789 799 0.0578515
789 803 -0.402084
789 816 0.00127236
790 791 -0.137176
790 800 1.99395
790 810 0.200812
790 827 -0.0688579
790 828 4.83833
790 837 1.98633
790 844 0.249766
790 845 -5.63488
790 848 3.19628
790 853 3.50722
790 860 -0.775982
792 804 -2.28073
793 801 -9.68249
793 805 -0.541968
793 819 0.543666
793 834 -9.68249
794 816 0.0650285
795 796 -4.8442
795 808 -2.07889
795 821 -6.5526
795 830 0.651197
795 831 -0.0347892
795 836 -0.00619715
796 808 -2.18405
796 814 1.33074
796 831 -0.0818942
797 819 -9.39652
797 820 -3.76511
798 807 0.327029
798 811 -3.31536
799 803 -0.67546
799 816 0.00320284
800 823 3.65169
800 837 0.775982
800 845 -8.16853
800 849 -5.53733
800 854 0.00631678
801 815 -1.32411
801 826 -5.53733
801 834 -1.971
801 835 -7.77585
801 841 -7.46051
802 812 -3.66905
802 813 -0.434708
802 821 -2.71175
802 840 -0.849093
803 816 -0.0166562
804 824 -4.7828
805 819 -1.00661
806 807 -2.31952
806 811 -1.02216
806 815 -0.197931
806 825 0.0233839
806 826 -0.588784
807 811 -2.32186
807 812 -3.73241
807 825 -12.1165
809 817 -0.56723
809 818 -1.23277
809 820 -3.10675
809 829 -2.7826
809 833 -4.14515
809 838 -7.2338
810 827 -0.58399
810 828 3.99538
812 813 -1.27785
812 825 -2.85975
812 840 5.52618
814 831 -0.0818942
814 832 -3.15218
815 826 0.251564
816 827 -1.85901
817 820 -0.998384
818 838 2.47197
819 820 5.62659
819 834 -11.0747
819 838 3.73241
819 843 2.91634
820 829 -0.402198
820 838 5.13335
821 830 -1.06254
821 836 -9.73514
821 840 -2.02352
821 842 -10.0645
822 827 -2.82068
823 854 0.944839
824 838 5.70974
825 826 1.34103
826 835 0.314719
826 839 5.95167
827 828 -0.38372
827 832 -4.58424
827 846 -3.78262
827 847 -17.1894
827 850 -3.73241
827 851 -4.96906
827 852 -0.340805
827 857 -0.240993
828 847 0.538762
828 848 1.72077
828 852 0.874722
829 838 -3.23641
830 831 -0.042679
830 836 -0.0101421
831 832 6.88079
831 836 0.749213
831 850 -1.72077
831 855 -6.5042
831 856 3.3011
831 858 4.0876
832 850 -1.81446
833 838 2.47197
834 841 -4.99425
834 843 -6.73525
835 839 1.39883
835 841 0.349761
836 842 1.84714
836 855 -2.02661
837 845 -2.36822
839 841 5.90344
840 842 2.33759
844 848 1.34612
845 849 0.0233459
845 853 -2.41897
845 860 -7.81875
846 847 -1.39593
846 851 -4.24941
846 859 -0.905016
847 852 0.0550476
849 854 -3.61299
849 860 -1.72077
850 857 -3.10675
851 857 -0.921993
854 860 -1.00226
