MULTICUT
0 1 2.27269
0 4 -8.42149
0 7 2.10127
0 8 -16.4823
0 12 -5.48769
0 18 2.52745
0 19 -3.91844
0 25 1.91493
0 26 -2.93164
0 36 -5.20433
0 38 -5.53733
0 45 -5.69244
0 52 -5.53733
0 56 -3.29742
0 61 2.85347
0 64 -1.45292
0 65 1.78253
0 72 -3.43706
0 77 -5.53733
0 93 -3.10675
0 94 -14.1186
0 95 -10.9607
0 100 2.8947
0 109 -15.5118
0 112 -1.02248
0 115 1.88061
0 128 -2.31952
0 140 -5.00858
0 158 -4.8442
0 171 1.91493
2 5 -2.64699
2 65 2.18405
3 6 1.25258
3 15 0.796059
3 16 -0.122958
3 65 -9.61338
4 5 -0.00751294
4 9 0.0731862
4 10 0.864783
4 11 0.60545
4 12 0.855613
4 65 -2.02352
5 9 -0.406113
5 10 -0.00496699
5 13 -0.0164946
5 65 -10.7269
6 14 -0.0644229
6 15 0.0729861
6 16 -5.64868
6 65 -4.53171
7 8 -5.53733
8 18 -3.73241
8 19 0.0414513
8 21 0.048142
8 24 -0.777139
8 32 -0.0100084
8 33 0.00555137
9 10 2.53744
9 13 0.230586
9 20 4.69794
10 11 1.71232
10 12 5.06311
10 20 0.674432
10 30 2.11399
11 12 1.84714
12 19 4.8136
12 30 0.0422124
12 31 0.734318
12 33 -0.823674
12 40 2.88099
12 41 -1.88061
13 14 -0.00146393
13 16 5.42866
13 17 -1.97805
13 20 2.23216
13 28 2.92917
13 39 0.114831
13 57 0.0015338
13 65 -7.83689
14 16 0.328958
14 17 -0.0584591
14 65 -3.43706
15 16 0.0353441
15 22 0.118579
15 23 -3.19914
15 29 1.13768
15 65 -2.93164
16 17 -0.0293351
16 22 0.530509
16 23 -0.031954
16 27 -2.70076
16 28 0.000393949
16 35 0.0102978
16 39 1.091
16 57 -0.0797034
17 65 -1.91493
18 24 -8.93849
19 21 -0.289028
19 24 0.25422
19 32 3.92106
19 33 1.6942
19 43 -0.073193
20 28 2.81884
20 30 2.08579
21 24 -3.78962
21 32 -1.15589
22 23 -0.0599808
23 27 -0.121982
23 29 -0.917517
23 34 -0.182552
23 42 -0.000731058
23 47 -1.75797
24 32 1.01707
24 36 0.543973
24 45 1.27941
24 54 -0.435069
24 62 -0.0120484
24 70 0.0289137
24 74 -0.0149315
25 26 -4.63332
25 52 -3.31536
26 37 -0.864275
26 38 0.0194565
26 52 0.034569
26 53 1.16938
27 34 1.88338
27 39 -3.68495
27 47 -0.584119
28 30 1.49454
28 35 0.000916054
28 39 0.00544981
28 40 0.924103
28 57 0.141831
28 63 2.20076
28 69 -0.0895479
29 42 -0.1303
29 46 1.2566
29 47 -0.0320715
29 48 0.145864
29 49 -0.026637
29 65 -13.3606
29 67 -1.16715
30 40 0.57491
31 33 -2.3134
31 41 -0.0865419
32 33 -0.101815
32 43 -0.0560019
32 44 0.030537
32 54 -4.60243
32 59 -0.0943705
32 70 -0.015314
33 41 0.173084
33 43 2.71331
33 50 1.23648
33 54 0.104013
33 59 0
34 47 -0.905358
35 39 0.0173265
35 57 -0.0147524
36 45 0.0223702
36 60 0.107021
36 62 -0.0124178
36 70 -0.0414616
36 74 -0.0429924
37 38 -2.39951
37 53 -2.93048
38 53 1.37165
38 64 -4.17759
39 47 3.71594
39 55 4.11382
39 57 -2.25014
39 68 -0.064981
39 73 0.125967
39 79 -0.0623044
39 84 -3.7546
39 85 -1.53102
39 90 -3.01573
40 41 -0.023346
40 50 -1.00226
40 51 -2.64167
40 58 -0.671645
40 63 0.398495
40 69 -0.334792
41 50 2.8047
42 47 0.00292425
42 48 -0.0390203
42 49 -0.0239951
43 44 -0.51659
43 50 2.35731
43 54 0.0920427
43 59 7.36965
43 80 1.49662
43 91 0.258219
44 54 -1.39593
44 59 -2.35877
45 54 -0.000489158
45 56 -0.517023
45 60 3.37899
45 62 -0.00922274
45 70 0.206186
45 74 0.00662968
45 75 1.6213
46 65 -5.07677
47 49 -0.0344469
47 66 -1.54148
47 78 1.00226
47 79 -0.629308
48 49 -0.608649
48 67 -1.72077
49 66 0.221184
49 67 -0.0211991
49 76 -0.0444021
50 51 3.03944
50 69 2.71175
50 80 4.8146
50 87 1.91493
51 58 0.794069
51 69 0.456683
52 53 0.069138
52 56 -2.2806
52 71 -5.53733
53 64 -12.6852
53 71 -7.32573
53 77 -0.704796
53 82 -0.418426
53 92 -0.149619
53 99 -0.299239
53 108 -1.32411
53 111 -1.86474
54 59 4.13775
54 70 0
54 74 4.12454
54 88 3.31536
55 57 -0.436956
56 71 0.443427
56 75 -3.47718
56 81 -0.222116
57 63 0.037697
57 68 1.98183
57 69 0.406551
57 73 -0.040674
57 83 0.352569
57 86 2.70311
57 90 1.46974
57 102 0.107288
57 106 -2.52745
58 69 0.135396
59 88 2.58569
59 91 5.09988
59 103 0.0486405
60 62 -0.0120484
60 70 0.203796
60 74 -0.0148968
60 75 2.6926
60 89 0.513127
61 94 -2.14198
62 70 1.56872
63 69 -0.822265
64 72 -3.31536
64 82 -3.31536
65 66 0.0577446
65 67 -0.00664742
65 97 -2.1601
65 101 0.0993445
65 122 0.526929
65 141 3.0924
65 254 0.998763
65 308 0.0418632
65 424 0.0838562
65 550 -3.61237
66 67 0.840518
66 76 -3.22984
66 78 -9.17123
66 97 -0.0396922
66 101 1.32428
66 122 0.250371
66 141 0.0578423
67 76 -0.178845
67 97 -0.00446718
67 101 0.114287
67 122 -0.0132948
68 73 -0.728057
68 90 2.43571
69 83 2.47451
69 86 0.462769
69 87 1.7347
69 104 0.0328683
69 121 0.471137
69 123 -1.01533
69 144 -5.38891
70 74 0.319324
70 75 0.0494187
70 89 0.312287
71 81 -0.20062
71 92 -8.7412
72 77 4.30086
72 82 0.752302
73 85 -0.141501
73 90 -4.07149
74 88 6.7282
74 89 2.17316
75 81 1.98566
75 89 0.701206
75 92 3.92161
75 133 2.19172
77 82 0.0663686
77 95 1.2829
77 111 2.86789
77 117 0.384185
77 118 2.82506
77 129 0.152
77 146 1.95015
78 79 -2.17181
78 84 -2.21871
78 101 -3.09064
78 110 -1.68336
78 114 -1.81446
78 119 -3.20605
79 84 0.483906
80 87 1.30083
80 91 6.27417
80 96 2.9837
80 113 -1.47101
81 92 2.41897
83 86 3.21013
83 123 -0.0736447
84 90 -0.56723
84 114 0.413594
85 90 -0.0700634
86 106 -5.67375
86 121 0.0663796
86 123 -0.0781151
86 124 -0.00988904
87 104 0.0662049
87 113 -3.31536
87 123 0.0166683
88 89 4.41166
88 98 2.96637
88 103 0.55042
88 105 0.44215
88 116 4.00753
88 127 -2.41897
88 133 0.390224
88 136 -0.943623
88 150 -4.46114
88 167 -2.58569
88 177 1.44559
88 178 -2.71175
89 116 2.99119
89 133 0.0333031
90 102 2.16417
90 114 -2.84541
91 96 1.24255
91 103 2.728
91 107 2.36196
91 125 0.0756848
91 131 3.8559
91 137 -6.66405
91 149 0.00491781
92 99 3.81603
92 133 1.16007
93 94 -2.60657
93 109 -1.39227
94 109 2.93164
95 109 1.98633
95 117 4.66707
95 118 0.183563
95 169 -0.0512732
96 113 -0.601089
96 125 0.242514
97 101 -0.00735184
97 122 -0.669273
97 141 -0.586603
98 103 0.197143
98 105 0.83715
98 127 -0.867703
98 131 0
98 132 0.310383
98 136 -0.0294904
98 150 -0.146676
99 108 1.25517
99 111 4.4908
99 133 5.63487
99 134 4.8878
99 170 -4.13398
99 175 1.45726
100 112 -1.83755
100 128 -7.45227
101 119 1.10372
101 122 1.25284
101 141 0.774232
102 106 -3.88997
102 114 -1.78253
102 120 -1.7707
102 124 0.0999233
102 130 -5.36608
102 141 -3.10675
102 142 0.0821321
102 143 -1.08303
103 131 0.225875
103 132 0.00996294
103 136 -0.0111115
103 149 -0.00118452
104 113 -2.65579
104 123 0.0683677
105 127 -0.0700634
106 120 0.0558957
106 124 -1.17762
108 111 5.50047
109 117 1.98633
109 135 3.98203
109 158 2.14198
110 114 -0.196985
110 119 -1.56112
111 129 3.28668
111 134 1.61273
111 148 -0.173138
111 152 -0.127989
112 128 -1.36813
112 139 -1.73555
112 140 -0.664141
112 154 -0.722426
113 123 -1.12327
113 125 -0.849093
114 119 0.014267
114 126 2.1608
115 128 -5.53733
115 138 -4.8442
115 157 -4.8442
115 158 -3.43706
115 160 -4.43612
116 133 0.465384
117 118 3.48337
117 135 3.78942
117 159 2.73902
117 169 -0.607138
117 172 -0.00544146
118 146 3.50586
118 159 4.02588
119 126 -0.48925
119 141 2.96697
120 124 -0.302692
121 123 -0.174486
121 124 -1.09963
121 143 -3.8024
121 144 -1.63282
121 153 -8.31773
122 141 0.358608
123 125 1.06549
123 144 -0.0769831
123 145 2.83002
123 147 2.61226
123 151 0.0883721
124 143 -4.57324
125 137 -7.51635
125 151 0.0973861
126 130 0.382172
126 141 -1.3628
126 155 -0.312015
127 136 -0.993736
128 138 3.08941
128 139 0.038913
129 134 -0.0219619
129 146 0.128521
129 148 -0.151501
129 152 -1.76067
129 159 1.7203
129 168 -1.41489
129 184 0.665407
130 141 -0.764344
131 132 1.95491
131 136 -0.0258017
131 149 0.705664
131 150 -4.25401
131 161 4.60028
131 167 -1.74041
131 187 -2.42577
132 136 -0.011371
132 150 -0.212437
133 170 -3.01573
133 175 1.49683
133 177 1.04226
133 178 -0.601089
133 183 0.758015
133 193 -4.73996
133 200 -7.31194
134 148 0.0619569
134 152 1.2657
134 175 0.658075
134 191 0.162513
135 158 2.76884
135 169 -0.144798
135 172 -0.0186976
135 179 0
135 194 -0.794069
135 202 -0.431868
136 150 0.407174
137 149 -2.5847
137 151 -5.21661
138 139 3.32148
138 157 1.89108
138 158 -0.461385
138 163 2.78112
138 185 -0.649685
138 188 1.21227
139 154 1.22828
139 163 0.81478
140 154 0.164242
140 163 -6.57801
140 171 -3.86849
140 186 -4.43612
141 142 -8.16853
141 155 0.353819
141 176 -3.91844
141 254 0.796299
142 143 -7.49849
142 153 -3.43706
142 176 -0.132481
143 153 0.642565
144 147 -0.153966
144 153 0.483906
144 156 -5.70448
145 147 0.061316
145 151 -0.222373
145 165 -3.03591
145 166 -0.165198
145 173 -0.116857
146 159 2.73908
147 151 -0.0533582
147 156 0.147552
147 166 -1.54664
148 152 0.955144
148 162 -0.187125
148 168 0.111992
149 151 0.618144
149 187 -0.0490825
149 197 -3.41541
150 167 0.337785
151 165 -14.5158
151 190 -0.525973
151 195 0.448788
151 197 -3.31536
152 162 -2.97628
152 168 0.815322
152 175 0.679257
152 184 -0.0547203
152 191 0.162513
152 192 -0.260869
152 199 0.241219
152 212 -0.594174
152 235 -3.91844
153 156 -1.84714
153 164 -8.48381
153 174 0.13251
153 176 -2.18405
154 163 0.117759
156 164 0.106911
156 166 -0.295104
156 174 -2.78039
157 158 -0.676019
157 160 -0.47581
157 185 -0.176233
158 160 0.86172
158 169 -0.0195179
158 172 -0.00774741
158 185 0.325493
158 188 -0.262252
158 194 -10.55
158 202 -0.0297246
158 222 1.90338
158 228 -0.522776
158 241 -0.628227
159 169 -0.219261
159 179 0.90155
159 184 2.93034
159 189 -0.197766
159 206 -1.25517
159 210 0.0477289
159 216 1.21256
161 167 -0.840557
161 177 1.41688
161 182 0.0775039
161 187 -0.0722474
163 186 -0.0144072
163 188 0.740698
163 203 0.0586851
164 174 -4.11731
165 173 -2.55196
165 180 -4.60921
165 190 -5.64339
165 196 1.14578
165 217 -2.14198
166 173 -0.517023
166 180 -0.407849
167 177 -3.3008
168 184 -0.0334203
168 199 0.0320144
169 172 0.00706557
169 179 -0.696185
170 175 -3.76544
171 186 -3.91844
171 188 -3.5294
171 203 -3.7437
171 211 6.35147
171 230 0.0208058
172 179 -0.0473351
172 189 0.560775
172 202 1.73179
172 210 1.74528
173 180 -0.83062
174 176 -2.25445
174 180 -3.81845
174 181 -4.62662
174 201 -0.0249705
174 204 0.467202
174 219 0.045332
175 191 0.718366
175 192 -0.0457328
175 200 -1.78253
175 209 -0.0779963
175 237 -4.62668
176 181 0.652519
176 254 -7.65085
177 178 -1.50503
177 182 1.58052
177 187 -0.283722
177 193 -1.10372
177 208 1.64261
177 213 -7.16088
177 214 -0.56723
177 221 -1.21064
177 227 -1.81446
177 231 1.9475
177 245 -4.60302
179 189 -0.146055
180 201 -1.81205
180 217 -0.0544849
180 229 -3.06681
180 234 -0.00786218
180 238 -1.75131
181 204 -4.8442
181 219 -15.8935
181 254 -4.8442
181 271 0.0597301
181 283 -0.58725
181 290 1.53045
181 305 -20.355
182 187 -0.319471
182 198 0.423429
182 207 -1.16251
182 227 -0.500431
183 193 -0.157847
183 200 -0.806208
183 205 0.0414523
184 206 -4.14515
184 210 0.0220757
184 220 -2.5365
184 235 -4.43612
186 188 -0.62538
186 203 -0.101207
187 195 0.226632
187 197 -0.702116
187 198 -0.386287
187 207 -0.354228
187 236 -1.42058
188 203 1.429
188 222 -0.286558
189 202 0.0134951
189 210 0.379701
189 216 0.0216957
190 195 -0.448788
190 196 -1.60463
191 192 -0.0293422
191 218 0.449041
191 225 -1.05629
191 237 -9.45578
192 212 0.0548508
192 218 -0.0768334
193 205 -0.226274
193 214 -1.95883
194 202 -3.9158
194 223 -3.66625
194 228 -0.81228
195 196 -10.7209
195 197 -6.2504
195 236 -7.08312
195 248 -3.43706
195 255 0.195158
195 258 -3.73241
196 217 -3.05331
196 244 -0.00760229
196 252 1.0499
196 258 -0.510558
196 262 -0.150948
198 207 -1.10342
199 212 -0.402198
199 215 0.878289
199 218 0.228328
199 235 -0.898153
199 243 -1.81446
200 205 -0.0422648
200 209 0.424682
200 224 -0.14214
200 232 -0.0278294
201 204 -0.018552
201 219 -1.74507
201 238 -0.962998
202 210 2.55846
202 223 1.78886
203 211 -9.78443
203 222 -3.76861
203 260 -1.10372
204 219 0.0243439
205 214 0.669846
205 232 -1.23408
206 216 -0.386023
206 220 -1.78253
207 227 -0.687271
207 236 -1.52308
207 239 -0.148121
208 213 -13.956
208 221 -1.76106
208 231 1.22021
208 246 -0.918492
208 259 -0.618144
209 224 -1.4422
209 237 -5.17444
210 216 0.559974
210 223 2.45256
210 226 1.16113
210 233 2.68923
211 230 2.97872
211 260 1.54749
211 281 -3.10675
211 282 2.47197
211 287 -3.32867
211 293 -1.09659
211 298 -2.71175
211 307 -4.8442
211 310 -5.56079
212 215 -0.210882
212 218 -2.20793
213 214 -3.02742
213 242 1.42745
213 246 -2.84274
214 232 -0.756855
214 237 -0.766227
214 242 -2.0239
215 218 0.037951
216 220 -0.517023
216 226 0.178592
216 240 -2.22758
216 243 -2.52745
217 229 -0.259308
217 234 -0.125348
217 244 0.016565
217 252 -0.0289882
218 225 -2.74469
218 237 -2.85347
218 243 -2.36822
218 247 -0.023346
219 234 -5.25835
219 238 0.00561586
219 271 -3.46677
220 235 0.0233544
220 243 -4.16187
222 241 -0.353819
222 260 -5.95961
223 228 3.61914
223 233 0.232268
223 250 1.49912
223 251 -5.67274
223 253 2.41897
223 257 0.652519
223 267 3.19486
224 232 0.048741
224 237 0.00752712
225 237 -2.36822
226 233 0.763942
226 240 -4.88717
226 250 0.320028
226 256 -11.7588
227 239 0.351821
227 245 -0.122867
228 241 3.7245
228 249 4.53311
228 257 0.594916
228 260 -1.18877
228 272 -0.0328068
228 273 0.696783
228 278 -0.92356
229 234 0.250281
230 281 -0.81228
230 298 -2.78039
230 315 -4.14515
231 245 -5.75851
231 259 -2.97598
231 263 -0.0114971
232 237 2.29276
233 250 0.600387
234 238 -0.81228
234 244 -0.00113824
234 252 0.0274255
234 262 -0.204728
234 271 0.0642878
235 243 -7.29157
236 239 -0.308993
236 248 -0.0617986
237 242 2.17446
237 247 -2.85347
237 261 -1.39593
237 265 -15.0301
237 266 -1.57696
237 269 -12.5095
239 245 -4.31481
239 248 1.34472
239 255 -14.8031
239 279 -4.14515
239 288 1.57696
240 243 -4.14935
240 256 -0.0480971
240 265 0.386023
240 268 0.199605
240 280 -2.47327
241 260 -4.60358
242 246 -0.635536
242 263 -7.96048
242 264 0.954157
242 269 -9.45578
242 292 -4.14515
242 316 -4.14515
243 247 -6.31631
243 265 -3.60463
244 252 -0.00753448
245 263 -0.56723
245 288 -2.27269
246 259 -0.057037
246 264 -0.170944
247 265 0.0233459
248 255 -2.36822
250 251 -0.758016
250 256 -1.84714
250 267 2.92043
250 268 -0.754416
250 270 0.517023
250 280 -2.93164
250 284 0.517023
250 289 -2.52745
251 253 -1.55208
251 267 -4.72248
251 270 -0.517023
252 262 -0.125145
253 267 1.75131
254 305 2.11807
254 308 1.73345
254 390 2.87377
254 424 0.589606
254 550 -1.02668
255 258 -20.064
255 279 -0.353819
256 268 -2.79132
257 267 0.226632
257 272 -0.0661145
257 273 0.4216
258 262 2.0116
258 274 -3.71549
258 279 -3.57445
258 291 -2.47197
258 294 -15.8806
258 316 -5.53733
259 263 0.0286421
259 264 -1.51055
260 278 0.553628
260 285 -4.73409
260 286 -0.0144731
260 287 -1.70342
260 293 -0.18878
260 295 -2.95263
261 266 -0.974314
261 269 -1.39593
262 271 -0.750001
262 274 -0.734208
263 264 -1.32411
263 288 -12.4067
263 316 0.299477
263 332 -0.0223176
265 266 0.0544848
265 276 -6.54381
265 280 -14.7863
266 269 0.148121
266 276 -2.63495
267 270 0.289934
267 273 1.00226
267 275 0.847543
267 277 -2.0336
267 284 0.775982
267 299 -3.91844
267 300 -1.91493
267 301 -0.01813
268 280 -6.2862
269 276 -12.4269
269 292 0.369897
271 274 -0.0223223
271 283 0.118559
271 290 -0.184474
272 273 -1.19922
273 277 -1.70211
273 278 -0.975102
274 283 -0.0413352
274 290 0.223689
274 291 0.0181087
275 284 0.109075
275 299 -0.533685
276 280 1.88061
276 292 -2.02352
276 297 -13.0302
276 303 -2.71175
276 316 -3.57445
276 320 -10.8048
277 278 0.672585
277 301 -0.696225
277 311 -4.64195
277 323 0.0469943
277 327 0.0210354
278 295 -3.5267
278 307 -2.71175
278 310 -5.98644
278 323 0.273888
278 327 0.00731639
279 288 -6.47702
279 316 -2.58569
280 289 -1.79031
280 303 -3.31536
280 306 5.9133
280 314 -3.73241
280 317 -9.76125
280 336 -6.51337
281 282 -2.02352
281 298 -3.01573
282 298 -10.3815
283 290 -5.29967
284 289 -1.81446
284 296 -1.68412
284 299 -2.22758
284 304 -0.148121
285 286 -0.500431
285 295 -0.587208
285 307 -0.0996897
285 309 -0.074549
286 287 0.0217063
286 293 0.0361861
286 307 -2.78039
287 293 0.0349557
288 316 -2.58569
289 296 -1.78018
289 304 -0.982543
289 306 -1.66155
290 291 0.0362175
290 294 -0.617858
290 302 -6.31674
290 305 -17.6394
290 312 -2.93164
290 328 0.722426
291 294 -0.0108664
292 316 -1.05004
293 307 -4.06368
294 302 -3.97111
294 312 -8.01058
294 316 0.0477545
294 332 -0.0223087
295 307 0.00780031
295 309 0.0156005
296 304 -0.132481
297 303 0.738699
297 313 0.00209746
297 318 -0.12722
297 320 2.85347
297 324 1.07709
297 335 0.00294877
297 337 -4.92217
297 360 0.102482
298 310 3.01573
298 315 4.32424
298 326 0.86496
298 344 2.31262
298 384 0.130455
299 300 -0.669576
299 304 -0.770799
299 321 -0.98373
299 322 -0.0639778
300 301 -1.04688
300 319 -0.461243
300 322 0.0330475
300 325 -1.09099
301 311 0.737333
301 319 -1.07229
302 312 0.635286
303 313 1.236
303 318 -0.254097
303 335 0.00132317
304 306 -3.83284
304 321 -0.0187468
305 328 -6.92555
305 342 -5.53733
305 345 1.08118
305 390 5.1617
306 321 -7.17951
306 336 -11.04
306 339 -6.58588
306 349 -10.4956
306 352 -3.91844
306 355 -1.72077
307 309 2.93913
307 310 7.91955
308 424 0.731477
308 550 -0.892048
310 319 -7.30686
310 323 -3.20605
310 326 7.66489
310 327 -5.53733
310 331 6.20536
310 333 -0.226632
310 358 -1.88061
310 359 6.26793
311 319 -1.42657
311 327 -2.85347
312 316 -25.0401
312 328 -7.59915
312 342 -19.3916
312 372 -2.85347
313 314 2.10127
313 318 -0.126877
313 324 1.51372
313 329 -2.42575
313 335 0.527468
313 354 -0.348758
313 360 0.00522726
314 317 2.06181
314 329 -3.08606
315 326 0.662887
315 344 2.29208
315 367 3.59055
315 384 1.17159
315 415 3.13299
315 425 3.68665
315 437 0.955475
316 320 0.521031
316 330 -0.556654
316 332 -0.410813
316 340 -0.0866597
316 343 -6.3687
316 350 0.229975
316 372 2.93164
316 376 -3.20605
317 329 -1.98633
317 336 3.53699
317 338 -2.85347
317 347 -3.16273
317 351 -10.1988
318 324 -0.500431
319 322 -0.0546468
319 325 0.144797
319 327 -0.652519
319 333 -0.182072
320 330 -0.512984
320 332 -0.0828978
320 334 -0.202508
320 337 -1.47101
320 340 -0.418792
321 322 -0.704796
321 325 -1.77525
321 333 0.240908
321 339 0.473133
321 341 -0.0587259
322 325 0.0828721
323 327 0.00596783
324 335 0.000661583
325 333 -0.856243
326 331 5.06385
326 344 0.390543
326 356 7.10188
326 359 1.12473
326 366 0.905565
326 384 2.86368
326 389 2.54904
328 342 0.132481
329 338 0.0164603
329 346 -1.28613
329 347 -0.0389131
329 354 -0.55042
330 332 0.0621764
330 340 0.000880755
332 340 0.0197685
332 343 -2.85347
333 339 0.0472848
333 341 -0.0623456
333 358 -2.92347
333 365 -5.53733
334 337 -1.28449
334 340 -2.48316
334 348 -1.9309
334 353 -0.195158
334 360 -0.687271
335 354 -0.0629477
335 360 0.0164936
336 349 -0.0355995
336 352 -0.214256
337 360 -2.71175
338 347 -3.27898
339 341 -0.0720423
339 355 -0.132481
339 365 -3.43706
340 343 -0.451047
340 348 0.03791
340 350 -1.38236
340 353 -1.41032
342 372 -3.31536
342 390 -13.8336
343 350 -2.85347
344 384 0.130455
345 390 2.84151
346 347 -1.84714
346 354 -2.31952
347 351 -0.0898537
347 354 1.83143
347 363 0.042393
347 371 0.266116
347 375 -1.58214
348 353 -0.781325
349 352 1.98897
349 364 -0.0130761
350 353 0.635286
350 357 0.0297113
350 362 -3.8933
350 368 -6.71518
350 376 -6.03839
350 383 0.24241
351 352 -0.0095521
351 361 -2.97059
351 363 -2.99862
352 355 0.0856502
352 361 0.0279646
352 364 -0.0655303
352 365 -6.56972
352 378 -0.0584341
352 382 0.555494
352 385 -2.10127
353 360 0.635286
353 362 -2.7804
353 368 -2.10127
353 369 -0.116857
354 360 -1.25665
354 370 1.36651
354 375 -0.412013
354 380 0.445006
355 365 -1.44559
356 366 0.369813
356 384 1.79337
356 389 3.92524
357 376 -0.905358
358 359 -2.71175
358 365 -0.0700634
359 365 -3.73241
359 366 5.69136
359 386 -2.31952
359 389 -0.612713
359 393 4.06639
359 399 0.027084
359 401 -2.05094
359 409 -1.89031
359 411 -0.443552
360 368 -4.8442
360 369 -4.68296
360 370 -2.34376
360 373 -4.8442
360 374 -0.0303702
360 379 -0.277747
360 395 -8.06359
360 398 1.63146
360 400 -6.42211
360 410 -4.14515
361 363 0.0808035
361 364 -0.619465
361 381 -5.33927
361 387 -1.75333
362 368 1.90192
363 371 0.338763
363 387 -0.417935
364 381 -0.0856503
364 385 -0.723799
365 382 -2.78039
365 386 -7.65487
365 397 -1.37165
365 399 -8.2903
366 389 0.0159267
367 384 -0.0114213
368 369 -0.0700634
368 383 -1.65478
368 391 -3.33832
368 398 -2.58569
370 374 0.276845
370 380 0.0888714
370 388 -5.83601
370 394 -2.69723
370 402 -0.195158
370 404 0.163779
371 375 -0.132481
371 377 0.121041
371 380 -0.340022
371 387 0.217121
371 392 1.41829
371 394 -2.54055
371 408 -0.0775153
372 376 -4.43612
372 390 -14.4096
372 398 1.16715
372 410 -7.87318
372 429 -8.98936
372 430 -8.18433
372 434 0.051096
372 451 -8.98114
372 473 2.52008
372 480 1.10662
372 493 -0.164227
373 374 -0.943623
373 379 -1.12464
373 388 -1.12464
374 388 -4.45447
375 377 -0.978026
375 380 -0.256869
376 383 -3.69859
376 391 -0.601089
376 398 -7.01151
377 380 -0.0241977
378 382 -0.0066155
378 385 -3.10675
379 388 -6.35485
379 395 -4.59715
379 406 -6.62358
379 407 -9.77889e-08
379 412 -2.04891e-08
380 394 -2.78039
381 385 1.56108
381 387 3.29804
381 396 2.26041
381 397 0.0354314
381 405 -0.0814676
381 426 -0.0392283
382 385 -0.740165
382 397 0.132481
383 391 -0.0700634
384 389 2.47197
384 415 1.04163
384 425 0.401758
384 437 2.69655
385 396 0.0793059
385 397 -4.08309
385 405 -0.0409657
385 426 -0.628449
386 399 -0.00778178
387 392 1.87131
387 396 3.41338
387 405 -1.32229
387 408 -0.396507
387 420 0.472663
387 421 0.483873
387 426 2.19447
388 402 -0.023346
389 401 6.93845
389 423 2.78039
389 427 13.2264
389 437 5.65381
390 424 0.906567
390 445 2.96347
390 447 1.67717
390 449 -5.05207
390 450 -0.00558079
390 451 -1.57696
390 452 -0.0309859
390 457 -3.57445
390 462 -11.8884
390 466 -4.50027
390 470 0.849093
390 474 -9.47948
390 484 -3.21213
390 485 -1.88061
390 550 -0.486192
391 398 -2.70107
392 394 -2.22758
392 403 0.0082118
392 407 2.27041
392 408 -0.434453
393 401 -0.873451
393 409 -1.05629
393 411 -1.10032
394 403 -2.31952
394 404 -1.84714
395 400 1.01091
395 406 -0.889255
396 405 -0.416958
396 426 -0.0392283
397 399 -0.55042
397 413 -1.75131
397 426 -8.28666
398 410 -12.5395
399 409 -0.165202
399 411 -0.113924
399 413 -0.0102318
399 419 -1.43349
400 406 -1.14105
400 410 1.21064
400 414 -4.35258
400 416 -0.0544849
401 411 0.798942
401 419 -0.00829758
401 422 4.12099
401 427 1.27785
401 428 1.00032
401 431 3.62926
401 436 2.12564
401 442 0.336673
402 404 -0.635286
402 407 -3.43706
403 404 -0.00568491
403 407 0.131702
404 407 -0.0113698
405 426 -1.81446
406 412 -8.24908
406 416 -0.386023
406 417 -3.92821
407 408 -2.67159
407 412 5.53877
407 421 1.95015
407 426 5.60397
407 432 4.12937
407 434 0.184356
407 440 2.64699
407 446 0.962998
407 453 2.29302
408 421 -1.34772
409 411 0.27176
410 414 -2.22758
410 418 -7.52075
410 429 1.3041
411 419 -0.687956
411 422 1.11603
412 417 0.543257
412 432 0.837311
412 434 0.103999
413 419 0.0453528
413 426 0.0497783
414 416 -0.83062
414 418 -0.101248
415 437 1.10428
416 417 -1.88868
416 418 0.757965
417 418 -6.98221
417 430 0.758117
417 432 0.354165
417 434 -0.230905
418 430 -1.39593
419 422 -0.375475
419 426 0.337852
419 428 -0.379206
419 436 -0.0319867
419 442 -0.0480025
420 426 3.99178
421 426 0.882229
422 428 0.425704
423 427 4.43881
424 433 0.0179224
424 460 -5.53733
424 466 -3.43706
424 469 -29.8689
424 475 -9.97346
424 477 -2.14198
424 499 -3.43706
424 514 -5.53733
424 518 -13.5479
424 527 0.168751
424 539 -3.92238
424 542 -0.83062
424 550 -8.65158
424 554 -1.76392
425 437 1.47716
425 456 1.88061
426 428 0.0100951
426 435 4.65599
426 436 0.00730094
426 441 -2.55013
426 442 0.599971
426 446 4.02977
426 453 1.00657
426 458 4.65602
426 459 4.67514
426 464 4.03244
426 471 0.210882
426 476 5.98869
426 488 0.790365
426 490 3.73241
427 431 8.87471
427 437 5.72235
427 442 0.576417
427 448 0.312137
427 455 3.72914
427 456 0.288953
427 465 0.490014
427 472 0.084829
428 436 1.33938
428 442 0.0283032
429 430 -2.83569
430 434 -14.8162
431 436 0.202266
431 442 5.97608
431 448 0.163685
432 434 6.00729
432 439 1.46708
432 440 2.06181
432 443 -0.219456
432 453 1.86945
432 464 0.835437
432 473 3.55693
432 488 2.91504
432 492 4.56264
432 493 -0.583819
432 500 10.7381
432 505 -0.10345
432 534 0.326533
433 550 -4.9021
434 439 2.67204
434 443 -1.09725
434 473 0.041168
435 441 -0.27045
436 442 0.498737
437 438 3.01573
437 444 9.75093
437 455 3.48445
437 456 1.7645
438 444 0.10425
438 456 0.829558
439 443 -0.0856503
442 448 5.06867
442 458 5.50665
442 465 0.963985
442 468 1.82484
442 471 2.71175
444 455 1.98889
444 456 3.07176
444 472 0.734011
445 449 0.0137886
445 450 0.0275772
445 452 -0.123472
445 457 -0.458963
447 452 -0.0925868
447 457 -7.01775
449 450 0.527151
449 451 0.375612
449 454 1.29056
449 457 0.0297505
449 463 0.175796
449 520 0.0304786
449 536 -0.00858444
450 457 -0.246986
450 463 0.0459009
451 454 4.6384
451 480 -1.18877
451 520 0.00372624
451 536 -0.00891826
452 457 -1.00806
452 461 -0.261087
453 464 2.24042
454 457 0.9791
454 463 9.76006
454 480 -4.14511
454 481 7.99561
454 486 3.39489
454 509 3.16388
454 510 0.0427709
454 520 0.0445381
454 525 6.79119
454 526 0.17938
454 530 -0.00132552
454 536 0.0114885
455 456 0.690276
455 468 0.231934
455 472 1.54744
456 467 3.31536
456 468 5.48127
456 472 3.85783
456 478 9.73065
456 482 3.01573
456 496 0.81228
456 498 6.16883
456 502 5.45909
456 506 6.52118
456 522 11.2576
456 523 3.9334
457 461 1.92236
457 463 3.30183
457 474 6.16868
457 481 1.67948
457 491 0.174659
457 495 -4.11497
457 504 0.924411
458 471 0.618144
460 469 -0.242411
462 466 7.03845
462 485 3.75302
462 487 1.16715
463 481 2.05596
463 520 0.00364486
463 536 -0.00416116
464 488 2.3559
465 468 0.947942
465 472 0.163779
466 469 -0.181813
466 477 1.66155
466 479 -0.0909066
466 485 7.66241
468 471 2.32577
468 472 1.9597
468 478 4.80562
468 483 4.41363
468 496 3.64788
468 498 3.79277
468 502 6.37211
468 523 2.28176
469 475 0.467445
469 477 -3.3705
469 479 4.02492
469 489 0.787148
469 499 -0.0794151
470 474 -2.02352
471 476 4.914
471 483 1.81446
473 480 2.34057
473 493 -0.225672
474 484 -1.92871
474 494 -0.0882301
474 504 1.42058
474 507 -2.62848
474 519 -0.618144
474 533 -0.867703
476 483 1.66227
476 490 4.06786
476 497 0.105214
476 503 0.0552747
478 496 4.16441
479 485 -0.242056
479 489 2.3867
479 499 0.0196743
479 501 -1.46665
479 512 0.0241057
479 515 -4.8958
480 486 -5.54317
480 493 -0.559006
480 511 2.97685
480 520 -0.542492
480 528 -5.78732
480 530 -1.57696
480 531 -2.5744
481 491 1.64553
481 495 0.125452
481 508 0.250904
481 520 0.00207683
481 525 0.983803
481 536 0.00533281
481 537 1.07814
483 497 0.430131
483 498 0.842602
483 503 0.532561
484 485 -1.39593
484 494 -0.81228
485 487 4.43612
485 494 11.3054
485 501 12.5161
485 519 1.20766
485 524 2.15928
485 532 3.10675
486 520 0.00280803
486 536 -0.0045062
488 490 3.75053
488 500 0.938279
488 505 -0.193482
489 499 1.70885
489 512 0.190491
489 516 -0.039121
489 517 -1.00226
490 497 0.0873968
490 498 0.0273615
490 503 0.141722
490 505 -0.059442
490 521 8.05101
490 535 -0.00592505
490 552 -0.0045917
491 495 -0.168527
493 500 -0.0993317
493 511 -0.179316
493 531 0.0150026
493 534 -0.30298
493 541 -0.0165362
493 543 -0.0161284
493 553 -0.0235601
494 507 1.05632
494 524 5.30322
494 532 1.10372
495 504 -0.816036
495 508 1.85309
496 502 1.53755
497 498 0.250935
497 503 0.781951
498 503 4.71528
498 521 0.13355
498 535 1.74968
498 552 1.35577
499 501 -0.76393
499 514 -0.534194
499 517 -0.298063
499 518 -0.21417
499 529 -0.144615
500 505 -0.0970803
500 513 13.4206
500 521 3.80329
500 531 -0.0106935
500 534 8.41462
500 538 2.83663
500 549 5.90279
500 553 0.0235935
500 555 2.93164
501 512 -0.943623
501 514 0.0416743
501 515 14.387
501 516 -0.17923
501 517 0.448572
501 518 0.129283
501 519 0.638749
501 529 4.28257
501 542 7.14155
501 548 8.77846
502 523 2.49967
503 535 1.41637
504 508 -0.257499
504 533 -2.49612
505 521 -0.0546155
506 522 0.321795
507 519 6.56544
507 524 1.95015
508 533 0.211792
508 537 0.866757
509 520 0.00280803
509 536 -0.0045062
510 520 0.00280851
510 536 -0.00451385
512 516 -0.00873032
514 518 0.586253
516 517 -0.089615
518 529 0.10513
518 539 0.199303
518 542 1.41589
519 524 3.99605
519 533 0.0292508
519 544 -0.0309032
519 548 2.15039
520 525 -0.0121737
520 526 0.00264675
520 530 -6.63285
520 536 -0.386948
521 552 0.463539
524 532 3.56693
525 526 1.02662
525 530 -0.00310266
525 536 0.106475
525 537 5.63387
525 540 3.3066
525 545 0.918469
525 546 1.13368
525 547 0.136618
525 551 0.174521
526 530 -2.46855e-05
526 536 0.00643646
527 550 -1.10088
528 530 0.443214
528 531 0.00472182
528 541 -0.579851
528 543 -0.831525
529 542 0.217568
530 536 0.220939
530 543 -5.64325
530 546 -0.363494
530 547 -0.547226
531 541 -0.0140671
531 543 -0.056086
533 537 -1.91691
533 544 -4.8073
534 541 1.26512
534 543 3.81176
534 553 0.0294521
535 552 0.326768
536 540 0.0881444
536 546 0.0418345
537 544 1.78253
537 545 6.25683
539 542 0.0931672
540 545 3.16895
540 551 0.389951
541 543 4.45324
542 554 -1.04226
543 547 3.70064
544 545 2.10985
545 551 0.518935
546 547 0.324125
546 551 0.0437689
549 553 0.0582581
549 555 0.0700632
