MULTICUT
0 1 1.24747
0 3 4.57476
0 9 1.95015
0 11 8.22699
0 12 1.16715
1 2 7.84157
1 12 7.21901
2 4 -8.31081
2 7 -2.85347
2 12 2.23899
2 14 1.27168
2 24 -0.190578
3 6 5.25549
3 11 5.16025
3 13 4.8442
3 20 1.16715
3 21 2.31952
3 22 0.81228
3 27 4.5086
4 7 1.34396
4 14 -1.81446
4 16 5.60632
4 17 1.88061
4 24 1.02935
4 33 -1.72077
4 34 3.4843
4 36 2.47197
4 40 -0.558721
4 54 -2.23448
4 64 0.587238
4 71 -1.27279
4 79 0.758015
4 85 -6.73039
4 105 -3.01573
4 127 1.12464
4 137 -4.43612
4 138 -2.64699
4 140 -2.64699
4 141 -11.9689
4 142 -2.90278
4 144 -2.78039
4 145 -5.29986
4 146 -4.43612
4 148 -4.43612
4 149 -3.01573
4 152 -4.14515
4 153 -9.45578
5 8 -0.0973676
5 20 -0.194735
5 70 -2.41897
5 125 0.00438694
6 13 1.97899
6 15 2.78039
6 20 3.30423
8 20 0.309481
9 11 1.39593
10 20 0.584119
11 12 2.85944
11 21 2.52925
11 23 3.69592
11 27 5.68358
12 23 3.45801
12 24 -0.722199
12 26 0.0131535
12 27 6.20628
12 31 3.43706
12 33 4.09134
12 37 3.31536
12 39 2.85347
13 20 0.982543
14 16 -2.37603
14 24 -0.483906
15 20 2.06181
16 17 2.31952
16 24 3.69262
18 20 1.88061
19 20 1.34772
20 22 1.98964
20 25 1.21064
20 27 2.24517
20 28 0.601089
20 29 1.47101
20 32 2.51304
20 35 1.16715
20 38 1.23277
20 41 0.886457
20 42 1.79595
20 44 0.940778
20 45 3.75843
20 46 2.09626
20 47 0.434708
20 48 1.26617
20 49 1.74788
20 51 0.721393
20 52 0.790263
20 53 1.78424
20 56 1.57649
20 57 1.63133
20 58 -0.0564565
20 60 7.81291
20 62 0.657046
20 66 1.66063
20 67 3.93843
20 68 0.00295131
20 70 -8.8887
20 73 1.5744
20 74 0.355799
20 76 0.971523
20 77 0.00529246
20 80 2.57943
20 81 0.952319
20 82 1.01203
20 84 2.57575
20 86 1.31749
20 87 -3.50532
20 88 1.40363
20 89 1.88471
20 90 0.25971
20 91 4.21275
20 92 -0.0469037
20 93 4.27041
20 94 0.692202
20 95 1.62439
20 97 0.952319
20 98 -1.78253
20 101 0.837479
20 103 0.243835
20 104 0.154717
20 106 11.5431
20 108 2.21126
20 110 -0.0756612
20 111 -0.849162
20 114 0.133555
20 115 3.48658
20 116 1.46661
20 118 0.841909
20 119 0.0410011
20 121 1.72077
20 125 1.10822
20 126 3.79003
20 128 1.54511
20 129 0.149059
20 132 0.0109505
20 134 3.54528
20 136 1.7483
20 143 -2.47197
20 150 2.18214
20 157 4.73119
20 162 2.13798
20 163 1.7983
20 166 2.36279
20 170 9.64101
20 171 9.10712
20 176 5.69403
20 177 1.05014
20 180 -0.143921
20 186 -0.886457
20 187 -5.96046e-08
20 191 4.26495
20 192 -0.0220799
20 200 9.88574
20 207 4.68296
20 211 1.78385
20 212 0.842066
20 213 1.85164
20 214 10.8665
20 217 0.503939
20 220 0.242554
20 222 0.676874
20 225 1.92304
20 228 4.9617
20 234 1.81732
20 235 1.01974
20 237 0.472178
20 239 -0.274593
20 243 7.08256
20 250 10.2762
20 252 1.88382
20 253 1.35377
20 255 0.368375
20 260 2.42395
20 261 8.06892
20 262 2.45935
20 265 1.15592
20 267 1.65801
20 268 0.167524
20 269 7.75802
20 271 3.16984
20 272 1.90048
20 273 1.24071
20 275 3.91844
20 277 1.53533
20 278 0.00710131
20 279 0.387744
20 280 0.227957
20 281 0.797826
20 286 0.655392
20 287 3.26935
20 288 1.33326
20 289 4.10367
20 290 0.135546
20 293 0.339365
20 294 0.149325
21 27 5.33524
22 27 3.57963
23 27 2.58569
24 26 1.25932
24 31 -4.92217
24 34 1.11294
27 29 6.25465
27 30 6.44589
27 37 0.0726783
27 42 5.9703
27 43 1.8461
27 50 2.50633
27 65 0.511196
31 33 7.01151
31 34 -4.22637
31 40 1.40271
32 42 2.40917
32 49 1.41034
33 37 9.77715
33 39 2.08853
33 40 1.0994
33 55 4.69834
33 61 5.87536
33 69 3.57445
33 71 1.27785
33 78 2.87763
33 79 -6.1488
33 83 0.248949
33 85 2.50137
34 40 2.54134
37 39 2.85347
37 43 -0.599055
37 59 1.24694
37 61 4.19273
40 54 1.49277
40 55 2.4518
42 49 4.8289
42 63 7.41976
42 65 8.28154
42 67 2.33633
42 74 6.2898
42 75 1.88061
42 125 0.00956041
42 237 0.00324521
42 253 0.00820716
43 59 -3.40665
43 63 0.0132048
43 65 2.99315
44 46 6.06134
44 47 2.64699
44 48 8.71372
44 56 3.60104
44 125 0.00956041
44 237 0.00324521
44 253 0.00820716
45 58 -0.0564565
45 125 0.0191208
46 125 0.00925481
47 48 2.14198
47 70 -3.20605
48 56 0.151987
48 68 0.0881885
48 70 -8.87621
48 72 0.413123
48 77 1.69086
48 80 2.48005
48 125 0.00956041
48 237 0.00324521
48 253 0.00820716
49 125 0.0100031
49 237 0.00324521
49 253 0.00820716
51 125 0.00956041
52 125 0.00956041
52 237 0.00324521
53 125 0.00956041
53 237 0.00324521
53 253 0.00820716
54 55 -6.15979
54 64 -0.587238
54 71 -0.0199795
56 68 0.603643
56 125 0.0200079
56 237 0.012964
56 253 0.0328015
57 60 3.20604
57 125 0.00956041
57 237 0.00324521
57 253 0.00820716
59 61 2.31952
59 63 3.04766
60 74 7.45185
60 88 3.73241
60 93 7.82221
60 100 -2.63162
60 125 0.0195635
60 237 0.00973562
60 253 0.0246215
61 63 5.76044
61 69 7.62473
61 78 1.84714
62 125 0.00956041
62 237 0.00324521
62 253 0.00820716
63 65 1.24344
63 74 3.20604
63 75 2.22758
63 78 0.652519
63 83 4.66793
63 96 5.32577
63 102 2.70746
63 105 4.52491
63 112 7.93792
63 123 5.6342
64 71 -0.0648866
66 125 0.00956041
66 237 0.00324521
66 253 0.00820716
67 74 7.00532
67 125 0.0100031
67 237 0.00649041
67 253 0.0164143
68 125 0.00590261
68 237 0.000918381
68 253 0.00234704
70 72 -3.91844
70 80 -6.16014
70 95 -6.93845
70 157 -7.3512
70 287 -0.0537372
71 79 -0.618144
72 80 0.826246
73 125 0.00956041
73 237 0.00324521
73 253 0.00820716
74 96 5.3051
74 99 -0.126423
74 125 0.00956041
74 237 0.00324521
74 253 0.00820716
76 125 0.0100031
76 237 0.00649041
76 253 0.0164143
77 80 2.34764
77 125 0.0105849
77 237 0.00379073
77 253 0.00406081
78 83 0.721031
80 87 -0.148121
80 95 3.24867
80 125 0.00956041
80 237 0.00324521
80 253 0.00820716
81 125 0.00956041
81 237 0.00324521
81 253 0.00820716
82 125 0.00956041
82 237 0.00324521
82 253 0.00820716
83 85 3.40678
83 105 2.31952
84 92 -0.0469037
84 125 0.0100031
84 237 0.00649041
84 253 0.0164143
85 105 0.337785
86 125 0.00956041
86 237 0.00324521
86 253 0.00820716
88 93 0.425123
88 125 0.00956041
88 237 0.00324521
88 253 0.00820716
89 125 0.00956041
89 237 0.00324521
89 253 0.00820716
90 91 2.22758
90 125 0.00956041
90 237 0.00324521
90 253 0.00820716
91 104 1.19595
91 111 -0.533006
91 125 0.0100031
91 237 0.00649041
91 253 0.0164143
93 100 -8.22195
93 125 0.0195635
93 126 3.29281
93 132 0.500431
93 237 0.00973562
93 253 0.0246215
94 125 0.00956041
94 237 0.00324521
94 253 0.00820716
95 110 -0.189955
96 99 -0.126423
96 105 1.54354
96 107 -5.53733
96 109 -10.3815
96 120 -4.14515
96 123 2.03705
96 124 -10.7234
96 155 -7.26317
97 125 0.00956041
97 237 0.00324521
97 253 0.00820716
98 103 -1.49683
99 100 4.69305
99 107 -14.9074
99 132 -4.43612
100 132 -10.6229
101 125 0.00956041
101 237 0.00324521
101 253 0.00820716
103 125 0.00956041
103 237 0.00324521
103 253 0.00820716
105 112 2.64699
105 117 5.45114
105 123 2.67402
105 127 -0.0232642
105 131 0.0419613
105 133 0.496755
105 141 -2.14198
105 155 -5.53733
105 164 0.305794
105 167 5.73183
105 169 -5.53733
105 172 -0.669846
105 175 -2.64699
105 183 -11.61
105 190 -2.93164
105 195 -6.5061
105 197 -3.01573
105 201 3.5981
106 125 0.0195635
106 163 2.22758
106 237 0.00973562
106 253 0.0246215
107 109 -0.163779
107 113 -9.04872
107 132 -1.49683
107 135 -1.00226
107 139 -0.722426
107 143 -8.05025
108 114 1.46391
108 125 0.0195635
108 237 0.00973562
108 253 0.0246215
109 113 -2.14992
109 120 -0.305845
109 122 -2.58569
109 124 -2.58569
113 122 -0.847544
113 135 -2.41897
114 125 0.00956041
114 237 0.00324521
114 253 0.00820716
115 125 0.0200062
115 134 0.794069
115 237 0.0129808
115 253 0.0328286
116 125 0.00956041
116 237 0.00324521
116 253 0.00820716
117 127 -0.0127422
117 131 0.261724
118 125 0.00956041
118 237 0.00324521
118 253 0.00820716
119 125 2.24366
119 237 0.00324521
119 253 0.00820716
120 124 -5.4213
122 124 -0.81228
122 130 -2.22758
122 135 -0.886457
124 130 -21.78
124 155 -1.72077
125 126 0.0185825
125 128 0.0161745
125 129 0.0613853
125 132 0.0158779
125 134 0.0383494
125 136 0.017372
125 150 0.173824
125 163 0.017372
125 166 0.0209774
125 170 0.0419548
125 171 0.0419549
125 176 0.0383494
125 177 0.017372
125 200 0.0209774
125 211 0.017372
125 212 0.017372
125 213 0.017372
125 214 0.0419549
125 217 0.017372
125 220 0.017372
125 222 0.017372
125 225 0.017372
125 228 0.0419548
125 234 0.017372
125 235 0.017372
125 237 0.0389173
125 243 0.034744
125 252 0.017372
125 253 0.0490392
125 255 0.017372
125 260 0.0194392
125 261 0.0162519
125 262 0.017901
126 237 0.00649041
126 253 0.0164143
127 131 -0.0210441
127 133 -0.675496
127 137 -3.31536
128 237 0.00324521
128 253 0.00820716
129 237 0.00324521
129 253 0.00820716
130 135 -11.1703
130 139 -0.722426
130 155 -2.14969
130 172 -7.46482
130 179 -8.98936
130 183 0.758015
130 185 -3.98912
131 133 0.0354886
132 143 -12.9892
132 237 0.00394259
132 253 0.00814208
133 137 -0.163779
133 141 -3.57445
134 237 0.00973562
134 253 0.0246215
135 139 -13.8618
136 237 0.00324521
136 253 0.00820716
137 141 3.65101
138 146 -0.305845
138 147 -0.369897
138 152 -0.924411
138 156 -1.69086
139 143 -10.3815
139 161 -7.77585
139 174 -7.51929
139 179 -2.22758
140 148 -2.85347
140 149 -3.10675
140 158 -2.78039
141 144 2.22758
141 145 -2.71175
141 159 2.47197
141 164 -10.3363
142 145 -2.37848
142 151 -3.83284
143 161 2.31952
143 165 2.77059
143 166 -5.60229
143 174 -7.85993
143 178 -9.26974
143 188 0.700486
143 193 -4.14515
145 146 -0.279736
145 151 -8.33734
145 154 -2.78154
145 156 0.386023
145 159 -0.517023
145 164 -8.31332
145 173 -2.06181
146 147 -3.35572
146 154 -0.148121
146 156 -0.103382
147 156 -4.8442
148 153 -1.10372
148 158 -0.483906
149 158 -5.6733
150 166 0.0289075
150 170 0.057815
150 171 1.51633
150 176 0.0433613
150 177 0.0144538
150 200 0.0289075
150 211 0.0144538
150 212 0.0144538
150 213 0.0144538
150 214 0.057815
150 217 0.0144538
150 220 0.0144538
150 222 0.0144538
150 225 0.0144538
150 228 0.057815
150 234 0.0144538
150 235 0.0144538
150 237 0.0386431
150 243 0.0289075
150 252 0.0144538
150 253 0.0708466
150 255 0.0144538
150 260 0.0289075
150 261 0.0289075
150 262 0.0289075
150 265 0.0144538
150 267 0.0144537
150 268 0.0144538
150 269 0.0433612
150 271 0.0144538
150 272 0.0144537
150 273 0.0144537
150 277 0.0144537
150 279 0.0144538
150 280 0.0144538
150 281 0.0144537
150 286 0.0144537
150 288 0.0144537
150 290 0.0144538
150 293 0.0144538
150 294 0.0144538
152 153 1.05357
152 156 0.682866
152 160 0.348202
152 168 0.641176
152 173 -1.91493
153 158 3.48845
153 168 3.1096
155 169 -0.467445
155 172 -2.36822
156 160 0.838411
156 173 -3.60884
158 164 -3.91844
158 168 6.11478
158 173 -1.84714
159 164 -2.85347
161 174 -3.31536
162 180 -0.0421281
163 237 0.00324521
163 253 0.00820716
164 167 0.611588
164 173 -10.303
164 175 -17.313
164 181 -0.601089
164 184 -1.18877
164 189 -14.3703
166 178 -2.27269
166 188 0.0474458
166 193 -3.73241
166 200 2.8165
166 203 -0.317178
166 204 0.207946
166 237 0.00649041
166 253 0.0164143
167 175 -3.73241
168 173 -12.9245
169 172 -1.69086
170 180 2.22525
170 198 2.26556
170 237 0.0129808
170 253 0.0328286
171 176 1.04653
171 187 -5.96046e-08
171 237 0.0129808
171 253 0.0328286
172 183 -2.14198
174 178 -0.062853
174 179 -0.179458
174 182 -2.41897
174 194 -2.52745
175 181 1.91493
175 184 1.10372
175 189 1.44559
175 190 -1.14232
175 197 -0.465216
175 208 1.33735
175 231 6.12153
175 233 0.274059
175 249 0.343054
175 261 2.49492
176 237 0.00973562
176 253 0.0246215
177 237 0.00324521
177 253 0.00820716
178 182 -0.758016
178 193 -5.68977
178 194 -8.9287
178 203 -2.22758
179 185 -2.31952
179 194 -3.91844
179 196 -1.63282
182 194 -2.14198
183 185 -15.0111
183 195 0.601089
185 195 -1.95015
185 196 -5.18371
185 199 -0.867703
186 191 -0.551565
190 197 -0.567026
191 192 -0.0441599
194 196 -8.87224
194 200 -8.97439
194 202 -6.5061
194 203 -7.51291
194 204 0.337785
194 205 -4.43612
194 206 -10.3815
194 209 -2.31952
194 210 0.0638843
195 199 -5.90104
195 201 -4.43612
195 202 -9.28032
195 206 -2.22758
196 199 -1.64842
196 202 -3.12725
197 201 -3.48876
197 208 -1.06254
199 202 0.038913
200 204 -0.00338823
200 205 2.18405
200 209 -1.52308
200 218 -2.64699
200 219 4.54747
200 237 0.00649041
200 238 0.000720605
200 240 3.42307
200 253 0.0164143
200 261 5.77809
201 206 -14.5267
201 208 -4.8442
201 216 -1.98633
201 224 -1.31682
201 227 -1.27785
201 230 0.189862
201 232 0.274968
202 206 -1.57696
203 204 -0.533685
204 205 -1.39593
206 210 -5.53733
206 216 -7.85469
208 224 -0.258219
208 226 16.0754
208 229 4.46644
208 232 -1.95015
208 236 -2.70605
208 246 1.10372
208 258 2.93164
208 261 4.53755
208 263 1.34772
209 210 -0.704796
209 218 -0.775982
210 215 0.369897
210 216 -1.02216
210 218 -0.740165
210 221 -4.8442
210 223 -1.81446
211 237 0.00324521
211 253 0.00820716
212 237 0.00324521
212 253 0.00820716
213 237 0.00324521
213 253 0.00820716
214 237 0.0129808
214 253 0.0328286
214 261 5.66272
215 216 -0.148121
215 218 -3.91844
215 219 -11.4976
215 221 -7.71961
215 223 -1.08947
215 230 1.23277
215 247 -3.73002
216 221 -3.02788
216 227 -1.37165
216 230 -1.37165
217 237 0.00324521
217 253 0.00820716
218 219 -3.81415
219 247 1.32411
219 261 0.257484
220 237 0.00324521
220 253 0.00820716
221 223 -5.53733
222 237 0.00324521
222 253 0.00820716
224 232 -0.239082
225 237 0.00324521
225 253 0.00820716
226 229 4.17759
226 236 -1.20603
226 241 2.42911
226 248 -13.5479
226 256 -10.5777
226 258 2.47197
226 261 2.06181
227 230 -1.97962
228 237 0.0190637
228 253 0.0328286
228 255 1.12464
230 232 0.445114
230 242 1.30083
230 245 -4.53837
230 247 -22.1493
230 248 2.64699
230 251 -6.05861
230 256 2.41897
230 259 -14.0666
230 261 -4.8442
231 233 4.38673
231 261 1.5017
232 236 0.758015
232 241 -3.92847
232 242 0.97689
232 245 -0.0295705
232 248 1.57696
234 237 0.00324521
234 253 0.00820716
235 237 0.00324521
235 253 0.00820716
236 241 -4.57982
237 239 -0.184371
237 243 0.00953185
237 252 0.00628664
237 253 5.36378
237 255 0.00628665
237 260 0.0115015
237 261 0.00628664
237 262 0.0115015
237 265 0.00521483
237 267 0.00521482
238 240 -0.0463679
238 261 -0.183224
240 261 6.228
241 248 -10.1286
242 245 -0.451047
243 253 0.0164143
244 261 2.58569
246 261 1.84714
247 261 6.00992
248 251 -5.23929
248 254 -0.541569
248 256 0.210922
248 257 -0.210907
249 261 4.5332
251 254 0.101094
251 256 -7.77981
252 253 0.00820716
253 255 0.00820716
253 260 1.75908
253 261 0.0291534
253 262 0.0319476
253 265 0.0131796
253 267 0.0131796
253 268 0.0131796
253 269 0.0131796
254 256 -1.88061
254 257 0.00389083
256 257 -2.59215
256 259 -7.28959
256 261 -8.98936
258 261 2.02352
259 261 -6.08417
259 266 -0.242411
261 263 1.81446
261 264 2.14198
261 266 1.54979
261 269 2.8047
261 270 1.95015
261 274 4.60358
261 276 3.06578
261 278 3.01803
261 281 3.37336
261 282 3.10675
261 283 3.08561
261 284 2.71175
261 285 3.69044
261 291 0.886457
261 292 -0.0581189
269 273 1.78253
269 277 2.22758
278 290 0.0142026
278 292 -0.0862315
285 292 -0.970393
289 290 -0.226632
