MULTICUT
0 5 9.55471
0 8 12.97
0 20 4.41921
0 28 -0.0484866
0 30 10.9912
0 54 8.48824
0 77 4.03792
0 82 5.44074
1 3 0.0195111
1 8 -0.715351
1 15 0.00975551
1 19 0.769382
2 11 4.14515
3 9 1.36641
3 15 1.39721
3 19 -0.46573
4 10 2.41897
4 11 19.0326
5 7 11.0479
5 20 4.14515
5 24 1.63282
5 30 3.22711
5 37 9.53366
5 39 2.78039
5 53 11.4783
5 77 1.65639
6 9 1.52308
6 12 5.71504
6 13 3.46034
6 14 -3.06867
6 17 4.55761
6 18 2.52404
6 23 3.31536
6 26 3.36233
7 11 3.12172
7 16 2.71175
7 22 -0.449359
7 24 7.0327
7 27 -2.47197
7 29 2.47197
7 34 -8.17025
7 35 -1.29622
7 36 -2.10127
7 37 8.29046
7 38 6.17775
7 41 -0.394765
7 42 0.74499
7 44 -1.52308
7 45 0.246451
7 46 2.64699
7 47 -7.25144
7 48 2.9136
8 19 -0.376152
8 28 -0.0971057
8 32 13.936
8 54 3.64349
8 65 7.35487
8 71 -4.14515
9 12 2.58569
9 15 1.48078
9 18 6.22951
10 11 4.14515
11 16 2.10932
11 21 5.62328
11 22 -1.76235
11 25 0.37695
11 66 2.03857
11 73 0.0175755
11 79 3.01573
11 84 10.7489
11 85 3.73241
11 92 1.24408
11 104 8.57434
11 109 2.36822
12 18 2.52745
14 17 -3.3724
14 26 -1.23971
14 51 -8.2903
14 67 -4.23235
14 80 -9.68841
14 87 -9.28032
14 94 -1.02044
14 110 -0.10074
14 124 -3.67365
14 136 -1.66751
14 161 -4.43612
14 173 -11.0747
14 239 -14.3
14 247 -8.57661
14 272 -15.2257
14 315 -4.43612
14 355 -11.0747
15 18 3.96918
15 19 -12.3904
15 28 -4.41467
15 31 -2.87715
15 32 -0.349518
16 22 -0.449631
17 26 4.8442
18 26 7.18637
18 31 -0.605202
19 28 1.0671
19 32 -0.0767339
20 30 1.32411
21 22 -0.813674
21 25 0.721363
21 34 -5.27873
21 49 1.5169
21 50 0.0168217
21 60 -0.023346
21 64 1.82768
21 66 1.87919
21 72 3.45696
21 73 -0.0294449
21 81 -0.0468182
21 85 6.83376
22 25 -0.7552
22 34 -1.21064
23 26 2.93164
24 27 -2.22758
24 36 -7.87756
24 37 5.8185
24 39 2.85347
24 40 -0.190075
24 42 2.37738
25 34 -3.01573
25 73 0.0011464
26 31 2.20945
26 33 3.73241
26 43 1.46113
26 51 6.36844
26 52 2.95001
26 55 -2.93164
26 62 0.988751
26 67 5.82793
26 80 -0.775982
27 29 -1.66155
27 36 -3.43706
28 31 0.534694
28 32 -0.390504
28 54 -0.0967048
28 65 -0.0969731
29 36 -2.22758
31 32 1.05976
31 43 0.551821
32 43 3.73241
32 55 -7.15069
32 71 -3.73241
34 46 -1.59418
34 49 -0.139231
34 50 -0.0732832
35 38 -1.08827
36 40 -0.775982
36 42 -2.84455
38 41 -0.267205
39 42 5.07754
39 53 3.20604
40 42 -0.459863
41 47 -0.263649
41 48 -0.512075
41 59 -0.402198
41 75 -2.06719
41 78 -0.255967
42 45 0.273388
42 53 4.14515
42 57 -0.0493025
42 61 2.41658
42 63 4.43282
42 66 0.943623
42 69 0.924411
42 70 1.47101
43 55 -1.95015
44 45 -1.34772
44 48 -1.37165
45 48 2.17997
46 47 -6.00918
46 50 0.257555
46 56 -0.221849
46 58 -2.10127
46 74 -2.78039
46 75 0.197324
47 58 -1.69086
47 59 -0.657057
47 75 -3.91844
48 57 -1.49078
48 66 5.0971
48 78 0.127601
49 50 0.157797
49 56 -2.21884
49 60 -0.943623
49 66 1.18926
49 68 2.80696
49 73 0.104742
49 75 0.803531
50 56 -0.567664
50 73 0.00114742
51 80 -6.13821
53 63 11.2696
53 77 2.26009
53 82 2.58226
53 83 3.01573
53 89 0.378278
53 90 -0.532943
53 93 -1.23584
53 100 0.202936
53 101 0.81317
54 65 5.52851
54 82 4.43612
55 62 -6.5214
55 65 -4.96588
55 71 0.0629529
56 75 -4.3244
57 61 -0.200015
57 66 -1.31822
59 75 -5.53733
61 66 0.20282
62 65 5.91925
62 67 4.66248
62 94 2.1718
63 70 8.24549
63 83 2.91287
63 90 -0.305845
63 91 5.0549
63 100 0.369897
64 73 0.00114653
65 71 -6.3128
65 82 5.423
65 94 1.81446
65 97 -2.71175
65 102 0.127806
65 105 0.117595
65 106 0.305845
65 107 0.296563
66 68 0.434193
66 69 2.85347
66 70 5.78017
66 73 0.427028
66 75 10.3449
66 76 8.5453
66 78 1.63282
66 86 1.57696
66 88 7.48399
66 95 -2.52745
66 96 1.30083
66 103 -2.10127
66 104 4.79295
66 108 4.67052
66 116 3.98492
66 132 2.18115
66 144 2.07283
66 190 0.372742
67 80 -2.08012
67 87 -4.58973
67 94 1.44939
67 110 0.0125929
67 124 0.254621
68 73 0.0122083
68 75 2.95154
69 70 4.43612
70 91 1.75131
70 95 -5.49941
70 96 1.66155
70 98 -4.14515
72 73 -0.0262638
72 81 -0.0468182
73 81 -5.96046e-08
74 75 -5.6651
75 78 1.11091
76 86 2.49531
76 88 5.25123
76 103 -0.767767
76 114 4.60421
76 119 -1.75131
76 120 3.20604
76 121 2.85347
76 126 6.64588
77 82 2.64934
80 87 0.648186
82 101 4.10003
82 105 1.43571
83 90 -0.500431
84 92 4.40676
84 104 14.4493
84 170 14.6985
84 195 6.50229
84 209 6.50495
84 215 13.4383
84 232 4.14675
84 234 1.28155
84 262 7.07481
84 338 2.36822
84 346 3.91844
84 350 2.31952
84 351 3.91844
84 366 2.67545
84 377 8.0172
84 380 1.31866
84 394 -0.637475
84 401 4.80363
84 417 0.764406
88 108 8.20351
88 114 6.31286
88 123 6.6037
88 126 0.270177
89 90 -0.434708
89 93 -0.756976
89 99 -1.16244
89 100 0.538786
90 100 -6.44648
91 98 -4.43612
91 100 4.73789
91 111 -4.43612
93 99 -0.0681817
93 100 -3.19477
93 101 -0.483492
93 113 -3.42607
94 102 0.707931
94 106 2.29344
94 110 1.39293
94 112 0.351257
95 96 -3.57445
95 98 -8.87224
95 103 -4.46695
97 102 -1.88495
97 106 -1.81446
98 103 -3.51343
98 111 -1.78253
99 100 -3.20605
100 111 -11.0747
100 113 1.88061
100 117 5.39544
100 118 -2.41897
100 121 0.148121
100 125 0.215565
100 127 -3.10675
100 138 -0.500904
100 139 -0.0161264
100 142 -0.544168
101 105 3.6666
101 113 3.54602
101 122 -2.77184
101 130 0.369897
101 140 1.50425
102 105 0.249293
102 106 3.57667
102 107 0.752501
102 110 5.22151
102 115 1.66141
103 111 -3.94037
103 119 -0.758016
104 109 1.91493
104 132 3.66323
104 170 7.19914
104 190 0.271806
105 107 3.18458
105 115 1.6095
105 122 -1.74494
105 130 0.696437
105 131 -0.828788
107 115 2.61747
108 123 3.31536
108 129 -10.3356
108 141 -0.226632
108 143 5.02934
108 144 9.73582
108 148 -2.85347
108 166 -0.100129
108 171 -5.15817
108 177 1.32411
108 183 0.227831
110 112 1.50414
110 115 0.511113
110 136 0.092699
111 119 -9.97346
111 121 -3.91844
113 138 -5.32146
113 140 0.0658178
114 123 0.168493
114 126 5.26367
115 130 0.537075
115 131 -2.33545
115 136 0.969149
115 140 2.50305
115 157 0.00769542
115 161 -0.382026
115 164 1.45565
115 168 1.2921
116 132 6.97929
116 144 4.40904
116 190 0.563529
117 118 -1.98633
117 125 0.0379145
117 127 -3.00359
117 128 -0.556185
117 133 -0.121725
117 139 -0.0466546
117 146 -0.0572083
117 156 -0.0374124
117 158 0.31649
117 167 0.190437
117 175 0
117 176 -0.0395709
118 125 -2.02352
119 121 -5.6983
120 126 2.41897
121 126 3.31536
121 127 -2.47197
121 128 -0.3498
121 134 -7.99155
122 130 -0.613779
123 126 1.66082
123 129 -2.93164
123 135 0.648501
123 137 -2.47197
123 145 1.0204
123 149 -0.508972
123 155 2.71175
123 185 -0.126539
123 196 0.00912687
125 139 -0.83064
125 142 -1.20983
125 146 -3.85786
126 134 -2.80198
126 145 4.79272
126 149 -1.58814
126 152 -3.20605
126 185 -0.253078
126 196 0.0121481
127 128 0.0719462
127 133 -4.14515
128 133 -4.65166
128 134 -11.0747
128 149 -4.8442
128 156 0.0773476
128 167 0.0129674
128 174 -4.17966
128 175 -0.411318
128 176 0.00841694
129 135 -0.289934
129 137 -9.76541
129 141 -5.16518
130 131 -2.67213
130 140 4.00144
130 164 0.272121
132 144 1.94792
132 160 5.30056
132 165 0.1935
132 170 4.33828
132 181 5.55219
132 190 3.14223
132 199 2.43304
132 215 4.7178
132 225 0.237119
132 232 3.75109
132 234 0.188779
134 149 7.33313
134 152 -0.232991
135 137 -2.85347
136 161 -4.2512
137 141 -1.21064
137 148 -4.14515
137 153 -1.19502
137 155 -1.42058
138 140 -0.128904
138 142 0.390501
138 150 -0.0856474
138 151 1.62521
138 154 2.41482
138 162 0.440277
138 163 0.267538
139 146 0.144353
140 147 1.35129
140 151 1.80697
140 159 4.30023
140 162 1.82182
140 164 0.417368
140 168 0.0239954
141 148 -7.2982
142 146 -0.0210445
142 150 -0.547414
142 154 0.0678211
142 163 1.55673
142 169 -0.306987
142 206 -0.531608
143 148 -2.58569
143 166 -0.0458959
144 165 1.17707
144 171 -3.43706
144 183 1.27481
144 190 0.560631
145 149 -0.00648437
145 155 3.74248
145 182 3.2312
145 185 -2.37588
145 196 0.0524835
145 207 -0.0557721
145 224 2.03655
146 158 0.20911
146 163 -0.0845479
146 167 -0.00880812
146 169 1.98935
146 176 0.497147
147 159 0.397314
147 162 1.31352
148 153 -4.14515
148 166 -16.6322
149 152 -0.973156
149 174 -3.10466
149 182 -0.116117
149 185 0
149 192 -3.01573
149 196 2.30671
149 224 -0.0224785
150 154 -0.0763478
150 163 -1.65713
151 162 0.501257
151 163 0.14797
153 155 -1.32411
153 166 -0.794069
154 163 2.27674
155 166 -1.54979
155 179 -0.905358
155 180 -8.20545
155 185 -0.340456
155 196 0.0182538
155 197 0.129766
155 207 -0.135515
155 211 -2.52745
156 167 0.0440203
157 161 -0.0161434
157 168 0.0493582
157 172 0.0148294
157 193 0.0139354
158 167 0.0483804
158 176 -0.0449823
159 162 1.89104
159 168 3.20654
159 188 0.972662
159 189 3.70823
159 193 0.140564
159 220 -0.0136651
159 223 -4.9253e-06
160 190 0.176521
161 172 2.22735
161 173 3.41682
161 193 0.00730883
162 163 8.15333
162 188 11.0129
163 169 -1.8112
163 188 0.369897
163 189 0.201297
163 198 6.32391
163 206 -13.8584
163 217 1.63807
163 230 -3.57445
163 233 2.93164
164 168 0.210444
165 183 0.596987
165 190 0.638104
166 171 0.0130614
166 178 -0.00137685
166 179 -5.18868
167 169 -0.0292134
167 175 -0.0622777
167 176 -1.35517
167 208 -0.0584268
167 252 -0.0292134
167 266 -0.0292134
167 268 -0.116854
168 172 0.314473
168 189 0.655142
168 193 1.9012
168 200 0.0263771
168 220 -0.0429899
168 223 0.0749
169 176 3.31209
169 206 1.68574
169 226 -0.560168
169 238 1.30432
169 249 0.14326
169 266 1.85023
170 190 0.350433
170 199 4.07907
170 209 2.52745
170 215 0.533583
171 177 -4.43612
171 178 -1.62114
171 183 -2.96421
171 184 -11.0747
171 186 -5.53733
171 202 2.27159
171 216 -5.53733
171 218 -18.5501
171 221 -0.649917
171 222 -2.19322
171 260 2.10127
171 263 -11.0747
171 303 -0.775982
172 173 3.86568
172 193 0.0280091
172 200 11.0881
172 220 -0.00669805
173 200 1.17267
173 239 2.37269
173 247 3.67894
174 175 0.423564
174 191 0.0324601
174 192 -1.75131
174 194 1.77094
175 176 0.0326861
175 191 1.11731
175 194 -0.0601309
175 208 0.147077
176 208 0.505114
176 219 -1.16954
176 252 3.76687
176 266 2.2903
176 268 3.97454
178 179 -1.79979
178 186 -1.88061
179 180 -0.0294808
179 184 1.67336
179 187 0.196532
180 184 -0.147942
180 187 -7.81483
180 197 -0.129766
181 190 0.176521
182 185 -2.64306
182 196 0.0255147
182 211 -4.8442
182 224 0.182097
182 231 -0.158796
183 190 0.789055
183 221 4.13011
183 222 3.01573
184 186 -2.52745
184 187 1.78559
184 201 0.250268
184 202 -3.31536
184 203 4.69998
184 204 -2.11818
184 205 -0.119699
184 207 -0.386684
185 196 0
185 211 -0.179458
185 224 -0.380997
187 197 -0.0129584
187 201 1.9419
187 207 -0.214102
188 189 4.28532
188 198 7.86245
189 193 0.245601
189 198 3.71108
189 213 9.73694
189 214 3.03703
189 217 0.814205
189 220 -0.0138201
189 223 0.285307
189 230 -3.28252
190 199 0.35435
190 215 1.39424
190 221 5.35251
190 225 0.774189
190 232 1.09736
190 234 2.97283
191 194 -0.0669909
191 208 0.0324087
191 219 -0.0166377
191 229 -0.0148379
192 194 -6.6726
192 196 -2.31952
193 200 0.0823952
193 220 -0.0189501
193 223 0.0386528
194 196 -12.2391
194 208 -0.184992
194 219 0.62347
194 229 0.151217
195 366 0.688123
195 368 2.52745
195 394 -4.97575
195 417 1.92427
195 429 -6.39196
196 219 -3.91844
196 224 1.86243
197 201 -0.00734398
197 207 -0.0286276
198 217 0.832241
200 220 -0.0201466
200 227 1.81446
200 239 2.48358
201 207 -0.331311
202 203 -1.02216
202 216 -6.25986
203 204 -5.05308
203 205 -2.4
203 210 -0.215066
203 212 -0.867703
203 216 -0.181872
203 218 -0.187766
204 207 -1.10372
204 212 -0.023346
205 210 -2.41897
205 218 -0.678055
206 226 -4.60239
206 233 -3.73241
206 242 0.00759019
206 249 3.82668
207 211 -1.12464
207 212 -0.905358
207 228 3.57034
207 237 2.21566
207 240 0.319096
208 219 -2.88269
208 229 -1.43218
209 215 2.78331
210 212 -4.46121
210 218 1.12075
210 228 3.37048
210 236 -0.886457
210 245 1.12462
210 248 1.74931
210 255 -0.475211
210 257 -0.601089
211 231 -3.91844
211 237 -1.23277
211 241 -3.31536
212 228 -1.88061
213 214 6.95918
213 230 -8.28126
213 256 2.06181
213 258 1.14396
213 267 -2.93164
214 223 14.2486
214 246 1.16715
214 258 7.80714
214 282 0.0660365
215 232 2.48681
216 218 2.37173
217 230 -0.905358
218 236 -2.93164
218 245 3.88164
218 254 -3.11157
218 260 -2.16401
218 263 0.616383
219 224 -2.10127
219 229 2.72952
219 252 -0.0946832
220 223 -0.629406
220 227 -1.09132
220 235 -0.275625
221 222 2.09169
221 234 9.09711
221 264 4.14376
221 273 0.964528
221 275 10.0235
221 303 -1.44559
223 235 1.34865
223 246 2.87008
224 229 -10.5716
224 231 -2.55093
224 241 0.369897
224 244 -0.00520325
224 251 2.37332
225 234 5.91451
226 238 -0.803738
226 242 -0.193392
226 249 -0.568546
227 235 0.0200366
227 239 4.27007
227 243 0.0135301
227 246 0.0481924
227 259 0.151086
227 265 -0.268653
228 237 3.05908
228 240 0.434487
228 255 3.10675
228 276 4.76493
229 251 -3.31536
229 252 -1.00607
229 270 -3.63877
229 279 -1.84714
230 233 -4.94115
230 249 -2.6022
230 253 -2.41257
230 256 -2.58569
230 261 -0.301903
230 267 0.746037
230 274 -0.174924
230 282 -0.241585
231 241 -2.27269
232 234 5.41036
233 249 -1.04226
234 262 4.19831
234 264 3.22581
234 343 -0.294569
234 357 5.33428
235 246 0.464696
235 265 -0.209314
236 245 -1.25517
237 241 -0.861314
237 251 -15.2257
237 276 0.0311861
237 278 -0.274059
238 242 -0.0950966
238 249 0.542745
238 266 1.13992
239 243 5.14103
239 246 3.90032
239 247 2.79275
239 259 0.00495176
239 265 -0.0411458
239 272 11.3259
239 315 0.369897
239 321 2.24688
239 355 0.114117
241 251 0.258219
242 249 0.0151803
243 246 0.632129
243 259 0.0157568
244 250 -1.52308
244 251 -0.0648915
245 248 1.12849
245 254 -0.353819
246 259 -0.0744409
246 265 -4.64275
246 282 2.85347
246 298 3.05546
246 321 5.99966
246 328 2.10127
246 333 1.81446
246 341 4.14515
248 254 -6.07686
248 255 -1.65755
248 257 -4.71129
248 277 -4.60479
248 288 -5.5168
248 294 1.54979
249 253 -5.25116
249 266 1.2897
249 269 2.03554
249 271 -2.52745
249 296 0.0835652
250 251 0.775982
251 270 -3.73241
251 278 -3.01573
251 280 12.4217
252 266 4.2357
252 268 1.10372
252 279 -2.58569
253 261 7.06047
253 271 6.30599
253 291 2.01487
253 299 1.00743
253 300 -0.0663844
254 263 -18.4451
254 294 -19.365
254 304 -4.6525
254 305 -4.43612
254 312 -5.53733
254 326 0.27771
255 257 -0.716711
255 276 0.351651
255 277 0.971909
255 285 0.0275208
256 267 -1.39593
258 267 -4.8442
258 282 0.0660366
259 265 -2.30613
260 263 -4.66029
261 274 0.22003
261 282 -0.166022
261 291 6.5223
261 324 -0.426439
261 334 0.713586
261 365 -0.000478263
262 350 0.227834
262 357 0.914335
263 303 -4.14515
263 304 -1.81446
264 273 8.42548
264 343 0.167989
264 357 0.47233
266 268 5.63402
266 269 0.0425987
266 271 -0.863299
266 279 -5.19936
266 283 6.56493
266 287 2.93921
266 293 -11.6526
266 295 0.863849
266 296 3.49302
266 313 0.0010242
266 320 0.000361824
267 274 -0.0572171
267 282 -0.12209
268 296 0.129729
269 271 -2.20961
269 296 0.140755
269 320 0.000120608
270 279 -1.32411
270 280 -3.57445
270 281 -1.98633
271 293 -6.6431
271 299 -5.1336
271 300 -0.0832893
273 275 11.0993
273 326 4.48956
273 331 3.0477
273 343 8.48672
273 361 1.21895
273 362 1.51098
273 369 1.36254
273 391 0.851616
273 392 2.30604
273 397 0.405073
274 282 6.13413
274 334 0.0822118
275 303 -2.21057
275 325 3.01573
275 326 4.08534
276 277 0.189472
276 278 -1.36519
276 284 -11.2286
276 285 0.135306
276 286 9.54475
276 290 -2.71952
276 302 -1.93897
276 305 5.71504e-08
276 306 0.651694
276 310 -3.01573
276 314 -0.0847913
277 285 0.0680235
277 288 -0.148121
278 280 -7.64217
278 284 -9.74363
278 292 -14.8177
278 309 -0.467445
278 310 -0.402198
279 281 -7.3555
279 283 -3.17125
279 301 -2.05157
279 307 -0.943623
280 281 -1.84714
280 292 3.31536
280 297 4.74161
281 297 -3.20984
281 301 -0.249369
281 307 -3.31536
281 311 -0.584119
282 333 6.64453
282 334 -0.289303
282 336 -0.122534
282 365 -0.0402558
283 296 1.07583
283 307 -0.919221
283 311 -2.64699
283 313 0.00206213
283 318 0.173804
283 320 0.000241216
283 322 0.520241
283 323 5.28745
285 288 -12.5154
285 290 -1.52694
285 302 -0.376458
285 305 -3.86509
286 289 5.04106
286 302 -1.74915
286 305 -1.77543e-07
286 306 1.86339
286 314 0.0692209
286 317 -0.00121889
287 296 0.201051
287 320 0.000120608
288 294 -5.20886
288 305 -4.43612
289 302 -5.53733
289 305 0.0378447
289 306 0.422337
289 314 0.855783
289 317 0.00512919
289 340 0.00658942
290 302 -0.00187382
291 299 3.98827
291 300 -1.93861
291 324 -1.05252
291 334 0.667421
291 342 -0.0714214
291 365 -0.000478263
292 297 9.10047
292 309 -9.68841
292 330 5.44598
293 296 -0.430367
293 299 7.43892
293 316 -1.23168
293 319 0.0340037
293 320 0.00973101
294 305 -0.210882
295 296 0.201051
295 320 0.000120608
296 313 0.00103793
296 316 1.76133
296 319 -0.0155385
296 320 -0.0145925
296 323 0.166934
296 327 2.98366
296 337 0.0897696
296 347 -6.73806
296 349 -0.475127
297 308 4.75725
297 311 0.234921
297 330 4.96125
297 335 0.185645
297 345 3.33703
297 364 0.0257337
298 328 0.81228
298 333 6.81871
298 341 5.14371
298 383 0.72799
298 390 -0.228544
298 400 0.0380189
299 300 -1.27785
299 319 2.37418
299 334 0.782295
299 342 -0.180933
299 365 -0.000478263
301 307 -1.02216
302 305 -4.64769
303 304 -4.67884
303 326 -0.305845
304 326 -0.831337
305 312 -1.51623
305 314 0.00181908
305 317 2.06004
305 326 -12.3092
305 329 2.84576
305 339 0.451227
305 340 0.255463
305 344 -0.595118
305 352 -0.560385
306 310 -5.88172
306 314 -0.198215
306 317 -8.00935
306 332 -8.13607
306 340 -1.32411
306 344 1.44559
306 353 -0.682965
306 363 -4.42397
306 371 -0.152836
306 373 0.321795
307 311 0.250192
309 310 -5.71397
309 330 -3.01573
310 330 0.892839
310 332 -5.53733
311 318 -0.469014
311 323 -5.84281
311 335 1.0025
311 348 -1.30083
313 322 0.0146638
313 323 0.0450193
313 327 -0.399477
314 317 0.00619201
316 319 -0.0695255
316 320 -0.0157189
316 349 -0.00566662
317 340 0.013555
317 344 -0.296888
318 323 0.0936007
319 320 6.11674
319 342 -0.462201
319 356 -0.000670366
319 365 -3.72529e-09
320 342 -0.580153
320 347 0
320 349 0.0112558
320 356 0.00149676
320 370 -1.18725e-05
320 374 9.66713e-06
321 341 3.22378
321 355 0.238873
321 379 2.96942
321 384 1.41127
321 386 2.64699
321 399 4.7683
321 404 -2.78039
322 323 2.22042
323 327 -0.346246
323 337 -10.9826
323 348 4.84388
324 334 -3.78828
325 326 7.3555
326 329 -4.8442
326 352 -0.630732
326 361 4.62606
326 367 2.58964
326 369 0.698083
326 378 0.375365
329 340 0.00677751
330 332 -15.9189
330 345 1.00226
330 354 3.82999
330 382 1.03116
330 389 0.241067
332 353 4.3408
332 363 5.01402
332 382 -15.2597
332 407 -2.52745
333 334 -0.300251
333 336 1.02148
333 360 6.17912
333 365 -0.013783
333 383 0.964069
333 385 -0.401929
333 390 -3.46889
334 336 0.249793
334 342 -0.0340797
334 365 0.0125391
335 345 0.595205
335 348 -4.68625
335 354 2.91318
335 358 0.22909
335 364 0.366726
335 381 -0.182313
335 393 -0.224527
335 406 0.562954
336 342 -0.0204354
336 360 1.5197
336 365 0.085783
337 347 -0.273981
337 348 -2.85347
337 356 -0.474344
337 370 2.01858
337 374 0.0309949
339 340 0.00677148
339 352 -0.344206
340 344 -0.716656
340 352 -0.41951
340 371 -4.47986
341 383 0.421863
341 384 1.93764
341 400 0.0123
341 403 0.0115379
341 404 -3.43706
342 356 1.87369
342 365 -0.524665
342 375 0.975582
343 357 -3.08143
343 359 0.00120461
343 362 2.1122
345 354 7.13065
345 364 0.527864
347 349 1.93378
347 356 1.63819
347 370 -0.0150039
347 374 -0.00599691
348 358 -1.78458
348 370 -8.98936
348 381 2.24702
349 356 1.25541
349 370 0.0176171
349 374 0.0843083
350 357 4.41677
350 377 1.21701
351 377 1.60463
352 367 -0.397824
352 371 -0.400057
353 363 2.90289
354 364 0.459201
354 389 0.241067
354 393 -9.74528
354 406 0.0144642
355 379 1.07959
355 399 5.5589
356 365 -0.222254
356 370 0.0464092
356 374 5.10179
356 375 2.36982
356 408 0.0669082
356 411 10.4947
356 413 0.00417314
356 422 0.271589
357 359 0.168279
357 362 0.233254
357 372 3.86935
357 376 1.21064
357 377 3.20429
357 402 5.87148
357 405 8.57096
357 414 2.64943
357 415 1.54979
359 362 3.34584
359 372 0.0240164
360 365 0.0396062
360 375 -1.43198
360 388 2.57126
360 390 -3.08163
360 420 -0.335103
360 431 1.31732
360 448 -0.0583232
361 369 2.88499
361 378 2.43911
361 391 0.954629
361 392 0.21859
361 397 5.97049
361 409 2.06181
361 416 1.7708
361 427 4.71558
362 372 0.0391575
362 387 7.47475
362 392 5.67638
362 402 0.965478
362 414 7.05741
363 367 -0.218763
363 371 0.163948
363 373 -7.90555
363 398 -0.437527
363 407 -0.902153
363 419 -4.7633
365 375 -1.83317
365 388 3.02391
366 394 -0.367537
367 371 3.24374
367 378 2.00818
367 398 2.02409
367 409 0.131734
370 374 2.49734
370 381 -8.98936
370 408 7.75125
370 411 0.0286166
370 422 2.19836
371 398 -0.00115743
374 408 3.37876
374 411 0.212646
374 422 0.436679
375 388 -6.7885
375 411 0.286666
375 413 -0.229511
375 431 0.027011
375 441 0.754407
375 448 0.112345
376 377 3.43706
377 396 3.87419
377 401 0.321795
377 405 1.66135
377 421 3.03206
377 423 -1.44559
378 409 2.22758
379 386 1.74132
379 399 8.81931
380 394 0.637793
380 401 3.24659
380 425 3.54915
380 430 2.2086
380 435 -0.021346
381 406 -10.2188
381 422 -5.53733
382 389 1.8984
382 407 -0.775982
382 410 3.58654
383 385 -0.778574
383 390 -0.635247
383 400 6.96914
383 403 0.705443
383 440 0.190002
385 390 0.360969
386 399 1.39183
387 392 3.00969
387 414 7.20391
387 446 0.523942
389 393 0.18246
389 395 3.99966
389 410 6.28064
389 412 12.6505
389 439 3.53792
390 400 -0.0871932
390 420 5.47898
390 431 0.259649
390 440 0.083633
390 448 0.856099
390 457 4.17149
391 397 3.11818
392 397 3.27226
392 424 2.53291
392 427 1.46491
392 446 2.4667
393 395 0.145626
393 406 0.0403185
393 412 2.09834
394 417 -2.7118
394 425 1.77893
394 429 -0.687271
394 435 -0.298912
394 450 2.37481
394 451 1.61333
396 405 4.80054
396 423 -0.148121
398 409 1.08091
398 419 2.63708
399 400 4.58657
399 403 5.62534
399 404 -1.34281
399 449 2.0806
400 403 5.02382
400 440 4.84584
400 449 2.84847
401 421 1.34772
401 426 0.320578
401 430 0.68557
402 414 4.31228
403 404 -2.63532
405 414 1.39593
405 415 3.46122
405 421 0.746807
405 423 -0.118176
405 436 3.91844
406 412 7.69637
406 422 0.758015
406 428 -4.43525
406 433 0.618144
406 434 1.63282
407 410 -0.163779
407 419 -0.867703
408 422 4.57948
409 416 2.1001
409 418 5.4757
409 419 0.356383
409 424 0.00382952
409 442 2.51355
409 443 1.66976
410 419 2.39814
410 439 5.12741
410 444 0.24241
411 413 2.50587
411 422 3.31536
411 437 2.49876
412 432 9.11148
412 433 3.43706
412 439 7.20939
412 454 1.96443
412 456 -0.0405796
413 437 3.01573
413 441 0.609277
413 455 2.86826
414 436 8.10254
414 446 0.927949
416 418 2.11417
416 427 1.40109
418 424 4.05448
418 427 1.9558
418 443 0.0334111
419 442 0.7714
419 444 5.75764
419 447 0.23981
421 423 -0.0236394
421 430 4.47125
421 436 9.15691
422 434 2.47197
422 437 13.2044
424 427 5.40996
424 438 2.41897
424 442 2.94763
424 443 0.0292546
424 446 1.39593
424 453 8.05025
425 430 1.89595
425 435 -0.021346
425 451 1.34202
426 430 5.6385
428 433 -4.86286
428 434 -0.740165
428 437 -4.14515
429 435 5.22978
430 435 -0.029083
430 436 1.90564
430 451 2.93969
431 448 1.17597
431 457 0.0254596
432 433 2.71175
432 456 -2.56563
433 437 7.38166
433 456 -5.82732
434 437 1.95577
435 450 -0.0624445
435 451 -0.209765
437 456 -0.242411
439 444 2.97036
439 445 3.57569
439 452 0.451047
439 454 2.3359
440 449 0.25216
440 458 4.05279
441 448 0.533847
442 443 0.193449
442 447 1.17799
442 452 3.75453
444 445 1.74975
444 447 0.0730612
444 452 5.06498
447 452 1.47101
448 457 0.481583
449 458 1.68737
450 451 1.05897
454 456 -0.121243
