MULTICUT
0 8 -3.91844
0 18 -5.64339
0 25 -5.53733
0 26 -2.26491
1 5 2.6125
1 9 5.31429
1 11 5.08172
1 16 -1.7728
1 50 5.94017
1 66 -6.46599
1 75 0.463291
2 4 0.0328534
2 10 -1.21064
2 17 -3.12603
3 4 0.158902
3 15 11.0892
3 21 -0.0093701
3 31 1.29494
4 15 0.0439668
4 17 -0.00343875
4 21 -0.0843679
4 22 0.00423979
4 29 0.0624455
4 31 0.734066
4 32 0.0760225
5 9 0.733196
5 19 -9.11179
5 20 -8.57661
5 50 1.25518
5 51 -5.99229
5 68 -8.79019
5 75 1.71886
6 12 0.0713448
6 16 -6.57811
6 30 0.363675
7 10 0.224255
7 13 1.94036
8 19 -13.7643
8 25 1.70612
8 26 -0.169529
8 38 2.11557
10 13 1.15918
10 17 4.30559
10 23 1.7475
11 16 -0.376043
12 14 -4.91184
12 30 1.31636
12 52 -11.0747
12 57 -5.53733
13 23 2.24612
13 34 1.92846
13 41 -0.00778178
13 43 2.22758
13 44 0.780472
13 55 -0.0135105
13 63 -0.0482404
14 15 -4.02105
14 24 -1.56112
14 27 -6.2133
14 28 -1.18107
14 48 -8.15956
14 52 -4.8442
14 57 -11.0747
15 28 1.34772
15 31 0.0197629
15 39 -3.73241
15 42 -0.556157
15 46 -0.0471546
15 48 -4.8442
15 57 -5.53733
15 61 7.75123
16 30 -10.3001
16 54 0.372435
16 66 0.334976
17 22 0.000517299
17 23 1.10864
17 29 0.302728
17 32 0.000900985
17 33 1.23277
17 35 0.101031
17 36 4.6178
17 37 0.0533388
17 40 -0.0142185
17 47 0.0491421
18 26 -0.758016
19 20 1.68868
19 38 -12.2087
19 51 -3.04898
19 62 -6.33741
19 68 -12.4271
19 79 -9.28032
19 82 2.6128
19 86 0.279991
19 90 -0.468854
20 51 -1.51326
21 31 -0.018749
22 29 0.00165462
22 31 0.0129551
22 32 0.0246063
22 35 0.0129759
23 33 4.46306
23 36 0.253237
23 40 -0.00128261
23 41 -2.01884
23 43 0.726502
23 45 3.87756
23 49 0.00039688
23 59 0.0396886
23 60 -0.558231
25 26 -0.0762945
26 38 -0.680826
27 28 0.0116827
27 39 -7.94984
27 48 -8.74338
28 39 -8.11674
29 32 0.0220034
29 35 0.205338
29 37 0.061192
30 54 -6.59454
30 57 -5.53733
31 32 0.659847
31 35 2.00676
31 37 0.0868249
31 42 -0.172058
32 35 0.0808648
32 37 0.0448353
34 43 2.39797
34 44 0.0116585
34 55 0.0966182
34 59 0.054441
35 36 0.0387269
35 37 2.68785
35 42 -0.20186
35 47 2.30683
36 40 -0.0222632
36 47 0.0470975
38 62 0.722426
39 48 -4.8442
40 45 0.00969666
40 47 -0.0396593
40 49 1.42197
40 56 0.0290394
40 60 -0.00722107
41 43 -0.0311278
42 46 -0.00204943
42 47 -0.044068
43 44 0.0114083
43 45 -0.0157656
43 55 1.68532
43 59 0.680938
43 60 0.0957987
43 63 -0.0354462
43 64 -2.37001
43 65 -0.17386
44 55 0.0461335
44 63 -3.27471
44 70 -3.43706
45 49 0.013992
45 53 0.101253
45 60 -4.06073
46 47 0.171979
46 56 0.116553
46 58 1.07986
46 61 -0.442369
46 67 2.65335
46 73 0.0612871
47 49 -0.045559
47 56 -0.484211
47 58 0.00777409
48 57 9.0873
49 53 0.00458027
49 56 1.82258
49 60 -0.057069
49 64 -2.62461
51 82 -0.174749
51 86 -0.0727255
52 57 3.20604
53 60 -0.607858
54 57 -5.53733
54 66 7.46676
55 59 -0.0121679
55 63 0.0204376
55 70 0.0134992
56 58 1.97379
56 64 -2.82867
56 67 0.0390617
56 69 -0.704796
57 61 -15.5108
57 66 -9.68841
57 83 2.19927
57 94 -5.53733
57 99 -0.99266
57 101 0.230026
58 67 0.0233459
58 69 -1.12464
59 63 -1.00507
59 64 -7.64217
59 70 -2.93087
59 74 -1.10372
59 76 -3.2382
60 64 -4.26661
60 65 -2.04257
61 67 -0.943792
61 71 -11.0747
61 99 -5.53733
61 108 -3.91844
61 120 -16.612
61 127 -15.5108
61 141 -7.48749
61 151 -5.53733
61 158 -4.14515
61 165 -3.99925
61 167 -5.53733
61 176 1.07151
61 188 -4.43612
61 202 -0.797325
61 208 -3.57445
61 211 -0.212978
62 82 -0.635286
62 89 0.28847
62 91 1.48954
63 70 0.981675
64 65 2.13286
64 69 1.49683
64 71 1.72077
64 76 3.48863
64 78 2.95657
64 144 -0.0823531
66 75 -6.9017
66 94 -0.010178
67 69 -1.48803
67 71 -1.26521
67 72 -0.160509
67 73 0.0904463
68 75 -13.6136
68 77 -0.0894095
68 79 -5.32982
68 85 -0.00984548
68 87 -0.675063
68 92 -0.106911
68 115 -5.53733
68 124 -0.0394547
69 71 1.59498
69 73 -0.000828655
70 74 0.284974
70 76 0.0185604
70 80 -0.00984629
70 81 1.4596
70 84 -0.022933
71 72 2.01532
71 73 -0.00780291
71 78 13.9371
71 127 6.1488
72 73 -0.0273906
74 76 0.163717
74 80 -0.0208961
74 81 0.0805817
74 84 -0.0118157
75 94 0.0874743
75 115 -0.604669
76 78 6.56438
76 80 -0.0628756
76 81 -1.67773
76 84 -2.24543
76 88 2.18405
76 95 -1.78253
76 98 9.57666
76 109 1.52308
76 144 -0.19122
77 79 1.78567
77 87 0.666341
77 92 0.0848595
78 97 5.05034
78 98 5.76679
78 127 7.04942
78 128 3.41991
78 144 -1.48221
78 146 2.87686
79 85 4.35613
79 87 4.81847
79 90 -18.0965
79 92 0.305181
79 112 -5.53733
79 124 0.358323
80 81 -0.000402808
80 84 0.000969604
81 84 -1.84347
81 88 -4.04814
81 95 -1.49841
82 86 1.01766
82 89 -2.8573
82 90 -0.503669
83 99 -1.01802
83 101 0.241241
83 105 -1.70909
83 106 -0.0110468
83 111 -1.26506
83 116 -3.07667
83 119 0.110933
83 121 -5.63122
84 88 -1.39593
85 87 1.60323
85 112 -9.68841
85 114 -0.355574
85 118 -5.9169
86 90 -0.0683755
87 92 2.69744
87 113 3.31536
87 114 -1.83908
87 124 4.14401
87 161 2.07671
87 173 0.681443
87 177 -0.340722
89 90 0.965536
89 91 2.64277
89 96 -0.0205221
89 104 -0.0432501
89 107 -1.23277
90 93 0.772124
90 96 -1.30058
90 104 -0.0630846
90 112 0.306815
91 103 -2.77184
91 110 5.11292
92 124 3.36195
93 96 -0.00362501
94 101 -14.1186
94 115 -0.0208655
95 100 -0.596229
95 102 -0.00778178
96 104 0.992338
96 112 -0.0235715
97 144 -0.078
98 100 0.114531
98 102 -1.62972
98 109 3.31536
98 117 -4.14515
98 122 -0.879719
98 128 7.28397
98 133 1.33591
98 138 -0.0363268
98 144 -0.171005
99 108 0.366444
99 116 0.0732869
100 102 -1.72631
100 117 -11.0747
100 122 -1.98633
100 128 -0.242059
100 133 -0.806369
100 138 -0.424988
100 150 -0.380984
101 105 -0.406812
101 115 -13.6009
101 123 1.96923
101 134 -0.379028
102 117 -2.10127
103 107 -0.758016
103 110 -0.132481
104 107 -4.93066
104 110 2.2806
104 112 -1.9578
104 126 0.228409
104 131 -0.00626656
104 132 0.526298
104 136 -2.10002
105 106 -0.308242
105 119 -0.468647
105 123 -1.56338
106 111 -0.0236841
106 119 0.168527
107 110 -3.31536
108 116 0.663757
108 120 5.16691
110 131 -0.0052797
110 136 -0.46897
110 139 -4.14515
111 119 -1.33045
112 118 -2.10127
112 132 -5.8692
112 145 -1.06254
113 114 -3.4441
114 118 5.26786
114 129 5.15771
114 153 -9.51472
114 156 -17.3393
114 162 0.4793
114 166 2.43222
114 173 -3.33749
114 174 -3.91844
114 175 -0.831128
114 177 0.137578
114 187 1.86289
114 190 3.84813
114 198 -3.14691
115 123 -4.8442
115 124 -5.53733
115 130 -1.34203
115 137 -3.02639
116 119 -0.0094738
116 120 4.13362
116 121 0.265454
116 135 -0.145027
116 141 -2.14802
116 154 -0.533276
116 197 -0.181316
116 208 -0.181268
117 122 -0.905358
118 145 -1.95015
118 153 -9.68841
118 162 -0.81228
119 121 -2.79586
119 123 1.75877
119 134 -3.48447
119 135 0.100224
120 141 -0.601089
120 151 0.400631
121 125 2.7214
121 135 -1.57482
123 134 -1.92019
123 137 -11.3146
123 140 0.589691
124 130 -4.8442
124 137 -9.43346
124 148 -8.06478
124 161 8.25819
124 179 0.24241
125 135 -0.0589891
126 132 0.0854347
126 136 -0.104712
127 144 -0.071439
127 158 -0.494899
128 133 1.58312
128 138 -0.0165407
128 144 -0.654862
128 150 -3.53451
130 137 -0.50288
131 136 0.0689835
132 136 -3.59885
132 142 -2.14198
132 145 -0.140161
133 138 -0.0336678
134 135 -1.09952
134 140 -0.103616
134 143 0.11553
134 147 -0.236515
134 149 0.222729
134 164 1.34234
135 143 -0.0785632
135 149 -0.0879397
135 154 -1.65183
135 164 -0.365062
136 139 -14.1139
136 142 -3.8448
137 140 -3.43706
137 148 0.305845
137 152 -4.8442
137 169 0.618144
137 171 -0.386023
139 142 -5.53733
139 155 1.88547
139 160 2.76581
140 143 -4.23909
140 152 0.81228
140 169 -8.6408
140 171 -3.31536
140 194 0.649431
140 195 -0.0513913
141 151 -2.29984
141 157 1.51029
141 188 -0.0537913
141 208 -7.7973
142 145 -0.867703
142 155 -5.53733
143 147 -6.01251
143 164 0.0559607
143 186 -0.055951
143 195 0.834398
144 146 -0.0621389
144 150 -1.75131
144 158 -0.0679248
144 163 1.56047
144 170 0.0704567
144 180 0.795288
144 182 -0.649584
145 155 -11.0747
145 162 -3.43706
147 164 -0.234771
147 186 -2.67837
148 169 2.92508
148 179 -4.14515
148 185 -3.73241
148 195 -11.0747
148 196 -10.3815
148 215 -5.53733
148 223 11.3748
148 226 -4.8442
148 270 -5.53733
148 295 -4.8442
148 305 -10.3815
148 323 2.24131
149 154 -0.393899
149 164 0.667892
149 195 0.0605652
149 197 0.29566
149 204 -0.172628
150 163 -5.78732
150 172 1.32411
151 157 -0.135754
151 159 -1.82771
151 167 0.05418
152 171 -5.53733
153 162 -3.8881
154 197 -4.70643
155 160 4.96644
155 162 -1.39705
155 168 -11.0513
155 183 4.43282
155 190 -3.73241
155 192 -0.953984
156 166 -13.9107
157 159 -1.89147
157 188 -0.0432206
158 165 -5.53733
158 176 -9.97346
158 181 -2.94287
158 182 -2.56631
158 205 -0.165034
158 206 -0.133143
159 167 -0.103654
159 188 0.0234506
160 168 -2.91939
161 173 0.5778
161 177 -0.397585
161 179 1.81446
161 185 3.24009
162 174 -0.800598
162 178 -0.239439
162 183 -0.0259924
162 190 0.958177
163 170 -0.030745
163 172 -2.10127
163 180 -0.0153725
163 182 -0.226802
164 186 -2.65904
164 195 0.542971
164 197 0.182046
164 204 -2.94431
165 176 -2.93164
166 175 -4.29803
166 177 0.661894
166 184 -2.22758
167 188 -0.00712556
169 171 -0.381795
169 194 -3.91844
169 195 -4.43612
170 180 0.164137
170 182 -0.0453161
172 180 -4.50027
172 191 -3.20605
172 199 -1.34772
172 203 -0.52001
173 177 -1.94221
173 185 0.888789
173 196 0.17959
173 225 0.0115703
174 178 -0.113483
174 190 -3.10675
175 177 -1.91105
175 184 2.27269
175 187 -3.33213
175 189 -0.0297567
175 193 -1.69086
176 181 -9.17461
176 201 -0.464794
176 202 -0.464993
177 184 -0.704796
177 185 -0.0532863
177 187 0.275156
177 189 0.798515
177 193 3.43706
177 196 0.0120435
177 198 -2.06292
177 209 4.75954
177 225 3.66923
177 248 0.43078
177 257 -0.246451
177 260 0.480029
177 267 0.00632161
178 183 -0.0259925
178 190 -0.800973
179 185 2.85347
180 182 -0.0408508
180 191 1.09733
180 200 -0.0312824
180 205 0.0217139
181 201 -0.53418
181 205 0.235172
181 206 5.73355
182 191 0.2272
182 200 2.6352
182 205 -2.55195
183 190 -4.14515
184 193 -1.44559
185 196 2.49598
186 195 -0.311477
187 189 -0.0184723
187 198 -4.8442
190 192 -1.23398
190 198 -0.353106
190 212 -0.226632
190 216 1.12342
190 222 0.0700632
190 227 0.545457
190 228 -0.533685
191 199 3.01573
191 200 2.42268
191 203 -10.9171
191 205 -0.0383113
191 219 2.96495
191 232 -3.73241
191 242 2.23166
192 207 -6.59025
192 216 -0.210882
194 195 -0.28694
195 204 -4.514
195 226 0.55042
196 223 -8.76265
196 225 0.593076
197 204 -0.0376152
197 208 0.876515
197 210 -4.81879
197 215 -0.924411
198 209 -0.911346
198 212 -5.71204
199 203 -3.56506
200 205 -0.0779006
200 219 0.927168
201 202 1.17279
201 206 -0.0249094
201 211 1.44402
202 208 -6.88981
202 211 2.58862
203 214 2.71196
203 232 2.53932
204 210 -3.57445
204 215 -4.8442
205 206 7.63577
205 213 0.664828
205 219 0.0256603
205 239 0.759873
205 242 2.22871
205 250 0.93651
205 251 -1.25517
205 252 0.797031
205 262 -0.096484
205 271 0.0821669
205 272 0.268342
206 211 -7.02181
206 213 0.664829
206 230 5.91779
206 236 -6.88981
206 244 -6.5214
206 245 -1.27785
206 252 0.0348243
206 261 6.42211
206 277 -4.8442
206 285 -0.297747
206 291 0.138437
206 293 4.96353
206 298 0.0250743
206 312 0.250503
206 322 0.13013
207 216 4.74466
208 211 -13.6068
208 215 -19.6474
208 231 -4.43612
209 212 2.15709
209 222 -0.353819
209 228 2.15181
209 256 -0.0415427
209 260 2.77961
210 215 4.9539
211 231 -0.181473
211 236 1.72077
211 243 0.92115
211 244 2.14198
212 222 -4.43612
215 226 1.32411
215 231 -7.64217
215 235 -12.66
215 238 -9.39003
215 247 -0.94034
215 249 3.38081
215 269 -0.104647
215 270 1.86948
215 295 0.0376238
215 296 0.858649
215 297 0.174877
216 217 4.30998
216 218 -4.8442
216 220 -4.4615
216 224 2.9166
216 227 1.31499
216 229 2.85347
216 233 -8.46898
216 241 -5.53733
216 254 -5.53733
216 255 -4.43612
217 218 -3.57445
217 220 -5.71191
217 221 -0.305845
218 221 -1.16715
218 229 -4.8442
219 242 2.16807
220 221 -1.03412
220 224 -4.14515
220 229 -10.8541
221 229 0.0233459
222 228 -4.14515
223 225 -14.39
223 248 -12.3047
223 267 -1.95015
223 273 3.41827
223 287 6.52433
223 323 3.91844
224 229 0.442887
225 248 2.11793
225 257 -0.0588515
227 228 -1.94358
227 233 -1.2838
227 237 0.669846
228 234 -7.3736
228 237 -4.91631
228 246 2.69123
228 253 -1.16715
228 256 -2.05214
229 240 -5.53733
229 241 -11.0747
230 236 -4.14515
231 243 -1.45903
231 244 -0.071247
231 249 -0.943623
232 242 -7.01485
232 251 2.07329
233 237 -15.0011
233 246 -4.43612
233 253 -9.28032
233 255 -0.132481
233 259 0.483956
233 265 -1.04226
233 292 -0.451047
234 246 -2.96252
235 238 0.818646
235 247 0.359104
235 249 -1.13598
235 274 -0.00164185
235 297 -0.218412
236 244 1.72077
236 245 -0.337785
237 253 1.84714
238 247 -0.0157656
238 249 -2.61355
239 250 2.1352
239 252 10.3125
239 262 1.07873
239 285 -3.59072
240 241 5.84562
240 254 -0.0327853
240 255 -0.0028296
240 264 0.698678
240 275 -1.38249
240 279 6.85009
241 254 -0.235831
241 255 -0.0462552
241 264 3.37943
241 266 0.389423
241 275 -0.190305
241 279 0.404758
241 302 0.000405291
242 251 -0.101248
243 244 2.04386
244 245 -2.88626
244 249 -2.78244
244 258 -0.459664
244 263 0.0122317
244 268 1.35071
244 277 -0.451047
246 253 -1.13572
246 256 -3.72497
246 265 1.14984
247 249 -0.0397211
247 269 1.70117
247 274 5.13575
247 296 -0.244315
247 297 -0.00056175
248 257 -0.0425447
248 267 0.00316674
249 258 -3.87471
249 269 -0.0102697
249 274 0.233177
249 276 0.953804
249 284 -2.97628
249 290 -1.49683
249 295 0.270856
249 296 0.748116
249 297 1.63501
249 299 0.479856
249 306 1.437
249 319 -2.58569
249 330 -3.10675
250 262 0.0594748
251 271 -2.08529
251 272 -2.02352
251 282 -0.434708
251 289 -1.54979
251 294 -0.177511
252 262 0.0894296
252 285 -2.742
254 255 -0.724097
254 264 -0.089613
254 266 -0.0452871
254 279 -0.0459205
254 301 0.0970137
254 302 -2.68658
254 310 -3.32827
254 311 -4.74826
254 320 -0.297813
254 336 -0.246717
254 342 1.1224
254 343 -0.0719962
254 345 -0.568046
255 259 -6.74934
255 264 -0.00848879
255 266 -0.0028296
255 279 -0.0246722
255 292 1.30083
255 301 -0.0970137
255 302 -0.0132027
255 313 0.116595
255 320 -0.289934
255 342 -1.34772
255 348 0.0582977
256 260 -0.481312
256 265 0.00710282
257 260 -4.31947
257 267 -1.57366
257 273 -5.53733
257 280 -3.31536
257 283 -8.97439
257 286 -4.8442
257 288 -5.53733
258 263 -2.63736
258 268 -0.635286
258 276 -4.34467
258 278 -7.3555
258 284 -3.01573
259 292 -2.92888
260 265 0.191463
260 280 5.96282
262 272 -0.630034
262 281 -0.503551
262 285 -4.17641
262 300 2.03889
263 268 0.0986813
264 275 -0.215333
265 280 0.758015
265 292 5.93066
267 273 -1.72077
268 277 -1.98633
268 278 -2.58569
268 284 1.12464
269 297 -0.0205394
270 295 0.0106194
271 272 0.164334
272 281 3.81059
272 300 -0.103052
273 283 2.64261
273 287 4.13799
273 303 4.08832
273 317 0.207488
273 318 -0.226632
274 296 0.0241908
274 297 0.0200732
275 279 -0.910719
277 284 -1.99028
277 290 0.294294
277 291 -0.886457
278 284 -1.44559
279 302 4.42396
279 307 -0.00653066
279 310 2.18624
280 286 -5.53733
280 288 -3.91844
280 292 10.4072
280 308 4.59609
280 313 0.0335458
280 325 7.16785
280 349 0.182406
281 282 0.174814
281 294 0.111423
281 300 -0.0644782
281 309 -0.141629
281 315 -2.8494
281 321 -14.2019
281 331 -3.57445
281 356 -2.22758
281 359 -2.36822
282 289 0.0700327
282 294 0.546928
283 288 -3.41134
283 303 0.167241
284 290 -15.7066
285 298 -0.643312
285 300 -2.91899
286 288 -0.401204
287 317 1.56321
287 323 0.36772
287 334 0.883829
288 303 0.349782
288 308 -6.19773
288 337 -3.62815
288 370 2.78039
289 294 0.182087
290 291 -1.18877
290 293 -9.68249
290 319 0.697944
290 324 0.3908
290 326 0.188411
290 327 -17.2384
290 329 0.732969
290 333 0.0137717
290 341 0.342151
290 353 0.625074
290 365 -1.51041
290 366 0.0718366
291 293 0.276875
292 313 5.8831
292 325 1.27793
292 349 0.0912151
293 298 0.0250726
293 312 0.645353
293 322 0.477629
293 327 0.371819
294 304 -1.05395
294 315 -0.101248
294 321 -0.402198
294 331 0.55042
295 296 0.291734
295 299 0.344099
295 305 -4.42976
295 306 1.61018
295 328 0.0445248
295 332 -0.55898
295 344 0.0336563
296 297 1.09983
296 306 0.515188
298 300 7.61316
298 312 0.310306
298 316 0.0915652
298 322 0.127638
299 306 1.99609
300 309 1.60233
300 312 0.100411
300 322 0.415385
302 307 0.0314931
302 310 2.17898
302 311 -4.25559
303 314 -0.708406
303 317 4.5397
303 318 -2.10127
303 352 -1.88061
303 358 -0.687271
303 370 2.64699
305 323 -8.58127
305 328 -0.0325072
305 332 4.58926
305 338 3.38722
305 363 2.26584
306 330 -3.91844
306 332 0.582573
306 340 -4.43612
306 344 4.66335
307 310 7.11243
307 336 2.2599
307 347 -2.18405
308 313 0.0243196
308 325 2.15802
308 337 1.69933
308 349 0.130995
309 312 0.0652359
309 322 15.5988
309 339 3.94329
309 359 -6.06009
309 374 -5.53733
309 380 3.43496
309 385 1.78253
309 393 -5.53733
309 404 0.722426
310 336 4.44791
312 316 0.341231
312 322 0.48544
313 325 0.454468
313 337 0.136383
313 348 1.07248
313 349 0.172163
313 351 0.265358
313 354 0.0119394
313 360 -2.22729
313 369 3.12771
313 375 5.64128
313 378 -0.0544397
315 321 -4.43612
316 322 0.142565
317 318 -5.2908
317 323 0.0138926
317 334 2.05955
317 352 -2.10127
317 355 5.80974
319 326 -0.192553
319 330 -0.962998
320 342 -0.289934
321 331 -8.25322
322 327 4.51141
322 373 1.57696
322 389 -5.53733
322 391 3.26842
322 396 6.85509
322 404 2.18079
322 412 -5.53733
322 415 2.22758
322 427 3.01573
322 429 2.74158
322 438 -3.43922
322 444 0.00987731
322 459 1.64965
323 334 0.5498
323 338 -7.17015
324 326 -0.0663934
324 329 0.0246531
324 333 0.0260983
325 337 0.05871
325 349 2.12733
325 351 0.0343857
325 354 -0.0180937
325 378 -0.0188627
325 392 -0.101428
326 329 0.985177
326 330 -0.597481
326 333 0.0810091
326 335 -0.0262169
326 340 0.0103486
326 341 1.96414
326 344 -3.31536
326 350 -5.88738
326 353 0.157796
326 365 0.887062
326 366 0.126433
326 368 -0.593386
326 371 -2.24917
327 365 -4.14515
327 373 2.47197
328 332 -0.0565427
329 333 0.0710554
329 335 -0.026213
329 341 1.19905
330 340 -0.0103486
331 346 -2.58154
331 356 -0.787045
332 344 1.86674
332 357 2.41328
332 363 3.62963
332 394 1.32411
332 407 0.982638
333 335 -0.0261905
333 341 0.0186564
334 338 -4.72606
334 355 5.05182
335 341 -0.157241
336 342 -0.116914
336 343 0.443792
336 345 0.00948276
336 347 -3.15326
337 349 1.48767
337 354 1.05337
337 370 -5.64112
337 388 -1.78253
337 390 -2.06878
337 392 0.205237
337 400 0.201963
337 405 3.83418
337 406 1.10613
337 417 0.0772051
338 355 -8.64408
338 363 4.97047
338 384 -3.57445
340 344 -2.93164
340 350 -0.982543
342 343 -0.0519413
342 345 -2.8133
342 347 -2.93164
342 348 -0.237809
342 360 0.826436
343 345 0.0424871
343 347 -0.404274
344 350 4.11572
344 371 -6.94547
344 379 -8.85269
344 382 -13.956
344 394 3.73241
344 395 -4.8442
344 407 1.46237
344 419 5.42241
345 347 -0.010707
346 356 0.0420593
346 359 -1.40593
346 361 -0.742217
347 360 -2.36822
347 362 -5.53733
347 367 -16.612
348 360 -0.951593
349 351 0.0912151
349 354 0.661159
349 378 -8.08271
349 392 -0.456813
349 400 -4.15525
352 355 -2.27269
352 358 -3.91844
353 365 -0.823283
354 392 2.08752
354 400 0.733679
354 405 0.540985
355 358 -1.44045e-07
355 370 -0.639519
355 384 4.65275
355 388 0.0296231
356 359 -1.28887
358 370 -1.81446
359 361 -0.00502771
359 364 -0.0605659
359 374 3.41675
359 380 -3.73241
360 367 -6.56559
360 375 -4.0226
360 381 8.29634
361 364 0.0143177
361 372 -0.00213502
361 374 -0.00392129
361 377 0.000876932
362 367 3.34285
363 384 -6.6812
363 407 1.34573
363 413 -5.38394
363 426 5.46823
363 431 2.50866
364 372 -0.00381519
364 374 -0.221542
364 377 0.00091466
365 366 -0.665338
365 368 -2.23743
365 371 -1.54979
365 373 -5.53733
365 382 -3.93409
366 368 -0.0960054
367 376 2.22758
367 381 -1.41812
367 383 -5.96022
369 375 0.83062
370 388 -0.0296231
371 379 -3.46028
371 382 2.54298
372 374 0.0324191
372 377 0.102866
373 382 -5.53733
373 389 -5.53733
374 377 3.09282
374 385 -5.53733
374 393 -0.177713
374 401 -0.0053252
375 378 0.00461303
375 381 -11.2561
375 408 -5.53733
375 410 -13.4149
375 421 -0.978497
375 425 -2.01716
375 440 -0.588623
375 442 -9.26974
375 457 0.0130024
375 464 -5.53733
376 383 -3.73241
377 393 -0.136381
377 398 2.52465
377 399 -1.38126
377 401 -0.015848
378 400 1.69086
378 421 -1.08914
378 425 -0.377666
378 439 0.800293
381 383 9.88549
381 386 4.32281
381 403 0.202443
381 410 0.0513091
382 387 4.23243
382 389 1.60463
382 395 0.467445
382 397 2.78039
382 411 0.299397
382 419 -3.43706
382 422 -1.41778
383 386 3.37941
384 388 1.12571
384 390 0.27871
384 402 -0.703557
384 406 -1.51386
384 413 4.12096
384 416 0.254828
384 418 -0.00448657
384 420 -3.45372
384 430 -2.04975
385 393 -5.53733
386 403 0.257768
387 389 5.14813
387 397 5.36608
387 411 3.21963
387 412 4.46132
388 390 1.72765
389 391 -19.3559
389 412 0.56723
390 402 -1.56602
390 406 -0.815647
391 412 -9.26974
392 400 4.50388
392 405 -0.0410817
392 424 -0.08547
393 398 2.27135
393 401 2.41851
393 404 -13.956
393 432 1.36542
393 434 0.0761702
398 399 -0.283298
398 401 2.82692
398 409 2.53053
398 434 0.269266
398 447 0.580198
399 409 -0.78463
400 405 -1.01375
400 424 -0.559932
400 439 0.869733
400 452 2.71612
400 458 0.867705
402 406 0.138956
403 408 4.18669
403 410 2.95663
403 414 7.49365
404 429 0.209795
404 432 -7.02519
404 438 -0.174368
404 444 0.0161905
405 406 0.1687
405 417 0.898721
405 424 2.81804
405 451 -5.53733
405 452 -3.65625
405 456 -5.53733
405 466 -5.53733
405 467 9.94508
405 506 -3.43706
405 509 -4.8442
405 522 -4.43612
405 530 -8.97439
405 541 1.04713
406 416 -10.532
406 417 0.739425
407 419 0.0573948
407 431 1.76051
407 436 -5.53733
407 445 -7.5818
408 410 10.5858
408 414 2.09232
408 433 4.98056
408 442 -1.58597
411 412 0.903322
411 422 0.034659
411 423 -2.55744
411 436 0.397429
411 437 4.37101
411 443 0.347041
412 415 -10.3815
412 423 -1.62137
412 428 1.84283
412 437 0.0258302
412 443 0.0279911
412 459 -11.0747
413 420 -0.133938
413 430 -1.72798
413 431 -4.43612
413 435 -3.43706
414 433 2.96354
414 442 -0.580806
415 459 0.500431
416 417 -5.53733
416 418 -0.0148329
416 420 -0.164324
416 430 -0.196847
417 418 -9.28032
417 424 0.0813455
417 430 -4.43612
417 451 -3.57445
418 420 0.0914061
418 430 0.136871
418 453 0.0119703
419 422 -2.02352
419 436 -9.11179
420 430 4.31023
420 453 0.12377
421 425 4.16616
421 439 0.113496
421 457 -0.00433414
422 436 0.134994
425 439 7.24383
425 440 3.22164
425 457 -0.220518
425 469 2.83758
425 472 3.57445
425 480 9.23626
426 431 2.25018
427 438 -2.62682
429 438 -1.3222
429 444 0.00984619
430 435 1.11091
430 446 2.03818
430 448 1.25175
430 449 -1.30083
430 451 -0.557218
430 453 0.455703
431 435 -9.28032
431 445 -3.25977
432 434 1.54278
432 444 -2.71175
433 441 1.66155
433 442 -5.71166
434 444 -4.44249
434 447 0.349936
434 460 1.48486
435 445 -11.0747
435 449 -0.353819
435 454 -5.53733
436 437 3.25098
436 445 -14.9931
436 450 2.93012
436 461 5.51241
436 462 0.36828
436 471 0.354242
437 443 2.04056
437 450 2.21827
438 444 -1.41629
438 459 -0.687789
439 458 5.55321
439 472 2.91494
440 457 -0.00433414
441 442 -2.14198
442 455 4.14515
442 464 -11.4065
442 465 -11.8836
443 450 1.72258
443 459 -10.3815
444 459 8.25131
444 460 -5.53733
445 454 2.29481
445 470 -2.71178
445 471 -3.57445
446 451 -0.594144
446 453 -0.19426
447 460 0.0505113
448 449 -1.08303
448 451 0.0846355
448 453 0.547778
449 453 -2.65478
449 454 -4.8442
449 456 -1.16715
450 459 -15.2257
450 462 1.53396
451 453 1.27625
451 456 5.40144
452 458 2.42565
452 541 -0.856256
452 549 -0.00237759
452 572 0.0840398
453 456 6.3362
454 456 -5.53733
454 470 -0.793914
455 464 -4.43612
455 465 -18.5659
456 466 2.53787
456 468 1.04823
456 470 -5.53733
456 473 1.05656
457 464 -5.53733
457 469 -0.08539
458 472 1.42058
458 480 12.3134
458 517 2.50443
458 534 3.25206
458 545 7.64087
458 547 3.1974
458 549 1.95436
458 567 1.89683
458 572 0.955314
458 585 0.151699
459 460 -15.5108
459 462 -5.53733
459 474 4.87828
459 477 6.21552
459 481 0.667535
459 483 1.92086
459 484 1.53279
459 493 5.11263
459 494 2.34754
459 499 0.416577
459 504 0.458353
459 505 -0.0475339
460 463 3.71545
460 481 -3.91844
460 482 -6.54381
461 462 4.42314
461 471 1.96227
461 479 0.16481
462 471 0.999278
462 474 -4.43612
462 476 0.183363
462 479 0.456393
462 500 -0.151765
463 482 -0.626044
463 489 0.0929251
463 495 -0.406287
464 465 4.76845
464 469 -16.612
464 485 -3.15842
464 490 -0.645469
465 475 0.0544848
465 478 -7.71663
465 485 -2.64259
466 467 -5.53733
466 468 1.91493
467 468 -16.612
467 486 -11.0747
467 506 -4.14515
468 473 0.461702
468 486 3.89368
468 506 -0.189004
469 478 -6.22145
469 480 8.65551
469 485 -5.53733
469 517 0.601089
470 471 -13.0127
470 473 -5.53733
470 487 -0.0731533
470 488 -0.32606
471 479 5.5616
471 488 -5.53733
471 491 2.49731
471 492 -2.85385
471 500 -0.120413
471 501 0.166966
472 480 4.09158
473 486 0.882008
473 487 -5.53733
473 496 -5.53733
474 476 -4.72767
474 483 0.905357
474 499 0.0429335
475 478 -0.961226
476 479 0.0261783
476 483 -3.01573
476 500 -2.2047
478 485 11.4942
478 510 4.13813
478 517 -2.58569
478 521 -0.710328
478 525 -1.66857
478 529 -1.84714
479 500 0.0438296
479 501 1.35053
480 517 3.01573
481 495 7.14564
481 505 -0.311821
481 511 -2.14198
481 512 -0.55042
481 515 -9.28032
481 524 -3.31536
482 489 -0.261815
482 495 0.383709
483 493 1.71265
483 499 1.6043
483 500 -10.7164
483 504 0.295317
483 507 0.95156
483 513 -5.53733
483 516 0.512113
484 493 0.379856
484 494 2.91115
484 504 0.820709
484 505 -0.089437
485 490 2.54424
486 487 -11.0747
486 496 -11.0747
486 497 3.57445
486 498 4.30525
486 503 -9.68249
486 506 -3.14998
486 509 2.34351
486 519 -5.53733
486 522 -0.740165
486 526 -0.0879379
487 488 6.29983
487 496 1.78782
487 503 8.38124
488 491 -14.304
488 503 3.57445
489 495 -2.35014
491 492 -0.132481
491 501 0.424983
491 503 -5.53733
491 508 0.179457
493 494 0.836131
493 499 0.740406
493 502 1.6265
493 504 1.695
494 504 0.108076
498 506 -0.0256275
498 509 0.00856639
499 502 0.185975
499 504 1.92563
499 507 0.015526
499 516 1.20994
499 518 6.25309
499 520 3.64086
499 531 -5.53733
499 536 0.0580779
499 538 -5.53733
499 544 -11.0747
499 548 0.0071668
499 558 -0.00159004
500 501 0.587699
500 508 -0.622647
500 513 -4.54437
501 508 0.901796
501 513 -0.180431
502 504 0.0580553
503 508 -5.53733
503 514 -11.0747
503 519 2.58569
503 522 -3.31536
503 532 -4.43612
503 535 -26.9935
503 537 -16.612
503 542 4.14515
503 546 2.22758
503 552 4.73072
503 560 4.7461
503 563 -8.87224
503 564 3.31536
503 571 -5.53733
503 576 7.62052
503 579 12.8819
503 601 7.21176
503 603 -5.53733
503 614 -3.73241
503 619 2.93164
504 505 -0.0754488
504 507 0.114614
504 511 -9.68249
504 516 0.229948
504 518 1.72668
504 520 0.802064
504 523 -5.53733
504 536 0.0984222
505 511 -0.740165
506 509 -2.83153
507 516 7.02611
508 513 2.69301
508 514 8.64799
508 516 -11.0747
508 527 1.63123
508 528 2.17448
508 532 -1.32427
509 522 -2.5146
509 526 -0.176186
510 521 -0.352473
510 525 -1.25517
511 515 -0.584119
511 523 -1.49683
512 524 -0.305845
513 516 -5.53733
514 527 2.64699
514 532 -2.58569
515 523 1.77787
515 524 0.943623
516 520 5.43992
516 532 -9.97346
516 536 3.20195
516 537 -5.53733
516 548 0.0124555
517 529 -4.8442
517 534 2.41897
517 540 -10.3815
517 545 0.685938
517 551 -5.53733
517 555 -4.43612
517 561 -16.612
517 566 -5.53733
517 585 7.24244
517 588 -11.0747
517 595 -5.53733
517 610 -3.91844
517 615 -4.43612
517 630 -9.97346
517 641 4.81226
517 651 -13.7164
517 657 -4.14515
517 683 -0.975791
517 705 2.93164
517 727 -0.354326
517 738 -12.0376
517 744 -3.93186
517 749 -8.27027
518 523 -11.0747
518 531 -15.2257
519 522 -4.8442
520 536 1.75415
520 543 0.00133979
520 548 0.031209
520 558 0.0147977
521 525 0.71571
522 526 0.34081
522 530 -16.4356
522 535 -0.517023
523 524 0.0976731
523 531 4.636
524 531 1.45943
524 533 5.11332
524 539 -0.0993022
525 529 2.89931
525 540 3.10655
527 528 0.0101158
527 532 -4.61282
528 532 -1.2112
529 540 3.10675
530 535 3.3019
530 541 -9.68841
530 549 -17.6977
530 565 -0.446175
531 533 2.0852
531 538 -0.276207
531 539 -0.0993026
532 537 -14.9459
533 538 -0.550955
533 539 -1.17645
534 545 0.240413
535 546 -5.53733
535 563 -3.83706
535 565 -2.20174
536 537 -5.53733
536 543 0.107032
536 548 0.0867539
536 550 0.0117399
536 553 0.159346
536 558 -0.000219585
537 542 -4.8442
537 553 -5.53733
537 560 -9.28032
537 574 -2.74603
537 575 -2.85672
537 597 -4.14515
538 539 0.0568311
538 544 1.66155
539 544 3.00119
540 551 0.0682218
540 554 -1.45445
540 555 -0.134793
540 556 -0.311526
540 557 -2.84377
540 559 -0.0203375
540 561 -0.0203374
540 562 -2.18405
541 549 0.37372
543 548 4.1368
543 550 5.7036
543 558 0.133412
544 558 -5.53733
544 570 1.83485
545 547 0.472824
548 550 10.713
548 553 0.635286
548 558 2.43316
548 578 3.22361
549 565 -15.5108
549 567 1.92765
549 571 -4.43612
549 572 2.09594
549 585 0.0997069
550 553 2.87361
551 555 -1.5901
553 578 6.5128
553 597 7.04644
554 555 -0.406353
554 557 6.16134
554 559 3.92301
554 561 3.7974
554 562 9.50736
554 581 3.65592
554 588 3.10675
554 589 1.49683
555 559 -0.511792
555 561 -0.571061
556 562 -3.50154
557 562 0.246933
558 570 -10.3815
558 578 0.369897
559 561 4.00247
560 574 -4.8442
560 579 1.54979
561 566 3.91844
561 581 4.98294
561 588 7.32342
562 584 5.82245
562 589 5.06667
563 564 -4.8442
563 565 -0.0629892
563 568 0.103398
563 569 -0.219421
563 571 -2.31542
565 569 -0.163513
565 571 1.68089
565 573 -0.0148576
565 577 -0.0290011
567 572 0.312577
568 569 -0.443938
568 571 -0.350131
569 571 -2.33249
570 578 -5.53733
570 587 -2.42035
571 572 -5.53733
571 573 -0.123378
571 576 -15.9189
571 577 -0.0954174
571 583 0.0471109
572 577 -11.0747
572 585 0.381912
572 596 0.200204
573 577 -3.58301
573 583 -1.64569
574 575 0.00259391
574 579 -5.53733
574 580 -2.16633
574 582 -0.0248352
574 586 -0.102694
575 586 -8.33399
575 590 -0.806121
575 597 -4.43612
576 577 -5.53733
576 583 -4.8442
576 593 -3.57445
576 603 -9.11179
577 583 3.95011
577 592 0.487838
577 596 -5.53733
578 587 -11.0747
578 597 5.02354
578 602 -5.53733
578 622 7.51913
578 624 -5.53733
578 629 -4.14515
578 633 -11.0747
578 634 6.48644
578 638 -8.97439
578 639 -5.53733
578 670 -5.53733
578 676 -4.8442
578 681 -4.8442
578 699 -10.3815
578 700 2.71175
578 701 -3.73241
578 718 -8.58127
578 723 -16.612
578 730 -2.52745
578 733 -5.53733
579 580 -16.612
579 598 -9.97346
579 601 4.35212
579 609 3.01573
579 611 -4.8442
579 619 2.64699
579 625 -4.8442
579 632 -6.6431
579 642 -8.74338
579 644 -4.43612
579 650 -7.85993
580 582 0.0666427
580 586 1.23664
580 594 0.455679
580 598 -0.326021
582 586 0.09566
583 591 2.52745
583 592 0.892134
583 593 4.88565
583 600 -4.5249
583 603 -1.57696
583 613 -1.12464
584 589 3.43706
585 596 12.7533
585 604 8.67236
585 647 6.25986
585 705 6.49793
586 590 1.20814
586 594 0.537278
586 597 -15.9189
586 598 -0.27791
586 605 -0.320635
586 608 1.6069
586 627 -0.012147
586 629 -0.179659
587 599 3.36929
587 602 -4.42968
587 628 -1.86265e-09
588 589 8.84008
588 595 5.1562
588 607 1.08303
588 610 -2.18405
588 615 -5.24331
588 617 1.21064
589 606 4.50116
589 617 1.25517
589 618 -4.24325
589 623 -1.02216
590 597 -11.0747
591 600 -3.21394
592 596 -5.53733
592 600 -5.26522
592 604 -5.53733
592 616 -0.596529
593 603 -3.49143
594 598 -0.522361
594 605 0.107962
594 627 -0.00398184
595 610 -1.57696
596 604 1.98633
597 622 6.28291
597 629 -4.8442
597 634 2.46344
598 605 -0.132049
598 611 -1.72077
599 602 -0.744151
599 612 5.06035
599 628 0.775362
600 613 -0.269663
600 616 2.00168
601 619 1.14578
602 612 -0.000460905
602 624 -1.43441
602 628 -0.0943693
603 613 0.849093
603 614 2.44393
604 616 -2.93164
604 626 -4.64575
604 671 -1.30513
604 673 -4.43612
604 705 3.73241
605 608 -0.185475
605 611 -1.49683
605 620 0.184662
605 621 -0.0901645
605 627 0.982769
605 629 1.87996
607 615 -1.10372
608 629 -0.285899
609 642 -9.97346
610 615 2.27269
611 620 -0.0477831
611 625 -0.0955663
612 628 3.71155
612 635 2.71175
613 614 12.3164
613 616 -0.244217
613 626 4.4859
614 619 -18.6569
614 626 6.42941
614 636 6.93845
614 637 4.01023
615 617 -2.02352
615 618 -0.00380286
615 623 2.3868
615 630 4.32048
615 640 0.00557822
615 643 0.541692
615 646 0.469991
616 626 0.182669
617 623 -0.652519
618 623 -0.00760573
618 646 -1.19597
619 631 4.28643
619 637 -2.58569
619 649 -5.53733
619 655 -7.87756
619 656 -2.71175
620 621 -0.0480563
620 625 3.53472
620 627 3.55195
620 629 0.0168404
621 627 -0.0219506
621 629 -0.0219513
623 646 0.174195
624 628 2.47197
624 638 -1.00226
625 627 7.65844
625 632 10.9252
625 653 -5.96046e-08
626 636 2.02352
626 645 1.72631
626 652 1.96258
626 659 2.36822
626 671 4.91997
626 673 5.95667
627 629 4.47779
627 633 3.57445
627 648 1.30083
627 653 0.0281564
627 654 3.26638
627 665 4.05645
628 635 1.27829
628 638 -9.70023
628 660 -0.980921
629 633 6.81942
629 634 -5.53733
629 639 2.31952
629 648 1.04226
630 640 3.91252
630 651 0.817415
631 637 -5.1625
631 656 -5.53733
632 642 2.4454
632 653 0.0536051
633 639 1.88061
633 648 3.33754
633 654 1.21064
633 665 2.5842
633 675 4.17857
633 676 7.02825
633 681 4.15293
635 660 -1.0056
636 637 1.08303
636 645 4.9539
637 645 3.31184
637 656 7.54474
638 660 6.40509
638 662 9.14328
638 670 3.73241
640 643 6.83776
640 651 1.69731
640 657 1.32411
642 644 4.67052
642 653 0.0571849
642 658 -0.195158
642 661 3.36382
642 665 4.34058
642 668 6.05917
642 669 1.75333
642 679 2.69978
642 680 3.31536
643 646 5.84728
643 657 1.88061
643 663 5.26786
643 666 2.22758
643 672 13.6219
644 650 1.88061
644 658 -0.124194
644 661 1.30813
645 656 3.69159
645 659 2.78331
645 664 5.06279
645 673 2.27269
645 674 1.44559
646 672 7.42665
649 650 2.93164
649 655 2.58569
650 655 3.58271
650 661 1.95977
650 668 1.54333
651 657 3.27738
653 665 0.0595166
654 665 3.67823
655 656 9.63048
655 667 2.85347
655 668 5.7699
655 679 5.13432
655 682 4.55206
655 687 1.69086
655 696 3.70523
656 664 1.53386
656 667 5.94267
656 674 4.08929
656 682 4.14515
656 689 3.31536
657 672 2.6356
657 678 0.128552
657 683 -0.740165
657 684 -12.3673
658 661 -0.497193
658 669 -0.497609
659 673 0.434708
660 662 14.2706
660 670 5.83338
660 688 7.20456
660 706 1.52308
660 707 7.25684
661 668 2.02134
661 669 1.30514
663 672 1.75131
665 675 0.448911
665 677 9.0033
665 680 3.57445
665 681 3.64672
665 690 0.943623
665 691 11.1619
665 697 3.01573
666 672 0.195158
668 679 6.67873
670 688 4.84697
670 700 -5.53733
670 701 3.98162
671 673 1.42058
672 678 5.97734
672 686 6.67126
672 694 5.26751
672 702 3.73241
672 703 0.137518
673 674 5.61463
673 689 -0.000758107
673 698 -0.00498559
673 705 -2.42
674 689 3.12744
674 698 0.0120541
675 681 2.60484
676 681 2.41897
678 683 0.0435273
678 684 -1.72552
678 686 2.50841
678 695 1.40464
678 703 0.85992
678 712 1.39593
678 713 2.33352
678 738 0.70701
679 680 2.36822
679 687 4.6236
680 685 4.5624
680 687 3.98073
680 690 1.72077
680 693 3.94346
680 697 5.94737
680 708 5.24818
680 714 1.75131
680 715 0.337785
681 691 5.33524
681 699 3.10675
681 704 3.20604
681 716 5.58805
682 689 5.07407
682 692 0.219903
682 696 0.774203
682 717 0.485423
683 684 -6.12343
683 695 1.74203
683 713 0.813652
683 727 -0.155443
683 738 0.568527
684 695 -0.186693
686 694 5.72684
686 702 3.45349
686 703 0.337656
686 709 0.14461
687 696 10.4299
687 714 1.69086
687 719 5.21172
688 701 1.36205
688 706 3.78074
689 692 0.738914
689 698 3.99058
689 717 5.33606
690 697 0.849093
691 697 9.36494
691 704 3.20604
691 716 6.31279
691 729 2.74604
691 731 2.52745
691 741 3.91844
693 697 1.42058
694 702 5.07754
696 717 0.652519
696 719 3.8831
696 739 -0.0433751
696 746 10.1943
697 708 0.371604
697 725 4.03319
697 729 1.08303
698 705 -0.00733724
698 717 0.138815
698 728 1.44785
698 743 0.0814269
698 745 0.106771
699 716 3.13761
699 718 1.71761
699 732 3.43706
700 701 -3.43706
701 706 4.98258
701 726 2.84939
701 733 0.230379
702 703 0.477142
702 709 6.97936
702 710 4.76974
702 711 3.31536
702 712 7.8786
702 724 2.18405
702 734 9.0291
702 735 6.77191
703 709 2.2102
703 712 0.315272
704 716 5.96022
705 728 0.00049821
705 743 -8.42029
706 707 6.93417
706 726 11.3639
706 737 3.10675
707 737 10.4955
708 715 0.481647
708 720 1.40022
708 722 0.587687
708 725 4.01187
709 711 1.37165
709 712 4.5953
709 724 3.58126
712 713 10.2978
713 727 -0.066866
713 738 10.3031
713 747 2.93164
714 715 0.24302
714 719 0.0483944
714 722 0.0600098
715 719 0.0983799
715 720 0.320023
715 722 0.135694
716 721 9.94923
716 731 7.8245
716 732 1.44559
716 741 4.8442
716 752 -0.286528
717 728 0.140918
717 736 5.91888
717 739 -0.0134123
717 742 0.441129
718 723 0.943623
718 732 1.26103
719 720 0.52046
719 722 4.04666
719 740 3.73635
719 746 6.75241
719 757 3.74429
720 722 1.38875
722 725 0.663525
722 740 1.56633
723 726 5.85594
723 730 -1.02216
723 732 7.65085
723 733 5.16883
723 748 4.0162
723 754 2.47197
725 729 10.0358
725 740 7.21128
725 741 0.81228
725 751 8.17084
726 733 2.01591
726 737 4.18146
726 753 2.774
727 738 -2.08351
728 736 6.45356
728 743 0.256417
728 745 0.878471
728 750 0.211714
729 741 4.49104
731 741 3.86664
731 752 -0.541697
732 741 4.04293
732 754 6.66405
736 742 4.68296
736 750 0.0719562
736 756 7.36689
737 753 0.026296
738 747 2.28337
738 749 1.07571
739 742 -0.162964
739 746 -0.166428
740 751 4.53627
740 757 2.8739
741 751 13.7468
741 752 -0.25517
741 754 5.16856
741 755 3.10675
742 746 5.65046
742 756 1.70579
743 744 3.42881
743 745 0.921155
743 749 0.604661
743 750 -0.554049
744 749 0.183585
745 750 -0.0251202
751 757 0.618144
