MULTICUT
0 1 1.20667
0 3 5.94667
0 11 1.44975
0 15 0.132161
0 18 0.0327256
0 30 -0.000648401
1 3 1.00401
1 4 3.31536
1 6 1.74453
1 11 4.6044
1 15 0.212098
1 18 0.0520857
1 30 -0.000276017
2 3 7.61075
2 5 1.75131
2 9 4.44055
2 12 -0.283469
2 13 5.35874
2 15 0.384389
2 16 0.0332352
2 18 0.0577882
2 19 0.551795
2 20 4.22395
2 21 3.03084
2 25 0.47372
2 28 0.435566
2 30 0.0058023
2 32 0.0233833
2 33 0.00214203
2 34 -0.0230499
2 36 0.0370652
3 11 2.97389
3 15 0.348244
3 18 0.0953947
3 30 -0.000515948
3 32 0.0112874
4 6 1.67727
4 7 1.53065
4 8 1.26593
4 10 11.7275
4 11 3.81977
4 15 0.297143
4 18 0.0557478
4 27 8.45862
4 30 -0.000487689
4 36 0.0586845
4 38 0.790298
4 45 -6.01971
4 47 0.803757
4 50 4.64787
4 52 -4.14515
6 7 0.150943
6 11 6.9383
6 15 0.582427
6 18 0.111798
6 30 -0.000924337
7 11 0.323319
7 15 0.085721
8 11 7.27489
8 15 0.641048
8 18 0.112571
8 30 -0.000550356
9 12 -4.08663
11 14 0.841703
11 15 0.718622
11 17 1.55538
11 18 0.120491
11 23 0.841932
11 26 0.138296
11 27 1.01662
11 30 0.00377873
11 32 0.0103042
12 16 -0.00415235
14 15 0.155406
14 18 0.0396664
14 30 -0.000332151
14 32 0.0102353
15 17 1.52627
15 18 3.03659
15 22 0.268356
15 23 0.41725
15 24 0.572858
15 26 0.51778
15 27 0.712124
15 30 0.00626986
15 32 0.10535
15 33 0.0204702
15 34 -0.0255636
15 36 1.49168
16 19 0.124972
16 21 0.0781094
17 18 0.059173
17 30 0.000393514
17 32 0.0122315
18 22 0.479969
18 23 0.100639
18 24 2.93408
18 25 1.78991
18 26 0.100639
18 27 0.204611
18 30 0.0903224
18 32 1.51179
18 33 0.0317616
18 34 -0.106195
18 36 0.122839
19 21 1.816
21 25 1.15937
21 28 0.533685
21 29 1.45801
21 31 4.93746
21 37 -4.14515
21 39 -4.43612
21 40 -9.68249
21 48 -3.91844
22 30 0.000607498
22 32 0.024463
23 30 -0.000340417
23 32 0.0122315
24 30 -0.000427388
24 32 0.0122315
25 28 1.48696
25 32 5.49963
25 33 0.0715186
25 34 -0.0756736
25 35 1.72077
25 36 0.23137
25 37 -2.64699
25 44 -8.87224
25 48 -4.43612
25 50 0.323868
25 53 1.60951
25 54 2.64699
25 55 -3.10675
25 58 2.14682
25 59 3.20604
25 61 -3.67184
25 63 -3.31536
26 30 -0.000340417
26 32 0.0122315
27 30 -0.000207623
27 32 0.0122315
27 34 -0.016657
27 36 1.88442
27 50 0.484429
29 31 6.5009
29 42 -10.3815
29 56 -25.6014
29 68 -11.0747
29 75 -11.0747
29 121 -4.43612
29 136 -9.68841
30 32 0.0194947
30 33 0.0375577
30 34 -0.0216017
30 36 0.0157056
31 40 -3.91844
31 41 -4.8442
31 42 -4.8442
32 33 0.555749
32 34 -0.17298
32 36 0.0618727
33 34 -0.00778178
33 36 0.0137331
34 36 -0.0937807
35 44 -2.06181
36 50 1.14278
37 48 -0.418426
38 50 2.77139
39 40 0.0151231
39 43 -0.00756133
39 48 -0.83062
40 41 6.59451
40 43 -2.17433
40 60 -0.767767
41 42 4.60921
41 46 4.95026
41 60 -3.43209
41 70 0.930423
42 46 4.16551
42 56 3.72118
43 48 -7.67753
43 49 -0.83062
43 60 -6.8569
43 70 -4.43612
43 84 -1.42351
44 48 1.00241
44 55 -0.155795
45 52 2.04457
45 57 2.18807
46 56 0.605711
46 70 3.70298
46 82 6.2505
46 99 4.64655
46 114 1.45435
46 130 -4.67818
46 162 0.0620403
47 50 0.748274
48 49 1.78253
48 55 -0.766625
48 62 -12.7577
48 84 1.34002
48 86 0.540066
50 51 2.71175
50 52 -1.23277
50 53 0.259374
50 57 -0.739026
50 64 -7.58221
50 65 -2.93164
50 66 -8.55306
50 67 -5.53733
50 69 1.57453
50 71 -19.1249
50 72 -6.06043
50 74 -6.7805
50 76 -6.34103
50 80 -4.8442
50 93 -5.53733
50 97 -16.612
50 101 -5.53733
51 65 -5.53733
51 80 -11.0747
52 57 3.95839
53 63 -2.85347
53 65 -4.14515
54 58 3.73241
55 61 -10.591
55 62 -3.66654
56 68 1.66155
56 73 0.864888
56 77 1.25873
56 78 -0.323137
56 81 1.30363
56 82 0.302856
57 69 2.77524
57 83 1.04378
58 59 0.687271
58 61 -2.20916
58 63 -5.53733
58 79 2.41897
58 87 -11.0747
58 90 -1.15807
58 107 -11.0747
58 108 -10.3815
58 112 -13.956
58 119 -5.53733
58 122 -5.53733
58 126 -13.8336
59 63 -3.73241
60 70 -0.0417784
61 62 -5.53733
61 90 -0.498305
62 86 -3.73241
62 90 -1.47101
63 65 1.47101
63 79 -3.91844
64 71 -1.34772
65 79 -8.92478
65 80 -6.10249
65 88 -3.01573
65 89 -9.35141
65 113 3.50402
65 116 -2.52745
65 128 -3.91844
65 140 -2.71175
65 153 2.70076
66 67 3.83267
66 76 8.15956
66 80 8.33285
66 88 4.92545
66 103 -1.89586
66 104 0.196037
68 75 0.258872
68 81 2.51561
68 85 -0.00971039
68 92 1.01822
69 83 0.496436
69 101 -10.3815
70 84 -1.73374
70 118 -4.8442
70 129 -5.53733
70 130 -3.91844
71 72 -4.43612
71 74 6.96249
71 91 2.31952
71 93 3.31839
72 93 -5.90902
73 77 3.15199
73 78 -0.067598
73 81 2.21928
73 94 -0.0699333
73 114 -0.410142
73 155 0.533925
73 162 0.0893619
74 76 3.06113
74 93 4.2514
75 81 0.0197278
75 85 -0.0585776
75 92 0.188567
75 121 -0.101248
76 93 4.14515
76 100 1.11912
76 103 -3.10675
76 105 -2.10127
77 78 -0.841943
78 82 -6.54381
78 94 0.219747
79 87 -5.53733
79 89 -5.53733
79 96 -5.53733
79 98 -5.53733
79 116 -0.704796
80 88 5.8308
81 92 3.74155
81 121 -2.22758
81 136 -7.2519
81 145 4.19417
81 155 0.891628
81 165 0.0489946
82 94 2.03295
82 114 1.32736
84 86 1.06063
84 90 -3.43706
84 118 -14.39
84 120 -1.1997
84 130 -5.53733
84 132 -5.53733
84 149 -4.82752
84 150 -4.8442
85 92 -1.72491
86 90 -23.7014
86 120 -0.157147
87 95 0.100391
87 96 0.0886538
87 102 -0.355432
87 106 0.0501395
87 108 2.01224
87 109 0.343664
87 127 0.0447133
88 104 0.100706
88 113 -2.23391
90 119 -10.3044
90 120 -3.95904
90 141 -12.2287
90 150 -2.14198
91 93 3.91844
93 97 5.21632
93 105 -2.47197
93 110 6.6713
93 111 3.10353
93 117 -5.26551
93 124 1.30083
93 125 -1.668
93 134 -4.41316
94 114 1.44113
95 96 0.59708
95 106 -0.0575385
95 152 1.4928
96 98 -0.200561
96 106 -0.176891
96 116 -3.31536
96 128 -4.43612
96 140 -11.0747
96 152 2.52284
96 153 0.480736
96 167 -0.474064
96 171 1.263
96 175 0.0576726
96 193 0.141886
97 101 2.55493
97 125 -1.78408
98 116 -1.91493
100 103 -0.618144
100 105 -0.825449
101 123 -0.284071
101 125 -0.385803
102 109 -0.926931
103 104 -0.374946
103 105 -0.500918
103 113 4.47335
104 113 -1.3661
105 113 -0.568126
105 117 -5.53733
105 124 -2.71175
105 131 -5.53733
105 134 -4.43612
106 109 -0.702404
106 127 -0.886457
106 152 -2.66881
106 156 -0.150718
106 171 -1.63282
107 108 4.3339
108 109 1.55065
108 115 -2.13809
108 122 -2.14198
108 126 -4.59873
108 127 2.83303
108 146 -7.41816
108 174 0.0340534
109 115 -2.60542
109 127 0.269073
111 125 -1.30083
112 119 0.996046
112 126 -0.0671517
112 133 -2.05008
113 134 -11.0747
113 153 1.84093
113 160 -16.612
113 176 3.05837
113 178 -0.0460491
113 179 0.151042
113 181 -2.12917
113 186 -4.8442
114 130 -0.601089
114 155 -0.641671
114 157 -0.163779
114 162 -0.161155
115 127 -1.14632
116 128 -0.601089
117 124 -0.55042
118 129 -3.20605
118 130 -9.97346
118 132 -0.434708
119 133 -0.472342
119 141 -1.39593
119 142 -0.0509459
119 147 -0.417643
121 136 -1.27785
122 126 3.31536
123 125 2.88054
123 138 0.0170182
123 139 -1.16357
124 131 0.0445479
124 134 -1.10501
125 134 1.46658
125 138 0.589108
125 139 -0.225061
125 143 2.43323
125 144 0.905357
126 133 2.03412
126 135 3.28716
126 137 4.4196
126 146 -6.74491
126 151 -4.1342
127 156 -6.85009
127 171 0.178059
127 174 1.10124
128 140 -3.52403
129 130 -8.51506
130 132 -0.304525
130 149 -0.56723
130 154 -6.74965
130 157 -8.26335
131 134 -0.0890958
133 142 0.186846
133 147 -8.51389
133 148 -6.38177
133 151 -3.26618
134 143 2.27947
134 160 -0.248426
135 146 -5.19936
136 145 -3.43706
136 161 -12.4264
136 164 -3.57445
136 168 -4.43612
137 151 -3.5968
138 139 -0.0785888
138 143 1.57691
138 144 0.0329225
139 143 -0.050266
140 153 -3.85258
141 147 -0.48727
141 150 -1.7299
141 163 -1.84714
141 166 -9.68249
141 169 -5.53733
142 147 -2.6109
143 144 0.0164612
143 160 -4.70028
145 155 0.538416
145 164 -1.91493
145 165 0.0750645
145 168 -17.0337
145 182 -0.0314175
145 207 -5.53733
145 224 0.124361
146 151 -0.258219
146 158 0.258219
146 166 -6.6431
146 174 -2.93164
146 183 -1.42058
147 148 0.972662
147 166 -13.0127
148 151 0.140819
148 166 -5.51494
149 150 0.0233459
149 154 1.10312
149 163 -1.27785
149 169 -5.53733
150 163 -1.37165
151 158 -0.467262
151 166 -5.54317
152 171 3.87143
153 167 -1.84167
153 170 0.0395583
153 175 0.0576726
153 176 1.75786
153 205 -4.8442
154 157 0.0856502
154 159 -0.55042
154 169 -10.4006
155 162 0.121222
155 165 -0.283672
155 172 2.21445
155 182 0.733607
155 199 -0.0984052
156 171 -2.28011
157 159 -1.53296
157 162 -1.88061
157 169 -6.70881
158 166 -3.47292
159 169 -6.63072
160 177 0.316234
160 180 0.292287
160 186 -0.105798
160 194 -0.172408
160 200 -0.210691
161 168 -0.58817
162 169 -15.9189
162 172 2.23843
162 199 3.96788
162 208 -5.53733
163 169 -1.75131
164 168 2.64699
165 182 -0.800325
165 199 0.546828
165 213 -1.88061
165 224 1.93504
165 230 -2.10127
166 169 2.51152
166 173 1.17118
166 183 -5.53733
166 185 0.357625
166 187 -0.886457
166 189 -11.5845
166 195 -3.66901
166 196 -2.85347
166 197 -1.37165
167 175 -0.197879
168 188 5.56347
168 203 0.257888
168 207 2.0041
169 184 0.110276
169 185 1.00942
169 189 -3.10675
169 208 -6.25903
170 176 0.0791166
170 205 -3.20605
171 174 1.35051
171 175 -0.0997577
171 190 2.13919
171 191 1.18659
171 192 -4.8442
171 193 2.19601
171 198 -1.19722
171 204 -9.26974
171 210 -4.43612
172 182 0.497223
172 199 0.467967
174 183 1.30311
174 189 -15.9189
174 192 -26.0678
174 197 -0.584119
174 244 -11.9611
174 245 -17.0337
174 263 -3.10675
174 298 -3.31536
175 193 -0.28711
175 205 -3.20605
176 181 -1.52402
176 205 -5.53733
176 206 1.95491
176 215 -4.8442
177 186 -0.0372666
178 179 0.492307
178 181 0.976461
178 211 -7.37165
179 181 0.168702
179 186 -5.53733
179 201 -0.740165
179 202 -4.56193
179 211 -3.91844
180 194 -1.60778
180 200 -0.0763095
181 211 -9.45578
181 215 -8.20364
181 242 -3.38716
182 199 -0.585687
183 187 -3.57445
183 197 -0.83062
184 208 -2.64699
185 189 -2.78039
185 195 -1.25517
186 200 6.74327
186 201 -4.8442
187 197 -0.771094
188 203 -1.82265
189 195 1.50057
189 196 1.12464
189 197 -6.24914
189 199 -5.53733
189 208 4.31462
189 212 6.60614
189 244 -2.78039
189 248 2.02813
189 253 9.09125
189 254 2.31952
189 260 3.03318
189 272 3.12691
189 298 8.3334
190 192 -13.4965
190 198 -0.171467
190 217 -6.23796
190 222 -0.794069
190 227 -7.9563
190 228 -5.30169
190 240 0.794069
190 241 -1.47101
190 245 -1.32411
191 198 -0.0887304
191 209 -0.954026
191 210 -2.71175
191 221 -2.31952
192 227 -3.43706
192 245 3.31536
193 204 -5.53733
193 205 -14.3
193 214 -1.71798
193 226 0.103798
194 200 2.9293
198 209 -0.55042
198 217 -3.20605
199 208 -5.53733
199 213 -4.67996
199 230 -14.5267
199 234 -15.9189
199 235 2.58569
199 248 -5.53733
199 256 -9.68841
199 262 3.99593
199 271 2.06181
199 272 -4.14515
200 201 -3.20605
200 202 -4.8442
200 218 13.8973
200 229 9.46673
200 232 8.35456
200 238 19.3391
200 239 3.73241
200 251 4.79826
200 252 0.982543
201 202 -1.20942
202 211 -8.41866
202 218 -8.35456
202 233 2.47197
203 207 1.96589
203 216 0.973401
203 219 0.30453
203 223 -1.78253
204 210 4.43612
205 206 -11.0747
205 226 -5.53733
205 237 -10.3815
205 249 -10.3963
205 266 4.49379
205 285 -10.3815
206 215 -4.8442
206 220 -9.26974
206 231 -4.43612
206 237 -1.08303
207 223 -2.01984
207 224 -5.53733
209 210 -9.68841
209 217 -2.78039
209 221 -4.43612
209 222 -2.10127
209 228 -15.9558
209 236 -3.43706
210 214 -9.97346
210 221 8.58697
210 226 -5.53733
210 228 -4.87926
210 236 4.5958
210 249 -3.73241
210 250 -2.32411
210 257 -2.31952
210 268 -2.78039
210 270 3.43706
211 233 -13.8919
211 242 -16.0571
211 255 -4.46949
211 269 -1.49683
211 275 -5.73066
213 230 -7.54287
214 226 -0.103798
215 231 -6.03909
215 242 -6.53739
215 246 -4.14515
215 258 -4.1533
215 264 8.92004
216 219 0.0216736
216 223 -3.20605
216 225 -4.30171
217 222 -2.52745
218 232 7.08312
218 233 -12.7218
219 223 -1.66155
219 225 -2.73727
220 231 -0.163779
220 237 -3.73241
220 246 -0.274059
222 228 -1.72077
223 224 -4.8442
223 225 8.53013
223 243 -3.70467
223 247 2.0833
224 230 -14.3688
224 243 -0.0840262
224 247 -8.70467
224 259 -8.71379
224 282 -3.73241
224 295 -6.40504
224 299 0.26731
224 302 -9.98901
224 322 -6.37273
226 249 0.00778166
228 236 -1.49683
228 241 -1.89513
228 257 -0.758016
230 271 -7.91263
230 299 -1.57696
231 246 1.3662
232 233 -3.57445
232 251 9.70143
232 255 -2.97232
232 261 3.43706
232 273 3.20604
232 275 -6.98619
232 287 2.64699
232 292 10.8976
232 316 6.3687
232 325 21.1113
232 328 2.93164
232 332 11.3142
232 335 1.44559
232 343 10.3691
232 368 9.11179
232 371 4.43612
232 372 3.73241
232 377 7.28959
232 382 10.1482
232 400 10.5663
232 418 2.93164
233 255 0.519505
233 265 -0.0847719
234 235 -4.14515
234 256 6.59197
234 262 -4.8442
237 246 4.08562
237 266 -5.37689
237 284 -0.0523201
237 285 -1.83085
237 286 -1.95015
238 239 2.71175
238 251 5.1823
238 252 3.04887
240 241 -5.53147
240 245 -8.76265
240 267 -3.57445
240 277 -5.53733
241 257 -14.4096
241 277 -7.20794
241 290 -0.913757
242 264 -6.44416
242 275 1.06254
243 247 2.40578
243 259 0.333852
244 263 -5.64734
244 298 -6.09204
245 267 -1.75131
245 276 0.674284
245 277 -13.0022
245 289 -0.943623
245 291 -0.305845
245 298 1.34857
246 258 3.48519
246 264 -1.90911
246 279 3.89464
246 286 -0.402198
247 259 6.80728
247 282 8.18612
247 295 4.7667
248 272 0.541225
249 250 -2.14339
249 268 -0.0018709
249 285 -0.157278
250 268 0.0685689
251 252 0.038913
253 260 3.0216
253 272 4.61619
253 278 3.35358
253 283 2.78039
253 298 16.5209
254 298 1.91493
255 261 -2.42306
255 265 -0.592116
255 269 -4.37396
255 275 -0.345567
256 262 -4.8442
256 271 -4.8442
256 274 -3.51956
257 270 -6.93845
257 281 -2.47197
257 290 -4.8442
257 303 -2.27269
257 307 -7.85685
258 264 -0.274059
261 265 -1.95015
262 272 -14.1186
262 274 -2.02352
262 280 -11.8557
262 296 1.00226
264 275 -3.57445
264 279 -0.361131
266 285 -5.53733
267 277 -1.60463
268 270 -2.29758
268 285 -0.757142
269 275 -0.101248
270 281 -2.36822
270 285 -14.009
271 274 -3.14139
271 280 -4.14515
271 296 0.81228
271 299 -0.483906
271 302 -14.5267
271 319 -4.43612
271 338 3.90315
272 278 6.66405
272 296 -2.14198
272 304 -3.10675
272 306 -3.43706
273 275 -2.10127
274 280 -1.37165
275 279 -4.97577
275 287 -4.8442
275 309 -5.53733
276 289 -0.867703
276 298 10.6756
277 290 -2.93164
277 291 -1.52308
277 297 -7.4912
278 283 6.99862
278 288 4.16904
278 294 3.01573
278 304 -7.87756
278 305 -15.5108
279 286 -0.652519
279 293 -1.95015
279 300 -1.84714
279 309 -9.83431
280 296 -3.39582
281 285 -3.43706
281 307 -2.52745
282 295 5.39248
282 301 8.05523
282 302 3.60508
282 318 4.14515
282 322 0.112583
282 333 0.038913
282 336 6.55206
283 294 11.1304
283 298 16.6105
283 317 -13.6021
283 321 3.91844
283 329 3.31536
284 285 0.0553414
284 286 -2.71175
284 293 -2.36822
284 300 -3.91844
285 300 -19.4655
285 307 -0.775982
285 311 -2.71175
286 293 -0.148121
287 292 1.37165
287 309 5.4676
287 316 12.8186
289 291 -1.88061
289 298 -1.91493
290 297 0.0544848
290 303 -6.21586
291 297 -1.81446
291 298 -0.584119
292 316 4.43612
293 300 1.10372
294 305 -7.72139
294 312 -5.57864
294 317 -6.6726
296 306 3.84293
296 314 4.48629
296 319 -12.8548
297 298 -0.321795
297 303 -0.179458
298 303 7.26813
298 308 4.14515
298 311 12.2167
298 313 2.10127
298 317 -5.53733
298 321 14.6735
298 327 3.01573
298 334 4.8442
298 339 3.4069
298 340 9.4616
298 344 5.15782
298 350 6.3687
298 354 2.27269
298 362 2.68591
299 302 -1.89943
300 309 8.94148
300 311 4.04568
300 315 1.21431
302 322 0.562871
302 333 3.57445
302 337 9.64587
302 338 -2.93164
302 361 0.265483
303 307 -1.69086
303 308 0.00778166
303 310 -0.178971
303 311 0.73868
304 305 4.27876
304 306 2.31952
305 306 7.45822
305 312 7.42055
306 312 2.3277
306 314 2.14198
306 317 2.71155
306 320 5.86877
306 330 3.66824
306 345 -4.8442
306 346 -11.0747
306 349 -2.41897
306 359 -1.75131
307 311 -0.674318
309 311 2.52745
309 316 3.57445
309 324 4.8442
310 311 -0.21566
310 313 -0.052526
311 313 0.830396
311 315 12.0545
311 324 3.60463
311 331 10.6169
311 340 2.25018
312 317 3.09027
314 319 -11.4223
314 320 2.23806
314 330 1.98032
316 323 3.57445
316 324 9.10529
316 325 14.7454
316 326 6.02274
316 342 3.40254
316 343 15.2257
316 353 1.91493
317 329 -4.8442
317 341 -0.22921
317 345 -18.6243
317 350 -8.06478
317 351 -4.12408
317 360 -9.95238
318 336 2.18405
319 330 -7.14787
319 338 -6.33108
319 347 -6.19704
320 330 0.915037
323 325 2.78039
324 331 3.20604
324 342 6.67419
328 332 2.85347
330 347 0.116857
330 348 -18.328
330 349 -11.7827
331 340 0.132481
331 342 8.96461
332 335 2.31952
333 336 4.43612
333 337 3.20604
336 337 6.52872
336 355 5.51283
336 357 4.43612
336 365 5.74332
337 338 -5.53733
337 355 3.37279
337 356 1.79067
337 361 5.83701
337 373 1.26859
338 347 4.69264
338 361 -2.22758
338 363 -3.43706
340 342 6.01971
340 352 7.71634
340 354 3.57445
340 362 6.8569
340 366 4.43612
340 367 3.93846
340 375 6.96357
340 398 4.43612
340 423 1.63282
341 345 0.527035
341 351 0.220013
341 360 0.220013
342 343 2.64699
342 352 2.10127
342 353 1.00226
342 368 3.90126
342 369 8.98936
343 353 1.72077
343 368 3.79709
343 371 2.47197
345 351 3.19597
345 358 6.87483
345 359 12.7407
345 360 2.40591
345 364 3.01573
345 374 7.3512
345 378 7.08312
345 384 6.44733
345 391 2.71175
345 402 1.7628
346 349 -3.11875
346 359 -1.63282
347 348 -9.17193
347 363 -4.8442
348 349 1.95015
348 363 1.02216
348 370 4.43003
349 359 3.91844
349 370 7.06259
350 360 3.56791
350 362 2.64699
350 374 2.98581
352 369 8.18915
352 375 2.36822
355 365 3.73912
355 373 1.0366
355 379 1.18877
356 361 0.068087
357 365 1.78253
358 359 6.58437
359 370 4.43612
359 384 7.66566
359 391 4.14515
359 393 4.71418
359 399 6.3975
359 407 7.85993
359 409 -2.06181
359 413 5.8185
359 419 1.14578
360 374 7.21722
361 363 1.54365
361 373 0.632833
361 379 3.91309
362 374 11.5693
362 395 5.53147
362 396 4.43612
362 398 2.22758
362 403 4.9539
362 404 3.93983
363 370 3.60138
363 379 1.44494
363 381 1.75131
365 379 8.38531
365 386 3.93713
367 375 4.24883
368 369 10.696
368 371 3.91844
368 376 2.22758
368 400 5.74978
368 401 4.89093
368 421 11.1816
368 425 4.43612
368 430 7.83689
368 438 3.13925
368 440 5.80527
368 443 11.0413
369 375 11.0663
369 376 8.61714
369 380 6.0953
369 385 4.07083
369 401 5.71134
370 379 3.4441
370 381 2.10127
370 383 7.2519
370 387 0.317688
370 388 2.06011
370 389 9.27288
370 390 -3.01573
370 392 -0.292638
370 393 6.5061
370 397 -3.57445
370 405 8.15086
370 411 -0.337785
370 412 0.678851
373 379 1.16715
374 378 7.05042
374 394 1.49683
374 395 4.43612
375 401 5.51741
375 420 3.13017
375 423 7.39334
375 426 2.56633
375 430 2.57605
378 394 1.21064
378 395 10.6512
378 402 4.73789
378 406 3.46788
379 381 1.01828
379 386 3.59565
379 387 2.4575
379 388 3.57445
379 390 -3.91844
379 392 -0.0730596
379 397 -3.91844
379 408 0.345389
383 393 6.19113
384 391 3.31536
386 387 9.12225
386 408 0.172929
386 410 4.28643
386 412 0.709266
386 424 4.08012
386 427 5.49214
386 437 7.72978
386 439 0.422567
387 397 -2.14198
387 408 1.54411
387 412 0.528878
388 390 -0.867703
388 392 -0.292438
390 397 -1.54979
391 395 3.57445
391 402 9.60161
391 413 17.1169
391 419 1.39593
391 428 8.03304
391 429 3.57445
391 434 2.33217
391 435 0.278952
391 436 -0.924411
391 444 10.387
391 447 2.06745
391 449 7.21954
391 451 -2.68631
391 454 2.78421
393 405 13.0429
393 409 -1.49683
393 411 -0.439469
393 414 5.34514
393 416 4.77356
393 431 3.20604
394 395 1.84714
395 402 2.06374
395 403 4.43612
395 406 5.17862
395 415 6.56412
395 422 16.694
395 429 5.33704
395 433 4.19513
395 436 -2.47197
395 444 1.24314
396 403 2.27269
396 404 1.42058
398 404 1.69086
398 423 0.386023
399 407 2.18405
399 409 -2.31715
399 414 1.52278
400 418 6.83053
400 421 6.5128
400 438 3.73241
400 445 7.82396
401 430 1.72409
403 404 5.90713
403 415 5.49287
403 441 6.50413
403 442 3.10675
403 453 5.75106
404 423 7.71961
404 441 5.92768
404 442 5.53733
405 411 -0.274059
405 412 2.51084
405 414 1.42058
405 424 9.0022
405 431 1.23277
405 434 11.1929
405 450 1.14578
407 413 2.58569
407 414 3.8838
407 417 2.14198
407 428 6.71051
407 432 -1.84714
407 434 0.116857
409 414 -2.29179
412 424 3.73241
413 417 1.04226
413 419 2.28995
413 428 2.55186
413 432 -2.90717
413 435 1.81923
413 449 2.54414
413 451 -1.0862
414 431 1.94635
414 434 2.93912
415 422 16.5291
415 444 3.01573
415 446 -7.53158
417 432 -0.500431
418 445 1.32411
420 423 6.56544
422 446 -3.74308
423 426 5.59075
423 430 7.75148
423 441 10.2352
423 448 7.55595
424 439 0.422567
424 450 3.45775
425 430 6.3794
426 430 1.57049
427 437 1.08303
428 432 -0.567904
428 434 1.91093
428 451 -1.3453
429 436 -3.03957
430 443 6.62017
433 436 -1.57696
433 444 0.195158
434 451 -1.53168
436 444 -5.54687
437 439 2.78039
438 445 7.31045
438 452 4.14515
440 443 1.98633
441 448 2.64699
445 455 2.36822
447 451 -0.14637
449 451 -0.403107
451 454 -0.299428
