MULTICUT
0 1 -1.34772
1 2 -4.2514
1 3 -10.808
1 6 -1.98633
1 7 -4.8442
1 9 2.53172
1 10 -4.43612
1 11 -1.12464
1 13 -8.06359
1 16 -6.93845
1 17 -14.8177
1 21 -8.35456
1 29 -3.91844
1 35 -11.0747
1 41 -12.7218
1 62 -3.57445
1 88 -4.8442
1 98 1.56324
1 103 -1.84714
1 116 -15.5108
1 123 0.141651
1 132 -7.87756
1 143 -0.725945
1 148 0.0726574
1 158 -14.8993
1 162 -3.91844
1 177 -3.31536
1 182 -7.2519
1 189 0.803358
1 200 -6.73084
1 220 -2.85347
1 224 -5.96022
1 227 -5.66272
1 228 -11.0747
1 232 -3.31536
1 244 -4.8442
1 249 -1.95015
1 263 -2.36822
1 264 -2.78039
1 265 -4.43612
1 267 -3.91844
1 276 -15.9189
1 281 -14.1245
2 3 0.616243
2 4 2.40852
2 6 0.190343
2 8 0.0981877
3 4 0.314296
3 5 4.11151
3 7 -1.10372
4 5 6.31754
4 6 3.97325
4 15 4.70772
4 18 0.0409343
4 19 0.621058
4 20 -0.273094
4 22 0.102875
4 42 0.106825
5 7 -8.19661
5 12 3.92888
5 15 6.58545
6 8 2.28379
6 13 4.76401
6 18 0.0174859
6 20 -0.0154952
6 22 0.123625
6 27 0.0912665
7 11 -5.53733
7 12 -4.43612
7 14 -5.52556
7 15 -1.54979
9 13 -4.14515
9 16 -3.57445
9 143 -0.0539697
10 11 -0.722426
10 14 0.646975
10 17 0.872069
10 26 0.280562
10 28 -0.451595
10 34 0.0200356
11 14 -0.584119
13 16 0.292169
13 18 0.00225163
13 22 0.0226098
13 27 0.160999
13 30 0.108957
13 33 -5.53733
14 15 0.975257
14 23 -0.000710345
14 25 -0.46538
14 26 0.521747
14 28 -0.235382
14 34 0.0350998
15 18 0.0162273
15 19 2.02345
15 20 -0.17592
15 23 1.03156
15 24 -1.18886
16 21 2.46037
16 33 -3.20605
17 28 -0.232761
17 31 1.90559
17 35 -0.181693
18 19 0.0831686
18 20 -0.055222
18 22 0.0185623
18 27 0.00225164
18 42 0.0170327
19 20 -0.868252
19 22 0.0161125
19 23 2.06181
19 24 -0.85269
19 30 -0.0172341
19 42 2.71068
19 43 0.461283
19 47 -5.54317
19 48 -2.93164
19 57 1.42058
19 59 1.47101
19 70 -9.12356
19 71 -7.08312
19 79 -1.38815
19 86 -4.50256
19 87 2.06181
19 89 -1.78253
20 22 -11.9715
20 36 -3.73241
20 42 -0.403326
20 43 -0.00979167
21 29 3.8053
21 30 -1.52308
21 33 -11.0747
21 46 -4.8442
21 49 -2.93545
21 51 1.35266
21 54 4.53584
21 58 2.91847
21 62 0.721555
21 67 1.63282
22 27 0.562639
22 30 2.8692
22 36 1.80802
23 24 -0.87753
23 25 -0.303455
23 26 0.115159
23 34 0.00757701
23 43 0.394719
23 48 -8.16853
23 50 -0.699278
23 59 1.27785
23 64 0.272063
23 66 0.174539
23 71 -4.8442
23 74 -3.57445
23 82 0.844216
23 89 -6.6573
23 91 -3.20605
23 102 1.66155
23 107 1.81135
23 117 -11.4092
24 43 -1.36709
25 26 -0.465413
25 34 -0.1255
26 28 -0.378047
26 34 0.0474892
26 37 0.304036
26 38 -0.174804
26 39 -0.706647
26 40 -0.00582261
26 50 -1.62515
26 52 -0.0364207
26 55 -1.84101
26 56 0.514908
26 64 1.79772
26 66 0.361451
27 30 0.409136
28 31 -0.0714491
28 32 0.843825
28 37 -0.177576
28 38 0.160595
28 40 0.000412409
30 33 -5.11826
30 36 2.37217
30 42 -1.04226
30 46 -9.2688
30 47 -4.14515
30 49 1.27785
30 57 -0.289927
30 61 1.76862
30 63 -3.31536
30 69 1.42058
30 70 -4.14515
30 78 -4.43612
30 79 0.141751
30 84 0.533685
30 99 -5.53733
30 109 0.476371
31 32 -1.75365
31 35 -1.88012
31 44 -1.40569
31 45 0.0106524
32 37 -0.047901
32 38 0.913382
32 45 -0.0613257
34 50 -0.824667
34 66 0.0239363
35 41 0.535714
35 44 -0.0564431
36 42 -1.03657
37 38 -0.103059
37 39 -0.0165032
37 40 -0.0198485
38 39 0.00168798
38 40 1.0906
38 45 -0.0184974
38 52 0.0810442
38 53 0.574138
38 56 -0.0402827
39 40 0.00363426
39 52 0.856508
39 56 -0.055023
41 44 -0.140659
41 60 -0.0409139
41 65 1.4538
41 88 0.667097
42 47 -0.451047
43 48 -0.321795
44 45 -0.277391
44 60 2.33401
44 65 -0.123439
45 52 0.933549
45 53 0.16247
45 56 -1.05662
45 60 -0.282292
45 75 -0.166341
46 49 -2.52745
47 57 -0.242411
48 59 -0.0856503
49 54 -2.31952
49 63 -1.54979
50 66 -0.195354
51 58 3.8613
51 62 0.0678723
51 67 0.584119
51 73 1.02216
51 81 2.27599
52 53 0.758824
52 56 -0.877226
53 56 -0.0631799
54 63 -5.53733
54 67 1.39593
54 69 -2.85347
55 56 -2.6395
55 64 -0.867703
55 68 -1.23277
55 72 0.775982
56 72 -1.25129
56 75 0.290209
57 61 -1.12738
57 70 -1.16715
58 67 1.44559
58 73 3.25128
59 71 -0.163779
60 64 0.53127
60 65 -0.184856
60 75 1.53327
60 77 -4.92583
60 90 0.669846
60 93 -7.61591
60 95 -2.83179
60 97 -0.0988393
60 104 -10.6747
60 105 -0.0275701
60 115 2.46506
60 122 -0.397191
60 134 1.02929
60 135 -0.144885
61 70 -3.73241
62 81 0.623235
62 83 2.60956
62 103 3.63117
63 69 -3.59267
64 66 0.406202
64 68 1.00226
64 74 -4.14515
64 76 -10.2081
64 82 0.958999
64 91 -5.53733
64 92 1.91493
64 93 -5.725
64 104 -5.62207
65 88 0.651338
65 95 0.215025
65 96 0.029018
65 97 0.805246
66 74 -0.0544849
67 69 -3.28659
67 73 0.659664
67 78 -4.43612
67 80 4.88571
67 81 1.81446
67 84 -5.07996
68 72 -5.81611
68 76 -4.1034
68 77 -1.14578
68 90 0.740165
69 78 -4.14036
72 75 -0.445402
72 77 1.06254
74 82 -0.451047
75 77 -1.09082
76 90 -1.90763
76 104 1.84714
77 90 -1.06463
78 84 -3.96691
79 86 -5.53733
79 101 0.0449359
79 106 -0.23409
79 109 1.10977
80 81 5.88503
80 84 -0.258219
80 85 2.06181
80 94 2.38268
80 99 -5.53733
80 100 1.93887
80 108 0.0133093
80 109 -1.54979
81 83 0.900342
81 100 0.346868
81 108 0.0216589
82 91 -0.369897
83 94 0.0258826
83 100 1.65782
83 103 2.82094
83 108 0.745631
83 110 2.52745
83 119 1.79301
83 126 0.175587
83 137 0.793625
83 144 -0.880713
83 150 0.374986
83 152 2.16515
83 162 -0.102553
83 164 -0.497721
83 166 -0.846012
83 178 1.53612
83 180 0.106906
83 186 -3.24811
83 192 -4.09226
83 208 2.58569
83 209 2.20549
83 215 -2.6973
83 219 -8.2217
83 227 -4.42667
83 239 -11.0715
83 249 0.631012
83 259 0.686691
83 268 -0.159855
83 269 -4.8442
84 85 -0.81228
84 99 -5.29093
85 99 -5.53733
86 87 -5.99342
86 101 -1.88061
87 89 -3.91844
87 101 1.34772
87 102 1.5153
87 113 -7.3555
87 114 -0.0888715
87 117 -5.53733
87 127 0.290721
87 128 -1.21064
87 138 1.18573
87 139 -6.56412
87 141 -0.177743
88 97 0.471925
88 105 2.09554
88 115 -0.00947061
88 116 0.619963
88 118 0.64967
88 122 0.130281
88 124 0.0208184
88 129 0.00524784
88 132 0.495482
88 136 -0.0160802
88 155 -3.15547
88 158 0.0755177
88 169 0.486649
89 102 -2.64699
91 92 -3.31536
91 107 -2.34444
92 93 -4.42953
92 107 0.380492
92 111 1.52431
92 120 -9.81587
92 121 -4.43612
92 130 1.75131
92 133 -0.208444
92 147 2.15476
92 149 -8.76265
93 111 -18.7848
93 134 -10.6307
94 100 0.930806
94 108 0.36129
94 109 -1.99145
95 96 0.144465
95 97 0.296644
95 105 0.23965
95 112 0.633932
95 115 -0.0292374
96 97 0.334887
96 105 0.136439
96 115 -0.015641
97 105 0.702747
97 115 -0.0447453
98 103 -16.6977
98 123 1.4499
98 143 -0.544566
98 148 0.0245846
98 189 0.22679
99 109 -6.16014
100 108 0.0621885
101 106 -2.02953
101 113 -2.52745
102 117 -0.905358
103 110 7.0869
103 123 -3.43706
103 137 7.30623
105 112 0.83502
105 115 -0.0726676
105 124 3.05093
105 129 0.595908
106 109 -1.13933
106 113 -3.91844
106 114 -2.43884
107 117 -3.73241
107 120 -6.44674
107 127 0.525867
107 130 -0.910329
108 109 -0.015881
108 119 1.86288
108 125 -4.8442
108 126 0.067668
108 131 -2.10127
109 114 1.62165
109 125 -11.9966
109 131 0.905357
109 151 -8.06359
111 121 -20.2403
111 134 1.47101
112 115 -0.0129633
112 124 0.231067
113 114 -5.53733
114 128 -4.87457
114 141 1.00914
114 151 -4.8442
114 154 -5.56329
114 156 1.98633
114 167 0.029735
114 173 -5.53733
114 181 1.43048
114 185 -5.87439
114 197 -9.68841
114 212 1.28572
115 122 -0.211105
115 124 -0.0157235
116 118 0.973193
116 132 1.80171
117 127 -3.01573
118 132 0.91208
119 126 2.782
119 144 -0.386509
119 152 0.0611253
120 130 -1.37165
121 133 -25.6252
121 134 -13.1855
121 160 -4.33078
122 124 -0.304244
122 135 -2.53632
122 136 -0.2263
122 155 -0.480429
123 137 -4.14515
123 143 -1.66463
123 148 0.132283
123 162 -1.78253
123 189 0.336312
124 129 1.24563
124 136 1.3729
125 131 -2.41897
126 131 -0.274059
126 144 -1.92534
126 151 -7.87756
126 152 0.84566
127 130 -0.43551
127 138 0.581442
127 145 -8.64408
127 146 0.639454
128 141 -4.56551
130 146 -0.443455
130 149 -1.23277
131 151 -1.10372
132 158 2.14713
132 169 0.541653
133 140 -19.1035
133 147 -0.416888
133 160 1.25517
134 135 -0.289769
134 142 -4.07083
134 157 0
134 160 0
135 142 -2.72503
135 155 0.76078
137 150 4.36008
137 162 0.740165
138 139 -8.31773
138 141 1.23277
138 145 -4.14515
138 153 1.49718
138 168 -4.8442
138 170 -4.8442
138 179 0.258219
138 184 0.652519
138 199 -9.97346
138 205 -4.43612
138 206 0.722426
138 216 1.04226
138 234 -8.31773
138 236 -9.45578
138 250 -1.69086
138 251 -0.83062
138 260 -1.91493
139 141 -8.97439
140 147 -8.41537
140 159 -21.4562
140 160 -14.5267
140 191 -8.17006
141 154 -7.68358
141 167 0.029735
141 168 -2.31952
142 155 -2.35719
142 157 -6.50129
142 163 0.76385
143 148 -0.294552
143 162 -2.41897
143 189 -2.68254
144 152 -6.84627
145 146 -5.83368
145 153 -3.91844
146 147 2.83434
146 149 -6.31809
146 153 2.41897
146 165 -5.15121
146 170 -8.76265
146 184 0.81228
146 190 0.0798501
146 205 -2.93164
146 206 2.57679
147 149 -10.135
147 159 1.01987
147 165 -5.05051
147 171 -0.838583
148 189 0.0482731
150 162 4.03789
150 166 -0.159639
150 183 0.934078
151 152 -4.8442
151 156 -6.99862
152 156 -4.07472
152 164 -5.35196
152 173 -5.53733
152 178 1.57297
152 181 -1.91493
152 186 -0.650836
153 170 -0.618144
154 167 -9.89139
155 163 -1.20252
155 169 -3.59533
156 173 -6.24014
157 160 -0.810406
157 161 -5.59325
157 163 -0.171133
157 169 -0.211314
157 172 0.568148
158 169 0.34742
158 177 1.37758
158 182 1.03954
158 195 0.0929242
159 171 -0.279592
159 174 -6.7261
159 191 0.101247
160 161 -5.99227
160 175 -4.64167
160 187 -2.4326
160 191 0.905357
160 194 1.27785
161 172 -1.02216
161 175 0.924411
162 183 3.48333
162 189 -6.69884
162 192 0.0445821
162 208 -1.10561
162 227 0.483118
163 169 1.02242
164 178 -6.51688
165 171 -4.8442
165 190 -3.91844
166 180 -0.0672857
166 183 -0.384255
167 168 -5.53733
167 179 -0.905358
167 185 -4.31656
168 179 -7.97284
169 172 -0.506697
169 176 -3.47535
169 177 0.0722593
169 182 0.127849
169 195 1.71265
170 184 -5.67572
171 174 -3.43706
171 190 -1.00232
172 175 -2.51508
172 176 0.356298
173 181 -7.50156
174 190 -9.68841
174 191 -12.6047
174 217 -3.73241
175 176 -3.63152
175 193 1.32411
175 194 -1.02316
176 193 -2.402
176 195 -3.85156
177 182 1.32878
178 186 -3.59178
179 185 -2.41897
179 199 -10.2439
179 202 -1.52308
180 183 0.580571
180 192 -0.0918832
181 186 -1.91493
181 197 -12.2366
182 188 1.33241
182 195 0.0942529
182 196 -0.726528
182 200 1.635
183 192 0.0232732
184 205 -7.26317
185 202 -3.20605
185 212 -0.434708
186 197 -5.53733
186 209 -13.0744
187 191 -2.60515
187 194 -6.41209
187 198 -3.31536
187 204 1.12464
187 207 -3.57445
190 201 -12.7075
190 203 -0.0389131
190 206 0.1597
190 210 -3.10675
190 214 -3.73241
190 217 -0.178336
190 230 -0.0894905
190 245 0.178981
191 207 0.369897
191 214 -0.517023
191 217 0.886457
192 208 -1.57696
193 194 -0.327063
193 195 2.41897
193 198 -4.77154
194 198 0.958571
195 196 -4.45719
195 198 -6.21865
195 211 0.27887
195 218 -3.37541
195 220 -10.0375
195 222 1.18877
195 229 -12.0961
195 232 1.10372
195 240 -13.2889
195 243 1.98633
195 247 -2.01939
196 200 -0.933423
196 211 -0.210806
196 213 0.227214
197 209 -11.0747
197 212 -4.74906
198 204 -15.7586
198 222 -3.53015
199 202 -5.53733
199 216 -7.28959
200 211 -0.05214
200 213 -0.125735
200 224 -0.02607
201 203 -4.14515
201 225 -5.53733
201 245 -5.04963
202 212 0.00778166
202 216 -0.81228
202 221 -5.96022
203 210 -3.57445
203 223 -0.708044
203 225 -1.81446
204 207 -13.116
204 222 1.60463
205 206 -8.64408
206 210 -5.53733
206 223 -2.21225
206 234 -16.7451
206 238 -4.43612
206 248 -0.356585
206 252 -3.15313
206 255 0.337785
207 214 -19.0371
207 222 -5.34512
207 229 1.81446
207 231 -4.43612
208 219 -5.17722
208 227 -1.50384
209 212 -1.18877
209 215 -8.51182
210 223 -8.13966
211 213 -0.494596
211 218 -1.50591
211 220 -2.35743
211 224 0.845692
212 215 -3.10675
212 221 -7.46051
212 226 -16.4335
214 217 -3.77484
214 230 -13.8919
214 231 1.37165
215 226 -7.65085
215 235 -15.5506
215 259 -2.38166
216 221 -3.31536
216 233 -1.88061
216 236 -7.45227
218 220 1.72077
219 227 0.63742
220 224 -1.66057
220 232 -3.03385
221 226 -4.43612
221 233 -9.37472
222 229 -2.63742
223 225 0.402198
223 237 -1.60463
223 238 -17.8672
223 246 -1.95015
225 245 0.386023
225 246 -5.53733
225 266 -0.962998
226 233 -1.52308
226 235 -9.97346
226 254 -5.53733
226 270 -5.53733
226 274 -6.10249
226 287 -4.26768
226 289 4.41278
226 293 -5.2908
226 302 -7.02825
226 308 -5.53733
227 249 0.00295621
228 235 -8.85269
228 244 2.27269
228 249 -3.73241
228 269 8.06359
228 289 4.43612
228 308 -2.78039
228 318 3.57445
228 325 2.85347
228 333 -3.91844
228 338 -2.63162
228 342 2.48903
228 344 2.10127
228 348 -7.08741
228 350 -10.2573
228 354 -0.205738
228 355 -3.20605
228 360 -1.91493
228 362 2.83657
228 365 3.96658
228 368 -14.6807
228 369 -10.3815
228 375 -2.5955
228 381 -8.41866
228 386 7.01151
228 394 3.20604
228 429 -4.8442
228 437 -3.31536
229 231 -13.2455
229 243 -3.01573
229 247 -0.116857
230 231 -7.58221
230 241 -8.18052
230 242 1.52308
230 245 -1.48466
231 242 -4.32604
231 243 1.37165
232 240 -5.13832
232 263 -1.16715
233 236 -5.53733
233 250 -1.88061
233 254 -6.42081
234 251 -3.91844
234 255 -2.41897
234 256 -3.43706
235 259 0.0800932
235 268 -0.832667
235 269 -7.95095
235 289 -14.8141
236 250 -10.4572
237 238 -4.14515
237 246 -4.8442
237 253 -4.43612
237 257 -0.775982
237 258 -1.95015
238 248 -3.10675
238 253 -1.42058
239 249 -0.333591
240 243 -5.03324
240 263 -0.601089
241 242 -14.8071
241 245 -6.63421
241 261 -10.3815
241 263 -2.71175
242 243 -9.81949
242 263 -0.83062
243 247 -1.14578
243 263 -3.42298
245 261 -0.195158
245 263 1.17154
245 266 -8.97265
246 258 -13.5466
246 266 -1.54979
246 278 -4.43612
248 252 0.284866
249 269 -4.14515
250 254 -4.43612
250 260 -3.91844
250 262 -7.79652
250 270 -1.34772
250 271 0.289934
251 256 -0.305845
251 260 -0.337785
252 253 -14.6103
252 255 -2.10878
252 256 -0.337785
253 256 -2.18405
253 257 -4.15111
253 258 0.340226
253 260 0.403607
253 273 -2.94677
253 275 -0.353819
253 279 -2.71175
253 285 -0.265101
253 286 0.0344686
253 290 -8.12302
253 291 -2.71175
253 299 -0.226632
253 300 0.0140297
253 310 -4.8442
254 270 -3.99063
255 256 -0.0389131
256 260 -2.93164
257 258 -0.170113
258 275 -7.15484
258 278 0.886457
258 283 2.31952
259 268 -0.320041
260 272 0.3644
260 279 -1.25517
260 285 -0.324385
261 263 -2.73654
261 277 -2.41897
262 270 -2.58569
262 271 -5.53733
262 274 -0.962998
263 264 -11.1584
263 266 -1.47101
263 277 -2.06745
263 284 -7.14923
263 307 -5.72747
263 309 -4.14515
263 316 -1.44559
263 323 -0.337785
264 265 -13.8186
264 281 -6.14602
264 282 -18.5501
264 323 0.402198
265 267 -2.93164
265 276 -5.40361
265 282 1.04226
266 278 -1.87717
266 280 -4.43283
266 283 -0.345984
266 284 0.692827
266 288 0.357891
266 292 -0.110625
267 276 1.34772
268 269 -4.8442
270 274 0.517023
271 272 -17.4095
271 274 -3.94786
271 296 -3.4576
272 274 -7.28959
272 279 -3.73241
272 285 -2.26726
272 287 -1.23277
272 293 0.0211337
272 294 -4.14515
272 296 -4.43612
272 300 -0.0320251
272 306 -7.95095
272 311 -3.57445
272 313 -0.0409072
272 315 -4.75769
272 326 -17.327
272 337 -2.14935
272 345 -2.34247
272 364 -0.987112
273 275 -2.99409
273 283 0.451047
273 291 -7.65482
273 301 -0.0856503
274 287 -1.54979
274 296 1.88061
275 283 -2.64699
276 281 -1.88061
276 282 -18.8059
278 283 1.44164
278 288 -0.126541
279 285 -0.0862551
279 286 -1.44266
280 284 -2.20832
280 288 -2.64699
280 292 -0.0898318
281 282 0.0700632
281 323 -0.301123
281 332 8.43567
281 384 -8.25549
281 389 -3.57445
281 427 -3.10675
281 440 -1.69086
283 288 -0.830505
283 301 -2.23292
283 305 -1.83088
283 319 0.238261
284 292 0.0758961
284 295 -4.15873
284 307 -0.135823
284 312 -0.0679113
285 286 -0.0488242
285 294 -0.0862488
286 290 -1.63282
286 294 -2.81079
286 300 0.779973
286 304 -0.131443
287 293 -1.42058
288 292 -0.0979432
288 297 -13.7733
288 305 0.820702
288 312 -2.95242
288 319 -0.0321794
288 320 -5.71204
288 335 -8.98936
288 336 -0.775982
288 357 -1.60463
288 371 -11.0747
288 387 -0.303666
289 308 -7.4912
290 300 -1.00226
291 299 -1.98633
291 301 -6.83916
292 295 -0.0111074
292 297 -0.0111682
292 298 0.0445514
293 302 -3.31536
293 306 -5.53733
293 308 -3.57445
293 313 -1.03546
293 341 -4.43612
293 355 -0.802327
293 377 -9.97346
293 403 -2.41897
294 300 -3.04984
295 298 -1.24785
295 303 -0.0223009
295 312 -1.87169
297 298 -7.82314
297 303 -1.14233
297 312 -0.470033
298 303 0.344693
299 301 -1.00226
299 310 -2.02352
300 304 -0.417231
300 310 -6.96428
300 311 -0.613156
300 315 0.191877
300 317 -0.0320229
301 305 0.01837
301 310 -6.05193
301 314 -4.14515
301 317 -6.8569
301 319 -0.0588821
301 330 -1.66155
301 334 -3.01573
301 337 -8.85269
301 343 -0.924411
301 359 -15.9331
301 363 -4.14515
301 364 -1.52308
301 370 -4.8442
301 372 1.02216
301 374 -0.542183
301 382 -8.87224
301 387 -5.78539
301 396 -5.53733
301 402 -1.54406
301 407 -21.4562
301 423 -2.85347
301 433 -5.53733
301 448 -2.10127
302 308 -1.92952
303 312 1.33825
305 314 -2.58569
305 319 -0.210417
305 329 -0.145492
305 335 -5.42349
305 374 -0.582045
306 313 -4.71724
307 309 -0.179458
307 312 0.517337
307 321 -4.55203
307 327 -0.00336447
307 331 -1.76325
308 333 1.49683
308 355 -9.68841
309 316 0.483906
309 321 -19.0852
309 322 -4.48078
309 324 -10.5996
309 339 1.63282
309 361 -5.53733
310 317 -0.183087
310 330 0.72652
311 315 -0.0637814
312 320 -3.8298
312 331 -4.72555
312 336 0.487565
313 326 -1.21064
313 341 -3.28333
313 345 0.336007
313 358 -1.75131
313 364 0.0245907
313 377 -5.74241
314 329 -2.27387
314 334 -0.0718022
315 317 -0.481503
315 328 -2.06181
315 337 -0.12035
316 322 -0.982543
316 323 -2.9642
316 324 -5.10872
316 332 -3.20926
316 347 -2.84333
316 349 -0.00540687
316 356 -0.00478572
316 367 0.860437
316 380 -0.0138078
316 383 -0.215636
317 328 -1.10372
317 330 -6.45771
317 337 1.83826
317 359 -1.71301
317 370 0.016282
318 338 -3.62815
318 340 -4.12965
318 346 -1.72077
318 348 -2.06181
321 327 0.674718
321 352 -0.0989225
321 361 1.96571
322 324 1.04226
323 332 -0.602245
324 339 -6.98271
324 347 -0.0583803
324 349 0.874925
324 356 -0.00075282
325 338 -0.886457
326 345 -0.692644
327 331 -0.229966
327 336 3.78018
327 361 0.541512
327 378 -2.23286
327 387 2.25287
327 391 -6.50413
328 337 -3.62799
329 334 0.287202
329 335 -1.12491
329 357 0.540751
329 363 -2.41661
329 371 -7.77884
329 374 0.366459
329 387 1.08303
329 396 -5.17299
330 337 -0.0791717
330 343 0.536712
330 359 1.37544
331 336 -2.08992
332 367 -1.39593
332 389 -17.7156
333 344 -4.8442
333 355 -5.20802
334 363 -0.0717986
335 357 -0.540751
336 387 0.820196
337 364 -0.982543
338 340 1.69086
338 342 -5.07317
339 356 -14.7792
339 361 -5.53733
339 376 -11.0747
339 393 -10.2994
339 405 -6.92499
339 410 -0.81228
340 342 -8.4854
340 346 1.69086
340 351 -1.78253
342 350 -9.50687
342 351 1.21064
343 359 0.454626
344 355 -2.85347
345 358 -0.722426
345 364 0.132481
346 348 1.63282
346 353 -2.27269
347 349 -1.17859
348 353 -12.1447
348 354 1.16715
349 356 1.13058
349 367 -0.022339
349 380 0.113556
349 383 -0.000435871
349 388 0.00843283
350 351 -3.73764
350 360 1.69086
351 353 1.57696
351 360 -1.81446
352 361 -0.363645
353 354 -1.84714
353 360 -8.79278
353 362 1.54979
353 366 -0.83062
354 362 -1.64637
355 369 -10.3815
355 373 -19.4292
355 390 -0.869929
355 398 -10.3815
355 399 -14.2807
355 403 -5.54317
355 413 -14.1186
355 414 -0.517285
355 419 -5.53733
355 422 -0.258643
355 425 -4.14515
355 435 -3.91844
355 438 -0.369897
355 443 -7.4912
355 454 -6.85009
355 455 -4.14515
355 456 -2.93164
355 472 -5.53733
355 473 -4.43612
355 484 -1.09913
356 367 -0.0133525
356 380 0.362822
356 383 -0.00996451
356 388 0.0504379
356 393 -0.0824822
357 371 -0.601089
358 364 -2.20292
360 365 -11.8644
360 366 1.44559
361 376 0.775982
361 378 -7.07178
362 366 -3.71036
363 374 -1.12464
364 372 -1.60463
364 377 -0.0754095
364 379 -3.55821
364 395 -3.79343
365 366 -3.87491
365 368 -7.14178
365 375 -5.06485
367 380 -0.0153118
367 383 -3.28895
367 389 1.18877
368 375 1.54979
369 381 4.95191
369 385 5.57531
369 398 2.37848
369 400 1.34764
369 455 0.00198954
371 387 -1.47101
372 379 -1.04226
372 382 -4.8442
372 402 -1.04226
372 417 -1.57696
372 424 -18.9581
372 426 -9.78904
372 444 -0.584119
372 448 -5.53733
372 458 -5.53733
372 481 -1.18877
373 390 -6.33434
374 396 -0.274059
375 394 -2.5036
376 378 -8.98936
376 405 -4.9539
377 395 -0.0380594
377 397 0.763886
377 403 0.729496
377 415 0.0997039
378 391 -0.81228
378 392 -4.03128
378 401 -1.04226
378 405 -0.758016
379 395 -5.04343
379 415 0.13125
379 417 -2.36088
379 426 0.395184
380 383 -0.0033118
380 388 0.0257077
381 385 0.962003
381 386 -2.18405
381 398 2.85396
381 409 -1.28997
381 413 3.42239
381 455 -0.00222862
381 465 0.00296371
381 473 0.216534
381 487 3.20416
381 489 -0.480479
382 402 -4.85434
383 388 -1.09997
383 389 -0.533676
384 389 -4.55901
384 408 -0.63144
384 411 0.0378938
384 427 0.0136624
384 432 -0.00276503
384 434 0.00846107
385 455 0.000994768
386 409 -4.8442
386 429 -4.43612
386 437 -4.14515
386 441 -2.02352
386 445 -1.81446
386 447 4.00429
387 391 -7.73813
387 396 -0.905358
387 404 4.34835
387 416 -1.78253
387 423 -0.116857
388 389 1.18877
388 393 -0.325779
389 393 -2.62281
389 406 1.67127
389 408 0.0503724
389 410 -1.69086
389 411 -12.6982
389 412 -2.52745
390 399 -4.0331
390 419 -4.58588
390 422 2.94207
390 435 -2.85347
390 446 -2.06181
390 451 0.132481
390 460 -5.53733
391 401 -3.91844
391 416 -15.5108
391 421 -2.14198
392 401 -1.66155
392 405 -3.12771
393 406 -0.0677339
393 410 -1.74975
395 403 -0.0312173
395 415 -0.266547
397 403 1.18463
398 400 2.40294
398 413 4.38445
398 455 0.00180271
398 465 -0.000901358
399 414 -3.10675
399 422 -1.23277
401 405 -0.0204121
401 412 0.0408243
401 416 1.34402
402 407 -5.13964
402 424 -5.30587
402 433 -4.36638
402 448 -1.69086
403 415 -0.00795908
403 425 4.47779
403 426 0.0866315
403 430 0.0890053
404 416 -4.01196
404 420 -5.96235
404 423 -1.30083
405 410 -1.63282
405 412 -3.22058
405 418 -2.47197
406 410 -0.467445
408 411 -1.4437
408 427 -0.0186099
408 432 -0.000825706
409 447 -16.1472
409 467 -3.57445
409 478 -6.22177
409 487 -1.21064
409 492 0.943623
410 412 -2.16793
410 418 -0.321795
411 412 -7.02519
411 427 0.0129875
411 432 0.0450046
411 434 0.397644
411 436 -0.228743
412 416 2.41295
412 418 -7.25075
412 431 0.291204
412 434 -3.01573
412 449 -3.57445
412 450 -4.14515
413 453 -7.11689
413 455 -0.00319104
413 456 -0.0856503
413 465 0.00040577
413 473 0.276466
414 422 2.10589
415 425 -0.628158
415 426 2.42251
415 430 -0.8758
415 461 -6.56412
415 469 -0.828897
415 475 -1.69086
416 420 3.08209
416 421 1.98633
416 431 4.56798
416 439 -12.8247
416 450 -2.58569
416 462 2.77042
417 426 -1.10372
419 438 -4.62789
419 446 -1.44559
420 423 -8.58127
420 439 -8.64007
420 448 -2.06866
420 466 -0.258219
422 428 2.33819
422 435 -3.44962
423 448 -3.01573
424 444 -5.12098
424 448 -1.88061
425 426 -0.00548002
425 430 0.0890053
425 454 -2.52745
425 461 -5.62111
426 430 -0.251905
426 469 -1.19507
426 476 0.816298
426 481 -0.886457
426 482 -0.704796
426 490 -1.34772
427 432 -0.120572
427 440 -7.45227
428 435 -3.98107
429 437 -10.6496
432 436 -0.288019
432 440 -6.33741
432 452 -3.73241
432 468 0.81228
432 471 -5.90477
432 477 -3.43706
432 494 0.55042
433 448 -13.4176
434 436 -0.135464
434 449 -2.93164
435 442 1.69086
435 451 -2.27269
435 454 -1.12464
435 457 -5.98531
435 463 -3.24705
436 449 -2.14198
436 450 -1.44559
436 452 -4.43612
437 441 -3.70619
437 445 -0.982543
437 447 -5.53733
438 443 -1.67971
438 446 -1.02216
438 460 -3.20605
439 462 -3.73241
439 466 0.860871
439 498 0.0099841
439 510 0.415185
441 445 -0.886457
442 457 -4.14515
443 460 -3.43706
443 472 -4.43612
444 448 -2.02352
444 458 -2.78039
445 447 -3.72118
446 460 -1.25517
447 467 7.4929
447 478 3.57445
447 486 6.93845
447 489 -13.956
447 492 -3.73241
447 497 -4.43612
447 504 -0.901884
447 512 2.18405
448 458 -2.31952
448 459 -3.28821
448 464 -0.503502
448 466 0.613801
448 479 -0.492177
448 481 -4.8442
448 485 4.19387
448 488 0.997819
448 490 -1.47101
449 450 -1.55306
450 452 -0.740165
450 462 -4.43612
450 468 0.0488486
450 470 -3.43706
451 460 -7.3512
451 463 -1.42058
452 468 -2.64699
453 455 -5.90104
453 456 -1.06254
454 457 -1.84714
454 461 0.55042
454 463 -1.84815
454 474 0.611383
454 475 0.723018
455 456 -2.06181
455 465 -0.177392
455 473 -0.0118547
455 487 0.00188167
457 463 -2.52745
459 464 0.196601
459 479 -1.04226
460 463 -0.155276
460 472 -3.10675
460 474 0.619393
460 480 0.396494
461 475 2.02352
462 470 -4.8442
462 491 -1.08303
462 496 -4.14515
462 498 -2.36822
462 499 -5.53733
462 500 -6.83916
462 502 -2.71175
463 474 -0.402324
464 466 -2.57442
464 479 -3.38055
465 473 0.00458705
466 479 -4.90289
466 485 1.03091
466 498 -0.444751
466 509 1.56855
466 510 0.751298
466 532 -2.49036
466 539 -4.57718
466 569 -4.40529
466 574 -2.02352
466 576 1.99784
466 584 -0.191929
466 608 -2.06181
466 659 0.042493
468 470 -18.8771
468 477 -4.57052
468 493 2.14198
469 475 -3.35798
469 476 -1.42058
469 490 -5.36608
470 491 -10.5825
470 493 -9.45578
470 494 1.98633
470 496 -18.6562
470 503 6.82026
471 494 -11.0747
472 480 -3.57445
472 483 -0.982543
472 484 -10.3815
473 484 -4.8442
473 489 -4.59745
474 475 6.34223
474 480 2.64647
474 495 0.463701
474 505 -5.30108
474 513 -0.132481
474 514 -5.53733
475 490 -5.63627
475 505 -0.456878
476 490 -3.10675
477 493 -0.321795
477 494 -4.43612
479 485 -1.93024
479 488 -3.39071
480 483 -5.24873
480 484 -8.87224
480 495 1.31676
480 497 -4.8442
480 501 -4.08052
480 511 -15.2257
480 513 -2.58569
480 519 -0.533685
480 521 0.353819
480 538 0.058998
480 542 -8.16853
480 544 -2.32215
480 546 -1.30083
481 482 -0.0544849
481 490 -4.14515
482 490 -3.24959
483 484 -3.57445
484 489 -5.24331
484 501 -5.53733
485 488 5.05775
485 490 -4.8442
485 525 -4.31462
485 531 -5.53733
485 560 2.2811
485 569 -2.06181
485 574 -3.77655
485 575 -3.43706
487 489 -2.58569
487 492 -0.533685
489 492 3.01573
489 497 8.43235
489 501 -1.88061
489 504 -0.451047
490 505 -3.10675
490 508 -9.60161
490 525 -0.849093
491 496 -9.45578
493 494 -4.43612
494 503 3.50672
494 507 0.325599
496 499 -4.43612
496 503 -5.53733
496 506 6.1978
496 524 -0.669846
496 528 -4.8442
497 501 -3.73241
497 504 -1.91493
497 511 -2.93164
497 512 -1.60463
497 515 -9.75029
497 517 1.57696
497 534 -4.14515
497 545 -1.32411
498 502 -0.533685
498 509 -1.30401
498 510 0.0867601
499 500 -2.02352
499 502 -4.8442
499 506 -9.45578
499 509 -12.293
499 527 -2.78039
499 543 -1.69086
500 502 -1.00226
502 509 1.23621
503 507 5.78499
503 518 4.43612
503 523 2.22723
503 524 -0.794069
503 526 -5.53733
503 529 -2.52745
503 555 -0.000350466
505 508 1.04226
505 514 -2.78039
506 528 -19.2342
506 543 -7.68516
506 548 0.402198
508 514 -9.45578
508 520 -5.36608
508 525 -7.41795
508 533 -8.98936
508 537 -7.14891
508 552 -5.08753
508 560 0.248906
508 564 -0.242264
509 510 -0.0965239
509 527 -0.601089
509 532 -4.8442
511 538 -5.53733
511 544 -2.52745
511 545 -3.57445
511 554 -2.93164
511 557 -4.83844
511 559 -1.34772
512 517 -0.451047
512 530 -1.52308
513 514 -5.53733
513 516 -4.14515
513 520 -2.41897
513 521 -0.652519
514 516 -0.0150528
514 520 -3.72393
515 517 -3.43706
515 530 -14.8904
515 534 -7.71961
516 520 0.211675
517 530 -2.41897
518 526 -4.43612
518 529 -3.01573
519 521 -0.179458
519 522 -5.53733
519 542 0.0233459
520 521 -0.210882
520 533 -3.91844
520 535 -7.9563
520 536 -2.42435
520 541 -5.53733
520 578 -1.25522
521 522 -4.8442
521 541 -4.43612
521 550 0.618144
522 542 -5.53733
522 547 -8.76265
522 550 -5.53733
522 595 -4.8442
522 599 -1.81446
523 524 -1.45012
523 529 -6.31809
523 549 -0.453967
523 555 -0.026203
523 577 0.186881
524 528 -4.83886
524 540 -3.57147
524 549 1.78253
525 531 -2.87725
525 537 -2.90953
525 560 -2.81786
526 529 6.8663
526 587 0.038913
527 532 -1.10372
527 543 -0.905358
528 540 -1.79984
528 548 -5.12616
528 562 1.14578
529 555 -19.818
529 577 -3.31536
529 587 3.64825
530 534 -2.25174
530 551 -4.8442
530 553 -5.53733
530 558 -0.905358
532 539 1.19574
532 543 1.23917
533 535 -3.73241
533 552 -1.98633
533 564 -1.37165
534 545 -1.05004
534 554 -1.83341
534 558 -6.09427
534 572 -2.14198
534 573 0.0544048
535 563 -2.85347
535 564 -2.02352
535 578 -3.43498
535 579 -15.5108
535 649 -5.53985
535 660 -5.53733
535 662 1.53205
535 665 -5.53733
535 669 -2.71175
536 541 -4.14515
536 571 -7.1263
536 615 -5.53733
536 626 -9.64502
536 631 0.635286
536 662 0.418426
538 544 -0.117996
539 543 0.886328
539 576 -1.94856
539 584 0.640745
539 659 -0.0788909
540 549 -1.54979
540 556 6.68773
540 562 -1.92517
540 570 -1.37165
541 550 -7.85685
541 571 -5.53733
541 615 -1.81446
542 544 -14.8177
542 547 5.75275
542 589 -14.2807
542 613 -4.43612
542 630 -9.68249
542 651 -2.06181
543 548 -4.64655
543 576 -0.365522
543 584 0.637913
543 604 2.51514
543 659 -0.00706123
544 546 1.03243
544 559 3.05748
544 565 -1.00778
544 589 3.19717
545 554 2.43737
547 595 -4.96445
547 613 -0.652519
548 562 -6.81911
548 570 -15.5385
548 604 -3.57445
548 644 -4.43612
549 556 -2.97631
549 577 -1.2406
549 600 -0.81228
549 601 2.06181
550 599 -4.40873
550 615 -3.58612
550 628 0.382673
550 631 -0.343658
550 642 -3.09351
550 664 -0.0244733
551 553 -1.25517
551 558 -4.43612
551 568 -5.09991
552 561 -0.258219
552 564 -0.0986735
553 568 -3.56791
554 557 2.78039
554 567 -0.886457
554 573 -0.370163
554 585 -10.9448
554 610 -3.20605
555 577 -0.329269
556 570 -3.52526
556 600 8.23966
556 618 2.41939
556 644 -0.0941799
557 559 -1.84714
557 566 -2.36822
557 567 -2.14198
558 568 -5.07996
558 572 -7.0768
559 566 -7.31681
559 585 -10.3815
559 589 1.23277
559 603 -1.38298
559 611 -3.57445
560 564 -1.28764
560 575 -5.63481
560 580 0.0179997
560 582 -3.01573
560 586 -1.57696
561 564 -0.981999
562 570 0.962998
563 564 -1.57696
563 579 -0.704796
564 579 -3.91844
564 581 0.438649
564 586 -4.39721
564 596 -0.210882
566 567 -2.47197
566 585 -1.39593
567 585 -4.8442
568 572 2.27269
568 588 -4.70061
568 593 -3.91844
568 605 -4.75484
569 574 0.157202
570 618 -0.361994
570 644 1.28004
571 615 -1.60463
572 573 -0.434708
572 588 -3.10675
572 594 -5.25116
573 594 -2.52745
573 602 -7.3512
573 610 -3.73241
574 575 -8.91282
574 597 -1.3601
574 608 -1.30811
575 580 -0.03712
575 583 -2.59941
575 591 -4.78488
575 597 1.03848
576 584 -5.00719
576 604 -0.010423
576 608 -9.45578
576 650 -5.53733
576 659 0.240228
576 667 -2.22867
577 601 -2.09868
577 616 0.00507999
577 644 -0.331018
578 662 -0.7492
579 581 -13.4082
579 623 -3.01573
579 639 -1.84714
580 582 -3.57445
580 583 -0.0051347
580 590 -0.0895302
580 592 -0.00825736
581 586 -1.04226
581 596 -4.13132
581 623 -1.40179
581 625 -0.102561
582 586 -3.41682
582 590 -9.68841
582 619 -1.25517
582 625 -1.75131
583 590 0.0462365
583 591 -2.8598
583 592 0.778453
583 598 1.61883
584 659 -0.144042
585 610 2.04172
585 611 0.323026
585 622 2.33713
585 635 -0.316967
585 638 -0.7146
585 646 0.0111827
585 653 -5.53733
586 596 -0.467445
586 625 -0.867703
588 594 -1.81446
588 605 -3.69507
588 606 -3.10675
589 603 -4.19044
589 611 -9.68249
589 630 -0.618566
589 636 -11.0747
589 641 -4.8442
589 648 1.42058
590 592 0.142943
590 598 2.04393
590 619 -0.988041
590 623 -4.6225
590 624 -2.99409
590 625 -1.50717
590 629 0.144801
590 632 0.126079
590 637 -0.525232
590 647 0.770327
590 654 0.0162548
590 661 2.93152
590 670 -5.53733
590 689 -3.57445
590 699 3.91844
591 597 -0.258219
591 598 -1.66155
591 614 -0.402198
592 598 0.486393
592 629 0.21694
592 632 0.0236406
592 654 0.026143
592 661 0.0294622
593 605 -2.10127
594 602 -2.27448
594 606 2.08987
594 620 2.1209
594 621 -0.634308
594 627 -0.097028
594 633 -0.00591288
594 634 1.15095
595 599 -7.77585
595 613 -0.179458
597 607 -1.16492
597 608 -1.88061
597 612 2.58569
597 614 -0.195158
597 617 -0.727582
598 614 -2.31952
598 629 0.338971
598 643 -4.64854
599 613 -2.64699
599 664 0.00892532
600 601 -2.6137
600 616 -0.117875
600 618 2.1758
601 616 0.176008
601 618 -0.0688916
601 644 -0.0337772
602 610 -1.3198
602 621 -1.89159
603 611 -1.34772
604 644 -4.877
604 659 -0.0122727
604 666 -3.01573
604 672 -2.85347
605 606 -0.0109529
605 609 -5.57909
605 627 -0.00576614
605 645 3.00778
606 627 -0.0221624
607 612 -3.8193
607 617 -0.033976
607 657 -0.00492007
607 671 0.0474991
608 612 -4.14515
608 640 2.37442
608 650 -0.0848773
608 658 0.615816
608 667 -4.14515
608 675 -3.91844
608 693 -0.775982
608 696 2.41897
610 621 -10.3815
610 622 -0.00157073
610 638 -0.770418
611 635 -0.627842
611 638 0.00172219
611 641 0.313141
612 617 0.19708
612 640 -5.53733
612 657 3.5706
612 671 -0.0727436
612 677 2.18803
612 696 -1.9881
612 697 -13.1988
612 699 2.16071
612 712 -2.07978
613 651 -17.4664
613 664 -2.24503
614 617 -1.36274
614 643 -5.53733
614 652 -0.618144
614 657 -0.710418
615 631 -2.99409
616 618 -0.379173
616 644 -0.276465
617 657 0.162376
617 671 0.0429282
618 644 -0.173594
619 624 -0.740165
619 625 -0.023346
619 637 -0.83062
620 621 -0.652519
620 627 -0.0221838
621 634 -0.0469023
621 638 -3.25344
622 638 0.00544693
623 625 0.405175
623 639 -3.20605
623 647 -0.817362
623 649 -2.22758
623 660 -1.78253
623 662 0.230949
623 665 -11.0747
623 670 -6.34103
624 637 -0.483906
625 647 -0.193131
626 631 -6.77752
626 642 -0.00768946
626 662 -16.612
626 664 -0.900797
627 633 -7.11899
627 634 -0.0161775
627 645 1.3533
627 655 -1.27098
628 642 -0.127669
629 643 -3.73241
629 654 0.280316
630 636 -8.85269
630 648 -2.86067
630 651 -2.54203
630 668 -0.165722
631 642 -4.14515
632 661 0.11959
633 634 -1.7721
633 638 0.958524
633 655 1.27098
633 663 -0.10631
634 638 -1.06588
635 641 -2.75946
635 653 -3.43706
636 648 -4.14515
638 646 0.538229
638 655 2.44599
638 656 -0.035449
638 663 -0.28957
639 649 -1.84714
640 675 -8.27525
640 677 -4.14515
641 648 -16.612
641 653 -5.12791
641 656 -4.34304
641 690 -2.51578
641 691 0.0116729
642 664 0.0309269
643 652 -0.289934
643 654 -5.53733
644 666 -7.75148
645 655 0.041237
645 663 -0.00583998
645 674 0.019605
645 686 -7.85225
646 653 -3.73241
646 656 -0.894956
648 651 -13.3973
648 668 -0.434061
648 691 -3.31536
648 695 -21.4562
649 660 -1.75131
650 658 -0.169755
650 667 -3.31536
651 668 -4.89232
652 654 -2.64699
652 657 -3.96691
653 656 -3.41049
654 657 1.72141
654 661 0.819328
655 663 -0.71123
655 674 0.996241
655 687 0.0767706
656 663 -1.05362
656 674 0.0233347
656 687 0.03935
656 688 -0.23323
656 690 -0.0819499
657 661 3.16189
657 671 -0.0365971
657 689 -11.0747
657 697 -11.4579
657 699 4.02528
657 703 0.110195
657 712 -0.522166
658 667 -2.93164
659 667 -3.04089
659 672 -3.20605
659 680 -4.14515
660 665 -0.386023
661 689 -3.80256
662 664 -7.83689
662 665 -3.73241
662 669 -8.2758
662 670 -15.8031
662 683 2.02352
662 692 -13.5479
662 705 1.55498
663 674 -0.130683
663 687 -0.0648108
664 683 -6.53765
665 669 -7.93338
666 672 -0.0552815
666 673 0.687432
666 678 0.902944
666 679 -0.0207463
666 682 0.00732351
667 676 -10.2318
667 680 -3.01573
667 681 1.65181
667 684 -3.73241
667 685 -4.8442
667 693 -0.0389131
670 699 -9.97346
672 673 0.059736
672 678 0.0469464
672 679 1.51215
672 680 -8.24908
672 682 0.337483
672 694 -1.84714
673 678 0.571327
673 679 1.36809
674 686 -4.51829
674 687 0.927445
674 688 -0.0709491
674 690 -0.0340771
674 698 -6.37104
674 704 -0.179458
675 677 -3.13999
675 696 -5.53733
676 681 -5.18199
676 693 -4.14515
676 696 -1.37778
677 696 -0.867703
678 679 0.248666
679 682 1.26965
679 694 -4.80125
679 701 2.07268
680 681 -1.368
680 684 1.23558
680 694 -3.45125
680 701 -3.01573
680 731 -3.43706
681 684 -0.614826
681 685 -0.536697
681 696 -2.15017
683 692 -1.48984
686 698 2.58569
687 688 -0.268682
687 690 -0.0926549
687 700 -0.0795923
687 702 -2.18545
687 704 -0.434708
687 710 -1.52308
688 690 0.291246
688 700 -1.01872
689 699 -2.1873
689 703 -4.14515
690 691 -2.19098
690 695 -4.07498
690 700 -13.7249
690 709 -0.886457
690 711 -1.75131
690 713 -1.88061
691 695 -1.72077
692 705 -0.895317
693 696 -1.78253
694 701 -5.61409
695 709 -3.16218
695 722 0.467445
695 728 -2.47197
697 712 -0.0389131
698 704 -0.635286
698 710 -2.47197
698 716 -1.44559
698 720 -7.42989
698 724 -5.53733
699 703 2.38288
699 715 3.95247
699 718 -19.4596
699 730 -1.49683
700 702 -0.201046
700 707 -4.68696
700 711 -1.92382
700 716 -0.418426
700 717 0.0730215
700 723 -4.07085
700 725 -4.43612
700 726 0.199264
701 706 -0.451638
701 708 -0.724593
701 714 -9.07585
701 731 -1.67468
702 707 -0.867703
702 710 -0.849093
703 718 -1.25517
704 710 -1.98633
706 708 -0.382992
706 714 -2.19799
707 710 0.0271778
707 717 -1.20373
707 719 -0.0234701
708 714 1.0404
709 713 -3.20605
709 722 -7.91742
710 716 -0.943623
710 719 -0.589724
710 721 -3.73241
711 713 -0.55042
711 726 -0.108616
711 727 -0.832151
713 722 -1.54979
713 727 -0.289934
714 731 -3.91844
716 717 -0.132481
716 719 -0.669846
716 720 -2.16306
716 721 -1.24028
716 724 -3.10675
716 725 -3.20605
716 729 -2.93164
717 719 0.00988126
717 723 -0.146043
717 725 -4.14515
718 730 -0.353819
719 721 -0.289934
720 724 -1.00226
722 727 1.4847
722 728 -6.71345
723 725 -2.47197
724 729 -2.06181
727 728 -9.68249
