MULTICUT
0 7 0.0701104
0 15 2.1247
0 19 -0.000693244
0 20 -0.00694038
0 79 -0.0555099
1 14 3.66091
1 37 1.56453
1 60 5.17744
1 65 0.742598
1 76 1.11313
1 88 -0.000972979
1 90 -0.00742124
1 95 -0.000499848
1 99 -0.00567214
1 109 -0.0006804
1 123 -0.711409
1 136 0.299526
1 141 0.347124
1 151 0.746757
1 161 0.0410003
1 162 0.527067
1 169 0.630204
1 174 0.33517
1 181 0.421859
1 184 1.53128
1 187 -0.326874
1 191 1.27947
1 193 -0.435872
1 194 -0.507859
1 210 -0.0460262
1 215 0.694311
1 232 0.0243552
1 238 0.135901
1 244 1.1064
1 246 0.534325
1 253 0.350923
1 270 1.00282
1 278 2.01569
1 284 4.95374
1 299 -2.85347
1 303 -1.21546
1 307 3.75193
1 313 0.0129055
1 314 -1.32411
1 318 -5.27745
1 322 2.04288
1 326 -0.794069
1 327 -3.20605
1 328 -4.14515
1 329 -8.9097
1 330 -3.91844
1 333 -2.71175
2 4 2.61412
2 8 0.487124
2 17 8.2609
2 23 0.800371
2 28 5.57904
2 30 4.25673
2 34 0.245021
3 5 2.13286
3 15 0.517023
4 5 4.44909
4 28 0.584119
4 32 0.0233459
4 36 2.25016
5 15 10.1329
5 19 0.151474
5 36 4.51249
5 43 0.148004
6 10 0.0409925
6 12 2.27269
6 21 0.163958
6 22 0.687271
6 24 1.5032
6 27 0.440277
7 19 -0.283001
7 79 -1.20067
7 301 -1.81446
7 310 -2.02352
7 335 -1.95015
7 354 -2.76971
7 376 -1.66155
8 9 -0.0131586
8 23 1.41979
9 12 1.35252
9 23 2.23908
9 25 3.65744
10 11 0.0355252
10 21 0.369771
11 13 0.25029
11 16 0.348678
11 18 1.46997
11 21 -0.181216
11 26 4.39127
11 29 3.21904
12 24 5.70904
12 25 5.54293
12 33 2.06181
13 14 6.05463
13 16 0.164604
13 31 3.527
13 35 1.12464
14 35 1.91897
14 37 0.93515
14 42 2.17658
14 44 2.71175
14 136 0.0772711
14 151 0.114546
15 19 0.0939581
15 20 0.418268
15 43 0.24457
16 18 0.0749764
16 26 1.19742
16 31 2.98569
17 23 0.274059
17 30 5.89452
17 32 1.63741
17 34 1.19854
17 38 2.74747
17 50 3.10675
19 20 1.13561
19 36 0.154944
19 43 1.70084
19 49 2.30428
19 63 0.332034
19 69 0.80846
19 70 6.40665
19 73 0.33144
19 79 0.566002
19 200 0.00111794
19 229 0.0142425
20 79 0.533747
21 22 0.191242
21 27 0.949521
21 29 -0.604267
21 39 0.353851
21 47 -0.309246
21 72 0.694993
21 77 -0.485178
22 27 1.87256
23 25 1.06254
23 34 1.26658
23 38 0.795913
23 40 1.54496
23 41 0.858913
23 45 0.874178
24 27 2.25176
24 33 3.4661
25 33 4.97892
25 39 0.000922454
25 41 7.44784
26 29 5.10263
26 31 1.20291
26 46 0.554303
26 48 0.58531
26 51 0.000722355
27 33 0.358297
27 39 1.58805
28 30 3.16184
28 32 2.14198
29 46 0.0614389
29 48 0.0845814
29 51 -0.108649
29 68 -0.420162
29 72 -0.0530503
30 32 6.28384
31 35 3.84912
31 46 1.72304
32 36 6.15409
32 50 0.95544
32 52 2.76198
32 61 0.0324691
33 39 0.172634
33 41 0.0216598
35 44 0.451047
35 46 5.27315
36 49 6.84412
36 52 1.63282
36 57 2.46427
36 63 0.381868
37 42 4.29621
37 53 2.89299
37 60 1.16652
37 136 0.169408
37 151 0.250845
38 40 0.156781
38 45 -1.7657
38 50 2.03786
38 59 0.949957
39 41 1.99491
39 47 -0.586074
39 54 1.12451
39 67 -0.221731
40 45 0.685596
41 45 1.07681
41 54 4.33374
41 66 4.0657
41 67 0.423393
41 74 -0.207045
42 44 5.21824
42 53 4.23606
42 58 1.90571
42 65 2.66229
44 46 1.33648
44 55 1.66775
44 58 1.84714
45 59 -0.197294
45 64 1.49855
45 66 1.11396
46 48 0.116057
46 51 5.32955
46 55 3.37023
46 56 3.01573
46 58 4.14515
46 68 0.0635827
47 54 -0.00180662
47 67 1.07644
47 77 1.56269
48 51 -0.0297642
49 63 1.86344
50 52 1.65241
50 59 2.62461
50 61 4.64076
50 62 0.757725
51 58 0.924411
51 68 0.198311
51 72 1.97111
51 84 0.227973
52 57 0.054491
52 61 0.672904
53 60 2.53978
53 65 1.06254
54 67 2.40172
55 56 0.56723
55 58 5.29723
57 61 0.035897
57 63 0.58451
58 65 2.86708
58 75 5.37983
58 76 0.226632
58 80 5.68089
58 84 1.08303
59 61 1.91493
59 64 0.800584
59 66 0.136461
60 65 1.10159
60 136 0.143399
60 151 0.214378
61 62 2.08781
61 63 2.57121
61 64 1.23178
61 71 3.91756
61 82 1.25517
61 85 6.26376
61 87 1.74484
61 97 2.38853
61 114 0.0465539
61 121 0.158972
63 73 4.94303
63 82 0.943623
63 85 0.669846
64 66 1.30434
64 83 0.611387
64 87 1.07273
64 114 0.272616
64 122 0.10284
65 76 1.05316
65 136 0.0418985
65 151 0.0588022
66 67 2.10127
66 74 -0.10348
66 83 5.62383
66 92 -0.312474
67 74 -0.538273
67 77 4.99546
68 72 0.64189
69 70 0.179457
69 73 3.06466
69 81 0.905298
70 73 1.84714
70 79 3.47797
70 81 2.02352
70 200 0.00223589
70 229 0.028485
72 77 -0.477707
72 78 0.689518
72 84 -0.258326
72 93 -0.15167
73 79 0.164097
73 81 2.88186
73 85 0.614025
73 86 5.88924
73 89 3.8933
73 101 3.99848
73 103 0.801498
73 116 -0.00493819
73 200 0.00111794
73 229 0.0142425
75 80 2.33662
75 84 2.06481
75 91 1.25313
75 93 0.0286956
76 80 7.77332
76 88 0.167399
76 90 -0.00255563
76 100 -0.00401313
76 104 4.70881
76 108 0.550316
76 115 4.87582
76 119 1.76488
76 127 0.241915
76 128 -0.175325
76 132 0.0279914
76 136 0.0278373
76 151 0.0399336
77 78 -4.70355
77 92 -0.0700634
77 96 3.7471
78 84 -2.26599
78 92 -0.279453
78 94 -0.162863
78 96 -0.00191237
78 110 -3.9158
78 118 -3.31536
78 130 -0.248357
78 131 1.32339
79 89 1.40522
79 101 0.0209662
79 116 1.11022
79 126 -0.199053
79 138 0.382498
79 147 6.28554
79 167 0.000629202
79 170 0.00620066
79 178 0.0365513
79 185 -0.443178
79 188 -5.56522
79 192 0.838808
79 195 -3.57445
79 200 0.309848
79 202 2.68564
79 207 -2.31952
79 214 0.19464
79 216 0.0184527
79 220 2.41639
79 221 4.08165
79 222 1.44385
79 223 1.1663
79 227 0.148379
79 229 1.72851
79 243 0.586022
79 247 0.038117
79 251 1.4857
79 256 1.13934
79 259 -1.03497
79 261 3.19617
79 268 1.29928
79 272 -0.0112129
79 280 1.83488
79 285 0.612813
79 296 2.60862
79 300 2.034
79 301 1.28548
80 91 1.59125
80 102 1.49968
80 104 1.13059
80 108 0.0206627
82 85 5.54317
83 92 -8.6065
83 106 5.07222
83 114 -0.052553
83 122 2.6821
83 134 -0.00150338
83 140 0.0483247
84 93 -0.798428
84 94 -1.04593
85 86 5.18626
85 97 3.80917
85 103 6.1498
85 105 1.29171
85 114 -0.106847
85 121 0.622833
86 101 1.96535
86 103 1.41213
86 116 -0.0127748
86 120 0.153917
87 114 0.013829
88 90 0.147365
88 100 4.63069
88 119 0.00364028
89 200 0.00111794
89 229 0.0142425
90 95 0.0510119
90 99 1.4167
90 100 2.1228
90 109 0.014463
90 111 -0.320826
90 112 -0.529579
90 136 0.00239607
90 151 0.00270049
91 93 0.131793
91 98 0.0135056
91 102 0.077026
92 96 -13.2037
92 122 -1.05469
92 130 0.248357
92 131 0.00106238
93 94 2.75963
93 98 0.177626
93 102 2.24454
93 107 3.04262
93 110 4.52636
93 118 0.2779
94 110 0.038913
95 99 1.1532
95 109 0.00548552
95 123 0.0079448
95 136 0.00130623
95 151 0.0129967
98 102 0.152307
99 109 0.433207
99 112 -0.349936
99 123 0.0529751
99 136 0.00293445
99 151 0.00030423
100 111 -0.835798
100 119 -0.679555
100 127 -0.00628695
101 116 0.060267
101 200 0.00335383
101 229 0.0360661
102 107 0.567753
102 108 0.0206627
102 115 -0.0622526
103 105 4.88577
103 113 2.71123
103 116 -0.0039104
103 120 2.62088
104 108 0.0475625
105 113 3.01573
105 117 3.62892
105 120 2.34259
105 121 8.04836
105 126 4.71116
105 138 0.0769815
105 143 0.4987
105 148 0.00632833
105 157 0.0201534
106 122 1.91102
106 139 -0.0455449
107 108 -0.0159465
107 110 0.328093
107 115 -0.0567678
107 118 5.42865
107 128 0.617959
107 132 2.52231
107 133 0.706109
107 146 -0.0176222
107 154 0.970472
108 115 0.139367
108 128 -0.0779706
109 112 -0.210882
110 118 1.87546
111 112 1.03363
111 119 0.909113
111 123 -0.108062
111 125 1.22799
111 129 4.40681
111 136 0.337264
112 123 -0.729002
112 125 0.00785789
114 121 -1.95912
114 122 -0.531494
114 139 -3.89405
114 140 1.10372
114 144 -2.47197
114 148 -1.77699
114 149 2.90538
115 124 0.20586
115 127 4.56961
115 128 -0.328936
115 132 0.0943141
116 120 -0.534027
116 126 -0.067864
116 200 0.00335383
116 229 0.0423278
117 126 0.123129
117 138 0.0674236
118 131 -7.26151
118 133 0.914399
118 142 0.062087
119 127 1.40502
119 129 3.2115
119 132 0.0773558
120 126 0.386347
121 143 2.58895
121 148 -0.0748111
121 157 -0.000993382
122 130 -0.179458
122 131 -0.609431
122 134 -0.0041659
122 139 -0.125335
122 140 0.133441
123 125 -0.0236358
123 136 -0.000724124
124 127 -0.0248551
124 128 -0.197589
124 132 -0.0450192
125 136 0.0381059
126 138 0.144405
126 200 -0.00111794
126 229 -0.0142425
127 128 0.259956
127 129 6.33875
127 132 1.99502
127 135 2.56593
127 137 0.287494
127 145 0.175659
128 132 3.02654
129 132 0.449233
129 135 0.905357
129 136 3.12745
129 145 4.28972
129 151 1.26031
129 158 -0.157785
130 131 0.0306012
131 134 -2.02352
131 140 0.298952
131 142 -6.77191
131 144 -5.43916
131 155 1.84714
132 135 0.145818
132 137 1.50357
132 145 1.98108
132 154 5.67741
132 158 -0.861246
132 159 3.57445
133 142 1.93525
133 146 -0.718762
133 152 -1.16715
133 153 -0.722426
134 140 -0.621644
136 141 0.0469164
136 151 2.13681
136 161 0.012708
136 162 0.116165
136 169 0.0284043
136 174 0.0284043
136 181 0.101375
136 184 0.0284043
136 191 0.161576
136 215 0.0568085
136 232 0.0120484
136 238 0.0410559
136 244 0.0284043
136 246 0.00109079
136 253 0.0104109
136 270 0.0388
136 278 0.0831277
136 284 0.0852128
136 307 0.0147978
138 143 2.43209
138 147 0.755636
138 200 0.00223589
138 229 0.028485
139 140 -0.0630504
140 144 -1.69086
141 151 0.0670751
142 150 6.25352
142 152 -5.78218
142 153 -0.0700634
142 155 -5.53733
143 147 0.538064
143 157 0.347113
143 160 3.03576
144 149 -19.8076
144 155 -6.74813
144 175 -1.93801
144 182 -0.447875
145 151 1.82671
145 158 -0.600076
146 153 0.837304
146 154 -0.0914684
147 160 -0.138759
147 163 -0.110755
147 164 0.0535869
147 167 -0.538338
147 170 0.0370964
147 178 0.0311957
147 200 0.00335383
147 229 0.0427274
148 149 -0.586192
148 156 -0.0128623
148 157 0.607466
148 165 1.81446
148 166 0.180827
149 156 -3.73066
149 166 -1.04237
149 171 -3.13025
149 175 2.85347
151 158 -2.9349
151 161 4.80994
151 162 2.77711
151 169 0.31324
151 174 1.86161
151 179 3.43706
151 180 1.47101
151 181 0.14761
151 184 0.0806675
151 191 0.291295
151 215 0.161335
151 232 0.0163571
151 238 0.10225
151 244 0.0797556
151 246 0.00109079
151 253 0.0104228
151 270 0.0964275
151 278 0.18827
151 284 0.241282
151 307 0.138964
152 153 6.75654
152 168 0.336267
153 154 -0.239038
153 155 -0.55042
153 168 1.32175
153 172 1.0158
153 173 -0.331904
154 158 -0.935856
154 159 0.324413
154 173 -1.26521
155 172 -6.18744
155 173 -0.0349022
155 175 0.524627
155 182 0.00875096
155 186 -3.93106
155 189 -3.9583
155 203 2.55658
155 212 3.06861
157 160 0.312416
157 165 9.94202
158 159 -0.15667
158 173 0.587676
158 179 -4.13352
160 165 7.79292
160 167 1.25451
160 176 0.00583857
160 177 -0.367974
161 162 0.403902
161 174 2.19235
161 194 -0.0617838
161 196 0.0645944
163 164 -0.150815
163 167 0.0733144
163 170 -0.0272303
164 167 -0.289934
165 166 4.39577
165 171 5.48769
165 175 -1.99899
165 177 -0.176341
165 183 2.77128
165 188 5.15472
165 189 0.602996
165 195 0.00103492
165 201 -1.27785
166 171 6.46388
167 170 -0.0272303
167 176 0.0383758
167 177 -0.379984
167 178 0.0617817
168 172 2.41897
168 173 -1.96695
170 176 0.0191947
170 178 1.91001
170 185 0.0521913
170 192 0.0246642
170 200 0.48624
170 229 0.00497313
171 175 -1.72077
172 173 -7.04968
172 186 0.947854
173 179 -5.88714
173 186 -7.81902
173 198 -2.69401
173 199 -3.75868
173 212 -0.0698045
174 179 5.60775
174 180 1.94603
174 184 0.715744
174 190 0.89472
174 193 -0.180002
174 194 -0.267519
174 196 1.19481
174 199 0.195158
174 204 4.47611
175 182 1.49144
175 189 -2.11785
176 177 -0.0592719
176 178 0.0885981
176 185 0.0189651
177 178 -0.0247682
177 183 -0.0593973
178 183 0.027127
178 185 0.164632
178 192 0.018547
178 200 1.62622
179 198 2.41897
179 199 1.70944
181 187 0.424023
181 191 1.34532
181 194 2.31035
181 206 0.550148
183 185 2.7413
183 188 0.374504
183 195 0.0102509
184 193 -0.219579
185 192 -0.161081
185 195 -0.0125334
185 200 0.603932
187 194 1.36143
188 195 0.00921595
188 197 8.2705
188 201 -0.353819
188 202 -2.78077
188 207 -0.880728
188 214 -0.451047
189 201 -1.81446
189 203 -1.90862
190 196 2.03701
191 194 0.192656
191 206 0.0171051
191 210 -0.550242
192 200 0.2252
192 229 0.0100561
193 194 1.87263
193 196 1.86012
194 196 2.35106
194 205 0.0510417
194 206 1.48738
194 209 0.200806
194 215 0.147657
195 202 -3.39515
196 204 0.946523
196 205 4.35303
196 213 -0.126651
196 217 -0.119761
197 201 -0.0475749
197 203 3.63095
197 207 -1.25517
198 199 1.78226
199 204 3.30147
199 208 1.66203
199 211 0.114325
199 212 0.522204
199 218 0.0418548
200 202 0.00399825
200 214 0.00199912
200 216 0.00199912
200 220 0.00399824
200 221 0.00599736
200 222 0.00199912
200 223 0.00199912
200 227 0.00599737
200 229 0.0355671
200 243 0.00199912
200 247 5.46395e-05
200 251 0.00199912
200 256 0.00199912
200 261 0.00799649
200 268 0.00399825
200 280 0.00399825
200 285 0.00199912
200 296 0.00199912
200 300 0.00199912
200 301 0.00199912
201 203 -0.0951498
202 229 0.028485
203 207 -0.226632
203 212 2.49987
203 216 -4.31837
203 219 0.0666407
204 208 1.52701
204 211 1.20443
204 213 -0.0159177
204 217 -0.0520442
205 209 0.102083
205 213 -0.0667709
206 209 2.07715
206 210 0.00482535
206 215 1.20291
207 214 -2.36822
207 216 -8.41866
208 211 1.18008
209 213 16.2196
209 215 3.72097
209 237 0.590358
209 250 0.377448
209 252 0.483842
210 215 0.0192922
211 213 1.75696
211 218 3.66698
211 226 0.209411
211 230 0.0407106
211 236 1.50799
212 218 -0.652312
212 219 0.428757
212 225 5.13225
212 226 -2.78039
213 217 0.917771
213 236 4.74608
213 241 -0.886621
213 250 0.780216
213 252 0.86058
214 229 0.0142425
215 232 0.0544638
215 237 1.95522
215 238 4.27116
215 246 0.264729
215 253 0.262049
216 219 -5.33524
216 223 0.133676
216 224 -9.07932
216 229 0.0142425
218 226 0.739563
219 224 1.17314
219 225 3.0484
219 228 -0.199769
219 233 0.23102
219 234 0.454005
219 235 2.32704
219 239 -0.76857
220 222 1.94142
220 223 0.084842
220 224 -1.77371
220 227 0.175027
220 229 2.42297
220 240 2.09772
220 242 -0.878248
220 247 0.00649073
221 227 0.261839
221 229 0.0615268
221 247 0.0136337
222 229 0.256628
223 224 -0.249933
223 229 0.0142425
224 228 -2.60224
224 239 -1.83936
224 242 1.57281
224 243 -5.02168
224 248 -6.56889
224 249 -0.00868466
224 259 1.16715
224 262 -1.06254
225 226 -2.06181
225 230 1.08634
225 235 1.14578
226 230 -6.7317
226 231 -1.81446
227 229 2.61663
227 240 0.255352
227 247 -0.338945
228 233 0.256639
228 239 2.46971
229 240 2.09801
229 243 0.0258135
229 247 -0.010779
229 251 -0.00150614
229 256 -0.00150615
229 261 0.103254
229 268 0.0516269
229 280 0.0516269
229 285 0.0258135
229 296 0.0258134
229 300 0.0258134
229 301 0.0258135
230 231 1.10372
230 233 -0.867879
230 235 2.55807
230 236 -0.681704
230 241 2.74245
230 254 1.67691
232 238 1.39593
233 234 1.72093
233 235 -0.468871
233 239 -4.60422
233 243 -15.9959
233 254 -0.877555
233 255 -5.53733
234 235 -0.118405
236 241 -2.53306
237 238 1.41606
237 250 0.0432711
237 252 0.0292551
237 253 0.240954
237 260 -0.038503
237 270 0.0174088
238 246 0.738419
238 253 1.24481
238 270 0.0197144
239 243 -1.09702
240 242 -0.282092
240 245 -1.80567
240 247 -0.0999164
240 251 -0.187507
241 252 -0.253107
241 254 0.229267
241 258 1.775
241 265 0.829603
241 266 -0.162802
242 245 -0.193564
242 249 -0.0461406
243 248 6.12248
243 255 -0.197769
243 257 3.4474
243 259 -1.49725
243 262 3.85806
243 263 5.20341
243 267 -0.220942
243 269 -0.20789
243 271 1.12736
243 273 1.01622
243 276 7.24157
243 280 2.79338
243 286 0.233722
244 246 0.137063
245 249 3.01024
245 251 9.87053
245 259 -5.02403
246 253 1.25856
246 270 0.0197144
246 278 0.00162719
246 284 0.00325437
246 307 -0.00093254
247 251 2.44176
247 256 0.0192371
249 259 -1.10372
250 252 1.53644
250 260 -0.232875
251 256 0.161618
251 259 -0.0404999
251 261 2.80307
251 268 3.04099
251 272 -0.00915228
252 260 -5.46382
252 266 0.0549804
253 260 -9.10395
253 270 3.7057
253 274 0.0580237
253 275 0.688755
254 255 -5.85311
254 258 0.651459
254 264 -2.34592
254 265 0.269901
254 267 0.629343
254 282 -3.43706
254 287 0.54168
255 257 -3.45162
255 267 0.147139
256 261 0.0361611
257 267 -5.45007
257 269 -0.0998884
258 264 5.58724
258 265 0.202879
258 297 -0.107845
259 262 -4.83328
259 268 -1.44348
259 272 0.00872228
260 265 -1.63282
260 266 -0.112872
260 275 -1.26401
260 278 -9.46072
260 288 0.543353
264 265 9.4563
264 281 5.25116
264 287 -1.08336
264 291 -4.72223
264 292 4.50432
264 295 0.74771
264 297 -0.932689
264 298 2.44576
264 299 1.57521
264 302 3.36511
265 266 -1.56268
265 278 -9.075
265 279 -1.32411
265 281 2.71175
265 292 2.49966
265 293 0.616016
265 295 1.0278
267 269 0.546576
267 271 -11.2075
267 273 -3.57445
267 277 -13.6408
267 282 -4.43612
267 290 0.386023
268 272 -0.0692167
269 271 -0.101684
270 274 0.841244
270 275 0.0975609
270 283 0.04063
270 284 0.042489
271 273 4.36316
273 276 1.27649
273 286 0.459213
273 290 -2.44967
274 275 0.295797
274 283 0.0235807
274 284 -0.142298
274 288 -0.0567361
274 289 -0.101248
275 288 -1.90099
276 280 0.675622
276 286 1.06996
277 280 2.88318
277 282 2.10127
277 286 -1.17221
277 290 -1.39593
277 291 -4.68564
277 294 0.0265736
277 301 0.0236794
278 279 -2.16071
278 284 4.43612
278 288 -5.26531
278 293 -2.85347
278 299 -3.10675
280 285 0.640626
280 286 0.269025
280 290 -0.0747074
280 294 0.0323703
280 300 2.01099
280 301 6.15775
282 287 -1.78253
282 291 -3.91844
283 284 1.71754
284 288 -3.13597
284 289 5.09861
286 290 -0.181603
287 291 0.0819052
287 297 0.0818739
291 294 -7.52366
291 297 0.256393
292 295 2.87145
292 297 -0.466092
293 295 0.711766
293 299 0.276887
294 297 -4.8442
294 301 3.33605
295 297 -0.157368
295 299 6.26111
296 301 0.250748
297 298 -0.112431
297 299 -0.212018
297 301 -13.3084
297 302 -0.367007
297 305 0.528346
297 306 -0.116544
299 302 1.06564
299 303 -3.20605
299 304 2.98526
299 308 5.8692
300 301 2.58569
301 305 -8.98936
301 310 -3.05566
301 311 -2.72984
302 304 3.01573
302 305 -1.475
302 306 1.52308
302 308 4.20758
302 315 1.72077
302 317 4.01771
302 319 -0.0331325
303 307 0.0209881
303 308 -2.47197
303 309 -3.35177
304 308 3.43706
305 306 -0.116544
305 310 -11.0747
305 317 -0.0682073
305 319 0.731783
305 320 -0.216539
307 308 0.00387359
307 309 -0.300869
307 312 0.00497736
307 313 0.439663
307 314 -0.0370233
308 309 6.73441
308 312 0.964792
308 313 0.00276984
308 315 9.36262
308 321 3.31536
310 311 4.73277
310 319 -8.01058
310 324 -2.52745
310 331 -0.982543
310 335 0.965935
310 339 -0.031152
310 346 -4.14515
312 313 2.59676
312 314 -0.129691
312 316 3.57445
312 318 9.30864
312 321 7.83485
312 326 1.02216
312 329 0.34947
312 336 0.17916
312 343 2.80111
312 368 3.891
312 386 -0.147207
312 388 0.294413
313 314 -0.213684
313 316 2.22758
313 318 0.528883
314 318 -0.474314
315 317 0.652519
315 320 0.857785
315 321 4.8442
315 323 7.46677
317 319 -0.0607183
317 320 1.8009
318 322 -0.374347
318 326 0.566189
319 320 -0.893272
319 324 -2.02067
320 324 1.65214
321 323 12.5522
321 325 4.43612
321 350 0.467445
321 363 3.16229
321 368 4.85012
321 377 -1.19685
321 380 -10.1075
321 384 2.18405
321 385 3.86578
321 388 2.87095
322 326 -0.37375
323 324 6.41235
323 325 3.31536
323 332 0.529195
323 342 1.63282
323 349 -0.0492964
323 350 2.14198
323 363 3.22842
324 331 -1.49683
324 332 0.984558
324 334 1.73374
324 349 2.94109
326 329 0.601089
327 329 -0.0101991
327 330 0.0331758
327 333 0.0400725
327 337 -0.0102909
328 333 0.641123
328 338 -2.49713
328 340 -1.72077
328 341 -3.97256
328 345 -6.19113
328 351 -0.383942
329 333 -1.07516
329 336 0.150822
329 337 0.00820722
329 343 1.50633
329 344 0.119692
330 333 0.308938
330 351 0.209044
331 334 -4.8442
331 346 -10.3815
331 347 -6.34819
331 348 -6.34227
331 353 -5.84714
333 337 -0.0201724
333 344 2.02352
333 351 5.17628
334 349 0.3259
334 353 -3.33232
335 339 -0.0506685
335 352 -0.766126
335 354 -2.58569
335 356 -3.31536
335 357 -0.517023
337 343 0.0058557
337 344 0.00234573
338 341 1.9436
339 346 -8.60966
339 352 -0.00375907
340 351 1.60463
341 345 2.55618
341 351 5.78994
341 361 1.05256
341 374 0.297085
343 344 12.2118
343 359 6.80434
343 368 4.89521
343 386 1.25638
344 351 2.93164
344 359 5.94267
344 367 3.91844
344 386 0.333228
344 415 -8.64969
345 361 -0.497588
346 347 1.63995
346 352 0.0234543
346 354 4.34029
346 355 0.230199
346 356 0.435361
347 348 2.16313
347 354 0.326508
347 360 -11.0747
347 365 -4.8442
348 353 2.85347
348 360 -15.5108
348 362 -4.8442
348 365 -5.53733
349 353 -2.31952
349 363 -0.732513
349 366 -12.8158
349 382 0.628398
351 361 -0.150218
351 367 6.19186
351 374 0.597522
351 391 3.281
352 354 0.0280132
352 356 0.0644429
353 362 -10.3815
353 364 0.687271
353 365 -1.88061
353 366 1.30083
354 355 0.690593
354 356 0.960216
354 357 1.32567
354 358 -0.985254
354 365 -2.36822
354 369 1.63282
354 370 -4.43612
354 371 -2.02352
354 375 -11.4613
354 376 -4.8442
356 357 0.0705127
356 358 -0.0505195
357 358 -0.323156
360 365 2.5844
360 484 0.00128711
361 372 -0.198711
361 373 -9.28032
361 374 -0.35854
362 365 2.31823
362 484 0.00128711
363 365 -4.43612
363 382 -0.628398
363 385 2.15411
363 388 2.3168
363 390 0.763475
363 396 6.39954
364 365 -6.92555
364 366 0.674661
364 378 -0.517023
364 390 0.0838304
365 369 -4.28507
365 370 0.746752
365 378 -0.0856503
365 390 -2.27269
365 393 -5.07741
365 396 -7.34975
365 400 7.04265
365 404 -0.00321981
365 409 -5.53733
365 411 -3.73241
365 412 -12.8442
365 415 -0.181835
365 418 -0.982543
365 420 -4.8442
365 428 -4.8442
365 431 -1.69086
365 432 3.19571
365 436 3.57317
365 437 -1.37165
365 438 0.417139
365 440 -4.43612
365 445 -1.34772
365 448 -3.43706
365 451 -10.497
365 458 3.46545
365 459 6.06949
365 463 -0.0112076
365 466 -0.0393154
365 470 -0.841644
365 471 -0.804879
365 474 0.637853
365 475 -1.98633
365 477 -0.0346933
365 478 -5.53733
365 479 1.93127
365 480 0.418816
365 481 -5.53733
365 482 -0.00920717
365 484 -0.580144
365 488 -0.419414
365 493 -2.06181
365 495 -0.467512
365 496 -0.0107671
366 382 -1.78253
366 390 0.722578
367 374 0.784241
367 391 0.873687
367 415 -16.612
368 386 2.16629
368 388 -0.08884
369 370 -0.992407
369 371 -0.82065
369 375 -0.119572
370 371 2.22488
370 375 8.73774
370 379 0.978593
370 393 -2.33153
370 394 0.00960928
370 484 0.00257422
372 373 6.36539
372 374 3.24322
372 387 5.43362
372 395 -0.251028
372 398 0.884937
372 401 4.20523
373 395 -1.2155
373 399 -3.07911
374 381 10.6579
374 383 5.95961
374 391 1.06487
374 392 5.90274
374 401 3.85605
374 408 -3.40718
374 415 -3.43706
375 376 1.30872
375 379 2.04822
376 379 3.25904
379 389 5.7169
379 393 3.46293
379 394 0.70339
379 407 -0.369897
380 384 -2.14198
380 388 -3.31536
382 390 -3.01573
383 392 0.258219
384 385 1.91493
384 388 1.63282
385 388 2.3322
386 388 -0.355974
386 397 2.36822
386 415 -8.28126
388 396 0.19165
388 397 -5.21338
388 406 2.14632
388 415 1.34772
389 393 3.08139
392 408 -1.20419
392 410 -4.8442
392 415 -3.01573
392 417 2.41897
393 394 2.08141
393 402 0.20638
393 403 0.446204
393 404 0.0236423
393 407 0.0257299
395 398 0.454184
395 399 -0.256137
395 401 -0.018849
396 406 1.29888
396 415 0.170308
396 425 1.11443
396 432 -4.77304
396 463 0.0226234
396 482 0.0198151
397 415 -15.6427
398 399 -3.34274
398 401 1.89905
399 401 -2.43647
399 430 -3.10675
399 433 -9.26974
400 405 -1.76828
400 409 -7.6246
400 413 -0.500431
400 416 -0.148121
400 418 -2.90748
400 484 -0.0601571
401 408 -0.023346
401 417 -3.26618
401 426 -11.306
401 430 -0.740165
402 403 1.72808
402 407 2.07339
403 404 0.0129711
403 407 0.307187
403 411 -2.96216
403 412 -4.70658
403 414 2.81271
403 419 -0.790098
404 411 -2.64699
405 409 -1.32411
405 413 -0.756503
406 415 0.0166268
407 419 -0.251154
407 423 -2.09763
407 427 0.584119
408 417 -12.4715
409 413 -0.135656
409 420 3.17708
410 415 1.36596
410 417 -0.927363
410 429 -26.4364
410 435 -0.0131548
410 443 0.197067
410 452 1.42058
410 463 0.212742
410 468 3.73241
410 472 -2.52745
410 482 1.52838
411 412 1.06254
412 414 -5.79096
412 421 -1.13446
412 428 1.73554
413 416 0.962998
413 420 -2.4133
413 422 -2.18405
414 419 -4.16496
414 421 -7.94566
414 423 -14.1186
414 424 -4.89379
414 427 -1.28182
414 428 -3.20605
414 444 -4.7461
415 425 0.0971209
415 429 -14.8177
415 432 -0.244247
415 451 3.47581
415 463 0.274421
415 466 0.379393
415 470 -0.289438
415 482 0.287047
415 484 -0.00128045
416 418 -5.52967
416 422 -18.7289
416 431 1.44559
417 426 3.05836
417 435 0.0271518
417 443 0.00699832
418 431 -1.47101
419 423 1.62119
420 422 2.63423
420 437 0.230826
420 440 -1.13415
420 441 -21.7385
420 449 -1.81446
420 454 1.69086
420 474 -3.57445
421 424 -1.91314
421 428 -0.386023
422 431 -3.57445
422 441 -7.4912
423 427 -1.73898
424 428 -0.917272
425 432 -3.31088
426 430 7.37579
426 434 11.4757
426 435 0.680168
427 442 -4.48058
427 444 -0.0535496
428 439 1.97095
428 444 0.867703
428 445 -1.37852
429 452 -9.28032
429 467 -9.68841
429 470 -4.14515
429 471 -10.3815
429 472 -0.179458
430 433 2.07801
430 434 1.37165
430 443 3.49066
431 438 -1.88061
431 441 -4.43612
431 448 -2.27269
431 457 -1.18877
431 459 -4.8442
432 451 -1.20636
432 463 -0.0923446
432 482 -0.08275
432 484 -0.0601571
433 443 7.16088
433 447 2.06181
434 435 1.5281
434 443 10.8689
435 443 2.41975
435 463 0.490266
436 437 -1.69086
436 440 -1.75131
436 484 0.00128711
437 440 -1.06681
438 448 -0.023346
438 484 0.00128711
439 445 -1.37852
440 474 -4.8442
441 449 -3.01573
441 453 -4.8442
441 457 -9.27015
442 444 1.1434
442 446 -3.31145
443 447 8.05689
443 455 5.45985
443 460 9.21114
443 462 2.38142
443 463 0.809355
444 445 -2.78039
444 446 -10.7928
445 446 0.435006
445 474 -2.80736
446 450 2.52017
446 456 0.409611
446 464 0.00929772
446 474 -2.3598
446 506 0.00464886
447 462 2.25743
448 459 -0.101248
449 453 -0.584119
451 463 0.238029
451 466 0.982734
451 470 -0.211472
451 482 0.236907
453 454 -1.23277
453 457 0.038913
453 465 -3.10675
454 465 -3.31536
454 474 -5.53733
456 461 -0.0218047
456 464 0.0252812
456 474 -1.18984
456 480 -0.149874
457 459 -5.79041
457 465 -3.73241
457 474 -6.15137
458 459 1.80669
458 473 -1.62733
458 474 0.177599
458 477 0.00150826
458 479 0.156101
458 480 0.194464
458 484 -0.0601571
458 487 4.66672
459 473 -1.33848
459 474 6.49107
459 480 0.593027
459 484 -0.0614442
460 463 3.57445
461 464 -1.14855
461 469 0.163111
461 474 0.39392
461 480 5.93824
461 487 0.139519
461 506 0.0122322
462 463 6.76251
463 482 0.609865
463 484 -0.00126661
463 485 1.66363
463 489 3.73241
463 495 -0.0634465
463 496 3.20701
463 500 8.68996
463 504 -6.03839
464 469 0.30164
464 474 3.55991
464 480 0.038382
464 487 2.56607
464 506 0.0549318
465 474 -0.722426
466 470 -0.528535
467 471 1.66155
469 474 1.90109
469 480 1.14585
469 486 -1.95015
469 487 1.42624
469 492 0.184314
469 506 0.0195246
470 471 -1.60463
470 475 -0.386023
470 478 -4.25253
471 472 -3.85753
471 475 3.06676
471 481 -12.3679
471 482 -1.60976
472 482 -3.57445
473 474 -1.50256
473 487 -0.403553
474 476 1.98607
474 477 0.00248552
474 480 1.72725
474 484 0.00128711
474 486 -3.91844
474 487 3.44681
474 506 0.0370109
475 478 -3.84851
475 481 -0.652519
476 480 0.130518
477 479 -0.0541606
477 483 -1.55682
477 484 0.496668
477 487 0.0068419
479 484 -0.205611
479 488 -0.815536
480 484 0.00128711
480 486 -2.79538
480 487 2.49665
480 506 0.0290922
482 484 -0.0012655
482 496 1.12462
483 484 -12.5482
483 487 -13.612
484 487 -1.51342
484 488 0.0749072
484 490 3.62136
484 496 0.000559915
487 490 -7.3555
487 491 9.17585
487 492 5.05238
487 493 -10.3815
487 494 8.61092
487 496 3.01573
487 497 2.18405
487 501 1.69086
487 503 2.85347
487 506 0.217402
488 490 0.0491599
488 493 -0.740165
490 493 -3.06938
490 497 -3.31536
493 495 -2.36822
493 496 -4.43612
493 497 -5.53733
493 498 -3.23504
495 496 -0.0297085
495 498 -0.0884177
496 498 -6.71429
496 499 8.11628
496 500 6.48118
496 502 -5.43088
496 505 -0.867703
498 499 -4.68358
500 502 -0.0293591
500 505 -0.722426
