MULTICUT
0 4 2.40219
0 14 2.15601
1 3 -5.53733
1 21 -5.53733
1 39 -10.3815
1 47 -9.23168
1 61 -4.14515
1 76 0.924411
1 88 -4.8442
2 19 -2.36822
2 34 -1.02216
2 44 1.25348
2 75 -0.128794
2 151 0.13217
3 13 0.693822
3 30 5.72747
3 39 4.71129
3 46 -5.45736
3 88 -4.3503
3 93 -3.92259
3 114 -4.43612
3 115 -5.53733
3 123 1.69086
3 127 -1.23277
3 128 -3.91844
4 9 -0.217423
4 14 4.2514
4 58 -2.57683
4 74 -11.0747
5 9 -2.05589
5 10 -4.8442
5 15 -1.48789
5 31 -5.78783
5 59 -2.60895
5 62 -8.97439
5 66 -9.42114
5 94 -0.502288
5 104 0.0481001
5 105 -1.98633
6 16 1.95015
6 32 -2.46698
6 52 0.134664
6 54 -4.43612
6 56 -0.175007
6 68 -2.71175
6 69 -0.0538835
6 86 -5.53733
6 90 -3.57358
6 95 -4.8442
7 17 -3.31536
7 42 -4.43612
7 67 -1.44559
7 71 -0.195158
8 14 -1.37165
8 21 -0.56723
8 24 -0.321015
8 40 -0.665314
9 58 3.12371
9 59 1.17123
9 89 -0.205324
10 15 -3.20605
10 31 -0.132481
11 17 -4.43612
11 26 1.21064
11 38 -4.05522
11 72 -0.451047
12 28 -3.91844
12 36 0.00778166
12 49 -8.06478
13 30 2.20605
13 46 -0.383177
13 50 -0.962998
14 24 0.0371447
14 40 0.332259
14 53 -10.4927
14 74 -5.53733
14 84 -11.5062
14 97 -1.95015
14 116 -2.78039
16 31 -2.10928
16 54 -13.956
17 71 -4.14515
17 72 -5.53733
18 27 -2.43253
18 43 -19.2723
18 70 -5.53733
18 72 -8.16853
18 80 -4.43612
18 102 -1.88061
18 134 -5.75374
18 146 -4.8442
18 164 -0.533685
19 43 -7.81581
19 44 -4.46387
20 22 -8.49827
20 28 -16.2077
20 29 -4.8442
20 108 -0.849093
20 118 0.0234396
20 136 0.965038
21 40 -9.97346
21 47 -0.618144
22 29 2.0638
22 41 -0.148121
23 29 -1.49683
24 40 0.030666
25 33 -1.34772
25 37 -1.0547
25 63 -1.12787
25 67 0.21913
25 79 -1.88061
25 82 0.0209141
26 27 3.83014
26 38 -3.75267
26 72 -0.872646
27 70 -1.71048
27 72 -0.601089
28 36 -3.91844
28 49 1.95015
28 57 -3.10675
28 85 3.20604
28 108 -1.95015
28 110 -3.01573
28 111 -0.56723
28 136 -3.45186
28 166 -8.97439
28 167 3.76627
28 197 -5.53733
29 41 -9.43577
29 65 -2.19046
29 81 4.35475
29 83 -4.59221
29 103 -8.64408
29 118 -1.63282
29 126 -5.53733
29 142 1.42058
30 46 -6.51147
30 50 -4.08252
30 92 -3.0216
30 106 -4.43612
30 114 -5.53733
30 119 -2.31952
31 54 -9.37545
31 62 -3.33405
32 33 -10.3815
32 52 -3.02504
32 64 1.46539
32 82 0.02731
33 63 -1.91493
33 64 -3.91844
33 82 -3.57445
34 35 -4.43612
34 36 -1.70084
34 44 -0.775982
34 45 -1.25517
34 48 -0.210882
34 51 -1.88061
35 45 -0.213352
35 51 -2.41303
36 49 -10.16
36 51 -0.0574207
36 57 -0.0833883
36 85 -7.83689
36 110 -0.0426267
37 42 -4.815
37 67 -0.0378051
38 72 -3.31536
39 61 -1.36303
39 88 -4.07443
40 47 -4.16729
40 53 -2.71175
40 55 -4.0919
40 73 5.77022
40 76 1.60979
42 67 -6.24014
43 44 1.46113
43 75 -0.385443
43 87 0.329714
43 91 0.259766
43 102 1.62807
43 151 0.572969
44 48 -0.416233
44 51 -1.25635
44 75 -0.201898
44 87 0.00228621
44 91 1.30085
44 102 0.463886
44 110 -3.02693
44 151 2.42503
45 48 -0.147731
45 51 1.5202
47 76 -10.651
48 51 -0.295461
51 57 3.05
51 110 3.07912
52 56 -0.649343
52 64 -0.485289
52 69 -0.062318
52 78 -0.032704
52 82 -0.146699
53 55 -0.0700634
53 60 -2.71582
53 84 -2.50563
54 62 -11.0747
54 68 -0.835908
54 96 -9.11179
55 60 -5.49214
55 73 -3.49902
55 77 -2.14064
55 84 0.81228
56 69 0.0225095
56 78 0.0214996
57 85 -3.10675
57 110 0.456747
58 59 0.15718
58 74 -4.60618
58 89 -2.86002
58 100 -6.3128
58 109 -7.71961
58 133 -1.91493
59 66 -0.56723
59 89 -0.235794
59 94 -4.67503
60 84 -4.8442
61 88 -0.962998
62 96 0.938413
62 105 -0.120543
63 82 -0.669846
64 82 1.02854
65 81 -0.017627
66 94 -5.53733
67 71 0.565785
67 72 0.0432032
67 79 -0.470676
67 98 -0.655863
67 101 1.28572
67 144 -0.752103
68 86 -1.29807
68 96 -4.43612
68 156 -3.91844
69 78 1.5121
69 82 0.527383
69 95 -1.23277
70 72 3.23301
70 80 -0.159728
71 72 2.23668
71 98 -0.0675018
72 80 -0.319457
72 98 -0.788665
72 134 2.41897
72 145 1.39593
72 146 1.42058
72 157 -3.20145
73 76 0.90678
73 77 0.74931
73 84 -3.91844
73 99 3.29004
73 120 -5.50047
74 97 -2.31952
74 100 -11.8747
74 116 1.3639
74 133 -1.99411
74 140 0.783758
74 161 -1.39593
74 168 -3.02579
74 179 0.498132
74 187 -0.124533
75 87 -0.0770367
75 91 -0.255816
75 102 -0.625247
76 88 -15.5108
76 120 -8.10021
76 124 -12.7068
76 149 -13.2569
78 82 2.00714
78 95 -6.93845
78 107 -0.0725511
78 117 0.0308652
78 129 -1.70297
79 82 -3.10675
79 101 -1.75131
81 83 -2.36822
81 112 6.06642
81 113 -0.962998
81 122 -4.43612
81 125 0.81228
81 160 0.195158
82 101 3.68254
82 107 3.22232
82 130 -7.59915
82 138 3.33403
82 141 0.849582
82 143 2.41897
82 144 -0.0126131
82 159 -3.47194
82 173 -0.744085
82 185 0.00315994
82 186 0.0197306
82 193 -0.696012
82 202 -0.1118
82 203 -0.056358
83 103 -2.58569
83 122 -0.924411
84 99 -4.95519
84 116 -1.25517
84 140 -4.43612
86 90 -2.78039
86 156 -2.36822
87 91 0.00179547
87 102 0
87 151 0.000777869
88 124 1.78253
88 128 -2.85551
89 94 -0.245925
89 109 -2.31622
89 133 -0.596914
90 95 -2.65977
90 117 -1.12464
90 121 -1.60307
90 129 -2.93164
90 156 -1.54979
91 102 0.0959475
92 106 -0.242411
92 135 -1.54979
93 114 -3.73241
93 115 -3.31536
94 104 -7.97927
94 133 -4.13895
94 161 -5.53733
95 117 -5.53733
96 105 -5.64162
96 154 -4.26911
96 156 0.974629
96 158 -2.40714
96 162 0.389543
96 182 -1.79123
97 116 -3.01573
98 144 0.559213
98 145 -0.195158
98 163 -1.39497
98 169 -5.32811
98 177 0.722426
99 120 -0.905358
99 131 -6.2898
99 132 -0.870842
101 144 -0.557954
102 151 0.353796
102 164 -0.0852887
102 174 -4.43612
103 122 -0.483906
103 142 -1.78253
104 105 -7.19888
104 158 -2.39004
104 161 -8.16734
104 179 -10.3815
105 158 1.98633
106 119 -2.02352
106 135 -3.01573
107 129 0.250924
107 130 -0.687271
107 141 2.25619
108 136 -0.704796
109 133 -4.3033
110 111 1.84714
110 151 -3.1983
110 165 2.1361
110 167 -5.03474
111 167 -1.10372
112 122 -10.6462
112 125 2.71175
112 142 0.251801
112 160 4.53171
112 178 -14.0626
112 227 -0.0476474
113 160 -3.20605
114 115 -6.79436
114 119 -3.73241
114 127 -2.31952
114 139 -15.7851
114 147 -1.10372
115 127 -3.20605
116 140 0.686433
117 129 -0.154208
118 126 -6.23796
118 136 0.0468792
119 135 -2.64699
119 139 -0.669846
119 152 -9.68249
120 131 1.34772
120 149 1.42058
120 150 -7.12692
121 129 -5.53733
121 155 -5.53733
121 156 -8.55306
122 142 -9.05796
123 127 -0.023346
123 128 -3.91844
123 137 -0.533685
123 147 -3.10675
124 128 -0.972003
124 149 -0.305845
126 136 -1.12194
126 148 1.28325
126 166 0.370062
126 191 -0.825393
126 205 -0.162375
126 234 -0.0154822
127 147 -6.1488
128 137 -5.29486
128 147 2.37027
128 149 -10.5616
128 150 2.47197
128 176 -1.39593
128 180 1.9188
128 195 -0.727371
128 199 -0.163779
128 200 -9.26974
128 213 -11.0747
129 141 4.34652
129 156 2.91654
129 201 0.273274
130 141 -1.18877
130 143 -3.43706
131 132 -1.88061
131 150 -4.62753
131 153 -3.73241
131 170 -0.180523
132 140 -2.71175
132 153 -0.56723
133 161 -4.36062
134 146 2.06181
135 152 -5.53733
135 171 -0.226632
135 194 -1.16715
136 166 -4.14515
137 147 -0.539712
139 147 -3.20605
139 152 -15.2306
140 153 -4.8442
140 168 -6.5061
140 170 -7.45185
140 179 2.07513
140 184 -8.64408
140 212 -1.54979
140 221 -2.41897
140 231 3.56859
140 236 -13.1345
140 278 -0.129258
140 282 1.88211
141 143 1.91493
141 156 0.261908
141 159 -1.63282
141 186 -0.00149685
141 193 -0.698452
141 201 1.2044
141 203 -0.0280885
141 215 -0.982543
142 148 -6.95309
142 211 -0.728938
142 217 -0.571541
142 222 0.743326
142 226 -2.47197
142 227 -0.0476474
143 159 -1.02216
144 163 -9.57411
144 173 -7.6246
144 177 5.17647
144 186 0.503128
144 207 -2.14198
144 219 -0.499819
144 255 0.203334
145 157 -0.418426
145 169 -3.31536
146 157 -10.3688
146 164 -8.6653
146 181 -8.05025
146 192 -3.31536
146 228 -8.47283
146 239 -0.517023
146 242 -2.31952
147 152 -0.95544
147 176 -1.54979
148 166 0.197852
148 191 -0.401188
148 205 -2.07034
148 211 0.243348
148 226 -1.67506
148 234 0.612477
148 254 -0.00198617
148 259 -1.78253
148 261 -0.0134698
148 264 -0.305845
149 150 -1.60463
150 170 -0.277503
150 184 -0.0231125
150 196 -0.146094
150 200 -1.63282
151 165 -6.80703
151 174 -5.53733
151 175 -16.612
152 171 -16.3362
152 176 -2.84287
152 183 -0.0264773
153 170 -2.57023
154 156 -0.289934
154 162 -3.91844
155 156 3.43706
156 162 0.09688
156 172 -1.24312
156 182 -0.0248878
156 190 0.976931
156 201 0.427959
156 233 -0.0106903
157 169 -5.80527
157 181 7.07974
158 179 -4.59221
158 182 -2.36822
158 189 -0.687271
160 178 -0.100186
160 198 1.78313
161 179 -3.01573
162 172 -0.337785
162 182 1.36099
162 201 0.172492
163 177 -0.991008
164 174 -3.73241
164 192 -2.36637
165 167 -2.66114
165 175 -8.2903
165 197 -5.53733
166 191 -0.925884
166 197 -0.55042
166 205 4.50252
166 210 -0.0663941
166 234 -0.0917145
166 247 0.0125586
166 254 -0.00217161
166 261 -0.00467371
167 197 -15.5108
169 177 -17.7648
169 181 -2.37636
170 184 0.689095
171 180 -13.5104
171 183 0.218666
171 194 -0.402198
171 195 -0.453107
172 182 -3.10675
173 186 -3.27854
173 207 -0.775982
174 175 -0.722426
174 192 1.88061
175 188 -0.435787
175 192 -1.15896
175 197 1.42961
175 204 -0.340956
175 272 0.758015
176 180 -0.463419
176 183 -0.455472
177 181 0.740221
177 219 -0.351698
177 239 1.06254
177 255 0.618144
177 256 -22.1493
177 258 1.32411
177 260 -3.20605
178 198 -0.482207
178 217 -11.0747
178 223 -7.7319
178 227 -4.43612
179 182 2.80888
179 187 -1.1572
179 189 -0.0700634
179 201 -0.0445905
179 212 -4.04814
179 229 -32.1228
180 183 -0.0757929
180 194 -34.655
180 195 -5.02272
180 213 -8.85269
181 239 1.14578
182 189 -2.22454
182 190 -0.00901134
182 201 -9.40261
182 220 -1.8
182 229 -8.41866
182 233 0.739484
182 245 2.9278
182 253 -0.40238
182 262 5.30289
182 269 1.34772
182 276 5.87206
182 280 -12.4864
182 283 -4.43612
182 297 -1.09991
182 317 -8.98936
182 326 -5.53733
183 195 -0.431874
184 196 -0.86665
184 208 -0.179458
184 209 -3.24385
184 221 -1.06254
185 186 -1.67803
185 193 -0.151677
185 206 -0.0732086
186 202 -0.931811
186 206 -0.118077
186 207 -1.42537
186 250 -7.63685e-08
186 255 3.88252
186 257 0.371388
188 192 1.67751
190 201 0.120961
190 233 -0.0170069
191 205 -0.274059
192 204 -0.89879
192 232 -13.1416
192 242 -0.0579458
192 243 2.42309
192 267 1.75583
193 203 0.0282695
193 206 -2.65561
193 215 -0.0188016
194 213 0.483906
194 265 -1.47101
194 273 -9.77757
194 277 -4.99085
196 200 -4.98098
196 208 -3.57445
196 218 -5.53733
196 225 -3.20605
197 210 2.93164
197 241 5.0569
197 272 3.93749
198 216 -1.16897
198 223 1.18206
198 224 -4.12017
199 200 -2.52745
200 213 1.85529
200 214 -0.645176
200 225 -1.02216
200 230 1.49683
201 215 -5.63627
201 233 -3.12768
201 240 -3.04355
201 245 -0.0879227
201 262 -0.175845
201 269 -1.83462
201 276 -0.0879227
202 206 1.65884
202 246 0.555716
202 250 -0.3348
202 255 -0.409876
202 269 0.0177423
202 294 -5.10815
202 318 -1.88061
203 215 -2.77638
204 232 1.13733
204 272 -4.7927
204 285 -0.533685
205 210 -0.00615728
205 234 -0.171587
205 247 -0.199262
205 254 -0.00430537
205 261 -0.916145
205 264 -0.0101004
206 215 -4.04028
206 250 -0.123726
208 209 -7.95229
208 218 0.567374
208 235 -0.382958
209 221 -0.274059
209 235 -0.635286
209 236 -4.877
209 252 -0.500431
210 241 3.74982
210 247 4.80605
211 226 -3.73241
212 229 -4.89567
212 231 -0.849093
212 237 -3.73241
212 244 -4.8442
212 248 -2.06181
212 249 -6.56412
212 262 -1.23277
212 266 0.226632
213 214 -0.65037
213 230 5.69784
213 238 -0.0594015
213 265 -0.258219
214 230 -0.653979
215 240 -17.163
215 250 -1.95015
215 269 -5.05652
216 223 -5.07564
216 224 -5.53733
216 312 2.06361
217 222 -0.622933
217 223 -0.184202
217 226 -10.3815
217 227 0.508968
217 268 -6.2862
217 281 1.26463
217 290 -0.687271
217 302 -6.63072
217 303 -0.669846
217 312 0.0811884
217 331 -2.78039
218 225 -3.16273
218 235 -1.55401
218 238 2.57989
218 252 0
221 236 -0.210882
222 227 -0.608682
223 224 -2.13145
223 312 -0.776724
223 314 1.42381
225 230 -2.06181
225 238 -4.72913
226 259 -0.148121
226 268 -3.01573
228 239 -14.6748
228 242 -3.57082
228 260 -2.58569
228 271 1.20476
229 245 -4.43612
229 262 -16.612
230 238 -0.223853
230 251 -2.58472
230 265 -2.78039
230 270 -1.69086
231 237 -2.71175
231 282 0.456042
232 267 -1.79487
232 285 -0.775982
234 254 -0.00218892
234 261 -0.0249607
235 238 -2.7753
235 252 -0.252359
236 238 -4.14515
236 252 -1.18877
236 278 -4.78909
236 279 -0.163779
236 292 -8.74338
236 295 -3.57445
237 244 -0.101248
237 263 -4.43612
237 282 -4.43612
238 251 8.22617
238 252 0.0841606
238 275 -4.05142
238 279 -0.982543
239 260 -9.80361
240 269 1.23265
241 247 5.64181
241 272 0.83062
241 288 2.58569
241 307 0.0719344
241 308 3.76604
241 358 2.27269
242 243 -0.712034
242 271 -0.652519
243 267 1.30966
243 271 -3.20452
244 248 -1.95015
244 263 -4.8442
246 250 -0.0658314
247 254 0.0069418
247 261 2.27875
247 264 0.0745611
247 313 -1.23765
247 335 -5.53733
247 351 1.3351
247 358 6.75914
247 359 -4.8442
247 365 -10.3815
247 389 2.41897
248 249 -1.34772
248 263 -3.91844
249 263 -4.43612
249 266 -4.8442
249 282 -5.53733
250 269 -0.0895481
251 265 1.95015
251 270 3.31536
251 275 -4.43612
251 286 -8.06359
251 291 -0.00121906
251 306 -5.742
254 261 0.0173318
255 256 -10.3815
255 257 1.47489
255 284 2.86848
255 294 -4.43612
256 258 -3.91844
256 274 -2.26109
256 284 -3.91844
256 287 -1.1544
256 299 2.93164
256 311 1.27662
256 338 1.70382
258 260 -4.8238
258 274 -8.68818
258 300 -5.53733
259 264 -0.0942895
259 268 -1.63282
260 271 -2.64699
260 289 -0.506666
260 296 -0.0839106
260 300 -1.60731
261 264 0.0307578
261 313 -0.360753
262 266 -0.210882
262 282 7.87345
262 326 -18.2184
262 353 0.135191
263 282 1.21064
264 268 -3.10675
264 281 -4.43612
264 302 0.252672
264 303 -8.07593
264 313 -0.118017
265 270 2.05552
265 273 -4.43612
265 277 2.03777
265 286 -5.25236
265 306 -7.64096
265 320 -0.132481
265 336 1.95907
265 349 -2.91741
265 352 1.20635
265 355 2.92345
265 356 -0.47828
265 428 -0.0228419
265 457 -0.0402773
265 463 -0.0201366
266 282 -0.635286
267 271 -6.16883
267 285 0.804981
267 298 -0.586635
267 305 0.236375
268 281 -3.57445
269 280 -5.53733
269 283 -5.53733
269 293 -18.5325
269 318 -4.43612
270 286 -3.73241
270 463 -0.00628982
271 296 -3.91844
271 298 -7.57488
272 285 -5.94197
272 288 1.34772
272 307 2.95726
273 277 -11.0747
273 319 -5.53733
273 320 -4.8442
273 347 -4.14515
274 287 3.43399
274 299 -0.0290513
274 300 0.726338
274 304 0.0298814
274 332 -0.00437728
275 279 -1.42058
275 291 -2.58569
276 297 -1.34772
276 309 -6.47262
276 317 -7.00007
276 321 -0.13903
276 322 -1.25227
276 337 -6.57195
276 354 -2.90654
276 390 -0.758016
277 295 0.46888
277 319 -2.29792
277 320 -1.93964
277 347 1.57599
277 352 0.139224
277 355 0.852828
277 376 2.86303
277 407 -1.42058
277 410 0.619288
277 424 2.33414
277 425 -0.0155987
277 428 -0.0931806
277 457 -0.650388
277 463 -0.171626
277 469 0.0314348
277 478 -0.00410936
277 484 -2.93164
277 486 -0.286266
278 282 -0.693223
278 292 -0.722426
278 301 -1.80545
279 291 -0.905358
279 295 -0.722426
280 283 1.31327
281 290 -2.12353
281 302 -4.96517
282 292 1.70481
282 301 -3.01573
282 315 -2.72005
282 325 -8.15589
282 330 7.12141
282 353 0.690116
283 293 0.148101
283 297 -4.43612
283 310 0.050831
284 294 -3.43706
284 311 -5.53733
285 305 0.0072161
285 307 -4.43612
287 299 -1.68578
287 300 0.129343
287 304 0.211876
287 323 0.0585352
287 332 -0.877485
288 307 4.19293
288 308 0.0359973
289 296 -4.18544
289 300 3.59227
291 295 1.6774
291 306 -1.16077
292 295 4.4343
292 301 -7.34775
292 330 3.16498
292 341 0.661867
293 310 -0.524633
293 318 3.06061
293 328 3.65188
293 348 -0.289715
293 360 0.618144
293 364 1.85456
293 367 0.522089
293 368 -1.32197
294 311 -4.43612
294 318 -1.54979
295 306 -1.18023
295 330 1.14851
295 336 6.20443
295 341 0.498355
295 352 2.93375
295 356 -0.453561
295 361 0.00764623
295 376 8.86644
295 382 0.250762
295 395 -2.25018
295 397 -2.85347
295 399 1.05971
295 408 1.32764
295 410 1.38292
295 417 -1.27785
295 425 -0.000329805
295 428 -0.405093
295 457 -0.0402773
295 463 -0.0146168
296 298 -2.79766
296 300 -3.40254
297 309 -1.02659
297 310 -2.31952
297 322 1.39593
298 300 -0.101248
298 305 -0.0896862
298 316 -5.72747
299 304 -0.0585918
300 316 0.0987974
300 323 2.63861
300 324 -0.395077
300 332 1.65033
300 333 -0.550497
300 334 -0.309353
300 345 -2.85347
302 303 -3.98058
303 313 -8.05025
303 331 -0.117814
303 335 0.212684
303 343 1.017
303 344 1.68968
303 363 -0.56723
304 332 -0.00993754
305 307 -0.618144
305 316 -4.02977
305 339 -10.2487
305 346 0.266542
305 385 -0.0190914
306 336 -3.08618
307 308 0.143929
307 340 3.81968
307 346 -5.45909
307 350 0.583033
307 358 2.71175
307 362 -4.61887
307 381 -5.53733
309 321 -1.27785
309 322 -0.962998
310 322 -6.10249
310 348 -3.57445
310 368 2.58198
310 374 2.129
311 318 6.96483
311 338 5.48299
311 367 0.188774
311 383 2.09811
311 384 0.0444876
311 412 1.60917
311 415 0.0444876
311 422 0.229701
311 433 0.0444876
312 314 -0.569984
312 327 -14.9931
312 331 -8.74338
312 371 -2.80604
312 375 1.60987
312 387 -2.52745
312 388 -1.81446
313 335 -7.19654
313 351 -0.214688
314 327 -2.18405
315 325 -1.47101
316 324 -1.97373
316 329 -9.26974
316 339 -4.43612
317 326 -4.30977
317 337 -0.429052
318 342 1.06067
318 360 1.05229
318 367 5.22509
318 383 0.257286
318 412 0.287428
319 347 -0.905358
320 347 -0.796843
321 322 3.21218
322 354 3.75182
322 374 -1.78253
323 324 -3.6276
323 329 -2.41234
323 334 -0.527868
324 329 -0.962998
325 330 -3.73241
326 337 -5.73349
326 353 -6.20696
326 357 2.71175
329 334 0.758454
329 339 -2.18405
329 370 -0.533685
330 341 0.331167
330 353 0.27819
330 357 -8.35456
330 373 -6.16713
330 382 0.127342
330 392 -7.41442
330 395 -1.69086
330 397 -9.11179
330 399 1.14578
330 401 -6.51337
330 414 -15.9189
330 419 -9.68841
330 464 -4.43612
331 343 -15.6977
331 371 -1.23277
331 379 1.44559
332 333 -0.27525
332 338 -6.21091
332 345 -3.43706
332 369 -1.68362
332 370 -3.91844
332 384 -2.78039
333 345 0.0544848
334 345 -3.57352
334 370 -5.25236
335 344 -0.50259
335 351 -5.53733
335 372 -2.35033
336 356 -0.464569
337 357 -3.15199
337 377 1.6828
337 390 -0.0784106
338 369 1.26889
338 370 -3.91844
338 384 1.60966
338 393 1.00958
338 406 0.0728857
338 415 3.15257
338 422 3.93592
338 433 0.0854778
339 346 -9.94444
339 370 0.731348
340 362 -0.0856503
340 381 -5.53733
341 361 0.0487501
341 373 -1.62957
342 367 3.37742
343 363 -7.28422
343 378 2.27269
343 379 -14.4096
344 363 -2.70236
344 372 0.657417
345 370 1.98633
346 350 -0.116857
346 362 -0.0544849
346 370 -2.3663
346 381 -2.02352
346 385 -0.175196
346 394 -0.0457496
346 443 0.0347338
346 452 1.83553
347 428 -0.0228419
347 457 -0.0402773
347 463 -0.0129347
348 364 -2.33999
348 366 -2.71175
348 368 -1.00226
349 352 -1.7703
349 355 -1.23277
351 359 -2.66796
351 365 -4.14515
351 372 -5.53733
351 386 1.77285
352 355 3.15837
352 356 -0.331807
352 376 1.3425
352 428 -0.0228419
352 457 -0.0402773
352 463 -0.019867
353 357 -5.53733
354 374 -0.867703
354 380 -9.11179
355 428 -0.0456839
355 457 -0.0805546
355 463 -0.0140866
357 377 -8.35266
357 392 -1.69086
357 396 -20.064
357 419 7.78695
358 381 -3.10675
358 386 2.85347
358 389 0.467445
358 391 -0.934929
358 409 2.56001
358 413 -3.74863
358 471 -3.31536
359 365 -1.39593
360 367 0.5256
361 373 -0.0875048
361 382 0.0251326
362 381 -5.53733
363 372 -3.91844
363 378 -0.434708
364 366 0.0111646
364 367 0.39903
364 368 -9.22457
364 398 0.104129
365 386 -6.99862
365 389 -4.14515
366 368 -0.0090944
367 398 8.63175
367 412 0.573629
367 429 3.66412
367 441 6.87956
367 445 0.246092
367 446 0.729836
367 456 0.715445
368 374 2.56252
368 398 -5.57426
369 370 -4.14515
370 393 -5.53733
370 406 -9.35265
370 439 -1.13064
370 452 0.180834
370 477 0.361669
371 375 -0.273911
371 378 0.449036
371 379 -18.3921
371 387 -3.81381
372 378 0.309353
372 386 -15.9189
372 404 0.618705
372 409 -5.54294
372 416 2.31952
372 430 1.32411
372 431 -8.12302
372 437 -1.88061
372 444 -4.8442
372 447 -5.53733
372 450 1.04226
372 453 -4.28939
373 382 -0.0843607
374 380 -0.140593
374 398 -2.5809
374 400 3.21369
374 402 0.31576
374 403 0.125243
375 378 -0.449036
375 388 -0.635286
376 428 -0.206212
376 457 -0.0805481
376 463 -0.0249453
377 380 -5.53733
377 390 -0.5373
377 419 -0.142815
377 434 -2.47197
378 379 -8.01058
378 387 -2.60055
378 388 -0.0389131
378 404 2.05513
378 405 2.22758
378 416 2.87793
378 421 -0.121332
378 423 0.486122
378 427 3.7274
378 440 -10.3815
378 451 -3.31536
378 472 -3.91844
380 390 -4.8442
380 402 -0.386008
380 434 1.34483
380 436 2.55739
380 438 0.706163
380 449 0.0782762
380 462 1.70445
380 474 0.831582
380 479 1.24576
380 497 1.49635
381 385 -5.24873
381 391 -1.25517
385 391 0.528621
385 394 0.950009
385 435 0.0172179
385 443 -2.05744
385 452 -2.36119
386 389 1.66155
386 409 3.02006
387 388 -0.157202
387 405 -0.163779
391 394 0.0110842
391 413 0.854052
391 435 0.0170983
391 452 -0.467445
391 460 -0.439469
392 396 -1.66356
392 419 -6.56412
393 406 0.0374643
393 415 0.498911
394 435 -0.000119528
394 443 -0.102048
394 452 -0.0350119
395 399 -1.14578
396 419 -2.93164
397 399 -1.78253
397 401 1.34476
397 408 -6.08405
397 411 -0.690029
397 417 -2.52745
397 418 0.388141
398 400 -0.411808
398 403 -0.600967
398 426 -0.023727
398 438 -0.0413379
398 445 0.246092
399 428 -0.0385476
399 463 -0.00546683
400 402 0.0859053
400 403 0.626425
400 426 3.00446
400 436 -0.00751663
400 438 0.161204
401 411 -0.152699
401 414 -9.75379
402 426 0.00243772
402 436 -1.20616
404 416 1.35247
406 415 0.463212
406 439 -0.129266
408 417 -0.669846
408 428 -0.0385476
408 463 -0.00546683
409 453 -0.740165
409 465 -2.36822
409 471 -3.01573
410 424 0.0016622
410 428 -0.100213
410 457 -0.0402773
410 463 -0.0130298
411 414 -0.0475885
411 418 -0.95023
411 420 -0.0360221
412 422 0.310696
412 429 0.783284
412 442 9.70661
412 446 1.88061
412 448 2.61678
412 456 6.18534
412 475 -0.299093
413 452 -3.01573
413 460 -3.37732
413 471 -6.15137
413 481 -1.63282
414 420 3.74952
414 434 0.077373
414 461 6.88122
414 464 0.0677567
415 422 0.625354
415 433 4.38906
415 439 -3.72407
415 452 -3.91844
415 455 8.21593
415 490 0.146762
415 527 0.0598928
415 537 2.81557
415 545 -2.58569
415 551 10.2882
415 553 -1.25517
415 567 -1.54979
416 440 -12.6204
416 444 -4.8676
416 447 -11.0747
416 472 -7.2519
416 482 1.89356
417 418 -4.8442
417 425 -0.306582
417 432 -1.34772
417 454 -0.30738
418 420 -0.0215384
418 432 -2.26766
419 434 -12.0153
419 464 -1.08303
420 432 1.97085
420 461 0.0393169
420 485 -0.246698
421 423 -1.40988
422 433 0.0498794
422 442 2.30723
422 459 -0.924411
422 468 -3.31536
423 427 1.63816
423 451 -13.5876
424 425 0.0547662
424 428 -0.072802
424 457 -0.0402773
424 463 -0.0133945
425 428 1.29268
425 454 1.93647
425 457 -0.0459825
425 458 -9.22781
425 463 -0.0932381
425 466 1.69187
425 467 -10.9352
425 469 0.0679657
425 470 -6.31809
425 476 -2.61727
425 499 -0.388017
426 436 -0.0220253
426 438 3.80266
427 451 -5.53733
428 463 0
428 469 -0.0158522
429 446 0.0700632
430 431 -1.89531
430 437 -3.90216
430 447 -5.53733
431 447 -0.722426
432 454 -2.85347
432 461 -0.224379
432 467 2.98057
432 495 -3.57126
432 496 0.70043
432 500 -2.25016
432 501 0.132677
432 507 0.775982
432 512 -3.57445
432 516 -0.289934
432 517 -0.337785
433 459 -2.87363
433 468 -9.68249
433 489 -0.224689
433 490 4.34255
434 449 0.213619
434 461 0.0558654
434 462 2.78707
434 464 3.32145
434 496 -0.643997
434 520 4.45663
435 452 -2.85347
436 438 2.11266
436 449 -0.00760987
437 447 -0.210882
437 450 -1.53252
437 480 -4.8442
437 483 -1.75507
437 488 -4.9756
437 503 -0.687271
438 445 4.16533
438 474 2.73018
439 452 -3.91844
439 477 -2.17493
441 445 -0.0398801
441 456 2.12654
441 473 -6.86835
442 468 -5.53733
442 473 -5.38092
442 475 -1.8298
442 479 -0.134976
442 489 -0.224672
442 490 2.00579
442 508 5.71058
442 518 -0.172713
442 522 1.11327
442 527 -1.09792
443 452 4.53916
444 447 -7.67932
445 473 0.213952
445 474 -0.0903466
446 456 0.791601
447 480 -15.3187
447 482 -3.57445
447 483 -2.02352
449 462 0.205667
450 453 -2.36822
451 472 0.687271
451 482 -6.85509
451 494 7.19329
451 498 -2.97125
452 460 -2.47197
452 465 13.7546
452 477 3.573
452 481 0.794069
452 491 6.93845
452 529 10.8889
452 545 3.04059
452 551 -5.53733
452 553 -0.42088
452 556 5.51494
452 567 2.56523
452 649 -0.00364971
453 465 -3.1309
453 488 -0.81228
454 467 -12.3093
455 490 2.95707
455 527 -0.117689
455 537 -0.0588447
456 473 -9.68249
456 475 -0.178851
457 463 0.00818637
457 469 -0.0137067
458 466 -0.982543
459 468 -2.47197
461 464 0.119492
461 485 -0.133147
461 496 -8.87224
462 497 5.18453
462 520 10.3305
462 530 6.24063
462 594 -5.53733
463 469 -0.622329
463 478 -0.0608577
464 496 -1.95015
465 471 -0.305845
465 481 1.10372
465 488 -8.39081
465 529 1.98633
465 535 -5.53733
465 541 2.47197
465 551 -5.53733
465 568 -2.65864
465 574 0.279845
465 613 -1.30083
465 620 -3.43706
465 631 -4.14515
465 633 5.94455
465 634 -1.27785
465 636 -5.53733
465 649 2.48519
465 650 -2.10629
466 470 -3.06251
466 476 -2.72649
466 478 1.37803
466 487 -2.47197
467 499 -0.274059
467 500 -0.924411
468 489 -1.98633
469 470 -2.31952
469 478 -0.0031373
469 486 -0.196207
470 478 -3.34327
471 481 -2.71175
472 482 -0.210882
473 474 -4.4949
473 475 -1.52308
473 479 -11.9552
474 479 6.26849
476 478 -10.3203
476 499 -0.100997
476 505 -5.53733
476 506 1.42816
476 507 -0.19563
476 513 0.145252
476 524 -0.0389131
476 547 -0.0525361
478 484 -0.400902
478 486 0.0223577
478 487 -10.9495
478 492 -2.84874
478 505 0.87147
478 510 -2.29179
478 523 2.10599
478 526 -4.14515
478 533 -10.3815
478 542 -5.53733
478 543 0.56723
479 497 1.70008
479 504 -3.46057
479 509 0.82622
479 518 -1.70827
479 525 3.57445
480 482 1.12464
480 483 -2.6333
480 493 -0.652519
480 502 -4.8442
480 503 -2.49331
482 493 -2.2328
482 494 -0.924411
482 502 -1.60463
484 486 -0.00903571
486 492 -0.054227
486 510 -0.31213
486 514 -3.33551
486 523 1.88061
486 531 -2.64699
488 503 -4.54538
488 535 -1.04258
488 538 -1.14127
488 541 -3.20605
488 568 2.28276
488 570 0.305845
488 574 -4.80363
489 490 -0.898722
490 508 0.0498755
490 527 -1.32304
493 502 -3.6117
494 498 -4.9039
494 502 -0.174978
494 503 -0.369897
494 515 1.14712
494 521 -0.514611
494 532 -3.09588
494 534 -0.152858
494 539 0.905749
494 544 3.6902
494 563 2.90206
494 571 0.0539462
495 501 -0.0478227
495 512 -0.0700634
496 501 0.0711407
496 511 -0.0346815
496 512 -1.8687
496 520 -3.81666
497 509 0.70773
497 530 3.65756
498 521 0.514611
498 534 0.0625369
498 539 -1.12935
499 500 -2.22758
499 506 -0.0406956
499 507 0.45172
499 513 -0.0966938
500 507 -4.65255
501 512 -3.05297
502 503 -2.52745
502 515 -0.138069
503 515 -0.467445
503 532 2.84595
503 538 -5.69524
504 509 -0.73224
504 518 0.0379866
504 525 -3.08899
504 555 -0.629378
504 557 5.00621
504 569 1.65734
504 578 -5.15137
504 588 4.80835
504 589 2.08331
504 594 5.04634
504 601 5.10975
504 622 2.59604
504 698 1.81135
505 524 -4.8442
505 526 -3.91844
506 507 -0.100128
506 513 3.26768
506 524 -2.00683
506 528 0.0180333
506 540 0.00799058
506 547 -0.934529
507 513 -1.37215
507 516 -13.8929
507 519 0.635286
508 522 1.21465
508 527 -4.46342
508 557 -2.27269
508 558 -4.43612
509 530 0.707485
509 536 -2.36621
509 555 4.80076
510 514 -0.669846
510 523 -1.12464
511 512 0.0328862
511 516 0.0131995
511 520 0.148389
512 516 0.266753
512 517 -0.0130884
512 520 4.5135
512 550 -0.34492
513 519 -0.905358
513 528 0.0281957
513 547 -0.0849814
514 523 -5.63387
516 517 -0.0962401
516 519 -4.8442
516 540 1.16715
516 549 2.35262
516 550 0.00255291
516 554 0.0207659
518 522 -1.21684
518 525 -1.84619
518 557 1.14932
519 528 -2.85347
519 540 -0.990304
520 550 -0.263359
520 564 2.47868
520 573 0.572315
520 576 -10.3985
520 585 -9.28032
520 591 0.905357
520 593 3.10675
520 594 -8.64408
520 612 2.78039
520 621 -3.91844
521 539 -15.3316
521 575 2.78039
521 577 -5.53733
521 584 -1.23277
522 557 -6.58157
522 558 -7.0768
523 531 -5.29986
523 542 -5.54317
523 543 0.83062
523 546 -4.8442
524 526 -5.66823
524 547 -3.72775
526 533 -1.92013
526 547 -0.195158
526 548 0.0244589
527 537 0.5302
527 557 1.44082
527 578 -0.172501
528 540 0.28541
528 547 -0.29239
530 536 -5.85059
530 594 -5.53733
532 538 -6.33741
532 560 -0.81228
532 563 -0.044604
532 579 1.91493
532 590 0.0636574
532 604 -3.31536
533 543 -5.53733
533 548 0.00486785
533 552 0.737179
533 561 0.113163
534 539 -0.207988
534 544 -0.0443814
535 541 -3.57445
536 555 -7.41066
536 589 -0.225479
536 594 -0.882711
536 698 -0.139353
537 551 5.78685
537 559 3.96805
537 578 1.2546
537 605 0.796788
537 607 1.55682
538 560 -3.08213
538 568 -0.356545
539 544 2.99629
539 571 0.0877968
539 577 -1.38887
539 582 -0.4599
540 547 -2.45558
540 549 1.41872
542 543 -6.45278
542 546 -2.31952
543 546 -8.41866
543 552 -5.53733
543 561 -14.3
543 565 -2.44466
544 563 1.88856
544 571 0.259273
544 592 0.944281
545 553 -0.105072
547 548 -2.41897
547 549 -2.34448
547 552 -2.77947
547 572 -13.7164
548 552 0.553294
548 561 0.0129678
549 554 0.014759
549 562 -0.65512
549 566 0.425989
549 572 0.623456
549 580 -3.01573
549 583 -2.02352
549 586 -1.98633
550 554 -1.25096
550 576 -1.49683
551 567 -3.20605
551 605 9.64086
551 607 0.303479
551 631 7.81653
552 561 11.2476
552 572 0.331611
553 567 -0.421474
554 562 -0.203031
554 566 0.0295181
554 576 -0.353819
554 583 -3.73241
555 589 -0.51579
557 558 -0.905358
557 569 1.36645
557 578 -0.172501
560 568 -1.95015
560 579 -0.00778178
561 565 -4.14515
561 572 3.55409
561 586 -16.8636
561 595 1.46687
561 596 0.0212353
561 599 -0.831576
561 615 -0.116347
562 566 -0.722827
562 572 -0.026895
563 571 -0.204833
563 590 -0.0486412
563 592 1.76577
564 585 -4.14515
566 583 -5.53733
568 570 4.23608
568 574 -0.33369
568 579 -3.57445
568 598 -0.123919
568 604 -0.0839435
568 610 0.519624
568 613 2.31926
568 620 -0.014745
568 624 0.438437
568 627 -0.288383
569 578 -1.28645
569 698 0.162356
570 574 -0.0553583
571 582 -0.919794
571 592 -5.30923
572 586 -14.2807
573 576 -1.00226
575 577 -4.8442
575 584 -4.85198
576 583 -3.15591
576 585 -0.669846
576 594 -5.53733
576 597 2.58468
576 602 0.982543
576 616 -5.53733
577 582 -9.3507
577 584 0.0429844
577 592 0.00723997
577 625 -0.000439964
578 607 3.32346
578 622 -3.73241
578 641 3.01573
579 598 -0.418426
579 604 -6.01971
580 583 2.59386
580 586 4.53446
580 587 1.42188
580 606 3.4176
580 608 1.78253
580 614 5.04218
581 591 -6.6637
581 594 -0.226632
582 584 0.234102
582 592 2.22323
582 603 -0.0504918
582 617 3.84556
582 625 0.0177437
583 586 0.0288308
583 587 0.0971017
583 606 0.162285
583 609 -2.36612
583 611 0.465775
583 616 -0.584119
584 592 0.650613
584 603 -0.0700162
584 625 -0.00169868
585 593 -4.8442
585 597 -9.26974
585 600 -2.52745
585 602 -1.69086
586 608 5.42159
586 615 0.446423
586 626 7.14437
586 629 0.00453546
587 606 0.150564
588 594 1.8488
588 698 0.264761
589 594 0.753978
589 601 3.30441
589 698 0.293817
590 592 -0.021113
590 604 -1.14578
591 594 -12.6047
592 603 -0.017997
592 604 -9.28032
592 617 5.52083
592 625 0.0228877
592 630 -4.14515
592 638 3.12767
593 602 -0.0404933
593 612 0.0809867
594 601 1.22682
594 602 -5.26786
594 606 -3.57445
594 609 -7.54287
594 611 -3.20605
594 616 2.47763
594 621 -0.059761
594 622 2.41028
594 628 0.875642
594 632 3.41433
594 635 -3.01573
594 639 -1.21907
594 640 -7.79826
594 641 -7.36776
594 645 -6.5061
594 647 -1.04879
594 653 -9.25701
594 658 0.976523
594 660 -3.44728
594 674 -4.20822
594 680 -3.57445
594 684 0.51206
594 686 -3.78488
594 691 -4.8442
594 698 2.02895
594 705 0.212647
594 709 -2.22227
595 599 -0.333956
596 599 -0.206382
596 615 -0.61013
596 618 -0.387422
597 600 -5.63827
597 602 0.823634
598 604 -0.0315897
598 610 -0.0299391
599 615 -0.0403859
601 698 0.913157
602 612 -5.26721
602 621 -4.85648
602 640 -0.309465
603 625 -0.00769518
604 610 0.0487088
604 620 -4.43612
604 624 -0.620248
604 627 -8.35456
604 630 0.425114
604 644 -4.8442
604 648 -0.984165
605 607 3.31504
605 623 -0.853302
605 631 0.706349
605 636 -0.0202107
605 642 -0.285625
605 646 -0.48364
606 608 3.84102
606 611 -0.0371893
606 614 5.0623
606 619 2.39884
606 626 2.79417
606 628 -4.8442
606 629 1.08467
606 635 -4.8442
607 623 -1.10296
607 641 3.73241
607 642 -6.07299
607 651 3.10675
608 614 2.797
608 626 6.53232
608 629 0.0172817
609 611 -0.216811
610 624 -0.0378977
612 621 -16.612
613 620 -0.0151003
613 627 -0.194439
615 618 3.62642
615 626 6.27722
615 629 0.00453546
616 698 0.102405
617 625 3.8618
617 638 1.98633
618 626 0.791801
618 629 0.00226773
618 637 10.1183
620 627 1.6381
620 633 -3.01573
620 634 4.47371
620 638 -3.91844
620 644 -1.12464
620 648 1.04226
620 654 -4.04272
620 656 0.119542
620 657 -0.889846
620 668 -0.00204252
621 632 -0.193175
621 640 3.14375
621 647 2.18405
622 641 -8.07783
622 698 0.185761
623 636 -0.000393095
623 642 0.711242
623 646 0.295779
624 627 -0.77641
625 638 3.31536
626 629 0.320729
626 635 -6.83916
626 637 5.28615
626 643 6.44676
626 652 0.872439
626 663 3.00351
626 664 -0.329363
628 635 0.0521655
628 639 -1.69517
628 698 0.102405
629 635 -17.8616
629 637 0.00226773
629 643 0.00690471
630 638 -9.28032
630 648 -0.850227
631 636 6.46371
632 640 -2.87141
632 647 -1.9287
632 698 0.725631
633 634 -6.93026
633 649 -0.359025
633 650 -0.103219
633 656 -8.40459
633 673 -5.53733
633 677 -5.53733
633 678 -5.53733
635 639 -0.104331
635 645 2.5448
635 653 -12.7061
635 663 -14.5089
635 664 -2.52745
635 684 -1.39593
635 697 0.132481
635 698 -2.64688
636 642 0.0597014
636 646 0.228263
636 649 -3.43706
636 655 3.80365
637 643 3.60529
637 652 6.33575
637 663 1.53475
638 648 -4.76704
638 654 -5.53733
638 659 -10.3815
638 661 -10.3815
638 666 -8.76265
639 645 0.0826841
640 647 1.42018
640 698 -0.120088
641 651 4.88265
641 680 2.41897
642 646 3.22
642 651 -3.76644
642 655 0.602122
642 667 2.07732
642 675 3.0392
642 676 -0.949324
642 678 -5.53733
644 648 -3.20605
645 653 -1.98633
645 658 -1.60463
646 655 1.97613
649 650 -0.206437
649 655 -3.16279
649 673 -11.0747
651 675 -0.886457
651 680 7.02181
651 695 0.248173
651 701 -1.32411
651 702 -9.26974
651 704 0.932855
651 706 0.571731
651 708 0.736533
652 663 0.123807
653 658 -5.53733
653 660 -8.58127
654 656 -0.120287
654 657 1.6328
654 662 1.26294
654 666 -6.45023
654 668 3.66826
655 667 2.52403
655 673 -5.53733
656 657 -0.659087
656 662 -0.0539505
656 668 -0.0223102
656 670 0.0357271
656 677 -5.53733
656 678 -4.8442
657 662 0.0210407
657 668 -0.00277342
657 670 0.00137581
658 660 -0.402198
658 698 0.102405
659 661 0.100201
659 671 0.122953
659 672 -0.678124
659 679 0.728567
661 665 5.45734
661 666 8.62259
661 669 -4.66669
661 679 7.55757
661 681 3.33913
661 683 3.31536
661 687 0.00376309
661 688 1.14964
661 689 -6.61712
661 690 0.873223
662 668 0.0429564
663 664 -0.329363
665 669 -0.905358
666 668 -3.31536
666 683 2.78039
666 685 1.84714
667 673 -5.53733
667 678 -5.53733
668 670 -0.261676
668 682 -5.53733
668 685 -12.9978
670 678 -2.93164
670 682 -2.78039
671 672 -1.98632
671 679 2.78386
672 679 -2.80381
673 678 14.819
675 676 -0.763077
675 678 -15.2257
675 702 -5.53733
676 678 -3.91844
677 678 3.10675
678 682 3.31536
678 693 7.69176
678 694 3.65106
678 695 -7.00834
678 700 1.98633
678 702 10.8519
678 706 -5.53733
678 708 -9.68841
678 711 8.65982
678 717 -6.1564
678 718 -0.56723
678 720 -5.12971
678 721 9.42749
678 722 3.10675
678 725 2.22758
678 727 1.18296
679 681 9.76125
679 692 9.15929
679 703 0.483906
679 707 8.58127
679 710 -1.61501
679 712 1.93212
679 714 7.46051
680 686 -0.886457
680 695 0.0856502
681 687 0.025269
681 692 6.5822
682 683 19.0943
682 685 13.2836
682 693 9.85275
682 699 7.34153
682 713 3.01573
682 715 3.5753
682 723 3.73241
682 728 3.43706
683 685 3.91844
683 689 -1.9898
683 690 2.58569
683 696 -3.43706
683 707 13.426
683 715 3.31536
683 716 1.23277
683 723 3.43706
683 726 1.47101
684 698 0.637236
686 695 -13.5869
686 709 0.481948
686 722 -15.5108
687 688 0.118189
687 690 0.00178944
687 692 0.00752175
687 696 -0.118991
687 707 1.08364
687 710 -0.13467
688 690 0.291092
688 696 -0.196055
689 690 -3.74982
690 696 -4.18692
691 698 -4.8442
692 703 0.289934
692 710 -4.70296
692 712 1.14824
693 694 7.96777
695 706 2.90251
695 722 -3.73241
696 707 -0.0836052
697 698 -0.0700634
698 705 0.32196
698 724 -26.9935
698 729 -4.14515
698 730 -15.5108
701 702 -5.15349
702 708 -3.73241
704 706 0.104331
704 708 0.343658
704 718 -3.91844
705 709 -1.02216
705 724 -5.53733
706 718 -5.42159
707 710 -4.37643
707 716 3.19486
707 719 1.18263
707 726 1.95015
708 718 -1.30083
709 722 -21.0481
709 724 -11.0747
710 712 -0.391939
711 717 -1.93165
711 720 -0.557858
717 720 0.533685
720 727 -0.147595
722 724 0.038913
722 731 1.88061
722 732 0.982543
724 729 0.552656
724 730 2.46868
729 730 0.174816
