MULTICUT
0 8 2.36822
0 15 4.14515
0 16 5.11569
0 27 5.12908
1 8 6.6637
1 9 1.29391
1 21 4.05798
2 5 -5.53733
2 69 -14.8177
2 71 -4.8442
2 106 2.70267
2 148 2.06181
3 6 6.74813
3 12 8.16853
3 13 7.3745
3 42 4.32461
3 50 3.10675
3 56 4.64769
3 61 7.28959
3 70 9.41726
3 77 2.31952
3 79 2.78039
4 14 4.10943
4 15 9.41347
4 23 8.35514
4 25 3.20604
5 17 0.710234
5 26 5.96883
5 60 -15.3709
5 69 -3.20605
5 71 -3.91844
5 78 -2.78039
5 84 -4.8442
6 13 7.27127
6 14 0.179457
7 14 5.05765
8 21 8.28314
8 24 5.23124
8 27 7.24384
8 28 3.73241
8 38 4.4615
9 17 3.91844
9 21 5.54294
9 29 1.52308
9 31 7.17034
10 20 -3.0377
10 54 -5.49239
10 122 -0.0865361
11 12 4.7537
11 18 6.0051
11 20 4.41887
11 43 6.31279
11 49 9.42855
11 54 6.93845
11 68 2.85347
11 91 0.722426
11 107 7.36776
12 18 4.73527
12 22 9.92529
12 30 5.22966
12 42 4.0979
12 47 1.24955
12 49 2.86992
13 14 5.7734
13 19 3.73241
13 35 7.40633
13 37 3.43706
13 50 6.12248
14 19 3.73241
14 23 2.93164
14 33 6.85009
14 35 2.50563
15 16 3.73241
15 25 8.32651
15 27 6.59018
15 39 2.78039
15 41 3.31536
15 45 4.6475
15 48 4.87699
17 26 6.29308
17 29 1.98633
17 31 2.34499
17 32 3.73241
17 34 9.07129
17 40 8.45285
17 53 7.35413
17 85 4.14515
17 98 11.1899
17 103 -0.593885
17 113 -2.02352
20 54 2.93164
21 24 1.47101
21 27 3.73241
21 28 4.44249
21 31 7.2519
21 36 3.74308
21 38 2.64699
21 52 4.86286
23 25 7.84671
23 33 12.253
23 45 1.12016
23 48 8.17828
23 57 4.14515
23 64 13.7499
23 67 4.52945
23 76 8.81308
23 89 2.68448
23 102 1.08303
25 48 0.83062
26 40 4.14515
26 60 -0.03472
26 99 4.99828
26 113 -2.14198
26 133 -6.91309
26 156 -4.14515
26 161 -4.14515
27 38 3.73241
27 41 4.14515
27 45 2.797
27 46 5.66272
27 51 5.78512
27 52 2.36822
27 58 1.84714
27 59 7.54287
27 62 4.21391
27 65 3.20604
27 66 9.59786
27 73 1.60463
27 74 8.06864
27 75 3.73241
27 80 3.73241
27 88 4.26918
29 31 1.00226
31 34 1.66155
31 52 1.72077
31 53 3.53603
31 63 10.4811
31 65 8.92949
31 81 5.68607
31 82 4.04814
31 112 0.141121
33 35 6.84093
33 44 0.944442
33 55 5.86672
33 57 2.36822
33 76 2.27269
35 37 1.63282
35 44 0.923133
35 50 11.5895
35 55 5.36608
35 72 2.47197
39 45 1.72077
41 45 1.88061
42 47 2.78039
42 56 1.98633
44 55 0.374053
45 48 2.03095
45 58 1.75131
45 59 4.68773
45 67 2.83369
47 49 6.46312
47 56 10.9435
47 101 7.08527
47 110 2.93164
49 68 3.31087
49 101 4.60358
49 107 3.90551
50 70 2.52745
50 72 6.45042
50 94 4.28871
52 65 2.58569
53 81 0.962998
53 87 3.30713
53 103 -1.63845
54 91 1.91493
54 107 4.1401
54 108 2.85347
54 122 0.620221
54 124 3.69718
54 132 1.27399
55 72 5.09789
55 76 2.60304
56 77 2.47197
56 79 16.3689
56 101 2.71067
56 115 0.587649
56 125 2.52745
58 59 2.18405
59 67 1.14578
59 73 2.6456
59 88 2.78039
59 89 2.06181
59 97 9.74596
60 71 0.0165672
60 78 1.66927
60 83 4.52912
60 84 6.86958
60 86 3.29683
60 90 1.88924
60 93 0.886317
60 99 -0.364237
60 100 1.49741
60 111 -0.149685
60 117 3.21012
60 144 0.0289996
60 151 0.0165672
60 158 0.0165673
60 177 0.0165672
60 185 -0.0143702
60 186 0.0135772
60 196 -0.0143702
62 66 1.37165
63 65 4.47207
65 80 6.63072
65 81 2.79954
65 112 0.649611
66 74 2.93164
66 80 5.42806
66 96 2.27269
66 112 1.25517
67 89 0.794069
69 71 11.98
70 79 9.21784
70 94 1.66155
71 84 6.19689
71 99 -0.678049
71 114 10.2826
71 148 -3.77374
71 151 3.20761
71 158 1.1088
71 168 0.408682
72 76 2.02352
72 92 1.60463
72 94 8.35909
72 109 8.68514
74 75 3.73241
74 88 6.07413
74 96 2.93164
74 97 6.28666
74 112 5.33806
74 116 4.11729
76 92 12.3847
76 102 8.88289
76 119 2.71175
77 79 3.01573
78 99 -0.0834396
78 111 -0.00707682
79 94 1.37165
79 95 12.6539
79 104 4.16904
79 105 2.85347
79 125 5.42338
79 128 5.25687
79 131 1.81446
80 112 9.46398
81 87 4.54389
81 112 0.524445
81 135 0.115303
81 145 0.0275075
83 86 3.7801
83 90 0.09105
83 99 -0.267151
83 111 -0.0129112
83 144 0.153719
83 186 0.0146613
84 86 0.0524771
84 90 2.96361
84 99 -3.81024
84 111 -0.0160069
84 117 0.483906
84 144 1.9774
84 151 3.63243
84 158 1.54656
84 177 3.07622
84 185 -1.02764
84 186 4.42707
84 196 -0.379441
84 215 0.11955
86 99 -0.33724
86 100 2.73909
86 111 -0.0170165
87 103 -0.165866
87 116 -0.342588
87 120 7.98564
87 135 0.0339046
87 141 8.40844
87 145 -2.08446
87 166 3.52908
87 175 1.23682
87 182 0.0657868
88 97 2.27269
89 97 7.04944
89 102 4.07742
90 99 -0.542549
90 111 -0.00950688
91 107 1.30886
92 109 3.43706
92 119 8.81879
92 130 3.70473
92 134 4.43612
93 99 -0.0285021
93 111 -0.00650858
94 95 3.20604
94 109 7.83689
94 118 1.23277
94 126 4.66553
94 128 3.25629
94 129 2.14198
94 130 3.43706
94 140 3.43706
95 105 3.33754
95 128 2.92387
95 129 2.14198
96 112 0.038913
97 102 7.83689
97 116 3.73241
97 123 2.98559
97 127 3.73241
97 139 11.3146
97 152 3.31536
97 157 1.98633
97 160 1.30083
98 103 -0.242411
98 113 -6.8312
99 100 -0.107172
99 111 2.01024
99 144 -0.481313
99 151 -0.450255
99 158 -1.16535
99 161 -0.0762083
99 176 3.75215
99 177 -0.382917
99 185 1.6547
99 186 -0.68338
99 193 -15.1137
99 196 2.63676
99 215 -2.62668
99 216 -5.53733
99 217 -5.53733
99 227 3.91844
99 233 -7.56086
99 235 2.93164
100 111 -0.00702626
101 107 5.18449
101 110 3.57445
101 115 4.44571
101 128 0.116293
101 131 5.00821
101 149 -0.0755101
101 150 0.477605
102 119 10.5233
102 127 8.12076
102 152 3.91844
102 157 1.69086
103 113 -0.153195
103 120 2.63209
103 121 -3.05828
107 108 3.31536
107 124 6.39666
107 149 -0.190845
107 150 -0.0359784
109 130 7.01081
111 144 -0.24119
111 185 0.0694703
111 186 -0.0340443
111 196 0.0694704
112 116 0.398193
112 135 0.257473
113 120 1.08773
113 121 1.65022
113 133 2.13068
113 137 1.59029
113 138 0.773776
113 146 0.473179
115 125 1.53602
115 131 0.164441
116 135 4.80941
116 136 8.27201
116 145 0.582292
116 160 1.16821
116 182 1.56159
118 126 0.226632
119 134 2.2491
119 152 1.22385
119 167 0.935795
120 121 0.00644236
120 138 0.242556
120 141 1.63282
120 146 -1.5174
122 132 0.132481
122 147 0.924411
124 132 1.48321
124 142 4.10149
124 149 -0.0322792
125 131 1.65977
126 128 5.45734
126 140 3.15098
128 129 2.47197
128 131 1.67875
128 140 3.59923
128 149 0.127021
128 150 6.02021
128 154 2.5304
128 162 10.0918
128 184 0.00522292
130 134 3.61663
130 143 2.97527
130 153 4.20858
130 165 1.12464
130 167 3.39014
131 150 0.55325
132 142 3.12435
132 147 3.70147
133 137 0.603387
133 155 0.788174
133 156 -2.64699
133 163 -1.14645
134 152 3.25918
134 167 6.39995
135 145 0.0849391
137 146 7.0639
137 155 1.83852
137 169 -1.48609
138 146 0.0305736
139 152 3.91844
139 160 2.06181
139 182 5.0814
139 200 2.18405
140 143 8.01058
140 153 9.14013
140 162 3.57445
140 164 6.06814
140 179 0.637568
140 188 0.176117
141 146 -2.20788
141 166 3.60098
141 169 2.36822
142 147 5.12982
142 149 0.116806
142 150 1.44952
142 159 5.93419
142 170 4.2148
142 183 2.45681
143 153 2.78039
145 182 0.465585
146 169 -8.90194
146 173 -0.635286
147 170 3.04114
147 178 1.11063
147 183 0.333566
148 168 -0.687271
149 150 0.477905
150 162 -1.01908
150 174 -0.0790019
150 183 0.0925135
150 184 -0.00886698
152 157 3.91844
152 167 6.19166
152 197 5.61748
152 200 2.71175
152 213 0.257939
152 272 0.188715
153 165 5.05795
153 167 0.943623
153 172 1.72077
153 179 2.33821
153 181 2.66717
153 189 0.182741
153 197 0.466002
153 213 0.088618
153 272 0.0642785
154 162 9.47862
155 163 -0.152828
155 169 -0.743708
155 180 -2.47197
156 161 -0.0798745
156 163 0.046596
156 171 -0.0113152
158 168 1.50256
158 186 4.62274
158 187 4.68773
158 191 -20.7631
158 205 0.0492944
158 207 -0.0246472
158 215 1.17897
158 227 -0.386023
158 235 -1.27785
159 183 2.52424
160 182 1.59398
161 163 -3.29479
161 171 1.02914
161 176 -0.342088
161 180 0.459506
161 193 1.78114
162 164 10.6378
162 174 4.67737
162 183 4.51728
162 184 0.660873
162 195 4.31734
162 197 0.0602375
162 202 3.31536
162 206 9.10996
162 209 9.22322
162 210 1.59777
162 213 -3.45233
162 272 0.022738
163 171 -0.0690828
163 180 -4.8442
164 188 2.86056
164 195 6.22803
165 167 2.41897
166 169 7.06843
166 175 3.91564
166 190 -0.319249
166 201 2.13647
166 211 0.6752
167 172 10.4145
167 189 3.23569
167 197 3.27952
167 213 0.088618
167 272 0.0642785
168 191 -5.178
168 192 1.6652
169 173 3.57445
169 180 3.15154
169 190 -0.333304
169 193 11.3078
169 194 3.91844
169 211 7.68692
169 220 3.43706
169 234 3.73241
169 240 0.819353
169 241 -3.72945
169 264 -0.274199
170 183 1.42776
172 181 0.684749
172 189 0.0594168
174 184 0.0526439
175 182 5.20468
175 201 2.76359
175 211 0.847245
176 193 -3.52077
178 183 2.52612
179 188 0.340433
179 197 0.485433
179 213 0.088618
179 272 0.0642785
180 193 2.37447
181 189 0.0594168
182 200 1.70448
182 201 0.733672
182 211 0.330338
183 184 0.228809
183 198 1.84714
183 203 -7.76576
183 206 1.16715
183 212 1.67316
186 196 -1.88061
186 215 0.0732543
187 191 -5.53733
188 195 1.0286
188 197 7.4827
188 213 0.265854
188 272 0.192835
189 197 5.32176
189 213 0.177236
189 272 0.128557
191 192 -11.0747
191 205 -2.52745
191 207 -5.53733
191 208 -3.73241
191 218 -4.8442
191 225 -8.09661
191 235 -10.3815
191 250 -0.148577
191 262 -0.0371332
192 208 12.0018
193 194 3.57445
193 199 4.30447
193 216 10.9843
193 221 12.9652
193 228 3.91844
193 234 3.31536
193 240 0.000864619
193 242 1.75131
193 245 3.73241
193 246 11.9319
193 264 -0.950741
193 265 6.71794
193 266 3.73241
193 269 -0.0544849
193 270 7.01151
193 271 6.83916
193 278 4.40015
193 279 7.3615
193 294 2.95615
193 310 4.78176
193 312 1.44559
193 320 2.93164
195 197 3.26343
195 209 3.1118
195 213 0.177236
195 272 0.128557
197 200 3.66451
197 201 9.68701
197 204 3.8926
197 209 5.69439
197 213 4.09094
197 219 -14.4096
197 226 1.12334
197 230 8.37599
197 236 0.376652
197 239 1.14867
197 243 4.02443
197 252 0.631215
197 253 2.73931
197 268 3.45841
197 272 7.83262
197 280 2.9151
197 283 8.01258
197 290 6.49209
197 314 6.14602
198 212 1.47836
200 201 1.9216
200 211 0.0859055
200 213 0.0887291
200 272 0.0642785
201 204 1.16741
201 211 6.18169
201 213 0.195481
201 214 3.53767
201 222 4.48927
201 226 6.65443
201 230 4.01964
201 231 1.08205
201 232 1.62149
201 236 0.523103
201 272 0.0642785
203 206 -1.42058
203 212 -0.12259
203 219 0.434411
204 213 0.0887293
204 272 0.0642785
205 207 -1.13115
206 210 3.46842
206 213 -2.38846
206 219 -4.8442
208 218 2.55907
208 223 4.60302
208 224 4.43612
208 225 -0.000140414
208 229 2.47986
209 213 0.264719
209 272 0.128557
210 213 -1.08662
211 214 1.31792
211 220 4.43612
211 222 1.78303
211 232 8.76265
211 241 -10.3815
211 244 5.53733
211 247 -6.06009
211 248 7.76491
211 251 -0.274059
211 263 -3.01573
212 219 -18.9184
213 219 -2.44749
213 226 0.177868
213 230 0.521025
213 236 0.176101
213 239 0.176101
213 243 0.176101
213 252 0.176101
213 253 0.353759
213 268 0.176101
213 272 0.316132
215 227 -0.669846
216 217 3.91844
216 237 3.91844
216 238 5.46025
216 242 0.618144
217 233 -3.693
217 238 6.51337
217 255 -1.9562
217 257 0.0841639
217 262 1.78718
217 267 -21.4216
218 225 -0.000140414
218 229 0.444334
222 232 0.54002
223 224 7.86055
224 225 2.71175
224 229 8.40744
224 258 4.31837
224 261 3.73241
224 273 2.34308
224 282 7.08312
224 295 5.44598
224 307 4.81067
225 229 5.70372
225 250 1.65646
225 258 2.06181
226 236 5.86349
226 272 0.0642785
230 272 0.207307
231 232 2.58295
231 236 1.25517
232 236 6.33776
232 244 1.72077
232 248 3.397
232 249 4.99348
233 235 -2.62612
233 255 -0.467445
235 255 -2.86556
235 257 -3.01573
235 262 -3.07306
236 243 2.75503
236 248 1.87048
236 249 0.0931396
236 259 7.36776
236 260 1.75058
236 272 0.0642785
237 238 2.78039
238 242 3.43706
238 246 16.0888
238 267 -9.11179
239 243 2.94205
239 272 0.0642785
240 241 -0.469868
240 256 1.54843
240 264 0.0944273
240 277 -4.14515
241 247 0.982543
241 254 -13.259
241 256 5.91624
242 246 2.41897
243 248 4.14515
243 253 3.68724
243 259 10.7185
243 272 0.0642785
243 274 4.93933
243 284 2.71175
243 291 6.45278
243 297 7.58221
243 300 4.88928
243 304 3.73241
243 315 4.43612
243 321 11.7873
243 323 18.0217
243 325 9.3282
243 337 1.09887
243 339 1.39593
243 349 8.51559
243 356 6.6802
243 362 0.337785
243 377 1.88563
244 248 1.52308
246 267 -9.28032
246 271 3.01573
246 310 1.20731
247 251 -0.402198
247 254 -8.87224
248 249 2.52595
248 259 3.57445
248 260 8.48125
248 263 -3.43706
248 275 7.87756
248 292 -2.18405
248 304 11.0998
249 260 0.72937
250 258 5.98608
250 262 2.01635
250 276 2.89142
250 285 0.254018
251 254 1.12464
251 263 -0.369897
252 272 0.0642802
253 272 4.27682
253 284 3.73241
253 286 10.9489
254 256 -0.618144
254 263 -14.5339
254 289 0.0189193
254 296 -0.149525
255 257 -0.151504
255 262 -0.218823
256 264 0.314394
256 277 -3.20605
256 289 -11.7397
256 293 4.64983
256 305 -1.27785
256 309 1.35439
256 311 -0.601089
256 329 0.583141
256 330 2.76315
257 262 0.61426
258 273 7.84104
258 276 -0.00121226
258 282 1.14578
258 285 0.572548
258 295 4.59464
261 273 3.10675
262 267 -1.64611
262 276 0.626794
262 285 -0.662637
262 287 -8.27027
263 288 -1.9916
263 289 -0.0778417
263 292 0.810945
263 296 0.350527
264 269 -5.53733
264 277 -3.43706
265 269 -3.43706
265 277 -3.20605
265 279 2.60517
265 294 0.867703
265 298 -1.39593
267 287 -2.71175
267 310 -2.71175
267 313 -3.58758
267 332 -2.78039
267 346 -3.32181
267 347 -2.58569
267 351 1.83415
267 353 0.0727859
267 354 0.832976
267 357 -4.8442
268 272 6.29554
269 277 0.635286
272 280 4.04722
272 281 3.91844
272 286 4.43612
272 299 3.43706
272 303 7.5069
272 308 2.93164
272 314 3.57445
273 282 2.99359
276 285 -0.313397
277 293 -2.42851
277 298 -1.66155
277 302 -4.58197
277 317 11.2454
277 328 -0.0388742
279 294 10.9449
281 286 6.99883
281 303 6.93417
281 308 4.14515
281 316 8.14171
281 326 3.43706
281 331 3.43706
281 337 4.61904
281 342 9.35997
281 358 2.71175
281 361 4.14515
281 364 6.3687
281 372 2.93164
281 374 0.886457
281 377 0.212656
282 295 0.924411
283 290 10.0132
284 286 2.85347
284 297 1.30083
285 287 6.14519
285 295 2.92952
286 297 10.4622
286 306 5.90674
286 316 4.8442
287 295 5.01551
287 319 8.46483
287 332 1.04226
287 333 5.56522
288 292 -0.963683
288 296 -1.98633
288 301 -0.323214
288 305 1.24224
289 296 -0.0970096
289 301 -3.166
289 311 -0.0690376
290 314 17.2235
290 324 4.43612
290 327 12.123
290 336 14.1882
290 367 3.73241
290 368 1.78253
290 375 11.1522
290 397 4.14515
290 405 9.28032
292 304 -4.7331
292 305 -6.66264
292 330 3.71973
293 309 2.06013
293 317 0.000509434
294 298 -1.50621
294 302 7.65898
294 320 7.02519
294 328 4.14515
294 335 8.98936
295 307 4.82032
295 319 3.73241
296 301 -0.886457
297 306 3.10675
297 316 3.94163
297 323 4.43612
297 337 -2.67023
298 302 -0.14955
299 303 3.20604
299 308 8.35456
301 305 -0.0039031
301 311 0.139851
301 318 -0.882333
302 328 2.63448
303 308 6.22177
304 325 6.98703
304 330 0.0473608
305 311 0.347852
305 318 -2.39678
305 330 -10.294
307 319 5.30169
307 334 2.01624
307 338 3.73241
307 341 4.42847
308 314 4.14515
308 326 4.14515
308 336 10.7784
308 342 1.57696
308 350 9.21373
308 368 4.8442
308 376 1.75131
308 401 3.57445
309 317 5.15788
309 329 1.67592
309 330 4.91438
309 363 0.0153402
309 380 3.86456
309 385 2.88011
310 312 2.41897
310 313 18.8029
310 320 13.9284
310 322 4.67705
310 340 4.43612
313 322 2.93164
313 340 9.63488
313 346 8.31666
313 378 -4.8442
313 386 -3.10675
314 336 3.73241
316 337 -1.27429
317 328 -0.0331106
317 343 2.26177
317 359 0.872609
317 363 5.21864
317 394 3.57445
319 333 5.24293
319 334 1.91493
319 338 11.9394
319 345 3.50199
319 355 0.867703
319 369 1.18877
320 335 8.16853
320 340 8.35456
320 344 6.59018
321 323 8.65693
323 337 -2.8761
325 330 0.0473608
325 339 2.31952
325 348 4.80891
325 349 6.01308
325 362 11.4641
325 373 3.10675
325 391 2.78039
325 393 5.67801
326 342 3.10675
328 335 7.79381
328 343 -0.0165553
329 330 0.892523
330 348 6.96096
330 380 3.43706
330 384 6.59872
330 385 2.64699
330 391 0.0587663
330 413 -0.00254589
330 418 -0.0307384
330 455 2.52745
330 458 4.43612
330 478 4.8398
330 479 -20.355
330 492 -4.8442
331 342 2.52745
332 333 0
332 347 0
333 347 -1.71324
333 355 3.4241
333 366 1.5049
333 369 2.31589
333 383 2.64414
334 338 2.58569
335 343 0.0561528
335 344 19.1485
335 352 7.69767
335 359 7.56749
335 360 2.10127
335 370 2.90493
335 395 -6.5214
335 409 2.64699
336 367 3.73241
336 368 6.88981
336 376 2.46342
336 389 3.10675
336 401 2.85347
337 356 1.08809
337 364 0.457152
337 377 1.3966
338 341 6.96167
338 345 3.65407
338 365 4.13208
338 369 0.0432042
338 371 -0.361339
338 381 7.68068
338 383 3.68206
338 411 -0.0519409
340 344 5.63627
340 386 -5.53733
340 395 -4.8442
340 396 -3.73241
341 371 -0.361339
342 350 3.57445
342 361 2.85347
342 364 8.11472
342 368 10.0491
342 372 10.6576
342 398 2.41897
342 404 3.73241
342 406 12.8037
342 421 10.3688
342 422 5.28419
342 457 2.71175
343 359 0.188402
343 370 0.00363408
344 360 3.62815
344 395 -12.2828
346 357 1.00226
346 378 -4.43612
347 351 -2.41897
347 366 -0.427272
348 391 0.179163
348 413 -7.68611e-05
348 418 0.0223729
349 362 5.83593
349 382 1.95015
350 368 14.5502
350 387 4.69909
350 390 5.79612
351 354 0.251335
351 366 0.0822466
351 399 0.248474
353 354 8.85547
353 357 -0.905358
353 379 -15.2257
354 366 0.0605048
354 379 -11.0747
354 399 3.7315
354 414 -5.53733
356 377 3.02788
357 378 -2.64699
357 379 -3.20605
358 364 1.66155
359 370 1.23277
359 394 12.9117
359 395 -7.08312
359 429 3.10675
359 450 -4.8442
361 372 3.20604
362 364 2.18405
362 377 4.43612
362 382 2.93164
362 393 13.8507
362 403 8.91269
362 413 1.12464
362 415 11.0668
362 417 3.87517
362 418 2.98899
362 424 10.1968
362 425 2.93164
362 441 4.51808
362 455 -5.53733
363 380 0.883381
363 394 3.57445
364 372 11.442
364 374 0.867703
364 377 1.17865
364 388 9.64451
364 404 4.5471
364 410 4.1342
364 417 4.14515
364 421 7.4929
364 422 11.3621
364 424 7.08312
364 455 -3.73241
364 459 7.02519
364 463 4.27179
364 489 2.19396
364 491 -1.27785
366 383 0.996053
366 399 -1.68184
368 387 2.71175
368 389 2.85347
368 390 3.57445
368 397 0.886457
368 398 7.21651
368 401 9.91836
368 405 10.3712
368 408 12.5952
368 435 5.67801
368 440 13.5036
368 444 2.52745
368 445 4.14515
368 448 5.84714
368 457 13.3009
368 461 4.54433
368 469 3.31536
368 519 3.10675
369 383 0.172811
371 381 -4.48251
372 374 1.10205
375 405 10.4558
377 388 4.90881
377 403 2.57394
378 379 3.91844
378 386 11.1911
378 400 6.10472
379 386 13.4837
379 414 1.60463
379 426 1.66155
380 385 3.9638
380 394 15.9964
380 407 2.85347
380 450 -5.53733
380 458 0.669846
380 462 -16.612
381 383 1.274
381 411 -0.43405
381 412 5.61016
383 399 -6.80958
383 411 -0.0431332
383 419 -2.14198
383 420 0.604406
386 395 2.52745
386 396 2.27269
386 416 0.500431
386 423 3.10675
386 426 4.8442
386 427 5.84281
386 431 7.42372
386 438 4.69822
386 446 16.1942
386 452 2.85347
386 454 0.337785
386 472 2.85347
386 476 1.95015
388 403 7.2163
388 410 2.47197
388 417 4.30854
391 393 0.0405693
391 413 8.14125e-05
391 418 0.0511603
392 405 4.14515
393 413 5.50018
393 418 1.40712
394 407 5.08105
394 450 -5.53733
395 396 3.57445
395 402 5.25116
395 409 -3.57445
395 416 1.69036
395 429 -3.91844
395 430 0.22116
395 433 1.14018
395 437 3.74411
395 450 1.88709
395 465 1.93744
395 475 -0.0356818
395 485 0.313499
397 405 2.58275
398 457 1.60463
399 414 -9.68841
399 419 1.32411
399 426 -13.6969
403 417 3.57445
405 408 6.59887
405 432 10.372
405 439 9.38442
405 445 8.14542
405 460 1.74534
405 461 2.52745
405 469 3.31536
405 471 8.97571
405 488 2.85347
405 499 2.52745
411 412 -4.62237
411 420 -0.146306
411 443 0.120079
411 453 -0.148121
412 453 2.18405
413 418 4.90305
414 426 3.91844
416 423 5.70145
416 430 -0.29552
418 425 2.27269
418 441 3.56693
418 455 -20.0279
419 420 -4.66063
419 426 -3.91844
419 428 -7.2519
419 443 1.28402
419 451 -4.14515
420 443 -3.95842
421 422 1.25517
421 436 2.71175
421 447 12.7218
421 457 4.14515
421 459 7.12449
423 427 9.08922
423 430 -0.591039
423 434 4.56095
423 449 1.74673
424 455 -16.612
426 428 11.8538
426 431 8.59325
426 442 4.57424
426 446 4.53171
426 451 1.12464
426 470 3.80606
426 472 2.93164
426 484 2.18405
426 487 4.23284
427 434 2.7016
427 438 5.21927
427 449 6.13769
427 454 0.584119
427 466 2.10127
427 476 3.10675
427 477 8.51702
427 480 6.2974
427 486 7.16946
427 495 7.538
428 451 8.61224
429 450 -2.93164
430 433 4.01196
430 449 -3.01114
431 446 3.6171
433 437 6.20785
433 449 -4.22429
433 475 -4.35475
436 447 1.54979
437 475 -0.443178
437 485 0.154549
438 454 0.0700632
439 481 4.38517
439 488 1.27785
440 444 2.02352
440 448 2.85347
440 467 11.0429
440 501 1.78253
440 519 0.239765
440 521 2.58288
440 526 0.245229
440 533 1.94499
441 455 -9.68249
443 451 -4.8442
443 453 -7.89178
443 464 -15.9189
443 508 -8.01058
443 563 -9.97346
445 461 0.258219
446 452 3.50741
446 470 0.886457
446 472 13.6146
447 457 15.5631
447 459 7.83268
447 489 0.591565
447 496 2.93164
447 515 -0.149929
447 526 -2.77078
448 467 7.69767
448 469 3.76021
449 466 2.06181
449 475 5.26536
449 486 6.93808
449 494 3.91844
450 456 0.975331
450 462 3.57445
450 465 5.87936
450 468 4.63914
450 474 2.46401
450 493 2.89748
450 503 4.14515
450 507 2.71175
451 464 3.23669
451 484 15.2034
451 498 0.0554678
451 508 1.93603
451 512 2.71216
451 539 1.1692
451 560 0.193655
455 473 3.31536
455 478 3.92484
455 489 -5.53733
455 491 -2.58569
455 492 -4.14515
455 513 -10.3815
455 527 -8.64408
455 529 -16.612
457 496 2.85347
457 515 -0.149929
457 519 4.59604
457 526 -5.53685
457 533 0.0158308
458 462 -4.8442
458 479 -3.73241
459 489 0.556112
459 515 0.560688
461 469 8.95184
462 468 11.9633
462 479 3.73241
462 502 3.57445
462 506 8.26449
462 514 2.58569
463 489 0.759501
464 498 0.0555528
464 508 1.87016
465 474 2.64699
465 485 0.163383
465 497 1.15888
465 503 6.21745
465 511 1.98633
467 469 4.43612
467 490 9.96518
467 501 2.14198
467 518 7.3512
467 521 2.41897
468 483 3.97665
468 493 8.45544
468 506 7.63669
468 507 4.43612
469 471 0.428703
469 482 8.23605
469 490 12.0469
469 518 1.78253
469 520 3.91844
469 525 4.91473
469 528 5.65264
470 472 1.95015
471 482 4.56563
471 499 6.73084
471 509 5.77453
471 520 6.23796
471 546 2.18405
472 476 0.451047
472 480 4.72399
472 484 6.31279
472 487 1.63282
472 500 3.73241
472 517 6.24642
472 524 4.14515
472 531 3.91844
475 485 -0.0342976
475 494 7.29434
475 497 4.0236
476 480 1.75131
477 480 3.20604
478 492 -19.3768
479 492 3.10675
479 502 4.55376
479 505 3.92484
479 510 2.22758
480 495 2.78039
480 500 3.10675
480 504 6.72887
481 488 2.93164
481 499 5.88714
482 520 5.75657
484 487 7.89391
484 524 12.02
484 531 3.46098
484 539 2.34337
484 575 0.689025
485 494 0.16177
485 497 0.479571
486 494 3.53537
486 495 1.49683
488 499 4.14515
489 491 -0.483906
489 515 8.52479
489 529 1.52308
489 537 5.70306
489 542 5.22169
489 554 3.10675
489 557 3.67317
489 576 1.84714
490 518 0.274059
490 525 4.21672
492 510 11.9457
492 513 4.50357
493 507 6.77759
494 495 2.47197
494 497 2.69052
494 516 5.32577
494 522 3.01573
494 523 7.62058
494 541 13.1539
494 553 0.306519
495 504 4.94884
495 516 4.24713
497 503 5.75593
497 511 11.4229
497 522 3.01573
497 541 7.87756
497 564 6.39638
497 583 4.62611
497 596 -0.444862
498 508 0.549681
499 536 4.79148
499 545 9.45133
499 546 3.31536
499 552 4.8442
499 568 5.8692
499 586 2.29159
499 588 2.46888
499 607 -0.47711
500 504 2.64699
500 517 0.704796
501 521 1.73161
502 505 2.22758
502 506 8.51084
502 510 5.54317
502 514 1.95015
502 548 1.81446
503 507 3.91844
503 511 10.0348
503 551 4.43612
503 558 1.63282
503 564 2.27269
504 516 3.39484
504 517 4.60921
504 530 3.43706
504 532 4.59426
505 510 2.85347
506 507 9.55324
506 514 1.30083
506 548 7.20823
506 551 1.37165
506 571 4.43612
506 587 3.20604
506 606 0.483087
506 613 4.14515
506 624 1.21064
506 629 5.3218
506 643 7.16088
506 654 3.43706
506 672 6.79436
507 551 7.43536
507 569 1.73265
508 512 1.03334
508 535 1.61128
508 539 0.631883
508 560 1.77439
508 563 7.38004
509 520 4.33984
510 547 10.3053
510 548 18.1117
510 567 3.73241
510 580 6.32689
510 587 6.2862
510 590 3.6117
510 600 3.27296
512 539 0.287815
513 527 5.2348
513 543 0.275261
513 547 0.27089
515 526 1.92757
515 534 0.881742
515 540 1.8507
515 557 3.10675
515 576 5.20354
516 532 2.57041
516 541 7.67235
516 565 1.1636
516 570 5.94737
517 530 4.46886
517 531 5.57955
518 520 3.73241
518 521 3.57445
518 525 6.0051
518 528 8.38229
518 549 6.81544
518 552 8.89615
518 556 1.25517
518 572 3.91844
518 579 7.02519
518 594 6.98054
518 604 9.92354
518 626 0.0750124
519 526 -2.22667
519 533 0.0395727
520 546 5.09754
520 552 12.1755
521 526 0.400932
521 533 3.70565
521 556 3.32152
521 559 2.43498
521 579 5.67572
522 541 2.02352
524 531 7.96823
524 550 2.67379
525 528 6.34193
526 533 0.0341226
526 534 5.89186
526 559 5.1825
526 566 2.93164
527 529 3.4037
527 538 4.05053
527 542 2.78039
527 543 10.7552
527 544 11.3604
527 561 2.52745
529 542 5.75254
530 531 3.31684
530 532 4.64545
530 565 2.06181
530 570 5.06596
530 577 3.10675
530 599 3.20604
530 601 5.03035
530 640 5.19597
531 539 1.43012
531 550 4.38183
531 560 0.372289
531 562 9.07125
531 575 2.4614
531 577 6.20978
531 578 7.4929
531 603 2.33552
531 622 3.57445
532 565 0.234457
534 540 3.74685
534 555 8.42349
534 566 3.50828
534 573 7.88503
534 576 1.56423
534 581 2.31952
535 539 1.03304
537 557 2.85347
537 576 8.53148
538 544 1.66155
539 560 0.70455
539 575 1.40054
540 576 2.49294
541 553 0.279304
541 570 1.91493
541 574 1.78253
541 583 2.78039
541 584 9.65055
541 585 -2.10127
541 597 3.57445
542 554 6.9462
542 561 2.93164
543 544 3.91844
543 547 10.3289
543 589 6.56785
543 618 1.54979
543 619 5.83338
543 623 8.58127
543 639 1.00226
544 561 8.68758
544 582 3.31536
544 589 1.27785
544 592 5.01286
546 552 3.01573
547 580 5.092
547 619 4.68773
548 567 1.72077
548 587 3.59699
551 558 2.18405
551 564 11.9432
551 569 2.30956
551 571 3.20604
551 593 -0.204535
551 606 2.51925
551 613 5.56079
551 629 0.372136
552 588 4.54271
552 594 5.11364
552 644 -0.13855
554 561 4.8442
554 576 3.57445
554 591 3.55478
554 605 3.61048
554 609 4.24586
556 579 0.434708
557 576 3.31536
558 564 2.14198
559 566 6.2862
559 573 6.247
559 579 7.73985
559 641 7.0768
559 649 6.1488
559 655 1.27785
559 656 8.70563
559 675 3.31536
559 677 3.31536
560 563 6.5214
560 575 8.05914
560 603 12.078
560 614 10.8569
560 625 5.78732
560 703 11.4578
560 710 16.5965
560 762 6.58588
561 582 2.14198
561 598 3.01573
561 605 10.3365
561 608 2.18405
563 614 14.8376
563 625 2.06181
564 596 -0.401049
564 597 4.97691
564 613 2.85347
565 570 2.85347
566 573 10.2245
570 584 2.47197
570 585 -4.17028
570 611 6.71687
570 634 3.42854
570 635 2.10127
570 640 7.84693
572 579 1.88061
572 604 1.69086
573 581 3.43706
573 602 3.10675
573 638 12.7426
573 650 6.0953
573 656 1.95015
574 584 2.7934
575 603 2.84696
576 581 2.10127
576 591 11.8554
576 595 9.37057
576 602 2.47197
576 612 2.31952
576 617 6.9887
577 599 4.60479
577 601 5.23029
577 622 2.37636
577 640 6.20437
579 604 14.4209
579 620 4.8442
579 637 6.9848
579 641 7.6239
579 652 2.06181
579 655 1.72077
579 669 4.43612
579 671 1.85528
579 684 1.32411
580 590 2.95416
580 600 2.92287
580 619 7.87935
580 645 6.09575
581 602 2.71175
582 592 5.16515
582 605 0.210882
583 596 -0.703849
583 597 12.0257
584 585 -2.27269
584 597 2.71175
584 610 6.42211
584 615 4.2038
584 621 2.14198
584 634 1.97143
586 607 -0.141393
587 600 8.26086
587 624 5.84279
587 645 5.09789
587 654 1.91493
587 657 5.73715
587 687 2.31952
587 696 6.33275
588 607 -0.229139
588 616 -0.103905
588 644 -0.0614667
589 592 2.06181
589 618 5.05318
591 609 3.57445
591 617 2.78039
591 627 3.10675
591 632 4.95389
591 633 7.7207
592 605 3.91844
592 618 4.74826
592 646 1.06254
592 660 -0.962998
592 661 2.85347
592 662 6.62517
593 606 -1.08067
594 626 0.554037
594 644 -0.0326378
595 602 2.71175
595 612 7.16088
596 597 -0.256246
597 610 2.22758
597 613 2.58569
597 630 9.85916
597 631 5.11313
598 605 2.85347
599 601 1.57696
600 645 5.61302
601 640 12.047
602 612 5.8692
602 650 8.19456
603 622 2.4227
603 636 9.79277
603 658 10.6456
603 699 2.78039
603 703 2.52745
604 620 4.43612
604 626 3.78879
604 651 1.18049
604 669 0.59982
605 608 6.4595
605 609 8.52834
605 628 2.84153
605 659 1.16715
605 660 -3.51419
605 661 1.58466
605 683 6.83916
606 613 0.802487
606 629 2.01396
607 616 6.93919
607 644 2.95407
607 648 2.36822
609 633 3.99851
609 642 6.32101
609 659 4.6619
609 661 7.65085
609 666 7.08312
609 678 6.29053
609 683 5.94518
609 695 6.03841
609 725 0.0466947
609 737 0.226632
609 744 3.20604
609 752 3.91844
609 759 2.31952
609 767 5.30169
610 615 1.54979
610 621 5.7329
610 631 5.74246
612 617 3.12675
612 632 5.71874
612 650 3.20604
612 665 8.32707
613 629 5.4004
613 630 13.0983
613 654 3.57445
613 729 3.10675
614 625 0.434708
615 621 1.75131
616 644 8.33266
617 632 5.98591
618 623 10.8932
618 646 2.8598
618 647 4.43612
618 661 1.75131
618 662 2.36822
618 690 3.07543
619 623 2.93164
619 639 2.64699
619 645 8.29336
619 647 6.06009
621 630 3.20604
621 631 8.22214
621 634 11.4432
621 676 19.8261
621 679 3.73241
621 681 3.75927
621 698 3.91844
621 701 6.85615
621 706 1.39593
621 717 1.25363
621 721 2.27269
621 726 7.65085
621 730 5.30169
621 738 2.64699
621 740 9.54018
621 746 3.20604
621 748 0.171172
621 761 1.56361
621 764 1.75131
621 780 3.91844
621 794 1.54979
622 640 2.31952
622 658 6.93187
622 664 1.47101
623 639 2.71175
623 647 7.28963
624 643 4.96763
624 654 2.22758
626 644 5.49458
626 651 2.29758
627 632 11.1939
627 633 3.703
630 631 4.61619
630 679 8.57937
630 729 5.7585
632 633 1.66155
632 653 6.54524
632 663 2.31952
632 665 8.29992
632 666 4.59236
632 670 2.93164
632 673 6.83916
632 688 3.14352
632 689 4.43612
632 694 8.22908
632 711 4.43612
632 727 10.7489
632 766 6.57811
633 642 4.66943
633 663 0.101247
633 666 6.79908
634 635 3.62351
634 640 2.58569
634 667 3.01573
634 676 6.99076
635 640 3.76226
636 658 4.14515
637 652 2.90667
637 671 2.88808
637 680 1.84714
638 650 2.95281
638 656 3.74392
638 685 1.78253
640 664 4.76974
640 667 4.25902
640 676 3.31536
640 681 5.92423
641 655 2.06181
642 666 4.12487
643 654 5.67304
643 672 2.22758
644 651 3.00927
644 668 11.573
644 674 8.35456
644 691 2.86848
645 647 9.94986
645 687 16.7317
645 696 2.72327
645 702 2.18405
645 712 3.43706
645 735 -0.00714117
645 747 0.496778
645 757 2.58569
645 765 3.73241
645 768 4.46114
645 770 8.87718
646 662 0.794069
647 690 3.20604
647 702 5.13087
647 712 2.06181
649 656 4.27876
650 665 2.78039
650 685 6.02577
650 688 1.60463
650 694 9.00076
651 668 6.36883
651 669 4.57766
651 682 2.69001
652 655 6.50413
652 668 2.58569
652 669 6.8609
652 671 4.38493
652 677 2.02352
652 680 3.93391
652 684 0.687271
652 693 3.31536
652 704 6.13882
652 708 3.70648
652 723 3.10675
652 745 3.01573
652 758 8.67137
652 769 6.30096
652 777 2.93164
653 673 6.59655
654 657 7.5229
654 672 4.57424
654 696 3.19387
654 719 10.9952
654 729 8.98936
654 732 2.36822
654 750 1.78253
654 771 4.43612
654 783 3.43706
655 677 1.34772
656 675 3.79555
656 677 5.51494
656 685 9.09403
656 714 2.93164
657 696 0.965824
658 664 6.49467
658 699 15.0044
658 706 5.83188
658 709 6.21745
658 722 4.14515
658 751 6.5128
658 772 3.05574
658 779 5.73169
660 661 -3.14811
661 662 9.03406
661 683 3.91844
661 686 3.96037
661 690 3.31536
661 700 1.98633
661 702 1.34772
661 707 7.54048
661 725 0.55042
661 737 0.843336
661 752 8.014
661 775 3.43706
662 686 2.30954
663 666 2.36822
664 681 1.57696
664 706 5.19978
665 688 1.52182
666 670 3.86275
666 673 7.68536
666 689 3.10675
666 695 7.15994
666 713 3.43706
666 716 2.06181
666 724 7.25445
666 728 -0.687271
666 756 3.70713
667 676 5.23029
668 669 3.30646
668 674 6.23208
668 682 3.31536
668 691 3.43706
668 715 9.52853
668 720 6.16613
668 734 2.51143
668 736 2.93164
668 749 5.52734
668 777 7.01151
669 684 1.78253
669 723 4.57424
669 745 3.58795
671 680 0.274059
671 684 1.23664
673 689 4.8442
673 711 10.9248
673 713 2.85347
673 728 -0.982543
673 742 3.31536
673 756 1.63282
673 763 3.8679
674 692 13.2854
674 720 2.36822
675 677 2.27269
676 681 3.91844
676 698 3.43706
677 693 8.24362
677 714 5.70097
679 697 4.59715
679 701 10.5209
679 729 14.393
679 748 2.31952
681 706 4.49428
685 694 3.57445
685 714 1.18877
685 727 3.31536
685 731 6.49403
685 741 1.66155
685 743 4.43612
687 696 1.47894
687 735 0.00147991
687 747 0.498552
688 694 1.69086
690 702 3.10675
692 720 3.57445
692 773 2.54806
692 774 1.7329
693 704 7.17097
693 714 4.94711
694 727 1.54979
695 716 5.34683
695 739 6.96407
695 744 1.98481
696 718 5.95999
696 719 7.7016
696 735 -0.0469911
696 747 0.864131
696 753 4.18052
699 703 4.69625
699 776 3.50421
699 779 4.17633
700 702 1.32411
700 707 2.63121
701 717 4.37546
701 726 5.5381
701 748 6.52802
701 764 1.06254
701 780 3.76952
702 707 10.4567
702 712 3.86439
702 754 5.17444
702 757 2.41897
703 762 14.6187
703 776 0.568978
704 708 1.37165
704 714 1.84714
705 729 15.5284
706 722 4.78718
706 733 3.66073
706 740 2.52745
706 746 7.2835
706 772 6.24083
706 789 1.04226
707 754 1.12464
707 757 3.90503
707 775 0.601089
708 714 4.7115
708 758 3.37195
708 778 3.28093
711 742 3.31536
711 763 2.41897
711 766 10.5315
713 728 -0.584119
714 741 2.47197
714 743 3.10675
714 778 6.98628
715 777 2.64699
716 724 0.796228
716 739 4.15479
716 744 3.49911
716 756 0.792237
717 726 7.56211
718 719 3.43706
719 735 -0.0831603
719 747 1.47765
719 753 12.0359
719 760 5.09754
719 770 3.9501
719 782 6.5214
719 783 5.80527
720 736 2.64699
720 749 7.28857
720 774 9.74895
721 730 2.18405
721 740 0.386023
724 756 4.16618
726 738 4.14515
726 764 4.43881
727 731 7.80994
727 743 3.89915
729 732 2.71175
729 748 2.71175
729 750 3.10675
729 755 8.81423
729 761 6.99862
729 771 12.0227
729 791 3.61914
730 740 13.0587
731 743 5.12616
734 749 7.74133
734 777 7.5619
735 747 -0.297159
735 770 -0.0859124
737 752 0.564899
739 744 4.14598
740 746 5.96022
740 784 1.0958
740 787 4.77391
740 789 6.20696
741 743 1.04226
742 763 3.98203
743 778 8.00646
744 756 3.83312
744 759 8.5178
744 793 5.36608
744 795 2.85668
747 753 4.29958
748 761 11.0158
749 777 6.60228
750 771 3.31536
752 767 4.84018
752 775 1.57696
752 785 8.28282
752 786 4.74551
753 760 2.83934
754 757 4.51255
756 763 6.16842
756 793 0.962998
757 768 10.5163
757 770 0.379235
757 775 1.42058
757 785 9.78795
757 792 0.0913002
758 769 1.44715
758 778 0.0852923
758 781 3.34861
759 767 4.8398
759 786 0.402198
759 795 1.95015
761 791 7.50759
761 794 2.41897
762 776 8.06359
763 766 6.39041
763 793 3.43706
765 770 3.22174
767 786 4.72823
768 770 3.91844
768 792 0.0454584
769 777 1.69086
769 781 5.72776
770 792 3.31639
771 783 4.16712
772 779 1.91493
772 789 6.69695
773 774 2.84121
775 785 4.29958
776 779 7.11851
776 788 2.36822
777 781 3.21039
777 790 2.36822
779 788 2.36822
781 790 3.44217
784 789 1.91493
