MULTICUT
0 8 2.5274488884529975
0 8 2.5274488884529975
1 8 0.5841188470777665
1 2 0.5170228985401271
2 8 0.1637791782871667
4 8 -4.844202616288199
2 4 0.4347078707200993
3 8 1.3959338990403656
2 3 1.72076695640305
3 4 -2.2726892867301896
4 8 -5.53733426701854
5 8 2.184051378192568
6 8 -2.7803933790295874
0 7 2.101269714871794
7 8 2.646993557188065
5 6 -0.0544849469084292
8 9 -0.22663222628581936
5 9 -1.3008300007371676
6 9 1.445594446330888
6 8 -2.1012697910023577
9 10 2.141984057957801
8 10 -1.0625403846496646
8 9 0.8677032967963991
4 12 -5.53733426701854
8 11 2.8534721380276795
4 11 -4.145152083743929
8 81 2.5856857384930256
4 14 -3.5744537730315336
11 14 2.023523983245292
8 14 2.0618119072200103
8 13 3.015725255756913
4 15 -5.53733426701854
12 15 2.368217406966919
12 14 -4.844202616288199
8 16 1.2778513804684322
14 18 2.5856857384930256
12 18 -4.43612156009328
8 18 2.368217406966919
8 17 0.1481210376275779
16 17 1.5230823357393546
16 81 0.45104689322786395
12 20 -4.43612156009328
18 20 1.4205758640846524
17 81 0.07006324471763459
4 19 -2.5856858519456853
15 19 -3.732408358890588
12 19 -4.43612156009328
17 18 0.6872705278045488
17 20 1.6328169387983074
4 21 -0.11685724657693086
19 21 -2.1419841365639445
12 26 -4.844202616288199
20 26 -0.3860227795812654
19 22 -1.847139159904398
20 81 2.0618119072200103
21 22 -2.2726892867301896
12 22 -3.2060451019615273
26 81 -0.8306198826413334
28 81 3.015725255756913
26 28 -1.6328170469254393
8 23 2.31951701078773
12 24 -1.2106356105583946
4 25 1.72076695640305
8 25 -5.53733426701854
24 26 1.0625402297313233
22 24 1.0830275858277314
22 27 -2.319517101482562
21 27 -2.9316434205780437
8 29 -4.844202616288199
25 29 1.986327796610479
23 29 -4.43612156009328
4 30 -2.7803933790295874
21 30 -1.986327866288225
25 30 -4.145152083743929
24 27 -1.5769600686022973
21 31 -3.43705550120135
27 31 1.5230823357393546
24 28 -2.7803933790295874
29 30 -4.43612156009328
24 81 -3.2060451019615273
24 34 -1.7207670712436016
34 81 1.880614156109223
27 34 -3.9184428135768994
30 31 -3.732408358890588
30 32 3.3153580262671256
31 32 -3.106750063060895
8 29 -4.844202616288199
27 35 2.023523983245292
31 35 1.9149341938214999
32 33 2.0618119072200103
30 33 3.9184427168471876
30 37 3.7324082779400585
29 37 -4.43612156009328
32 35 -2.4719661045957224
27 81 -4.145152083743929
35 81 -3.5744537730315336
33 35 -3.2060451019615273
33 36 1.6615501074318497
30 36 2.93164334365634
33 38 1.3241144775306468
36 38 1.2551669361900215
35 38 -3.9184428135768994
30 38 0.8490926297285697
38 39 1.986327796610479
30 39 0.369896870073811
39 42 1.3008299128497565
30 42 1.604628978813839
35 40 1.5230823357393546
38 40 -2.9316434205780437
29 41 -5.53733426701854
39 40 -3.2060451019615273
37 41 3.015725255756913
8 44 -4.844202616288199
29 44 2.101269714871794
40 81 -3.3153581355547077
8 43 0.9436225830949259
41 47 0.13248100121840833
29 47 -4.844202616288199
40 42 -3.2060451019615273
8 45 2.8534721380276795
37 47 3.015725255756913
8 46 0.9436225830949259
44 47 -5.53733426701854
8 48 -0.6525189378391278
42 49 2.0618119072200103
30 49 1.9149341938214999
8 50 0.7401648358628796
48 50 1.0221648177565306
37 49 1.6328169387983074
40 51 1.8144599138640842
42 51 -3.2060451019615273
51 52 2.2726891994400433
42 52 -3.2060451019615273
49 52 -4.43612156009328
8 56 -4.43612156009328
44 56 2.0618119072200103
50 54 -1.2551670218420983
8 53 2.418966462073592
8 50 -0.9436227297103521
8 54 1.4968293639808472
40 68 -4.145152083743929
68 81 3.10674997290245
51 68 -4.43612156009328
8 54 1.0422550037182607
52 57 1.5769599644200505
49 57 -3.3153581355547077
8 55 1.72076695640305
52 68 -4.145152083743929
47 56 -4.844202616288199
8 67 3.10674997290245
8 63 -0.4839058740936957
8 58 -0.7401649710893459
55 63 1.471006361575077
8 60 2.646993557188065
54 60 -0.7759822513321553
57 59 1.2551669361900215
49 59 -3.43705550120135
8 61 0.5504197869721676
8 75 2.023523983245292
54 58 -2.319517101482562
61 67 3.015725255756913
58 60 0.5672301020452246
49 62 2.5274488884529975
37 62 1.72076695640305
53 64 0.2582187931706581
8 65 0.023345926266394867
8 64 -1.8806142848807943
52 71 -1.0221649697100497
57 71 -1.6615502176829433
65 75 4.145152023550564
60 64 0.4674453385798212
66 81 2.7803933118077264
68 71 -0.5170230248961472
8 63 -0.5841189757308616
47 62 3.3153580262671256
8 60 2.141984057957801
56 72 0.3217949194737102
8 69 1.9149341938214999
63 65 1.6908566753683048
49 70 -3.732408358890588
59 71 -4.145152083743929
59 70 2.7803933118077264
62 70 -4.844202616288199
63 73 2.8534721380276795
56 69 -3.5744537730315336
8 73 2.5274488884529975
69 79 -4.145152083743929
56 79 1.124638707269666
47 72 -5.53733426701854
70 71 -4.145152083743929
8 77 0.1637791782871667
8 74 0.982542654754837
72 79 0.9436225830949259
74 77 3.2060450031958343
69 77 2.5856857384930256
63 75 -0.40219829746062086
70 76 1.9149341938214999
62 76 -4.844202616288199
78 81 0.242410407030617
73 75 -0.14812115655181013
80 81 2.646993557188065
78 80 1.124638707269666
71 81 -2.4719661045957224
8 75 1.6908566753683048
70 81 -3.106750063060895
80 81 1.986327796610479
72 83 -3.9184428135768994
47 83 3.015725255756913
76 81 -3.43705550120135
8 77 -0.8864566941706382
81 82 2.0618119072200103
80 82 3.015725255756913
8 69 -0.14812115655181013
69 72 -2.023524054927849
76 87 -4.844202616288199
81 87 -0.8490927706325437
72 86 0.6352858046593717
80 81 1.9149341938214999
69 86 -2.4719661045957224
47 84 3.4370554399806776
72 85 -3.43705550120135
83 85 2.2275794437459226
8 86 -1.8144600365838361
76 88 2.368217406966919
85 92 2.7117470592609445
72 92 -4.43612156009328
8 90 -5.53733426701854
8 91 -5.53733426701854
62 88 -4.43612156009328
62 84 1.8471390342477205
90 91 2.2275794437459226
8 93 -5.53733426701854
8 89 -4.844202616288199
89 90 1.3241144775306468
75 93 -5.53733426701854
89 93 2.184051378192568
75 103 -4.844202616288199
75 99 -5.53733426701854
75 96 -5.53733426701854
47 85 3.015725255756913
86 92 -3.9184428135768994
99 103 4.844202556684481
96 99 0.8122799937741847
93 96 3.7324082779400585
47 62 2.7117470592609445
88 94 2.101269714871794
62 94 -4.145152083743929
8 103 -5.53733426701854
76 98 -2.9316434205780437
8 102 -5.53733426701854
87 98 2.141984057957801
88 98 -3.732408358890588
102 103 1.72076695640305
8 125 -5.53733426701854
8 102 -4.844202616288199
8 109 -5.53733426701854
102 125 2.93164334365634
102 109 2.8534721380276795
8 110 -5.53733426701854
8 105 -4.43612156009328
8 108 -5.53733426701854
96 106 1.6908566753683048
89 97 2.184051378192568
90 97 2.101269714871794
90 116 3.015725255756913
105 110 2.7803933118077264
105 108 2.8534721380276795
108 125 2.2726891994400433
99 106 2.184051378192568
91 116 1.5230823357393546
62 131 2.101269714871794
85 95 1.880614156109223
92 95 2.8534721380276795
86 110 -4.43612156009328
93 127 3.10674997290245
91 101 2.023523983245292
91 104 1.4205758640846524
47 131 3.015725255756913
93 100 2.141984057957801
100 127 -0.305845384176723
93 107 0.8864565510992328
47 95 1.4968293639808472
81 128 -5.53733426701854
81 143 -5.53733426701854
93 115 2.0618119072200103
90 123 2.023523983245292
91 117 0.5336849977291656
128 143 1.5497853865743236
87 143 -5.53733426701854
94 98 -2.9316434205780437
100 107 0.7401648358628796
89 115 0.7401648358628796
101 117 0.3058452631148958
104 117 2.5856857384930256
80 128 -4.844202616288199
81 128 -5.53733426701854
81 129 -5.53733426701854
98 143 -5.53733426701854
86 149 -3.9184428135768994
103 111 2.4719660016221714
101 116 0.3058452631148958
128 129 2.2726891994400433
92 149 3.7324082779400585
80 141 -5.53733426701854
128 141 1.72076695640305
102 112 1.3241144775306468
103 118 0.8306197427665889
103 113 1.3008299128497565
103 119 1.0625402297313233
103 114 1.3241144775306468
89 120 3.10674997290245
97 120 0.6352858046593717
101 124 0.6872705278045488
94 131 -3.5744537730315336
102 118 0.22663210648628773
111 113 1.471006361575077
111 119 1.6908566753683048
117 124 2.101269714871794
80 140 -5.53733426701854
93 99 3.574453703354731
93 106 1.72076695640305
93 135 2.5274488884529975
97 139 1.986327796610479
97 123 0.3217949194737102
140 141 2.4719660016221714
112 118 1.103724552883528
113 118 1.445594446330888
123 139 2.5274488884529975
91 117 2.418966462073592
81 140 -5.53733426701854
110 121 1.986327796610479
105 122 1.188767543534301
103 134 3.3153580262671256
103 126 1.3008299128497565
100 136 0.40219817433836536
115 138 2.418966462073592
89 138 0.03891301945135828
110 122 0.3058452631148958
114 134 1.9501526258096291
114 126 1.4205758640846524
107 135 -1.1246387871621042
107 136 -0.7401649710893459
127 136 2.023523983245292
120 138 0.5336849977291656
120 139 3.015725255756913
116 124 1.6615501074318497
81 148 -5.53733426701854
81 154 -5.53733426701854
102 132 3.3153580262671256
103 133 3.4370554399806776
148 154 2.0618119072200103
140 154 1.72076695640305
121 122 2.2275794437459226
108 122 1.124638707269666
116 123 1.445594446330888
94 130 0.8122799937741847
110 144 2.93164334365634
125 155 3.2060450031958343
102 145 1.880614156109223
119 133 2.5856857384930256
98 130 -3.106750063060895
108 155 0.7401648358628796
112 145 1.103724552883528
135 136 2.4719660016221714
115 127 0.07006324471763459
94 162 1.1671515377428254
112 150 -0.16377929735639296
118 150 0.023345926266394867
113 150 0.8122799937741847
111 150 0.41842577919951873
103 146 1.471006361575077
103 147 1.5230823357393546
130 162 0.38602265684584536
119 150 1.3008299128497565
126 134 1.6328169387983074
146 147 3.4370554399806776
133 134 2.4719660016221714
47 92 2.2726891994400433
121 144 0.6698459156176995
126 146 1.5497853865743236
99 147 0.6181436068748636
128 142 1.6615501074318497
128 137 1.9149341938214999
120 153 0.6698459156176995
116 151 4.436121480203944
124 152 1.986327796610479
137 143 1.880614156109223
93 147 2.7803933118077264
127 138 0.242410407030617
138 153 2.418966462073592
116 152 0.9436225830949259
128 143 2.93164334365634
130 161 0.5672301020452246
161 162 0.40219817433836536
122 155 -0.6525189378391278
141 142 1.7825318837304605
121 155 -0.2899342369326745
145 150 0.5336849977291656
117 152 3.574453703354731
119 163 1.2551669361900215
135 164 3.3153580262671256
123 156 0.7580154487445683
86 144 -4.43612156009328
150 163 2.5856857384930256
139 153 2.31951701078773
151 152 0.8490926297285697
144 155 1.471006361575077
102 171 1.7513136084096503
132 171 1.210635526973574
145 171 0.4347078707200993
133 173 2.31951701078773
98 161 -2.7803933790295874
102 171 2.0618119072200103
133 163 -0.27405945275533616
139 156 0.9436225830949259
148 168 1.880614156109223
140 157 0.19515760538251437
140 158 2.5856857384930256
140 159 2.5274488884529975
140 160 2.7803933118077264
126 167 1.8471390342477205
146 167 2.2726891994400433
135 165 5.537334267018537
152 177 3.10674997290245
154 168 0.5672301020452246
154 157 0.5004307185850176
163 173 2.4719660016221714
134 167 0.33778526158074773
164 165 2.023523983245292
116 156 1.986327796610479
151 177 2.5274488884529975
154 166 3.015725255756913
140 202 0.6698459156176995
141 169 1.471006361575077
150 172 3.015725255756913
134 173 2.0618119072200103
166 168 4.145152023550564
159 160 3.10674997290245
86 155 -5.53733426701854
150 171 2.2726891994400433
167 173 1.880614156109223
127 135 2.368217406966919
141 174 2.368217406966919
141 178 0.8490926297285697
143 175 2.646993557188065
98 170 1.445594446330888
146 182 1.0625402297313233
140 174 3.2060450031958343
169 178 2.101269714871794
161 170 -2.023524054927849
167 182 3.9184427168471876
127 153 1.604628978813839
157 166 0.7047961364960313
155 176 2.646993557188065
174 178 3.015725255756913
162 170 -0.4184259027266788
47 94 -3.0157253387444354
141 179 2.7117470592609445
93 165 2.2275794437459226
135 165 3.574453703354731
147 182 0.35381849771398977
140 166 1.2778513804684322
47 194 -3.0157253387444354
147 183 1.6328169387983074
156 185 0.5336849977291656
156 180 1.880614156109223
158 202 1.604628978813839
142 179 -0.36989699244014895
94 194 0.10124748840924536
125 171 0.7940688968903633
182 183 3.2060450031958343
139 185 2.141984057957801
116 177 3.7324082779400585
140 190 2.101269714871794
140 159 4.844202556684481
141 186 3.2060450031958343
155 171 1.880614156109223
150 181 0.45104689322786395
93 212 0.9629978960423582
135 184 2.2726891994400433
166 190 2.5274488884529975
158 190 2.8534721380276795
159 202 2.93164334365634
163 181 0.19515760538251437
165 212 1.604628978813839
165 184 3.2060450031958343
180 185 2.2275794437459226
116 180 3.574453703354731
141 178 1.0830275858277314
128 191 3.2060450031958343
143 191 2.646993557188065
143 191 3.3153580262671256
149 204 3.2060450031958343
86 204 -2.6469936768108107
173 192 2.2275794437459226
167 192 2.2275794437459226
147 212 -0.21088196663715686
127 184 2.2726891994400433
139 188 0.9629978960423582
152 189 1.3716527928075883
179 186 2.4719660016221714
173 181 0.7580154487445683
183 212 2.368217406966919
153 188 2.7117470592609445
177 189 0.6181436068748636
175 191 2.184051378192568
143 215 0.007781661256567096
94 170 -0.7759822513321553
150 196 2.93164334365634
127 193 -1.1037246319352672
127 187 -1.986327866288225
153 187 1.3241144775306468
178 186 2.4719660016221714
128 179 2.5856857384930256
98 215 -5.53733426701854
181 196 1.188767543534301
191 215 1.8144599138640842
170 194 0.9629978960423582
187 193 0.5004307185850176
185 188 0.8864565510992328
168 199 -3.5744537730315336
166 199 -2.6469936768108107
177 198 4.436121480203944
170 215 -5.53733426701854
182 192 2.5856857384930256
184 193 0.6872705278045488
189 198 1.3716527928075883
92 195 1.6908566753683048
155 197 2.93164334365634
171 197 1.471006361575077
149 195 1.3716527928075883
47 195 2.7803933118077264
181 216 0.7401648358628796
188 200 1.7513136084096503
185 200 3.2060450031958343
189 201 0.2582187931706581
173 216 1.4968293639808472
198 201 1.3959338990403656
178 203 -0.17945749696390423
196 216 2.023523983245292
153 223 0.8306197427665889
174 203 -0.4184259027266788
187 223 -1.2327653271421226
166 208 -0.14812115655181013
190 208 4.844202556684481
140 202 1.3241144775306468
174 202 0.8306197427665889
191 205 2.184051378192568
150 210 2.368217406966919
173 207 1.6328169387983074
182 212 3.10674997290245
165 233 2.2726891994400433
184 217 2.0618119072200103
116 214 2.368217406966919
199 208 -3.732408358890588
196 210 2.5856857384930256
192 207 -0.13248112001244716
193 217 -0.4674454634335292
193 223 -2.0618119810484816
116 185 0.3058452631148958
177 214 0.8490926297285697
186 203 -0.4347079946705643
179 209 1.6908566753683048
47 149 3.10674997290245
86 228 0.5504197869721676
155 228 -4.43612156009328
155 206 -0.4510470176203887
192 211 -1.083027742309897
188 222 0.6181436068748636
116 200 2.0618119072200103
116 223 1.986327796610479
202 203 1.3008299128497565
205 215 2.023523983245292
207 211 0.08565016394454328
217 223 2.7117470592609445
222 223 4.145152023550564
214 223 2.4719660016221714
155 219 2.023523983245292
171 220 2.418966462073592
150 220 3.015725255756913
165 213 0.7580154487445683
184 213 1.8471390342477205
200 222 2.418966462073592
177 224 0.6010889981175147
198 224 1.7513136084096503
212 233 3.574453703354731
214 224 2.7803933118077264
179 218 2.5274488884529975
128 218 3.574453703354731
209 218 2.7803933118077264
128 209 1.445594446330888
206 219 0.4347078707200993
155 171 2.141984057957801
203 250 0.22663210648628773
186 250 2.418966462073592
191 221 0.8122799937741847
165 234 3.015725255756913
128 221 1.0422550037182607
182 211 -0.618143736811748
233 234 3.2060450031958343
201 224 1.1457782142804072
158 225 2.184051378192568
128 227 2.4719660016221714
213 231 0.4347078707200993
184 231 1.0221648177565306
186 218 3.015725255756913
221 227 1.6908566753683048
219 228 -4.844202616288199
213 234 0.6010889981175147
217 231 2.5856857384930256
194 238 0.07006324471763459
155 226 1.9501526258096291
150 171 3.7324082779400585
208 225 3.2060450031958343
47 238 -3.5744537730315336
200 223 3.4370554399806776
202 240 0.38602265684584536
203 240 -0.27405945275533616
218 227 3.10674997290245
205 232 2.7803933118077264
212 230 2.93164334365634
215 232 3.10674997290245
210 216 0.2899341161553104
170 238 -0.32179504083642385
210 236 1.9501526258096291
207 229 1.604628978813839
211 229 -0.6010891274007599
182 229 2.7117470592609445
213 237 0.1794573777347761
240 250 3.10674997290245
205 221 0.369896870073811
155 219 3.015725255756913
216 236 3.4370554399806776
207 216 0.6010889981175147
234 237 3.3153580262671256
202 246 1.604628978813839
240 246 2.2726891994400433
231 237 4.844202556684481
186 235 0.9244109312539295
218 235 1.471006361575077
221 232 0.7940688968903633
204 228 0.19515760538251437
150 236 3.4370554399806776
223 224 1.9501526258096291
221 241 0.9244109312539295
216 239 1.8471390342477205
207 259 0.2582187931706581
212 229 2.184051378192568
158 246 2.0618119072200103
171 226 2.184051378192568
216 259 3.7324082779400585
229 259 3.7324082779400585
230 233 3.10674997290245
217 243 -0.635285935274005
201 223 0.2582187931706581
235 250 -0.0544849469084292
227 241 0.38602265684584536
232 241 3.7324082779400585
231 243 0.9053573740495944
242 250 1.2778513804684322
235 242 1.9149341938214999
218 241 3.4370554399806776
229 230 3.7324082779400585
225 245 0.5004307185850176
158 245 3.015725255756913
47 204 0.07006324471763459
204 258 -4.145152083743929
223 244 3.10674997290245
225 248 0.7940688968903633
208 248 1.5497853865743236
215 238 -4.844202616288199
47 258 -1.8806142848807943
217 244 0.08565016394454328
235 250 1.232765242543629
218 250 2.93164334365634
228 258 -4.844202616288199
229 247 1.9149341938214999
223 249 2.141984057957801
245 248 1.2778513804684322
243 244 0.08565016394454328
208 253 3.10674997290245
47 251 2.7117470592609445
150 252 1.210635526973574
150 216 3.9184427168471876
248 253 2.646993557188065
238 251 -3.2060451019615273
150 239 1.471006361575077
233 237 3.574453703354731
244 249 1.7513136084096503
218 232 4.436121480203944
228 299 -0.9053575182618498
155 254 1.471006361575077
155 171 2.93164334365634
171 266 4.436121480203944
150 216 3.2060450031958343
171 254 1.9149341938214999
47 265 0.054484828546315534
258 265 -2.9316434205780437
229 259 2.31951701078773
223 256 1.9149341938214999
223 255 1.2551669361900215
247 259 1.0022628750411067
155 171 2.418966462073592
150 266 3.7324082779400585
223 260 3.4370554399806776
232 250 3.3153580262671256
252 266 0.8864565510992328
255 260 1.347717671142901
245 257 1.5497853865743236
150 266 2.646993557188065
223 263 0.38602265684584536
248 257 2.5274488884529975
249 263 0.9629978960423582
245 261 0.369896870073811
158 261 1.0625402297313233
246 267 0.6352858046593717
240 262 0.8864565510992328
229 233 2.93164334365634
158 267 2.8534721380276795
256 263 0.8677032967963991
240 270 2.5856857384930256
223 274 3.015725255756913
262 270 1.3008299128497565
231 244 3.3153580262671256
256 274 1.7825318837304605
245 275 0.8490926297285697
250 264 2.5274488884529975
258 272 -4.43612156009328
233 269 1.188767543534301
255 317 0.38602265684584536
257 275 2.5274488884529975
261 275 1.4205758640846524
240 267 3.10674997290245
265 272 2.5856857384930256
233 259 2.101269714871794
244 263 1.3008299128497565
232 268 1.124638707269666
260 317 2.184051378192568
232 271 -0.038913137770452355
215 271 0.2899341161553104
256 282 1.471006361575077
263 282 0.1637791782871667
270 273 1.6908566753683048
240 273 0.652518806521984
232 276 1.7513136084096503
232 277 0.8490926297285697
215 232 2.8534721380276795
233 279 3.7324082779400585
233 279 2.418966462073592
250 273 0.9053573740495944
268 276 1.5769599644200505
268 277 0.8306197427665889
171 219 0.13248100121840833
269 279 1.72076695640305
259 280 3.3153580262671256
233 278 2.5856857384930256
263 288 -0.14812115655181013
158 275 2.2275794437459226
282 288 3.015725255756913
274 282 0.8864565510992328
250 290 2.8534721380276795
215 277 1.604628978813839
258 299 -4.844202616288199
278 279 2.101269714871794
244 288 2.368217406966919
253 283 -0.9629980439232386
238 281 -0.8490927706325437
260 302 1.7825318837304605
240 270 1.6908566753683048
215 281 -5.53733426701854
171 228 -3.0157253387444354
223 302 3.015725255756913
248 283 1.6328169387983074
171 318 -5.53733426701854
259 301 0.9629978960423582
279 284 1.3959338990403656
282 289 3.10674997290245
274 289 2.31951701078773
302 317 2.8534721380276795
228 318 2.5274488884529975
280 301 3.7324082779400585
233 301 1.8471390342477205
275 286 3.10674997290245
264 290 2.368217406966919
250 291 1.9149341938214999
232 292 2.2275794437459226
266 287 2.418966462073592
279 294 2.023523983245292
233 294 0.7224263377855422
244 285 1.0221648177565306
257 286 2.31951701078773
273 290 0.6181436068748636
150 259 1.188767543534301
276 296 2.4719660016221714
268 296 1.2551669361900215
277 297 0.8306197427665889
171 293 3.9184427168471876
237 294 3.10674997290245
244 298 3.9184427168471876
285 298 1.232765242543629
232 291 0.8306197427665889
215 297 2.31951701078773
158 295 2.2726891994400433
276 292 2.368217406966919
150 305 1.5230823357393546
233 279 2.5274488884529975
257 283 -0.023346044556825873
275 295 3.2060450031958343
267 295 -0.16377929735639296
240 290 2.4719660016221714
277 296 0.07006324471763459
47 238 -4.145152083743929
266 293 2.93164334365634
295 303 0.6181436068748636
267 303 -1.4968294629075651
277 304 -0.22663222628581936
265 354 -1.7207670712436016
150 300 3.2060450031958343
259 306 2.5274488884529975
279 307 2.184051378192568
284 307 0.9244109312539295
296 304 1.8471390342477205
305 306 1.1671515377428254
285 288 0.5841188470777665
279 310 3.015725255756913
297 304 2.93164334365634
272 354 -4.43612156009328
284 310 2.5274488884529975
288 298 1.604628978813839
287 293 1.604628978813839
274 312 1.347717671142901
240 303 -1.0625403846496646
266 293 2.31951701078773
279 301 3.3153580262671256
231 294 0.5170228985401271
288 289 2.8534721380276795
274 302 0.6872705278045488
292 314 2.368217406966919
215 309 2.2275794437459226
299 321 -5.53733426701854
259 316 1.0022628750411067
280 316 1.3716527928075883
274 317 1.72076695640305
250 290 2.93164334365634
258 321 1.986327796610479
289 312 0.9053573740495944
240 323 3.015725255756913
290 313 2.93164334365634
292 308 2.8534721380276795
296 320 1.6328169387983074
215 335 3.015725255756913
300 315 1.232765242543629
150 315 0.9053573740495944
305 315 1.347717671142901
259 325 -0.722426472174637
289 311 2.646993557188065
253 257 3.7324082779400585
303 323 -0.2899342369326745
308 314 2.5274488884529975
304 320 2.5274488884529975
306 325 -0.007781779532672672
316 325 1.986327796610479
301 316 2.4719660016221714
307 310 1.4968293639808472
231 333 -3.2060451019615273
232 250 2.646993557188065
232 314 1.232765242543629
297 309 3.574453703354731
309 335 1.103724552883528
47 354 -4.43612156009328
311 312 1.3716527928075883
257 275 1.6328169387983074
276 308 2.368217406966919
296 308 1.445594446330888
305 324 0.7580154487445683
306 324 2.368217406966919
294 333 -3.43705550120135
244 322 2.2726891994400433
288 319 0.5170228985401271
257 295 0.38602265684584536
308 320 2.93164334365634
266 300 1.986327796610479
231 322 0.5004307185850176
298 322 0.8490926297285697
298 319 1.6328169387983074
295 326 1.3716527928075883
290 328 0.8677032967963991
279 329 1.0022628750411067
257 326 2.93164334365634
303 326 -0.36989699244014895
240 328 0.6010889981175147
313 328 1.0830275858277314
293 318 -5.53733426701854
307 329 0.2899341161553104
289 319 2.023523983245292
303 327 1.0022628750411067
310 330 2.368217406966919
279 330 1.3008299128497565
322 333 -2.2726892867301896
312 331 1.5497853865743236
274 331 0.1481210376275779
317 331 0.9436225830949259
326 327 1.445594446330888
323 327 2.7803933118077264
323 328 1.5497853865743236
310 329 1.5769599644200505
305 340 1.8144599138640842
301 336 2.2275794437459226
319 322 2.0618119072200103
311 337 1.8471390342477205
297 320 0.7224263377855422
215 238 -5.53733426701854
324 325 -0.6698460476628039
312 337 0.6010889981175147
290 338 1.232765242543629
290 334 2.646993557188065
309 332 0.8490926297285697
332 335 2.2275794437459226
315 340 1.124638707269666
289 337 2.93164334365634
232 308 2.418966462073592
297 308 1.5497853865743236
300 340 3.2060450031958343
279 336 2.2275794437459226
279 333 -3.9184428135768994
250 334 2.5856857384930256
309 335 1.7513136084096503
228 343 0.274059332246233
266 368 -3.732408358890588
325 350 -0.533685124626992
312 341 1.5769599644200505
317 339 1.5769599644200505
297 335 2.7117470592609445
318 343 -3.2060451019615273
324 340 3.2060450031958343
324 350 2.8534721380276795
337 341 3.10674997290245
238 335 -5.53733426701854
272 342 2.101269714871794
258 342 -4.43612156009328
293 367 -4.43612156009328
293 368 -4.844202616288199
334 338 0.7580154487445683
321 342 -5.53733426701854
228 321 -1.7825320036768968
367 368 3.3153580262671256
316 336 1.3241144775306468
330 333 -2.319517101482562
257 346 1.8471390342477205
279 330 1.5230823357393546
257 345 1.7513136084096503
323 390 2.101269714871794
328 347 0.45104689322786395
322 359 1.7513136084096503
317 369 1.3959338990403656
317 353 3.015725255756913
345 346 3.015725255756913
327 390 1.188767543534301
313 347 1.9149341938214999
308 335 3.2060450031958343
325 336 -0.17945749696390423
331 341 0.6352858046593717
331 369 0.8306197427665889
353 369 3.10674997290245
339 353 1.3008299128497565
253 344 -0.16377929735639296
253 355 2.93164334365634
328 390 0.6181436068748636
334 349 1.471006361575077
250 349 1.3716527928075883
308 351 3.2060450031958343
238 364 1.986327796610479
47 364 -3.43705550120135
321 365 -1.690856787854381
228 365 -0.867703438765498
333 359 -4.43612156009328
341 369 2.7803933118077264
344 355 1.0625402297313233
347 390 2.4719660016221714
334 348 2.8534721380276795
293 366 -3.9184428135768994
324 352 1.0625402297313233
319 359 -0.16377929735639296
338 348 0.7401648358628796
232 349 0.3058452631148958
318 366 1.8471390342477205
350 352 1.347717671142901
289 359 2.646993557188065
253 356 0.7940688968903633
253 345 0.48390574875928927
330 359 2.7117470592609445
317 353 3.3153580262671256
345 356 2.141984057957801
340 352 2.141984057957801
355 356 2.2726891994400433
257 357 1.347717671142901
326 357 2.7803933118077264
232 360 0.5336849977291656
232 358 0.08565016394454328
279 325 0.2582187931706581
289 369 3.574453703354731
349 360 2.93164334365634
358 360 2.141984057957801
308 358 1.6615501074318497
348 383 2.7803933118077264
368 378 4.145152023550564
266 378 -4.844202616288199
338 383 0.9436225830949259
348 349 1.8144599138640842
343 365 -0.8122801326543725
279 350 1.1457782142804072
279 359 3.4370554399806776
327 362 2.418966462073592
313 370 1.6908566753683048
351 363 2.368217406966919
308 363 3.3153580262671256
293 380 -1.690856787854381
266 381 -3.5744537730315336
340 361 2.93164334365634
326 362 0.19515760538251437
290 370 1.7513136084096503
308 363 1.880614156109223
335 363 3.574453703354731
342 354 -3.9184428135768994
367 380 0.9629978960423582
378 381 0.5004307185850176
365 387 -1.6328170469254393
343 387 -4.844202616288199
293 377 -3.732408358890588
340 372 3.015725255756913
337 369 3.015725255756913
346 357 2.646993557188065
366 377 2.184051378192568
377 380 0.9053573740495944
327 371 1.0422550037182607
371 390 2.0618119072200103
308 374 1.3959338990403656
357 362 1.2551669361900215
362 371 1.0830275858277314
347 370 1.0022628750411067
300 361 1.2778513804684322
361 372 2.31951701078773
350 376 2.4719660016221714
289 373 3.015725255756913
370 390 2.0618119072200103
358 374 1.347717671142901
342 365 -1.2106356105583946
352 376 0.242410407030617
279 376 2.4719660016221714
349 383 1.7513136084096503
364 385 -0.8864566941706382
340 376 1.3241144775306468
358 393 1.232765242543629
308 375 2.141984057957801
363 375 2.646993557188065
359 400 1.6908566753683048
317 382 2.646993557188065
345 355 2.2726891994400433
374 375 1.5769599644200505
289 400 1.9501526258096291
353 382 2.023523983245292
47 379 -2.4719661045957224
340 391 3.4370554399806776
373 400 2.368217406966919
360 383 1.3008299128497565
360 393 -0.19515772478657212
364 379 1.9149341938214999
376 391 1.9149341938214999
346 362 0.21088184704301205
362 389 0.7224263377855422
290 390 1.9501526258096291
335 407 2.5274488884529975
238 407 -5.53733426701854
342 401 1.5497853865743236
365 401 -0.7401649710893459
279 388 1.9501526258096291
346 389 3.3153580262671256
371 389 2.2275794437459226
338 390 0.6352858046593717
383 393 3.4370554399806776
374 393 1.0022628750411067
318 395 3.015725255756913
366 396 -2.22757952790676
300 381 -2.368217501379304
300 415 -3.5744537730315336
361 415 -4.844202616288199
340 398 3.4370554399806776
366 395 -0.5004308444200505
368 380 1.986327796610479
345 384 3.7324082779400585
383 390 3.015725255756913
379 386 1.604628978813839
47 386 -3.3153581355547077
279 402 1.347717671142901
359 392 2.4719660016221714
355 384 3.10674997290245
238 385 -0.7940690348095123
379 385 -0.9629980439232386
381 415 -0.7759822513321553
340 397 1.7513136084096503
376 402 0.8677032967963991
279 399 1.0422550037182607
353 412 0.274059332246233
346 384 3.2060450031958343
375 393 -0.007781779532672672
395 396 -4.145152083743929
397 398 3.4370554399806776
388 399 1.72076695640305
369 412 -0.722426472174637
382 412 1.5230823357393546
279 404 1.3008299128497565
369 406 -1.6615502176829433
406 412 1.124638707269666
363 393 2.646993557188065
387 401 -5.53733426701854
378 380 0.8490926297285697
399 404 2.101269714871794
392 400 0.6181436068748636
385 394 1.7825318837304605
379 394 -1.1887676261434261
366 414 -4.844202616288199
380 381 -0.6010891274007599
372 397 2.5274488884529975
340 403 -0.13248112001244716
402 404 2.2726891994400433
373 405 1.5230823357393546
289 405 -0.16377929735639296
386 394 -0.4347079946705643
343 395 -1.8806142848807943
396 414 1.0422550037182607
380 415 3.9184427168471876
398 403 1.3241144775306468
346 549 2.5856857384930256
346 409 0.6698459156176995
279 408 1.0022628750411067
289 419 0.023345926266394867
317 412 -0.023346044556825873
409 549 0.6872705278045488
354 401 -1.7825320036768968
361 397 1.3008299128497565
359 408 1.0625402297313233
405 419 1.0022628750411067
369 419 2.646993557188065
371 410 2.2726891994400433
390 411 1.3241144775306468
410 411 2.31951701078773
238 394 -0.3860227795812654
377 414 -4.844202616288199
391 402 0.08565016394454328
346 417 0.9436225830949259
389 410 2.2275794437459226
383 413 1.8144599138640842
377 423 -3.5744537730315336
391 418 1.347717671142901
279 359 3.3153580262671256
359 400 1.5769599644200505
414 423 2.31951701078773
380 423 -3.9184428135768994
402 418 1.4968293639808472
279 399 0.45104689322786395
355 416 -1.2551670218420983
417 549 0.7047961364960313
390 421 1.986327796610479
380 426 -4.844202616288199
340 418 0.023345926266394867
384 416 -0.33778538326100627
423 426 2.418966462073592
403 418 0.6698459156176995
279 404 1.9149341938214999
406 419 -0.9244110766470177
355 424 2.7117470592609445
384 420 1.0422550037182607
393 422 1.3008299128497565
359 373 1.9501526258096291
416 420 0.9629978960423582
346 420 0.5672301020452246
346 410 2.93164334365634
383 429 -0.7580155848378691
393 429 -0.8306198826413334
393 425 2.646993557188065
238 386 1.8471390342477205
416 424 0.054484828546315534
409 410 1.880614156109223
390 413 0.03891301945135828
422 425 2.0618119072200103
363 422 2.31951701078773
397 415 -4.844202616288199
359 405 -0.13248112001244716
238 335 -5.53733426701854
47 238 -3.2060451019615273
401 436 -0.5672302300910688
403 437 0.5504197869721676
402 427 2.0618119072200103
404 427 1.7825318837304605
417 420 1.347717671142901
413 421 3.015725255756913
413 429 0.6352858046593717
354 436 -2.4719661045957224
398 437 4.436121480203944
411 439 0.8306197427665889
390 439 2.8534721380276795
279 427 1.4968293639808472
359 419 2.7803933118077264
419 431 3.10674997290245
419 438 -0.2899342369326745
406 438 -0.33778538326100627
425 429 0.8306197427665889
398 415 -4.844202616288199
431 438 2.646993557188065
412 438 0.21088184704301205
409 432 1.6908566753683048
410 432 2.2726891994400433
410 439 1.6615501074318497
413 428 3.7324082779400585
47 475 0.007781661256567096
403 430 -0.8306198826413334
418 430 1.7825318837304605
432 549 2.5856857384930256
354 475 -5.53733426701854
395 414 -4.43612156009328
343 446 -0.7759822513321553
402 440 1.8144599138640842
387 446 -1.1246387871621042
430 437 3.2060450031958343
418 440 0.652518806521984
421 439 2.101269714871794
359 434 0.982542654754837
359 435 0.7401648358628796
434 435 1.9149341938214999
416 445 -1.167151619412428
420 445 1.232765242543629
417 447 0.9053573740495944
414 433 -0.4839058740936957
423 433 -0.4510470176203887
426 433 1.7825318837304605
418 443 1.880614156109223
279 441 0.7759821143416219
359 441 0.023345926266394867
424 445 1.7825318837304605
420 447 0.5004307185850176
395 433 -4.43612156009328
440 443 3.3153580262671256
427 440 1.3241144775306468
424 459 4.436121480203944
421 428 3.3153580262671256
427 441 1.604628978813839
359 442 0.5336849977291656
445 459 3.9184427168471876
445 447 3.3153580262671256
447 549 3.4370554399806776
432 439 2.023523983245292
428 429 0.1794573777347761
434 442 1.0221648177565306
426 456 2.7803933118077264
380 456 -4.844202616288199
427 472 2.101269714871794
359 444 1.6615501074318497
430 443 1.72076695640305
440 472 2.93164334365634
441 444 2.2726891994400433
429 454 1.72076695640305
436 494 -1.2106356105583946
395 471 0.8122799937741847
430 448 0.40219817433836536
359 449 -0.32179504083642385
442 449 1.9501526258096291
419 453 1.0022628750411067
431 453 0.8864565510992328
428 454 0.3217949194737102
401 494 -4.43612156009328
421 450 0.38602265684584536
428 455 3.9184427168471876
422 451 1.124638707269666
433 456 0.5004307185850176
454 455 1.0221648177565306
444 449 1.8144599138640842
425 451 0.7580154487445683
430 452 2.4719660016221714
430 458 1.124638707269666
443 458 1.8144599138640842
359 442 -0.14812115655181013
359 434 0.5336849977291656
439 450 0.242410407030617
437 452 2.8534721380276795
448 458 1.347717671142901
422 469 0.10124748840924536
363 469 2.023523983245292
446 462 -0.6525189378391278
380 457 3.015725255756913
441 472 0.8306197427665889
442 463 1.188767543534301
359 463 1.7513136084096503
419 465 2.101269714871794
421 455 2.93164334365634
451 469 -0.13248112001244716
343 462 -4.145152083743929
343 471 -2.8534722097520193
456 457 -1.986327866288225
448 452 0.5672301020452246
444 472 2.7803933118077264
453 465 1.2551669361900215
439 461 1.0221648177565306
421 481 2.7117470592609445
438 464 -0.8490927706325437
450 481 0.6698459156176995
425 454 0.1637791782871667
439 460 2.31951701078773
454 468 2.7803933118077264
425 468 2.31951701078773
438 466 -1.042255157127819
438 467 1.471006361575077
462 471 -5.53733426701854
464 466 1.0022628750411067
387 483 -1.8806142848807943
446 483 0.3058452631148958
448 472 0.5504197869721676
442 486 0.4674453385798212
359 505 0.8306197427665889
419 505 2.93164334365634
452 472 2.31951701078773
463 486 2.93164334365634
465 505 3.7324082779400585
431 466 -1.1037246319352672
451 468 0.10124748840924536
335 470 2.646993557188065
471 476 -5.53733426701854
449 472 0.1637791782871667
449 486 -0.19515772478657212
359 479 0.8864565510992328
479 505 2.31951701078773
460 461 1.2551669361900215
439 481 1.8144599138640842
455 468 3.2060450031958343
363 470 1.0221648177565306
238 475 2.646993557188065
462 476 0.8677032967963991
398 452 3.3153580262671256
464 467 1.72076695640305
439 480 1.4205758640846524
451 474 -1.1246387871621042
458 472 2.5856857384930256
443 477 0.5004307185850176
453 488 -0.08565028243590467
432 480 1.0422550037182607
469 474 2.023523983245292
395 456 -4.43612156009328
458 477 1.7513136084096503
472 486 3.3153580262671256
465 488 1.6328169387983074
431 488 2.0618119072200103
447 473 1.9149341938214999
363 482 2.8534721380276795
363 484 0.40219817433836536
335 485 2.4719660016221714
443 478 -0.40219829746062086
440 478 -0.6872706606037844
472 478 0.4347078707200993
460 480 2.418966462073592
468 474 2.93164334365634
462 483 -2.5274489963885465
477 478 0.8306197427665889
395 457 3.4370554399806776
463 487 2.023523983245292
473 549 2.93164334365634
470 484 0.6698459156176995
401 483 1.6908566753683048
486 487 2.368217406966919
463 479 -0.11685724657693086
432 489 2.7803933118077264
480 489 3.2060450031958343
335 503 2.101269714871794
483 491 1.8471390342477205
462 491 -2.5274489963885465
463 492 1.3716527928075883
238 503 -4.43612156009328
479 492 1.6328169387983074
335 490 0.5841188470777665
463 486 2.5274488884529975
431 497 1.4968293639808472
466 497 -1.0022630255891705
438 495 1.1671515377428254
488 497 2.7803933118077264
467 495 3.10674997290245
464 497 -1.4710064589046166
445 473 2.31951701078773
439 460 2.2275794437459226
485 490 1.9149341938214999
363 493 2.368217406966919
472 477 1.6328169387983074
469 482 1.1671515377428254
484 493 0.242410407030617
476 491 -2.0618119810484816
467 497 -0.27405945275533616
335 503 2.5274488884529975
335 503 2.7803933118077264
491 501 1.8144599138640842
476 501 -3.106750063060895
479 504 2.5274488884529975
497 519 2.93164334365634
485 503 2.023523983245292
490 503 0.274059332246233
471 501 -0.25821891342749526
504 505 4.145152023550564
467 519 0.9436225830949259
455 498 -1.914934325902037
468 498 -2.4719661045957224
468 499 -0.13248112001244716
468 500 -2.0618119810484816
463 505 1.4968293639808472
489 549 3.7324082779400585
474 500 -2.1419841365639445
492 505 2.8534721380276795
492 504 2.4719660016221714
474 502 -1.5769600686022973
469 507 1.232765242543629
482 507 1.9149341938214999
475 496 -1.4455945421327967
498 499 0.7940688968903633
499 500 0.652518806521984
500 502 1.5230823357393546
469 502 -0.6872706606037844
475 503 -5.53733426701854
486 505 2.2726891994400433
445 506 2.2275794437459226
421 439 3.10674997290245
459 506 2.31951701078773
502 507 1.445594446330888
482 493 0.7224263377855422
335 484 -0.353818619728701
496 503 -5.53733426701854
484 511 -0.635285935274005
335 511 3.4370554399806776
354 521 -1.7825320036768968
505 509 3.015725255756913
493 511 3.015725255756913
475 521 0.023345926266394867
415 452 -5.53733426701854
465 509 1.9149341938214999
445 515 1.8144599138640842
439 455 0.08565016394454328
483 513 -1.371652884404361
491 513 -2.5856858519456853
465 497 1.7513136084096503
506 515 2.93164334365634
439 498 -2.418966560561031
493 507 0.38602265684584536
473 510 1.3008299128497565
480 516 -1.986327866288225
472 517 -5.53733426701854
510 515 1.2551669361900215
510 549 1.0830275858277314
489 516 -2.023524054927849
439 480 2.31951701078773
452 517 -1.986327866288225
401 508 2.2726891994400433
483 508 -0.5672302300910688
472 512 3.2060450031958343
486 514 2.101269714871794
505 514 1.6908566753683048
519 529 2.418966462073592
508 513 -4.43612156009328
467 529 0.4674453385798212
497 528 2.368217406966919
501 513 -2.7117471225450083
497 509 2.646993557188065
495 529 0.6010889981175147
523 549 3.10674997290245
439 499 -0.618143736811748
493 520 2.184051378192568
472 518 0.6010889981175147
495 540 1.8144599138640842
510 523 2.8534721380276795
436 521 -0.4510470176203887
512 518 2.141984057957801
529 540 3.3153580262671256
459 522 -1.1887676261434261
439 500 -3.43705550120135
507 531 -0.36989699244014895
503 525 2.141984057957801
335 525 0.8677032967963991
401 537 -1.7825320036768968
472 527 -5.53733426701854
502 531 -1.042255157127819
507 520 0.242410407030617
494 537 -1.2327653271421226
508 537 -0.8306198826413334
517 527 1.0422550037182607
486 518 2.101269714871794
519 528 1.6328169387983074
506 522 -0.2899342369326745
500 530 -2.7803933790295874
502 530 -1.7825320036768968
335 524 -0.5672302300910688
503 524 -0.13248112001244716
436 534 -0.13248112001244716
439 530 2.418966462073592
530 531 2.5274488884529975
521 534 -2.6469936768108107
517 526 -3.0157253387444354
511 520 0.5504197869721676
452 526 1.4968293639808472
439 516 -1.914934325902037
507 532 1.6328169387983074
520 536 3.10674997290245
511 533 1.880614156109223
501 538 -4.844202616288199
507 536 -0.023346044556825873
520 533 3.3153580262671256
513 538 1.232765242543629
509 528 2.368217406966919
439 535 2.8534721380276795
395 501 -1.1887676261434261
516 549 -2.22757952790676
516 535 -1.6615502176829433
531 532 2.418966462073592
511 524 0.6181436068748636
486 505 2.646993557188065
523 542 -0.21088196663715686
542 549 1.3008299128497565
503 589 3.574453703354731
472 539 -0.007781779532672672
512 539 -1.914934325902037
532 536 2.141984057957801
518 539 -1.420575958424365
524 533 0.8306197427665889
380 551 0.1794573777347761
415 551 3.3153580262671256
452 566 -4.43612156009328
539 544 2.31951701078773
518 544 -0.6525189378391278
515 522 -2.5274489963885465
457 551 0.08565016394454328
415 566 2.8534721380276795
526 566 -5.53733426701854
527 539 -1.2106356105583946
486 544 1.3008299128497565
528 529 2.0618119072200103
523 545 1.347717671142901
439 543 1.6328169387983074
524 589 0.5004307185850176
395 554 -3.9184428135768994
457 557 -4.145152083743929
542 545 1.8144599138640842
554 557 2.8534721380276795
523 541 2.31951701078773
439 546 1.5497853865743236
395 547 2.7117470592609445
510 541 1.4205758640846524
530 546 0.45104689322786395
459 515 -0.023346044556825873
486 567 3.9184427168471876
505 552 1.2551669361900215
509 552 4.844202556684481
531 546 1.9149341938214999
533 589 2.184051378192568
508 538 -4.844202616288199
551 557 -2.8534722097520193
486 552 3.10674997290245
532 550 1.880614156109223
532 548 2.646993557188065
508 553 1.7825318837304605
538 553 -5.53733426701854
526 527 -3.43705550120135
528 559 2.4719660016221714
543 546 1.7825318837304605
548 550 2.141984057957801
496 521 0.13248100121840833
494 534 -2.368217501379304
547 554 -4.145152083743929
544 567 2.5274488884529975
528 552 1.2551669361900215
515 563 3.2060450031958343
510 563 -0.32179504083642385
535 549 3.10674997290245
537 591 -1.083027742309897
508 591 -5.53733426701854
528 552 0.9629978960423582
528 555 1.1457782142804072
541 545 1.2551669361900215
535 543 1.0830275858277314
520 532 1.5497853865743236
552 559 3.015725255756913
542 560 2.93164334365634
549 560 1.188767543534301
529 562 1.7825318837304605
541 563 0.9629978960423582
552 555 4.844202556684481
529 555 0.5336849977291656
531 550 1.4968293639808472
534 561 1.5769599644200505
494 561 -3.43705550120135
494 556 2.7803933118077264
539 577 -0.8864566941706382
556 561 -3.9184428135768994
527 577 -2.418966560561031
555 562 4.145152023550564
543 587 0.7401648358628796
543 575 2.368217406966919
546 575 1.3716527928075883
531 587 2.93164334365634
556 580 -3.3153581355547077
395 576 -2.023524054927849
527 570 -4.43612156009328
570 577 1.6328169387983074
544 577 0.5170228985401271
544 571 1.471006361575077
486 558 2.93164334365634
535 587 3.2060450031958343
575 587 2.7803933118077264
532 533 1.5769599644200505
521 561 -1.5497854889223055
561 580 -0.8306198826413334
501 576 1.2551669361900215
547 576 -1.2778514672160726
567 571 2.7803933118077264
558 567 3.574453703354731
540 562 1.986327796610479
545 574 0.6872705278045488
549 564 2.7117470592609445
546 587 1.7825318837304605
496 589 -5.53733426701854
494 565 -2.2726892867301896
537 565 0.9436225830949259
486 568 1.72076695640305
486 572 1.3241144775306468
545 563 -0.13248112001244716
542 574 -0.038913137770452355
556 565 -1.8806142848807943
571 577 2.93164334365634
563 574 2.2275794437459226
549 569 2.7117470592609445
548 589 0.652518806521984
532 589 1.6615501074318497
501 598 -5.53733426701854
552 573 3.574453703354731
540 578 2.5856857384930256
560 569 1.232765242543629
564 569 3.574453703354731
575 587 2.7803933118077264
550 589 0.6352858046593717
553 591 -4.844202616288199
538 598 3.2060450031958343
526 570 2.7803933118077264
568 572 2.8534721380276795
552 572 2.93164334365634
551 554 -3.9184428135768994
562 578 3.7324082779400585
576 598 -4.844202616288199
535 579 2.184051378192568
531 589 2.2726891994400433
415 581 3.10674997290245
579 587 2.5274488884529975
587 589 3.574453703354731
565 591 -1.167151619412428
558 568 0.19515760538251437
496 583 2.101269714871794
521 583 -1.0221649697100497
561 583 1.72076695640305
515 593 -0.36989699244014895
560 574 -0.4184259027266788
560 586 -0.4184259027266788
561 584 -2.1012697910023577
558 585 0.6352858046593717
568 585 2.023523983245292
580 584 0.40219817433836536
582 587 2.31951701078773
575 582 2.93164334365634
574 586 1.8144599138640842
569 586 1.604628978813839
551 614 -2.418966560561031
526 588 2.93164334365634
570 590 0.6181436068748636
577 590 1.4205758640846524
568 596 2.101269714871794
554 614 1.7513136084096503
572 596 0.3217949194737102
567 592 1.4205758640846524
572 603 1.6328169387983074
540 604 -1.0625403846496646
571 592 2.5856857384930256
596 603 3.7324082779400585
552 603 0.7224263377855422
563 594 -2.6469936768108107
580 607 0.8490926297285697
556 607 -3.3153581355547077
526 595 4.436121480203944
558 600 2.0618119072200103
552 609 3.9184427168471876
552 597 1.9501526258096291
588 595 2.646993557188065
558 592 0.5841188470777665
603 609 3.4370554399806776
573 597 1.9149341938214999
515 602 -1.3008300007371676
574 605 0.9053573740495944
535 606 -2.1840514594677467
496 716 -5.53733426701854
577 599 0.6872705278045488
585 600 1.2551669361900215
540 562 2.7117470592609445
594 602 1.0830275858277314
574 594 -2.5274489963885465
549 606 -3.106750063060895
579 606 -3.9184428135768994
589 716 3.574453703354731
583 716 -5.53733426701854
571 599 2.368217406966919
592 600 2.368217406966919
593 602 0.7580154487445683
551 630 -1.847139159904398
585 608 0.274059332246233
568 603 0.2899341161553104
540 601 3.3153580262671256
594 605 0.07006324471763459
584 607 1.1457782142804072
614 630 1.7825318837304605
415 630 -2.4719661045957224
415 526 -3.106750063060895
603 608 3.015725255756913
601 604 0.7580154487445683
586 611 -0.14812115655181013
569 611 -0.023346044556825873
569 618 -0.5504199144331001
415 625 -3.9184428135768994
577 615 3.10674997290245
552 610 0.3058452631148958
555 610 0.21088184704301205
586 605 0.007781661256567096
625 630 -1.083027742309897
570 588 0.4347078707200993
570 577 3.3153580262671256
600 603 3.015725255756913
552 616 1.124638707269666
605 611 1.7825318837304605
564 618 1.3008299128497565
565 607 -0.9629980439232386
415 595 -3.43705550120135
577 588 0.982542654754837
599 615 2.023523983245292
610 616 2.418966462073592
569 617 -1.1457782950449733
584 613 -1.371652884404361
554 612 3.574453703354731
592 603 1.232765242543629
573 609 2.93164334365634
555 620 0.6698459156176995
562 620 3.2060450031958343
611 617 2.5856857384930256
617 618 2.93164334365634
587 606 -2.7803933790295874
561 613 2.184051378192568
607 613 -3.9184428135768994
612 614 2.7117470592609445
597 609 1.8144599138640842
573 616 1.72076695640305
610 620 0.9244109312539295
594 622 0.6010889981175147
549 618 -0.5004308444200505
549 624 1.471006361575077
589 619 1.0830275858277314
581 643 -3.5744537730315336
605 622 1.124638707269666
625 643 -0.6525189378391278
571 603 1.347717671142901
594 621 -2.6469936768108107
577 595 3.574453703354731
621 622 2.8534721380276795
618 624 2.5856857384930256
599 603 1.5497853865743236
565 660 -4.43612156009328
602 621 -0.353818619728701
561 716 -5.53733426701854
607 660 -0.8864566941706382
603 615 3.3153580262671256
540 620 1.8471390342477205
605 623 3.10674997290245
589 633 0.38602265684584536
589 629 0.7224263377855422
553 627 -1.6328170469254393
622 623 2.7803933118077264
619 633 1.445594446330888
619 629 2.0618119072200103
613 716 -5.53733426701854
591 627 -0.32179504083642385
547 612 -5.53733426701854
587 641 -0.32179504083642385
589 628 0.5170228985401271
565 646 -3.9184428135768994
591 646 -4.844202616288199
610 631 0.6181436068748636
620 631 2.93164334365634
606 641 0.274059332246233
646 660 0.6010889981175147
611 639 0.9244109312539295
611 626 1.4968293639808472
607 654 -0.9244110766470177
595 644 4.436121480203944
605 639 2.5856857384930256
628 633 0.023345926266394867
654 660 3.574453703354731
612 630 3.2060450031958343
415 644 -5.53733426701854
589 632 2.0618119072200103
628 635 0.9053573740495944
633 635 1.471006361575077
623 639 2.4719660016221714
626 639 -0.07006336313715722
616 631 0.10124748840924536
618 640 -0.8864566941706382
589 649 0.5170228985401271
619 634 3.9184427168471876
603 647 3.9184427168471876
601 636 1.72076695640305
604 637 1.8144599138640842
617 626 0.6872705278045488
617 640 0.40219817433836536
587 649 1.9149341938214999
632 649 1.72076695640305
633 634 2.31951701078773
613 654 2.7803933118077264
627 646 -3.3153581355547077
415 643 -5.53733426701854
573 631 0.2899341161553104
604 636 -0.24241052705099042
593 621 1.0221648177565306
589 642 2.646993557188065
627 655 -3.9184428135768994
625 661 0.07006324471763459
609 645 0.7759821143416219
609 638 0.982542654754837
573 648 3.015725255756913
631 648 4.145152023550564
626 640 1.103724552883528
628 642 2.184051378192568
646 655 1.8471390342477205
630 661 2.368217406966919
643 661 2.5856857384930256
573 638 1.0422550037182607
540 636 0.40219817433836536
636 637 -0.08565028243590467
603 650 0.6872705278045488
609 656 1.6328169387983074
603 645 1.986327796610479
645 656 1.8144599138640842
618 651 -0.5672302300910688
553 655 1.72076695640305
609 648 2.5856857384930256
640 651 3.10674997290245
638 648 1.986327796610479
641 649 0.7580154487445683
553 598 -3.0157253387444354
615 650 0.08565016394454328
624 653 2.93164334365634
598 655 -4.844202616288199
620 652 2.7803933118077264
549 653 2.0618119072200103
549 641 -0.8122801326543725
629 634 2.2726891994400433
647 650 0.5170228985401271
540 652 2.5274488884529975
622 639 2.418966462073592
618 653 -0.5841189757308616
643 665 -2.9316434205780437
415 665 3.574453703354731
639 640 3.4370554399806776
648 656 3.3153580262671256
636 652 0.8677032967963991
621 657 1.1671515377428254
635 642 -0.32179504083642385
633 642 0.8490926297285697
634 642 1.604628978813839
547 680 3.9184427168471876
637 662 0.007781661256567096
622 657 0.2582187931706581
636 662 -0.10124760698692858
657 658 2.5856857384930256
622 658 0.9053573740495944
549 632 1.471006361575077
589 659 2.93164334365634
603 667 2.8534721380276795
651 653 3.2060450031958343
549 649 3.574453703354731
576 655 -0.25821891342749526
647 667 2.2275794437459226
652 662 0.7580154487445683
639 663 3.2060450031958343
613 679 0.1168571278983801
612 680 -3.732408358890588
577 674 1.5230823357393546
549 589 2.368217406966919
679 716 -2.9316434205780437
547 655 -1.5230824363372633
615 674 2.31951701078773
645 667 0.48390574875928927
640 672 0.7224263377855422
549 668 2.2275794437459226
634 666 2.31951701078773
634 664 1.8471390342477205
650 674 0.6181436068748636
645 675 0.7580154487445683
639 658 -0.33778538326100627
651 672 2.184051378192568
653 668 2.646993557188065
642 666 1.8471390342477205
629 664 1.8144599138640842
655 680 -0.07006336313715722
647 674 2.101269714871794
667 675 2.646993557188065
656 675 2.5274488884529975
629 669 1.4205758640846524
589 669 1.4968293639808472
648 670 1.2778513804684322
631 671 0.5841188470777665
620 671 1.7513136084096503
664 666 2.8534721380276795
646 683 -2.22757952790676
664 669 1.5230823357393546
660 683 3.015725255756913
652 671 2.141984057957801
653 673 2.646993557188065
642 676 1.4968293639808472
678 679 1.0625402297313233
613 678 -1.9501526936104758
648 671 1.188767543534301
669 716 3.4370554399806776
630 680 -4.145152083743929
613 686 1.5497853865743236
655 683 -3.732408358890588
595 681 2.023523983245292
577 681 2.2275794437459226
678 686 -1.1037246319352672
670 671 1.210635526973574
657 682 -1.2106356105583946
664 677 1.6615501074318497
644 687 3.10674997290245
648 689 3.2060450031958343
662 671 0.8864565510992328
642 659 -0.353818619728701
661 665 -3.9184428135768994
644 681 1.4205758640846524
670 689 0.7759821143416219
658 682 -1.1246387871621042
589 693 0.8122799937741847
659 690 -2.023524054927849
642 685 -0.867703438765498
655 699 -2.319517101482562
639 682 2.101269714871794
549 653 2.31951701078773
549 693 0.6352858046593717
642 690 -1.1457782950449733
666 685 -0.36989699244014895
666 677 1.6615501074318497
669 677 1.4205758640846524
683 699 2.023523983245292
681 687 3.574453703354731
674 681 2.31951701078773
549 684 0.6872705278045488
671 692 2.184051378192568
659 693 0.4674453385798212
676 685 1.1457782142804072
639 702 -4.43612156009328
663 702 -4.145152083743929
639 702 -4.145152083743929
640 698 -2.6469936768108107
644 710 0.5672301020452246
674 688 2.2275794437459226
670 691 1.6908566753683048
639 698 -2.418966560561031
672 698 -0.5504199144331001
677 716 1.2551669361900215
654 686 -0.7047962700763302
415 710 -5.53733426701854
695 698 1.3008299128497565
672 695 -0.3860227795812654
686 716 -4.43612156009328
654 716 -4.844202616288199
660 716 -4.844202616288199
674 675 0.13248100121840833
647 675 3.7324082779400585
648 691 3.10674997290245
670 701 1.0221648177565306
671 701 2.5274488884529975
698 702 1.4968293639808472
690 693 -0.07006336313715722
676 690 -0.4347079946705643
675 688 3.10674997290245
656 691 2.7117470592609445
689 691 3.7324082779400585
639 704 -5.53733426701854
549 696 2.93164334365634
630 733 -4.43612156009328
675 700 5.537334267018537
702 704 1.3716527928075883
680 733 3.015725255756913
691 701 1.604628978813839
679 686 1.9501526258096291
661 697 3.2060450031958343
681 694 3.3153580262671256
630 697 1.6328169387983074
687 710 1.1671515377428254
687 694 2.101269714871794
666 716 3.9184427168471876
680 699 -0.023346044556825873
674 705 2.93164334365634
662 692 -0.3860227795812654
685 716 -1.4968294629075651
688 705 1.3716527928075883
692 701 2.646993557188065
672 707 1.347717671142901
651 707 -1.3477177614522067
676 713 1.3008299128497565
688 703 4.145152023550564
697 733 -4.844202616288199
656 700 2.7803933118077264
639 719 -2.1419841365639445
653 712 -1.8144600365838361
549 708 -1.042255157127819
693 708 2.023523983245292
676 716 0.8677032967963991
660 728 -5.53733426701854
661 709 1.124638707269666
682 719 -1.9501526936104758
704 719 2.646993557188065
653 707 -1.6328170469254393
684 696 1.445594446330888
716 728 3.7324082779400585
665 709 -4.844202616288199
703 705 1.445594446330888
682 723 -1.167151619412428
695 706 0.40219817433836536
707 712 2.5274488884529975
549 712 -2.368217501379304
549 715 -0.6698460476628039
692 714 3.2060450031958343
719 723 2.8534721380276795
672 706 2.0618119072200103
697 709 3.3153580262671256
674 694 0.369896870073811
675 703 2.93164334365634
696 708 0.274059332246233
690 713 -2.2726892867301896
694 705 2.0618119072200103
691 722 3.9184427168471876
712 715 0.6872705278045488
693 713 1.0830275858277314
713 716 1.9501526258096291
683 728 -5.53733426701854
701 722 1.880614156109223
682 718 -0.7047962700763302
695 720 0.13248100121840833
695 711 -0.4839058740936957
684 721 0.7580154487445683
694 717 0.8490926297285697
698 720 1.8471390342477205
711 720 -0.07006336313715722
706 711 0.5841188470777665
549 721 -1.4710064589046166
696 721 -0.8122801326543725
687 717 0.08565016394454328
696 735 3.3153580262671256
687 731 3.2060450031958343
718 723 1.0830275858277314
710 731 3.3153580262671256
717 731 2.93164334365634
691 700 3.2060450031958343
702 727 -0.4510470176203887
694 731 2.7117470592609445
698 727 1.4205758640846524
715 721 0.6010889981175147
717 731 1.232765242543629
702 724 2.5274488884529975
708 735 -1.690856787854381
693 726 0.4347078707200993
691 730 2.141984057957801
692 722 3.9184427168471876
708 726 0.7759821143416219
722 730 2.101269714871794
711 725 0.10124748840924536
706 725 0.8306197427665889
683 746 -3.9184428135768994
700 729 1.4968293639808472
720 725 1.4968293639808472
706 712 -0.4510470176203887
728 746 3.7324082779400585
675 729 1.0830275858277314
691 729 1.7825318837304605
713 726 0.369896870073811
675 739 2.7803933118077264
724 727 1.2551669361900215
720 727 0.40219817433836536
712 725 1.3008299128497565
699 746 -3.5744537730315336
715 732 2.0618119072200103
721 735 -1.2106356105583946
713 736 -1.1457782950449733
699 728 -5.53733426701854
717 738 0.7580154487445683
705 759 0.1637791782871667
675 740 2.2726891994400433
731 738 3.4370554399806776
705 731 1.347717671142901
703 759 2.7117470592609445
727 743 -1.1246387871621042
720 743 -0.7047962700763302
715 734 1.347717671142901
732 734 2.7803933118077264
721 734 0.7401648358628796
718 742 0.652518806521984
723 742 1.0022628750411067
712 743 -2.6469936768108107
713 735 2.7117470592609445
675 759 0.5336849977291656
691 741 1.5230823357393546
722 737 1.5497853865743236
715 743 1.604628978813839
716 736 -1.5230824363372633
729 740 0.242410407030617
730 737 0.2899341161553104
692 737 3.4370554399806776
718 788 -0.25821891342749526
704 748 0.6010889981175147
702 748 -2.22757952790676
725 743 -1.690856787854381
726 735 -0.40219829746062086
716 744 -0.36989699244014895
739 759 3.2060450031958343
691 740 2.5856857384930256
691 747 2.141984057957801
691 737 2.5856857384930256
692 756 -0.6872706606037844
742 788 -1.7207670712436016
734 735 1.124638707269666
736 744 1.7513136084096503
741 747 2.184051378192568
714 756 1.0625402297313233
724 743 -3.9184428135768994
744 745 -0.11685724657693086
716 745 -2.319517101482562
716 751 2.93164334365634
716 749 -0.8864566941706382
719 742 0.19515760538251437
724 748 -0.5170230248961472
719 757 -1.1037246319352672
724 764 -2.5856858519456853
715 734 1.5230823357393546
735 736 -1.083027742309897
705 766 0.10124748840924536
742 757 1.880614156109223
748 764 1.9149341938214999
745 751 -0.007781779532672672
759 766 3.574453703354731
716 752 0.19515760538251437
675 759 1.1457782142804072
719 748 -1.167151619412428
749 752 2.0618119072200103
731 766 1.347717671142901
740 759 1.7825318837304605
715 758 2.023523983245292
716 754 0.9053573740495944
716 750 4.145152023550564
743 764 4.844202556684481
734 758 3.9184427168471876
749 754 0.5336849977291656
739 759 1.0022628750411067
735 745 -1.0022630255891705
751 765 0.9629978960423582
716 765 -0.9436227297103521
752 765 1.4968293639808472
691 753 3.3153580262671256
737 753 0.7047961364960313
692 753 2.2726891994400433
735 751 2.023523983245292
709 733 -2.4719661045957224
699 783 -4.844202616288199
739 755 3.10674997290245
741 760 1.7825318837304605
691 762 0.5672301020452246
692 763 1.0422550037182607
748 757 1.0830275858277314
728 750 2.93164334365634
728 783 3.3153580262671256
747 760 0.9629978960423582
741 762 2.101269714871794
753 762 2.93164334365634
735 758 -0.14812115655181013
735 767 0.45104689322786395
699 784 -4.844202616288199
692 756 -0.8864566941706382
783 784 3.574453703354731
691 760 2.368217406966919
753 763 2.4719660016221714
743 761 2.2275794437459226
715 774 2.0618119072200103
716 768 -0.9825428039459942
699 787 -5.53733426701854
733 791 0.2582187931706581
665 772 2.4719660016221714
692 773 1.604628978813839
715 761 1.103724552883528
735 744 0.023345926266394867
754 768 0.13248100121840833
784 787 2.5856857384930256
709 791 -4.844202616288199
709 772 -2.418966560561031
691 759 3.4370554399806776
763 773 3.10674997290245
756 773 1.4968293639808472
743 770 3.2060450031958343
735 771 2.418966462073592
749 805 -1.324114566604422
749 781 -0.24241052705099042
754 781 2.7803933118077264
761 770 2.141984057957801
758 774 1.4968293639808472
752 805 1.72076695640305
755 759 2.7803933118077264
735 769 2.5274488884529975
761 774 2.31951701078773
769 771 1.3241144775306468
760 762 1.6615501074318497
735 775 0.7759821143416219
750 778 1.5769599644200505
756 776 0.7580154487445683
757 764 0.5504197869721676
758 775 2.7803933118077264
781 805 4.145152023550564
750 768 -2.7117471225450083
680 791 2.023523983245292
710 766 0.8490926297285697
767 775 2.7803933118077264
735 790 2.5856857384930256
728 782 0.48390574875928927
680 787 -3.3153581355547077
691 779 2.5856857384930256
767 790 0.6010889981175147
728 778 0.5672301020452246
772 791 0.023345926266394867
691 762 -0.10124760698692858
757 788 0.274059332246233
743 777 1.5497853865743236
735 786 2.93164334365634
771 786 2.2275794437459226
768 781 -0.867703438765498
768 778 1.0625402297313233
778 782 3.2060450031958343
762 779 2.5856857384930256
743 780 2.93164334365634
710 792 1.72076695640305
710 759 2.023523983245292
756 802 -0.7047962700763302
764 788 2.7117470592609445
770 777 1.9149341938214999
776 802 3.4370554399806776
735 859 3.3153580262671256
728 797 2.646993557188065
772 785 2.101269714871794
665 785 1.3008299128497565
777 780 2.7117470592609445
770 774 3.015725255756913
751 859 1.8471390342477205
773 802 2.5274488884529975
743 789 3.4370554399806776
765 859 -1.3477177614522067
728 798 1.7825318837304605
752 859 2.2726891994400433
782 797 2.31951701078773
415 785 0.1168571278983801
743 795 2.8534721380276795
743 816 1.3008299128497565
770 796 2.5856857384930256
774 799 0.9629978960423582
763 793 3.4370554399806776
776 794 1.5497853865743236
789 795 3.10674997290245
789 816 3.4370554399806776
780 816 2.31951701078773
735 771 0.8864565510992328
759 779 1.3008299128497565
770 803 1.210635526973574
790 800 2.7117470592609445
768 806 1.3716527928075883
772 820 -0.36989699244014895
415 807 -1.2106356105583946
710 810 1.188767543534301
762 801 4.436121480203944
777 803 1.5769599644200505
735 800 2.418966462073592
781 806 0.8864565510992328
797 798 3.4370554399806776
791 820 3.9184427168471876
785 807 0.1168571278983801
759 810 2.418966462073592
773 793 1.2551669361900215
774 808 1.3241144775306468
774 809 2.4719660016221714
774 804 -0.16377929735639296
771 859 -0.305845384176723
796 803 2.646993557188065
799 808 3.10674997290245
808 809 2.184051378192568
758 804 2.023523983245292
735 859 2.7117470592609445
783 798 0.7401648358628796
779 801 1.880614156109223
758 829 0.40219817433836536
775 829 1.986327796610479
783 811 1.6328169387983074
710 815 -0.5672302300910688
759 826 1.3241144775306468
770 799 0.33778526158074773
792 815 3.10674997290245
810 815 1.7825318837304605
780 817 2.101269714871794
786 859 1.5769599644200505
784 811 1.880614156109223
785 820 -0.4184259027266788
779 826 0.7580154487445683
753 801 3.9184427168471876
773 812 2.184051378192568
803 817 3.4370554399806776
798 811 1.5769599644200505
415 792 -3.9184428135768994
793 812 0.7047961364960313
764 814 2.5856857384930256
782 823 2.418966462073592
794 813 1.3716527928075883
804 809 1.6328169387983074
787 811 0.03891301945135828
802 812 0.3217949194737102
802 813 2.2275794437459226
776 813 2.023523983245292
788 821 0.7401648358628796
788 822 3.10674997290245
796 818 1.103724552883528
770 818 1.0830275858277314
758 834 0.274059332246233
781 819 1.3008299128497565
806 819 1.5230823357393546
768 823 3.10674997290245
778 823 -0.8864566941706382
787 824 1.471006361575077
759 825 3.015725255756913
779 832 2.4719660016221714
763 801 0.8864565510992328
802 828 2.646993557188065
788 814 1.8144599138640842
743 814 1.72076695640305
829 834 3.574453703354731
811 824 2.646993557188065
826 832 1.8144599138640842
775 837 0.6872705278045488
735 830 1.9501526258096291
805 859 2.5274488884529975
798 831 2.5856857384930256
779 833 0.274059332246233
801 827 1.0422550037182607
821 822 1.4968293639808472
829 837 3.7324082779400585
787 791 -4.145152083743929
807 820 -2.1012697910023577
832 833 2.4719660016221714
827 833 3.4370554399806776
795 817 3.4370554399806776
789 817 3.9184427168471876
775 790 0.1637791782871667
806 823 1.2778513804684322
415 835 -0.4674454634335292
776 802 0.4347078707200993
803 818 0.8490926297285697
790 837 3.015725255756913
797 823 0.10124748840924536
797 831 1.471006361575077
811 831 2.7803933118077264
807 835 0.8122799937741847
810 825 0.5841188470777665
763 812 0.38602265684584536
804 834 -2.319517101482562
819 823 1.7513136084096503
792 835 -5.53733426701854
770 838 0.4347078707200993
799 838 -0.9053575182618498
800 839 1.7513136084096503
735 839 0.8864565510992328
816 817 3.574453703354731
830 839 2.4719660016221714
830 859 3.7324082779400585
815 825 0.3217949194737102
743 788 1.3241144775306468
809 834 -1.371652884404361
859 867 4.145152023550564
805 819 0.5336849977291656
797 840 3.3153580262671256
802 836 2.5274488884529975
788 795 0.48390574875928927
817 818 2.368217406966919
828 836 0.7047961364960313
818 838 1.880614156109223
808 838 -0.618143736811748
790 839 2.646993557188065
805 845 2.5856857384930256
819 845 -0.10124760698692858
812 842 -1.3959339919795308
802 842 0.8677032967963991
802 836 0.9629978960423582
788 817 3.2060450031958343
808 834 -0.8864566941706382
820 835 -1.1246387871621042
763 842 1.3716527928075883
822 843 2.0618119072200103
788 843 2.5856857384930256
815 847 2.5856857384930256
825 847 -0.22663222628581936
759 841 2.023523983245292
834 838 3.015725255756913
831 840 0.8306197427665889
789 846 1.471006361575077
844 859 1.1671515377428254
805 844 1.5230823357393546
823 845 -2.6469936768108107
763 827 4.844202556684481
836 842 1.103724552883528
816 846 1.5230823357393546
852 859 2.31951701078773
823 848 0.054484828546315534
824 849 2.646993557188065
787 849 0.8864565510992328
759 850 1.6908566753683048
826 850 3.3153580262671256
826 853 2.5856857384930256
817 846 2.5274488884529975
845 848 1.2778513804684322
821 855 1.5497853865743236
822 855 -0.353818619728701
811 849 -0.6010891274007599
843 855 2.5274488884529975
797 848 0.8677032967963991
791 849 -5.53733426701854
763 833 0.22663210648628773
817 856 3.10674997290245
839 857 2.8534721380276795
792 847 3.2060450031958343
759 866 2.418966462073592
832 853 0.6872705278045488
833 853 1.1671515377428254
763 854 4.436121480203944
830 857 3.10674997290245
759 847 0.7401648358628796
850 866 3.3153580262671256
850 853 1.3008299128497565
763 853 2.023523983245292
818 851 1.9501526258096291
838 851 0.7047961364960313
834 869 -0.7047962700763302
836 861 0.2899341161553104
802 861 0.5336849977291656
852 867 3.9184427168471876
859 913 2.93164334365634
844 858 1.5230823357393546
842 861 0.7224263377855422
802 862 2.93164334365634
844 845 0.6698459156176995
763 861 2.141984057957801
861 862 1.445594446330888
788 855 0.33778526158074773
788 870 2.5856857384930256
834 863 -1.2106356105583946
859 865 -0.305845384176723
852 865 2.4719660016221714
858 859 1.9149341938214999
845 860 1.188767543534301
797 831 2.5274488884529975
855 870 1.7825318837304605
834 851 0.6352858046593717
863 869 3.2060450031958343
848 860 1.9501526258096291
831 848 1.9501526258096291
831 849 -0.2899342369326745
818 856 2.8534721380276795
829 869 -1.8806142848807943
837 869 -2.1419841365639445
839 864 1.445594446330888
859 867 1.9501526258096291
857 864 1.8471390342477205
865 867 1.986327796610479
844 860 0.22663210648628773
844 868 1.4968293639808472
790 864 3.015725255756913
830 913 1.5230823357393546
867 913 2.5274488884529975
860 868 2.7117470592609445
759 881 0.5672301020452246
841 881 0.03891301945135828
759 881 0.21088184704301205
790 869 -1.8144600365838361
818 834 3.574453703354731
867 883 -2.2726892867301896
847 875 3.10674997290245
759 875 1.986327796610479
788 873 -1.1246387871621042
866 881 2.7803933118077264
853 872 2.023523983245292
870 873 1.347717671142901
817 873 0.3058452631148958
858 868 0.22663210648628773
857 871 0.7224263377855422
857 878 0.45104689322786395
830 879 3.574453703354731
867 874 -0.7940690348095123
831 860 0.4347078707200993
853 866 1.5497853865743236
861 876 2.646993557188065
861 882 2.31951701078773
879 913 4.145152023550564
874 883 0.8122799937741847
763 876 3.2060450031958343
876 882 3.015725255756913
864 877 1.6908566753683048
830 878 0.7224263377855422
859 880 2.31951701078773
831 884 1.3008299128497565
849 884 -0.4184259027266788
792 875 3.4370554399806776
790 863 -1.4710064589046166
864 871 0.21088184704301205
871 878 1.880614156109223
791 884 -3.9184428135768994
790 877 1.8144599138640842
871 877 1.6615501074318497
831 868 1.6615501074318497
817 891 3.9184427168471876
859 898 3.4370554399806776
759 890 2.023523983245292
853 885 1.232765242543629
872 885 2.2726891994400433
882 886 2.8534721380276795
861 886 2.31951701078773
856 891 2.101269714871794
880 898 3.9184427168471876
859 868 3.2060450031958343
820 884 -4.844202616288199
856 903 -0.5841189757308616
818 903 -1.5497854889223055
818 863 -1.3477177614522067
867 894 -0.4510470176203887
792 820 -4.844202616288199
763 896 1.8471390342477205
763 908 -0.4184259027266788
854 908 -1.1037246319352672
862 892 1.6328169387983074
790 818 3.10674997290245
883 894 0.2899341161553104
881 890 2.141984057957801
866 885 3.2060450031958343
853 896 3.2060450031958343
896 908 2.646993557188065
871 887 0.8122799937741847
889 913 1.1457782142804072
867 889 1.7513136084096503
859 894 -1.986327866288225
853 895 2.7803933118077264
862 886 1.3008299128497565
878 879 0.1637791782871667
875 890 1.2551669361900215
872 895 0.5336849977291656
817 893 1.9501526258096291
891 893 3.3153580262671256
878 888 1.2778513804684322
879 888 3.015725255756913
875 899 3.10674997290245
873 893 -0.0544849469084292
877 887 2.101269714871794
871 888 0.9436225830949259
885 895 1.8471390342477205
886 892 1.5769599644200505
870 897 1.72076695640305
870 901 1.986327796610479
790 905 2.184051378192568
877 905 4.436121480203944
831 907 0.7759821143416219
884 907 2.368217406966919
792 929 -3.9184428135768994
854 915 -0.8306198826413334
876 900 2.2275794437459226
897 901 3.10674997290245
887 888 1.210635526973574
894 898 -1.4710064589046166
820 929 1.0022628750411067
908 915 3.3153580262671256
763 900 4.436121480203944
882 900 0.369896870073811
870 916 -0.023346044556825873
873 902 -0.722426472174637
893 902 3.10674997290245
867 913 3.574453703354731
820 907 -4.844202616288199
763 882 3.10674997290245
897 916 1.0221648177565306
890 899 3.10674997290245
895 896 2.2275794437459226
867 898 4.145152023550564
874 898 -2.1419841365639445
831 906 0.4674453385798212
870 902 2.023523983245292
906 907 1.3008299128497565
763 915 -1.2551670218420983
882 892 3.2060450031958343
870 904 2.4719660016221714
888 909 0.19515760538251437
831 910 3.574453703354731
763 930 -1.2778514672160726
763 919 1.3241144775306468
887 909 -0.9244110766470177
883 898 -2.1419841365639445
868 910 1.3959338990403656
866 895 2.184051378192568
915 930 3.7324082779400585
919 930 2.141984057957801
831 936 2.368217406966919
866 914 4.844202556684481
896 911 3.3153580262671256
891 903 -2.7117471225450083
898 913 3.2060450031958343
906 936 0.8490926297285697
893 912 1.72076695640305
891 912 3.9184427168471876
877 909 0.5004307185850176
901 904 0.054484828546315534
881 899 1.8471390342477205
901 917 2.184051378192568
904 917 0.8122799937741847
903 924 -0.4347079946705643
818 924 3.4370554399806776
908 911 3.9184427168471876
901 920 0.982542654754837
868 921 3.9184427168471876
895 911 3.7324082779400585
897 920 0.5004307185850176
917 920 2.5856857384930256
905 909 1.4968293639808472
875 929 -3.106750063060895
888 918 3.7324082779400585
831 925 -1.042255157127819
763 923 0.8864565510992328
916 920 2.5856857384930256
902 904 1.8144599138640842
902 912 3.3153580262671256
910 921 1.0422550037182607
925 936 2.418966462073592
919 923 2.646993557188065
879 918 1.1671515377428254
909 928 -0.6698460476628039
910 922 3.4370554399806776
906 926 1.0422550037182607
881 935 2.2726891994400433
888 928 2.93164334365634
921 922 3.4370554399806776
926 936 0.8677032967963991
907 926 1.6328169387983074
831 936 2.7117470592609445
907 927 2.8534721380276795
907 937 0.48390574875928927
927 937 2.0618119072200103
911 915 3.574453703354731
868 880 3.7324082779400585
820 937 -4.844202616288199
790 932 -0.5170230248961472
905 932 0.6698459156176995
905 933 1.5769599644200505
926 927 2.0618119072200103
904 920 -0.5170230248961472
909 933 1.3008299128497565
916 931 2.2726891994400433
920 931 0.023345926266394867
891 924 -0.5004308444200505
818 934 2.8534721380276795
918 928 4.145152023550564
879 928 3.4370554399806776
875 881 0.242410407030617
904 931 1.7825318837304605
932 933 0.8306197427665889
881 929 -1.7207670712436016
902 942 -4.844202616288199
924 939 3.574453703354731
910 941 1.72076695640305
831 941 0.08565016394454328
935 951 -0.4674454634335292
881 951 0.5841188470777665
891 939 1.2778513804684322
936 941 2.7117470592609445
912 942 -2.2726892867301896
891 938 2.101269714871794
790 913 2.8534721380276795
904 942 -4.43612156009328
913 932 -0.023346044556825873
895 914 2.7803933118077264
912 943 -4.145152083743929
921 940 1.72076695640305
942 943 3.4370554399806776
891 943 -3.9184428135768994
866 951 0.35381849771398977
913 933 -0.32179504083642385
922 941 0.6352858046593717
936 947 2.646993557188065
926 947 1.1457782142804072
911 945 3.7324082779400585
938 943 -2.0618119810484816
904 949 -3.9184428135768994
818 944 3.3153580262671256
934 944 0.8122799937741847
909 913 -1.751313725733529
921 958 -1.6328170469254393
927 947 -0.14812115655181013
927 948 0.007781661256567096
942 949 2.2726891994400433
818 944 2.2275794437459226
913 928 3.3153580262671256
913 928 2.7803933118077264
940 958 1.210635526973574
937 948 2.646993557188065
895 945 3.9184427168471876
891 954 1.8471390342477205
939 954 2.368217406966919
898 950 0.4347078707200993
921 946 0.7224263377855422
922 946 1.124638707269666
881 961 1.5497853865743236
940 946 0.4674453385798212
941 946 2.7803933118077264
947 948 2.023523983245292
935 961 2.31951701078773
923 930 1.210635526973574
931 952 -3.0157253387444354
931 949 -4.145152083743929
790 955 -1.7825320036768968
928 956 0.8490926297285697
868 958 0.369896870073811
936 960 3.9184427168471876
936 969 4.145152023550564
866 968 0.2899341161553104
924 944 2.4719660016221714
818 955 -1.083027742309897
913 955 -1.3008300007371676
947 969 2.8534721380276795
951 968 3.10674997290245
916 952 -1.2327653271421226
949 952 0.023345926266394867
943 965 -2.1419841365639445
938 965 1.72076695640305
898 967 4.436121480203944
898 957 2.7803933118077264
940 959 2.0618119072200103
937 969 3.7324082779400585
820 969 -5.53733426701854
868 898 3.015725255756913
946 959 2.7117470592609445
938 953 3.4370554399806776
938 954 1.6615501074318497
941 962 4.436121480203944
957 967 3.10674997290245
914 968 -0.14812115655181013
898 1038 3.7324082779400585
936 941 2.8534721380276795
941 963 1.7513136084096503
953 965 3.3153580262671256
957 1038 3.2060450031958343
958 959 0.21088184704301205
936 962 3.2060450031958343
936 963 3.574453703354731
895 968 2.8534721380276795
820 881 -2.6469936768108107
935 964 2.7803933118077264
955 966 -0.4184259027266788
913 966 1.4968293639808472
913 977 1.5497853865743236
913 972 2.7803933118077264
898 978 2.5856857384930256
941 999 -0.32179504083642385
953 954 2.418966462073592
950 978 1.1457782142804072
946 999 -0.13248112001244716
962 999 2.31951701078773
961 964 1.347717671142901
951 964 -0.19515772478657212
763 930 -0.9629980439232386
952 976 -0.4347079946705643
949 976 -1.0022630255891705
942 970 -2.4719661045957224
943 982 0.1168571278983801
955 971 2.7117470592609445
966 971 2.5274488884529975
913 956 -2.1840514594677467
946 987 1.1671515377428254
948 969 0.8490926297285697
881 979 0.7580154487445683
964 973 3.10674997290245
763 974 4.145152023550564
943 970 -1.1887676261434261
965 982 1.8144599138640842
924 954 0.07006324471763459
966 977 2.5856857384930256
972 977 2.646993557188065
898 958 -0.305845384176723
987 999 3.3153580262671256
960 969 3.10674997290245
820 979 -0.4347079946705643
961 979 3.7324082779400585
951 973 1.3008299128497565
952 975 0.1794573777347761
942 990 -1.4968294629075651
954 983 1.3716527928075883
924 983 2.93164334365634
913 1038 4.436121480203944
898 978 0.4347078707200993
898 985 3.7324082779400585
958 985 -0.08565028243590467
930 980 0.9436225830949259
763 980 -1.751313725733529
975 976 3.574453703354731
970 990 2.023523983245292
970 982 2.5274488884529975
959 987 1.471006361575077
898 1038 1.5769599644200505
978 1038 2.646993557188065
974 980 -0.5504199144331001
952 986 1.7513136084096503
967 984 3.4370554399806776
958 987 -2.319517101482562
961 973 2.184051378192568
763 981 1.5769599644200505
975 986 3.574453703354731
967 978 2.4719660016221714
957 984 3.3153580262671256
985 987 4.145152023550564
895 989 0.5170228985401271
945 989 -0.2899342369326745
911 993 -0.16377929735639296
915 993 1.0422550037182607
953 983 2.7117470592609445
973 979 1.604628978813839
989 993 2.141984057957801
944 955 -0.6698460476628039
969 999 3.015725255756913
951 992 0.08565016394454328
915 994 0.7759821143416219
930 994 -0.4347079946705643
930 995 -1.1037246319352672
974 981 1.188767543534301
942 976 -0.8490927706325437
936 999 3.4370554399806776
820 999 -4.844202616288199
968 992 2.418966462073592
968 989 2.4719660016221714
994 995 3.015725255756913
980 995 2.7117470592609445
942 996 -2.8534722097520193
990 996 1.6615501074318497
982 990 3.10674997290245
924 955 0.4674453385798212
971 988 3.574453703354731
820 991 0.4347078707200993
951 997 -1.420575958424365
976 996 -0.6010891274007599
966 988 2.7117470592609445
979 991 1.6615501074318497
993 994 3.4370554399806776
976 1000 -1.914934325902037
996 1000 2.0618119072200103
992 997 1.3241144775306468
953 1003 0.5004307185850176
924 1001 -0.32179504083642385
955 1001 1.8144599138640842
972 1004 1.9501526258096291
913 1004 3.9184427168471876
969 998 1.7825318837304605
973 1005 0.8122799937741847
951 1005 -2.5274489963885465
983 1006 -0.9053575182618498
924 1006 1.0022628750411067
997 1029 0.38602265684584536
992 1029 1.347717671142901
977 1004 3.10674997290245
985 1038 1.445594446330888
997 1005 -0.6698460476628039
965 1003 1.7513136084096503
913 1002 3.7324082779400585
967 1038 4.145152023550564
957 967 1.9501526258096291
981 1008 0.7224263377855422
1001 1006 2.8534721380276795
1005 1029 1.471006361575077
980 981 -1.167151619412428
966 1015 2.4719660016221714
987 1007 3.9184427168471876
999 1007 4.436121480203944
973 1029 0.2899341161553104
975 1000 -0.8864566941706382
977 1015 3.4370554399806776
996 1010 1.604628978813839
990 1010 2.5274488884529975
982 1009 4.436121480203944
965 1009 0.19515760538251437
969 1012 0.6698459156176995
991 1013 0.3058452631148958
979 1013 -0.13248112001244716
973 1013 -0.2899342369326745
986 1000 -2.22757952790676
1003 1009 2.101269714871794
988 1015 1.3959338990403656
1013 1029 2.5274488884529975
986 1023 -3.43705550120135
1000 1023 1.3241144775306468
990 1011 2.7117470592609445
953 1016 0.9436225830949259
960 1012 0.1168571278983801
968 1014 1.0422550037182607
989 1014 -0.7940690348095123
1003 1016 -1.2327653271421226
983 1016 1.7513136084096503
993 1014 0.982542654754837
1000 1010 0.22663210648628773
955 1016 0.4674453385798212
955 1017 0.3058452631148958
971 1017 2.2726891994400433
991 1026 1.9501526258096291
980 1034 -4.145152083743929
981 1034 3.2060450031958343
1010 1011 3.2060450031958343
982 1011 2.5274488884529975
1001 1016 -1.847139159904398
1013 1026 3.015725255756913
1016 1017 3.3153580262671256
1019 1038 3.574453703354731
936 1020 2.8534721380276795
998 999 0.5004307185850176
999 1021 2.7117470592609445
820 1026 -0.5672302300910688
1006 1016 1.9501526258096291
999 1020 3.10674997290245
992 1014 0.8306197427665889
913 1018 1.3716527928075883
1002 1018 1.8471390342477205
987 1038 0.5004307185850176
936 999 3.10674997290245
999 1025 0.242410407030617
820 1028 1.2551669361900215
993 1022 3.3153580262671256
981 1031 4.844202556684481
969 999 1.8471390342477205
1021 1025 1.986327796610479
1026 1028 1.232765242543629
995 1034 -4.145152083743929
1008 1031 -1.914934325902037
988 1024 0.33778526158074773
988 1027 -0.0544849469084292
960 999 -0.13248112001244716
992 1036 -1.371652884404361
981 1031 1.3716527928075883
988 1017 -0.22663222628581936
1015 1027 4.844202556684481
987 1019 3.4370554399806776
999 1012 -2.1419841365639445
1029 1036 1.8144599138640842
994 1022 2.418966462073592
994 1034 -2.7117471225450083
1014 1022 -0.6872706606037844
994 1037 -3.3153581355547077
1017 1024 1.471006361575077
1024 1027 2.101269714871794
1014 1036 0.2899341161553104
1034 1037 4.436121480203944
999 1030 -0.007781779532672672
1021 1030 0.9629978960423582
1010 1023 -1.914934325902037
987 1039 -4.844202616288199
1014 1032 1.8144599138640842
1023 1035 1.7513136084096503
1010 1035 -3.43705550120135
1003 1045 -1.3008300007371676
987 1040 -3.2060451019615273
1016 1045 4.844202556684481
1004 1015 2.646993557188065
1039 1040 1.8144599138640842
1022 1032 0.5336849977291656
1011 1035 -3.732408358890588
982 1035 -3.43705550120135
1009 1035 -3.3153581355547077
1003 1035 -2.22757952790676
1017 1033 2.31951701078773
1024 1033 0.6352858046593717
1035 1045 3.3153580262671256
1026 1029 0.22663210648628773
999 1021 3.4370554399806776
1014 1050 0.9436225830949259
1027 1033 0.6872705278045488
1036 1050 1.5497853865743236
1023 1048 0.9053573740495944
1016 1043 -0.24241052705099042
1007 1040 -4.145152083743929
1017 1043 -0.5170230248961472
1022 1037 -4.145152083743929
987 1038 3.015725255756913
987 1063 -3.106750063060895
1022 1067 -4.145152083743929
1033 1043 0.2582187931706581
1039 1063 4.844202556684481
1032 1050 -0.6872706606037844
1037 1067 4.145152023550564
1016 1046 4.145152023550564
1016 1041 4.436121480203944
1016 1047 1.124638707269666
999 1044 2.5274488884529975
1022 1058 -4.145152083743929
1043 1047 2.7803933118077264
999 1021 3.574453703354731
1026 1036 -0.6010891274007599
1058 1067 2.368217406966919
1033 1054 0.982542654754837
1033 1042 1.72076695640305
820 1074 -2.2726892867301896
1028 1074 -2.7117471225450083
1028 1056 -2.7803933790295874
1026 1056 -1.5497854889223055
1022 1050 -3.5744537730315336
1045 1046 3.4370554399806776
1043 1054 1.0022628750411067
1027 1042 2.2726891994400433
913 1015 2.418966462073592
999 1040 -3.43705550120135
1036 1056 3.2060450031958343
1027 1049 2.5274488884529975
1015 1049 2.93164334365634
913 1051 0.3217949194737102
1038 1051 1.3008299128497565
1038 1052 2.418966462073592
1056 1074 3.10674997290245
1050 1058 2.4719660016221714
1035 1048 0.8306197427665889
1038 1071 3.9184427168471876
1034 1060 2.184051378192568
1041 1046 0.2899341161553104
1042 1054 1.1671515377428254
1051 1052 3.4370554399806776
1052 1071 2.5856857384930256
1037 1060 1.0830275858277314
1031 1034 3.4370554399806776
1035 1053 2.141984057957801
1039 1055 0.8864565510992328
1036 1057 3.9184427168471876
1036 1059 0.33778526158074773
1040 1055 2.0618119072200103
1041 1047 1.5230823357393546
999 1073 -3.2060451019615273
1048 1053 2.418966462073592
1050 1059 2.7117470592609445
1042 1062 -0.9825428039459942
913 1064 0.35381849771398977
913 1071 3.3153580262671256
913 1065 1.5230823357393546
1051 1065 2.8534721380276795
1039 1066 3.2060450031958343
1047 1054 0.369896870073811
1027 1062 0.19515760538251437
1055 1066 2.7117470592609445
1047 1061 0.2582187931706581
1054 1062 1.2551669361900215
1054 1061 1.9501526258096291
1057 1059 0.6698459156176995
1046 1072 -1.2327653271421226
1046 1047 -1.2551670218420983
1015 1027 3.7324082779400585
1038 1063 -3.106750063060895
999 1083 -3.0157253387444354
1050 1068 2.31951701078773
1047 1072 1.880614156109223
1015 1064 -0.6525189378391278
1044 1073 -3.106750063060895
820 1083 -2.0618119810484816
1058 1068 1.72076695640305
1034 1037 1.232765242543629
1047 1077 3.9184427168471876
1015 1070 -1.4710064589046166
999 1079 1.3959338990403656
820 1091 -5.53733426701854
1074 1091 2.2726891994400433
1031 1075 -1.324114566604422
1031 1080 1.0830275858277314
1064 1070 1.3008299128497565
1040 1079 -0.5170230248961472
1044 1079 0.2899341161553104
1053 1076 2.2726891994400433
1047 1081 2.5856857384930256
1037 1069 2.368217406966919
1035 1076 3.3153580262671256
1061 1081 0.7401648358628796
1073 1079 -1.8806142848807943
1067 1069 2.141984057957801
1034 1069 1.445594446330888
1034 1075 -0.7580155848378691
1048 1076 1.3959338990403656
1061 1062 0.1481210376275779
1015 1062 -0.24241052705099042
1015 1078 -1.5769600686022973
1070 1078 1.7513136084096503
1056 1084 2.368217406966919
1057 1089 1.347717671142901
1059 1089 -0.5504199144331001
1050 1094 1.880614156109223
1064 1071 0.22663210648628773
1061 1090 0.982542654754837
1015 1082 -0.5504199144331001
1036 1089 3.7324082779400585
1058 1086 2.101269714871794
1034 1087 1.124638707269666
1034 1095 1.0830275858277314
1045 1072 0.3058452631148958
1077 1081 1.6908566753683048
1062 1090 1.7825318837304605
1078 1082 1.4968293639808472
1069 1087 1.3716527928075883
1075 1095 0.6181436068748636
1075 1080 1.124638707269666
1051 1071 1.5230823357393546
1056 1092 1.6908566753683048
1059 1085 1.7825318837304605
1081 1090 1.986327796610479
1065 1071 1.6908566753683048
1084 1092 1.72076695640305
1050 1085 0.48390574875928927
1068 1086 1.8471390342477205
1067 1086 0.9244109312539295
1015 1097 1.0422550037182607
1055 1116 0.7047961364960313
1040 1088 3.2060450031958343
1036 1092 1.9149341938214999
1050 1099 3.10674997290245
1094 1099 2.7117470592609445
1015 1090 1.0422550037182607
1082 1097 1.6615501074318497
1021 1073 -1.847139159904398
1072 1093 0.38602265684584536
1064 1098 0.7940688968903633
1038 1105 -2.7803933790295874
999 1118 -0.5004308444200505
1067 1100 1.210635526973574
1069 1100 1.6615501074318497
1034 1101 3.2060450031958343
1047 1093 0.5336849977291656
1070 1098 0.007781661256567096
1071 1098 1.604628978813839
1083 1118 1.0625402297313233
1085 1089 -1.167151619412428
1068 1094 2.368217406966919
1086 1100 2.8534721380276795
1087 1101 2.2726891994400433
1045 1093 1.5230823357393546
1071 1105 -2.0618119810484816
1040 1107 0.274059332246233
1079 1107 2.646993557188065
1078 1098 -0.722426472174637
1021 1118 1.7513136084096503
1035 1096 2.31951701078773
1045 1096 1.7825318837304605
1071 1104 2.93164334365634
1040 1106 -1.8806142848807943
1036 1109 1.0422550037182607
1089 1109 2.31951701078773
1080 1102 1.604628978813839
1080 1103 1.232765242543629
1082 1098 1.2551669361900215
1063 1105 3.7324082779400585
1040 1116 -2.5856858519456853
1075 1102 0.9629978960423582
1102 1103 1.72076695640305
1015 1111 0.054484828546315534
1066 1116 -0.9825428039459942
1085 1099 -0.7580155848378691
1080 1110 0.9629978960423582
1093 1096 1.103724552883528
1106 1116 1.8144599138640842
1087 1100 0.652518806521984
1077 1113 0.07006324471763459
1081 1113 1.347717671142901
1090 1111 2.5856857384930256
1039 1116 -1.8806142848807943
1068 1100 0.6181436068748636
1093 1108 1.0022628750411067
1097 1112 2.023523983245292
1040 1117 -3.5744537730315336
1107 1117 0.9629978960423582
1084 1109 2.2275794437459226
1103 1110 1.0625402297313233
1047 1108 2.141984057957801
1082 1112 2.418966462073592
1098 1104 0.6352858046593717
1092 1109 2.646993557188065
1089 1099 1.3241144775306468
1076 1135 -2.5856858519456853
1047 1113 -0.4674454634335292
1021 1123 2.7117470592609445
1056 1124 -2.6469936768108107
1084 1124 1.0830275858277314
1034 1075 -1.690856787854381
1096 1108 0.13248100121840833
1088 1117 -2.5856858519456853
1118 1123 -0.11685724657693086
1076 1131 -3.5744537730315336
1035 1132 -2.7117471225450083
1090 1113 1.347717671142901
1098 1114 -0.10124760698692858
1104 1114 -0.8490927706325437
1071 1115 0.6872705278045488
1021 1122 -0.8122801326543725
1122 1123 -1.042255157127819
1089 1119 0.8490926297285697
1099 1120 1.7825318837304605
1087 1125 0.9244109312539295
1034 1102 0.5504197869721676
1131 1135 3.4370554399806776
1100 1125 3.2060450031958343
1076 1132 -0.6872706606037844
1035 1128 -0.618143736811748
1035 1108 -0.2899342369326745
1039 1121 -0.3860227795812654
1116 1121 0.8864565510992328
1089 1129 4.145152023550564
1089 1130 2.5274488884529975
1068 1130 1.445594446330888
1110 1126 0.9053573740495944
1132 1135 2.418966462073592
1128 1132 1.471006361575077
1015 1112 3.574453703354731
1109 1129 3.3153580262671256
1119 1130 1.3008299128497565
1100 1130 2.7803933118077264
1102 1110 1.6908566753683048
1039 1133 3.9184427168471876
1034 1140 -2.2726892867301896
1082 1114 1.445594446330888
1073 1107 -0.353818619728701
1101 1125 2.2726891994400433
1101 1140 -2.1012697910023577
1071 1127 3.3153580262671256
1107 1142 1.7825318837304605
1073 1151 -2.368217501379304
1094 1130 3.3153580262671256
1108 1113 0.7940688968903633
1121 1133 -0.038913137770452355
1073 1142 3.2060450031958343
1021 1151 1.9501526258096291
1109 1124 -1.5230824363372633
1116 1136 -2.7803933790295874
1040 1117 -2.4719661045957224
820 1146 -4.43612156009328
1056 1138 0.369896870073811
1099 1130 2.4719660016221714
1108 1128 2.184051378192568
1040 1136 1.8144599138640842
1074 1138 1.124638707269666
1124 1138 1.7825318837304605
1076 1143 -2.5856858519456853
1108 1141 0.6352858046593717
1063 1071 -3.732408358890588
1063 1133 1.8144599138640842
1121 1134 0.8864565510992328
1118 1146 1.8471390342477205
1083 1146 -2.1012697910023577
1146 1147 -0.305845384176723
820 1147 -5.53733426701854
1091 1137 2.646993557188065
1099 1130 1.3959338990403656
1120 1130 0.40219817433836536
1131 1143 2.8534721380276795
1113 1141 3.574453703354731
1111 1113 -0.07006336313715722
1116 1134 1.5497853865743236
1091 1147 1.5230823357393546
1129 1130 1.445594446330888
1089 1130 2.93164334365634
1102 1126 -0.007781779532672672
1117 1142 -2.5274489963885465
1091 1153 0.8490926297285697
1109 1139 3.4370554399806776
1122 1151 -1.2778514672160726
1091 1138 -0.33778538326100627
1113 1144 1.7513136084096503
1104 1112 3.10674997290245
1082 1104 0.1794573777347761
1104 1156 -3.5744537730315336
1063 1157 2.5856857384930256
1133 1134 -1.1457782950449733
1147 1203 1.4968293639808472
1091 1152 -3.732408358890588
1130 1148 1.7825318837304605
1100 1149 -2.1840514594677467
1100 1163 -1.1887676261434261
1015 1113 3.2060450031958343
1071 1156 -3.3153581355547077
1063 1115 -1.2551670218420983
1133 1157 2.418966462073592
1146 1203 0.5170228985401271
1137 1138 0.8677032967963991
1129 1148 1.124638707269666
1149 1163 0.1481210376275779
1125 1163 0.4674453385798212
1113 1145 -2.2726892867301896
1071 1165 -3.5744537730315336
1115 1165 -1.371652884404361
1124 1155 0.1168571278983801
1109 1155 3.574453703354731
1130 1149 -1.371652884404361
1034 1168 0.8490926297285697
1144 1145 0.8864565510992328
1123 1151 3.4370554399806776
1140 1168 -0.9436227297103521
1132 1150 0.1481210376275779
1128 1150 1.604628978813839
1112 1179 1.9501526258096291
1156 1171 3.3153580262671256
1071 1171 -3.106750063060895
1117 1158 -0.4184259027266788
1138 1154 0.9244109312539295
1109 1159 3.574453703354731
1034 1160 1.5497853865743236
1102 1164 -0.36989699244014895
1126 1164 -0.9629980439232386
1104 1179 3.2060450031958343
1117 1136 0.369896870073811
1142 1158 2.023523983245292
1123 1146 2.93164334365634
1154 1155 1.5497853865743236
1139 1159 2.2275794437459226
1034 1164 3.7324082779400585
1071 1172 -3.5744537730315336
1115 1133 -0.533685124626992
1073 1180 -2.7117471225450083
1073 1185 -1.7825320036768968
1151 1185 4.145152023550564
1130 1167 0.8677032967963991
1171 1172 2.5856857384930256
1133 1165 1.604628978813839
1063 1133 3.015725255756913
1134 1136 -0.6525189378391278
1180 1185 3.9184427168471876
1149 1167 1.4968293639808472
1135 1161 -0.5004308444200505
1132 1161 0.1168571278983801
1132 1162 1.103724552883528
1137 1188 3.574453703354731
1130 1166 -0.867703438765498
1112 1113 3.7324082779400585
1152 1153 -1.986327866288225
1129 1139 2.101269714871794
1125 1140 -3.106750063060895
1132 1169 0.8490926297285697
1150 1169 1.210635526973574
1128 1169 1.3959338990403656
1108 1169 -0.16377929735639296
1127 1189 -3.9184428135768994
1091 1188 2.2726891994400433
1130 1175 -0.36989699244014895
1161 1162 2.5274488884529975
1141 1169 -3.0157253387444354
1113 1179 1.6328169387983074
1172 1189 1.0022628750411067
1133 1136 2.5856857384930256
1166 1175 2.101269714871794
1130 1174 1.9149341938214999
1131 1161 0.6872705278045488
1141 1145 -1.3477177614522067
1147 1152 -1.1246387871621042
1137 1154 1.72076695640305
1125 1168 2.2275794437459226
1145 1170 0.5004307185850176
1071 1189 -2.8534722097520193
1117 1173 -0.9436227297103521
1142 1202 -3.43705550120135
1073 1202 -3.732408358890588
1146 1181 1.6908566753683048
1154 1182 -0.2899342369326745
1165 1189 2.7803933118077264
1136 1173 1.7513136084096503
1158 1173 1.445594446330888
1153 1188 -0.7047962700763302
1155 1182 2.418966462073592
1129 1159 3.2060450031958343
1129 1130 2.7117470592609445
1166 1174 0.41842577919951873
1167 1175 1.4968293639808472
1144 1170 1.347717671142901
1113 1177 2.418966462073592
1146 1183 3.4370554399806776
1147 1187 1.2778513804684322
1162 1169 0.8677032967963991
1180 1202 3.7324082779400585
1152 1187 -1.167151619412428
1143 1191 0.7759821143416219
1131 1191 2.7803933118077264
1161 1176 1.3241144775306468
1113 1184 2.141984057957801
1113 1178 2.31951701078773
1151 1186 1.5497853865743236
1152 1194 -4.145152083743929
1153 1194 0.5672301020452246
1149 1195 -1.6615502176829433
1141 1170 0.6352858046593717
1178 1179 1.6328169387983074
1181 1183 1.347717671142901
1155 1159 3.7324082779400585
1163 1195 -2.1419841365639445
1160 1168 1.0022628750411067
1162 1176 0.9053573740495944
1141 1192 -0.33778538326100627
1130 1190 1.880614156109223
1168 1196 0.45104689322786395
1177 1184 1.5497853865743236
1158 1202 -2.7803933790295874
1188 1194 1.9149341938214999
1137 1182 -0.07006336313715722
1174 1190 1.9501526258096291
1167 1195 -1.371652884404361
1161 1191 0.35381849771398977
1141 1144 0.274059332246233
1113 1141 2.5856857384930256
1158 1197 -1.8806142848807943
1152 1209 -3.5744537730315336
1167 1210 0.4674453385798212
1160 1196 1.1457782142804072
1141 1170 -0.24241052705099042
1197 1202 2.184051378192568
1123 1183 2.101269714871794
1194 1209 3.2060450031958343
1195 1210 3.2060450031958343
1162 1200 1.0221648177565306
1169 1200 0.07006324471763459
1170 1193 1.2778513804684322
1113 1179 2.4719660016221714
1165 1172 1.604628978813839
1158 1202 -2.6469936768108107
1166 1210 -0.4510470176203887
1176 1191 0.8490926297285697
1141 1193 -1.8144600365838361
1197 1202 4.436121480203944
1123 1186 1.124638707269666
1181 1203 -0.9436227297103521
1187 1203 0.054484828546315534
1174 1210 1.3716527928075883
1125 1195 2.418966462073592
1141 1204 2.7803933118077264
1160 1198 1.2551669361900215
1176 1200 -2.0618119810484816
1169 1204 -0.36989699244014895
1165 1171 -0.22663222628581936
1155 1188 1.880614156109223
1129 1190 1.2778513804684322
1175 1210 -0.8306198826413334
1125 1196 0.5004307185850176
1196 1198 2.141984057957801
1141 1205 1.2551669361900215
1170 1215 -0.4510470176203887
1141 1184 0.8864565510992328
1104 1217 -2.2726892867301896
1171 1201 -0.27405945275533616
1165 1201 3.7324082779400585
1173 1202 -3.106750063060895
1199 1202 -2.1419841365639445
1194 1226 3.4370554399806776
1188 1226 4.436121480203944
1192 1205 2.31951701078773
1193 1215 1.347717671142901
1141 1215 1.1457782142804072
1113 1141 2.418966462073592
1156 1217 2.184051378192568
1156 1201 -0.19515772478657212
1136 1202 -3.9184428135768994
1141 1177 1.7513136084096503
1156 1211 3.4370554399806776
1136 1225 -2.7803933790295874
1202 1225 4.436121480203944
1183 1208 1.1671515377428254
1190 1210 0.7224263377855422
1034 1198 -1.8144600365838361
1201 1211 4.436121480203944
1123 1151 3.7324082779400585
1203 1208 2.7803933118077264
1177 1222 1.72076695640305
1179 1216 -1.847139159904398
1136 1224 -4.145152083743929
1136 1241 -3.106750063060895
1123 1207 3.4370554399806776
1159 1213 0.45104689322786395
1141 1222 2.7803933118077264
1113 1216 0.19515760538251437
1179 1217 -3.2060451019615273
1225 1241 3.7324082779400585
1123 1208 2.31951701078773
1187 1209 0.3217949194737102
1129 1213 -0.22663222628581936
1192 1206 1.5230823357393546
1165 1223 -3.2060451019615273
1151 1180 3.7324082779400585
1203 1212 3.4370554399806776
1129 1229 3.3153580262671256
1125 1214 2.141984057957801
1205 1206 2.368217406966919
1141 1206 0.9053573740495944
1216 1217 1.0221648177565306
1133 1223 -3.732408358890588
1224 1241 3.574453703354731
1197 1199 -0.5672302300910688
1155 1213 0.48390574875928927
1213 1229 1.9149341938214999
1191 1221 -0.4347079946705643
1191 1200 -3.106750063060895
1223 1234 3.574453703354731
1133 1234 -1.986327866288225
1133 1224 -4.43612156009328
1190 1218 2.646993557188065
1034 1220 1.6908566753683048
1164 1220 3.2060450031958343
1200 1221 2.101269714871794
1187 1212 2.0618119072200103
1210 1218 -0.13248112001244716
1169 1232 -2.368217501379304
1123 1212 1.6615501074318497
1155 1228 0.7401648358628796
1213 1228 2.023523983245292
1190 1219 1.1457782142804072
1125 1198 -0.4674454634335292
1204 1232 4.844202556684481
1204 1205 0.1637791782871667
1208 1212 2.7803933118077264
1209 1226 2.5274488884529975
1129 1219 2.2726891994400433
1195 1214 -0.11685724657693086
1200 1231 3.015725255756913
1133 1238 -2.1840514594677467
1155 1227 3.574453703354731
1195 1230 1.5769599644200505
1169 1231 0.8122799937741847
1141 1216 -0.7401649710893459
1234 1238 3.4370554399806776
1224 1238 2.646993557188065
1207 1212 3.9184427168471876
1188 1227 1.7825318837304605
1218 1219 0.45104689322786395
1214 1230 2.8534721380276795
1198 1220 0.5004307185850176
1141 1217 -1.914934325902037
1211 1217 5.537334267018537
1180 1233 2.8534721380276795
1155 1235 -1.1037246319352672
1228 1235 0.7224263377855422
1202 1233 1.6908566753683048
1210 1230 1.9149341938214999
1169 1237 -0.7580155848378691
1141 1245 -0.4839058740936957
1217 1245 3.2060450031958343
1123 1242 2.7803933118077264
1207 1242 1.8471390342477205
1210 1239 3.7324082779400585
1210 1236 4.145152023550564
1231 1237 3.015725255756913
1232 1237 3.3153580262671256
1219 1229 3.10674997290245
1151 1233 1.9501526258096291
1151 1242 2.7803933118077264
1212 1242 3.4370554399806776
1141 1205 -0.24241052705099042
1210 1243 2.2726891994400433
1228 1229 1.0830275858277314
1239 1243 3.10674997290245
1224 1240 -2.418966560561031
1202 1246 2.646993557188065
1227 1235 -1.324114566604422
1218 1239 -0.867703438765498
1231 1244 3.3153580262671256
1225 1246 2.7117470592609445
1230 1236 2.31951701078773
1198 1214 1.72076695640305
1227 1228 0.7940688968903633
1236 1243 0.7401648358628796
1227 1229 2.8534721380276795
1218 1229 -0.6698460476628039
1237 1244 2.101269714871794
1238 1240 -1.6615502176829433
1209 1212 1.0221648177565306
1201 1223 -1.0022630255891705
1234 1240 -1.0221649697100497
1209 1242 0.07006324471763459
