MULTICUT
0 18 -1.62507
0 29 -0.0323019
0 32 -2.10917
0 42 -0.876884
0 55 5.03959
0 67 -5.53733
0 70 -1.64136
0 79 5.78652
0 81 -0.917445
0 82 -0.446164
0 88 1.14701
1 9 1.50002
1 11 -1.44329
1 20 0.195559
2 5 6.71192
2 12 -1.14578
2 14 0.0522761
2 24 -0.465474
2 33 0.0535983
2 49 0.119755
2 58 -5.53733
2 62 -0.00863597
2 68 -1.21064
2 72 -4.9745
2 74 -0.335793
3 6 0.385564
3 10 -0.226632
3 18 0.99089
3 38 -0.0306298
3 39 -4.46502
3 43 -1.49683
4 8 -3.43706
4 16 0.116857
4 26 -1.06254
4 30 -2.06181
4 41 -5.34207
4 48 -1.60463
5 14 1.79844
5 24 -0.169199
5 33 7.19175
5 49 4.68856
5 62 -0.039055
5 72 -0.613396
5 74 -0.0378155
5 114 -0.00162242
6 10 -2.14198
7 12 -0.123014
7 19 6.43971
7 21 2.13329
7 34 -0.954154
7 52 6.22979
8 15 -1.28525
8 26 1.29101
8 35 -0.924411
9 17 -2.93164
9 20 0.865283
9 23 -1.15295
9 46 -4.14515
10 15 -4.8442
10 31 -5.67801
10 36 -0.704796
10 43 -0.886457
10 50 -1.02216
11 20 -2.42897
12 19 -0.505105
12 21 -2.00213
12 24 -0.669846
13 20 -1.08303
13 22 -3.02322
13 37 -0.0327851
14 17 -2.01447
14 24 -0.0590551
14 27 -13.6837
14 46 2.36822
14 47 -11.545
15 31 0.193153
15 35 0.669846
15 36 -0.652519
15 44 -3.01573
16 25 -0.369897
16 30 -0.023346
17 23 -1.23277
17 27 -0.247271
17 46 -2.22758
18 32 0.695722
18 38 -0.0735896
19 21 8.74453
19 28 4.8442
19 34 -0.423495
19 51 11.225
19 52 3.76915
19 56 13.0189
19 57 2.88564
19 58 0.00844431
20 37 -0.242411
20 46 -15.3398
20 53 -2.27269
21 24 -1.63282
21 58 0.00844431
22 25 0.168684
22 30 -0.117689
22 37 -8.51785
22 48 -0.0560532
22 59 -0.694232
23 46 -6.03839
24 33 -0.0535983
24 49 -0.119755
24 58 -1.52308
25 30 -0.0541209
25 37 -0.0869779
26 35 -1.47101
26 40 -0.926049
26 41 -0.551331
26 45 -0.0411455
27 46 -7.46051
29 32 -3.31536
29 42 1.12415
30 48 0.0278503
31 36 -0.321795
32 38 -0.472651
32 39 -1.06254
32 42 -7.65085
32 54 -0.722582
34 52 -0.649618
35 44 -3.10675
35 45 -1.69086
36 44 -0.943623
36 50 -1.06254
37 46 -10.6657
37 59 -4.43612
38 39 -1.73541
39 43 -0.369897
39 54 -0.292308
39 60 4.43758
40 41 -0.399185
41 43 -1.27785
41 44 -0.413222
41 45 0.164577
41 48 3.56875
41 50 2.78039
41 59 0.0387903
41 60 11.8876
42 54 -2.29781
42 55 -1.58758
42 61 1.93066
43 60 -1.04226
44 45 -0.0411428
44 50 -0.83062
46 47 -2.27269
46 53 2.18405
46 59 -4.8442
46 66 4.74563
46 73 0.574919
46 76 -0.421296
46 85 -0.141792
46 91 0.691366
46 93 2.31192
46 96 2.86949
46 97 1.83271
47 49 -13.0705
47 66 -3.57445
48 59 0.0218196
49 62 -0.0246074
49 63 0.579854
49 65 -2.71175
49 66 2.21679
49 69 0.546197
49 71 0.498755
49 72 -0.36783
49 114 -0.00263139
49 154 -3.72529e-09
51 56 2.47197
52 56 10.4676
52 75 1.91493
52 95 -3.95233
52 99 -1.43806
52 102 -3.33028
54 60 -0.0821373
54 61 -0.201854
54 77 0.042077
54 82 3.29794
55 61 -0.238381
55 77 1.57568
55 79 2.77108
55 81 -0.0144325
56 57 9.59239
56 58 3.47107
56 64 6.41784
56 68 -6.67351
56 72 -0.166388
56 75 1.72077
56 80 6.88807
56 84 -5.66464
56 94 -3.10675
56 95 -2.27269
58 68 -2.36822
59 60 3.61434
59 73 -5.53733
60 61 0.0426729
60 73 -3.10675
60 76 1.59222
60 77 0.00734864
60 82 1.56744
60 91 -0.0746939
61 77 0.85491
61 82 0.117007
62 63 -0.122582
62 72 2.75885
62 114 -0.0511187
62 119 0.0896921
62 138 0.179266
62 154 -0.0692195
62 158 -0.0382869
62 164 0.128024
63 65 -2.92468
63 69 0.660919
63 72 -1.31767
63 114 -0.00131257
65 69 -0.397337
65 71 -2.67236
66 69 2.82625
66 71 0.225657
66 86 -0.740665
66 87 0
66 96 0.0947101
67 70 -0.924411
67 78 -0.451705
67 81 -0.451663
68 72 0.166388
69 71 1.09845
69 72 -4.297
69 83 -5.0242
69 86 -1.99814
69 87 2.0831
70 79 -0.563033
70 81 0.00806511
70 88 -0.634068
72 74 1.31553
72 83 6.42416
72 84 3.31791
72 87 1.20343
72 92 1.12855
72 94 0.283332
72 107 0.0451421
72 114 -9.32644
72 118 -2.78039
72 119 2.43557
72 132 7.62663
72 138 2.78856
72 154 -1.64879
72 157 0.696445
72 158 -0.40126
72 164 1.31154
73 76 -0.386023
73 85 -0.141792
76 82 14.2307
76 85 -0.242411
76 91 -0.291255
76 93 -0.794894
76 96 -0.503182
76 97 -0.212871
76 101 4.56532
76 108 0.827746
77 79 5.6492
77 82 2.30931
78 81 0.938744
79 81 0.550964
79 82 2.84323
79 88 3.67106
80 84 -2.14198
80 89 -3.91844
80 94 -2.37854
81 82 4.62539
81 88 0.760216
82 88 3.61478
82 90 3.31536
82 91 -0.0478208
82 93 3.61824
82 97 0.56321
82 100 6.23796
82 101 6.74462
82 104 7.14787
82 105 8.29123
82 106 5.18837
82 108 9.09553
82 109 2.77204
82 111 -0.794069
82 112 -0.66149
82 113 1.42913
82 115 8.6906
82 116 1.45171
82 117 -0.00268902
82 121 -0.00110073
82 133 -0.00110242
83 87 1.95058
83 107 0.412932
83 114 -0.048275
83 119 0.107366
83 138 0.402803
83 154 -0.103829
83 158 -0.0735782
83 164 0.168056
84 92 9.26048
84 94 0.209237
86 87 -3.91844
86 93 7.89778
86 96 -0.0947101
86 103 0.0630427
86 116 0.172575
87 103 2.5956
87 107 3.74342
87 114 1.24237
87 119 0.0371726
87 138 0.138348
87 154 -0.0346098
87 158 -0.0514391
87 164 0.166476
89 94 3.91844
91 93 0.0454221
91 97 1.68008
91 101 -0.168946
91 108 -0.0844728
92 94 0.303703
92 98 0.14278
92 110 0.142966
92 114 -0.0165411
92 119 1.88778
92 138 0.133799
92 154 -0.122473
92 158 -0.0191435
92 164 0.0806681
93 96 2.72415
93 97 5.27132
93 103 -0.0650225
93 116 0.0985562
94 95 2.78039
94 98 2.9962
94 102 4.99424
94 110 1.2605
94 114 -0.00684438
94 119 0.414225
94 125 -4.67109
94 134 0.151039
94 140 3.43706
94 143 2.93164
94 145 3.98651
94 151 2.85347
94 154 -0.10498
94 161 0.100959
94 163 0.403446
95 102 2.47197
99 102 3.17166
102 140 4.14515
103 114 1.78883
103 116 1.57635
103 122 -8.35456
105 112 -1.16019
107 114 -0.0112614
107 119 0.0295002
107 138 0.05606
107 154 -0.0298412
107 158 -0.0837896
107 164 0.0242668
109 112 0.162866
109 115 3.57626
109 117 -4.32885
109 123 1.6447
109 126 5.92696
111 113 -0.451047
111 117 -2.58569
112 123 9.84228
112 126 0.214883
112 130 4.14168
112 135 3.57445
112 136 -4.14515
112 142 2.52745
113 116 0.337696
113 117 0.202526
113 120 0.1223
113 124 -2.26774
113 127 1.21037
113 133 0.790673
113 149 -0.0175951
113 162 0.0290476
113 177 0.161969
114 118 -2.31952
114 119 -0.0819438
114 122 -13.9575
114 127 0.912793
114 131 1.60817
114 132 -0.0435271
114 137 4.25276
114 138 -0.118608
114 141 0.429051
114 144 -0.254066
114 147 -0.881423
114 148 0.426998
114 154 -0.0143893
114 155 0.100954
114 157 -0.019175
114 158 0.00192569
114 159 0.12106
114 160 0.786623
114 162 -0.0146345
114 164 -0.168353
114 165 -0.0513106
115 117 -3.92833
116 117 0.00622217
116 120 0.594711
116 122 -6.5061
116 124 -6.16871
116 133 0.509471
117 121 2.72684
117 123 -5.53733
117 126 -5.53733
117 133 5.47608
117 136 5.53833
117 139 1.00226
119 125 -0.0887711
119 128 5.58988
119 129 0.117713
119 132 0.129391
119 138 0.0164501
119 154 -0.280472
119 157 0.0663395
119 158 -0.0191435
119 161 -3.93104
119 164 0.120402
119 167 -8.58567
119 169 -3.09231
119 170 -9.97346
119 172 -4.43612
119 173 -4.8442
120 133 1.34213
122 124 -0.79221
122 131 -4.8442
123 126 2.01201
123 136 -4.43612
124 127 -3.79196
124 131 -5.08105
125 128 -0.0792828
125 129 -4.36936
125 134 -6.68948
125 145 -10.997
125 146 -0.286363
125 163 -8.98936
127 131 0.458009
127 133 1.53131
127 141 4.74057
127 149 -0.0243659
127 152 1.08533
127 162 0.0838963
127 177 0.760669
128 129 0.301294
129 146 1.5506
129 161 -1.67249
129 163 -4.89857
132 138 0.0459864
132 154 -0.24227
132 158 -0.0382869
132 164 0.465453
133 136 1.60089
133 139 2.58569
133 149 -0.02418
133 152 0.722871
133 162 0.103169
133 177 11.3203
133 190 9.4228
133 193 3.83184
133 212 3.89625
133 215 7.21651
133 234 2.66608
133 243 11.2166
133 279 -4.8442
134 145 2.02352
136 139 2.78039
136 142 -7.65085
136 153 2.85347
136 156 5.53733
136 187 9.48006
136 190 8.43747
136 202 6.04075
136 211 3.23553
136 222 1.731
136 234 2.65987
136 254 2.32655
136 258 3.91844
136 259 -2.31952
136 264 -5.53733
136 276 -5.53733
136 277 -4.8442
137 144 -0.760713
137 147 -3.20324
137 148 0.255257
138 154 -0.0692195
138 157 0.0293685
138 158 -0.323377
138 164 0.228322
141 148 0.443895
141 150 6.53275
141 162 0.252667
141 165 0.103887
142 153 -4.14515
143 145 2.64699
144 147 -2.64699
145 151 4.14515
145 163 3.05022
147 148 0.762555
147 155 -0.448514
147 159 -0.0437535
147 160 -0.359879
148 150 6.66967
148 155 -0.0274759
148 159 -0.0225502
148 160 -0.154707
148 162 0.409918
148 165 0.437932
149 152 -0.0234658
149 162 -3.34577
149 177 -0.102763
150 162 4.01169
150 165 6.11263
152 162 0.104611
152 177 1.83433
154 157 -0.277409
154 164 -0.451723
154 168 -7.85993
154 169 -7.72139
155 159 0.106253
155 160 0.237669
157 158 -0.0191435
157 164 0.085854
158 164 -0.0222571
159 160 2.11832
161 163 4.80827
161 167 3.73241
161 175 -4.8442
161 180 -4.8442
161 181 -6.06043
162 164 2.55523
162 165 5.95324
162 166 3.98628
162 177 1.50201
162 178 3.70756
162 180 -5.53733
162 183 2.04363
162 185 1.61703
162 189 5.07032
162 191 -2.14198
162 194 3.60509
162 196 0.0143817
163 171 -1.06254
163 174 -12.3892
163 180 -2.78039
164 169 -1.39593
164 179 -3.20605
164 180 -10.3815
167 173 -8.46008
167 175 -3.57445
168 169 -2.09546
169 170 -2.85347
169 172 -3.19691
169 179 -1.88061
169 180 -12.8928
170 172 -4.0439
171 174 0.434708
172 173 -0.0317155
172 176 -18.0237
172 180 -7.08312
173 175 0.0895778
173 180 -4.60475
174 180 5.05767
174 182 4.42352
174 216 0.256614
175 180 -0.536834
175 181 -0.0895543
175 216 -0.0536363
176 180 9.79386
176 216 0.359717
177 189 7.98926
177 193 2.00336
177 212 1.18877
177 255 0.348147
177 267 1.52308
177 279 -5.53733
177 282 -10.3815
177 290 -4.8442
178 180 -4.43612
178 184 -4.43612
178 188 -12.9251
178 191 -1.47972
178 192 -0.533685
178 195 -1.69086
179 180 1.34185
179 216 0.0540797
180 181 11.5307
180 182 18.6644
180 184 3.15197
180 186 7.24304
180 188 -4.79761
180 195 -8.57661
180 197 14.3065
180 198 3.75689
180 199 3.15197
180 200 11.4616
180 201 3.05267
180 206 3.73241
180 207 -3.91844
180 208 1.89607
180 210 4.71433
180 213 0.844143
180 214 4.24549
180 216 12.6831
180 217 8.57735
180 219 7.36558
180 221 9.37832
180 225 2.47737
180 227 12.0176
180 231 -0.119329
180 235 3.66451
180 236 2.16438
180 237 11.3212
180 238 9.47147
180 240 1.49799
180 241 0.818305
180 245 2.58569
181 216 0.162239
182 186 9.23391
182 198 5.92187
182 200 4.22328
182 216 0.157182
182 217 2.64699
182 220 11.365
182 224 4.08534
182 225 2.27269
182 228 5.05308
182 232 3.61914
182 241 4.19611
182 246 6.70881
182 251 3.73241
182 257 4.6475
183 185 0.517023
184 188 -1.25517
184 216 0.0540797
185 189 6.09575
185 194 -1.20997
185 204 -4.14515
185 205 1.14578
185 209 1.57696
185 217 -15.2257
185 218 -4.8442
185 226 -4.43612
185 239 1.92412
185 249 0.504492
185 260 -0.0220505
186 216 0.108159
188 192 -5.53733
188 195 1.28132
189 249 3.73735
189 255 3.93785
189 267 2.02352
189 273 -1.34772
189 286 -9.26974
190 202 6.08315
190 234 1.32812
191 195 -0.590475
191 196 -0.141756
192 195 -7.1263
194 196 0.0909235
194 205 -2.90728
195 196 -0.00764638
195 203 1.44703
195 207 -0.729786
196 203 -1.08459
196 205 -3.89313
197 216 0.162239
198 200 3.10675
198 216 0.108159
199 216 0.0540797
200 208 2.64699
200 216 0.162239
201 216 0.0540797
203 205 2.44612
203 207 0.0472172
204 209 -2.31952
204 217 -3.91844
205 207 0.16712
205 217 -15.9189
205 218 -4.43612
205 219 -7.16946
207 219 -3.57445
208 216 0.0540797
209 217 -5.53733
210 216 0.0540797
213 216 0.0540813
214 216 0.0542004
214 217 3.06061
216 217 0.113063
216 219 0.216623
216 221 0.108311
216 225 0.108312
216 227 1.87572
216 231 -0.118693
216 236 0.108312
216 237 0.583153
216 238 0.216623
216 241 0.108312
217 218 3.31536
217 219 10.4679
217 221 0.0233459
217 223 2.71175
217 226 1.57696
217 227 3.1318
217 229 3.73241
217 230 -0.0475092
217 233 -0.053407
217 235 1.68701
217 238 5.84281
217 239 -9.28032
217 240 1.84714
217 242 -4.37467
217 244 0.593597
217 245 1.95073
217 246 8.63686
217 248 14.0734
217 251 2.58569
217 252 3.49239
217 253 4.80379
217 257 3.7059
217 261 1.95015
217 263 10.4211
217 268 7.4673
217 270 4.71133
217 271 4.5958
217 272 5.32544
217 274 0.392653
217 280 2.10127
217 282 1.47195
217 283 7.35
217 284 2.5647
217 285 19.1435
217 289 3.45775
217 291 5.13436
217 295 6.76162
217 297 8.12605
217 298 3.43706
217 300 5.83368
217 302 1.39593
217 305 8.01719
217 307 2.11818
217 308 10.6128
217 309 1.27353
217 311 8.98221
217 312 9.06462
217 315 5.38607
217 318 5.90249
217 319 2.43864
217 321 -1.75199
217 322 12.3592
217 326 3.9981
217 328 8.69628
217 329 1.5586
217 331 9.17757
217 334 -2.34495
217 336 2.7671
217 337 0.582287
217 339 -1.98633
221 238 3.68925
226 239 -5.53733
227 231 -0.238022
227 248 2.33166
230 233 0.0434881
230 242 0.317257
230 244 -0.0363558
230 247 -0.626704
230 252 -0.0363557
233 242 1.60335
234 243 3.10382
234 254 3.12239
235 240 0.574811
235 245 0.450214
236 238 2.36822
237 238 4.49549
237 241 3.64937
238 241 2.22758
238 246 4.97691
239 242 -1.78018
239 249 -0.000322223
239 256 -0.321795
239 260 -2.75973
239 269 -5.53733
239 273 -3.73241
241 246 5.49887
241 250 1.69731
242 244 -1.31912
242 247 -0.010379
242 248 -0.294099
242 252 -12.4573
242 253 -0.294099
242 256 4.02135
242 269 -0.584119
242 270 -0.147049
242 274 -0.147049
242 282 -3.19926
242 284 -0.147049
242 291 -0.147049
242 297 -0.294099
242 308 -0.588197
242 309 -0.147049
242 311 -0.294098
242 319 -0.147049
242 322 -0.294099
242 326 -0.147049
242 331 -0.441148
243 254 5.36214
243 279 -4.8442
246 250 0.467445
246 257 2.36822
246 261 1.30083
248 253 2.36608
249 260 0.691038
249 273 -6.42211
252 274 3.16814
252 284 1.66155
254 259 -1.91493
254 262 -10.3815
254 265 -5.53733
254 279 -20.355
258 264 -5.53733
258 276 -3.73241
259 264 -0.83062
259 265 -3.84851
260 273 -0.274059
262 265 3.62892
262 278 -3.73241
262 279 -7.16946
262 294 -2.58569
263 268 3.58221
263 295 2.78039
264 265 -0.948354
264 266 -0.664819
264 276 -0.820896
265 266 0.333679
265 275 -2.14485
265 278 -0.943623
266 275 -2.15828
266 276 0.662279
267 282 -4.8442
267 286 -4.8442
269 273 5.52576
269 282 1.2095
271 272 2.96897
271 280 1.81446
271 298 1.79701
272 280 6.09397
272 283 3.46766
272 298 4.84018
272 300 10.7528
272 302 2.06181
272 303 3.01573
273 282 4.16328
273 286 6.28666
274 284 0.0233459
275 276 -4.14515
275 278 -0.467445
275 288 -3.20605
275 294 -11.1275
276 277 1.27785
276 281 5.48251
276 287 0.196738
276 288 2.14198
276 294 -21.3205
277 294 -3.73241
278 294 -4.80962
279 282 12.3635
279 292 4.2514
279 293 0.0820601
279 294 6.7805
279 296 5.69893
279 299 7.4929
279 301 1.53898
279 306 -2.02352
279 317 -0.042713
279 323 2.22758
281 287 0.775023
281 294 -12.1511
282 286 3.43706
282 290 2.22758
282 293 0.129571
282 294 3.73241
282 296 5.61723
282 299 1.71114
282 306 -1.9687
282 309 6.00006
282 313 4.51438
282 317 -0.0844474
282 319 0.900275
282 323 3.24363
282 332 2.31952
282 333 9.29929
282 335 2.93164
282 339 -7.21018
285 289 1.88061
285 307 1.93845
287 294 -4.43612
288 294 -4.14515
293 296 0.172849
294 301 0.982543
294 304 7.2338
294 316 4.69222
294 324 9.8701
294 325 2.36822
294 327 3.57445
294 339 -10.2178
295 314 3.94782
295 315 3.16861
295 336 6.04212
296 306 -0.517023
298 300 6.6812
298 303 3.73241
298 310 5.16319
298 320 4.35044
298 329 3.08679
299 306 -1.11733
299 317 -0.021288
300 302 1.97293
300 303 2.36822
300 320 2.79512
300 329 3.78258
300 330 0.488661
300 334 -7.5113
305 307 1.78253
305 312 7.15401
305 318 5.35407
308 321 -0.262256
309 311 2.44413
309 319 7.7683
311 319 5.39977
311 321 -0.418426
313 319 8.43041
313 339 -1.88061
317 323 -0.0408928
318 328 0.305845
318 334 -0.319106
319 338 2.71175
319 339 -5.62734
324 339 -3.10675
326 331 1.75131
328 336 0.116857
330 334 -0.977323
331 334 -2.27492
331 337 1.23716
331 339 -1.57696
333 339 -2.53302
334 337 -1.45015
334 339 0.0856502
335 339 -0.210882
338 339 -0.418426
