MULTICUT
0 1 -5.86612
0 3 0.750821
0 4 -12.196
0 6 -0.000606155
0 7 -0.0177418
1 2 0.351375
1 3 -0.186965
1 6 -0.0203969
1 7 -0.00248043
1 10 -3.00161
1 13 0.100875
1 15 0.0794943
1 18 -0.101248
1 20 -0.0241872
1 23 -0.0670637
1 25 -0.386023
1 119 -9.91859e-08
1 151 -0.0026274
2 10 -0.823757
2 22 -0.735045
3 4 -10.3815
3 5 2.26334
3 6 -0.0277732
3 7 -0.164314
4 5 -2.64699
4 8 -3.01573
4 9 -14.6491
4 11 -4.14515
4 12 -8.58127
4 16 -1.49683
4 17 -2.47197
4 27 -0.195158
4 28 -0.136455
4 29 -4.14515
4 33 -0.10685
4 35 -0.0197492
4 36 -8.85269
4 38 -0.0369083
4 39 -11.0629
4 40 -0.039598
4 41 -0.0495874
4 43 -0.12866
4 47 -11.0747
4 49 -5.53733
4 51 -2.18382
4 61 -0.0141709
4 67 -4.8442
5 7 -0.43626
5 8 2.07377
5 9 3.0694
6 7 2.00007
6 15 0.0289042
6 19 1.82531
6 20 0.453009
6 21 0.0245093
6 23 0.372613
6 26 -0.00294781
6 119 -0.043605
6 122 -0.00332694
6 151 0.0682235
7 9 -0.379673
7 19 2.2397
7 23 0.0230626
8 9 1.06254
9 11 1.71741
9 12 5.43381
9 14 4.62933
9 19 -0.377946
9 24 -0.392526
10 22 2.38443
10 25 -0.226632
11 12 0.825606
11 24 -0.00847167
12 14 0.877607
12 16 -1.14869
12 17 0.753251
12 24 -0.132959
12 27 -0.168896
12 29 3.32416
12 32 1.14297
13 20 -0.00269227
13 23 -0.109948
14 24 -0.156543
15 18 -0.0809276
15 20 0.871152
15 22 0.729272
15 23 0.0131949
15 25 -0.0132703
15 26 -0.000696992
15 119 -0.0218273
15 122 -0.00332694
15 151 0.0336165
16 17 -0.753251
18 25 -0.38519
19 20 2.25126
19 24 -0.0554935
19 26 0.000606283
19 30 -1.02247
19 31 0.122662
19 42 1.97798
19 44 1.3515
19 119 -0.0221894
19 122 -0.00332694
19 151 0.0460216
20 21 0.0542296
20 22 10.7197
20 23 3.60667
20 25 -0.00330818
20 26 -0.00398127
20 42 5.0557
20 44 3.66041
20 76 7.85665
20 79 4.88115
20 84 6.73707
20 88 2.73465
20 96 6.6052
20 97 3.55053
20 106 2.88206
20 108 4.03917
20 110 -1.43942
20 111 -0.161025
20 112 3.72419
20 116 5.94815
20 119 -0.645864
20 122 -0.530507
20 134 -0.420425
20 137 -0.0369736
20 138 2.48692
20 144 -0.0109377
20 145 -1.49435
20 151 0.597499
20 152 -1.25517
20 154 -4.62035
20 155 0.827341
20 163 0.106246
20 165 0.663192
20 166 1.7902
20 177 -0.111965
20 181 -2.75161
20 182 -0.494065
21 23 0.0424414
21 26 0.00125759
21 119 -0.0117447
21 122 0
21 151 0.0344938
22 25 -0.0133079
22 26 -0.00165174
22 108 1.57662
22 119 -0.0422872
22 122 -0.00332694
22 134 -1.25943
22 135 2.17949
22 140 3.9226
22 151 0.0412371
22 154 -2.10127
22 163 0.0637774
23 26 0.0006393
23 119 -0.0218771
23 122 -0.00332694
23 151 0.0390224
24 30 -1.98633
24 31 -0.270309
24 32 0.23515
24 34 2.46188
24 42 -0.985341
24 45 2.51692
24 48 0.362983
24 52 -2.27707
26 42 -0.00165175
26 44 -0.000825872
26 76 -0.00165174
26 79 -0.000825877
26 84 -0.00165175
26 88 -0.000825872
26 96 -0.000825877
26 97 -0.000825872
26 106 -0.000825872
26 112 -0.000825872
26 116 -0.00165174
26 119 0
26 138 -0.000825877
27 29 -4.46104
28 35 0.240645
28 38 0.0319241
28 40 0.903672
28 41 2.87684
28 73 1.00226
28 82 -2.58569
28 85 -2.78039
29 32 0.294318
29 37 1.02223
29 39 2.8541
29 46 2.08837
29 55 0.100421
30 31 -0.0486849
31 34 -0.575687
31 42 3.77057
31 48 0.0460347
32 37 3.25887
32 48 0.0849466
32 53 0.243737
32 54 0.269492
32 55 -0.303732
32 56 0.768941
32 79 0.137197
33 36 0.137745
33 38 0.351586
33 41 0.117729
33 43 1.99909
34 42 -1.22018
35 40 1.31936
35 41 5.19562
36 43 7.14334
36 47 2.36822
36 59 2.47197
36 63 3.43221
37 39 -0.0614204
37 46 -0.20613
37 47 -0.0678968
37 50 -0.018056
37 55 -0.378583
37 57 -0.0588079
37 75 -0.0498433
38 41 7.02335
38 43 2.73981
38 66 -0.0319486
39 46 0.824528
39 50 1.62835
39 51 1.95202
39 55 0.00487334
39 57 -0.0176902
40 41 1.02659
40 43 0.0538933
41 43 0.303779
41 62 4.04703
41 66 -0.0916077
41 70 1.91366
41 73 4.85189
42 44 2.54099
42 45 -0.210642
42 48 2.76925
42 52 2.73701
42 56 3.8821
42 74 1.21064
42 79 3.53386
42 119 -0.0221784
42 122 -0.00332694
42 151 0.0387768
42 177 -0.0943292
43 59 1.60463
43 60 4.95102
43 63 2.41897
43 66 -0.198584
44 119 -0.0211093
44 122 -0.00166347
44 151 0.0190274
45 48 0.53898
46 47 2.66999
46 50 0.00917374
46 55 0.512039
46 57 0.738456
46 64 -0.0142031
46 65 0.910984
46 69 -0.0292847
46 75 0.0251147
47 49 2.27269
47 55 0.0118219
47 57 3.32394
47 60 0.553111
47 61 -10.4723
47 63 1.66155
47 67 3.20604
47 68 0.0740605
47 69 0.421398
47 72 3.43613
47 75 2.20429
47 78 0.518184
47 81 0.196561
47 87 7.82429
47 89 0.902812
47 101 1.78253
47 109 -5.53733
47 114 2.81962
47 115 -1.77516
47 117 3.69779
47 127 -1.37999
47 128 0.282755
47 139 -2.10127
48 52 0.0460347
48 56 6.34468
50 51 2.37474
50 55 0.0114518
50 57 -0.366488
51 57 -0.0580277
51 61 4.31476
53 56 2.34482
54 56 2.88391
54 79 1.56041
55 57 0.0396995
55 58 0.010803
55 64 0.0400359
55 65 0.0928667
55 75 -0.0546041
55 79 0.00280656
56 74 3.24814
56 79 3.11958
57 61 -0.164422
58 64 2.35056
58 79 0.999259
59 63 0.00778166
60 63 2.59893
60 66 -0.422465
60 71 0.838429
60 72 3.53116
60 81 0.115163
61 67 -3.57445
61 68 -0.923844
62 66 0.400359
62 70 2.36581
62 73 3.69147
62 83 0.270453
64 65 1.53056
64 69 -0.0449538
64 75 -4.67039
64 79 6.88402
64 94 -0.0727893
64 98 1.72917
65 69 -0.153717
65 75 -0.0309263
66 70 0.0434185
66 71 -0.425444
66 73 1.43636
66 77 -0.0943513
66 83 -0.0239391
69 75 1.68525
71 72 2.258
71 77 2.44658
71 80 2.80037
72 80 6.04647
72 81 2.11314
72 87 0.262744
72 105 -0.0343968
73 77 -0.0929463
73 83 3.34445
73 85 -12.0519
73 95 -0.275012
74 79 6.55799
75 78 1.08421
75 94 8.60594
75 109 -4.24822
76 119 -0.0217895
76 122 -0.00332694
76 151 0.0332971
77 80 3.78131
77 83 2.72721
77 92 -2.41723
77 113 -0.289934
79 86 3.21218
79 98 5.33775
79 119 -0.0214743
79 122 -0.00166347
79 138 3.24053
79 143 0.058721
79 151 0.0207015
79 155 0.520233
79 156 3.20344
79 157 6.00618
79 177 -0.177625
79 183 -0.159058
80 87 0.0793694
80 92 -0.239863
80 104 0.0433909
80 105 -0.155923
80 113 -0.202939
80 120 0.144224
80 124 0.288448
82 85 2.59541
83 85 -4.45093
83 91 -0.15218
83 92 -1.74944
83 95 -0.783501
84 106 0.84444
84 116 0.831972
84 119 -0.062702
84 122 -2.05382
84 137 -0.112695
84 151 0.0508946
84 181 -5.82727
85 90 3.19657
85 93 0.924705
85 95 0.276241
85 99 0.758803
87 89 1.30701
87 100 3.80256
87 101 2.27269
87 104 1.26489
87 105 -1.07791
87 115 -2.77699
87 129 -0.944422
87 142 1.13021
87 149 -0.724033
88 119 -0.0207853
88 122 -0.00166347
88 151 0.0114038
90 93 0.387148
90 99 1.2536
90 102 -0.552094
90 103 2.80035
91 92 -0.374296
91 95 0.344252
92 95 -0.609485
92 107 -1.3635
92 113 -2.85347
93 102 -0.284293
94 98 -0.291152
94 109 -1.95015
95 99 3.27563
95 107 2.24325
95 113 -3.11708
95 118 0.192123
95 126 -4.46104e-07
96 110 -5.11221
96 111 -0.354373
96 119 -0.0222731
96 122 -0.00166347
96 151 0.0530319
96 163 1.22727
96 181 -1.00305
97 119 -0.0207858
97 122 -0.00166347
97 151 0.0114038
98 109 -0.15581
98 143 0.51949
98 156 4.43451
99 103 0.615498
99 113 -0.0353919
99 118 0.310031
99 123 -1.20291
101 115 -4.79148
102 103 0.246875
102 123 -3.39701
102 125 -0.316382
103 123 -8.97439
104 105 -0.402409
105 120 1.25809
105 121 0.85244
105 129 -0.555633
106 119 -0.0210495
106 122 -0.149785
106 151 0.0150995
107 113 -4.87655
109 127 0.0808034
109 128 -2.15791
109 143 -3.51088
110 111 0.846897
110 144 -5.14985
110 163 -7.08312
111 119 0
111 151 -0.00807869
112 116 7.74963
112 119 -0.0210211
112 122 -0.00166347
112 151 0.0370091
113 118 -0.0707838
113 124 -2.69623
113 126 -4.87486
114 128 0.556951
115 117 -0.0544849
115 133 2.02352
115 142 -8.55262
116 119 -0.0586388
116 122 -0.00481306
116 137 -0.254981
116 151 8.35678
116 172 3.57445
116 181 -0.195158
117 133 -2.47197
117 139 -10.1985
118 123 -0.762568
118 126 -0.471271
118 130 0.0415276
118 131 -0.742394
118 132 0.350186
119 122 0.0950427
119 138 -0.0380364
119 151 -0.0595105
119 155 -0.0380364
119 165 -0.053169
119 166 -0.0361125
120 121 1.02972
120 124 1.91113
120 126 0.0235691
120 136 2.47644
120 141 0.845949
120 148 -0.424271
120 150 -0.49337
120 167 2.13128
120 168 3.07888
121 129 -2.71884
121 141 0.313604
121 146 2.48237
121 148 -0.181574
121 149 -0.18647
121 158 -0.073041
121 161 0.689217
121 164 2.68824
121 174 -0.47374
122 138 -0.00314959
122 151 -0.00629918
122 155 -0.00314959
123 125 -3.42763
123 130 -0.124583
123 132 -0.405031
123 153 -0.466692
124 126 0.797077
124 136 0.0137019
124 148 -0.18427
125 153 -1.32411
125 159 2.52745
125 176 12.2337
125 186 -1.49683
125 190 0.258219
126 132 -0.173725
126 136 0.0254865
126 147 0.0599348
127 128 -0.623316
128 139 -0.249488
128 143 0.645521
128 156 3.72619
128 162 9.75567
128 171 -2.21909
128 179 -0.41934
128 180 -2.27373
129 149 0.508237
130 131 -0.348994
130 132 2.75341
131 132 -0.0160334
132 147 2.10779
132 153 -0.0109986
132 159 -0.15445
132 160 -0.0843105
133 139 1.14722
133 142 -0.210043
134 154 -0.00778178
135 140 0.0351124
135 163 0.0330015
135 173 -2.87848
136 147 -1.65788
136 150 -0.904482
136 167 2.41398
138 151 0.0104085
138 177 -0.0934652
139 142 -0.839945
139 149 1.28397
139 162 -0.741387
139 164 -0.0335603
139 170 0.136188
140 154 -1.75131
140 163 0.032979
140 173 -2.40804
141 146 0.270721
141 148 -0.110578
142 149 -5.1923
143 156 1.42128
144 145 0.0450955
144 152 -0.955822
144 163 0.258219
145 152 -0.740916
146 148 0.396859
146 161 0.716238
146 169 0.126641
146 174 -1.07178
147 160 -1.83425
147 167 -1.16812
147 178 -1.07137
148 167 0.0425773
148 168 0.15822
148 169 3.31811
148 174 -0.152663
148 191 0.433921
149 158 0.594331
149 164 -0.237841
150 167 -1.64021
151 155 0.024568
151 163 0.0601789
151 165 1.21236
151 166 0.0123796
151 172 0.0974628
151 177 0.00988611
151 182 -0.00535691
152 154 -0.132481
152 163 -7.3555
153 159 -1.02629
154 163 -7.95095
155 177 -0.104222
156 180 -0.790236
156 183 -0.247984
156 199 -1.84714
157 177 0.42517
157 183 -0.0819632
157 193 -6.66656
158 164 -0.18864
159 160 0.983848
159 178 1.52616
159 186 -8.12302
160 167 0.131141
160 178 0.131122
161 164 0.351196
161 174 -0.473818
162 170 -2.78039
162 175 4.72578
162 179 -1.57888
162 184 -7.2581
162 188 0.0493273
162 194 4.67646
162 213 9.15881
163 165 2.72299
163 173 -5.53733
163 181 -0.262962
163 189 2.62462
163 205 -4.43612
164 170 2.12793
164 174 -0.566559
164 185 -5.54278
165 172 0.786657
165 177 1.30196
165 181 -7.43134
165 182 -1.10372
165 189 0.643378
165 193 -9.97346
165 196 0.126399
165 206 -4.43612
165 207 -8.16853
165 208 -14.3
165 214 -7.85993
165 217 -5.53733
167 168 7.18173
167 178 2.4001
167 186 -6.69047
167 187 1.79181
168 169 9.16564
168 187 5.68304
168 200 -0.185044
169 187 2.71175
169 191 0.788535
169 195 6.26647
170 184 -1.30372
170 185 -0.669846
170 201 -1.21064
171 179 -7.70241
171 180 -0.402198
172 181 -0.451047
174 185 -3.31536
174 191 -5.95459
174 192 -3.31536
175 179 -0.957098
175 188 2.49628
175 202 -0.0219063
175 213 2.2987
175 222 3.08471
176 190 10.1775
177 193 -4.27981
178 186 -4.14515
179 180 1.74728
179 188 -0.328027
179 199 -2.71175
179 202 -1.41723
179 222 0
180 199 -5.65427
183 193 -1.33235
183 197 -0.346309
183 199 -0.00778178
184 201 -8.97439
184 213 -5.53733
185 191 0.170024
185 192 2.06181
185 201 2.8706
185 204 0.00746136
185 211 0.049731
185 212 0.402648
186 187 -3.01573
186 190 -5.51915
186 198 -1.72077
186 203 -1.48937
186 209 -0.0848773
186 210 -1.04197
187 195 0.0450725
187 200 -1.86424
187 209 -7.59915
188 202 -0.0267334
188 222 0.191332
189 205 -1.84714
189 214 -5.53733
190 198 0.914567
190 203 0.704736
190 215 -3.29682
190 216 -13.0302
190 218 0.489581
191 192 1.98633
191 195 1.87493
191 204 0.474725
191 211 -9.04839
193 196 -6.22177
193 197 -3.49413
193 217 -3.16712
193 220 -0.305845
195 200 -0.443522
195 209 -0.0239941
195 211 -3.73241
197 199 -4.91528
197 220 -4.8442
198 203 0.704736
199 202 -0.163779
199 220 1.01969
200 209 -0.255251
201 212 2.13328
201 213 6.6431
201 219 0.762413
201 225 0.315518
201 227 0.0564292
201 228 0.702606
202 220 -2.11399
202 222 -0.0149759
203 209 0.0227857
203 210 0.429372
203 216 -3.33672
204 211 -3.37493
204 212 -2.48795
205 214 -4.8442
206 208 -0.41143
206 214 -0.83062
206 224 -1.09507
207 214 -8.05025
208 217 2.27269
208 224 4.75626
209 210 0.0853711
209 211 -4.43612
209 216 -0.0296281
209 221 -18.4884
210 216 -0.449458
211 212 0.638449
211 219 0.599991
211 221 -0.337785
211 229 -2.74466
211 230 -8.74338
211 238 -14.0904
211 241 -5.53733
212 219 3.74292
213 222 0.379279
213 225 2.2512
213 228 2.52745
213 248 8.05025
214 224 8.32333
214 233 -0.179458
214 243 -22.245
214 249 -3.10675
215 218 -5.31153
216 218 -5.178
216 221 -5.53733
216 226 -16.612
217 220 3.03126
217 223 6.17745
217 224 4.03667
217 231 1.46796
217 236 3.18013
217 250 -0.02927
217 251 -2.53492
217 254 -2.58569
217 261 -0.148121
217 262 -1.60463
217 263 -2.31952
217 264 -1.56144
218 226 1.12464
218 245 -3.31536
219 227 3.65852
219 228 2.0891
219 229 -0.30454
219 265 2.47197
219 273 7.26891
219 276 -0.333301
219 286 -0.0546881
219 306 0.131943
219 320 0.119934
219 370 0.0592189
220 222 -6.97124
220 231 6.6172
220 234 3.86456
220 242 -0.052887
220 251 -1.89457
220 252 -8.52162
221 226 0.803419
221 241 -16.8462
221 244 -2.37312
222 242 -4.13398
222 248 3.79299
222 253 0.723952
222 260 -0.0333961
222 292 6.34789e-06
222 293 1.27653e-05
224 232 4.08435
224 239 9.48347
224 249 -0.163779
224 250 0.0516642
224 254 -11.466
225 228 2.10789
226 235 -0.40609
226 240 -6.2135
226 244 -0.54319
226 245 -2.41897
226 246 -6.7805
227 228 4.873
227 248 4.54399
227 320 1.10571
227 350 0.0899392
228 248 4.66101
229 238 5.27251
229 266 3.21229
229 276 3.45224
230 237 10.4295
230 238 3.10675
230 241 6.21745
230 256 3.73241
231 236 1.46746
231 250 -0.0150428
231 251 -12.9932
233 243 -0.116857
235 246 -0.83062
236 250 -0.0150429
236 251 -0.692228
237 238 8.01058
237 256 3.29951
237 266 5.16516
237 268 5.80531
237 286 0.325181
237 291 0.19972
238 266 2.93164
239 254 -2.85347
240 245 0.221374
240 246 0.110687
241 244 3.58296
241 247 8.45489
241 256 5.12098
241 259 3.39854
241 268 4.51416
241 275 2.37063
241 285 0.449084
241 286 1.1731
241 290 -1.12549
242 252 0.105774
242 253 -0.943623
243 249 -0.0746087
243 254 1.36067
243 255 -18.8359
243 258 -14.8177
244 246 6.34412
244 247 2.78039
245 246 9.85056
245 267 4.69908
245 270 9.24915
245 279 3.06943
245 283 0.588115
245 284 2.92263
245 310 -5.53733
246 247 5.53679
246 275 1.49031
246 279 2.15539
246 283 1.40981
246 290 -0.390431
247 259 5.69494
247 275 2.45212
247 290 -0.195215
248 293 3.57445
248 299 4.87223
248 320 2.78241
248 321 6.80434
248 341 -0.169939
248 347 -5.11313
248 350 -0.385019
249 254 -0.149217
250 251 0.149015
250 264 0.0151514
251 252 0.8324
251 257 3.00376
251 264 1.4887
251 271 0.338324
251 272 -0.542226
252 253 -0.386023
252 257 5.76653
252 260 7.15695
252 271 6.73084
252 272 -0.0819759
253 260 -3.50513
254 255 -5.53733
254 261 -0.115942
254 262 -0.25872
254 263 0.976116
254 264 0.666042
254 274 1.44559
254 277 -13.2629
254 288 -4.43612
255 258 1.92226
255 269 5.43172
255 277 4.8442
256 268 1.57696
257 271 0.506741
257 272 0.0842083
258 269 0.579366
260 271 2.27269
260 281 -4.28907
260 292 -8.22281
261 262 -0.0289855
261 264 -0.00676167
262 263 -0.207345
264 272 -2.16398
264 274 0.652141
265 273 0.386023
266 276 1.5943
266 286 3.75833
266 291 1.71602
267 284 3.91844
268 286 0.255288
269 277 0.699032
269 282 1.32469
269 297 -27.6867
271 272 1.05508
271 274 -9.21377
271 278 -2.64735
271 280 -0.56723
271 281 -1.81446
271 287 -3.48239
271 294 -2.85929
272 274 -3.0822
272 278 -1.42058
273 276 -0.291984
273 286 -0.108955
273 306 3.0068
273 307 -0.041913
273 320 0.0650663
274 278 -0.0856503
274 287 -1.62906
274 288 -7.70407
274 294 -3.35007
274 303 1.44695
274 316 -6.16968
275 290 -0.195216
276 286 1.01498
276 307 0.0423574
277 282 4.64005
277 288 1.70912
277 289 4.94962
277 295 2.47197
277 296 0.0682466
277 300 4.55373
277 308 -2.06181
277 309 -3.73592
277 312 3.2171
279 283 0.196865
279 290 0.276588
279 301 -3.85753
279 302 -14.5267
279 304 -2.16643
279 310 -4.14515
280 287 -0.638604
280 294 -2.71175
281 292 5.01113
281 294 2.56745
281 316 -4.8442
282 297 -9.97346
282 300 6.4292
282 317 0.312633
282 323 -0.00602106
282 325 -0.0120421
283 290 2.37384
283 302 -2.00525
283 304 -0.393729
283 319 -1.66433
283 327 -1.95109
284 310 -0.337785
284 318 -1.38354
284 328 3.62958
284 331 0.926134
284 348 -0.319731
284 349 3.38341
285 286 1.26338
285 290 2.99987
285 298 1.19029
285 305 3.10675
285 311 -8.85269
285 314 1.76376
286 291 4.09145
286 305 11.3412
286 306 -0.68188
286 307 2.9542
286 330 -0.158864
286 334 1.20599
286 335 -0.618144
286 339 -4.43612
286 354 -5.53733
287 294 -1.78253
287 303 -1.81416
288 296 0.31474
288 308 -13.361
288 313 -1.98633
288 316 -0.794069
288 322 -0.517023
290 298 0.86281
290 311 -7.31101
290 319 -0.469854
290 327 -8.96584
290 333 1.78713
290 351 -0.0952198
292 293 1.46393
292 299 0.247499
292 316 -1.63282
293 299 2.93199
293 316 -2.27269
293 326 -0.0707107
293 341 -0.715898
294 316 -3.91844
295 309 -1.21064
296 308 -10.761
297 323 -5.53733
297 338 -6.58588
297 340 -3.43706
297 346 3.31536
297 359 3.91844
297 373 -4.8442
297 377 -4.8442
297 379 -20.064
297 381 -4.8442
297 398 -5.81416
298 311 -2.14198
299 341 -1.44006
299 350 -0.150589
300 309 -6.18494
300 312 2.81613
300 317 3.13151
300 323 -0.0199609
300 324 2.47744
300 325 -0.110039
300 336 1.20252
300 340 -1.49803
300 344 0.0237146
300 345 -2.93164
300 368 -4.43612
301 304 0.702901
301 310 0.0463929
301 315 -3.9653
301 318 -0.0721307
301 319 -0.240572
301 331 -0.0137973
301 349 -0.145584
302 304 -0.837968
304 319 -1.66279
304 349 -0.034647
305 314 1.3974
305 329 -0.0172464
305 330 -0.201453
305 334 3.12835
306 307 -0.0865446
306 320 0.108582
306 335 1.05106
306 354 0.19085
306 355 -3.85387
306 369 -0.0165931
306 370 0.184033
307 335 -1.98839
307 354 -8.85269
308 309 1.81302
308 313 0.289934
308 322 -2.31952
308 324 -9.63066
308 342 -2.93164
309 312 -0.256603
309 324 -4.1615
310 315 -0.0130342
310 318 -0.00678242
310 331 0.00160959
310 349 -0.0103799
311 314 -2.11455
311 329 0.00876052
311 333 -6.7182
311 334 -0.99053
313 322 -1.14578
314 329 -0.0172464
314 334 0.994112
315 318 0.0592428
315 331 -11.0256
316 322 -0.0163312
316 326 -4.8442
316 341 -12.5419
316 342 0.368381
317 325 -0.359299
318 331 -7.55566
319 327 0.159404
319 332 -0.467445
319 349 -10.611
320 347 -3.66073
320 350 0.755071
320 354 0.410222
320 370 1.41342
322 342 -0.917787
323 325 0.079841
323 338 -1.23277
324 342 -2.57023
324 343 -1.74723
324 344 1.01736
324 368 -3.91844
325 337 -0.0735447
325 340 -0.846938
326 341 1.1917
327 349 -2.91741
327 351 -6.05436
328 348 -0.081502
329 333 -0.262002
329 334 -0.0522149
329 365 -0.0868243
329 366 -0.10632
329 367 -0.0307514
330 334 -0.112589
330 339 -3.57445
330 354 -3.91844
331 349 3.51432
332 349 -0.943623
333 351 -0.0952198
333 361 -4.14515
333 366 -3.91844
333 367 -3.33523
334 354 -5.53733
334 365 -0.66181
334 372 -8.31773
335 354 -1.60463
335 355 -0.364062
335 374 -1.02216
336 345 -1.95015
336 368 -5.53733
337 338 -0.152712
337 340 0.779363
337 357 -0.0152736
338 340 -0.889543
339 354 3.73241
340 345 0.227137
340 352 0.432398
340 353 0.01549
340 357 -3.65662
340 358 0.442846
340 362 -6.07697
340 368 -1.88061
340 377 0.321795
341 342 -24.9082
341 350 2.11493
341 356 0.924411
341 371 -2.78039
341 375 -2.71175
341 378 -4.43612
341 387 -4.14515
341 389 -0.775982
341 393 -5.53733
341 406 -10.695
341 411 -3.57445
341 418 -4.43612
341 421 -2.64699
341 422 -1.12464
341 423 -11.0747
342 368 -3.73241
342 371 -10.6175
343 344 -2.85754
344 368 -15.5783
345 357 -0.0152736
345 368 -2.41897
346 373 -5.53733
346 379 -5.53733
347 350 -2.41897
348 349 -0.15489
349 351 0.287649
349 364 3.9928
349 382 -0.0825836
350 354 10.3369
350 356 2.64699
350 370 3.56533
350 384 -6.11389
350 414 -0.283428
351 360 0.745393
351 361 -1.00114
351 364 1.54571
351 382 0.0221521
351 383 -3.20605
351 395 2.22203
351 396 0.00904586
351 413 -0.100879
351 416 -0.249404
351 444 0.434869
351 452 -1.13341
352 353 0.0235394
352 357 -0.680363
352 368 -1.14578
352 376 -1.95015
353 357 -0.0160989
353 376 -8.62267
354 355 -3.01573
354 366 0.361573
354 369 -0.895435
354 370 0.85928
354 372 3.20455
354 374 11.5509
354 392 -0.625222
354 414 -0.182856
354 416 1.22337
354 437 -6.06894
354 438 -6.8569
354 440 4.30645
354 445 -0.794069
354 459 -4.8442
354 460 -4.8442
354 461 -5.53733
355 369 -3.91645
355 374 -6.70881
356 375 -2.06181
356 384 -2.06181
357 358 -0.589138
357 363 -0.321795
357 376 -14.4096
358 362 -2.01732
358 363 -0.00781196
359 379 -3.91844
359 381 -11.0747
360 361 -0.986549
360 366 -0.24457
360 396 0.0182084
360 416 -0.374281
361 366 0.967284
361 396 -0.00482434
362 363 0.0078119
362 376 -2.52745
362 377 -2.64699
363 376 -1.78253
364 382 -0.707284
364 383 -3.01573
364 395 2.8969
365 366 -0.445101
365 372 -3.2705
366 367 1.80127
366 372 0.87474
366 392 1.80127
366 396 -0.154827
366 409 -0.109674
366 420 -0.982543
368 371 -2.79951
368 376 -10.3815
368 380 0.696729
368 399 1.60863
368 400 -0.819504
368 404 -2.02352
368 408 -9.26974
368 430 -9.28032
371 385 1.06754
371 389 -0.0839504
371 399 -1.04493
372 392 -0.625222
373 379 2.27556
373 386 0.0215357
373 391 3.52549
375 378 -0.982543
375 384 3.39419
375 397 -8.86118
375 414 -0.402561
376 377 -0.148121
376 390 0.595473
376 394 0.719724
376 408 1.13407
377 390 -1.44559
377 398 -1.72077
378 387 -0.160325
378 397 0.199057
379 381 6.45454
379 386 1.34772
379 388 -4.60421
379 402 -2.58569
380 400 -1.08402
380 430 -4.14515
380 434 -3.57445
381 398 -0.899954
381 401 4.12849
381 402 -5.92023
382 395 0.14355
382 403 -2.90337
382 405 -10.8274
382 424 0.0681742
383 395 -0.870328
384 397 -1.52308
384 414 -1.25517
385 389 -0.0782845
385 399 -0.485244
386 388 -0.467445
386 391 0.0430714
387 397 -0.224548
387 410 -1.21496
387 421 -2.76707
388 391 -4.43612
388 402 1.08303
389 393 -0.195158
389 399 1.16477
389 406 -3.20605
390 394 0.0303482
390 398 -0.0856503
390 407 -2.85347
391 402 -12.0783
391 419 -10.5615
391 457 0.775982
391 463 -3.10675
391 478 -6.49135
391 480 0.943623
392 416 -0.0856503
392 420 -0.943623
393 406 -0.305845
394 407 -2.71415
394 408 0.740165
395 413 -0.336986
395 415 3.19606
395 424 1.68095
395 425 0.0173608
395 427 -0.00419013
395 442 -18.6868
395 452 -4.25576
396 409 0.903217
396 412 -3.62863
396 416 0.0401514
396 417 0.107575
396 428 -0.924411
396 444 0.011766
397 410 5.4953
397 414 3.59923
397 421 0.234455
397 422 -1.44559
397 439 -0.898833
398 401 -1.28078
398 407 -2.94861
398 419 -1.38154
399 400 0.730627
399 404 -0.427108
399 406 -10.3815
399 429 -8.7887
399 433 -9.45578
400 404 -0.0124547
400 429 -1.91493
400 434 -4.57672
401 402 -0.496939
401 419 -3.10675
402 419 -1.16715
403 405 -1.06254
403 426 0.100749
405 424 -3.73241
405 426 -4.14515
406 411 -0.193077
406 418 1.09212
406 431 -9.63383
406 433 -0.408473
407 408 -2.31952
407 419 -1.84305
408 419 1.6986
408 430 9.61976
409 416 0.446357
409 420 -0.382859
410 421 0.358259
411 418 -0.386154
412 417 -0.131866
412 428 -2.03482
413 415 -1.03126
413 452 0.404263
414 438 -3.10675
414 439 -1.42058
414 441 -10.2017
414 446 -0.601089
414 447 -9.68841
415 425 0.0667432
415 427 -0.00412877
415 452 -2.21279
416 417 -2.36144
416 420 -2.35401
416 428 -6.56301
416 444 -0.913239
416 452 0.908408
416 459 -7.42989
416 472 -7.90555
416 482 -3.73241
416 485 -3.43706
417 428 -0.395238
418 423 -0.0399953
418 431 -1.94577
419 430 1.13256
419 463 0.922728
421 422 -0.386023
422 423 -3.05229
422 439 -7.95177
423 431 0.72479
423 435 0.649244
423 439 -1.27823
423 448 2.22758
424 426 0.799989
424 442 -0.722426
425 427 -0.261449
425 452 -0.00778178
426 442 -13.4105
426 453 -4.76281
426 454 3.01573
426 479 -2.36822
426 484 -5.54317
429 432 -0.818764
429 433 -0.210097
429 434 -1.69902
429 436 -2.3155
429 449 -0.148121
430 434 3.20604
430 451 5.86977
430 463 3.20604
430 477 3.10675
430 493 -3.32367
430 496 1.29391
430 497 0.0368255
430 500 2.31952
430 501 2.79944
431 433 4.1684
431 435 2.95727
431 448 4.71388
431 465 -0.906284
431 468 -0.109072
431 476 -0.00665804
432 436 -1.12464
433 436 4.47898
433 468 -0.0582188
433 469 -3.98329
434 449 -1.81446
434 451 3.43706
434 456 -2.71175
434 466 -6.77191
435 448 2.81187
436 449 3.80894
436 466 -5.76244
436 469 -0.21814
437 438 0.0455176
437 445 5.19213
437 455 0.62404
437 462 3.74204
437 475 -10.4641
437 483 -3.01573
438 443 -8.95317
438 446 -0.884254
438 455 0.0910351
438 471 -2.42229
438 483 -0.533685
439 441 -0.265549
439 448 -3.01573
439 450 -4.2542
439 458 -0.278172
439 464 -1.69926
439 487 -1.39593
440 460 -0.0700634
440 467 -5.53733
440 470 -6.01308
440 473 -5.53733
441 447 -3.44394
441 450 0.141532
442 452 2.38591
442 454 -5.53733
442 479 -4.68455
442 481 -1.85351
442 484 1.17369
442 498 -3.72718
442 499 0.652519
442 511 -3.11214
442 524 0.42404
442 549 -7.16088
443 455 -0.07569
444 452 -1.11634
445 461 -5.03613
445 474 1.81446
445 475 -1.57696
445 483 -7.01151
446 447 -9.26106
446 471 1.75824
447 450 -3.10675
447 458 0.159551
447 471 -0.673182
448 465 -0.22054
448 468 0.00892806
448 476 2.16619
448 487 1.35955
448 516 3.73589
449 456 -1.10152
449 466 -0.472911
450 458 -12.7468
451 466 -3.57445
451 468 -4.43612
451 477 1.95015
451 490 3.31536
451 492 10.8306
451 496 0.289934
451 500 6.13029
451 509 -16.612
451 523 2.47197
451 546 -0.237313
451 547 -2.71175
451 550 1.54719
451 554 -3.43706
451 559 1.95703
451 562 -10.5043
451 563 -3.10675
451 564 5.66655
451 571 0.0478851
451 582 -5.59798
452 481 -1.3966
452 485 -8.69508
453 479 -0.289934
453 484 0.451047
454 479 -0.758016
455 483 -1.16715
456 466 -0.321795
458 464 0.142432
458 471 -1.53315
458 487 -12.2392
458 489 -0.690795
458 495 -0.092123
458 507 -0.321795
459 460 1.34772
459 472 9.09938
459 473 -1.34094
459 486 4.21415
460 473 -1.95015
461 467 0.0162141
461 474 -2.6592
462 475 -4.8442
463 480 -0.982543
463 493 -0.962998
464 487 -2.18405
465 468 4.88355
465 476 0.00743395
466 469 0.589637
466 490 -9.68249
466 491 0.752159
466 492 -13.3474
466 509 -0.321795
467 470 -5.25445
467 474 -0.125336
467 483 -3.37597
467 486 -0.337785
467 506 -3.91844
468 469 0.369408
468 476 4.64756
468 491 8.28428
468 509 -8.15956
468 516 3.22341
468 546 -9.45578
469 491 1.71423
470 473 0.434708
470 486 -6.48596
470 488 -1.32411
471 483 1.98483
471 489 1.98633
471 494 1.67598
471 502 -3.33344
472 482 6.94492
472 486 1.83028
472 488 -0.751986
472 505 2.85347
472 508 0.943623
472 519 -11.0747
472 522 -11.0747
473 486 -1.75131
473 488 -2.02352
474 483 -3.43706
475 483 -0.790365
478 480 -3.01835
478 493 -6.6766
479 484 -1.38106
480 493 0.229567
481 485 1.41852
481 499 -5.08983
481 511 0.346944
482 485 4.73012
482 508 0.665561
483 494 0.191596
483 502 -0.87697
483 506 3.80042
483 514 0.0957978
483 517 0
483 526 0.431908
483 529 0.0925028
483 548 0.0352836
484 498 -0.189271
485 508 5.44506
485 511 0.469316
486 488 -1.31181
486 506 -4.8442
486 519 -4.8442
486 520 -7.65085
487 507 1.23741
487 515 -3.69327
487 516 0.533038
487 518 -2.22758
487 546 -6.93417
489 494 3.56646
489 495 -0.0806753
489 517 -0.0516548
490 492 6.20696
491 509 -18.4652
492 509 -20.064
493 497 -0.740165
493 503 -0.207611
493 504 -1.33919
493 510 0.146579
493 512 -0.0685046
493 513 -1.88146
493 521 -5.87451
494 495 -0.0818986
494 502 -0.252655
494 514 0.841807
494 517 -0.559875
494 525 -1.15953
494 526 -1.40142
495 507 -0.0544849
495 515 0.794069
495 517 2.22994
495 518 5.24581
496 500 2.52745
497 501 0.0736511
497 513 -3.10675
499 511 -4.34298
500 501 5.05654
500 513 -2.31952
500 521 -5.53733
500 523 3.31536
500 537 0.618144
500 541 -0.242411
500 547 -8.95875
501 513 -2.46528
503 504 0.415221
503 510 0.280986
503 521 -3.22939
503 533 -3.43706
503 534 -2.32172
503 539 -2.31952
504 510 -0.146579
505 519 -4.8442
506 520 3.73241
506 526 0.266377
506 528 6.08543
506 529 0.058061
506 531 3.39059
506 548 -1.91186
506 552 -1.76317
507 515 -6.91509
508 511 3.25688
508 522 -16.3037
508 535 -3.94782
508 540 -3.73241
510 521 -10.8933
511 524 -3.05508
511 540 -1.98633
512 513 0.0859992
512 521 -0.105254
513 521 -1.78334
514 517 -0.567381
514 525 -0.806333
514 526 -2.00086
514 529 -0.751041
515 518 9.77246
516 527 0.153661
516 546 -9.53194
517 518 3.20604
517 525 3.01573
517 529 6.06043
517 545 2.99169
517 555 11.8427
518 538 3.86655
518 544 7.11694
518 545 2.14198
518 546 -0.0404531
518 555 0.390767
518 559 2.06267
519 520 -1.31306
519 522 0.00560685
519 528 -0.312746
519 568 -0.262688
520 522 -0.0966726
520 528 2.96066
521 533 -8.87224
521 537 -8.05025
521 539 -7.71961
521 542 -9.11179
522 528 -3.63634
522 530 -1.04065
522 532 -0.195088
522 535 -3.09011
522 551 3.33727
522 568 -0.023536
522 591 0.00898634
524 536 -1.72077
524 540 -9.28032
524 543 -2.64699
524 549 -3.31536
525 526 1.22821
525 529 1.07126
526 529 10.4204
526 548 0.127662
526 552 0.0638311
527 546 -2.31952
528 530 2.28031
528 532 4.12086
528 548 -0.0331075
528 551 -0.412403
528 552 -0.0662151
528 560 1.38989
528 568 0.505602
528 569 7.06533
528 578 0.0723773
528 579 -0.232849
528 583 0.166626
528 590 -0.0154994
528 591 0.0120504
529 548 0.583821
529 555 5.09861
529 558 2.93164
529 570 2.42274
530 568 0.355556
531 548 -2.47887
531 552 -2.76507
532 568 0.916842
533 539 -0.337785
534 539 0.212171
534 553 0.00392938
534 556 -4.15182
535 540 -0.53389
535 551 -0.797163
536 540 -2.13505
537 542 -2.3201
537 547 -2.00908
538 544 0.41338
538 559 1.47901
539 542 0.352315
539 553 0.00957122
539 556 -0.360747
540 543 -1.66758
540 551 3.9397
541 547 -2.93164
542 547 -0.026463
542 553 0.0401637
542 556 -0.72006
542 557 3.29785
542 572 6.04653
542 573 0.468148
542 577 1.37626
542 581 3.02282
543 549 -4.1533
543 551 -2.36131
544 555 2.42222
544 559 2.48292
544 585 0.257643
545 555 3.9572
546 559 -3.50793
546 561 0.00325628
546 564 -0.0952922
546 571 -0.0953607
547 554 0.0518212
547 565 3.05253
547 566 -0.790701
547 567 -0.27834
547 573 -1.03693
547 574 0.0675675
547 577 -0.0245439
547 581 -0.177885
548 552 2.5624
548 558 1.32411
548 560 -0.450767
548 576 3.41964
548 578 0.149661
548 580 5.41219
549 551 5.6342
549 591 -7.94729e-08
550 562 -10.8933
551 568 2.52511
551 583 0.0237328
551 590 0.0362465
551 591 0.00898634
552 560 -0.505926
553 556 -0.29208
553 557 0.0358708
553 572 0.443852
553 575 0.127154
554 563 0.00386009
554 566 -0.784509
554 567 0.0269546
554 573 0.0127026
554 574 -0.00300263
555 558 9.55742
555 559 0.983982
555 570 3.10675
555 571 0.621516
555 578 0.276969
555 585 3.15533
555 595 7.89152
555 604 6.62097
555 607 0.336854
555 611 3.08606
555 620 8.47205
555 621 3.47324
555 624 0.00778166
555 635 0.594211
555 636 0.703809
555 653 5.43902
555 662 3.24758
555 671 2.70691
556 575 -12.1168
557 572 0.94163
558 576 10.1163
558 604 0.979091
559 561 -0.0260502
559 564 0.37671
559 571 1.38283
559 585 0.71697
560 576 0.156492
560 578 0.419034
560 579 -0.0103933
560 580 0.326178
562 563 0.00610978
562 567 0.147397
562 573 3.90357
562 582 3.80993
563 566 -0.0277886
563 567 0.0344559
563 573 0.0492242
564 571 6.29642
564 582 -1.95015
564 584 -3.31536
564 585 1.05858
565 573 -4.6031
565 577 -0.115991
565 581 -0.573856
566 567 -7.68831
566 573 -1.30795
567 573 8.77086
567 574 -0.00729581
567 587 5.38801
567 588 0.945756
568 569 0.0472436
568 579 0.0153771
568 583 0.0384665
568 590 0.115462
568 591 0.108897
569 579 -0.112325
569 590 4.25655
571 582 -4.14515
571 584 -4.8442
571 585 2.19531
571 593 0.0268732
571 594 -7.54287
571 598 -3.73241
571 608 -3.43706
572 575 3.50139
572 581 9.11695
572 589 -1.54979
572 597 4.96651
572 599 -2.70835
573 574 -0.0729389
573 577 0.287095
573 581 3.26458
573 582 4.43108
573 587 3.76792
573 588 11.0458
573 596 2.95573
573 602 5.11612
573 613 1.87557
573 618 6.36982
573 625 -0.100499
573 626 3.12721
574 581 -0.00915623
574 582 -0.00504402
574 587 0.000204284
574 588 -0.00483974
574 596 -0.00504405
574 602 -0.0100881
574 613 -0.00504405
574 618 -0.0100881
574 626 -0.00504405
575 586 3.34764
575 589 -2.57195
576 578 1.48023
576 580 6.66449
576 604 4.80392
576 607 3.76204
576 621 4.2703
576 636 1.93267
577 581 1.66104
578 579 0.0822951
578 580 0.880637
578 590 6.21383
578 600 0.356283
578 605 1.14345
578 607 1.96403
578 616 0.353909
578 635 0.454501
578 636 1.9188
578 638 0.45592
579 590 1.46848
581 596 13.9647
581 597 3.10675
581 603 4.12452
581 613 0.983945
581 615 2.99791
581 629 -5.53733
582 584 3.26761
582 594 11.297
582 601 4.51255
582 602 7.50313
582 617 8.85269
583 590 1.53055
585 593 0.134766
585 595 1.85115
586 589 -1.3906
589 599 -5.69129
589 612 -4.93066
590 591 4.05632
590 592 4.38296
590 600 6.24614
590 605 5.12452
590 606 1.58718
590 610 -0.272284
591 606 -0.052778
591 610 -0.354256
593 595 1.30782
593 608 -12.9078
594 598 4.01011
594 601 3.31536
594 608 10.1603
594 617 4.8442
594 628 3.43706
595 608 -7.65085
595 611 3.10675
595 623 3.57445
595 642 -8.74338
596 613 9.80738
597 599 -0.0521523
597 603 1.42842
599 603 -0.8108
599 609 1.24869
599 612 2.17867
599 614 2.36891
599 622 0.0390434
599 627 -0.388727
600 605 1.43607
600 607 1.80567
600 636 0.23353
602 617 3.55083
602 625 -0.246115
602 626 0.136862
602 631 0.0522149
603 609 -0.62576
603 614 -0.792859
603 622 -16.8205
603 629 -1.06254
603 647 -2.58569
604 621 2.93164
605 606 1.93326
605 607 13.7244
605 619 3.10675
605 636 0.69838
606 610 4.87116
606 619 4.14515
606 634 9.3795
606 638 8.17233
607 616 2.87765
607 619 5.11896
607 635 1.11976
607 636 2.33582
607 638 4.82593
608 617 13.4504
608 628 2.36822
608 642 3.20604
608 645 6.65903
608 649 1.84714
608 651 3.77484
608 655 6.5396
610 634 0.867703
611 620 6.63896
611 623 1.76106
611 624 6.45897
612 627 -1.08303
612 644 -0.392412
612 646 -0.00973359
613 615 0.742476
613 618 4.62887
613 632 0.000920124
613 633 -1.66124
613 637 -1.69086
613 639 -4.51779
613 640 -1.60463
614 622 0.105192
614 627 -0.24991
615 629 -8.98936
615 637 -2.78039
615 647 -3.91844
616 636 0.160536
617 625 -0.138424
617 626 0.179088
617 628 8.87224
617 631 0.0523067
617 643 10.0559
617 645 4.64558
617 649 3.20604
617 651 4.49042
617 655 4.06975
617 673 6.54381
618 625 -0.100496
618 626 1.34118
618 632 0.0201854
618 639 -0.887765
619 638 0.258219
620 624 3.91844
621 636 2.41897
622 627 -4.10698
622 641 -2.91038
622 647 -0.162224
622 664 -1.84487
622 669 -0.811039
623 624 6.84506
623 642 -17.832
624 642 -3.91844
624 653 7.76399
624 654 -8.58127
624 663 0.434708
624 675 -4.43612
625 626 -0.703742
625 631 -0.0783844
626 631 0.0783981
626 639 -0.211108
626 643 3.85986
626 650 2.93164
626 657 5.16998
626 658 5.90469
626 668 1.49683
627 630 1.27148
627 641 1.30391
627 646 -0.288005
629 647 -1.88061
630 641 0.13922
630 646 -0.139193
632 639 -0.0942104
633 637 -2.52148
633 640 1.41984
634 638 5.03752
634 648 2.18344
635 636 0.270558
636 638 1.76648
636 671 3.61212
637 640 -8.18433
637 647 -0.107059
637 659 0.40251
637 666 -4.43612
637 667 -0.289934
638 648 1.24791
638 660 1.45856
638 671 3.39195
639 640 -1.39593
639 652 3.39754
639 656 0.669846
639 658 -6.71801
639 661 -1.10372
640 656 -8.2268
640 667 -0.627188
640 677 -0.329395
641 646 -0.728855
641 664 -0.00655748
642 645 11.9921
642 654 4.07472
643 657 3.68537
643 658 5.10549
643 668 1.12464
643 672 1.35133
643 676 1.09614
644 646 0.0194066
644 670 -0.00483645
645 651 8.30797
645 654 3.57445
645 675 5.98644
645 678 4.14515
646 664 0.072762
646 670 -6.47313
647 659 -7.96626
647 669 0.73952
648 660 1.71837
650 657 1.91493
652 656 1.55513
652 658 -1.07165
652 674 0.779506
652 679 -0.622955
652 681 -3.29382
653 662 2.85367
653 671 3.31536
653 675 -11.2862
653 680 2.10127
654 663 -2.10127
654 675 0.441563
656 674 0.062856
656 677 0.0726691
656 679 -0.202408
656 681 -0.0555511
657 668 1.37165
657 672 4.8398
657 676 3.48342
658 661 2.47197
658 681 2.82365
659 665 0.264584
659 666 -0.289934
659 669 -6.22145
660 671 3.43706
664 669 -2.31952
664 670 -3.07287
665 666 -4.12489
665 667 -0.32753
665 669 -3.37938
666 667 0.145117
666 679 -0.00794673
667 677 3.07707
667 679 -0.0912162
667 681 -1.641
672 676 0.182745
674 679 -1.82653
674 681 -2.94511
675 678 1.08303
675 680 -6.19113
677 679 -0.0686052
677 681 -0.0344982
679 681 0.906856
