MULTICUT
0 4 3.33062
0 10 -0.722426
0 13 -2.47197
0 18 0.805858
0 22 -2.85347
0 30 -5.43681
0 154 -0.00558074
1 4 -1.37165
1 15 3.47573
2 3 2.96062
2 11 4.03119
2 16 0.0723953
2 19 2.71342
2 20 4.82744
2 31 2.87363
3 8 0.133852
3 11 5.16689
4 5 7.87663
4 15 -2.22758
4 30 -0.624457
4 34 -3.59452
4 37 -2.71175
4 40 7.08641
4 45 -0.410837
4 46 -3.10675
4 48 -8.67143
4 50 0.145331
4 55 -0.0608228
4 60 -0.982543
4 67 5.00207
4 68 3.20325
4 75 0.921621
4 86 -7.07557
4 87 0.601884
4 90 1.13792
4 93 3.91565
4 110 -1.12464
4 118 2.80654
4 124 -0.233329
4 128 0.109661
4 134 0.000163411
4 138 -0.0771785
4 141 -0.0210907
4 154 -0.0805535
4 190 -2.73604
4 194 -9.51789
4 212 1.49336
4 244 2.51379
4 282 -4.8442
4 284 -11.0747
5 15 -4.35735
5 21 -5.75851
5 34 -2.43858
5 45 -0.574266
5 48 -2.85347
5 55 -0.0549851
5 154 -0.00837111
6 14 2.60189
6 15 3.94782
6 28 0.280329
6 32 2.71175
6 41 0.734712
6 46 8.58622
6 49 0.192456
7 14 4.80247
7 19 1.87934
7 23 1.63333
7 29 0.786976
8 11 3.32193
8 24 2.44029
8 33 5.98454
9 10 -1.60463
9 13 5.29986
10 13 -2.5955
10 17 -0.00778178
11 24 0.819429
11 31 2.18149
12 13 2.98652
12 35 4.13192
12 73 1.91365
12 74 2.78039
13 17 0.500431
13 22 0.0744042
13 25 4.79517
13 27 8.18353
13 35 0.867703
14 23 3.95274
14 28 1.18877
14 41 0.350754
15 21 1.51789
15 32 3.10675
15 38 3.57445
15 46 2.10127
15 48 1.85065
16 19 0.581944
18 22 -0.195158
18 30 -0.687526
19 20 4.11161
19 23 0.516717
19 26 4.3676
19 29 1.48914
19 42 3.18144
19 47 0.285098
19 52 0.189429
20 31 4.74826
20 42 0.630346
20 43 3.61442
22 25 0.28701
22 30 -1.65769
23 28 1.73674
23 29 3.03672
23 41 2.85633
23 47 0.641667
24 31 1.75131
24 33 2.40859
24 36 1.37165
25 27 1.8391
25 30 -0.537804
25 35 2.58569
25 37 2.40109
25 39 0.274059
25 44 0.955929
27 35 3.77736
28 41 1.928
29 47 0.189421
30 37 -1.31687
31 33 7.94153
31 36 3.57648
31 43 5.66711
31 51 6.40809
31 66 2.47197
33 36 0.943623
33 66 3.18722
33 80 1.23277
34 45 -1.52261
35 39 2.10127
35 44 5.78395
35 53 5.7713
35 54 1.99078
35 69 6.5173
35 73 1.88061
35 83 0.179457
35 84 3.76511
37 40 -5.50047
37 44 1.28047
37 50 -2.71175
37 56 0.969179
37 60 1.52308
37 63 0.404761
38 48 0.687271
39 44 0.962998
40 50 1.57696
40 60 -1.8461
40 154 -0.00837111
41 47 0.371786
41 49 2.53133
41 52 6.49934
41 61 3.47888
41 64 3.47339
42 43 0.449146
42 52 3.84196
42 62 0.883183
42 70 0.0812856
42 79 0.315637
43 51 0.56723
43 57 2.36822
43 58 0.321795
43 59 6.50602
43 62 4.21859
43 70 0.13992
43 71 5.97187
43 78 1.98633
43 85 1.52308
44 56 0.946869
44 65 2.00908
44 69 0.289934
44 83 0.635286
45 55 0.0280743
46 48 2.70554
46 49 1.21064
46 61 4.8969
46 81 1.88061
46 90 -2.10127
47 52 1.00267
49 61 2.58569
50 154 -0.00279037
51 57 1.32411
51 58 4.86199
51 66 1.39593
51 72 1.49683
52 61 1.42058
52 70 0.0812856
52 77 0.189061
52 79 2.09352
56 63 2.77384
56 65 0.652519
57 58 2.62078
58 71 2.16924
58 72 3.82804
58 82 0.419639
59 62 2.22836
60 63 9.2583
60 67 -0.323809
60 75 -5.38573
60 89 -0.960301
61 64 3.33835
61 79 6.85009
61 81 0.56723
61 90 -2.29483
61 97 3.77963
61 105 7.6246
61 110 -0.704796
61 124 1.85009
61 127 5.57864
61 128 -0.200582
61 129 14.1594
61 140 3.10675
62 70 0.627442
62 76 1.51221
62 77 -0.330291
62 78 0.706114
62 79 -0.0651401
63 65 7.46831
63 83 3.0377
63 89 -1.30297
63 94 6.25193
63 98 1.06154
63 104 2.39118
63 112 3.58302
63 117 0.635286
63 121 1.84383
63 122 0.0021397
63 132 0.0232705
63 137 0.787684
63 148 -0.169354
66 72 1.88969
66 80 3.90051
66 82 5.31315
66 85 -0.351141
66 96 3.03616
66 106 2.75585
67 75 0.202889
67 86 -2.78488
67 88 0.364307
67 89 0.484307
67 154 -0.00837111
68 86 -2.85347
68 154 -0.00279037
70 77 -0.179548
70 79 -2.10025
71 72 0.848317
71 82 0.675783
71 85 2.34869
72 82 0.98078
73 74 1.99777
73 84 2.19118
73 99 3.81635
73 101 1.27785
73 108 1.61282
73 116 3.61221
73 125 2.22544
73 139 0.02908
75 154 -0.00279037
76 77 -0.165272
76 78 0.706114
76 79 -0.997126
76 95 -0.795923
76 113 0
77 79 1.26742
78 85 3.59771
78 95 0.0639858
78 100 2.2451
78 103 0.306432
78 113 -0.00740853
79 95 1.72265
79 105 2.85347
81 90 -1.54979
82 85 -0.106841
82 92 0.0662981
82 96 0.697059
82 120 -0.236156
83 84 3.10059
83 94 2.02352
83 107 0.0700632
84 99 1.14578
84 102 4.39174
84 107 0.407459
84 108 1.95015
85 91 5.33991
85 92 1.76675
85 96 -0.352597
85 100 0.309088
85 111 1.63286
85 114 2.74422
85 119 0.550046
85 120 0.866895
86 87 -2.88497
86 88 -0.381965
86 98 2.63336
86 109 0.696398
87 109 -0.402198
87 115 -1.63282
87 118 1.90784
87 141 -0.00708997
87 154 -0.00558074
88 89 0.614506
88 98 -0.171019
89 98 -3.64422
90 97 -0.392204
90 110 -1.42058
90 154 -0.00558074
93 154 -0.00279037
94 107 2.31952
94 121 6.63214
95 103 -0.00883327
95 105 0.610533
95 113 -0.644332
96 106 1.08068
96 120 -0.118078
98 109 0.606833
98 112 7.10772
98 117 1.37165
100 103 3.56982
100 111 2.88052
100 114 0.794069
101 116 0.336385
101 139 0.0174332
102 107 0.852609
102 108 2.56797
102 121 3.32348
102 125 0.446771
102 139 -0.00135894
103 113 3.44694
103 114 1.04422
103 127 -1.37165
103 135 4.12051
103 142 0.267988
103 146 -0.296685
104 121 3.93679
104 122 0.0744576
104 132 0.159115
105 113 -0.877581
105 126 0.694824
105 127 7.42014
106 120 -0.485424
106 123 -2.4326
106 136 -1.82608
107 121 0.250062
108 125 1.29283
108 139 0.00794166
109 112 1.99487
109 115 -1.16052
109 118 -0.760909
109 133 2.32164
109 141 1.19718
110 124 -1.88061
111 114 3.76101
112 117 1.54979
112 132 3.07889
112 133 5.55493
112 137 5.00692
112 143 3.33252
112 148 -0.442749
112 163 1.88345
112 166 -0.994233
113 126 -0.992412
113 127 -0.023346
114 119 2.72801
114 120 2.7876
114 130 2.14198
114 135 7.20724
115 118 -2.78039
116 125 1.46134
116 139 1.78619
118 131 5.26761
118 133 -0.0690695
118 141 -1.63665
118 154 -0.00279037
118 170 -0.207987
118 175 -0.075114
118 188 5.97196
118 191 1.21876
118 212 0.222678
118 221 -0.0786216
119 120 0.457495
120 123 1.83444
120 130 3.63435
120 136 -0.126698
120 145 0.760444
120 147 0.042087
120 150 0.159162
121 122 0.00933409
121 132 1.09107
121 139 0.00847574
121 143 1.34769
121 149 2.07415
122 132 0.0185149
124 128 -0.339773
124 129 0.522364
124 134 -0.0264191
124 138 -0.0551189
125 139 0.0557413
126 127 2.21876
127 129 0.995187
127 140 0.483906
127 146 1.58256
127 152 3.93047
127 162 -1.68323
127 169 0.732889
127 183 -1.04226
127 207 -0.101224
128 129 -0.550341
128 134 0.000324387
128 154 8.0488e-05
129 134 -0.0402972
129 138 -0.14019
129 140 1.34772
129 154 -0.937814
129 162 -0.135303
129 164 1.84522
129 179 0.00815882
130 135 0.0647272
130 147 0.0846304
131 141 -0.0570265
132 137 0.0394215
132 143 0.84425
132 148 -1.37857
133 141 0.843217
133 163 2.83753
133 170 0.574684
133 175 1.9962
133 187 1.19467
134 138 0.0355745
134 154 0.0071167
135 142 3.36385
135 144 4.58914
135 146 -0.133574
135 147 1.80823
135 153 2.13222
135 156 1.69086
136 145 -2.51719
138 154 6.73195
138 190 0.151358
139 143 0.0527592
139 149 0.94963
139 155 -0.576581
139 171 0.0144099
139 178 0.614811
141 170 0
141 175 0
141 188 -0.0280015
141 191 -0.0140007
141 212 -0.0280015
142 144 3.116
142 146 -1.249
142 152 -1.15684
142 167 -0.144903
143 149 0.483197
143 157 4.64091
143 158 5.26545
143 161 0.0839183
143 165 2.35119
143 166 -2.18226
143 172 0.0293065
144 152 0.0195273
144 156 3.35644
144 167 -0.700613
144 169 -0.00655708
144 173 2.18704
144 177 0.778725
144 184 0.0252289
144 189 0.0343879
145 150 1.49583
145 151 -0.0440849
146 152 3.39233
147 150 3.36254
147 153 0.941332
149 155 -1.04576
149 158 0.314769
149 161 2.60085
149 171 0.0140278
149 178 0.114616
149 204 0.127448
150 151 -0.17559
150 153 4.3785
150 156 0.123509
150 159 1.61486
150 160 2.92164
150 174 -0.119058
150 180 0.243675
150 181 -0.0731273
151 160 -0.17484
152 167 1.96585
152 169 4.56902
152 177 0.0474488
153 156 3.60338
154 164 0.881197
154 179 3.83089
154 185 0.619838
154 190 1.72303
156 173 0.00903261
156 174 -0.326853
156 180 1.07358
156 186 1.82738
156 218 0.273048
158 161 -0.863483
158 165 2.15499
159 160 2.51192
159 181 -0.0517498
160 168 2.8239
160 174 -0.0427436
160 176 0.176612
160 180 0.063206
160 181 -0.816631
161 165 0.1563
161 178 0.188251
161 204 5.47223
162 164 -1.03662
162 183 1.72077
163 166 -0.0393022
163 172 1.82404
163 182 -0.00528602
163 187 0.0620757
164 179 0.541517
164 183 -0.687271
164 185 1.35115
165 172 0.803845
165 182 0.0446652
165 187 -1.99315
165 204 3.59203
165 226 3.01573
165 230 3.38206
166 172 -0.0572521
167 177 -0.274732
168 174 -0.183971
168 176 0.676595
168 180 2.4371
168 181 -2.46107
168 196 -0.722426
168 200 1.31656
168 203 1.18361
168 219 -0.0484778
168 225 -0.0179362
169 177 0.263325
169 183 -4.93393
169 189 -0.0488656
169 207 1.33301
169 220 -0.00784002
170 175 0.965587
170 187 1.32145
170 188 -0.254066
170 191 -0.569118
170 192 -1.33344
170 198 0.000321376
170 199 4.12576
170 205 1.00395
170 208 0.00123694
170 209 0.518912
170 215 2.44927
171 178 0.133728
172 182 -0.0103653
172 187 -0.365619
173 184 6.92877
173 186 0.0013023
173 202 -0.273607
174 180 -2.8273
174 181 0.749867
175 188 -0.0223785
177 184 0.827015
177 189 -0.0276102
178 193 0.493006
178 195 0.0542755
178 204 0.157668
180 181 -0.276407
180 196 -2.53475
180 203 3.9688
180 218 1.14765
182 187 -0.0961315
183 185 -1.54979
183 190 -0.100779
183 194 -3.86582
183 207 -7.12603
183 228 2.10127
183 235 -0.775982
184 186 0.00425407
184 189 4.85062
184 201 2.35834
184 202 -2.02836
184 210 1.91831
185 190 2.31578
186 202 -0.0142828
186 210 0.00249876
186 218 4.06227
187 192 -0.670268
187 205 1.94863
187 208 -0.00252571
187 217 -0.0537638
187 230 -3.33286
188 191 4.62034
189 210 0.908531
189 220 4.62562
189 222 0.598859
190 194 1.72447
190 213 3.19126
191 199 -2.70941
191 215 -0.657484
191 221 -2.36822
192 205 -3.01252
193 195 0.332725
193 204 8.83301
193 206 0.368714
193 227 3.83447
193 245 0.061863
193 250 1.62448
194 213 7.78245
194 235 1.8864
194 244 -3.63305
194 248 3.31536
194 264 0.249984
194 266 -13.4911
195 206 0.140618
195 250 0.291099
196 203 -0.202804
197 202 -0.0114217
197 218 1.63064
198 205 0.00499766
198 208 1.68956
198 209 -0.860245
199 215 3.91844
199 221 -1.95015
200 219 -0.260999
201 210 1.98633
202 210 -3.47392
202 216 -0.174657
202 218 -1.98163
203 211 2.53772
203 214 0.139475
203 218 3.31536
203 219 0.0843308
203 225 0.202726
203 229 -4.00247
204 226 3.49598
204 227 7.80607
204 230 1.60266
204 249 6.86795
204 250 4.76603
204 254 2.49992
204 281 3.69055
204 288 2.95727
204 289 7.52661
204 303 0.000784367
204 310 0.0816588
205 208 0.075893
205 217 0.00863551
207 220 0.344922
207 224 0.605562
207 228 -1.18877
208 209 -3.2937
208 217 4.10555
208 223 -0.016646
208 231 3.58505
209 215 0.0399816
209 223 0.0035303
209 231 -0.0233133
209 233 -0.630734
209 238 0.0130043
210 216 0.383841
210 218 0.361992
210 222 10.6847
211 214 0.148987
211 218 1.99312
211 225 0.838365
211 229 -2.42927
211 237 0.146939
211 242 0.0221647
211 253 -0.32775
211 271 0.919559
211 280 -0.187822
211 291 0.838704
212 221 -0.177244
212 232 -0.196679
212 236 -0.380763
212 257 -1.34255
212 272 -0.247406
212 284 -5.53733
214 229 -0.595946
215 221 -3.99346
215 223 0.836906
215 231 -0.0245281
215 232 -1.33234
215 233 -0.0321839
215 236 0.805374
215 238 4.84385
215 243 2.1387
215 257 0.431374
215 267 -0.031379
215 270 0.0615097
216 218 2.24762
217 230 0.271636
217 231 0.600088
217 240 0.252326
218 222 0.0192426
218 237 1.60167
218 239 -0.692175
218 241 5.22101
218 242 0.201225
218 251 1.42125
218 252 6.46976
218 253 -0.923056
218 265 2.45024
218 268 2.16197
218 269 4.59952
218 271 0.219322
218 274 -0.355941
218 275 0.657621
218 290 -0.0881155
218 291 0.338775
219 225 1.25184
219 234 -1.66155
220 222 5.2114
220 224 2.45088
220 258 0.395845
220 262 0.190215
221 232 -1.07328
222 251 0.0240823
222 258 0.161849
222 262 0.374194
223 231 -0.0907736
223 233 -0.125425
223 238 0.103777
224 228 -3.67117
224 262 3.54095
224 264 -0.0255994
225 229 -0.205567
225 234 -1.59295
225 242 -0.212814
225 247 -5.44072
225 253 2.97716
226 230 0.882343
227 250 0.227342
228 235 -4.17718
228 264 0.0255994
230 240 0.489587
230 249 5.25232
230 256 2.65169
231 233 3.32789
231 238 -3.95439
231 240 5.02206
231 255 0.628977
231 259 -0.113681
231 260 -1.54979
232 236 -0.0176381
233 238 -0.633439
235 264 1.08076
236 243 1.3413
236 257 1.21485
236 270 0.149014
237 242 0.0812219
237 246 -0.0165657
237 252 0.104173
238 257 0.0721906
238 260 -0.0469474
238 267 -2.03143
238 273 0.0948566
239 241 -0.101789
240 249 0.476891
240 255 1.3793
240 259 -0.200879
240 261 0.0875469
240 263 0.402198
242 246 -1.63984
242 252 0.406514
242 253 -1.69513
243 257 0.273482
243 270 0.0443321
244 266 -1.91628
244 282 -11.0747
245 250 0.123726
246 252 -0.303695
247 253 -4.43612
248 266 -3.01573
249 256 5.51232
249 263 2.02352
249 276 5.62501
249 288 5.63195
249 292 1.47101
249 310 0.0816589
250 254 0.163444
251 258 0.0481647
251 262 -0.320236
251 268 0.80173
251 283 -0.12114
252 253 -1.33933
253 271 -3.38138
255 259 -3.82452
255 261 1.38653
255 263 3.98348
255 279 -0.450974
257 270 0.0330732
257 272 1.45473
258 262 0.160205
259 260 -1.81446
259 261 -2.73219
260 261 1.37051
260 273 -2.26341
261 263 3.76931
261 273 -3.59603
261 278 3.016
261 279 -1.7934
261 286 1.51397
261 295 -0.0412182
261 296 -4.14515
262 264 1.55195
262 265 -3.78868
262 268 -1.57404
262 283 0.732368
262 290 -0.211038
262 297 -1.48436
262 298 1.31271
262 300 0.113316
262 320 0.333185
262 322 -0.264492
262 328 2.32646
262 377 0.442865
262 387 -0.124167
263 276 14.9479
263 279 -1.80389
263 288 6.29053
263 296 -9.68841
264 266 -0.8675
264 277 8.84336
264 304 -15.5108
264 332 -5.53733
264 351 -0.132481
264 377 0.325132
264 387 -0.248327
265 268 0.0508354
265 269 2.19294
265 274 -0.154087
265 290 -0.898585
265 297 2.91718
265 298 -0.402198
265 300 -3.25829
266 277 -0.433764
266 282 -13.8551
267 270 -0.179186
267 273 -4.8442
267 278 0.55042
268 274 -0.128474
268 283 -1.06053
268 290 -0.0632562
269 275 0.657621
269 287 6.77705
269 291 1.89524
269 297 1.85727
269 305 2.5986
269 307 -0.0852422
269 308 4.6475
269 311 5.17562
270 272 -1.3525
270 278 -0.402198
270 285 -0.282882
270 293 -4.14515
270 296 -4.8442
271 280 -2.22588
271 291 0.0955547
272 284 -11.0747
272 293 -4.14515
273 278 -3.76506
276 288 3.43706
276 292 2.71175
277 282 -5.53733
277 304 -9.97346
278 285 1.89567
278 286 1.01589
278 295 -0.0404312
278 296 -9.68841
281 289 5.96316
281 301 -0.971424
281 303 0.143262
282 284 1.81446
282 294 2.27088
282 304 3.01573
282 306 1.45008
282 319 3.28547
284 293 -1.23099
284 294 9.48103
285 296 -5.53733
288 292 1.30083
288 296 -8.98936
288 303 -0.0286842
288 309 -0.106626
288 310 0.119268
288 313 9.67952
288 335 0.179457
289 303 -0.00672944
291 305 0.095453
293 294 -0.0124435
293 296 0.775982
293 299 0.656108
293 312 0.0131504
293 316 0.0819774
294 299 -0.0698443
294 306 3.31536
294 312 0.0977721
294 316 0.772967
294 317 5.4113
294 318 4.14515
295 296 -4.43612
296 299 1.30083
296 302 7.14993
296 330 4.14515
296 335 -22.1493
296 385 0.392063
296 392 1.06842
296 394 -6.42211
296 395 1.86919
296 408 -1.25517
296 414 -3.10675
296 417 -1.54979
296 426 -1.47101
296 427 -2.93164
296 436 -7.64217
297 300 -0.485122
297 307 -2.21684
297 320 -0.665086
297 322 0.663803
299 302 3.39546
299 312 0.0131504
299 316 2.56424
301 303 -0.440449
301 309 -0.0175467
301 315 -0.0118593
301 321 0.186279
301 324 0.0513415
302 316 0.442121
302 330 4.28823
303 309 -0.233773
303 310 -0.0319136
304 319 2.28576
304 325 4.79207
304 332 1.77212
304 336 0.210882
305 311 0.979118
305 314 -0.260067
306 318 3.06081
306 319 1.10052
306 326 -0.161049
306 336 5.18378
307 308 -2.52745
307 322 -0.321795
308 311 0.0992674
308 322 0.169023
308 323 2.98453
308 328 -1.15929
308 337 1.18877
309 310 -0.000360649
309 313 -6.20843
309 315 0.339446
309 324 -0.570656
309 327 0.176489
309 333 -0.0471028
311 314 -3.41198
311 323 6.45866
311 329 1.46651
312 316 0.0569931
313 333 -2.10127
313 335 4.35608
313 344 -7.12449
315 321 -0.293626
315 324 -1.22035
316 317 4.449
316 330 4.75757
316 341 2.58569
317 318 3.91844
317 341 6.25986
317 347 2.22758
318 336 4.59538
318 347 6.70252
319 336 4.28857
320 322 -2.93024
321 324 0.0281075
322 328 -1.61671
323 329 1.13105
323 337 5.29743
323 339 -0.181813
323 353 7.97913
323 354 -0.197492
323 368 1.60174
323 378 1.34126
323 390 -0.687336
323 391 -0.139975
323 399 9.15053
324 327 -3.20605
324 333 1.00226
326 336 -0.0859354
327 333 -2.87416
328 337 -7.21143
328 373 0.876543
328 377 3.72181
329 339 -0.227761
329 354 -0.356468
330 341 3.73241
330 355 7.11295
330 361 0.49582
330 364 0.777489
330 381 5.28073
330 385 2.81934
330 392 4.52262
330 395 2.30943
330 398 0.559255
330 402 0.274382
331 336 2.80733
332 336 3.52469
332 350 0.642939
332 351 -5.53733
332 360 -5.53733
333 342 -0.958364
333 343 -1.09856
333 344 2.30782
334 336 2.96238
335 344 -5.01026
335 359 -0.242411
335 370 -3.31536
335 374 -3.703
335 394 -4.8442
336 338 3.72452
336 340 1.69187
336 346 4.66943
336 347 2.36766
336 348 5.43519
336 350 4.54019
336 367 3.30914
337 353 3.74982
337 363 2.85126
337 377 -3.91844
337 383 -0.252605
338 340 1.60463
338 345 2.66126
338 350 0.687271
339 354 -1.47898
340 345 5.02284
340 348 1.27785
340 349 2.66259
340 352 1.21064
341 347 3.60083
341 355 3.61827
341 365 2.37526
341 371 3.60579
341 372 3.45563
341 376 0.635286
341 379 1.53194
341 382 1.35761
342 343 2.47197
342 357 0.924411
343 344 -0.196471
343 357 4.17633
343 359 -2.10506
343 370 0.168561
343 374 -0.0108959
344 359 -0.321795
345 350 5.28836
345 352 3.18463
345 358 0.866795
346 348 2.48793
347 362 6.1263
347 366 4.79148
347 367 1.60463
347 369 1.16715
347 372 1.14578
347 380 2.47197
348 349 2.72409
348 356 9.41633
348 358 2.64699
348 367 3.0307
348 389 -15.9189
349 352 0.849093
349 356 1.77528
349 358 0.924411
350 358 0.866795
350 360 -16.612
350 389 -5.53733
351 360 -0.478565
351 387 -0.676681
351 423 -0.00622824
352 358 0.710538
353 363 0.506663
353 383 -1.7291
353 399 0.775982
353 401 -3.97914
354 368 -0.591926
355 364 0.330529
355 365 2.31952
355 375 2.27533
355 388 0.0760293
355 393 1.14578
355 396 0.516208
356 358 3.58627
357 370 8.13741
357 374 -0.162384
357 394 -0.703395
357 397 0.0801698
357 400 9.59854
357 408 4.22513
358 389 -16.612
359 370 -1.16719
360 387 -0.17875
360 389 1.33418
360 411 0.153051
360 413 1.47458
360 422 -6.5393
360 428 -1.28577
360 429 -1.28447
360 432 0.79167
360 439 -0.000444293
360 440 -0.0352441
361 364 4.0292
361 381 2.97502
361 403 1.45116
361 406 0.434708
362 369 3.77634
362 372 1.81446
362 380 2.70694
362 386 1.95015
363 383 -0.505937
364 375 -3.00313
364 393 0.0482462
364 406 1.49232
364 409 0.0344074
365 382 0.867398
365 384 0.549162
365 388 0.137272
366 367 5.40441
366 380 3.48667
366 386 4.48143
366 407 -10.3138
367 389 -3.57445
367 407 -3.20605
368 378 0.834884
368 390 -1.01351
368 391 -0.540202
369 372 1.52308
370 374 -0.756249
371 372 1.81446
372 376 3.5697
372 379 7.03991
372 386 5.57498
373 377 0.803171
374 394 0.881597
374 397 -0.912816
375 393 0.865437
375 406 -0.0141626
375 409 0.0213595
377 383 -3.20605
377 387 -6.59018
377 401 2.4586
377 423 -7.46051
377 430 -0.0568961
377 434 0.94611
377 441 0.835761
377 443 -0.211897
378 390 -0.343674
379 382 3.31717
379 386 2.02588
380 386 3.91844
381 398 2.54293
381 403 0.580182
381 404 2.94183
382 384 7.4525
382 386 0.0668592
382 419 -4.43612
382 421 1.98481
383 401 -0.794069
384 388 5.40454
384 396 4.73848
384 409 4.18989
384 421 0.500431
385 392 1.90749
386 407 -7.6622
386 419 -4.8442
387 423 2.16086
387 428 0.089382
387 433 -0.294954
388 396 3.79679
389 407 0.629618
389 411 0.088908
390 391 -3.20605
391 399 -1.00226
391 405 -1.30589
391 412 -0.924411
392 395 7.74963
393 396 3.35574
393 406 0.1823
393 409 1.65028
394 397 -0.776999
394 408 -1.06254
395 402 2.41897
395 410 14.5916
395 436 -3.56474
395 448 -1.63282
396 409 1.02216
398 402 2.79163
398 404 4.61916
398 406 5.98458
398 410 2.96024
399 401 -7.87318
399 405 -0.635286
399 412 -4.85223
399 424 2.71374
399 430 0.899213
400 408 3.15409
401 430 -9.11179
402 410 0.418426
403 404 0.553614
403 406 4.65235
403 416 0.305845
404 406 2.64699
404 416 4.6589
405 412 -1.32426
406 409 1.58318
406 410 3.20604
406 416 0.337785
406 451 -12.6047
407 411 0.113783
407 418 1.21493
407 419 -1.75444
407 431 -0.00221117
408 414 -2.18405
408 415 6.9252
408 425 5.15298
409 421 2.85687
409 451 -5.53733
409 474 6.60723
409 475 8.66622
409 479 -16.612
409 520 4.77356
409 532 -4.43612
409 558 -5.53733
409 568 -5.53733
409 604 -7.75148
409 609 -2.06181
409 610 -5.53733
409 618 -3.01573
409 625 -5.53733
409 632 -9.11179
409 655 2.0256
409 657 -8.98507
409 667 -0.757836
409 670 0.0477448
409 689 1.40771
409 691 -0.545244
409 693 -0.0383317
409 702 0.174197
409 709 2.73054
409 734 -0.0789733
409 736 0.752346
409 739 0.571125
409 743 3.1917
409 766 -0.687271
409 767 1.11196
409 771 -2.41897
409 773 -5.92089
410 444 -4.14515
410 448 -2.31952
410 451 -3.91844
410 463 -5.53733
411 413 0.746074
411 418 0.0274184
411 431 -0.0039636
412 424 -4.11983
412 446 -0.242411
412 447 -5.53733
412 468 -3.01573
413 429 -0.508336
413 431 -0.000203168
414 415 -1.69086
414 417 -2.27269
415 417 1.21584
415 420 4.36912
415 425 0.951351
415 426 4.14382
417 426 1.54979
417 427 -1.88061
418 419 -2.02678
418 429 1.16715
418 431 -0.922223
418 435 -2.93626
418 445 -0.83062
419 421 -11.0747
419 435 0.289972
419 437 4.98384
419 438 -1.13772
420 425 8.44269
421 438 -5.53733
421 475 2.63742
422 429 0.223277
422 432 0.0359358
422 439 1.23603
422 442 0.0213108
423 428 0.089382
423 433 -4.2691
423 441 -8.76265
423 452 10.7312
423 454 6.99862
423 455 -0.843549
423 461 -0.12035
423 465 3.05859
423 471 -5.27533
423 477 1.29488
423 478 -1.19209e-07
423 487 -0.0681067
423 499 -0.192379
424 430 -0.106228
424 446 -0.572401
425 426 7.68163
425 436 0.0338107
425 449 1.8608
425 450 0.242387
425 469 1.53589
426 427 -5.88543
426 436 0.108521
428 432 -0.0032224
428 433 -2.9942
428 440 0.105481
429 431 -0.0389131
429 439 0.0287424
429 442 0.554171
429 445 -1.10372
429 459 -0.258219
430 434 -0.21244
430 443 0.47663
430 446 -0.163779
430 457 -6.09427
432 439 0.0917857
432 440 1.37478
432 442 -0.0626694
432 456 -1.00206
433 440 -0.641203
433 455 -3.20605
434 441 0.22235
434 443 -0.3712
435 437 4.93987
435 438 -0.19332
435 445 -0.0205205
435 453 -0.97441
435 464 1.29726
436 448 0.348986
436 450 0.0442007
436 462 -0.00937421
436 463 -0.258117
436 469 0.0051974
436 512 0.00595092
437 438 -5.31621
437 458 0.212943
438 445 -0.0241516
438 453 -7.5352
438 458 -0.212943
438 464 0.161991
438 475 -5.53733
438 490 2.15006
439 442 -0.0603757
440 455 -0.217905
440 456 -4.6669
441 443 -4.23563
441 457 2.67956
441 478 -0.148121
441 482 -2.18405
441 484 2.20352
441 492 -0.652519
441 500 -1.04497
442 456 1.48834
442 459 -0.00778178
442 460 -6.09104
442 470 -5.22689
442 472 -2.00922
443 457 -0.669846
444 448 -1.49683
444 463 -0.210882
445 453 0.365244
445 459 -2.07247
445 490 -0.0137979
446 447 -12.909
446 457 -1.23062
447 457 -5.53733
447 468 2.45611
447 497 -4.04071
447 505 -0.508955
447 506 6.95899
447 516 5.46093
447 519 -0.584119
448 462 -0.00442735
448 463 -9.28034
448 512 -0.000690334
449 450 0.0463802
449 469 3.7508
450 462 -0.142971
450 463 -0.0238525
450 467 1.26218
450 469 1.48776
450 512 -0.000992921
451 463 0.997377
451 466 -11.315
451 473 -2.14198
451 479 -5.17444
452 465 0.852077
455 456 -3.84609
455 461 -0.0237385
455 471 -0.296406
456 461 0.0436035
456 471 0.588306
456 472 -6.79215
456 481 -0.758016
456 483 -0.023346
457 484 1.63776
457 497 -5.53733
457 500 -1.70946
457 505 -3.91844
459 460 0.0287331
459 490 -3.10675
460 470 -0.337785
460 490 -0.867703
461 465 -0.84041
461 471 0.0358477
462 463 0.313615
462 467 0.0762351
462 469 -1.66229
462 489 -0.557311
462 501 0.0077915
462 509 -2.01523
462 511 0.658393
462 512 0.102612
463 467 0.007073
463 473 -0.638666
463 476 -0.233053
463 501 -0.626806
463 511 0.00508542
463 512 0.0164778
464 490 0.0414871
465 471 -8.2647
466 473 5.0569
466 479 1.71959
466 485 1.60252
467 469 0.0415389
467 489 -0.147051
467 512 0.0453323
469 489 1.2083
469 494 2.85805
469 507 0.00542065
469 508 2.38478
470 472 -0.669846
470 490 -5.3978
470 504 -0.0347552
471 477 -0.683325
471 480 0.635286
471 481 -0.00778178
471 486 0.919622
471 487 1.57225
471 488 -1.27785
471 491 -4.96651
471 493 1.48209
471 496 -1.21064
472 483 -8.83697
472 490 -1.57005
473 476 1.82957
473 485 3.34024
473 501 -0.400347
473 510 -1.35245
473 517 -0.0593957
473 530 0.178983
473 531 -2.27269
473 532 1.72077
474 475 1.29969
474 655 0.0330001
474 670 0.062739
474 689 0.0652286
474 702 0.0330001
474 709 0.358004
474 734 -0.106074
474 736 0.098763
474 739 0.0660415
474 743 0.0330754
474 767 0.06843
475 490 -5.53733
475 556 -5.53733
475 564 -11.0747
475 577 -10.3815
475 583 -10.3815
475 609 -3.01573
476 501 -1.04122
477 487 -0.699409
478 482 0.0353989
478 499 -1.34772
478 502 -1.17327
479 485 0.917799
479 510 -0.0883057
479 520 -5.53733
480 481 -3.20605
480 488 -4.43612
480 495 -5.53733
480 498 -1.32411
481 483 -0.237902
481 495 -0.924411
482 484 -0.856396
482 502 -0.141595
483 490 -5.02217
483 495 -11.1567
484 492 -6.16439
484 502 -3.6826
485 510 -1.14271
486 488 -0.337785
486 490 -2.05616
486 491 -2.02572
487 496 -4.31903
487 499 -1.69925
488 490 0.101247
488 498 -0.916613
489 501 -0.0104121
489 507 0.00396323
489 508 2.77063
489 509 -0.00708215
489 511 -0.212692
489 512 -0.117401
490 491 -1.27625
490 495 0.849093
490 498 -0.961293
490 504 0.0347551
490 521 0.900411
490 547 -10.5875
490 550 -5.53733
490 552 -10.3815
490 556 -8.98936
491 493 -13.0174
491 496 -1.36857
491 521 -0.900411
492 500 0.517023
492 502 -0.30577
492 503 -6.36288
492 515 0.896174
493 496 -1.91968
494 507 0.0135906
494 514 5.9603
495 498 -11.5244
496 499 1.48754
496 513 0.022196
496 521 -4.57559
496 525 -0.0996032
497 505 -1.29256
499 502 0.330375
499 513 0.803323
499 521 -0.0524069
499 522 0.0794085
499 525 -0.0265105
500 503 -4.37591
500 505 -10.3815
500 518 4.10394
500 524 -8.39081
500 533 -0.191935
501 512 0.200659
501 517 -0.513763
502 503 0.00499706
502 513 -1.2481
502 515 -0.127018
502 522 0.466817
502 523 -4.10547
502 527 0.0287635
503 515 -0.434708
503 518 -0.331684
503 527 6.02107
503 533 1.53755
503 540 0.524681
503 544 -0.265527
505 519 5.00036
505 524 0.757033
505 528 0.557015
505 534 0.0875374
507 508 0.0131759
507 514 0.0239737
508 511 0.0163348
508 512 0.52643
508 514 6.83288
508 529 0.91864
508 537 -5.28841
508 541 2.18405
508 546 1.798
508 559 4.54196
508 560 -0.226023
508 570 0.763932
509 511 -0.870884
509 512 -0.0419836
510 520 -5.53733
510 531 -2.27269
510 532 -4.14515
511 512 2.40063
512 517 -0.663265
512 526 2.97597
512 529 0.543986
512 530 -4.26611
512 535 2.55126
512 537 -4.41202
513 521 0.00541812
513 522 -4.07608
513 523 -0.212968
513 525 0.338228
513 527 0.0314241
513 536 -2.85481
513 538 0.0185749
514 541 5.52682
516 519 -3.47632
516 534 0.110223
516 542 3.67646
517 530 -3.80944
517 535 -0.0682087
518 533 -0.666528
519 534 0.671657
519 542 0.0124088
520 532 -14.1245
521 525 1.92324
521 536 -15.9189
521 550 -5.53733
522 523 -4.60479
524 528 2.94257
524 533 -11.3364
524 534 4.59993
524 542 3.49034
524 544 -3.20605
524 557 11.7513
524 561 2.10127
524 576 9.8698
524 585 0.0174284
527 538 0.857636
527 540 0.0164579
527 544 -1.02853
528 534 1.57304
530 532 1.47466
530 535 -4.51953
530 539 1.14168
530 554 2.89025
531 532 -1.76549
532 539 2.26207
532 551 1.54338
532 558 0.0485881
533 544 -2.74331
534 542 2.56891
535 537 -0.689919
535 543 1.83738
535 546 -6.39284
535 548 1.12464
535 554 -0.467445
535 567 3.31191
535 578 1.68891
536 538 -1.12464
536 545 -1.51787
536 550 -0.758936
537 543 -0.689353
537 546 -4.14515
538 544 -0.367155
538 545 -4.43612
538 555 -10.7098
538 557 -3.43706
538 566 -1.54979
538 569 -2.78039
539 551 4.01905
539 554 -0.084447
539 571 0.264747
540 544 -0.331737
541 553 -0.175565
541 563 3.56998
542 585 0.0157576
543 546 -0.00524141
543 548 0.0104828
544 557 -4.8442
545 550 1.3186
545 555 -12.9978
545 569 -5.53733
545 574 -5.53733
546 548 -1.72922
546 560 -2.98656
546 578 -0.192498
547 552 -7.37165
547 556 -4.14515
547 562 -13.5922
547 565 -3.15156
549 551 5.79612
550 552 5.33381
550 573 -15.5108
550 574 -11.0747
551 554 -0.214396
551 558 2.91073
551 567 0.0679321
551 568 -2.85347
551 571 0.635569
551 582 2.67575
552 562 3.57445
552 573 -1.72077
552 575 3.17527
552 581 -9.26974
553 563 -0.35113
554 567 -1.84649
554 571 -1.77115
555 569 8.51877
556 562 0.190735
556 564 0.0144841
556 565 -0.324071
556 575 0.570553
556 577 -2.31669
556 580 -0.414033
557 561 0.517023
557 566 10.4996
557 569 -4.43612
557 576 1.23277
557 590 -0.902011
557 593 -2.10928
557 603 -0.341572
557 607 2.45234
557 617 -0.121781
558 568 -4.40593
559 560 -0.171493
559 563 3.65095
559 570 3.47874
559 578 0.0931785
559 586 -1.76542
559 589 6.96481
559 601 0.634569
560 570 -5.97251
560 578 -0.0347502
562 565 -0.521285
562 572 4.49947
562 575 6.20165
562 580 -0.303253
563 579 11.0368
563 589 5.77757
563 596 4.14515
563 608 1.1447
563 619 0.495908
563 622 2.80956
563 627 3.57445
563 629 4.8442
564 577 -0.213481
566 569 -15.5108
566 590 -0.902011
567 571 3.76085
567 578 -0.000302114
567 586 -6.01052e-05
568 571 -1.81446
568 598 -0.90471
568 604 -3.83219
568 610 -0.468746
569 574 5.96033
569 581 -0.298728
569 600 -5.98766
569 603 -0.867703
569 606 -0.174594
570 578 0.0931785
570 586 0.0354005
571 578 -0.000710548
571 582 0.188419
571 586 -0.0486963
571 594 3.35597
571 598 -0.187886
571 604 3.05263
571 624 2.68285
571 637 0.020355
572 575 2.9819
573 574 -4.31653
573 581 -3.00921
573 595 -0.00983936
574 581 -7.4169
574 606 -0.102602
575 580 -0.267257
575 581 -4.43612
575 584 -2.39677
575 587 -8.06359
576 585 1.50986
576 588 7.92609
576 591 0.256938
576 593 -1.06254
576 597 0.0322121
576 599 -2.06181
577 580 -1.04786
577 583 -0.35205
578 586 2.41814
578 594 -0.507713
580 583 3.89167
580 587 -1.6676
581 584 -4.65924
581 595 -0.165429
581 606 -3.21304
581 614 -1.85477
581 620 -5.34621
581 625 0.312533
581 638 -8.92901
581 645 -4.8442
581 647 -21.7432
581 658 0.032906
581 660 -0.374014
581 662 -1.91493
583 587 -0.0626832
583 592 4.25162
583 605 -0.886457
583 609 1.37165
583 618 -4.96205
583 628 -3.10675
584 587 -3.91844
584 602 -12.5851
584 614 0.939674
585 591 0.062342
585 597 0.0170145
586 589 -1.86262
586 594 -2.74657
586 601 -2.06529
586 621 -4.8442
587 602 -1.47101
587 605 -0.132481
588 591 0.257721
588 597 0.533831
588 599 -5.49049
588 615 -2.00722
589 601 2.39191
589 608 1.42062
589 611 0.635263
589 612 0.879619
589 619 -0.00990438
591 597 0.0151976
592 605 -1.06254
592 628 -2.27269
593 599 4.11258
593 603 1.93251
593 606 0.933668
593 607 -1.47101
593 615 -1.46598
593 617 -1.12247
593 623 1.08147
593 630 3.10654
593 635 7.85953
593 649 0.24241
593 651 -4.14515
593 656 -0.805827
593 672 1.61165
593 679 0.304307
594 604 2.67705
594 621 -9.28032
594 624 2.83542
594 634 -0.165492
594 636 1.62607
594 637 0.0653701
594 643 6.09256
594 652 -2.31952
594 654 1.85966
595 606 -0.344731
595 620 -0.00879204
595 660 -0.0543375
598 604 -0.375773
599 615 -1.18877
600 603 0.0646381
600 606 0.114171
601 612 1.42462
601 619 -0.0205978
601 621 -0.807274
601 634 0.0157224
602 605 -1.36612
602 614 -2.73743
602 625 2.45661
602 660 -0.917809
603 606 0.808387
603 617 -1.12232
604 610 1.85533
604 613 3.06525
604 624 2.08091
604 636 0.504752
604 637 0.0942635
604 639 0.104293
604 642 3.67387
604 654 0.392439
604 655 -4.8442
604 657 0.649892
605 625 -1.98633
605 628 -1.88061
606 616 2.26609
606 620 1.18434
606 625 -0.167863
606 638 1.47912
606 649 1.04226
606 658 -0.0122654
607 617 -0.0608822
607 623 -1.72077
608 611 0.000239946
608 619 0.000632472
609 618 -2.36822
610 637 0.020355
611 612 0.862571
611 619 -0.345334
612 619 -0.0106934
613 637 0.020355
614 625 -7.26934
614 658 -0.100455
615 626 -0.0235507
615 630 -0.823801
617 623 -3.57445
618 625 -0.509969
618 628 -0.254984
618 632 -2.2919
619 622 2.28941
619 631 -6.33723
619 634 1.05707
620 638 1.99459
621 634 -2.68591
621 643 -4.8442
622 629 3.3834
622 631 -6.82973
622 634 1.70588
622 644 1.05189
624 637 0.020355
625 628 2.91727
625 632 -3.36954
625 658 0.0189066
625 660 -5.90048
625 667 -1.32411
625 670 -2.93164
625 671 2.47195
626 630 0.0471014
626 633 4.42139
626 653 0.448834
627 629 3.56926
627 641 7.43593
627 644 0.344519
627 648 -0.0814927
629 644 0.951281
630 633 0.478567
630 635 1.048
631 634 -0.646457
633 635 4.69401
633 640 0.692069
633 653 2.28093
634 643 -0.165492
634 644 0.791348
634 650 3.28498
634 652 -3.88997
635 640 1.61704
635 653 1.7332
635 664 3.38626
635 672 0.827087
635 679 0.706056
635 683 1.25562
635 697 -0.000788653
635 699 0.492916
636 637 0.17137
636 654 0.195252
637 639 5.49468
637 642 0.0263136
637 654 0.186183
637 657 0.13245
637 685 7.95443e-06
638 645 4.11615
638 646 3.74787
638 647 1.19214
638 649 0.924411
638 651 -3.99063
638 656 -25.4842
639 654 0.0339501
641 644 1.01184
641 648 -1.37127
641 666 1.64925
641 677 0.00747497
642 654 2.35093
642 657 2.5302
642 665 -0.0798187
642 685 0.0269146
644 650 4.36313
644 666 3.9149
644 677 0.0149499
647 656 -4.14515
647 662 -1.42058
648 666 -0.00433097
648 673 -0.00216547
649 651 -1.21064
650 652 -0.0856503
650 659 -0.0108871
650 663 0.0713926
650 666 2.65426
650 675 4.80191
650 677 0.0890769
651 656 -5.53733
652 654 -10.0678
652 659 1.37546
652 663 1.04903
652 665 6.70373
652 675 0.582491
653 664 2.5151
653 668 3.30368
653 669 0.0361678
653 676 -1.65027
653 678 0.83062
654 665 -9.68841
655 657 -5.53733
656 661 1.4957
656 662 1.47101
656 672 -10.0114
656 674 -12.9672
657 665 -0.373482
657 675 -0.0995835
657 680 -0.262017
657 681 -0.103316
657 685 1.49668
657 706 0.0230651
657 709 -0.599302
657 716 0.312472
657 717 -0.0788085
657 719 -1.58946e-07
657 725 0.0335725
657 726 -0.598846
657 727 -7.76491
657 730 1.17879
657 732 0.118098
657 733 -5.53733
658 660 -0.0808451
658 662 -1.66155
658 671 8.71623e-08
659 663 0.157399
660 662 -1.32411
660 671 -6.16885
660 674 -5.90477
662 674 -4.8442
663 666 0.0145523
663 675 0.972735
663 677 0.0270199
664 668 2.31441
664 679 0.266635
665 675 4.85163
665 680 1.60245
665 681 0.0360281
665 685 -0.0266855
666 673 1.67102
666 677 0.22741
666 688 0.997383
666 695 1.2233
667 670 -0.292158
668 669 0.0543564
668 676 -1.76809
668 678 1.83144
668 679 1.25017
668 684 0.891762
668 687 0.150442
668 724 0.250142
670 671 -5.53733
670 691 -2.64699
670 693 -6.8448
670 694 0.451047
671 674 0.933387
671 694 -21.4562
671 703 2.8091
672 674 -0.0710327
672 683 0.0408829
672 696 0.182519
672 697 0.76095
672 699 0.195457
672 705 -0.963294
672 711 -0.678512
673 677 0.00747497
674 692 -9.15066
674 696 -11.7039
674 703 0.0605533
675 677 2.39798
675 680 2.10688
675 688 0.0221277
675 690 2.93164
675 710 0.456123
675 715 1.90534
675 718 -1.92205
675 721 0.00384176
676 678 -0.375286
677 688 0.452141
677 695 0.783398
677 712 0.1019
677 715 0.0510915
677 720 0.275159
677 721 -0.00525243
677 740 0.946106
678 687 0.0906769
678 724 4.05911
678 735 -0.00124376
678 741 0.00507352
678 757 0.00502429
679 682 -0.751056
679 683 0.0870415
679 684 0.23351
679 686 -0.0801862
679 697 -0.000788653
679 698 3.02867
679 699 1.68539
680 681 2.95352
680 685 0.096097
680 690 2.41897
680 701 2.76056
680 706 2.47484
680 710 5.47391
681 685 -0.00348446
682 684 6.73644
682 686 0.636305
682 700 4.04996
683 697 0.143038
683 699 2.34299
683 711 0.0593557
683 722 0.0664832
684 687 4.59146
684 700 0.926036
684 714 -0.346231
684 723 0.013416
684 735 -0.0204434
686 698 2.54814
686 700 2.96532
687 714 -0.346231
687 723 3.67506
687 724 -5.99178
687 735 -0.0310407
687 741 -1.31376
688 695 0.379239
688 712 -2.01792
688 720 -2.1188
689 709 0.299563
691 693 0.0513308
691 702 -0.0779142
692 696 0.663651
692 703 -1.42058
692 704 -2.2004
693 694 -2.44393
693 702 -0.100392
693 707 -0.954007
693 713 -2.78039
694 703 -7.66312
694 713 -7.45185
695 712 -0.36772
695 720 -0.260023
696 704 -0.183636
696 705 -8.50296
696 708 -3.45775
697 699 -0.2938
697 711 -4.56274
697 722 -0.0494375
698 699 4.17227
698 700 5.44115
698 714 -5.85304
698 731 2.71175
699 711 3.93217
699 722 4.10684
699 731 1.79753
699 747 -5.98913
700 714 -4.91528
702 707 -0.0207542
702 713 -0.943623
702 734 -0.168211
703 704 -1.20549
703 708 -12.3092
703 713 3.57445
704 708 -4.85838
705 708 -11.1874
706 710 0.56094
706 725 0.0611672
707 713 -2.71175
708 711 0.144574
708 713 -2.31952
708 728 0.618524
708 729 0.0411923
709 716 -0.0348156
709 717 5.15945
709 736 4.42681
709 739 1.10372
710 718 -15.9189
710 725 0.756565
710 732 1.06141
710 738 -0.476139
710 749 1.79522
710 750 0.575774
710 751 0.008189
710 760 0.00483871
710 764 -2.22758
710 778 -0.00324858
711 728 0.0722871
711 729 -0.170162
711 747 -3.91844
712 720 0.240724
713 728 -9.45578
713 734 -0.104968
713 743 -3.58853
713 747 4.25559
713 752 -5.53733
713 758 1.72276
713 763 -0.00162982
713 768 2.48025
713 774 -9.97346
713 776 -2.58569
713 786 -1.95015
713 787 2.02352
713 790 3.00966
713 791 6.54893
713 792 -11.0747
713 798 -2.47197
713 799 -5.53733
713 800 0.343302
713 801 -15.2257
713 802 4.96517
714 723 -7.3691
714 731 -7.85685
714 748 -0.000239223
715 721 -0.350216
715 740 0.0658063
716 717 0.016424
716 719 0.032848
716 726 -0.551285
717 719 1.51366
717 726 1.26732
717 739 1.37976
718 720 -11.0747
718 721 -8.98936
718 764 -0.740165
719 726 0.107862
720 721 0.434901
720 740 4.07184
720 759 0.94931
720 764 -3.57445
720 772 -2.39877
720 783 0.352614
720 797 -0.483906
721 740 0.675219
723 735 -0.0570469
723 742 0.835699
723 746 -6.07853
723 748 -0.0506755
723 753 5.33497
723 755 -1.97146
723 769 0.369897
723 775 0.0205022
724 735 -0.032537
724 741 3.25004
725 730 0.0422654
725 732 1.30894
726 733 -3.68966
726 739 0.411415
727 730 -2.14198
727 733 -0.704796
728 729 1.98276
728 744 -0.289934
728 747 -9.40461
729 747 -5.53733
730 732 3.12079
730 733 -10.083
730 751 -0.0938263
730 756 -0.601089
730 760 -2.28466
731 745 3.27333
731 747 -2.77803
731 748 -1.42058
731 754 0.0510135
732 737 1.3048
732 738 -0.354766
732 749 -0.0389131
732 751 -3.60835
733 739 -3.2454
733 756 -8.27027
733 761 -4.31638
733 766 0.287161
734 743 -0.102688
735 741 -0.150777
735 746 -4.05773
735 757 -1.5802
735 762 0.418532
735 780 -2.10014
736 739 2.61574
737 738 -0.0373493
737 749 -1.54979
738 749 -6.58588
739 766 -0.717657
741 757 0.0758271
742 753 0.422225
742 755 -1.24917
743 752 -0.500431
743 771 -0.618144
744 747 2.41897
745 747 -1.06734
745 748 -5.90477
745 754 0.0750336
745 758 -7.04784
746 762 -0.258219
746 769 -1.25517
747 754 -0.339795
747 758 1.4838
748 753 -2.44947
748 758 -5.53733
748 775 -0.577508
748 776 -0.0503036
749 750 0.0700214
749 751 0.00632676
749 760 0.0239023
749 778 0.000464832
750 751 0.013851
750 760 -0.00210885
750 764 -3.10675
750 778 0.0161604
751 760 0.0259174
751 778 0.000482251
752 768 -8.22686
752 771 -5.73531
752 789 -3.37963
752 790 -0.0428847
752 815 -3.91844
753 755 -4.10962
753 770 -2.479
753 775 1.65137
753 776 -0.00608262
753 779 3.40257
753 794 -0.00665571
754 758 -0.351919
755 769 -15.9189
755 779 -6.20696
755 796 -11.459
755 803 -10.5875
755 826 -1.53123
756 760 -1.54337
756 761 0.684987
758 763 -0.002892
758 765 1.14221
758 776 -7.88619
759 772 -0.221458
760 761 -3.03451
760 778 -0.290046
760 782 -3.80119
761 766 -5.78814
761 777 1.00267
761 782 0.00778197
761 788 1.30589
761 793 -0.243266
762 769 0.182369
762 780 -7.04246
763 765 0.00442858
764 778 -3.79227
764 797 -2.52745
764 804 0.0625991
764 808 -0.0312996
764 819 -1.04226
764 847 -0.0234322
766 767 -2.36996
766 788 -5.46058
766 789 -4.13232
766 805 -2.75863
766 810 -3.97675
766 815 -1.16715
766 824 -3.19279
767 771 -1.32411
767 773 -11.3589
767 789 4.15924
767 795 0.434708
768 790 0.722523
769 780 -0.0861463
769 781 1.58835
769 796 1.08303
770 779 -1.91493
771 773 1.99234
771 789 -0.399183
772 783 -0.0705525
772 797 1.75747
772 812 -2.85347
774 791 -6.33741
774 792 5.90104
775 776 1.70412
775 779 1.45738
775 786 -0.0175611
775 794 -0.152437
775 811 -0.584473
776 786 -0.794837
776 794 -0.410253
776 798 0.55042
776 802 -1.27785
776 811 -3.84869
776 813 -0.00778178
777 793 -0.287161
778 782 1.58737
778 793 -6.40133
778 804 -0.047034
779 794 0.350905
779 803 -0.0544849
779 811 0.0674516
779 817 -0.141145
780 781 -10.4301
780 784 -0.0360134
780 785 0.785067
780 809 -9.8989
781 784 0.0024782
781 785 0.063497
781 796 4.92879
781 809 0.450549
781 814 0.162284
781 821 -0.0596005
782 793 -8.87462
783 797 -0.017611
784 785 0.0351582
786 787 -1.41033
786 798 -4.04893
787 798 -3.01573
788 793 0.239007
788 805 0.962998
788 808 0.258129
788 810 1.34772
788 820 0.452293
788 839 -0.017086
789 795 1.94554
789 815 -4.43612
790 800 0.320617
790 815 -14.1099
790 816 -9.11179
791 792 -10.3815
791 800 0.270606
791 816 -14.8071
791 828 -4.68371
792 799 3.10675
792 806 12.3533
792 828 3.20604
792 842 -4.8442
792 849 1.98633
792 853 -2.93164
793 804 -0.974901
793 807 -0.527154
793 808 1.65461
794 811 2.26523
794 817 -3.27687
794 825 -6.9587
794 845 -0.482527
794 850 -0.0693874
796 814 6.25593
796 826 2.64117
796 830 0.00496665
796 844 -4.8442
797 812 -2.6685
797 818 0.123843
797 819 2.01028
797 823 0.124921
798 802 -9.69202
799 801 1.52308
799 806 2.27269
800 816 -5.53733
801 802 -5.53733
801 806 2.90539
801 832 -4.8442
801 841 -4.43612
801 845 -4.43612
801 848 -8.74338
801 849 3.49693
802 811 -1.60844
802 813 -4.95962
802 832 -8.5283
803 809 0.0265056
803 817 -9.11179
803 826 1.26515
803 830 0.00496665
804 807 0.487814
804 808 0.733723
804 839 -0.690536
804 847 -2.88903
804 852 0.0171159
804 854 0.323694
805 808 2.99864
805 810 1.34772
805 822 2.4022
805 824 -0.00920566
805 834 1.21913
805 836 -3.6357
805 839 -0.017086
806 849 3.00503
807 808 -0.0393409
808 820 5.46247
808 833 3.47744
808 836 -0.669846
808 839 -0.561692
808 852 0.0709875
808 854 0.0421379
809 814 0.0550842
809 821 -17.28
809 826 1.81247
809 830 0.159382
809 843 -3.09673
809 844 -4.14515
809 856 -0.232121
811 813 1.78858
811 832 2.07067
811 837 2.10753
811 841 -0.258219
811 845 -1.31471
812 818 -2.06181
812 823 -3.20605
813 845 0.000399076
814 821 0.867499
814 844 -3.72441
815 816 -0.272716
815 824 -5.53733
815 827 -0.00421899
815 829 -0.339369
815 836 1.27294
815 840 -0.459656
816 827 -0.242286
816 828 -14.8239
816 829 -9.58008
816 831 -0.982543
816 842 0.351209
816 853 -0.281817
817 825 -2.06181
817 826 -4.8442
817 835 -3.57445
817 851 -0.722426
818 819 0.0609511
818 823 1.97594
819 823 0.184902
819 847 -2.85347
820 839 -0.0266404
820 852 0.0238519
821 844 -2.83992
822 824 0.133237
822 834 0.342335
822 836 -4.14515
823 838 5.01956
823 847 -4.8442
824 834 -0.794623
824 836 -13.8919
824 846 -4.82752
825 835 -6.20219
825 850 -0.467445
826 830 0.0628762
826 843 -0.00525568
826 844 -1.66155
826 851 -0.429301
827 829 0.0167156
827 840 0.00413869
828 842 -3.31536
829 831 2.36988
829 836 -0.0668867
829 840 2.6959
829 842 -0.169339
829 853 2.80894
830 843 -4.3957
832 841 -1.60463
832 845 0.000798151
833 839 -0.017086
835 843 2.1073
835 845 0.0869794
835 850 -0.432876
835 851 -1.40955
835 855 0.0504874
836 840 1.81754
836 846 5.61137
837 841 -0.391883
837 845 -8.98566
837 848 -1.32877
838 847 -4.8442
838 857 2.89239
839 852 -0.0952068
839 854 -0.424902
840 842 -0.138339
840 853 1.52961
841 848 0.0428251
842 853 -0.667028
843 845 0.417409
843 850 -0.207213
843 851 -0.688045
843 855 0.126776
845 848 -0.517023
845 850 -0.222037
847 854 -2.53355
847 857 -2.71175
851 855 -0.0759658
