MULTICUT
0 1 0.500431
0 10 1.47625
0 12 1.94979
0 15 -2.64699
0 16 -6.04075
0 18 -6.92555
0 21 7.28313
0 24 0.0886141
0 27 4.64091
0 28 -8.28126
0 36 -3.82204
0 37 0.453702
1 5 1.02216
1 15 -0.794069
2 7 0.652519
2 8 9.11606
2 10 3.22187
3 6 1.54979
3 13 1.95015
3 17 5.40361
4 11 0.989367
4 13 3.52598
5 15 -1.95015
5 16 -10.4632
5 19 -1.84714
5 26 -8.81068
5 43 0.0545931
5 46 -2.21033
6 8 9.77611
6 9 2.27269
6 13 4.28643
6 14 1.52308
6 17 6.39249
6 29 2.19182
6 34 5.51784
6 39 4.92238
6 51 3.10382
6 55 3.20604
6 56 3.31773
6 58 5.99096
6 60 4.98444
6 76 3.57194
7 8 9.01243
7 30 2.02352
8 9 1.95015
8 10 2.47197
8 14 5.41663
8 24 1.93416
8 30 2.14198
8 31 3.20604
8 33 12.5029
8 36 -0.574444
8 45 -0.322978
8 50 5.45734
8 55 4.56193
8 63 2.04821
8 64 -2.64699
8 67 -7.46482
8 69 0.11751
8 71 1.13408
9 14 9.68305
10 24 0.979132
11 13 0.176833
11 23 2.33171
11 32 -0.00740199
12 18 -7.75148
13 17 1.58939
13 20 1.87735
13 23 1.74039
13 25 3.41226
13 29 1.44143
13 32 -3.39909
13 34 1.0422
13 35 9.37182
13 38 -0.379337
13 48 6.27229
13 49 6.06934
13 61 3.9572
13 70 5.17299
13 75 1.57696
13 108 2.30091
15 16 3.31536
16 18 2.09923
16 19 2.58569
16 21 -7.75148
16 26 5.2908
16 27 -6.69884
16 28 7.68917
16 40 0.642566
16 42 -0.0360645
16 43 -0.188594
16 46 5.23275
16 47 -2.71175
16 52 4.87352
16 62 3.39504
16 65 0.710881
16 77 1.14827
16 78 5.51382
16 81 9.64917
16 86 6.6278
16 88 -0.242831
16 90 -0.102846
16 92 -1.91493
16 95 -3.43363
16 109 2.0211
16 113 8.23125
16 146 1.26428
16 153 1.11567
17 22 5.93253
18 28 0.722884
18 40 0.0219348
19 26 2.36822
20 25 3.57331
20 34 3.10459
20 35 4.58188
20 41 1.03737
21 27 5.20104
21 36 -0.925435
21 37 1.91288
21 47 -0.462717
23 32 -0.0330694
24 36 -3.19629
25 35 3.49046
26 43 -0.81228
28 40 1.01203
31 33 4.09899
32 38 1.79961
33 50 2.14198
34 41 1.70809
34 56 0.186292
35 41 1.06254
35 48 3.25567
36 37 -2.52745
36 44 -13.5681
36 45 2.57524
36 47 4.61616
36 54 -3.57445
38 49 -0.213817
40 42 -3.99057
40 52 0.0741472
40 62 0.0356294
40 65 0.028404
40 77 0.013728
40 78 0.0818893
40 81 0.0799105
40 86 0.033816
40 109 0.0787477
40 113 0.113098
40 146 0.0341408
40 153 0.0341706
41 48 0.578595
41 56 0.158001
43 46 -0.563742
44 47 -8.35288
44 54 0.289934
44 59 -7.21651
45 54 -8.98936
45 63 0.675016
45 66 -13.8276
45 71 0.441785
45 94 -0.260384
47 52 -4.4663
47 53 5.78732
47 57 6.11363
47 59 9.37355
47 73 -5.236
47 80 -2.35605
47 82 2.06161
47 87 -9.42933
47 89 0.879766
48 56 0.801878
48 61 3.62967
48 70 2.78039
52 57 -3.11029
52 62 1.32781
52 72 1.39593
52 73 0.0856502
52 81 5.87819
54 59 -15.2198
54 66 0.418426
55 67 -12.0227
55 68 3.95334
55 76 2.31952
56 58 1.27785
56 60 3.57445
56 70 5.6417
56 79 4.50413
57 73 -3.08969
58 60 5.0067
59 66 -5.53733
59 82 5.18793
59 89 0.566993
60 70 1.12823
60 76 0.337945
60 79 2.63436
60 97 1.75131
60 102 3.5782
60 103 0.000327027
60 117 0.00190448
60 118 0.21189
60 123 3.53636
60 137 0.915536
60 138 0.014506
60 169 -0.122467
60 172 0.00135978
61 70 4.63332
62 81 3.43975
63 64 -2.78039
63 71 1.13225
64 71 -2.36822
65 81 0.81316
66 82 -5.53733
66 89 -22.9862
66 94 -20.4692
66 111 -3.91844
66 115 -3.80979
66 127 1.06254
66 133 -0.386023
66 136 -1.34772
66 141 -4.56303
66 149 1.34772
67 68 -4.14515
67 69 -0.704796
67 71 -9.22512
67 74 0.195158
67 85 -7.21651
68 74 -4.14515
68 76 0.434708
69 71 0.23502
70 75 1.49683
70 79 2.7446
70 84 2.77757
70 97 5.77147
70 105 8.69418
70 108 3.96961
70 116 8.30378
70 118 3.52337
70 121 0.258219
70 126 5.43916
70 143 5.28419
70 144 1.44987
70 145 0.509839
71 85 6.90436
71 91 2.18405
71 94 -0.740165
71 100 1.83162
71 110 -1.62275
71 114 -4.8442
71 125 2.62914
72 73 4.18238
72 81 2.93164
72 83 8.0474
72 87 -0.861822
72 99 3.31536
73 80 1.23277
73 83 3.69226
73 87 -0.564662
74 76 -13.5479
74 85 -15.9189
74 103 -17.6884
74 114 -1.32411
74 122 -5.90104
74 128 0.434708
74 131 -0.905358
74 132 -4.43612
74 154 -0.0467033
74 162 -5.53733
76 102 0.638851
76 103 1.45086
78 86 4.26543
78 90 -5.24821
78 112 3.31536
79 84 4.85631
79 97 2.47197
81 83 7.95517
81 99 4.43612
81 109 5.18199
81 113 7.87756
81 119 5.20898
81 130 13.7634
81 142 2.57042
81 146 4.39831
81 152 8.67784
81 155 1.71504
81 167 6.31055
81 171 8.2903
81 182 13.1428
81 185 1.02189
81 187 5.99721
81 198 -0.208469
81 199 -0.257452
81 210 2.07058
81 219 2.03987
81 230 10.3274
81 231 -1.35021
81 240 -0.0694649
81 242 3.43706
81 256 -0.12059
81 260 3.3139
81 274 0.782124
81 278 0.0235855
81 282 7.2595
81 300 -0.0119406
81 303 2.58569
81 304 1.84262
81 342 1.91493
81 358 4.17028
82 89 0.914161
83 87 -0.216524
83 99 7.38223
85 114 -11.0747
86 88 -0.242831
86 92 -0.635286
86 95 -0.56853
86 96 1.51741
86 101 3.20604
86 112 8.38339
86 124 12.5207
86 134 2.74586
86 140 -0.357668
86 142 6.65866
86 146 4.8818
86 153 3.44255
87 89 -3.1338
87 93 0.110414
87 98 -0.0118663
87 99 -2.13844
88 92 -4.43612
89 93 -0.0247746
89 98 -0.00456277
89 99 -0.00907766
89 104 -0.00686503
89 106 -0.0159232
89 111 0.503936
90 112 -2.10127
92 95 -4.43612
92 96 -2.36822
93 98 -0.130046
93 99 -0.256238
93 104 -0.0655856
94 100 -0.142628
94 107 -0.872439
94 110 0.0700632
94 115 -2.14198
95 96 -0.56853
98 99 1.51134
98 104 -1.26346
98 106 0.0242361
98 111 -0.00995072
99 104 -2.5697
99 106 3.22367
99 111 -3.20605
99 119 3.57445
99 120 9.4685
100 107 -1.00226
100 110 -1.14578
102 103 0.0841438
102 117 0.00530323
103 117 0.0217052
103 131 -3.91844
103 137 -0.000584629
103 138 -0.0020667
104 106 -0.521361
105 108 0.466338
106 111 -2.69757
107 110 -0.83062
108 145 1.80097
108 161 0.955303
109 113 7.53422
110 115 -15.5108
110 125 -0.116857
110 147 -3.31536
111 120 -1.27785
111 136 -1.98633
112 134 1.95083
112 140 -0.350745
112 150 3.99846
112 158 3.99081
113 146 0.662615
114 125 -5.53733
114 128 -0.83062
115 127 -2.85347
115 147 -0.849093
116 121 2.41897
116 126 7.55659
116 144 4.83573
116 165 3.50282
117 131 -5.53733
117 132 -5.53733
117 137 -0.000422291
117 138 -0.00135568
118 123 0.0225122
118 137 0.0266792
118 138 0.0897852
118 139 -11.0792
118 144 1.72344
118 169 -0.362508
118 172 0.00148489
119 120 5.77147
119 148 0.513199
119 155 3.67132
119 156 4.38488
119 167 4.46702
119 168 4.11104e-05
119 171 1.09414
119 175 -0.0757717
120 129 3.85852
120 135 -1.88061
120 136 -3.91844
120 148 0.513572
120 168 -0.00138447
122 128 -5.53733
122 154 -15.9189
122 176 -4.14515
122 178 1.6403
122 180 -21.5078
122 183 -4.43612
122 200 -5.79078
122 216 -6.1488
122 221 -1.39227
123 138 0.832052
123 169 -0.0263189
123 172 -0.000948474
124 140 -0.116211
125 128 -10.3815
125 147 -7.3967
125 157 -4.03666
125 174 -0.10128
125 178 0.00419507
125 179 0.0643153
126 143 6.06055
126 165 4.01037
126 166 3.20604
127 141 -12.5715
127 147 -16.603
127 174 -14.8177
127 211 -13.2888
127 228 3.07605
127 229 -10.3815
128 157 -2.78039
128 176 -0.163779
128 179 -5.53733
129 135 -0.867703
129 136 -8.67197
131 132 -0.145651
132 137 -4.8442
132 162 -3.2491
133 141 -1.39593
134 140 -1.80759
134 158 0.884062
134 163 -4.8442
135 136 -2.58569
135 148 -0.517023
136 148 -4.14515
136 149 -7.25856
136 168 -4.14515
136 175 -11.0747
136 184 -3.73241
137 138 2.08433
137 162 0.132481
138 144 0.0921976
138 162 3.71849
138 169 -0.11759
138 172 4.38597
138 181 0.0697
138 183 1.07015
138 195 -2.41897
138 197 2.19206
138 213 -0.0432413
138 214 -4.14515
138 215 -3.54775
138 217 0.302535
138 226 0.0473341
138 234 0.00637738
139 144 -4.14515
140 142 -1.69086
140 151 -0.614083
140 159 -0.785981
140 163 -3.73241
140 164 0.337046
141 149 -20.5304
141 201 -5.53733
141 228 -9.45578
141 238 -3.31536
141 245 1.7954
141 276 -1.44559
142 146 8.62376
142 150 4.43612
142 151 0.124583
142 159 3.11601
142 185 1.11307
142 198 -0.393686
142 210 1.10952
142 230 3.01573
143 145 7.93051
143 160 3.70709
143 166 2.27269
143 173 7.31839
143 177 8.19496
143 193 2.84855
143 203 4.45417
143 233 0.0165133
143 364 0.000344085
143 378 0.0174118
143 402 0.00323204
144 165 0.210931
144 169 -2.27439
144 172 0.124041
144 181 1.77246
144 203 2.33563
144 217 0.0105325
144 233 0.0168494
144 364 0.000370875
144 378 0.0151797
144 402 0.00323204
145 161 1.10264
145 170 2.13819
145 177 2.02352
146 153 4.04854
147 174 0.850124
147 178 -0.0114328
148 168 4.11104e-05
149 184 -3.5557
149 201 0.337785
150 158 10.1357
150 159 1.6582
150 164 -0.0689331
150 206 0.688207
150 218 4.2306
150 225 -2.65999
150 230 7.87318
151 159 0.844891
151 164 -0.230802
154 162 -5.53733
154 180 1.39593
154 189 -2.02443
154 190 -9.68249
156 168 0.00753817
156 175 -0.115949
157 179 -2.27269
158 159 0.927473
158 163 -3.88636
158 164 -0.276137
159 164 -0.712068
161 170 0.761302
161 177 2.31927
161 186 3.53611
162 183 0.843018
162 190 -0.147085
163 164 -3.57445
165 166 5.31319
165 173 6.71354
165 203 0.734083
165 233 0.0153834
165 364 0.000356438
165 378 0.0157896
165 402 0.00323204
166 173 1.38648
167 171 4.31822
168 175 -0.020004
169 172 0.17845
169 181 -0.360387
170 177 0.274059
171 175 -3.91764
171 187 5.06768
171 188 -0.618144
171 191 0
171 204 8.53243
171 207 0.00877536
172 181 0.350631
172 213 -0.0117313
172 217 1.37643
173 192 2.35223
173 203 2.38931
173 233 0.0476702
173 364 0.00103501
173 378 0.0433454
173 402 0.00637197
174 178 0.045641
174 179 -0.0318757
174 196 -0.384542
174 200 -4.8442
174 211 -8.64408
174 224 -4.33984
174 229 -0.226632
175 184 -0.0389131
175 188 -11.794
175 191 0
175 201 -3.43706
176 178 -1.69086
176 179 -5.53733
177 186 0.0764634
177 203 0.217107
177 233 0.0288814
177 364 0.000729667
177 378 0.0238505
177 402 0.00313993
178 179 0.456911
178 200 -8.74321
180 183 -26.3004
180 189 -0.343658
182 185 1.21682
182 198 -0.0354446
182 199 -0.420893
183 189 -5.53733
183 190 -2.76584
183 194 0.293576
183 195 -3.91844
183 202 -0.878476
183 208 -2.93164
183 214 -5.71204
183 220 -11.0747
183 221 1.49683
183 237 1.98284
183 263 -0.163779
183 268 -7.12213
183 269 -5.53733
183 272 -2.78039
183 279 -5.07754
183 281 -1.78253
183 283 -11.0747
183 287 0.467445
183 289 -0.56723
183 296 -5.53733
183 298 0.775982
184 201 -8.15956
185 198 -0.0779999
186 203 1.68519
186 233 0.0122651
186 364 0.000357069
186 378 0.0146804
186 402 0.00323204
187 204 3.81769
187 219 2.88142
187 231 -4.4026
188 201 -3.82229
188 212 -1.37165
188 223 0.195158
189 190 -7.0768
190 194 -4.26751
192 203 2.09232
192 233 0.0143365
192 364 0.000346743
192 378 0.0160275
192 402 0.00323204
193 203 2.39897
193 233 0.0122382
193 364 0.000355924
193 378 0.0145989
193 402 0.00323204
195 208 -2.04452
195 214 0.369897
196 211 -3.73241
197 213 -0.00543904
197 214 -3.91844
197 215 -4.43612
197 226 0.00173923
197 234 0.00733867
197 237 0.000666603
198 199 -0.0926419
198 209 -0.83062
198 210 -0.392036
198 230 -0.124373
199 210 -0.485241
200 216 -2.13368
200 220 -0.102303
200 224 0.0169207
201 223 -1.68068
201 238 -2.14162
201 245 -5.00465
202 208 0.435132
202 214 -3.89105
203 205 2.73351
203 217 0.00757811
203 227 1.19584
203 233 0.777425
203 235 0.875913
203 247 2.22979
203 277 0.0295632
203 301 0.00205062
203 328 -0.00375575
203 355 -0.000731195
203 364 -0.108401
203 374 0.245408
203 378 0.263025
203 402 -1.00111
203 405 0.993573
203 415 -3.01584
203 431 4.15635
203 479 2.70683
203 551 -0.0385642
203 569 -3.99418
203 585 -2.84363
203 591 -9.46416
204 207 0.0476313
204 212 -2.71425
204 222 1.49443
204 231 -1.46605
205 233 0.0100115
205 364 0.000365456
205 378 0.0137144
205 402 0.00298624
206 225 -12.6598
206 230 0.766178
206 243 0.781932
206 347 0.774055
207 212 -0.604864
208 214 -1.6052
209 210 -0.163779
210 230 3.1693
211 229 -10.8038
212 222 -1.66912
212 223 -2.30711
212 231 0.424519
212 240 0.037964
212 241 0.000325672
212 246 -5.683
213 217 -0.0659722
213 226 -0.902172
213 234 -0.345567
214 215 -2.78039
214 232 -9.28032
214 234 -4.8442
214 237 -9.28032
216 220 0.0203731
216 221 -4.8442
217 226 11.8864
217 233 2.42887
217 244 1.72876
217 249 2.27269
217 364 0.000405158
217 378 0.0251286
217 402 0.00323207
218 230 2.36822
220 221 -5.53733
220 224 -0.947291
220 229 -5.53733
220 257 -1.14578
220 263 -3.73241
223 241 0.0292183
223 245 -1.08303
223 254 -1.71189
224 229 -2.78039
225 230 -1.12464
226 234 2.32656
226 237 0.0577346
226 239 5.60121
226 249 2.14198
226 250 2.08021
226 255 3.10675
226 258 2.72141
226 271 0.0398413
227 233 0.0100231
227 364 0.000365806
227 378 0.0137111
227 402 0.00298531
228 229 -16.612
228 266 0.06302
228 276 -0.03151
229 257 -4.14515
229 265 -2.52745
229 266 -5.19978
229 285 -3.91844
229 286 -1.00226
229 294 -7.36186
229 307 0.237924
229 311 0.93277
229 315 -8.09923
229 319 -0.635286
229 337 -4.11633
229 346 -0.110449
230 236 5.95999
230 242 1.91493
230 264 16.5954
230 274 1.0774
230 313 -0.0771461
230 347 3.52835
231 240 0.111605
231 246 -1.95208
231 251 -0.00538486
232 234 1.60827
232 237 0.122092
232 271 0.0564661
233 235 0.0360134
233 244 4.07564
233 247 0.193975
233 248 -1.68801
233 277 3.68882
233 288 5.49441
233 301 0.488349
233 324 0.017977
233 328 0.127268
233 335 1.35652
233 355 0.0162774
233 357 -3.57445
233 364 0.00575319
233 378 0.0657821
233 402 0.00694972
233 405 0.0310461
233 431 0.0769609
233 479 0.0505527
234 237 4.11714
234 250 0.0213757
234 271 0.17201
235 364 0.000372302
235 378 0.0139347
235 402 0.00304921
237 250 0.0210764
237 271 0.898773
237 273 3.57445
237 283 -4.43612
237 290 -13.5876
237 291 2.6287
237 359 -0.353819
237 360 -3.91844
238 245 -1.12464
240 246 0.00951465
240 251 2.00279
240 252 1.61529
240 256 0.03795
240 260 0.151656
240 261 -1.22523
240 267 2.26067
240 270 -0.273299
241 246 -0.0243432
241 254 -0.0152765
243 347 2.97961
244 249 3.77852
244 255 1.72077
244 293 -3.72402
244 316 -9.11507
244 324 0.00755468
244 357 -3.57445
245 254 -0.827261
245 259 -2.09916
245 276 -0.226632
246 251 0.0126693
246 252 0.0117449
246 253 4.24943
246 254 3.84209
246 262 1.4823
246 284 -0.843269
247 277 0.254996
247 364 0.000372302
247 378 0.0135162
247 402 0.00292963
249 255 5.20549
250 258 0.656462
250 271 0.124745
251 252 1.12673
252 253 0.365716
252 256 0.022806
252 260 0.0358481
252 261 -2.58569
252 262 2.66085
252 300 1.46518
252 309 -2.90598
252 314 -0.135366
253 262 1.07871
254 259 2.19034
254 262 0.788825
254 275 2.37442
254 276 -4.14515
254 284 -0.217441
254 292 0.0454813
254 305 0.47238
254 306 0.595328
254 310 1.28005
254 322 1.25227
254 327 -0.165622
255 258 2.77155
255 293 -7.4929
256 260 -0.772792
256 267 0.0091643
256 270 -0.0063477
257 263 -0.196305
257 265 -0.00899974
258 271 -0.493676
258 293 -3.57445
258 295 -5.23268
259 276 -1.10372
260 261 -2.22758
260 267 0.28839
260 270 -3.53385
260 278 0.117934
260 300 0.0427099
260 304 0.135481
260 321 0.00779153
261 267 -0.418229
262 284 -0.421635
262 309 -0.0719875
262 310 2.60994
263 265 0.0178714
263 280 -2.06181
263 286 0.0044359
264 274 -0.16295
264 313 -0.0870431
264 318 3.54789
264 326 -0.12554
264 347 3.207
265 286 2.16562
266 276 -0.352163
266 285 -0.601089
267 270 -0.208333
268 269 7.09639
268 280 -2.58865
269 272 0.890759
269 280 -1.02216
269 302 0.960007
269 308 2.95353
269 317 4.14515
269 320 0.210882
271 273 1.96316
271 291 0.910325
271 295 -5.79173
271 297 -0.0373618
271 299 0.356563
271 351 -0.538134
272 279 -0.613261
272 281 -1.09169
272 289 0.0757696
272 296 -0.129461
272 302 2.08227
273 291 6.93845
274 282 1.16519
274 313 1.32089
274 341 -0.053447
275 292 0.065428
275 305 0.180255
275 306 0.701329
276 285 -2.51278
276 292 -5.53733
276 306 -3.10675
277 301 2.68138
277 328 0.154674
277 336 0.220937
277 355 -0.0358658
277 364 0.0288513
277 378 0.0126135
277 402 0.0195893
279 281 -2.01356
279 289 -2.02352
280 286 -3.94518
280 294 -7.40157
280 317 -3.05664
280 320 -4.43612
280 366 -1.41182
280 382 -0.900629
282 303 3.10675
282 313 0.318324
282 338 0.872177
282 341 -0.104055
282 342 0.0103301
283 287 -6.58588
283 290 6.67997
283 298 -3.57445
283 340 -6.70881
283 363 -0.200804
285 306 -4.34203
285 307 -7.12449
286 294 11.1486
287 298 4.05628
288 324 0.0184295
289 296 -0.364912
290 359 0.525829
290 360 0.378115
290 363 -0.599963
291 333 -2.19219
291 351 -4.28047
291 360 -4.14515
292 306 0.0645361
293 295 0.331065
293 312 0.156145
293 316 -2.39497
293 325 -0.0220583
294 319 1.27785
294 344 -2.56788
294 366 1.91493
295 297 -3.31536
295 312 2.03479
295 323 0.274059
296 298 -4.8442
296 302 -0.258922
297 299 -0.182647
297 323 -3.43706
297 351 -3.20605
298 302 -16.0141
298 340 2.94546
298 349 0.29154
298 367 -8.16853
298 370 -1.92811
298 380 0.0350316
300 304 -0.0948026
300 314 -0.17937
300 321 -0.455771
300 330 -0.572401
300 345 3.17448
300 379 -7.95252
301 324 -0.000942412
301 328 1.98194
301 336 1.29263
301 355 -0.0457227
301 364 0.152241
301 378 -0.00201873
301 402 0.203692
302 308 1.66155
302 317 2.48686
302 349 -2.06181
302 350 0.0131744
304 321 3.70898
304 358 5.03055
304 376 0.283543
304 379 0.0628891
304 393 -0.219187
304 397 -0.0011341
305 306 0.128172
305 322 0.313115
305 327 -0.0320424
305 353 -1.16715
305 354 0.727078
305 362 -0.87782
305 368 0.455238
305 371 1.31664
305 387 -0.0194329
305 455 -0.00217153
306 307 -2.93164
306 332 0.962998
306 348 -1.06227
306 354 0.0211095
306 368 -0.304262
307 311 1.90258
307 332 -3.91844
308 317 1.78253
309 310 -0.147488
309 314 0.905743
309 327 0.484972
309 331 -0.226854
310 327 -0.429352
311 332 -2.59137
311 346 -0.330049
311 348 0.038913
311 372 -0.937146
312 323 3.72176
312 325 -0.00197533
312 351 -0.0244106
312 352 1.53284
312 373 0.656159
313 318 0.105413
313 326 2.88203
313 334 1.53132
313 341 -0.769683
313 356 1.07529
313 375 1.56542
313 392 -0.905358
314 327 0.0385621
314 330 -2.46588
314 379 -8.76265
314 386 -2.80987
315 319 -1.88061
315 329 3.26159
315 337 0.176959
315 339 0.644685
315 343 -0.023437
316 325 -5.53828
316 357 -0.274059
316 361 1.43423
316 365 -3.26708
317 320 1.30083
317 349 -0.337785
317 350 0.15097
317 370 -1.85025
317 380 -0.483906
317 381 -3.89655
317 382 1.87944
317 395 1.08061
317 400 0.740165
317 407 -0.886457
317 419 -3.61914
317 420 0.418426
317 427 -0.67402
318 326 -0.162783
318 347 0.987661
318 356 -0.14832
318 375 0.415275
319 329 -2.52745
319 344 -3.76282
322 327 -0.00378387
323 351 -0.411208
323 373 2.70833
323 396 -0.078406
323 408 0.651183
323 418 -0.284867
324 335 0.871005
324 364 0.113366
324 374 -2.5388
324 402 0.687365
325 352 0.194815
325 361 0.123491
325 373 0.215099
325 377 0.0255173
327 331 -1.11588
327 353 -17.88
327 379 -0.00846411
327 386 0.18045
327 404 0.514787
328 355 -0.0778936
328 378 -0.0235777
329 337 3.54844
329 339 3.85983
329 343 -0.0124175
329 344 1.72503
329 346 1.12521
329 366 1.30667
329 369 3.01941
329 388 3.95372
329 390 3.01573
329 425 5.98518
329 433 1.0577
332 348 -1.06254
333 351 1.23123
334 341 -0.0435393
335 357 -0.375909
335 374 -1.7853
335 391 0.258959
336 355 -0.0123087
336 364 2.53577
337 339 2.18325
337 346 2.34308
338 341 0.029788
338 342 -0.000301613
339 343 -0.0808515
340 360 -9.26974
340 363 1.79047
340 367 -7.61125
340 410 2.37103
340 417 0.137931
340 441 -0.42825
341 342 -0.225563
341 358 -0.775195
341 392 0.438996
342 358 0.100792
344 366 0.503962
345 379 -1.25368
346 372 -0.447613
346 388 3.48374
346 390 2.27069
346 399 6.13512
347 375 4.98411
347 384 2.88203
347 411 4.62867
347 413 0.735195
347 440 -1.23643
347 460 0.128173
347 496 0.759246
347 512 -0.374861
348 368 0.310805
348 372 -1.72346
348 390 0.100781
349 350 -5.53733
349 370 -0.14577
351 360 1.13678
351 396 1.18739
351 408 -0.165165
352 373 3.20944
352 377 -2.71845
353 371 -1.06254
353 387 -4.0152
353 404 -0.669846
353 424 -2.71175
354 362 -0.6031
354 368 1.98915
355 364 0.874179
355 378 0.805636
355 402 0.0699949
355 431 0.000656926
357 365 -2.14198
357 391 -0.55042
358 392 0.208581
358 393 -2.14825
358 406 -1.23277
358 423 -4.61395
359 360 -1.864
360 363 -2.22758
360 396 2.77975
360 410 -8.58127
360 441 0.60356
361 365 -3.91844
361 377 0.40347
361 383 7.86457
361 401 -1.95015
364 378 2.9808
364 402 0.923774
364 405 -0.000774579
364 431 0.0302299
364 479 -0.0119307
365 391 -1.14578
365 401 -3.10675
366 369 1.3547
366 382 0.412607
366 394 -1.52687
367 380 -4.24586
367 398 -0.0212735
367 407 -0.0755056
367 416 4.05914
367 417 -0.0684408
367 419 -1.69783
367 430 -5.16892
368 389 8.0552
368 390 1.03905
368 409 0.747905
368 422 0.0074152
368 445 -0.415771
368 450 9.40234
368 455 -0.0124043
368 458 -0.954909
368 477 0.0546168
368 478 0.227881
369 382 -0.0024026
369 394 -5.88714
369 425 0.0982108
369 426 2.56356
369 427 0.0130446
369 433 1.03806
369 447 5.22924
369 468 -0.163779
370 380 -1.09984
370 381 -1.63282
371 387 -0.0615628
371 403 2.15731
371 424 0.209698
371 455 -0.011259
371 461 -0.0145544
372 390 -0.44654
373 377 -3.4958
373 408 0.0925284
373 418 -4.48581
373 421 -0.116857
374 391 -3.57445
374 402 -1.69424
374 415 -2.18689
375 384 1.80423
375 392 -0.274059
375 413 1.88609
375 440 -0.445602
376 379 0.915452
376 385 -1.18404
376 393 -0.254617
376 397 -0.0100835
377 383 2.32453
377 421 0.632366
377 429 -0.366605
377 439 1.47101
378 402 0.315822
378 405 0.0238991
378 431 0.0944002
378 479 0.0353607
379 385 -0.00620761
379 386 -0.810684
379 397 -0.00448265
380 398 -2.32593
380 400 -1.27785
381 395 -0.847097
382 394 -0.435169
382 426 -0.00546101
382 427 -1.43531
383 401 -3.09005
383 429 -0.401525
383 434 1.58864
383 439 2.73537
383 446 1.66155
383 456 4.05918
383 464 0.601089
384 440 -0.189867
385 393 -0.629491
385 397 0.0400842
385 414 0.877019
386 397 -0.17234
386 404 5.70423
386 432 -0.652638
387 403 -0.142721
387 424 -0.900925
388 390 1.27785
390 399 6.75848
390 409 2.20977
390 422 1.29328
390 425 2.22758
390 445 3.91247
391 401 -2.71175
391 415 -4.75674
392 406 -2.33649
392 413 -0.863564
392 423 -2.64699
392 440 1.59406
392 457 2.22758
393 412 -1.0666
393 414 -2.47197
393 423 -0.00854818
396 408 -8.12462
396 436 -4.57445
396 438 -2.56635
396 441 2.39177
396 442 -2.85347
396 451 -1.60873
396 497 -3.01573
396 500 -1.69086
396 501 -2.58569
396 511 -0.274059
397 414 0.145507
397 432 1.2355
397 452 0.173015
397 462 0.0685211
398 400 -0.274059
398 407 0.0595709
398 416 -0.0453831
400 407 -2.31952
401 415 1.78253
401 434 -0.601089
402 405 0.00505801
402 431 0.0167795
402 479 0.00386242
403 424 1.82253
403 461 -0.00859996
404 424 -3.00367
404 428 0.655922
404 432 -2.4886
404 461 -0.669846
404 472 1.95414
404 489 0.723125
404 519 -0.190713
407 416 -0.29854
407 419 0.982543
408 418 -0.185057
408 442 2.01615
408 443 2.29565
408 449 -0.0315469
408 465 0.192513
409 422 0.0233969
409 445 0.0786896
410 441 -0.740165
411 440 -0.126358
412 414 0.209724
412 423 0.1104
412 437 4.17019
413 440 -0.195582
414 437 1.77852
414 452 0.921582
414 454 0.83062
414 462 1.74721
414 466 -1.04226
415 434 -2.75808
415 446 -2.36822
415 479 -0.0856503
416 419 -1.5725
417 430 -0.465505
417 441 -2.15338
418 421 -2.74411
418 443 0.968555
418 444 -0.206282
418 453 1.34702
419 420 -3.91844
419 430 -0.221605
419 435 0.33648
419 470 -0.3765
419 473 1.02561
419 481 4.29244
419 486 2.7488
420 427 -1.52308
420 435 -1.42058
421 439 1.5059
421 444 -0.353819
421 453 -2.81695
421 459 -0.0472817
421 475 -0.115517
421 483 -0.315577
422 445 0.327861
423 437 0.262206
423 457 -2.14198
423 474 -0.844767
424 455 -0.277903
424 461 -0.0185787
425 433 0.685176
425 445 0.704036
425 448 1.89622
425 468 -10.8105
426 427 0.0635677
426 435 0.0169648
426 447 0.297678
426 469 -2.1904
426 473 -0.00439941
426 480 -0.0433675
427 435 0.00644454
427 469 -0.0106719
427 480 -0.00226059
428 432 -1.44369
429 439 -0.393457
430 441 -3.10675
430 470 0.46109
432 452 0.492899
432 467 5.49948
432 472 -2.41897
434 446 1.42058
435 469 -0.0146331
435 473 1.95891
435 480 0.271222
435 481 0.312244
436 438 0.41462
436 451 1.67084
437 454 1.85449
437 466 -0.434226
437 474 -0.228731
437 492 0.0636104
438 442 4.06004
438 451 3.28608
438 493 3.59847
438 494 2.21761
438 517 -3.57445
439 456 0.884197
439 459 -0.0336952
439 483 -1.14228
440 457 6.26978
440 460 -0.128173
440 496 -0.466287
440 504 5.87363
440 512 0.315519
441 470 -2.53302
441 501 -4.43612
442 449 -0.00892095
442 463 3.12104
442 465 0.372615
442 494 0.0556521
442 495 0.994678
442 502 -0.0509368
442 526 0.00212213
442 529 -0.033547
442 530 0.440085
442 541 -0.312407
442 543 -0.115866
443 449 -2.13342
443 453 4.17967
443 463 -0.813505
443 465 -1.00817
444 453 -1.51434
445 458 0.831542
445 468 -8.07016
445 482 -2.29134
445 485 -2.85347
446 456 3.12582
446 464 1.9351
446 479 -4.73717
446 483 -2.10127
446 508 0.260417
447 468 -1.12464
447 469 -2.09574
448 468 -0.681298
449 463 -0.0197437
449 465 -0.00964644
450 455 -0.026245
450 458 -1.82311
450 477 0.123328
450 478 0.505691
450 490 0.0727578
451 471 1.16432
451 493 1.23767
451 497 -0.147979
452 462 3.57317
452 467 2.03786
452 513 -0.985973
452 524 -0.53127
453 463 -3.63877
453 475 -1.7847
453 505 -2.4817
453 507 0.245696
454 466 -0.215417
455 461 1.87528
455 477 -0.0307729
455 490 -1.33812
455 509 1.60911
455 510 0.464627
456 464 2.45562
456 483 -6.62862
457 474 2.39352
457 476 2.30666
457 504 5.14537
457 523 1.49443
458 478 -10.2675
458 482 -3.01573
459 475 -1.21539
459 483 0.112497
461 489 -0.859636
461 509 0.236758
461 510 1.5774
461 554 -6.26844
462 466 -0.179458
462 492 -0.0121011
462 518 -0.000766773
462 524 -1.76677
462 533 -0.427998
463 465 0.767406
463 495 0.762453
463 502 -1.23544
463 505 0.788518
463 522 -2.41897
466 492 -0.083471
467 472 -2.22758
467 484 0.934743
467 513 -3.41279
468 469 3.89218
468 482 2.14198
468 485 0.55042
468 487 -7.62252
469 473 0.00439941
469 480 5.80225
469 482 1.10372
469 487 -0.889964
469 515 3.23722
469 516 2.31952
469 527 1.27033
469 531 -0.116857
469 534 1.12832
469 548 0.140207
469 561 -0.0567679
470 481 -0.170297
470 486 -4.63787
470 501 3.45302
470 555 -0.206028
471 497 -0.0155591
472 484 -7.85431
472 489 0.0267215
472 499 -0.274059
472 513 -0.535587
472 519 -1.83098
472 537 -0.723808
473 480 2.11996
473 481 0.760087
473 488 9.57931
473 506 0.600776
473 514 -0.101569
474 492 4.49337
474 498 2.57862
474 523 0.0280308
475 483 -0.208939
475 503 -0.0740372
475 507 -0.45207
478 482 1.48087
478 490 0.517352
478 491 1.71825
478 510 2.07322
478 520 1.51491
479 508 -1.35954
479 551 -0.118624
479 559 0.720684
480 506 0.0402762
480 514 -0.196845
480 516 2.52745
480 528 3.66347
481 486 1.08744
481 488 3.65634
481 521 0.464884
481 546 0.803248
481 555 -2.53035
481 595 -1.40906
482 485 2.01282
482 491 6.07383
482 525 1.49042
482 534 1.00415
482 547 0.0113786
483 503 1.03847
483 507 0.397113
483 508 -0.00883545
484 499 -3.15594
484 513 -2.85347
488 506 0.80355
488 514 0.0243396
488 521 0.776029
488 528 0.106273
489 519 -0.0342302
489 537 -0.0566482
489 542 3.95601
489 554 1.12546
489 589 -0.669866
490 509 -0.418228
490 510 0.246774
491 510 -0.00274903
491 520 0.0188651
491 525 0.448867
491 547 -0.0106977
492 498 1.98677
492 504 -0.0140713
492 518 0.0688891
492 533 -0.672079
492 540 -3.33122
493 497 -0.0606431
493 500 -0.548057
493 501 0.0454846
493 517 -3.73241
493 535 4.67893
493 538 3.53363
493 565 0.345159
494 517 -5.61302
494 526 -0.000528351
494 529 -2.16336
494 538 0.00448643
494 543 0.806296
494 565 0.00224321
494 567 -0.183393
495 502 -0.0800119
496 512 -0.282945
497 500 0.0403469
497 501 -0.0240423
498 504 -0.0584858
498 523 0.0416832
498 540 -0.0323061
498 560 0.390008
498 568 0.0510044
499 513 -0.0389131
500 501 -2.98995
500 511 -1.08303
501 511 2.69231
501 535 0.664646
501 538 0.242163
501 550 0.585669
501 555 -3.00741
502 522 -8.24908
502 530 -0.035196
502 541 -3.01573
503 507 1.59679
503 508 -0.0440786
503 549 -1.18437
503 552 0.605719
503 556 0.835659
503 574 -0.013271
504 512 2.63228
504 523 1.27827
504 539 6.90556
504 560 0.0284868
504 568 0.331989
504 577 -1.74397
504 581 2.4194
504 582 0.269445
504 584 -0.126805
504 586 3.57445
504 592 -4.18762
505 507 -1.10387
505 522 -0.782474
505 536 -0.0211545
506 514 -0.062104
506 521 0.0520243
506 528 0.0895684
507 522 1.98633
507 556 2.20502
508 549 -1.59623
508 552 -1.79891
508 557 -0.0856503
508 570 -0.386023
509 510 1.24435
510 520 3.52626
510 525 2.85255
510 547 -4.52969
510 548 0.118376
510 554 -0.274059
510 561 0.0195333
510 579 0.244003
513 524 5.91411
513 537 -3.20605
513 545 -0.391187
514 528 -0.492719
515 516 2.18405
515 531 -0.132481
516 521 1.88486
516 527 1.42798
516 528 2.81533
516 531 -0.386023
516 532 -0.0909066
516 546 0.433015
516 564 4.10742
516 571 1.55001
516 587 -6.81707
516 596 9.15565
517 538 -4.43612
518 533 -0.295484
519 537 0.0287238
521 528 1.39721
521 546 2.61628
522 536 4.02685
522 541 3.43706
522 556 4.76704
522 562 6.77935
522 580 2.52745
524 533 3.26929
524 544 7.98974
524 545 -0.16257
524 553 -0.0656279
524 563 1.16715
524 578 -1.84714
525 534 2.56459
525 547 -0.00975998
525 548 0.675531
525 561 0.0564491
525 579 4.06291
526 529 -0.0399711
526 543 -0.49302
527 531 -3.14053
527 532 -0.181813
527 534 1.18522
527 548 0.888418
527 558 0.386452
527 561 -0.0757223
527 564 2.895
529 543 -1.91145
530 541 -2.1069
530 543 -0.0165239
531 532 -0.56723
533 540 5.52914
533 563 2.32319
534 548 0.0595111
534 561 0.00893876
534 579 0.00286618
535 538 8.07765
535 550 0.731194
537 542 -1.16533
537 545 -14.4184
538 550 1.07617
538 555 -0.603816
538 565 4.15246
538 597 -3.00957
539 577 -1.63282
539 581 0.0348286
540 560 -0.0646122
540 563 1.69086
540 568 0.325239
540 578 -2.41897
540 582 2.91291
540 583 0.814339
541 543 1.56878
541 562 0.0037428
541 572 0.142225
541 573 3.41392
541 580 0.0146302
541 593 -0.153201
542 545 -0.402198
542 589 -2.26445
543 565 -0.748552
543 567 -0.638785
543 572 0.704578
543 593 -0.0669504
544 553 -0.553651
544 578 -2.18405
544 583 -1.89821
545 553 -7.71961
545 588 -4.52761
545 589 -0.326405
545 598 -1.56749
546 587 -4.97556
546 595 -1.79101
548 558 1.45101
548 561 0.00675036
548 564 2.11793
548 566 0.28305
548 579 0.258756
548 594 -1.86629
548 602 1.08303
548 604 1.5046
549 552 -2.06131
550 555 -0.584119
551 559 -1.27007
551 569 3.52212
551 605 0.0341688
552 557 -2.85347
552 570 -1.14578
552 574 -0.321816
552 576 -1.39593
552 590 -10.6359
553 583 0.427204
553 588 1.69086
554 589 0.58811
554 598 1.52186
555 575 3.5982
555 597 3.56934
556 574 -0.00153673
556 580 1.63284
556 590 -0.349065
556 601 -0.300604
557 559 3.82107
557 570 -1.44765
557 590 -0.0367425
557 601 -0.703534
558 564 0.865707
558 566 0.6044
559 570 -0.204437
560 568 0.131044
560 582 0.220053
561 579 0.0709803
562 580 7.15348
563 578 -2.85672
564 566 1.4817
564 596 3.5099
564 602 1.25517
565 567 2.58569
565 572 -2.47197
565 593 -0.836741
565 597 -3.66153
565 600 -1.11323
566 594 -0.0826951
567 572 -2.13257
568 582 4.63246
568 584 -0.145972
569 585 4.12068
569 605 1.44542
571 596 0.422383
572 593 -0.0669506
573 580 0.00277548
574 576 -1.72077
574 590 -0.0597424
576 590 -4.6225
577 581 -2.30111
578 583 -1.23429
580 593 -0.162008
580 600 -6.0051
581 582 2.73632
581 584 -0.218309
581 592 -3.50474
581 603 -1.08303
582 584 -0.339487
583 588 3.74617
585 591 -4.61123
586 592 -0.959197
587 595 5.85833
587 599 6.73185
588 598 3.91844
589 598 3.76244
590 601 3.16262
592 603 0.905357
593 600 -0.132481
596 602 1.34772
