MULTICUT
0 9 2.87277
0 13 1.77385
0 17 0.280735
0 30 0.125893
0 32 2.81824
0 33 0.602254
1 10 3.86456
1 14 1.37453
1 21 -0.00778178
1 22 -0.402198
1 25 -9.68249
2 8 2.64699
2 16 2.52745
3 7 -0.540918
3 12 -0.114187
3 17 -0.354403
3 27 -1.21817
3 28 -0.0667381
3 33 0.689094
4 5 2.34508
4 14 1.17572
4 23 2.08258
4 26 3.18917
4 31 2.11515
4 35 -1.78253
4 42 0.474575
5 42 3.43691
6 11 2.53229
7 10 0.721245
7 20 0.445489
7 27 0.434357
7 32 3.13327
7 33 -0.853838
7 36 0.0562236
8 11 2.51278
8 16 8.14708
8 32 5.59441
8 33 -0.0582717
9 15 6.06075
9 32 2.73356
9 33 -0.0582717
10 14 0.948282
10 20 2.05526
10 25 -5.53733
10 32 0.0469593
10 34 -2.32754
10 36 2.23254
11 15 4.01865
11 18 4.36882
11 19 2.94539
11 32 1.67223
11 38 3.31536
12 17 1.95494
12 33 0.164016
13 17 3.34388
13 30 0.128735
13 33 0.845038
14 21 -4.94093
14 23 -0.00024379
15 32 1.25517
16 32 3.35222
17 28 -0.0406683
17 30 0.419735
17 33 0.889842
17 39 0.0159699
20 32 0.0750002
20 33 -0.0101953
20 36 0.600833
21 22 -0.011387
21 23 -0.305845
21 24 -1.49683
22 24 -9.70183
22 25 -2.41897
23 24 -12.092
23 26 0.505532
23 29 1.42058
23 31 0.782954
23 35 -8.84944
24 25 -2.27269
24 29 -1.44559
25 29 -3.01573
25 34 -3.57445
25 37 -4.8442
27 32 0.389986
27 33 -0.839596
28 33 -0.75534
29 35 -1.42058
29 37 -2.22758
30 33 1.45508
31 35 -3.43706
32 33 -0.838241
32 36 5.31473
32 38 3.6627
32 40 -2.52745
32 43 -0.533685
32 44 -1.49683
32 45 -3.31536
32 47 -4.14515
32 48 -6.63072
32 49 3.10214
32 52 -16.612
33 36 -0.110921
33 38 -0.058881
33 39 0.0159699
33 49 -0.0582717
34 36 -0.321795
34 37 -4.85322
35 37 2.93605
35 40 0.451047
35 41 1.22366
35 42 -2.78039
36 37 -4.31837
36 43 -3.01573
37 40 2.98144
37 43 -4.14515
37 44 -2.16572
37 45 -3.91844
40 41 2.91355
40 42 -16.7543
40 45 -5.53733
40 46 -9.44305
40 47 -15.2198
40 50 -6.99862
40 51 0.195158
40 53 -3.73241
40 55 4.1533
40 75 1.46242
40 79 2.85347
40 82 -5.53733
40 100 3.31536
40 107 -9.45578
40 108 2.85347
41 42 -4.8442
42 55 -2.18405
42 62 -9.97346
43 44 -1.66155
44 45 -2.31952
46 47 -1.52126
47 48 -4.34304
47 50 -2.58569
48 50 -1.84714
48 52 -2.14198
48 54 -5.13644
49 52 -5.53733
50 51 -10.3815
50 53 -0.132645
50 54 0.906088
52 54 -2.71175
52 56 -8.85269
52 57 -20.064
52 58 -3.57445
52 59 -0.00778178
52 60 -15.5108
52 61 -3.91844
52 63 -3.57445
52 64 -2.52745
52 80 -4.43612
53 54 -2.18822
53 75 -5.63387
54 64 0.187701
54 65 1.33231
54 75 -5.30382
55 62 -5.53733
55 82 -4.8442
56 58 0.0254806
56 61 -3.73241
56 66 -0.0460279
56 67 -0.374103
56 68 -7.21651
56 69 -11.3503
56 73 -9.28032
56 77 -5.53733
57 61 -0.669846
57 63 -2.50813
57 70 -6.22145
57 71 -9.28032
57 72 -4.14515
57 74 -3.57468
57 78 -5.99229
57 83 -5.10421
58 60 -1.18877
58 66 -1.67019
58 67 -0.0575711
59 60 -1.10372
59 80 -3.43706
60 66 -2.11182
60 76 -0.0205922
60 80 -1.60463
60 81 -0.291284
60 85 -2.18675
60 87 0.704501
60 101 0.14087
61 69 -1.63282
61 70 -2.22758
61 86 -0.849093
62 82 -8.83106
63 64 -1.81446
63 72 -0.226632
63 84 -0.893092
63 93 -5.53733
63 95 -7.39291
63 96 -2.36637
63 98 -2.52745
63 99 -5.53733
64 65 0.0474371
65 75 -1.72077
65 84 -3.57445
65 134 -2.36822
65 144 -3.31536
65 153 -5.14625
65 158 -4.8442
65 165 -1.63282
65 199 -2.06181
66 67 3.69553
66 76 2.66759
66 81 -0.982543
66 104 3.51841
66 117 0.00989357
67 73 -1.78253
67 94 0.0127567
67 104 1.83725
67 117 0.121651
67 127 -5.94737
67 132 1.96217
67 150 -3.43706
67 154 -3.73241
68 73 -8.38525
68 77 -5.95999
68 105 -0.722426
68 109 -0.0436668
69 77 -3.90414
69 86 -9.30789
69 113 -0.156877
69 114 0.604109
70 83 -4.8442
70 86 0.0639015
70 90 -12.7002
70 91 -4.8442
71 74 -0.274059
71 78 -2.47197
71 83 -1.14264
71 89 0.955216
71 103 -0.148121
71 115 -1.63282
72 78 -2.19681
72 93 -3.52271
72 110 -4.8442
72 128 -0.0856503
73 88 -4.62582
73 94 -0.933308
73 109 0.275107
73 117 -15.7243
74 83 -0.023346
75 107 -11.0981
75 158 -0.163779
76 81 -4.10478
77 105 -0.210882
77 113 -1.8771
77 119 -9.5249
77 135 -1.54979
77 136 -4.8442
77 155 -0.00753463
77 163 -5.09509
78 92 -3.31536
78 97 -8.97835
78 110 -1.98633
78 120 -4.43612
78 143 -0.483906
79 107 -1.14578
80 85 -4.62513
81 87 -5.10937
81 104 -0.849093
82 100 -5.53733
82 121 -2.71774
82 124 -1.47101
82 140 -3.00927
82 146 -1.98633
83 91 1.56758
83 103 -14.5117
84 95 -7.6246
84 96 -7.6246
84 116 -2.85347
84 134 -5.91084
84 144 -5.15922
84 153 -0.56723
85 101 -1.32033
85 102 -2.60616
85 125 0.0543973
85 129 -0.294277
86 90 -1.21921
86 114 -1.08303
86 135 -4.19678
86 136 -3.43706
87 101 2.37103
87 104 0.775982
87 111 -3.31712
87 126 2.88951
87 130 0.0421461
88 94 -2.71175
89 92 2.40992
89 106 0.0733934
89 115 -4.78718
89 118 1.41061
89 147 -0.0945421
90 91 2.27621
90 136 -2.71175
91 103 -2.85347
91 136 -4.43612
91 137 9.26366
91 145 -2.88939
92 97 -0.714084
92 139 -1.21064
92 147 -3.19439
93 98 -2.36822
93 112 -0.584119
93 128 -0.584119
94 117 -2.90782
95 96 -1.10372
95 99 -3.01573
95 116 -4.84697
97 120 -4.14515
97 139 -4.8442
97 141 1.964
97 142 -2.71175
97 152 -8.28126
98 99 -0.943623
98 112 1.06048
99 112 -0.0700634
99 116 -7.04777
100 107 -1.08303
100 108 3.01573
100 121 -11.0747
100 131 -1.95015
100 146 -5.49321
100 149 -12.1445
100 178 5.35093
100 181 2.10885
100 200 -14.9968
100 205 1.72013
100 209 0.216689
100 211 -1.95015
100 212 -5.53733
100 226 -3.91844
101 102 -0.00480973
101 126 0.671914
101 129 -4.14507
101 156 -0.68573
103 115 -4.86514
103 123 -3.91844
103 133 -7.03673
103 145 -14.1139
103 166 -5.9645
103 177 -3.43706
104 111 -0.163779
104 117 0.00989357
104 122 -5.75851
104 127 -0.305845
105 109 -0.472911
105 117 -2.52745
105 119 -8.40292
106 118 0.307141
106 147 -1.08303
107 108 -7.6246
107 131 -1.73822
107 149 0.900022
107 158 -11.0747
107 211 -0.0583646
107 212 -0.0190265
107 220 -7.0768
107 228 0.108529
109 117 -3.20605
110 128 -5.95999
110 143 -3.20605
111 122 -5.53733
111 130 -1.81446
112 116 -1.06254
112 128 0.432663
112 138 3.20205
112 148 -0.183212
112 152 -2.36822
112 157 -3.91844
113 114 -0.627199
113 135 0.626888
114 135 -4.39384
115 118 -7.143
115 123 -0.886457
115 133 -1.30083
116 138 -3.90082
116 153 -2.52745
117 119 0.83062
117 132 0.173324
117 151 -8.35456
118 133 -3.57445
118 142 -9.94118
118 147 -0.943623
118 164 -4.14515
118 166 -1.98633
119 151 -2.93164
119 155 -4.81302
120 143 -1.88061
120 152 0.0233459
121 140 -0.982543
121 146 -5.95961
122 127 -3.10675
122 130 -1.27785
122 154 -5.53733
123 133 -0.270088
124 140 -0.190138
124 146 -2.16497
125 129 -0.0360577
125 154 -3.01573
126 130 0.0137109
126 154 -10.2921
126 156 -0.0620531
127 154 -1.88061
128 143 -1.1545
128 148 -0.986305
129 154 -4.43612
129 156 -3.73241
130 154 -11.0747
131 149 -0.23606
132 150 -1.32411
132 151 -8.35456
132 161 -6.39041
132 169 -0.500431
132 176 -0.687271
133 164 -5.53733
133 166 -8.41866
134 144 -1.57696
135 136 -5.48719
136 137 -8.97439
136 159 -4.43612
136 163 -1.81446
136 173 -4.8442
136 182 -5.53733
136 183 -2.78039
136 184 -0.369897
137 145 -2.48733
137 159 -1.44559
137 167 -8.89563
137 170 -2.78039
137 177 -4.43612
138 152 -4.53378
138 153 -0.517023
138 160 -5.99229
138 168 0.849093
139 141 -1.63282
139 142 -1.98633
139 147 -5.53733
140 146 0.380276
141 142 -2.86586
142 147 -8.06359
142 152 -15.9189
142 166 -1.10372
142 171 -4.33018
142 172 -2.64699
142 174 -13.9281
142 175 -2.57725
142 187 -8.98936
142 195 -3.91844
143 148 -0.163779
143 152 -8.16853
144 153 -4.8442
144 165 -2.14198
145 177 -1.32411
146 162 -22.1493
146 178 -3.59392
146 180 -3.73241
146 205 -0.139204
146 222 -1.19214
148 152 -5.53733
148 157 -0.81228
149 211 -0.0311698
149 228 0.0753475
150 154 -0.794069
150 161 -5.53733
151 155 -0.353819
151 169 -4.43612
152 157 -3.11426
152 168 -0.982543
152 172 -4.91635
152 186 -7.2519
152 189 -5.53733
152 190 -4.8442
152 192 -1.81446
152 204 -3.73241
152 207 -4.14515
153 160 -9.68249
153 165 -6.39041
153 179 -6.10776
153 199 -4.14515
153 215 -1.84714
153 217 -2.18405
154 156 -3.15418
154 161 -9.45578
154 176 -2.10127
154 201 -11.0747
154 223 -9.68841
154 227 -11.0747
154 232 -2.41897
154 234 -4.8442
154 295 -0.0603421
154 343 0.120684
155 163 0.0385709
155 169 -2.24794
158 199 0.0103771
158 210 -0.892089
158 220 -0.0233906
158 221 -3.20605
159 170 -3.31536
159 173 -1.08303
160 168 -18.4899
160 179 -4.46091
161 176 -14.8132
162 180 -2.14198
162 206 -16.612
162 222 -5.53733
162 268 -11.0747
163 169 -0.223799
163 176 -5.53733
163 182 -11.109
163 193 -4.94545
163 198 1.49683
163 239 -10.3815
164 166 -2.69289
166 177 -7.85685
166 195 -17.9244
166 236 -3.73241
167 170 -2.52745
167 177 -2.808
167 194 -4.09875
168 179 -1.12464
168 186 0.867703
168 208 4.47986
168 217 -4.8442
168 219 -3.31536
168 249 -1.98633
169 176 -0.886457
170 173 -0.418426
170 194 -2.36822
171 187 -4.09875
172 175 -4.37436
172 192 -5.47497
173 184 -5.95117
173 185 -11.3455
173 194 -1.91493
173 203 -0.483906
173 224 -3.57445
173 235 -8.06359
173 242 -9.97346
173 244 -5.53733
174 175 -2.02352
174 187 -1.47101
174 188 -5.49994
174 196 -15.3684
175 191 0.434708
175 192 0.00919475
175 196 -1.44559
175 197 -0.0139238
175 216 -4.54078
176 198 -15.2198
176 201 -11.5007
177 194 -0.321795
177 213 -8.274
177 236 -4.8442
178 181 0.92392
178 205 2.43811
178 209 0.515525
179 217 -2.52745
182 183 -5.53733
182 193 -9.68249
182 202 -0.321795
183 184 0.924411
183 202 -2.14198
184 202 -15.2944
184 239 -0.275455
184 244 -0.137727
185 194 -1.75131
185 203 -4.14515
186 189 -0.277083
186 190 1.98775
186 207 0.360462
186 208 7.99122
186 225 7.52994
186 254 3.79052
186 267 1.54889
186 279 -0.18792
187 188 -8.74338
187 195 -0.0925782
187 196 -3.91844
187 214 -1.06254
187 229 5.56833
187 256 2.71175
187 302 0.0256175
187 334 8.54685
187 381 3.90562
187 425 -0.00237189
188 196 -11.0747
189 190 -0.554165
190 207 0.863463
190 225 4.2439
191 197 -2.07019
191 216 -5.53733
191 233 -12.3671
191 241 -10.3815
191 259 -1.66155
192 197 -0.847956
192 204 -1.54469
192 230 -2.10127
192 233 -11.1901
192 246 0.0839501
192 259 -4.36776
192 274 -0.221551
192 280 -1.14242e-07
193 202 -2.47197
193 239 -0.849093
194 203 -4.14515
194 213 -21.4562
194 224 -15.4951
194 293 -1.23243
194 309 0.612076
195 214 -1.28836
195 229 -1.39726
195 236 -2.36822
195 238 -2.58569
195 240 -1.98633
196 216 -9.97346
196 241 -9.97346
196 256 -10.3815
197 233 0.862797
198 201 -3.13421
198 239 -11.0747
199 210 -0.0451258
199 215 0.00186437
199 218 -0.00279726
199 219 -0.0137398
200 212 0.397122
200 226 0.0128989
201 234 0.00778166
201 239 -11.6699
201 245 -1.27785
201 262 -3.73241
202 239 -11.0747
203 224 -0.258219
204 207 1.67174
204 230 -1.88048
204 247 -0.133437
205 209 0.851919
205 222 1.97899
205 226 -0.982543
206 268 -1.50592
207 225 9.25703
207 247 -2.14094
208 249 -3.31536
208 260 -2.64699
208 267 2.35383
208 279 -0.0615797
210 219 0.0217731
210 220 0.071341
211 212 0.0294061
211 228 -0.340165
212 222 -0.451047
212 226 0.208936
212 228 -2.94126
212 237 0.798028
213 229 -5.53733
213 253 2.72927
213 258 -1.47101
213 291 -2.71175
213 297 -0.601089
213 302 -6.92555
213 309 -11.0747
213 329 -2.47197
213 339 -9.97346
213 356 0.210882
214 229 -3.31536
215 217 -4.14515
215 218 -0.00736795
215 219 0.100908
216 241 -0.0700634
217 219 -6.6637
218 219 -0.157406
219 220 0.939325
219 231 -10.6604
219 249 0.0598191
219 260 -0.515648
220 221 -4.03051
220 228 -15.9189
220 231 -6.70354
220 257 -4.81302
222 226 -2.71175
222 237 -2.58569
222 248 -4.14515
222 250 -12.7068
222 251 -5.58805
222 252 -1.75131
222 268 0.143143
222 270 -0.213699
223 227 -0.758016
223 232 -5.53733
223 234 -2.64699
223 243 -14.9931
223 265 4.51502
223 278 -10.3815
223 289 -4.43612
223 295 -4.8442
224 235 -0.89105
224 242 -0.211191
224 277 -11.1929
224 293 -0.849093
225 247 -2.80971
225 254 3.73241
225 267 1.30738
225 269 2.66355
225 279 -0.257802
225 285 -11.0747
225 336 -13.674
225 357 -5.53733
225 367 -4.8442
225 377 -3.73241
227 232 -3.73241
228 237 -0.111408
228 257 -7.10157
228 261 -5.53733
228 264 -2.93164
229 238 -2.64699
229 240 -8.16853
229 258 -2.27269
229 281 -0.129644
229 297 -3.91844
229 302 0.974895
229 362 -4.43612
229 381 1.75404
229 425 -0.00237189
230 246 -0.219306
230 247 -1.18877
230 263 -1.32411
230 275 -2.22758
230 285 -0.483906
231 257 -1.08303
231 260 -3.43706
233 259 0.0700632
234 243 -2.41897
234 262 -3.20605
235 242 -0.630984
236 238 -4.14515
236 253 -2.10127
236 258 -3.57445
237 252 0.0205259
237 255 -3.26917
237 261 -5.53733
238 240 -0.305845
238 258 -0.517023
239 244 5.22632
239 245 -3.20605
239 262 2.64699
239 266 2.93164
239 288 -5.56068
239 304 -4.03818
239 333 -0.226632
239 342 -1.16715
239 344 2.52745
239 360 -3.31536
239 363 -5.53733
239 369 -2.93164
239 372 -0.652519
239 386 0.982543
239 389 -5.53733
241 256 1.95015
241 259 -2.93164
242 244 -0.943623
242 277 -6.98293
243 262 -1.92324
243 278 0.669693
244 277 -5.53733
244 304 -0.687271
244 308 -0.533685
245 262 -2.31952
246 274 -13.8997
246 275 0.0736342
246 285 -3.91844
246 298 -2.72292
246 300 0.165094
246 321 -0.226632
247 263 -0.168655
247 269 -2.05774
247 272 -0.0272424
248 250 0.0285501
248 252 0.00522606
248 255 -1.14032
249 260 -0.639676
250 251 0.0700632
250 255 -6.5071
250 270 -0.704796
250 271 1.08559
250 284 -4.55828
252 255 -0.0145561
253 258 -3.43706
255 261 0.722426
255 271 -3.10675
256 259 -5.53733
256 280 -3.43706
256 282 -4.43612
256 290 -9.45578
256 310 -3.97482
256 317 1.62241
256 334 2.10825
257 260 -0.0389131
257 264 -4.4722
259 280 -0.924411
260 264 -8.42773
260 267 -5.53733
260 286 1.73555
261 264 -6.16296
261 271 -2.47197
261 273 -9.43357
261 286 -1.91493
261 287 -4.28939
261 313 -10.3815
261 322 -1.78253
261 330 -5.53733
261 337 -5.53733
261 348 1.39593
262 278 -1.42399
262 288 -1.6563
263 272 0.0162902
263 285 -6.90642
264 286 -10.9142
265 289 -11.0747
265 295 -4.8442
265 316 -5.53733
265 319 -2.47197
265 343 -3.57445
266 333 -0.353819
266 360 -0.106948
266 361 -2.64699
266 365 1.44039
267 279 -1.50392
267 286 -1.28563
267 303 0.00259726
267 336 -3.20605
268 270 -0.0636855
268 276 -0.0145557
268 284 1.62919
268 292 -5.53733
268 294 -9.68841
269 272 0.0109522
269 285 -11.0747
270 276 0.00727787
270 284 -0.00763798
271 273 -1.67821
271 283 -4.14515
271 284 -5.53733
271 299 -0.467445
272 285 -1.88061
273 283 -1.92181
273 287 -6.9745
274 280 -5.33397
274 290 -0.867703
274 310 -2.78039
274 317 -11.0747
274 321 -8.16853
274 331 -0.611894
274 352 0.0912421
276 284 0.0259307
277 293 -10.3815
277 308 -5.53733
277 309 -3.91844
277 312 -5.53733
277 326 -4.8442
277 346 -4.43612
278 288 2.68511
278 289 -0.083936
278 316 0.202044
278 320 2.43525
278 325 -2.93164
278 343 -2.58569
279 286 -0.687271
279 296 -10.0134
279 303 -0.00292744
280 282 0.0205056
280 290 -0.53119
281 297 -4.43612
281 302 -0.165336
282 290 -0.00884279
283 287 -1.21035
283 299 -0.274059
283 306 -5.53733
284 294 -4.14515
284 299 -0.635286
284 301 -1.72077
284 305 -4.8442
285 298 -4.8442
285 300 -9.44215
285 354 0.722426
285 357 5.38394
286 296 -3.23519
286 314 -2.03847
287 306 -9.68249
287 313 -22.1493
288 325 -5.53733
288 344 -0.0544849
288 353 -5.53733
289 316 -0.380176
290 310 -0.740165
291 297 -2.71175
291 302 -3.73241
292 294 -4.1069
293 309 -2.43002
294 305 -0.520489
294 318 -0.377725
294 328 0.131233
294 335 2.39119
294 338 -4.73409
294 366 2.27855
294 407 0.00736226
294 412 0.0802939
294 435 -0.00783093
294 447 0.00616974
294 480 -0.00251019
294 482 -0.000372638
294 517 -2.91038e-11
295 343 -0.234581
296 303 -0.788832
296 314 -7.04777
296 315 -2.85347
297 302 -4.14515
298 300 -0.165094
299 301 -0.101248
299 306 -4.8442
299 307 -2.71175
300 321 -5.53733
300 331 -0.116857
300 354 -2.06181
301 305 -5.53733
301 307 -0.584119
302 329 -3.7828
302 339 -0.638649
302 340 -7.41795
302 362 -6.30463
302 381 0.886484
303 315 -2.71175
303 336 -4.22284
304 308 -0.0190748
304 326 0.426612
304 342 -0.982543
305 307 -0.434708
305 311 -2.77208
305 318 0.213624
305 324 -1.30083
305 327 2.13956
305 328 0.0270211
305 332 0.114006
305 335 -0.472619
305 347 0.251023
306 307 -0.289934
306 311 -13.8318
306 313 6.61628
306 323 0.0402785
306 345 -2.71175
307 311 0.849093
308 326 -0.0650073
309 312 -0.0545495
309 326 0.796648
309 346 8.74264
309 356 -11.0747
309 372 -0.00248818
309 382 -0.208637
309 393 -0.867703
310 317 -1.47101
311 324 -2.15098
311 345 -0.116857
311 349 -8.58127
311 358 0.116857
312 346 -1.93992
313 322 -5.53733
313 323 0.151429
314 315 -1.69086
314 337 -2.31952
315 336 -0.687271
315 337 -2.93164
316 319 -0.758016
316 343 -0.849093
317 334 0.376588
317 352 -9.97346
317 376 -0.669846
317 381 0.0913133
317 396 -11.1929
317 398 -5.53733
317 406 2.45377
317 425 -0.00237189
318 328 0.0129647
318 332 0.0129678
318 335 -0.000332223
318 347 0.0254674
318 366 -0.127374
318 412 0
319 343 -4.43612
320 325 -4.48567
320 343 -1.23277
321 331 -4.3732
322 323 -1.66155
322 330 -2.71175
322 341 1.34772
323 341 -3.91844
323 345 -0.849093
324 327 -13.9254
324 349 1.18877
324 350 -4.8442
325 343 -5.53733
325 353 -1.27785
326 342 -3.15195
326 346 2.67526
326 356 -5.53733
326 364 0.899815
326 372 -0.042392
326 389 -11.0747
326 413 0.0416824
327 347 2.37779
327 350 2.22758
328 332 0.0491809
328 335 1.48912
328 338 -0.758016
328 412 0
329 339 0.483906
329 340 -0.00778178
330 341 -5.53733
330 348 -5.53733
330 359 -8.35456
330 368 -0.210882
331 352 -0.399835
331 354 -7.00598
331 357 -2.64699
332 335 0.518202
333 365 -0.500431
333 369 -3.01573
333 372 0.148121
333 383 -2.36822
334 381 7.16022
334 384 0.333529
334 425 -0.00948754
335 338 -1.27094
335 347 8.91687
335 375 7.03594
335 407 3.25316
335 412 0.415767
335 435 0.0224685
335 447 -0.0387907
335 480 -0.318104
335 482 0.876779
335 485 -11.0747
335 517 1.87003
336 337 -3.91844
336 355 -2.36822
336 373 0.219315
336 377 -2.31952
336 380 -2.7014
337 348 -4.76322
337 355 -4.14515
337 374 -10.3815
339 340 -12.7498
339 356 -11.7588
339 381 -0.125171
339 425 0
341 345 -5.53733
341 358 -24.5108
341 359 0.849093
341 379 -20.836
341 391 0.740165
342 363 -4.8442
342 389 -2.93164
343 353 -4.43612
343 385 -3.46924
344 353 -4.43612
344 360 -1.40139
345 358 -3.9739
346 351 1.09245
346 364 2.28083
346 372 -0.00248818
346 393 -0.258219
347 350 3.23149
347 407 1.29471
347 411 1.02458
347 412 0.0442374
347 423 3.89598
347 432 0.0267062
347 452 -1.3399
347 480 -0.00125509
348 368 -12.3047
348 374 -2.58569
348 378 -4.14515
348 395 -5.53733
348 400 -9.00216
348 418 -27.6867
348 445 -1.83706
348 459 0.669846
348 465 -3.01573
348 470 -2.85347
348 474 2.18405
349 350 -11.0747
349 358 -2.02352
349 370 -2.93164
349 371 4.37772
350 371 -10.3815
350 411 2.21652
350 432 0.00848275
352 357 -12.8269
352 376 -2.89273
352 387 -2.71175
352 390 -1.72077
352 396 -0.517023
353 360 -10.4002
353 385 -16.612
354 357 1.25517
355 374 -2.41897
355 380 -0.467445
356 381 -11.0747
356 413 -5.53733
356 420 -4.43612
356 427 -0.924411
357 367 6.39622
357 387 0.0353787
357 388 5.1508
357 399 -2.31952
358 370 -3.4674
358 371 -15.2257
358 391 -3.73241
358 404 -2.85347
359 368 -5.68149
359 379 -13.1912
359 395 -3.93424
360 361 0.169648
360 365 -1.0077
360 385 -0.444225
360 392 -0.120146
360 397 -0.278238
360 408 -0.165746
361 365 -2.29129
363 389 -1.57696
365 383 -5.53733
365 385 -0.296845
365 392 2.14321
365 397 2.77161
365 401 0.00756823
365 408 2.20227
365 415 0.0165691
366 412 -0.00843689
366 435 -1.00305
367 377 -8.5862
367 399 -3.73241
368 378 -0.00778178
368 395 0.793862
369 372 -2.34882
370 371 -11.7838
371 404 -2.85347
371 411 -4.8442
371 414 -5.53733
372 383 -5.53733
372 386 -0.258219
372 389 -4.43612
372 401 -0.247938
372 408 -0.0447108
372 413 -0.0920659
373 374 -7.4929
373 377 -3.78879
373 380 -4.91223
373 394 -4.43612
373 400 -12.7264
373 403 -1.42058
373 405 -3.57445
373 419 -4.69221
373 429 -4.14515
373 438 -3.43706
373 450 -3.55827
373 463 0.321795
374 380 -0.984146
374 400 2.75293
374 405 -0.289934
375 412 0.0483622
375 480 -0.00125509
377 394 -5.90713
377 396 -0.867703
377 399 -3.5714
377 403 -0.709266
377 406 0.226632
379 391 -5.53733
379 395 2.27269
381 384 0.109191
381 398 -8.39081
381 402 8.10996
381 420 4.38068
381 425 -0.011626
381 428 -5.94267
381 429 -0.00109112
383 392 -14.8071
383 401 -2.93164
384 425 -0.00237189
385 397 -2.60751
386 389 -10.3815
387 388 0.0921751
387 390 -0.0165133
388 390 -1.33798
388 396 -10.2656
388 399 -5.12098
390 396 -0.305845
391 395 -15.5108
391 404 -1.39593
391 410 -16.612
391 418 -5.53733
391 430 -2.78039
391 433 -2.93164
392 401 -2.24813
392 408 0.201711
394 403 -5.53733
395 409 0.951435
395 418 1.26197
396 399 -1.52308
396 406 -21.1344
397 408 0.053545
397 415 0.0365267
397 416 -5.80943
398 402 -5.53733
398 406 -8.97439
400 405 -1.7628
400 445 -5.88714
400 463 -4.8442
400 470 1.79633
400 472 -2.71175
400 474 -0.849093
400 481 -0.886457
401 408 0.377915
401 413 0.486839
402 406 3.05388
402 425 -0.00688218
402 429 0.348104
403 406 -6.57811
403 419 -0.722426
404 410 -4.85231
404 414 -1.32411
406 419 -8.35456
406 429 0.736801
406 438 0.305016
407 412 0.124567
407 432 -5.52449
407 435 0.000972387
407 447 -0.0186072
407 452 -2.08782
407 480 0.0109576
407 482 0.19501
407 485 -4.71812
407 517 0.191844
408 413 2.4754
408 415 0.93287
408 424 0.702505
408 434 -3.73241
408 441 -0.130228
410 414 1.16363
410 417 1.22407
410 433 2.32763
410 451 -0.098867
410 477 -0.40327
411 414 -3.1221
411 432 1.36762
411 443 1.97345
411 484 -0.0109066
411 485 0.154368
412 435 0.206498
412 447 -0.0579906
412 480 0.201085
412 482 0.0029164
412 517 0.153819
413 420 0.194654
413 425 1.70093
413 427 -14.5267
413 429 1.86875
413 434 -3.57445
413 437 1.27626
413 440 -1.13782
413 441 -0.130228
413 442 -2.96296
413 444 2.78039
413 446 -5.26363
413 458 -5.70694
413 460 -1.66155
413 462 -3.43706
414 433 0.0361599
414 443 -0.0204119
414 451 -0.217809
414 477 -1.15034
414 484 0.010282
414 485 -0.00559967
415 416 -0.0389131
415 422 -7.58221
415 424 -0.0539963
415 436 0.504679
415 441 0.101586
416 421 -0.190821
416 422 -2.71175
416 426 0.854407
418 430 -0.532677
418 439 -17.434
418 459 -6.0953
418 471 0.321795
419 438 -4.43612
420 425 0.147371
420 427 -5.53733
420 428 -2.85347
421 426 -0.0802325
421 431 -6.67435
422 426 -11.5757
422 431 -5.53733
422 436 -15.0453
423 432 0.00848275
424 434 -4.8442
424 436 -0.21643
424 441 -0.0542184
425 428 -14.9931
425 429 2.71155
426 431 1.69276
429 438 3.37667
429 449 -2.56635
429 450 -4.43612
429 453 -6.79215
429 455 -7.52399
429 456 -10.5319
429 460 -1.30083
430 433 -0.788221
430 439 -0.584119
431 436 4.05178
432 443 0.0109687
432 452 0.258637
432 485 1.96514
433 439 -9.45578
433 451 -5.68989
433 477 -0.145701
434 436 -1.25517
434 437 -2.06181
435 447 -0.00708162
435 480 1.62214
435 482 0.00137613
435 522 4.73848
436 437 -0.155622
436 441 11.3178
436 457 -0.0477231
436 461 2.06582
437 441 -0.622735
439 451 -8.35456
439 471 -4.8442
439 483 -9.84037
439 505 -7.04777
440 442 3.67711
441 442 5.73073
441 448 2.13341
441 454 5.60952
441 457 -0.22052
441 461 3.92718
441 464 1.88186
441 466 3.65516
442 446 2.90018
442 457 -0.043638
442 458 3.19111
442 476 4.43612
442 479 5.33244
442 493 1.41753
442 503 0.749168
443 477 0.0114772
443 484 -0.0694743
443 485 0.158372
444 458 -0.943623
444 462 -2.93164
446 458 1.48996
447 480 -0.0616449
448 457 -0.0252313
449 450 -25.9818
449 456 0.181338
449 468 10.2563
450 463 -7.04777
450 468 -4.14515
450 472 -8.98936
450 491 -9.97346
450 506 -3.91844
450 515 -4.8442
450 516 -3.20605
451 477 4.19414
451 505 3.70205
453 455 4.50162
453 460 5.14642
454 457 -0.019578
454 464 3.11512
454 466 1.81446
454 469 2.36822
454 475 1.49683
454 479 1.00204
455 456 1.71794
455 460 2.2274
455 467 15.5947
455 468 2.05836
455 478 6.27463
455 496 2.68309
456 468 0.294412
457 461 -0.0449199
457 464 -0.037203
457 466 0.0496011
457 479 0.116459
458 460 4.8442
458 462 5.7745
458 476 14.3196
458 499 3.43706
458 503 9.47097
458 509 9.97219
458 519 0.34226
459 465 -0.0312983
459 471 -1.75131
460 462 6.78067
460 467 3.59107
460 473 -0.924411
460 494 3.2304
460 504 3.47489
460 509 2.42646
461 464 2.53595
461 469 8.8693
463 472 -3.2744
464 469 5.37717
465 471 -0.365617
465 474 -2.85347
465 483 -0.0243426
466 479 4.43789
467 473 -2.08853
467 496 0.985191
467 504 0.982003
467 514 2.12077
468 496 4.98727
468 506 0.111438
469 475 2.93164
469 486 2.78039
469 487 0.0329029
469 492 3.46893
469 495 -0.849093
469 498 5.57571
469 500 7.1589
469 501 6.24074
469 513 3.56073
469 518 2.30005
469 521 1.2974
469 523 0.140263
470 474 -2.02653
471 483 0.0243426
472 481 1.73353
472 491 0.232733
474 481 0.2303
474 483 -14.9931
474 497 -3.91844
474 507 -0.01366
474 512 0.819072
474 520 -4.14515
475 479 3.91844
475 495 -0.0544849
476 503 2.02352
477 484 -0.171099
477 485 0.0203004
477 505 2.75959
477 510 -0.398664
479 488 16.1584
479 489 0.982543
479 490 13.0174
479 493 6.28714
479 495 -0.346047
479 498 15.4868
479 502 8.99007
479 511 3.73241
479 524 6.10063
480 482 -0.0314811
480 517 -4.23827
481 491 2.80857
481 497 -4.39174
484 485 -0.601027
485 505 0.581252
485 510 -0.393113
485 517 -5.53733
487 492 0.0120087
487 495 -2.31952
487 498 0.0365109
489 495 -0.669846
491 497 -4.87457
491 507 -0.0781465
491 512 0.711489
491 515 -5.16856
491 516 -3.91844
491 520 -5.53733
491 526 -5.53733
492 498 0.660049
493 502 4.18681
493 503 2.18676
494 504 0.247303
495 498 -0.32258
496 506 0.239597
496 514 3.60436
496 515 3.86297
497 507 -2.78039
498 500 0.423312
498 501 0.423312
498 518 0.624079
498 521 1.97249
499 503 0.467445
502 503 4.49053
502 511 3.74392
502 519 3.91844
503 508 2.95353
503 519 1.07438
504 509 9.00936
504 514 0.567919
504 525 0.582379
505 510 -0.327151
506 515 0.29518
507 512 -0.0456573
509 519 1.68877
512 520 -6.58588
514 515 0.186626
514 525 4.04791
515 516 -2.06181
515 526 -5.53733
518 521 1.66518
518 523 0.909802
520 526 -1.34772
