MULTICUT
0 13 -4.48673
0 22 -0.806118
0 26 0.711849
0 31 -5.46545
0 39 -1.57696
1 2 -0.434708
1 19 0.314542
1 20 1.06871
1 28 3.86248
1 62 0.354279
1 114 -0.123016
2 20 -5.36608
2 46 -0.434708
2 55 -9.87528
2 62 -2.36822
3 6 0.599383
3 18 1.91493
3 29 2.603
3 30 0.488056
3 35 -1.51585
3 36 -2.1061
3 44 0.0888505
3 52 0.147447
3 64 -7.14787
4 7 -0.78924
4 27 -0.93667
5 21 -4.70091
5 24 -2.36822
5 32 -0.517023
5 33 -3.71594
6 11 2.88307
6 17 0.029085
6 30 0.488056
6 52 0.147447
7 15 0.228281
7 27 0.988058
7 38 1.61601
7 47 0.0174207
8 24 -0.112478
8 37 0.513994
8 503 -1.21064
9 16 0.917557
9 22 -8.08472
9 51 -0.0584013
9 53 -0.0261042
9 56 0.901909
9 66 -4.53171
9 67 -7.12449
10 13 5.68703
10 23 -1.06988
10 40 3.80648
10 54 3.07365
10 90 0.0492431
10 97 0.0232147
11 17 2.80557
11 52 0.33832
11 60 0.0152834
11 75 -0.501108
11 76 0.187395
11 87 -0.0173654
12 16 4.22474
12 27 1.10487
12 59 -0.294889
13 39 0.302186
13 42 7.40197
13 54 1.71628
13 58 -0.566292
13 65 4.72401
13 83 -0.0129233
13 89 1.53771
13 90 -0.00637484
13 97 0.201029
13 98 -0.021045
13 121 -0.0180075
13 123 -0.00782079
13 129 0.471511
13 133 1.84324
13 134 -0.696036
13 161 -0.00193346
13 162 0.0663016
13 163 -8.58127
14 18 -0.794069
14 25 -1.44559
14 45 -1.50269
15 25 2.88454
15 38 1.52712
15 41 3.25337
15 73 -1.72953
15 77 -0.560062
16 34 4.0876
16 59 -2.85032
16 66 -7.29847
17 21 0.426982
17 43 3.40794
17 60 -0.154261
17 72 -4.21536
17 75 -0.111284
17 87 -1.52308
17 101 -2.41897
18 45 -0.687271
18 64 -1.49683
19 23 -0.27159
19 28 0.242097
19 40 3.95572
19 49 -0.314351
19 114 -0.028633
20 28 -0.00767381
20 62 -3.22664
21 33 0.568014
21 43 4.15489
21 50 2.05492
22 31 -2.31952
22 51 0.0194671
23 40 -0.109653
24 32 -0.340229
24 33 -0.656139
24 37 -0.196297
24 50 -1.77561
25 45 -0.193315
25 64 -0.130641
25 73 -0.116461
25 77 -1.07112
25 84 -0.113344
26 31 -3.23833
26 39 -0.258219
27 47 -3.04829
27 59 0.346967
28 40 -1.3843
28 49 0.563968
28 62 0.815556
28 93 0.718043
28 96 -1.1465
28 104 -0.04657
28 111 -0.00772541
28 114 -0.0812614
28 138 -0.0141157
28 144 -0.00540393
28 145 0.454256
28 149 -0.00562719
28 153 -0.0274512
28 175 0.0646976
29 35 -0.303033
30 36 -0.337785
30 44 2.87605
30 52 -0.227298
30 61 -1.91493
30 63 -0.687271
30 126 -0.0296611
31 39 -0.0402723
31 48 -2.4029
31 51 -3.73241
32 33 0.179024
33 50 2.39447
35 64 -1.44559
36 61 -3.01097
36 64 -1.54979
37 50 -0.0141881
37 57 0.0826847
37 503 -3.91844
38 41 1.55932
38 47 2.46199
38 69 0.0674275
38 79 -3.55499
38 94 -4.02591
38 95 -0.500431
39 48 1.16721
39 58 -0.73935
39 82 -0.159959
39 85 1.79397
39 98 -1.16715
40 49 -1.89903
40 93 1.32264
40 96 3.07213
40 97 -0.0107984
40 104 0.04657
40 113 -3.52711
41 73 -0.021242
41 79 -0.042484
42 58 -0.661588
42 65 4.18328
42 97 0.0269766
43 50 2.44843
43 71 3.41318
43 72 -5.34803
43 101 -0.0865881
44 52 -0.956633
44 61 -3.1957
44 63 -3.05516
44 88 2.11895
44 105 1.16724
44 125 -1.27785
44 126 -0.609109
44 140 0.147928
45 64 0.131504
45 77 0.235631
45 84 0.0112554
45 112 -0.000126367
46 55 -0.440128
47 59 -3.01581
47 69 1.46909
47 74 -1.96821
47 81 0.25537
47 130 -2.22758
48 51 -12.3069
48 82 -1.05305
50 57 2.33809
50 71 3.4716
50 86 4.30488
50 100 2.78515
50 136 0.00821246
51 53 -0.220211
51 67 5.24743
51 82 -0.058041
51 92 -0.348365
51 115 2.14198
52 76 2.7695
52 87 -0.0311445
52 117 -0.174096
52 125 -0.736191
52 146 -0.311396
53 56 -0.0261733
53 67 -0.1838
54 90 0.0310297
54 97 0.0807105
54 121 0.0969602
54 123 0.0446606
54 129 0.363125
54 133 0.80192
54 162 0.0903328
55 62 -1.14567
55 68 -1.42777
55 78 -0.00353149
55 80 -0.0129689
55 108 -1.0468
56 67 -0.847544
57 86 0.718548
57 120 3.07731
57 503 -8.58127
58 65 -0.460257
58 83 -0.971244
58 98 -3.57445
59 66 2.22758
59 74 2.26264
59 81 -0.127685
60 75 -2.33327
60 76 0.00989134
61 64 1.78247
61 105 -1.10372
61 112 -6.31835e-05
62 68 0.830503
62 70 -4.10828
62 80 -0.00194966
62 99 -0.81228
62 114 -0.0769317
64 77 2.11087
64 91 -0.309866
64 106 -0.0247771
64 107 -0.0544849
64 110 3.3989
64 112 -0.000757822
64 132 6.38498
64 155 5.46507
64 160 1.46607
64 211 3.11109
64 231 0.161178
64 237 -0.927316
64 238 -0.981094
64 248 -0.00732697
64 255 -0.00436624
65 83 -0.83062
65 97 0.0253889
66 67 2.64699
66 74 10.5016
66 103 -1.62996
67 103 -3.0031
67 115 3.11389
67 139 0.0415915
68 80 0.0446854
68 99 -7.27821
69 94 -4.43612
69 95 -3.39212
69 130 -5.53733
70 99 -0.24489
70 114 -0.48978
71 100 1.9475
71 101 0.602636
71 124 1.30314
71 136 0.522599
72 101 -1.00226
73 79 -0.127772
73 84 0.0479714
73 102 -0.322486
73 118 -0.2013
74 103 -0.0814183
74 116 3.27805
74 122 -0.550641
74 130 1.58786
74 137 -0.578561
74 147 -1.42058
75 87 -1.35666
76 87 -0.00611445
76 117 -0.617601
77 84 0.318737
77 102 -4.27876
77 112 -0.000331141
77 132 0.478279
77 141 -2.10127
78 108 0.00706291
78 109 1.25661
79 84 -0.0165048
79 94 0.415041
79 102 0.582192
79 118 1.96917
79 127 -0.156419
79 128 0.511225
80 99 -9.0844
80 108 0.337656
80 142 4.4759
80 168 -3.01573
82 85 -0.123044
82 92 3.96296
82 98 2.40557
82 119 2.53225
82 123 0.368586
82 131 2.18405
82 161 0.0918873
83 89 -0.0645648
83 98 -1.72077
84 102 -0.652519
85 98 -0.450834
86 100 -0.0019831
86 120 7.79606
86 136 -1.18231
86 169 -5.05652
87 101 -1.65626
87 117 -0.286066
88 125 -4.46121
88 126 -0.302049
88 140 1.55907
89 97 0.0122765
89 98 -0.832541
89 121 -0.00591839
90 97 -3.23879
90 113 -2.03272
90 163 -3.43706
91 105 -1.88061
91 106 0.619733
92 115 -10.6986
92 119 2.16052
92 131 2.36365
92 157 0.0104076
92 174 -0.308055
92 201 -0.141933
93 96 3.14827
93 114 -0.0241021
93 138 -1.06552
93 149 -2.4158
94 95 -4.55227
94 128 -0.0328048
94 130 0.688521
94 154 0.0152889
96 104 0.188113
96 113 -7.23778
96 148 1.75131
96 149 -5.76139
96 167 -3.91844
97 98 0
97 121 -0.00648518
97 123 -0.00221326
97 129 0.0228408
97 133 0.0230221
97 162 0.0160321
98 121 0.0286985
98 123 0.0410415
99 114 2.49158
99 145 0.192353
99 168 1.96301
100 124 0.128532
100 136 0.029015
100 158 -0.00148297
100 169 0
101 117 1.47764
101 124 3.1247
101 136 0.00954472
101 150 0.0353297
102 118 1.62284
102 127 -0.615603
102 141 0.837899
103 122 -0.5919
103 139 -6.28666
104 113 -0.189947
105 106 -1.2528
105 126 -1.01182
106 107 1.75445
106 110 -2.37392
106 126 0.923941
106 155 -0.368951
106 180 -0.844503
107 110 -0.483906
108 109 1.03421
108 142 1.48125
109 142 4.72052
109 213 -4.41968
109 244 6.39128
109 257 -0.0208135
110 112 -0.000187585
111 114 0.0360903
111 145 -0.0278682
112 132 -0.000253584
112 155 -0.000124401
113 148 -3.17847
113 163 1.81446
114 144 0
114 145 -0.153611
114 153 -0.0533216
115 139 2.03633
115 174 0.148121
116 122 -0.179458
116 135 -12.1876
116 137 -1.50455
117 124 0.217596
117 146 -0.504771
117 150 0.0136806
117 159 4.0951
118 127 -2.05094
119 131 2.9314
120 136 -0.365176
120 169 -4.14515
120 192 -1.34772
120 209 2.6726
120 217 -3.20499
120 224 2.72201
120 267 -0.090156
120 503 -4.14515
121 123 0.0650766
121 161 0.0151568
122 135 -5.53733
122 139 -5.18837
122 156 -0.195158
122 166 -6.11695
123 131 1.4544
123 134 0.00522908
123 157 0.148313
123 161 0.927512
123 187 -0.0476092
123 202 0.0596705
123 260 -0.0148219
124 136 -0.0571949
124 150 4.47228
124 158 0.123934
125 140 -0.221399
125 146 0.743944
126 140 -7.22542
126 179 4.22004
126 180 -1.86274
127 128 -0.920686
127 141 -0.502087
127 143 0.117437
127 152 2.47048
127 160 -1.10372
127 181 1.27224
127 191 2.4914
127 211 -1.04226
127 232 -1.44559
128 130 -2.71175
128 143 -2.14198
128 152 -3.89321
130 147 -1.91493
130 152 2.64699
130 154 1.52059
130 164 -0.0369863
130 173 0.0189129
130 203 0.0125575
131 157 0.0776507
131 161 0.00888889
131 170 2.39011
131 187 0.00167239
131 201 -0.0908219
131 202 1.14611
131 260 -0.0255638
132 141 -3.80353
132 160 0.305845
132 238 -0.00642402
133 134 -4.34277
134 161 0.844088
134 162 -0.174019
134 171 -4.53804
134 187 -0.124632
134 189 -6.47843
135 137 -3.01573
135 151 -3.57445
135 156 -6.41209
135 165 -1.57696
135 166 -1.69086
136 150 -0.585625
136 158 -2.43895
136 169 2.75379
136 177 -0.116857
136 198 -1.75809
136 219 -0.321795
137 147 0.583557
137 151 1.67547
137 165 -0.660513
138 144 0.0418223
138 149 0.0792399
138 153 0.103542
138 172 -0.00792971
139 166 -2.89083
139 174 3.41535
140 146 -1.69666
140 179 -0.487692
140 184 -0.579354
141 160 -5.2149
141 181 -0.509676
142 168 -0.253519
142 176 3.77206
142 207 1.48471
142 213 -2.47197
143 152 0.234873
144 149 1.49522
144 153 0.336827
144 172 -0.00792971
145 153 -0.0225281
145 168 0.23451
145 175 0.110701
146 159 -2.47197
146 179 0.804692
146 184 4.27684
146 190 0.0759661
146 199 -0.0843239
146 214 -0.0421619
147 164 -2.06181
147 165 -0.662437
148 163 -12.9146
148 167 -1.64358
148 185 -0.52694
148 195 -1.46362
149 153 0.325471
149 167 1.75726
149 172 -0.0891343
149 195 -1.8478e-06
149 208 -3.5509
149 216 1.26173
150 158 0.306811
150 159 5.35056
150 193 2.71134
150 198 0.583318
150 219 0.546832
150 242 0.585688
151 165 -1.65436
152 173 1.84714
152 191 1.75759
152 203 -0.764071
152 205 -0.203277
152 258 -0.19261
153 172 -0.00792971
153 175 -1.24367
153 216 1.42193
153 240 -8.30212
154 164 -0.307603
154 173 -0.00941354
154 186 0.683854
154 203 0.0492258
154 204 0.281465
155 180 -0.281979
155 200 -1.51259
155 220 -2.62681
155 231 0.0337492
155 237 -0.582064
156 166 -0.722426
157 161 0.0382308
157 170 -0.00365417
157 174 -0.042958
157 201 -0.432714
157 202 0.226761
157 260 -0.0220247
158 177 -3.61101
159 182 3.87701
159 190 -2.22758
159 193 0.224709
160 181 -0.601089
160 211 3.67675
160 238 -0.0133921
161 187 0.380055
161 202 0.294819
161 260 -0.13627
162 163 -4.11945
162 171 1.19311
162 185 -8.05818
162 194 0.132473
162 233 0.721784
162 246 0.0550439
162 250 0.192827
162 263 0.0447718
163 185 5.30153
164 165 -0.132481
164 178 -4.14515
164 186 -0.909406
165 166 -1.00226
165 178 -2.41749
165 197 -0.242411
165 206 -0.483906
166 174 -0.268031
166 183 1.04632
166 188 4.51838
166 197 -2.47197
166 212 -3.66824
167 172 -0.00806932
167 195 1.78487
168 175 5.33469
168 207 -0.507038
168 234 -3.70191
168 241 -0.0318609
168 253 -0.722426
169 192 0
169 217 1.02343
169 219 0.0273382
169 229 -1.7152
169 230 0.928654
171 194 0.794069
172 195 -0.852476
172 208 -0.398335
172 216 -0.0161165
172 222 0.953829
172 227 -1.47101
173 203 -2.08963
174 183 -6.97775
174 188 -0.61051
174 201 2.42843
174 221 1.63862
175 234 -3.8933
175 240 -2.36822
176 207 1.7472
176 213 -3.00565
177 198 -1.72077
178 186 -1.23277
178 206 -1.84714
179 180 -1.58087
179 199 -0.130843
179 214 -0.0415387
180 196 -2.31293
180 199 3.03388
180 200 -0.101248
180 214 1.08303
180 215 3.7059
182 190 -1.17554
182 193 0.55319
182 235 -2.1421
182 243 -1.52594
182 245 -6.81581
183 188 1.16528
183 201 -0.56723
183 221 -0.740165
183 223 0.643596
184 190 0.209591
184 214 1.32986
184 243 3.43856
185 195 1.21196
185 222 -0.0602688
185 233 -1.64671
186 203 0.214145
186 204 2.11024
186 205 1.66477
186 206 0.0272652
186 249 -11.3904
186 268 -0.242411
186 289 -7.21242
186 311 -4.8442
187 189 0.258219
187 202 0.0584503
187 210 -0.00846524
187 218 -0.172119
187 226 -0.0671058
187 260 -0.0774259
188 212 -0.0304575
188 223 0.136326
188 236 -9.4291
188 239 1.62794
189 194 -3.49609
189 218 -3.43076
190 243 0.587801
191 205 -0.0374392
191 232 -10.0019
191 258 -1.00833
191 289 -4.0117
191 302 -2.95797
191 310 0.218573
191 338 -0.0535768
191 342 -0.0707046
192 217 -0.096631
193 219 0.951853
193 235 -0.138292
193 242 1.13916
194 218 2.07624
194 226 0.497703
194 246 3.35633
194 262 6.42964
194 282 -1.06254
194 283 -3.35594
195 222 -1.82735
195 233 -4.94836
196 200 -0.687271
196 215 -0.467445
197 206 -3.10675
197 212 0.0697449
197 225 -2.3574
197 239 -3.76861
197 252 -1.91493
197 266 2.02941
197 297 -1.68196
197 319 0.0431986
198 219 0.0790468
199 214 0.492663
200 215 -0.675957
200 220 -0.337785
200 237 -1.05006
201 202 -7.57297
201 223 -5.21959
201 259 -1.54979
201 269 -0.943623
202 259 -5.08013
202 260 -5.19645
202 269 -4.8442
203 205 0.0362039
204 206 0.110828
204 247 -1.47841
204 249 -0.0716177
204 256 -0.143262
205 258 -1.29966
205 289 -0.369897
206 225 -0.11846
206 247 -9.57817
206 252 2.377
206 266 -1.45182
206 291 1.41567
206 303 -1.07777
207 213 -2.18642
207 241 -8.44606
207 257 -0.0284682
208 216 -0.606388
208 222 -5.5772
208 227 -0.533685
208 228 5.07039
208 270 -0.83062
208 288 1.02079
208 304 1.65773
208 312 -0.0185262
208 314 0.177485
208 316 -0.0573793
208 320 -0.073819
209 224 3.11701
209 267 -2.14233
209 503 -14.5326
210 218 0.00497302
210 226 0.588732
211 232 3.84023
211 238 -0.209131
211 285 4.24922
211 307 0.0981094
212 239 -0.663334
213 244 -3.20605
213 257 -0.319396
214 215 2.47197
214 243 0.0114886
214 251 -4.62112
214 272 -3.15237
215 237 3.08227
215 251 -2.88667
215 255 0.391859
215 261 -2.94933
215 284 2.93164
215 287 -2.93164
215 294 2.06181
215 309 -9.7959
215 324 -1.09275e-07
216 228 -2.98322
216 240 -5.0205
216 265 -0.687271
217 224 -0.235782
217 230 5.64032
217 275 -0.0162757
218 226 0.162279
218 262 0.00988732
219 230 1.15889
219 242 1.2093
219 278 0.232884
219 290 -0.232825
219 305 -0.232767
220 237 -0.179458
222 227 -2.85367
222 233 -0.0279884
222 270 -0.0250495
223 236 -3.20966
223 264 3.40501
223 269 -0.457205
223 280 1.64913
224 267 -0.0776698
224 275 -1.81496
224 296 -0.172678
224 392 -0.00072906
225 252 -0.23692
226 260 2.77299
226 262 3.60503
226 276 0.957903
226 281 2.55576
226 322 -0.0954912
226 331 -0.0255207
226 352 0.0142605
228 265 1.39401
228 314 0.184271
228 316 -0.0342672
228 320 -0.187497
229 230 -0.824479
230 275 0.113074
230 286 0.233395
230 290 0.223128
231 237 -0.522514
231 238 -0.0162673
231 248 0.0172896
231 255 -0.00422274
232 285 1.1095
232 302 -0.217746
232 307 0.435492
233 246 -0.0279766
233 250 1.12291
233 263 3.2709
233 270 1.16825
233 288 -1.28291
233 312 2.0623
233 318 12.4437
233 332 10.789
233 416 4.30821
233 433 8.87224
233 434 3.71545
233 468 2.58569
233 477 3.26806
233 511 2.10058
234 240 3.93901
234 253 1.00251
234 254 0.77449
234 271 2.73385
235 242 -8.12373
235 243 -2.60248
235 245 -3.10675
235 293 -0.0295987
235 298 -2.74458
236 239 -0.085809
236 264 -0.890041
237 238 -0.18865
237 248 -0.0468021
237 255 0.165392
238 248 0.00732697
238 255 -3.40525
238 273 -0.0544849
238 279 -1.39593
238 285 -3.06209
239 264 0.106968
239 297 0.0109484
240 254 1.10726
240 265 -2.85347
240 277 0.149064
240 295 -0.0414839
241 253 -4.62662
241 257 0.695771
241 271 -3.43706
242 278 3.68903
242 293 0.368947
243 245 2.78039
243 272 -3.55155
243 298 0.0524161
243 313 -0.31314
243 315 0.413808
243 317 0.871059
243 345 -0.0721744
244 257 -1.13766
244 301 0.17487
244 306 10.199
246 250 -0.00514833
246 263 -0.536815
246 274 -3.69859
246 282 -0.330473
247 249 -0.337785
247 256 -4.55703
247 303 -2.22758
247 308 -0.0544849
248 255 -1.30201
249 256 2.87108
249 268 -5.18837
249 308 0.241648
249 311 -1.44532
250 263 0.0102967
251 261 -3.73764
251 272 0.0745131
251 284 -0.0700634
251 324 -0.451047
251 329 -0.447884
251 335 -0.847762
251 340 -0.962998
252 266 -1.63282
253 254 0.128092
253 271 2.29888
254 271 0.555202
254 277 5.70534
254 292 0.857345
255 273 -1.32411
255 287 -4.05142
257 271 -1.69086
257 301 -1.93917
257 306 -0.156767
259 269 -2.51326
260 269 0.336037
260 276 2.80476
260 327 0.143246
260 352 -0.0160622
261 284 -1.81446
262 283 -3.40085
262 322 -0.0683768
262 328 -0.023346
262 331 -1.78788
263 274 -1.20324
263 282 -1.49683
263 300 -1.40372
263 323 0.00602059
263 332 1.53819
263 344 0.362868
264 280 2.28972
264 297 5.6447
264 299 -0.419182
264 325 2.23358
264 334 0.00559844
264 347 0.0294432
265 295 -5.19936
265 316 -0.0540397
266 297 -0.211257
266 303 0.0151551
266 319 2.15107
266 334 -0.0213713
267 275 -0.0210837
267 296 -0.00534947
267 337 0.0225972
267 360 0.00119109
267 392 0.00108514
267 408 0.0532771
267 503 -4.43612
269 280 -0.914411
269 299 -1.12464
269 326 2.44274
269 327 0.171934
269 352 -0.0160623
270 288 -0.336094
271 292 4.61324
271 301 3.19439
271 306 7.9446
271 318 9.14294
271 378 7.39124
271 386 4.43612
271 416 1.72077
271 427 7.76755
271 431 1.0063
271 435 2.78039
271 439 -1.16664
272 315 -0.0212197
272 317 -0.166832
272 329 -0.137616
272 335 -0.104638
273 279 -1.80666
273 285 -2.78039
273 287 -1.28771
273 309 -0.35007
273 341 -1.47101
274 282 -0.740165
275 286 1.89578
275 296 1.66574
275 358 4.04007
275 360 0.968489
275 392 -0.484244
275 412 -0.0121681
276 281 3.13375
276 322 0.605437
276 327 -0.31973
276 339 0.661835
276 352 1.412
277 292 0.732679
277 295 -3.94649
277 318 2.8912
278 290 -0.148646
278 293 0.121408
278 298 -3.01573
278 305 -2.16838
278 333 -2.51568
278 353 -0.128635
279 285 -2.59481
280 299 -0.20996
281 322 -0.000595712
281 352 0.00110943
282 283 1.15853
282 300 -6.03839
283 300 -2.36822
283 328 4.88352
285 307 5.49437
285 341 -0.618144
285 348 2.31604
285 351 0.850076
285 366 1.67819
285 402 0.853399
286 290 0.927635
286 321 7.56556
286 358 0.00613828
286 360 0.100903
286 393 0.486999
286 412 -0.0829003
287 294 -0.446908
287 309 0.729192
288 304 0.0513179
288 312 -0.65881
289 307 0.0116953
289 310 -0.260435
289 311 -1.12341
289 338 0.495713
289 342 0.0538513
290 305 1.96192
290 321 2.3537
291 303 -0.428558
292 318 0.148121
293 298 -2.52395
294 309 -2.06501
295 318 -1.30083
296 337 0.0201602
296 360 0.000544727
296 392 -0.00178767
296 408 0.0390133
297 319 -0.251548
297 334 0.0334162
298 313 -0.490767
298 333 -2.58908
299 325 -0.418445
299 326 -1.34772
300 323 -1.02216
300 328 -4.64091
300 344 -2.52745
301 306 2.09201
302 307 -1.1258
302 310 -0.438786
303 308 -2.4076
303 319 0.0736679
303 346 1.53438
304 312 0.050934
304 320 -0.0367665
305 321 4.23065
305 333 1.08928
305 353 5.40342
305 355 1.43373
305 359 0.751479
306 399 4.808
306 407 5.46058
306 411 5.10721
306 418 -0.396226
306 439 -3.28441
307 310 -5.29411
307 336 4.55097
307 342 2.90674
307 348 8.23094
307 366 3.54511
307 402 0.161278
307 441 4.74161
308 311 -0.141615
308 330 -0.091446
308 346 -2.10127
309 324 0.258219
309 340 -2.18405
309 341 -5.53733
309 343 3.00815
309 351 -3.43706
310 338 -0.109004
310 342 -2.77749
311 330 0.564658
311 338 0.0523259
311 342 2.78725
311 354 2.86523
311 376 -0.669846
312 318 1.30083
312 320 0.867247
313 315 -0.109901
313 317 -0.20773
313 333 2.7397
313 345 2.50454
314 316 -0.0305228
314 320 -0.637838
315 317 1.04296
315 345 -0.0633966
316 318 -7.82928
316 320 -5.29648
317 329 0.254571
317 335 1.3449
317 345 -0.181126
317 350 -0.0201027
317 361 0.42155
318 320 4.23813
318 416 6.54202
318 431 2.01167
319 334 -3.01787
319 346 0.328143
321 355 1.54979
321 359 1.15522
321 393 0.942797
321 412 0.854861
322 327 -0.0236246
322 328 0.499972
322 331 3.39451
322 339 3.67043
322 352 0.248077
322 372 -0.116178
322 384 0.0284475
322 385 0.973024
322 391 -3.61581
323 332 0.0237122
323 344 0.0238973
324 340 -2.34205
325 326 4.68148
325 334 -0.00819322
325 347 0.0881485
325 356 3.41956
325 371 1.63741
325 377 -6.48256
325 389 -0.722426
325 390 -1.27785
325 395 0.695312
326 327 2.42999
326 352 -0.127414
326 368 -6.36817
326 390 -4.51927
327 339 -0.0359367
327 352 -0.385928
327 368 -2.36822
328 331 0.0590286
328 332 -8.15956
328 344 -3.43706
328 357 1.01462
328 363 -4.43612
328 373 -0.306901
328 385 0.141891
328 428 -1.42058
329 335 0.978619
330 346 -1.85391
330 354 5.70541
330 382 -3.55343
330 383 0.107868
330 415 0.484576
330 442 1.97453
330 462 -2.22758
331 352 0.0287724
332 344 3.35619
332 357 -5.53733
332 363 5.25236
332 373 -5.08013
332 401 8.86322
332 468 3.70953
332 490 2.78039
333 345 6.79717
333 353 8.07359
334 346 -8.03145
334 347 -0.0294692
334 349 2.24038
334 356 -0.346859
334 367 -0.204685
334 370 -4.43612
335 340 0.150493
335 361 1.25619
335 362 0.0978541
335 365 0.616146
335 375 0.292404
335 379 1.12141
335 380 -0.389386
335 388 -0.402605
335 397 -5.02909
337 360 -0.00497314
337 392 0.707941
337 408 0.0743736
338 342 2.2423
338 369 0.0778898
338 376 -0.202939
338 443 1.55932
339 352 0.467565
340 343 -0.867703
340 362 0.856559
340 379 0.0574091
341 351 -1.41118
342 369 1.84696
342 376 -0.601089
342 426 1.98633
342 441 1.60035
342 443 5.3841
342 482 1.93444
342 494 -0.692321
343 351 -5.53733
343 362 -3.03388
345 350 -1.54979
345 353 2.64699
345 364 0.467445
345 374 3.49822
345 406 0.304616
345 423 0.535762
345 430 0.620281
345 446 -0.33436
346 370 0.378392
346 382 0.445998
346 383 0.073592
347 356 0.10773
348 366 1.29543
348 402 0.0820755
349 356 -3.14751
349 367 -6.24036
349 370 -14.5404
349 419 -1.7027
350 361 -0.00415074
350 364 -1.60463
351 362 0.0183215
351 366 0.265125
351 379 2.341
351 397 -1.69086
351 402 4.96322
351 404 -2.71175
351 425 1.54979
352 368 -15.5108
352 372 -0.0273219
352 384 2.42604
353 359 1.35827
353 406 2.36138
354 376 -2.17055
354 414 0.0477549
354 442 5.04579
354 443 5.28113
354 496 -0.0923487
355 359 0.278244
356 367 0.85548
356 395 0.694494
356 398 -1.15983
357 373 -7.77497
358 360 3.49703
358 412 -0.121264
359 393 0.55042
359 406 4.7082
359 412 0.450768
359 417 0.902628
359 423 3.17051
359 440 4.96572
359 450 0.390761
359 456 -1.23377
359 470 -5.36922
359 471 2.84456
359 492 -0.189007
360 392 -7.02068
360 408 -0.127474
360 412 -2.74558
361 364 -2.41897
361 365 0.0453587
361 374 -3.22833
361 380 -0.705482
361 381 -1.39593
361 387 -3.76103
362 379 0.164678
364 374 0.0700632
365 375 0.0327632
365 380 -0.29196
366 402 0.782196
366 413 0.874968
366 441 1.34585
367 398 -4.34557
367 419 0.682944
367 420 -0.190121
367 445 -0.151934
368 384 -8.64408
368 390 -0.0390611
368 396 2.96089
368 400 -1.75673
368 405 -1.74413
369 376 -1.98633
370 383 0.00619168
370 394 -0.736203
370 403 0.0156893
370 419 0.100997
370 445 -0.0116432
371 377 -1.32411
372 384 -0.127227
373 401 -0.226632
373 421 -1.23899
373 428 -1.14578
373 429 -1.63282
374 381 -0.179458
374 387 1.33322
374 423 -0.0151091
374 430 -0.00922136
374 436 0.466734
374 446 -0.330005
374 450 -0.0933409
374 451 4.62121
374 456 -0.769181
374 460 0.685903
374 493 -0.287912
374 520 0.154298
375 380 -0.190548
375 388 -0.345709
376 414 -0.258219
376 443 -1.14578
377 389 -2.02352
377 395 -2.39634
377 410 -5.94737
378 435 3.59343
378 439 -1.05799
378 448 1.14578
378 469 -0.223182
379 397 -4.33752
380 387 0.00517195
380 388 -3.45794e-05
380 409 0.00347637
381 387 -0.532677
382 383 0.00797274
383 394 -2.58569
383 403 -4.91873
383 415 2.80182
384 391 -4.43612
384 405 -2.06181
385 391 -4.5777
386 427 0.402198
387 388 -0.0722909
387 409 0.433797
387 436 0.660741
387 451 4.07683
388 397 1.30504
388 409 -9.84738
388 444 1.1738
388 449 0.422533
389 390 -0.886457
389 410 -0.402198
390 400 -0.00188871
390 405 0.0212234
390 410 -1.19339
390 422 -1.16236
391 405 -1.63282
391 428 -3.15294
391 438 -0.359383
392 408 2.79395
392 466 -2.01166e-07
393 412 0.545561
394 403 -0.0287185
394 419 -0.0161561
395 398 -1.74133
395 410 -6.30214
395 420 0.261794
395 437 -6.91478
395 452 -2.18405
396 405 -0.581479
397 404 0.411708
397 424 0.0155658
397 425 -2.40312
397 444 0.297656
397 449 0.0774489
398 420 -0.599489
399 418 -0.396226
400 405 -2.02714
401 421 7.48808
401 428 2.85347
401 429 1.64666
401 468 4.14515
401 490 2.10127
401 498 9.01633
401 510 10.1962
401 548 1.69086
402 413 0.28904
402 425 4.61281
402 441 0.760029
402 485 -1.1777
402 489 -0.0939196
403 415 -0.806166
403 419 1.0309
403 445 -0.173692
403 457 2.70377
403 467 -1.95577
403 475 -0.00157642
404 425 -1.16715
404 449 0.00872118
405 410 -0.0140116
405 422 -0.249407
405 432 -0.0548723
405 438 -0.555268
405 455 -0.0616778
406 423 4.63287
406 446 -0.0385586
407 439 -0.913381
407 453 -0.17582
407 465 2.62338
407 478 0.278704
407 499 3.14352
408 412 -0.382558
408 466 -1.32919
408 503 -2.26479
409 449 -0.337785
409 451 2.23787
409 461 -2.91945
409 509 0.49647
409 547 1.19488
409 567 0.0170424
409 586 -0.132133
410 422 1.51149
410 447 0.00701259
410 452 0.84151
411 418 -0.775982
411 439 -1.91493
412 440 1.02216
412 458 -10.0024
412 466 0.534701
412 500 -1.24621
412 503 1.7224
412 508 2.12073
412 533 -0.55042
412 577 0.0685803
413 441 0.778845
414 443 0.0955098
415 457 -1.05136
415 462 -2.38357
416 427 6.44416
416 431 3.83116
416 476 3.41998
416 477 4.14515
416 479 0.497914
416 488 5.83338
416 511 0.779534
416 513 6.88981
416 515 0.699576
416 527 0.924411
416 532 3.32983
417 440 0.00768433
418 439 0.163779
419 420 -0.783636
419 445 -0.763519
419 467 -0.0117033
420 437 -1.19264
420 445 0.0714738
420 452 -4.51808
420 454 0.753349
421 429 9.78811
422 432 4.97273
422 447 1.52072
422 455 -2.36822
422 459 -0.56723
422 463 2.19776
422 464 6.13554
423 430 0.576717
423 446 -0.00845789
423 450 0.542939
423 456 -0.154324
423 460 -0.054268
424 449 0.140742
425 449 -2.31952
425 473 -3.20605
425 474 -0.947757
425 489 -0.0137747
425 501 1.05994
425 507 -4.99395
426 443 2.02352
427 435 7.4929
427 476 1.27785
428 429 11.0193
428 438 6.94752
428 455 2.80231
428 491 2.33201
428 510 6.87353
428 554 3.37375
428 566 2.30833
428 581 0.0878201
430 446 -0.2046
430 460 -0.0184427
435 469 -0.892726
435 476 1.37076
435 480 5.91825
436 451 0.981916
437 452 1.75596
438 455 3.03053
439 448 -1.16856
439 453 4.64801
439 465 -0.130101
439 469 0.253544
439 472 -0.0537381
439 484 4.40276
440 458 -3.19688
440 470 -2.45288
441 482 1.71623
441 485 -0.601089
441 487 -3.25955
441 494 -0.911013
442 462 -6.5728
442 475 -4.6283
442 495 0.185629
442 496 -0.836223
442 506 2.49123
442 512 -3.35222
443 494 -0.243107
443 496 -0.594798
443 512 -3.89594
444 449 0.0525351
445 454 -1.55016
445 467 0.493921
446 450 -0.0169158
446 456 -0.0020947
446 460 -0.165677
447 452 -1.35089
447 463 0.680279
447 464 0.218698
447 486 1.01169
447 521 -0.00290995
447 534 -0.0189778
448 469 -0.353819
449 461 10.2891
449 473 2.90107
449 474 -1.63282
449 501 -9.69693
449 522 1.48622
449 524 0.417412
450 456 0.0289108
450 460 -0.0276226
451 493 -0.869877
451 509 0.123557
451 517 6.90205
451 520 2.20907
451 547 2.17193
451 579 0.771727
452 454 -1.18877
452 481 -0.00432109
452 483 2.79865
452 486 -1.23588
453 465 -0.0615209
453 472 -0.0225126
454 467 -2.72978
454 483 -0.106461
454 497 2.92095
454 504 -0.180807
454 531 -0.877556
455 459 -1.46521
455 491 6.33466
455 581 0.422862
456 471 -2.05895
456 493 -0.770342
457 462 -0.0482798
457 467 -8.74344
457 475 -0.0343588
458 470 2.86021
458 500 -0.101248
458 516 0.0948031
459 463 -1.37165
459 464 -3.66625
459 491 -0.241335
461 522 3.3726
461 524 0.301787
461 567 -0.298965
462 475 -9.53443
462 495 -0.735956
463 464 7.64979
463 486 1.90912
463 491 -1.08303
463 502 -1.97943
463 519 -0.176909
463 521 0.00430808
463 534 -0.0138031
464 521 0.00260117
465 472 0.687543
465 478 0.674767
466 503 0.392444
466 577 0.0832048
467 475 0.107619
467 497 -0.754414
468 511 4.32034
468 513 0.229261
468 532 1.61496
468 545 1.2296
468 548 0.765738
468 558 -2.85347
468 559 -0.280683
468 589 -2.06181
468 606 -0.00507743
468 612 -1.30135
469 480 -0.81228
469 484 0.507088
470 492 0.722426
470 516 1.49661
471 492 -0.509066
471 493 2.55119
471 516 -0.00562084
471 530 0.134761
472 478 7.57124
472 484 -2.05647
472 528 -2.76685
472 529 -0.0433026
473 474 -2.64699
473 501 -4.14515
475 497 -1.80003
475 506 -3.7599
475 535 -0.274614
475 541 -5.5098
475 552 0.804875
476 479 1.07775
476 480 4.66852
476 515 3.79224
478 499 2.57919
478 528 -0.0222771
478 529 -0.273249
478 569 1.3598
478 582 0.117952
478 605 -0.00596993
479 480 0.162683
479 515 1.83918
480 484 -5.27406
480 505 4.01514
480 515 3.70685
480 528 -2.64699
480 532 0.502727
480 546 0.678344
480 555 3.72363
480 561 -2.31848
480 568 1.14414
481 483 -0.0382955
481 486 0.0939457
482 494 -2.1548
483 486 -0.235812
483 504 0.377656
483 542 0
484 528 -0.655379
484 546 -1.8558
485 487 0.733213
485 489 -0.226632
485 507 -0.990853
486 504 0.600784
486 519 -0.0546737
486 521 0.938455
486 523 3.72829
486 534 0.0835175
486 542 0
486 551 -0.141119
486 556 1.91591
486 570 -2.22758
487 494 0.421873
487 507 -0.109767
487 518 -0.913632
487 526 -5.68358
487 537 0.342932
488 513 8.91972
489 507 -0.197076
491 502 3.94244
491 514 3.43706
491 519 -0.111495
491 534 -0.791197
491 553 5.95461
491 566 0.162455
491 570 4.83749
491 581 3.2513
491 595 -1.79008
492 493 -0.0197868
492 516 4.07054
492 530 -0.135857
492 536 0.107669
493 517 -0.313306
493 520 -0.859146
493 530 0.266929
493 538 0.533685
494 512 0.33718
494 526 -2.2668
494 539 -1.04445
496 512 0.226632
497 531 -5.43469
497 542 -2.85347
497 552 -1.81446
500 516 -2.14198
500 533 -0.83062
501 507 -1.34772
501 524 -1.70046
502 519 -0.00722789
502 534 -0.0078401
503 508 1.25809
503 525 14.2656
503 533 -2.28574
503 577 0.854069
503 578 -1.52239
504 523 1.2126
504 531 -0.687035
504 542 0.374261
504 551 -0.14096
506 512 -1.88812
506 535 -0.553305
506 540 0.289934
506 541 -4.8442
506 580 -0.422898
506 591 0.106696
507 518 2.36539
507 524 2.80988
507 543 0.286976
507 549 0.286186
508 533 -7.63074
508 577 0.0685803
510 548 1.32904
510 554 0.532254
510 558 -3.39328
510 576 7.0192
510 588 2.11055
511 513 2.20266
511 612 -0.10411
512 539 -1.68076
512 540 -3.24537
512 550 -0.260734
513 527 2.78039
513 532 4.20181
513 545 7.03824
513 612 -0.10411
515 532 7.35651
515 555 2.2995
516 530 -0.0424482
516 533 -0.950932
516 536 1.27883
516 544 2.75019
516 560 0.69668
516 564 0.103406
516 593 0.0305937
516 617 0.0633435
517 520 3.46774
517 530 -1.32411
517 538 -2.52745
517 557 -5.65424
517 579 0.00572187
518 526 -0.0518587
518 537 -5.96046e-08
518 549 -0.167484
519 534 0.590632
519 570 -0.0487103
521 534 3.22501
522 524 4.97787
522 543 0.617643
522 567 -0.597927
522 572 -0.336545
522 586 -0.357924
522 592 1.14888
523 531 0.00468092
523 542 0.117363
523 551 -0.282078
524 543 2.85022
524 549 0.411385
524 592 -0.161678
524 613 -0.185264
525 533 -0.133226
525 577 2.31909
525 578 -0.418385
525 607 -0.0981583
525 648 -0.387531
526 537 -1.51912
526 539 1.54078
526 543 0.252898
526 549 0.152563
526 565 0.107112
526 573 0.00995405
526 590 0.0340217
527 532 1.04226
528 529 2.65081
528 546 -3.57445
528 568 -2.22758
528 575 0.0829823
528 583 -4.5305
528 585 -3.24054
528 602 -0.0904598
529 569 -1.03042
529 582 -0.551515
529 585 -0.652519
530 536 -4.31662
530 538 0.584119
530 557 -0.434708
530 563 6.19362
530 564 0.28607
530 593 1.14448
530 615 1.18886
530 630 -0.0014012
530 639 -0.299961
530 649 -0.00592523
531 542 0.686023
532 545 0.666965
532 555 0.490134
532 583 -0.602643
532 594 -0.619275
532 610 0.699992
532 612 -0.105023
532 637 1.52054
532 654 1.00434
532 656 -4.76723
532 674 7.07122
533 560 -1.71759
533 578 0.289934
534 556 0.163623
534 570 -3.59658
534 571 -1.242
535 541 1.27699
536 544 1.33345
536 564 1.56139
536 593 -0.000534791
539 540 0.00966764
539 550 1.59326
539 565 0.0114298
539 574 0.79525
539 587 -1.79979
539 590 -3.09463
540 550 0.00240198
540 574 0.0548244
540 580 -0.274059
541 552 -3.703
541 584 -2.41437
542 551 -0.704796
542 552 2.02184
542 562 -4.36606
542 570 -8.31773
542 584 -0.194895
542 598 0.243576
542 609 2.4043
543 549 2.10344
543 573 -0.292851
543 592 -0.0276745
543 613 -0.704438
543 623 -0.456071
545 612 -0.10411
547 557 -0.913699
547 567 0.0364661
547 579 5.20527
547 586 -2.26971
547 608 -0.0829746
548 558 -0.66452
548 559 -0.0900416
549 573 -0.171343
551 570 -2.10127
552 584 -0.519368
553 581 0.422862
554 566 1.98882
554 576 1.18101
555 561 -0.877696
555 594 -1.37819
556 570 -3.61048
556 571 -2.02352
557 563 -0.722426
557 579 -0.882629
557 597 -0.982543
557 599 5.53792
557 608 -0.00454537
557 634 0.643983
557 694 -0.0067004
558 559 -0.625374
558 588 -4.60921
558 589 -0.210882
560 564 -3.64464
560 577 2.84736
560 578 0.159355
560 593 -0.687156
560 617 0.681745
560 621 -1.90204
560 626 0.185745
561 568 -2.77929
561 583 -0.486285
561 594 -0.0969978
562 570 -4.14515
563 597 2.19656
563 599 -3.01429
563 615 3.2066
563 630 -0.0145423
563 649 -0.0270513
564 593 2.64764
564 617 -9.69513
564 639 -0.0361982
565 573 7.01913
565 590 1.3043
565 596 4.41815
565 640 2.52745
566 576 1.43722
566 581 3.64131
566 601 -2.36822
566 620 -6.73084
567 572 0.0279907
567 579 0.00910786
567 586 0.0139953
568 575 -0.0829769
568 583 2.57511
569 582 3.98571
569 605 -0.0306471
569 619 -1.02595
570 571 4.67874
570 595 -0.451047
570 604 -14.9931
570 609 -5.53733
572 586 0.268655
573 613 5.01636
573 640 6.57096
573 644 0.223482
574 580 -8.98936
574 587 -4.14515
574 600 0.500431
575 583 -0.331919
576 588 0.364311
576 620 -0.274059
577 578 1.11815
577 607 -0.160318
577 611 -0.0714122
577 621 -2.60288
577 638 -5.79039
577 648 -0.197137
579 599 -0.0570108
580 591 -0.0413991
580 600 -1.40318
580 622 -5.53733
580 628 1.57147
580 629 0.200763
580 631 1.52637
580 655 0.118918
581 595 -1.06254
581 601 -4.96465
582 585 0.0417545
582 605 -0.0898692
582 619 -0.317773
583 594 2.62214
583 602 -3.13607
583 646 -2.29366
583 665 0.67584
583 674 0.485407
583 683 -0.056989
583 690 -1.66155
584 591 -4.8442
584 598 2.11337
584 603 3.08359
584 609 0.206112
584 622 0.203361
585 602 1.53059
585 605 -7.26028
585 614 -2.78854
586 592 0.037725
586 608 -1.99749
586 625 -0.982576
586 627 -0.849093
587 590 -5.69494
587 600 -2.06075
588 589 -1.2945
588 620 -2.4019
589 606 -0.756017
589 620 -1.44559
590 596 0.579917
590 600 0
590 616 -1.00359
591 622 -4.8442
592 613 -2.28787
592 623 -0.0821108
592 627 -6.71047
592 653 0.0646248
593 639 -0.312292
594 654 -0.451628
594 674 -0.0135618
595 601 -0.195158
595 604 -0.533685
595 618 -0.258219
595 620 -4.53881
596 616 -3.43706
596 631 2.3107
596 632 -0.383929
596 640 6.45789
597 599 -1.81446
598 603 1.21921
598 609 1.25456
598 622 0.276732
598 645 -16.8625
598 650 0.188471
598 658 -4.8442
598 667 -1.91493
599 615 -6.33121
599 634 4.4337
599 649 -0.704796
599 676 -1.19772
600 616 0.00385902
600 624 -0.032409
600 631 -0.141621
601 618 -0.494604
601 620 -0.328516
602 605 -0.758016
602 646 -2.47197
604 609 1.51732
604 620 -11.7253
604 633 -1.08723
604 636 -6.85009
605 614 3.57445
605 619 0.190636
605 635 3.14738
605 643 2.55565
605 646 0.0976628
605 651 0.133238
606 612 0.0583101
606 620 -0.810253
606 641 -0.772977
607 611 0.0514861
607 638 0.0627401
607 648 0.507812
608 625 -0.462511
608 634 -0.416259
609 620 -3.43706
609 650 7.01468
609 672 4.96444
610 612 -0.24861
610 637 0.0123308
610 642 -0.066705
610 652 -0.0389131
611 638 0.225575
611 648 0.0742075
612 620 -0.0506234
612 641 -0.603397
612 642 0.030537
613 623 0.163389
613 640 0.969728
613 644 0.895085
613 653 -0.867962
613 671 0.905532
613 688 1.26032
615 630 -0.64793
615 649 -1.20401
616 624 -2.10226
616 632 -1.14578
617 621 -0.196866
617 626 0.235957
617 639 -1.53471
617 659 -0.0108073
617 663 1.26005
617 678 0
618 620 0.689749
619 635 5.99985
620 636 3.01573
620 641 7.48004
620 642 0.370316
620 650 -3.31536
620 702 2.47197
620 707 -13.0302
620 719 -1.03268
621 626 0.0105755
621 638 2.87689
621 659 0.035024
622 629 -9.97346
622 645 -6.51337
623 653 -0.203042
624 631 -0.620464
624 632 -0.353819
625 627 -0.0870547
625 634 1.26957
625 647 -1.83566
625 657 -0.338353
625 660 1.57257
625 694 -0.0541197
626 638 0.0537672
626 659 0.253064
626 663 -2.91574
627 647 8.48142
627 653 -0.619271
627 671 0.119406
627 687 0.763164
627 688 0.0691912
628 629 -0.647482
628 645 -3.91844
628 655 0.255074
628 666 -9.68841
628 682 -1.83804
629 645 -0.132481
630 639 -4.62035
630 649 1.02991
631 632 -3.28899
631 640 0.467385
631 655 1.89922
631 669 2.58569
631 689 -3.43984
631 691 -0.0716294
633 636 -0.369897
634 649 -0.229043
634 660 2.20052
634 676 -0.339876
634 686 2.50198
634 694 -0.261266
634 710 -0.0269373
635 643 5.64202
635 670 3.54965
635 679 -0.316713
635 680 2.83683
637 652 -0.849093
637 656 -0.458691
638 648 1.73521
638 659 1.2353
638 684 0.0171924
638 685 0.225914
639 649 -4.59662
639 678 -1.78253
640 644 1.10372
640 668 10.5107
640 688 4.43612
640 691 -0.205414
640 706 4.44097
640 712 1.2105
640 715 2.97995
641 642 4.08909
641 664 0.139508
641 702 7.53793
641 754 -1.44559
641 762 -5.64478
642 652 -0.0165536
642 664 1.49546
643 646 0.442711
643 651 0.135514
643 662 0.985668
643 679 -0.135211
643 680 0.866033
645 658 1.78253
645 661 -6.89621
645 666 -1.18877
646 651 0.0748379
646 662 0.946466
646 665 -2.8055
646 679 1.97318
646 690 3.14378
646 708 -0.63454
646 714 2.34663
646 716 6.40999
647 657 8.81426
647 660 -0.00220207
647 673 1.60645
647 686 0.543795
647 687 7.41822
648 684 -0.0399954
648 685 1.19906
648 693 -1.28258
649 676 0.0798394
649 678 10.8223
649 694 0.109626
649 699 1.25517
649 710 0.0866013
649 725 -1.21116
649 728 1.79729
649 753 0.0593968
650 667 -5.24331
650 672 1.02506
650 677 -8.325
650 695 -11.6975
650 701 -0.274059
650 707 -1.21064
650 717 -11.7916
651 662 0.030306
652 656 -1.39039
652 664 0.0359568
652 674 -5.0569
652 696 -9.68841
652 727 1.22988
653 671 -0.356987
653 688 -0.0390784
655 669 4.723
655 681 -8.2903
655 682 -0.610579
656 674 -3.10675
657 660 -1.12213
657 673 1.0176
658 661 -0.867703
658 667 -0.517023
659 663 -0.885652
659 684 1.05679
659 685 0.105367
660 673 -0.0152919
660 686 2.52253
660 687 0.435538
660 692 1.51967
660 694 -0.0270599
661 666 -7.75148
661 667 1.30083
661 675 1.16912
661 677 1.2083
661 695 1.687
661 700 1.89803
661 703 -0.502158
661 734 -2.47197
661 736 -1.03222
661 751 -0.0611425
661 763 -0.0919466
663 678 -0.123928
663 684 -2.95985
663 685 -2.0215
663 698 -0.0441617
663 704 -0.0340391
663 709 0.351314
663 731 0.470033
663 740 -0.0613127
663 773 -0.0315785
664 696 -3.15004
664 727 0.253931
664 762 -3.31536
664 764 -5.10559
664 799 -4.28107
665 674 0.0645854
666 675 -1.30083
666 682 -2.47197
666 703 -2.78039
666 705 -7.55595
667 677 0.418426
668 691 -0.0476589
668 697 4.13411
668 712 0.329847
668 726 -0.0474293
668 745 0.00649005
669 681 -7.87318
669 689 -3.31536
669 697 -5.66976
669 705 -0.533685
669 711 -0.909983
669 713 0.127976
669 721 5.4019
669 751 0.0213778
670 679 -5.78218
670 680 0.0159535
671 687 0.176876
671 688 0.950444
673 686 0.0140796
673 687 1.21104
674 683 -1.42517
674 727 -3.31536
676 694 0.327928
677 695 2.12743
678 698 5.99213
678 699 2.71175
678 728 1.57799
678 741 0.247527
678 753 0.242573
678 759 2.09526
678 788 -0.0165829
679 680 -0.150594
679 716 9.64171
679 810 0.81228
681 682 -0.101248
681 705 -2.13588
682 705 0.101247
683 690 -0.179458
683 708 -3.41249
683 727 -0.460601
683 729 0.0446581
683 735 1.78164
683 765 0.0938955
684 685 -2.20652
685 693 -0.0100503
685 709 -0.0833293
685 720 -6.24311
685 731 -0.511233
685 733 -2.38704
685 773 -0.0627468
686 687 1.64518
686 692 2.68957
686 694 7.04516
686 723 1.20026
686 744 -2.04148
686 760 0.251481
686 774 1.7209
686 791 1.21556
687 688 2.65839
687 692 0.570741
687 706 4.63235
687 723 1.45457
687 732 1.90158
687 738 -0.147607
687 744 -0.469076
687 761 0.141169
688 706 1.32294
689 691 0.635286
689 697 1.25517
690 708 -0.852371
691 697 3.04876
691 726 3.14601e-06
693 720 -1.91493
693 733 -2.85347
694 710 0.0725617
694 725 -0.00407596
694 737 -0.0209829
694 744 -0.704497
694 760 -0.0104914
694 791 0.182118
695 717 -5.53733
695 734 -10.6384
696 727 -5.53733
697 711 2.95726
697 724 2.75614
697 726 0.993346
697 743 4.86118
697 745 -0.026834
697 750 0.126018
697 767 0.106626
697 772 2.88278
697 792 -0.738857
698 704 0.054297
698 757 0.10474
700 703 -0.517023
701 717 -3.31536
702 719 -0.195158
702 754 -4.01467
702 762 -5.22957
703 705 -0.830444
703 722 -3.31536
703 736 -0.982543
704 709 -0.105131
704 740 -1.25079
704 741 1.22921
704 757 1.21789
705 721 -2.97542
705 722 -3.99348
705 736 -0.0138965
706 712 0.815446
706 715 1.66155
706 718 1.54577
706 732 0.364947
706 738 0.16029
706 742 -4.40806
706 761 -0.0348012
707 717 -3.86439
707 719 -8.76967
707 739 -8.70063
707 747 0.252267
707 748 -0.155577
707 749 -0.775982
708 714 -0.110151
708 729 1.76241
708 730 2.77474
708 735 -0.703506
709 731 -0.016136
709 740 -0.0224023
709 757 -0.241877
709 773 -0.0638505
710 725 -0.115008
710 737 -0.434698
711 713 -0.0296509
711 721 -0.820154
711 724 0.500431
711 746 1.94793
711 767 0.108833
711 772 0.78959
711 811 -0.844074
711 816 0.366322
712 715 0.794891
712 726 -1.07096
712 742 -8.16853
712 745 4.30302
712 789 4.87907
712 809 -0.478758
713 721 0.0587451
714 716 2.47197
714 730 -0.220301
716 729 0.0104083
716 730 4.85984
716 784 4.69608
716 808 0.00525196
716 810 4.6469
716 815 3.34677
716 843 0.461364
717 734 1.14929
717 739 1.20102
717 758 0.120626
718 732 -0.0437404
718 738 0.101165
718 761 -0.0734985
719 749 -5.5819
719 762 -3.31536
720 731 0.0132748
720 733 5.41646
721 736 -5.86616
721 746 0.305001
721 751 0.170459
722 736 0.0438944
722 751 0.0180234
723 744 -3.6294
725 728 -0.250248
725 737 -0.032046
725 760 -0.192512
726 745 -2.55393
726 750 0.605128
726 772 0.500431
726 792 -1.9046
726 795 0.374905
726 809 0.716619
727 735 -1.26937
727 755 0.282175
727 765 -0.236404
727 777 -0.0267295
727 799 -6.93845
728 737 0.111736
728 753 0.386409
728 760 1.90168
728 766 4.16036
728 785 1.81115
728 788 0.517742
729 730 0.0665866
729 735 2.87068
729 778 4.84062
729 808 1.27464
731 733 0.101698
731 740 -0.114474
731 756 2.72915
731 773 3.11952
732 738 -0.154269
732 761 0.651445
733 752 0.29819
733 756 1.57596
733 779 2.95898
733 782 2.25829
733 919 -0.00645343
734 739 0.442373
734 758 1.53423
734 763 -2.52745
734 793 -3.43706
734 806 -1.15472
734 813 1.12734
734 841 0.00778174
734 849 0.389483
734 851 0.943057
735 755 -0.157497
735 765 4.40971
735 777 0.0343355
735 778 2.92655
736 746 -0.197818
736 751 1.18027
736 763 0.239622
737 760 0.133073
737 791 0.0332674
738 742 -7.74351
738 761 -9.22163
738 818 -1.72077
739 747 -1.32411
739 758 2.78794
739 768 0.356108
739 769 3.38358
739 800 0.0566715
739 807 0.0909787
739 813 0.100767
739 822 -0.0373729
740 757 -5.6968
740 770 -1.2543
740 773 -0.659097
741 757 4.14533
741 759 0.0538021
741 788 3.11405
742 789 -7.27936
742 818 -3.16415
742 832 -4.18087
742 845 -7.25478
742 897 -0.242411
744 761 -0.616383
744 771 0.727977
744 774 -1.25615
744 791 -0.31601
745 750 -0.0197517
746 751 0.467657
746 793 0.485113
746 801 0.371938
746 805 0.0853019
746 812 0.145887
746 816 0.0890901
747 748 -0.155578
747 768 -0.242411
748 749 -6.5061
748 768 -0.023346
749 762 -2.71079
749 768 -19.3571
749 775 -2.85347
749 790 -4.89869
751 763 4.52773
751 793 1.31774
752 756 3.87603
753 759 0.534116
753 760 0.0247599
753 785 0.00495259
753 788 0.00495259
754 762 -1.12464
755 765 -0.542735
755 777 -0.061463
756 773 0.54139
756 782 6.77794
757 770 2.80561
757 773 8.58732
757 788 4.39825
757 869 3.52772
757 880 3.58447
757 920 2.39426
757 930 -0.0385461
757 939 0.595282
758 796 0.123569
758 800 0.136034
758 813 1.1018
758 824 -3.36417
759 788 -1.65048
760 766 0.863381
760 791 2.38131
761 771 -0.704796
761 780 1.02684
761 818 -0.0209349
761 821 0.0380846
761 830 -0.108346
761 831 0.000765638
761 845 -2.18405
761 852 -0.84398
761 865 -1.16505
762 764 1.49683
762 775 0.483906
762 776 -1.17025
762 781 -0.0485502
762 783 0.357087
762 786 -10.3815
762 794 -9.9969
762 797 -4.2739
762 798 -2.36822
762 803 -7.3512
762 804 -5.53733
762 814 -2.22758
763 793 2.90895
763 806 -0.692133
764 776 -0.210882
764 787 -16.7361
764 799 0.775982
765 777 0.149029
765 778 2.25287
765 799 -3.10675
765 817 -0.104419
765 828 -0.66248
765 829 -0.0261011
766 785 0.0928337
766 788 1.81988
766 791 2.43279
766 847 0.148121
766 861 1.20416
766 869 8.58127
766 874 5.73695
766 886 3.10675
767 772 0.530609
768 769 0.250663
768 790 2.11531
768 802 2.11516
768 807 0.0989974
768 819 3.51118
768 822 -0.101863
768 825 2.07785
769 800 -0.265849
769 807 0.0436032
769 822 -0.789498
770 773 4.51356
771 774 1.79499
771 780 -4.01071
771 830 0.199791
771 835 -0.0483361
771 864 0.0652193
772 795 6.4192
772 809 -0.752298
772 811 -1.43038
772 816 0.200865
772 850 -0.0481155
773 782 7.02825
773 880 0.802374
773 908 1.01799
773 920 0.206382
773 930 -4.08002
773 939 1.10423
773 942 -0.00769108
773 957 -0.0103784
773 967 -0.304608
774 791 4.01121
774 830 0.0323851
774 835 -0.237932
774 842 0.35971
774 864 0.196625
775 781 -0.775982
775 790 -4.8442
775 802 -1.49683
776 787 -0.0382503
776 814 -0.925913
778 808 2.95235
778 817 -0.0522172
778 820 -0.669846
778 823 -0.635286
778 834 -4.06842
778 839 5.85064
779 782 3.48316
779 918 -0.211737
779 919 -0.555148
779 946 -0.0541895
780 821 0.244471
780 830 -1.65494
781 783 -0.0971003
781 802 -0.163779
782 908 9.16715
782 918 -0.655973
782 919 -1.30235
782 946 -0.0229942
783 786 -7.42989
783 802 -7.30686
783 819 -1.52308
783 826 -1.23277
783 827 -0.434708
785 788 0.183856
786 794 3.66304
786 827 -9.76658
786 853 0.0996229
786 879 0.812615
786 899 4.4493
786 913 4.47186
786 958 0.162501
786 959 1.60886
787 799 -9.28032
787 814 2.97997
788 833 6.28128
788 847 5.0791
788 869 1.12308
789 809 -1.61549
789 832 -1.42913
790 802 -0.0252976
791 835 -0.0736817
791 842 3.43706
791 861 0.294006
791 864 1.68433
791 874 0.449591
791 895 0.451795
792 795 -5.80575
792 809 1.10718
793 801 4.91495
793 805 -0.016311
793 806 -0.81228
793 812 -1.52308
793 840 1.59053
793 841 -0.836741
793 855 -4.454
794 798 0.135137
794 803 6.97607
794 837 2.42418
794 853 2.03971
794 879 4.24345
794 890 0.126668
794 899 2.07526
794 907 0.973958
795 809 -0.418426
796 813 1.15633
797 798 -0.242411
797 804 -1.16715
798 803 2.25523
798 804 4.56293
798 814 8.98936
798 837 11.2011
798 854 9.44258
798 890 2.21176
798 899 1.99452
798 901 10.1974
798 953 3.20604
798 958 0.901416
798 972 4.55427
798 973 4.73215
798 989 4.95093
798 1037 -0.924411
799 814 -5.53733
799 828 -16.9999
799 888 0.94759
799 903 -0.480848
799 922 -7.87756
799 936 -0.00778178
800 822 -0.982543
801 805 -0.37066
801 812 -2.00526
802 819 3.06097
803 804 0.321795
803 899 0.343896
805 812 0.714263
807 822 -0.0145411
807 825 0.206115
808 815 0.00253258
808 839 1.88357
808 843 0.00123455
809 832 -0.943623
809 836 -8.3814
809 850 -0.194366
810 815 0.413795
810 843 1.75131
810 846 3.03464
810 860 -0.128493
811 816 -4.99399
812 816 -0.976783
812 840 -3.55235
813 822 -0.670436
813 824 -0.252431
813 849 2.01081
813 851 1.82501
813 863 1.04888
813 878 0.677568
813 887 1.44988
814 854 10.4322
814 888 -4.8442
814 894 0.461768
814 903 -2.10127
815 843 2.31166
816 840 -0.0223065
816 848 -1.79715
816 850 -0.098566
816 862 -0.0698325
817 823 3.20604
817 828 -1.1454
817 829 0.892065
817 834 -2.66237
817 839 1.31634
817 881 5.85591
817 912 0.843286
817 917 0.610063
817 932 0.29293
817 941 1.66643
817 974 0.0283443
819 825 0.834125
819 826 1.293
819 827 -2.36822
819 838 3.21452
819 844 1.41907
819 856 -2.52745
819 859 0.204272
820 823 -0.277324
820 834 0.554648
821 830 -0.358499
821 831 0.705869
821 852 0.0920963
822 824 0.252223
822 825 -7.25142
822 863 0.844215
822 872 0.103456
822 938 -0.0246495
822 940 -0.00629281
823 834 -0.730732
825 844 0.500705
825 859 -0.121168
825 863 -0.614921
825 872 -0.0110524
826 827 -1.06254
827 856 -11.2739
827 913 -2.79511
828 829 -0.0254568
828 881 -2.99746
828 915 -0.328128
828 922 0.592808
828 936 -2.93164
830 835 -1.13066
830 852 2.81912
830 864 8.002
831 852 0.0822936
831 865 0.0229988
832 836 0.970529
832 897 -1.43304
834 839 -1.11893
834 912 -0.0124605
835 864 -0.918984
836 850 1.65103
836 870 3.80041
836 883 -1.37165
836 891 -3.55232
836 897 -0.192511
837 890 1.02308
837 899 0.628274
838 856 -1.72077
838 859 1.10297
838 867 3.04944
838 875 -0.0981348
838 905 0.0128854
839 843 -0.0760703
839 876 4.89247
839 902 -0.0210075
839 911 -0.409373
839 912 0.490557
839 917 0.56497
839 932 0.0486647
840 855 -0.962169
840 862 0.0661028
840 873 -0.518577
840 877 -3.01991
841 851 2.22758
841 855 2.78039
842 864 2.78039
843 846 0.398167
843 857 0.695713
843 858 -6.37179
843 868 0.535873
843 876 -0.194768
843 884 0.250215
843 900 0.098767
843 902 2.1823
844 859 -0.00136278
844 863 -0.0327813
845 852 0
845 865 0.0505176
845 896 2.69631
845 897 1.16715
846 860 -0.988575
846 868 1.03615
846 900 0.207969
847 869 7.72681
848 850 0.282147
848 862 -0.517023
848 866 0.854808
848 877 -8.35456
849 851 2.78039
850 866 0.97689
850 877 -0.332552
850 883 -0.665105
851 855 2.18405
851 878 0.522831
851 882 4.68633
852 864 3.73241
852 865 1.53025
852 896 2.52745
853 879 0.0788807
854 894 3.79221
854 922 3.60263
854 953 3.73241
854 965 6.87452
854 989 5.29986
854 1006 2.99331
855 871 2.90278
855 877 -2.47197
855 885 -1.70565
856 867 -3.89556
856 913 2.64699
857 858 -0.118077
858 876 0.00703986
858 884 -1.73566
858 902 -1.94084
858 911 -0.00184225
859 863 2.21857
859 867 -0.00834562
859 875 -0.601478
859 893 0.832798
859 904 0.468329
859 905 -0.985764
859 906 -0.0467698
860 868 -3.77798
861 874 1.18877
862 873 -0.298499
862 877 -0.521915
863 872 2.34321
863 887 0.927369
863 893 2.96079
863 898 0.924443
863 904 2.35597
863 910 2.51052
863 938 -0.98022
863 940 -0.0467531
864 874 0.00997371
864 895 0.81228
864 896 12.0817
864 914 0.00526302
864 931 1.26652
864 937 0.567604
865 896 0.0406044
866 877 -3.73241
867 875 -0.0478273
867 905 0.239831
867 906 0.378676
867 913 -3.10675
868 900 0.945373
868 902 0.788817
869 874 8.48649
869 939 0.181338
869 950 1.31312
869 955 1.01803
869 960 -1.80217
870 883 -1.72812
870 891 -3.73241
871 885 -0.874881
872 938 -0.0140675
872 940 -0.00378898
873 877 0.302937
874 886 1.60463
874 895 1.66859
874 914 1.00776
874 931 0.122478
874 952 0.0562624
874 960 -12.8581
874 964 0.580873
874 997 -0.250612
875 906 -0.0385686
876 884 -0.0171846
876 902 -0.0595527
876 911 -0.497483
877 883 1.88754
877 885 0.195158
877 889 5.11419
877 909 3.91844
877 927 1.1894
877 934 1.95015
878 882 2.56042
878 887 1.67465
878 898 1.67793
879 899 1.82162
880 930 -0.019273
880 939 0.083133
881 912 0.00504928
881 915 0.328128
881 922 -0.592808
881 932 0.065299
881 941 0.00140622
882 885 -9.93411e-09
882 892 7.08645
882 898 2.93558
882 938 0.0513916
883 889 2.27269
883 891 5.97391
883 925 0.960187
883 926 0.577323
883 927 0.523769
883 933 0.345609
883 948 0.519436
884 902 1.50483
884 911 0.352923
885 892 -7.45058e-08
885 909 3.4794
887 898 3.53578
888 903 -0.480848
889 926 0.498189
889 927 0.433589
890 899 0.160574
891 897 2.97568
891 933 5.78356
892 898 0.301314
892 909 -14.1417
892 921 -4.43612
892 928 -1.52308
892 938 0.0531738
893 904 1.4395
894 903 -4.52907
894 922 0.422011
896 897 11.4636
896 931 0.682953
896 937 2.0799
896 947 6.48944
897 933 2.96803
897 947 1.48383
897 970 0.0674902
898 910 0.0382413
898 923 -2.54199
898 928 -2.85347
898 938 0.218741
898 944 1.36141
899 907 0.512072
899 958 0.487537
899 959 0.840233
899 973 0.386111
900 902 0.183407
902 911 2.26536
902 924 5.5888
902 949 4.31424
902 954 -2.30703
902 975 -0.00700003
903 922 -3.45765
904 905 -14.8311
904 938 -0.622816
904 940 -0.050981
905 906 0.527812
905 916 -3.92864
905 929 -0.0492959
905 940 -1.43829
906 913 -5.53733
906 916 -15.588
906 945 -0.483906
906 962 -12.002
906 987 -1.78253
908 918 -0.680147
908 930 -3.61685
909 921 1.91684
909 928 0.751019
909 934 1.81446
909 943 5.48572
909 963 0.146499
909 988 0.0061464
909 992 0.0122928
910 923 -3.91844
910 938 -0.419342
910 940 -0.00378898
911 917 -0.132481
911 924 4.55097
911 935 -3.41682
912 917 0.401478
912 932 0.0493522
913 945 -0.146011
913 958 4.67855
913 959 0.330872
913 962 1.80309
914 931 0.0659844
915 917 0.0137601
915 922 2.5485
915 932 2.18488
915 974 0.257847
915 978 2.15054
915 983 1.05839
916 929 -8.70101
916 987 -0.517871
916 993 -1.03574
917 924 -0.549757
917 932 0.204461
917 935 1.56159
917 941 2.51007
917 974 0.926317
917 975 1.30475
917 994 0.993975
917 1005 1.85235
917 1012 0.75007
917 1021 3.11684
917 1022 0.875272
918 919 1.09959
918 930 2.49239
919 930 2.48886
919 946 2.38623
919 990 5.67696
919 999 5.98998
920 930 -0.262156
920 939 0.943088
920 942 -0.000584414
920 967 -0.00116883
921 928 1.81152
922 936 -0.386023
922 965 0.397346
922 978 1.85957
922 1004 3.54734
922 1006 0.346116
922 1020 2.96379
923 938 -0.274059
924 935 -1.01117
924 949 3.5722
924 975 -0.0389852
925 927 0.213601
925 933 1.41651
925 948 0.907098
925 951 0.490436
926 927 0.797015
926 948 0.235044
927 934 1.81446
927 948 7.74971
927 956 2.38158
927 963 3.91844
927 1000 2.36822
928 944 -3.60467
928 961 0.145401
928 963 0.00991814
928 971 0.498184
928 988 -1.53831
928 992 -0.480517
929 938 0.0474598
929 940 0.613453
929 966 0.283063
929 968 -3.59497
929 993 -6.62017
930 939 -0.229501
930 942 0.00730012
930 957 0.0207994
930 967 4.34488
930 999 2.08786
931 937 0.705686
931 947 2.13669
931 952 2.32913
931 964 1.26351
931 969 0.0120613
931 979 6.15856
931 981 1.91493
932 935 0.00685697
932 941 0.100289
932 974 0.529074
933 947 3.7085
933 948 0.710942
933 951 5.38003
933 970 0.0958649
933 982 6.99775
933 1001 -0.0760726
934 943 2.21428
934 956 1.06254
934 963 5.37122
938 940 0.815996
938 944 0.482128
938 961 -4.70833
938 966 -0.0421342
938 968 -0.338911
939 942 1.52531
939 950 7.22486
939 957 0.0612664
939 967 0.253442
939 980 0.926782
939 985 2.14668
939 986 -0.105881
939 1023 0.00326654
941 974 0.0560699
942 967 0.106181
943 963 1.16165
943 992 0.057687
944 961 -0.855656
944 971 -0.0408566
945 962 -0.292022
947 969 0.0245926
947 970 0.0965212
947 979 1.52613
947 1001 -0.143213
948 951 6.2822
948 982 3.0774
948 1000 3.85753
948 1009 6.18744
948 1016 0.0220138
948 1025 -0.0122657
949 954 -0.0544849
949 975 0.302552
949 984 -5.64934
949 994 0.0838599
950 955 4.6847
950 960 0.0355384
950 977 1.52028
950 985 0.715972
950 986 -0.285151
950 991 0.0747457
950 1023 0.89656
951 982 1.18877
952 964 0.63709
955 960 -4.82719
955 977 0.460222
955 1023 0.066599
956 963 2.29837
957 967 0.121048
958 959 1.10493
958 962 2.58569
958 973 1.25517
958 976 -0.958706
958 1017 -2.30979
958 1027 1.8064
958 1032 0.618144
958 1037 -0.136094
960 977 0.0510733
960 991 0.202493
960 997 -0.0155331
960 1023 -0.0707852
961 966 0.966808
961 971 2.45164
961 988 -4.0953
961 993 -0.886457
961 1002 -1.18937
962 976 -1.88056
962 987 -2.60769
962 993 -0.793621
962 1003 3.38964
962 1041 -0.337785
963 992 -0.0485591
963 995 2.49297
963 1000 4.2074
963 1007 3.53393
963 1010 -0.296904
963 1026 3.43813
964 979 6.07295
964 991 -0.291611
964 997 -0.511486
964 1030 0.497461
965 1006 3.43034
965 1020 0.89409
966 968 -0.670548
966 993 -9.26974
966 1024 -1.73438
967 980 5.96407
967 985 0.335301
967 999 5.40983
967 1042 2.56571
969 970 0.00638463
969 979 0.0733076
969 982 0.357288
969 1001 -1.0139
969 1018 -0.0320876
970 982 0.0939519
970 1001 -0.0840085
971 988 -9.42237
972 989 0.0518952
972 1011 -1.16533
972 1028 -4.22412
972 1037 -0.369897
974 983 14.5226
974 1012 2.48485
974 1021 0.726339
974 1022 0.28646
974 1039 1.95015
975 984 -1.04455
975 994 6.80233
976 1003 -5.15559
976 1017 2.11313
976 1032 -3.73241
977 986 0.00738757
977 991 0.251814
977 1023 0.830352
978 983 8.20922
978 1004 2.67406
978 1043 1.02855
979 981 4.96517
979 982 0.800788
979 991 -0.14627
979 998 3.73241
979 1014 4.84285
979 1018 0.407513
979 1030 13.1594
979 1031 1.16487
980 985 3.50586
980 1042 0.0835483
982 1001 -0.270967
982 1009 2.58569
982 1015 0.719782
982 1016 0.0135419
982 1018 0.141222
982 1025 -1.39387
982 1029 0.33947
982 1031 1.11027
982 1036 1.04215
983 1039 4.99941
983 1043 2.88524
984 994 0.0672891
984 996 1.21754
984 1013 0.0594881
985 986 -0.142525
985 1023 0.123228
985 1033 4.6107
985 1042 0.041338
986 991 0.098369
986 1023 -0.00316919
987 993 5.94455
988 992 1.99631
988 1002 2.00526
988 1008 2.04669
988 1019 -0.0698831
989 1006 2.06012
989 1011 -5.07048
989 1020 0.803758
990 999 2.85481
991 997 -0.0892737
991 1023 6.64168
991 1030 -2.06582
992 995 0.079342
992 1007 -0.311829
992 1008 5.71644
992 1010 -4.03793
992 1019 -5.46823
993 1002 -1.52308
993 1024 0.886457
993 1035 2.31952
993 1041 3.91844
994 996 0.134578
994 1005 0.962351
994 1013 1.68172
994 1022 3.03314
994 1040 2.50839
995 1010 -0.0778293
996 1013 4.57948
997 1023 -0.0505039
999 1042 0.687271
1000 1007 0.672672
1000 1009 2.7626
1000 1026 1.93602
1002 1019 0.635863
1002 1035 -0.378646
1002 1038 0.0946696
1003 1041 -1.14578
1004 1020 4.9798
1004 1043 2.02352
1005 1022 2.06181
1006 1020 1.25912
1007 1010 -1.91865
1007 1026 4.94477
1008 1019 -1.00254
1009 1026 2.36648
1009 1029 0.269698
1009 1034 -3.33928
1011 1028 5.01991
1012 1021 1.23704
1012 1022 1.41919
1013 1040 6.34516
1015 1016 0.00470382
1015 1025 -1.19484
1016 1025 -0.0299419
1016 1029 0.0800948
1016 1034 -0.22847
1017 1032 -0.794069
1018 1031 0.265977
1019 1035 1.36976
1019 1038 -0.098379
1020 1043 0.0544848
1023 1033 5.70111
1025 1034 -7.71014
1025 1036 -1.16821
1026 1044 6.11042
1027 1032 0.0210201
1027 1037 -0.405892
1028 1032 1.99676
1028 1037 -0.01898
1029 1034 -1.07879
1032 1037 -0.0922549
1035 1038 -1.10451
