MULTICUT
0 3 -5.53733
0 4 -15.9189
0 16 -10.3815
0 73 -5.53733
0 80 -21.0481
0 104 -5.53733
0 123 -5.53733
0 134 -3.43706
1 2 -12.3093
1 3 -1.01245
1 4 -6.54381
1 5 -0.353819
1 9 -1.31392
1 14 -0.0798677
2 6 0.849093
2 7 -11.0747
2 10 -5.53733
2 12 -20.7631
2 13 1.25517
2 14 -10.3815
2 20 -5.53733
2 21 -4.8442
2 22 -5.53733
2 26 -11.0747
2 27 -5.53733
2 28 -14.8177
2 29 -14.1245
2 31 -21.4562
2 41 -6.42793
2 42 -5.53733
2 44 -5.53733
2 46 -4.8442
2 47 -21.6098
2 48 -11.0747
2 55 -23.2623
2 58 -3.73241
2 59 -4.14515
2 61 -13.8336
2 68 -5.53733
2 69 1.23277
2 74 -5.53733
2 78 -3.43706
2 79 -3.91844
2 85 1.08303
2 86 -8.57661
2 87 -14.8177
2 88 -5.53733
2 89 -4.8442
2 90 -13.7164
2 91 -4.8442
2 93 1.18877
2 94 -4.14515
2 95 -14.8177
2 99 -3.73241
2 121 -5.53733
2 130 -8.35456
2 133 1.21064
2 138 -5.53733
3 4 0.321739
4 5 1.18284
4 9 -6.87522
4 16 2.04207
4 17 0.582418
5 16 0.207075
6 7 -5.53733
6 10 -4.8442
7 8 -3.31536
7 10 0.162829
7 11 -0.562215
7 12 -0.0611535
7 15 0.296803
8 10 -4.43612
8 11 -0.337785
9 14 0.884268
9 17 -1.16715
10 11 -18.645
10 15 0.136225
10 21 4.95081
10 25 -0.102227
11 15 -1.40953
12 13 -5.53733
12 15 -0.377602
12 18 2.28889
12 20 -0.320319
12 23 -0.473432
13 20 -5.53733
14 16 -11.6776
14 17 -2.58569
14 43 -0.55042
14 54 -0.905358
14 73 4.44094
14 80 -1.18248
14 86 -1.51788
15 18 -3.00335
15 19 -0.0651137
15 21 0.0662164
15 24 -0.314878
15 25 -0.0673276
16 17 0.582418
16 43 1.91495
16 54 -1.18099
16 73 -4.18346
18 19 0.560333
18 20 -5.53733
18 22 -0.455035
18 23 -5.01128
18 24 4.01673
18 25 -1.18036
18 30 -5.36605
18 32 0.367413
18 39 0.366178
18 49 -0.51566
18 51 0.987137
18 52 0.0716701
18 57 0.0068547
20 23 1.25482
20 26 3.63358
20 27 0.584119
20 30 0.946061
20 33 -1.24227
21 22 1.98695
21 25 -0.274499
21 29 0.182239
22 25 -2.10127
22 29 4.47525
22 32 -0.669846
22 36 -4.14515
22 39 -2.00753
22 40 -5.53733
22 46 0.359667
22 49 0.199578
24 25 -0.969429
25 32 -0.697744
26 27 1.54979
26 30 0.0927918
26 33 -2.76023
26 37 1.79534
26 48 4.1546
26 50 -1.09427
28 31 2.59044
28 34 -8.41866
28 35 -0.886457
28 38 -5.53733
29 46 8.94094
30 33 0.576764
30 50 0.243789
30 51 -4.2007
30 57 -0.00587952
31 38 -12.3137
31 42 2.78039
31 44 2.93164
32 39 0.227406
33 37 -0.266498
33 50 3.89643
33 51 -11.9669
33 57 -0.0302592
33 59 0.423542
34 35 -5.94267
34 45 -3.31536
35 38 -8.87224
35 45 -0.353819
36 40 -0.867703
36 46 -1.37165
38 44 -11.0747
38 45 -19.6619
38 47 -8.57661
38 53 2.52745
38 55 -27.019
38 62 -4.43612
38 63 -4.8442
38 96 -11.5005
38 101 -1.88061
38 115 -4.43612
38 117 -34.1736
38 121 -4.8442
38 126 -8.76265
38 131 -15.9189
39 49 -0.896195
39 52 -0.00509237
40 46 -5.12908
40 49 -2.55721
40 56 -8.97439
41 44 -0.0688456
41 47 0.506155
44 47 -0.554972
45 60 -18.6306
45 62 -0.943623
45 63 -1.92207
45 101 0.166381
45 115 -1.52308
45 125 -4.8442
45 141 -0.758016
45 144 -5.53733
46 49 5.236
46 56 4.51255
46 67 -11.0747
46 78 -2.47197
47 53 -8.35456
47 55 1.47101
48 50 -0.361699
48 59 -0.00519462
48 61 0.949444
49 51 -0.0170419
49 52 0.383389
49 57 0.0141629
49 64 -0.00523922
49 66 -10.3815
49 67 -8.24908
49 76 -8.41866
49 77 -2.27269
50 59 1.09778
50 61 0.155783
51 52 4.17396
51 57 0.111416
51 59 -0.256756
51 64 -0.0130357
52 57 0.119589
52 64 -0.0687914
52 65 0.161731
52 66 -2.31952
55 58 -7.30686
55 68 -3.65173
55 74 -0.685314
55 99 -1.49683
55 121 0.81228
57 59 -0.184294
57 64 -3.32057
59 61 1.30076
59 64 -2.35788
59 69 -4.43612
59 70 -1.02216
59 71 -4.79464
59 72 -11.0747
59 79 -7.45185
61 69 -4.8442
62 63 -0.305845
64 65 -0.0142958
64 70 -3.25126
65 66 -4.76095
65 70 -1.30893
66 70 -5.53733
66 75 -1.69086
66 76 -2.36822
66 81 -6.23796
66 82 -4.43612
66 84 -10.2738
67 77 -0.943623
67 78 -3.91844
70 75 -3.85629
70 79 -4.12838
71 72 -0.584119
72 79 -8.74338
73 80 -7.65812
73 86 -0.00872485
73 94 -0.00534171
73 105 1.27812
75 79 0.101622
75 84 -2.64699
76 77 -1.75131
76 81 -2.18704
76 82 -7.65085
77 78 -1.52308
77 82 -3.31536
78 82 -0.0527963
78 83 -0.0527031
78 87 -0.210999
79 84 -4.50085
79 88 4.15857
79 97 -0.402198
79 98 -0.0560478
80 104 -1.4463
80 105 -5.23905
80 108 0.0633388
80 109 -0.0948964
80 116 2.43976
80 123 0.56723
80 134 0.58879
80 139 -0.945624
81 82 -0.258219
82 83 1.17014
82 84 1.95015
82 87 2.63537
82 92 -5.30784
82 103 -5.88714
82 107 -9.97346
82 113 -1.16715
82 118 -3.31536
82 119 0.0644164
83 87 0.327854
84 97 5.78087
84 98 1.54822
84 102 -3.91844
84 107 -5.53733
84 110 0.0514297
85 95 -10.3815
86 94 2.65275
86 105 0.000970385
87 92 -1.72077
87 93 -4.43612
87 119 0.672692
87 121 0.0604113
87 130 2.23616
88 89 0.469063
88 91 -0.169069
88 97 -1.29306
89 91 -0.0424152
89 97 -0.597113
90 91 -0.353819
90 95 0.0172813
90 97 -5.00324
91 97 2.65409
94 95 -0.849093
94 100 -3.57445
94 105 0.00117644
94 106 1.58046
95 97 -0.00587408
95 100 -3.48227
95 106 0.0752577
96 117 -1.75131
97 98 2.22758
97 102 -8.76265
97 106 0.771645
97 110 3.56147
97 111 -4.49413
97 112 2.41391
97 113 0.00960577
97 114 -16.612
97 120 -2.22758
97 122 -0.0544849
97 128 -4.8442
97 129 6.61685
97 135 -2.22758
97 137 6.88981
98 102 -3.91844
100 106 -12.2783
101 115 -6.63606
102 111 -2.85347
103 107 -2.14198
104 116 -0.722873
105 106 0.832422
105 108 -7.54287
105 109 -0.642545
105 124 0.640115
105 139 1.81117
105 142 0.0696394
105 155 0.012705
106 114 -21.4562
106 124 1.49826
107 110 -5.53733
107 113 -12.6047
108 109 -1.48078
110 113 0.00960577
113 114 -3.73241
113 118 -4.66943
113 127 -1.25845
114 120 -1.72077
114 121 -5.53733
114 124 -14.1139
114 127 -4.8442
114 128 0.451047
114 129 -5.53733
114 132 -11.0747
114 135 2.47197
114 137 -5.53733
114 140 -2.06181
114 142 -16.612
114 147 -3.10675
114 155 -5.53733
114 156 -0.0155719
114 158 2.06181
114 165 -4.8442
114 167 -0.387425
114 172 1.00278
114 174 1.23277
114 175 -5.53733
114 181 -9.26974
114 184 2.02352
114 187 -4.14515
115 117 1.91493
115 125 -8.76265
117 125 -13.5876
117 131 1.12464
117 136 1.81446
118 119 -8.97439
118 127 -3.43706
118 132 -4.8442
119 121 0.154092
119 132 -3.43706
119 140 -0.584119
120 135 -1.60463
121 126 -12.6475
121 130 0.0178054
121 133 -5.53733
121 138 -0.00109802
121 140 -1.34772
121 143 0.328172
121 150 0.192774
121 151 -3.20605
121 153 -0.108862
121 156 -4.8442
122 128 -3.10675
122 135 -4.14515
124 142 2.09238
125 126 -9.97346
125 131 -22.3106
125 136 -4.14515
125 141 -3.31536
125 146 -0.289934
125 152 -10.3815
125 157 -8.98936
125 164 -4.33689
125 171 -7.46051
125 176 -3.7059
125 177 -10.0366
125 178 0.148121
125 182 0.210882
125 185 -1.66155
125 188 -4.43612
125 189 -1.69086
126 131 2.31952
126 146 -9.11179
126 148 -9.63345
126 149 -2.10127
126 151 0.132791
126 154 0.0663953
127 132 -0.982543
128 129 -11.0747
130 138 0.240208
130 143 0.00106411
131 136 1.49683
132 140 -5.53733
132 147 -1.78253
133 138 -4.43612
133 143 -2.36822
134 139 -1.65112
138 143 0
139 142 0.00179382
139 145 0.707097
139 155 0.0235348
141 144 -1.21064
141 152 0.500431
142 145 0.0162464
142 155 1.45128
142 158 -11.0747
143 150 0.0540107
144 152 -2.41897
144 159 2.71175
145 155 0.0990829
146 148 -0.0174258
146 149 -0.907015
146 157 -10.9956
148 149 0.0348516
149 154 -0.195158
149 157 -5.08877
150 151 -2.06181
150 153 -0.0361247
150 156 -2.14198
151 154 0.248597
152 159 -19.208
152 176 1.5046
152 180 -6.44883
152 186 0.386023
153 156 -7.2338
154 156 -4.8442
154 157 0.775631
154 160 -1.02183
154 161 0.0881828
154 162 0.183216
156 161 -5.53733
156 163 1.39593
156 165 -5.30731
156 167 0.669846
157 160 -4.46121
157 162 1.1765
157 170 -2.31952
157 171 1.78253
159 186 -6.82909
160 162 -2.61542
161 162 0.0236504
161 163 -5.53733
161 166 -4.14515
162 166 -5.03613
162 169 -1.02216
162 170 -1.66155
162 174 -7.3555
163 166 -0.0234374
163 168 -1.44559
163 172 -0.0117187
164 176 -1.30083
164 177 -1.30083
165 167 -3.64788
166 169 -0.00618612
166 172 0.0250722
166 174 0.0249083
167 168 -3.73688
167 172 -0.0974184
167 175 -11.3703
168 172 -3.01573
169 173 -0.00118808
169 174 -0.563259
170 171 -0.704796
170 174 -1.88061
171 174 -7.30686
171 178 -4.91528
171 179 -0.451047
172 173 1.05353
172 174 1.41519
172 181 -5.53733
172 187 -4.14515
173 174 0.00844208
174 179 -4.8442
174 183 -16.612
174 187 -8.98936
176 177 -0.163779
176 180 -6.16832
177 180 -5.89397
177 182 -0.758016
177 185 -0.289934
178 179 -15.2154
178 188 -5.54317
179 183 1.74992
179 188 1.75131
179 189 -2.85347
180 185 -0.353819
180 186 -4.44238
181 184 -4.14515
183 189 -7.76038
188 189 -4.30854
