MULTICUT
0 1 4.33767
0 2 2.79636
0 3 2.79636
0 4 0.0225493
0 5 2.33668
0 6 8.05376
0 7 4.20126
0 8 5.96362
0 9 0.65139
0 10 2.90872
0 11 5.26527
0 12 0.527886
0 13 4.43029
0 15 1.13579
0 16 1.34262
0 17 3.15623
0 24 -0.111298
1 7 0.176969
1 17 0.0562388
2 7 0.0880012
2 17 0.0281194
3 7 0.0880012
3 17 0.0281194
4 7 0.0450986
4 17 0.0281194
5 7 0.0880012
5 17 0.0281194
6 7 0.0920293
6 17 0.0562388
7 8 0.37673
7 9 5.12345
7 10 0.150749
7 11 0.231828
7 12 0.148796
7 13 0.167256
7 16 0.209538
7 17 0.396523
7 24 -0.0696307
8 9 6.91719
8 17 0.0843582
9 11 2.90612
9 14 2.14179
9 17 0.0281194
9 25 1.55616
9 28 -0.335792
9 30 -0.0637993
10 17 0.0281194
11 15 0.255697
11 17 -0.0232209
11 21 1.53147
11 24 0.32854
11 30 4.1903
12 17 1.04531
12 24 0.0507908
13 16 0.187876
13 17 0.0923028
13 26 3.7048
13 27 -0.0031776
13 29 4.05185
13 31 -0.493027
13 34 3.14548
13 35 -0.036979
13 37 3.70013
13 40 0.934292
15 17 1.7128
15 24 -0.0548582
16 17 0.379653
16 19 0.718482
16 22 0.0457161
16 23 0.16284
16 24 0.0791256
16 26 0.177788
17 18 0.0960529
17 19 0.0650982
17 20 1.21539
17 22 0.0540644
17 23 0.138518
17 24 0.22974
18 22 3.08859
18 24 0.0838819
19 23 0.0844232
20 24 0.0578949
21 24 -0.00911574
22 23 2.3806
22 24 1.93793
22 26 1.28747
22 32 0.658586
24 30 1.10609
24 32 1.15384
25 28 -0.0508749
26 31 -5.07231
26 32 -0.094128
27 31 0.0063552
27 35 0.353254
27 38 1.74656
27 40 0.987936
28 30 0.324676
28 42 0.0682389
28 82 0.067326
29 40 0.92638
30 32 4.93308
30 33 1.80663
30 36 0.618144
30 39 0.0446035
30 41 1.33314
30 42 5.05027
30 44 5.02708
30 46 1.15612
30 50 -0.483906
30 55 3.10675
30 56 -11.0747
30 59 1.88985
30 61 -4.5471
30 66 1.92394
30 71 -1.06254
30 72 -1.25517
30 75 1.69434
30 77 0.663325
30 78 2.31952
30 79 -0.663639
30 82 11.2348
30 85 -0.037497
30 87 0.105614
30 90 3.69463
30 93 -1.72077
30 94 -9.45578
30 98 1.78253
30 99 1.98633
30 102 1.52308
30 105 -2.47197
30 114 -2.52745
30 118 -1.63282
31 32 0.454789
31 35 0.036979
31 38 0.882678
31 40 -0.170368
32 33 0.317731
32 36 3.31536
32 38 5.69499
32 39 3.19832
32 43 0.221864
32 44 0.358889
34 37 5.67521
34 40 0.380114
37 40 0.406624
37 47 -0.775982
38 40 2.92419
38 43 1.29268
38 44 0.366585
39 44 0.693639
40 44 1.52112
40 45 -2.27269
40 47 -0.298276
40 48 -3.01573
40 49 -1.69086
40 51 -1.78532
40 52 -13.5479
40 53 -16.612
40 54 -4.14515
40 58 -5.53733
40 63 -4.89005
40 65 0.393929
40 67 -4.43612
40 69 0.407731
41 42 0.0924022
42 46 0.39495
42 57 1.52642
42 59 0.865439
42 64 -0.0901221
42 75 0.394886
42 77 0.0805741
42 82 1.52723
42 87 -0.0207788
43 44 0.129712
44 49 -1.14578
44 50 -5.25116
44 52 -2.64699
44 56 -5.53733
44 61 -3.43706
44 66 1.66086
44 71 -5.94267
45 48 -1.00226
45 53 -1.32411
46 82 0.331641
47 51 3.50398
47 68 -1.66155
48 53 -1.66155
48 54 -0.451047
49 52 -2.28174
51 53 -3.91844
51 62 -0.843107
51 68 -1.45159
52 56 3.48048
52 63 -4.8442
52 65 -3.57445
52 70 -15.2257
53 54 1.14466
53 58 2.93164
53 60 -15.9189
53 67 4.39174
53 68 -3.91844
55 61 -2.93164
56 70 -5.53733
56 71 -4.8442
56 73 -4.43612
56 76 -8.01058
56 78 -4.8442
56 91 -8.06359
56 94 5.85559
56 96 0.147311
57 59 1.54539
57 64 -0.595154
58 67 1.95015
59 64 -0.21199
59 79 -5.92829
59 81 -6.51594
59 83 -2.72615
59 85 -10.9536
60 67 -5.53733
60 68 -4.94144
61 66 -1.66155
62 68 1.57536
63 65 -0.787859
63 67 -11.0747
63 69 -5.37213
63 70 -0.602742
63 73 1.20548
63 76 -12.2301
63 80 -5.53733
66 71 -1.75131
66 72 -0.0544849
67 68 -8.76265
67 80 4.41098
67 84 0.697628
68 74 1.58829
68 84 -7.4912
68 86 -8.06359
68 89 1.23277
68 95 -2.36822
68 97 -5.53733
68 106 2.02352
68 117 -6.36052
68 119 -4.14515
68 120 -2.58569
68 123 -3.20605
68 129 -2.52745
68 134 -13.0127
70 73 -5.49716
71 72 0.0221295
71 78 -2.18405
73 76 -5.51494
76 80 -5.53733
76 84 -14.1139
76 88 -11.6247
76 91 1.51421
76 95 -2.58569
77 79 -0.433155
77 87 -0.0407903
79 85 -1.83428
79 87 -0.508361
80 84 6.7416
81 83 -0.253544
81 85 -2.28962
82 87 0.519159
82 93 -4.80014
82 100 -1.98633
83 85 1.569
84 86 -0.397336
84 88 4.88928
84 92 2.235
84 97 -0.114795
85 87 3.52683
85 103 2.85347
85 107 -0.023346
85 116 -10.4696
85 127 -3.01573
87 100 -12.2099
87 126 -15.1299
87 127 -1.69086
88 92 1.60463
88 95 11.1608
90 94 -4.43612
90 101 -12.1557
90 105 -2.64699
90 110 -4.43612
90 113 -2.27269
90 125 -13.7134
91 94 -2.18405
91 95 -6.02274
91 96 -8.74338
91 104 -3.73241
91 109 -7.02519
91 115 -6.08405
91 124 -5.17444
92 95 1.94391
92 97 -0.22197
93 98 -1.84714
93 100 -1.13903
93 111 -1.42058
94 96 1.82991
94 101 5.34198
94 124 -1.27785
94 132 -1.98633
95 97 -0.571966
95 104 2.75736
95 108 1.79721
95 112 0.24241
95 117 -0.79534
98 111 -0.0190553
98 114 -0.0967511
99 114 -0.867703
99 118 -5.69342
100 111 -2.41897
100 118 -3.91844
100 122 -4.14515
100 126 -1.88061
100 133 0.525819
100 145 -0.223851
101 110 3.33551
101 121 6.02274
101 125 -2.47197
101 132 -1.21064
101 144 3.01573
102 105 -2.22758
102 113 -3.43706
102 118 -1.57696
103 116 -5.53833
104 109 2.27616
104 112 3.19058
105 113 -0.124223
106 117 -1.78253
106 123 -1.57696
107 116 -5.99342
108 112 1.80588
108 117 -0.909628
108 135 0.228575
109 112 2.06181
109 115 2.04075
109 130 4.4373
111 114 0.0381107
111 118 -2.22758
112 128 2.55079
112 130 2.47197
112 135 3.64116
112 152 3.57445
112 158 -1.57753
112 175 2.06181
112 185 -3.91844
113 118 -1.78253
113 125 -7.6246
113 139 0.886457
114 118 -4.6475
115 124 -2.32011
115 130 3.25467
115 131 1.78253
115 142 1.63282
115 152 11.1084
115 154 -2.41897
116 127 -2.78039
116 136 -3.31536
116 137 -11.575
116 140 -4.43932
116 141 0.510429
117 123 0.81228
117 135 -6.45241
117 138 -15.9397
117 153 4.23267
117 158 -4.7384
117 166 -0.71883
118 122 0.24241
118 133 -3.82921
118 139 -0.337785
119 134 -3.18611
120 129 -0.418426
120 134 -0.81228
120 138 -3.20605
121 132 -2.60433
121 144 4.96262
121 146 3.55325
121 164 0.227853
121 173 -3.91844
122 133 -2.58569
123 129 -0.924411
123 138 -3.88652
124 132 -0.305845
124 142 -4.67052
125 139 -6.81365
125 144 -2.18405
126 127 -4.05178
126 143 -7.97906
126 145 -4.43612
127 136 -0.0342053
127 143 -0.266268
129 138 -3.91844
130 131 0.867703
130 152 4.38502
132 142 -0.303418
132 146 0.00124595
133 139 1.42058
133 145 -0.113856
133 148 -6.12145
133 151 -16.0853
134 138 1.52534
134 153 -13.2569
135 158 -1.13199
136 137 1.69086
136 141 -4.98654
136 143 0.0684106
136 150 -10.696
136 160 4.22284
136 169 -2.31952
136 176 -0.117893
136 183 -2.41984
137 140 -0.867703
137 141 -3.31536
138 153 -15.2257
139 144 1.37165
139 148 -10.3815
139 149 -1.91493
139 155 -7.87318
139 157 0.849093
139 168 -0.566547
139 188 0.938379
139 191 -7.7888
139 195 -0.0551212
139 200 -0.593329
139 224 -2.13467
140 141 -2.41995
141 156 4.68701
141 160 -4.14515
142 146 -0.0271524
142 154 -9.52607
143 145 -0.0468909
143 147 -0.60113
143 150 -2.29643
144 155 -1.57696
144 162 -8.97439
144 173 -7.90555
144 180 4.28948
145 147 -8.21604
145 150 -7.3512
145 151 -4.8442
145 159 4.78681
145 169 -4.14515
145 172 6.80422
145 174 -0.00113477
145 177 -2.47359
146 154 -0.849093
146 163 -1.91395
146 164 1.07013
146 170 1.29315
146 173 -4.34456
146 190 -0.178443
147 150 8.04573
148 151 -0.163779
148 157 -3.13258
149 155 -0.467445
150 169 1.81446
151 157 -3.43706
151 159 -2.47197
151 167 1.98633
152 154 -5.53733
152 161 3.8172
152 163 -8.77593
152 185 -4.14515
152 189 -7.19318
152 197 -1.49131
152 199 0.456694
152 204 -0.0133196
153 165 5.11639
153 166 -1.21926
154 163 1.85713
155 162 2.36448
155 168 -2.10127
156 160 -15.9189
156 179 -0.961733
156 193 3.51803
156 224 0.925433
157 167 -2.93164
157 224 -2.02352
158 166 -7.96845
158 175 -0.924411
158 181 -0.239258
158 184 0.131531
159 167 -2.18405
159 171 -0.418426
159 174 -0.000488764
160 179 0.561709
160 183 -4.04495
161 185 -11.7274
161 189 -2.85347
161 192 -2.18405
161 197 -4.24413
161 205 -10.0708
161 206 -2.27269
161 216 1.14578
162 168 -3.15847
162 178 2.27269
162 180 -1.43076
162 182 0.0325514
162 186 -3.73241
162 191 0.775799
162 224 0.00119504
163 170 -0.644358
163 190 0.765837
163 199 -8.30907
163 202 -1.75131
163 204 0.0153919
165 166 -2.58191
165 232 7.25952
166 184 -0.28948
166 194 -3.5156
166 208 0.0960176
166 232 -1.66155
167 171 0.40661
167 174 -0.0371993
167 187 3.2964
167 224 6.80983
168 182 -0.439575
168 191 -0.224584
169 172 -3.01573
169 176 -0.751523
169 183 -0.10559
170 173 -0.619143
170 190 -0.28529
171 174 -1.50022
171 187 0.078455
172 176 -11.1985
172 177 -1.23864
172 183 -1.10145
172 187 -1.33953
172 196 0.962952
172 201 -0.275512
173 180 -8.02554
173 190 -0.0259562
173 202 -2.91189
173 207 -0.853134
173 210 0.150428
173 212 1.65322
173 214 3.01468
173 221 -0.112793
173 224 0.127463
174 177 0.033812
174 187 -0.110105
175 181 -4.43612
175 185 -3.20605
175 194 -3.59393
175 198 -3.00298
176 183 7.70939
177 187 0.0193539
178 186 -4.8442
178 224 0.483906
179 183 -1.64817
179 193 -0.890568
179 224 -0.313334
180 186 -0.635286
180 207 0.595575
180 224 -0.0162313
181 184 -0.384688
181 194 -0.107253
182 191 0.360776
183 193 2.70195
183 201 2.99538
183 224 4.26292
184 194 0.34466
185 192 -0.0652964
185 198 2.03186
185 205 -0.264674
186 224 -3.10675
187 196 -1.29831
187 201 1.87296
187 203 4.13562
187 224 5.69215
188 195 -0.863758
188 224 -3.07901
189 197 0.943623
190 202 -1.37165
191 195 0.0398867
191 200 0.593329
191 211 1.00196
191 224 3.21876
192 198 -0.0203881
192 205 1.32511
193 224 2.39151
194 198 4.98064
194 208 -0.286507
194 213 -0.483906
194 215 3.20604
195 224 1.27619
196 201 -0.668015
197 204 7.36265
197 206 3.20604
197 216 -2.39859
197 220 -0.834335
197 232 4.19261
198 205 -0.169771
198 215 2.77141
198 218 1.66291
198 220 -0.107837
199 204 -0.088633
201 224 3.37048
202 204 -1.49683
202 210 -0.611785
203 224 3.41563
204 210 0.121225
204 214 0.329788
204 226 0.215347
204 231 3.39754
204 232 3.63687
205 216 -4.15738
205 218 0.758263
207 224 -0.169997
208 213 1.91493
208 232 -0.226632
209 224 2.31952
210 214 0.297513
210 226 1.40499
210 232 0.274308
211 224 3.44875
212 221 -0.453474
212 224 4.19001
213 215 -1.00962
213 219 -0.83062
213 230 -1.49628
213 232 -2.86332
214 221 -0.467445
214 224 7.02602
214 226 0.109704
214 227 0.723692
214 232 1.52756
214 233 0.740165
215 218 1.44559
215 220 -0.0598029
215 230 -0.137452
215 232 5.33796
216 220 1.44559
217 224 9.23935
218 220 -0.502623
219 232 3.43706
220 232 -1.36996
221 224 -0.228734
222 224 8.08824
223 232 4.14515
224 225 8.76265
224 227 7.18286
224 228 7.14891
224 229 3.41635
224 232 5.12982
224 233 9.07524
224 234 7.58221
224 235 4.8442
224 236 6.07448
224 238 10.2312
224 240 3.31536
226 232 0.3861
230 232 -0.00377285
231 232 0.157964
232 233 3.57445
232 237 5.47389
232 239 4.27654
232 240 3.73241
232 241 3.01573
232 243 3.91844
238 242 4.18407
