MULTICUT
0 8 -3.08145
0 10 3.52735
0 22 0.0205896
0 25 1.64937
0 30 0.499453
0 31 3.57023
0 43 1.40553
0 54 -2.61712
0 55 -0.404008
0 57 -0.0770121
0 59 1.11185
0 67 -0.0185249
0 69 -0.25234
1 4 0.402198
1 5 -0.132481
1 15 -0.0700634
1 16 -1.25517
2 5 0.460847
2 9 -3.59679
2 12 0.679513
2 13 -0.0822139
3 7 2.03061
3 29 5.90221
3 32 2.22614
3 49 3.34444
3 79 -7.2519
3 80 -4.43612
3 81 -8.57661
3 82 -14.7056
3 111 -4.8442
3 112 -8.58127
3 127 -1.16715
3 145 -0.905358
3 151 2.65617
3 160 4.53524
3 174 0.00778166
3 181 -0.886457
3 187 -5.29522
3 188 -4.14515
3 190 -2.93164
3 208 -1.14578
3 214 -1.25517
3 300 -0.0118572
4 15 -0.94813
4 20 2.60973
4 28 0.0479966
5 12 0.715331
5 16 4.39838
5 21 1.21064
6 7 -4.34527
6 10 -1.31874
6 27 -0.274059
7 27 1.1216
7 32 0.751437
7 36 0.516675
7 49 0.535438
8 11 -1.02216
8 18 -0.0951569
8 22 -0.076298
8 30 -0.190314
9 11 -2.06336
9 13 0.381202
9 14 0.365875
9 17 3.66523
9 23 -0.00617502
9 24 0.00642681
10 27 2.12391
10 31 0.0365306
10 36 0.158093
10 43 0.194734
10 52 1.46042
10 69 0.673029
11 14 -0.0545763
11 17 -7.11932
11 18 -2.3918
11 19 -2.25526
11 33 -3.13862
11 37 -0.354743
11 40 -5.29635
11 42 -1.49708
11 46 2.47197
11 48 -0.0769193
11 62 -2.71175
12 13 -3.37998
12 21 4.75477
13 21 -1.10716
13 23 -2.27335
14 17 0.794069
14 19 0.0529733
15 16 0.340182
15 20 -0.340314
16 20 -6.27611
16 21 5.83806
16 35 4.40278
17 19 2.2697
17 21 -1.95015
17 24 0.722426
17 26 -3.181
17 34 -0.239342
17 41 -0.0266997
17 42 0.0470637
18 22 -0.0211146
18 30 3.04511
18 33 1.92658
18 37 0.105334
18 40 -0.0758216
20 28 1.07056
20 35 -1.6855
20 38 -1.69086
20 44 -1.30083
21 23 2.19698
21 24 -0.928971
21 26 1.18635
21 34 -1.18208
21 35 2.28528
21 38 1.61918
21 39 0.104431
21 41 -0.781412
21 45 0.00814051
21 47 1.49414
21 50 3.3481
22 30 -3.44347e-05
22 31 0.0113975
23 24 -0.225383
23 41 -0.092823
25 31 0.0121769
26 34 -0.353819
26 41 -0.0464115
27 36 0.609242
27 49 0.169393
30 31 0.0241812
30 37 0.529056
30 40 -0.545886
30 51 5.50161
30 59 8.04263
30 61 -3.77737
31 43 -0.211596
31 54 -0.935351
31 57 -0.347516
31 59 -0.913251
31 67 -0.343276
34 41 0.0411008
34 42 -0.0470473
34 45 -0.00814047
34 47 -0.307999
35 38 9.59669
35 39 0.0835994
35 41 -0.0464115
36 49 1.69316
36 52 1.70811
36 69 3.41162
36 94 -3.31536
36 110 -0.56723
37 40 -0.0369234
38 39 0.548907
38 41 -0.093043
38 44 1.56891
38 47 0.758015
38 50 2.88792
38 56 3.25814
38 58 2.02352
38 60 0.841373
38 65 -2.0865
39 41 -0.0464115
39 50 0.157793
40 46 -0.502378
40 51 -0.445397
41 42 -0.047031
41 45 -0.0149633
41 47 -0.236206
41 48 -0.107659
41 50 -0.186086
42 48 -0.0483622
43 52 -0.00665907
43 57 0.618479
43 67 2.04221
43 69 -0.0133182
44 58 0.0233459
45 47 0.811667
45 48 -1.62478
45 62 -6.66405
46 51 -1.756
46 61 1.85336
46 62 -8.84247
46 66 0.0663456
46 70 -0.292438
47 50 3.233
47 53 -6.65294
47 60 0.982543
47 62 -1.69086
47 63 1.48417
47 64 -2.25787
48 62 -7.65085
49 69 0.340611
49 74 -6.39869
49 80 -4.43612
49 85 -4.8442
49 94 -2.58569
50 53 -4.01011
51 61 -0.977865
52 69 1.80543
54 55 -0.0879764
54 59 1.66853
54 67 0.53226
54 69 -0.208012
55 59 -0.312723
57 67 0.0431462
59 61 -0.618144
59 67 0.247582
59 69 -0.31939
59 70 -0.911523
59 76 0.799789
59 77 -0.173558
59 84 -2.35889
59 97 -0.0696519
59 105 -2.12694
59 130 -0.687271
59 141 -2.78039
59 155 0.324546
59 164 -2.93164
60 64 -3.57445
60 65 -0.339541
61 66 0.0140559
61 70 -2.17376
62 63 -2.78039
62 66 -13.1675
62 68 -0.533685
62 71 -0.0544849
62 75 -1.54979
62 83 -0.982543
63 64 -1.53697
63 68 -0.0304368
64 65 -4.14168
64 68 0.0597845
64 72 1.27186
64 73 -1.66758
65 73 -11.0747
66 70 2.00061
66 75 -1.84714
66 78 -0.704909
66 83 -4.43612
66 87 -0.216498
67 69 -0.29582
68 71 -6.44416
68 72 0.0586953
69 84 -0.446972
69 93 0.349066
69 104 0.112303
69 110 -4.43612
69 121 -5.53733
69 124 -0.0284663
70 76 -1.29059
70 77 6.63611
70 78 -0.348117
70 91 -0.19703
70 97 0.458025
70 155 -0.306481
71 72 -7.75148
71 75 -9.68641
71 86 -1.69086
72 73 -7.97782
72 86 -0.353819
73 86 -6.11872
73 117 -0.570413
74 80 -1.14578
74 85 -4.63005
75 83 -6.19949
75 86 1.34426
75 87 -2.01092
75 95 -1.791
75 100 -0.268851
75 115 0.258219
76 77 -0.700233
77 78 -1.41668
77 88 -0.548102
77 91 0.844086
78 87 0.216498
78 88 -1.54979
79 80 1.34151
79 81 -0.5251
79 89 0.554888
79 90 1.52584
79 92 0.311075
80 85 1.51958
80 89 5.97024
80 96 0.823426
80 103 1.29968
81 82 -2.08215
81 90 -1.34378
81 92 -7.00036
81 102 -3.16847
82 102 -5.0609
82 111 0.218584
82 116 -1.84714
82 125 -0.12813
84 93 1.18753
84 99 3.40211
84 105 -1.74338
85 89 0.662065
85 94 -0.0896149
85 96 1.08022
85 103 -0.132425
85 106 0.295845
85 161 -4.43612
86 100 -4.0628
86 117 0.905357
87 88 -3.75589
87 91 -0.503735
87 101 0.509141
87 107 0.0343239
87 109 -2.71172
87 115 -0.722426
88 91 -1.0962
88 101 -3.91844
89 90 1.68853
89 98 5.19526
89 103 0.968349
89 122 3.50027
89 161 -3.73241
89 176 3.9645
89 189 0.21772
89 237 0.072022
90 92 0.549667
90 98 3.3053
90 113 0.240093
91 97 -6.14662
91 101 -4.73078
91 107 -0.203218
91 129 2.83135
92 102 -0.00422152
92 113 -1.90358
92 120 -0.969907
93 99 1.72471
93 104 0.484911
93 108 0.131132
93 119 0.418877
93 124 -0.138268
94 96 -0.616598
94 106 -2.02352
94 110 -0.500431
95 100 -3.93369
95 115 -7.18953
96 103 0.123898
96 106 -0.233731
97 129 -5.35199
97 155 -0.561424
97 169 -1.25517
98 113 0.601422
98 122 1.43331
98 128 -2.00363
98 189 0.273428
99 105 -0.136354
99 118 4.64087
99 119 6.61866
99 142 3.84548
99 156 2.17094
99 191 0.434708
100 115 0.912409
100 117 -7.10853
100 157 -0.0872939
101 107 0.0337645
102 113 0.00525744
102 114 0.0758167
102 116 1.88005
102 120 0.250181
104 108 2.29058
104 121 -10.3815
104 124 -0.164809
104 126 4.2015
104 142 0.00280951
104 150 -5.22453
104 153 -3.57445
104 168 0.171222
104 173 0.00316231
104 199 -0.0378827
105 118 -0.343722
105 130 -2.23518
105 134 0.112837
105 152 0.00113267
105 156 -0.185869
106 110 -5.94367
106 121 -5.66993
106 132 -0.1616
106 136 1.58251
106 161 -4.8442
106 182 0.122721
106 186 0.415647
106 207 1.06834
107 109 -0.681071
107 129 -0.0335208
108 119 0.0360194
108 124 -0.11335
109 115 -4.75503
109 129 -2.52745
109 137 -4.14515
109 149 -2.29251
110 121 -0.0668988
111 112 -1.00613
111 125 -0.12813
112 125 -10.1946
112 127 -1.27785
112 145 -0.924411
113 120 3.02641
113 123 2.73671
113 128 -1.64092
113 131 2.0578
113 133 2.56403
113 143 -2.64699
113 144 0.407522
114 120 1.23102
115 149 -9.47003
115 157 -0.0320815
115 159 -0.852808
116 120 0.685458
116 125 -9.3242
116 135 1.2765
116 145 -2.02352
116 148 0.435171
116 151 -1.72077
116 167 -0.154158
118 156 0.128821
119 124 -0.425891
119 142 0.481809
120 135 0.283495
120 140 5.74358
120 144 0.55042
120 148 3.80633
120 158 -1.31563
120 162 0.655365
120 163 -0.271953
120 167 0.0072981
120 204 -0.00689169
121 132 0.461415
121 136 -0.0973492
121 153 -0.0667008
121 182 -0.0895994
121 207 -2.12243
121 225 0.0212141
121 229 -6.4557
122 128 -0.103784
122 138 1.28643
122 139 3.46783
122 154 3.12484
122 176 6.97161
122 183 1.66013
122 189 3.9484
122 198 0.103785
122 213 3.85286
122 219 4.12416
122 228 2.07539
122 237 0.260066
122 246 0.821632
124 142 -0.872461
124 168 -0.0104534
124 173 -0.0499292
125 145 -1.72077
127 145 -0.226632
128 131 -0.178549
128 138 0.355991
128 139 0.912957
128 143 -0.169826
128 189 -0.0966665
129 137 0.492715
129 146 1.00571
129 169 -0.236642
129 172 1.04069
130 134 -0.0503283
130 141 -0.122585
130 147 1.12458
130 152 -0.00443453
130 165 -0.012624
131 143 -1.12464
133 139 3.68267
133 143 -2.85285
133 144 1.54888
133 158 -0.206516
133 163 -0.0608996
133 177 -4.67052
133 183 0.908495
134 152 0.00216921
134 156 -0.120647
135 148 0.271341
135 167 0.00939833
135 204 -0.00689169
136 182 0.0480046
137 146 2.08743
137 149 -0.0444794
137 169 1.27034
137 171 0.736408
137 172 0.0555574
137 179 -0.758098
137 196 0.968847
137 211 0.00385582
137 212 0.0583186
137 218 0.275602
137 221 0.0282456
138 189 0.16852
139 143 -0.362634
139 183 1.63547
139 189 0.499024
140 158 -0.670544
140 162 0.0551516
140 163 -1.43559
141 147 -3.25244
141 164 -0.451047
142 168 0.00329602
142 173 0.469028
142 201 2.98249
144 158 -0.148121
144 183 0.0722542
145 151 -1.71824
146 169 -0.14761
146 172 -0.00329759
147 152 3.09202
147 156 0.0293018
147 164 1.89412
147 165 -0.0429703
147 166 0.0457646
147 180 -2.85481
148 162 1.06356
148 163 -0.058412
148 167 6.94879
148 178 5.29173
148 204 0.0145576
148 217 0.606723
148 234 0.108015
149 159 -0.159425
149 175 0.730968
149 179 -0.312745
150 153 -6.3687
150 168 -1.60463
150 184 -0.386023
151 167 -8.87224
151 188 -4.8442
152 156 0.187096
152 165 -0.0491536
152 166 0.153537
152 170 -0.0351896
152 180 -1.00226
153 184 -1.69086
153 206 5.56522
153 229 0.177636
153 241 7.32114
154 189 0.0480525
155 164 -3.20605
155 169 -2.71175
156 165 -1.7732
156 166 -0.079592
156 170 -0.560131
156 180 -0.380826
156 191 2.09359
156 193 3.55946
156 197 -2.18643
157 159 -1.45812
157 175 -2.00916
158 162 -0.0552605
158 163 0.00850302
159 175 -0.205261
160 210 -1.52822
160 214 -1.34772
160 231 -11.1214
160 255 -2.94745
160 265 0.578589
160 290 -0.59552
160 300 -0.122588
160 305 -0.645001
160 316 1.38648
160 380 -0.000307813
160 453 1.81752
161 176 -2.10127
161 186 -3.6481
161 194 -1.18877
162 163 -0.114053
162 177 0.099611
162 178 4.31294
162 204 0.00862497
163 177 0.0286015
163 178 -0.0337104
164 169 -1.02216
164 180 -4.48078
165 166 -0.0146481
166 170 -0.702904
167 188 0.0354254
167 217 3.5598
167 220 0.0996324
167 234 0.152353
168 173 0.00675452
168 184 -4.8442
168 199 -0.0419698
168 206 -5.53733
168 222 -8.31781
169 172 0.0588549
169 180 0.227834
169 185 1.13662
169 192 0.0296651
169 196 1.99866
169 200 0.00241473
169 211 -0.66469
169 218 0.117848
173 199 -0.411927
173 201 1.08887
173 206 -5.236
173 222 -5.53733
173 253 -4.8442
174 181 -1.00226
174 187 -3.70763
174 190 -2.27269
175 179 -0.198829
175 203 -3.19614
175 205 1.08393
176 189 0.910469
176 194 0.249806
176 207 -0.0335922
176 226 0.783937
176 230 -0.0183204
176 236 -0.418376
176 237 1.996
176 246 3.67194
177 178 1.26113
177 183 1.07244
177 204 0.00759868
178 183 2.91103
178 189 0.274475
178 195 -2.85606e-08
178 202 -0.245674
178 204 0.0928285
178 213 0.656496
178 217 0.77713
178 233 -0.87047
178 235 1.00258
178 238 0.284323
178 243 -5.08302
179 203 -0.289317
179 205 0.00836017
179 212 -0.914489
179 218 -0.190192
180 185 3.94411
180 197 0.58008
181 187 -5.2908
183 189 1.11012
183 202 -0.0879269
183 204 0.00640891
184 206 -2.42306
185 197 2.06181
185 200 6.45937
185 211 0.00260871
186 194 0.000496907
186 207 4.41061
186 236 0.0338754
187 188 -10.6761
187 190 -0.393203
187 208 0.533685
187 210 -0.0700634
188 210 1.07576
188 217 -0.197962
188 220 5.70342
188 234 4.07196
188 243 0.570497
188 249 -0.0208083
189 198 0.36288
189 202 -0.326728
189 204 0.00788993
189 209 -0.0240887
189 213 1.66819
189 219 2.18034
189 228 0.32326
189 237 0.244042
189 246 2.08791
191 193 8.15579
191 201 2.50075
191 216 0.148121
191 224 6.20282
191 232 4.16308
192 196 0.02937
192 211 -1.60851
192 218 -3.73538
193 197 -2.04003
193 215 -3.73241
193 232 2.45098
193 240 -0.00970906
194 207 -0.00319076
194 230 -0.0377355
194 236 -0.377256
194 237 0.072022
195 204 -5.7742e-08
196 211 0.00248603
196 218 0.527343
197 200 0.849093
197 215 -5.95247
199 222 -0.219891
200 211 0.016309
200 215 -3.73241
200 223 0.342852
200 227 0.560371
200 232 0.00593227
200 240 -4.22806
200 244 2.19469
200 245 -10.3963
201 224 0.236974
201 252 -1.84213
201 253 -12.9078
201 256 0.110324
201 260 -3.43706
202 204 -0.0160087
202 209 0.154824
202 213 -0.0641566
203 205 -2.80023
204 213 0.0139422
204 235 0.0171922
205 212 -2.95925
206 222 -1.04226
206 241 7.88633
206 248 2.25617
206 253 0.40171
206 266 0.599278
206 272 -0.0216962
206 282 -0.0526468
207 225 -1.20501
207 230 1.38093
207 236 0.060766
207 237 -0.0136043
207 241 0.0198859
207 248 0.0302279
208 210 -0.101248
208 214 -1.57696
208 231 -2.52745
210 231 0.0764117
210 243 0.203706
210 255 -1.32411
211 218 0.651485
211 221 0.806464
211 223 0.0502201
211 227 0.957011
212 218 0.0560373
212 221 0.0282457
212 258 -0.943623
213 228 1.10564
213 235 0.473246
213 243 -4.17758
213 246 2.19179
213 251 2.40541
214 231 -1.42058
215 232 -1.27785
216 224 1.63282
217 220 -0.0117277
217 234 0.065872
217 238 1.67764
217 239 5.90733
217 243 -2.98542
217 249 -3.18529
218 221 4.6154
218 258 -3.31536
219 228 0.715956
219 246 6.80126
220 234 0.786068
220 243 0.0234553
221 227 3.72729
221 250 6.07766
221 258 -9.69263
221 274 -0.0234155
223 227 0.140442
224 232 0.682069
224 247 0.94109
224 252 -0.0333659
224 256 0.439556
225 229 -0.0962699
225 241 -0.000441514
226 236 -0.0521515
226 237 0.201304
227 244 5.05417
227 245 -10.9931
227 250 5.62313
227 274 -0.0234155
227 280 -2.10127
228 246 2.15568
229 241 3.50404
230 236 0.265934
230 237 -0.0393223
232 240 -0.428656
232 245 -0.451389
232 247 0.0186665
232 252 -0.00828353
232 261 0.0494825
232 268 2.51669
233 235 -0.579137
233 243 -1.23277
234 239 1.12449
234 243 1.13677
234 249 -0.216009
235 242 -0.218641
235 243 -1.94146
236 237 0.573424
236 241 0.402335
236 248 1.18727
236 269 0.142958
237 246 3.61147
237 267 1.49384
237 269 0.0351389
238 243 -0.740165
239 249 -0.471022
240 245 1.03187
240 268 -0.195022
241 248 3.38514
242 243 1.09321
243 246 -3.20605
243 249 -0.0292269
243 251 -0.451047
243 254 -1.08303
243 255 -3.43706
243 270 -4.8442
243 275 -6.65866
243 278 -0.321795
243 279 3.72402
243 285 1.18877
243 288 -4.8442
243 293 -4.8442
244 245 -6.2135
245 268 -9.52458
245 280 -0.460639
246 251 1.51995
246 259 7.25473
246 263 2.46283
246 267 1.48831
246 284 0.759033
246 289 1.64581
246 291 0.195775
246 293 0.943623
246 303 0.400971
247 252 -0.0126968
247 256 0.221403
247 261 5.07901
247 264 -20.355
247 268 0.0858829
247 286 -14.8177
248 266 2.12308
248 269 0.486452
251 259 3.73241
252 256 -0.0173777
253 257 -0.42319
253 260 -0.297501
253 262 -6.88133
253 266 0.219803
253 272 -1.52308
254 255 0.356008
254 265 -11.2739
254 270 -9.68249
255 265 -1.32411
256 260 -2.22758
256 264 -7.87756
257 262 1.11567
258 271 -0.242411
258 274 0.0113912
258 277 -4.14515
258 280 -4.67457
259 263 0.517023
260 262 2.48849
260 264 4.92746
261 268 0.164251
261 281 2.10336
261 286 -5.53733
262 264 9.84961
262 272 -3.91844
262 273 9.50876
262 283 7.75108
262 327 5.96235
262 331 0.179457
262 350 5.74845
262 358 2.15298
262 365 0.290477
264 286 2.32936
264 326 3.55048
264 327 2.00783
264 328 2.17737
264 341 0.261535
264 358 0.050377
264 382 0.919138
264 399 0.0370452
264 400 0.0510311
265 270 0.775982
265 276 -13.2569
265 290 -0.451888
265 300 -0.0118572
265 305 -1.83518
266 269 0.140416
266 282 -0.327723
266 287 0.0433795
266 302 -0.0349562
267 269 0.896981
267 284 0.197384
267 289 4.17057
267 292 -0.367787
267 294 1.3871
267 296 2.67749
267 297 1.98987
267 311 0.274511
267 329 -0.740165
267 348 -0.514144
268 280 -5.68358
268 281 2.96717
269 287 0.387762
269 292 -4.34774
269 294 0.385895
269 295 -0.210882
269 302 -0.165772
269 318 -0.924411
269 340 -4.1926
269 343 -4.06132
269 367 -0.00229008
269 375 -2.44306
270 275 1.20422
270 276 -1.51411
271 277 -0.226632
271 280 -1.91493
272 282 -0.237108
272 283 -0.687271
274 280 -0.0898564
275 276 -6.69104
275 288 -1.52308
275 305 -2.16794
275 308 -4.8442
276 305 -0.73224
277 280 -4.8442
278 285 -0.116857
278 293 -1.88061
278 304 -2.78039
279 285 2.04905
279 288 -6.69134
279 306 -2.14198
279 308 -4.8442
279 317 -10.0222
279 345 -4.43612
279 346 -9.97346
279 360 -5.53733
280 281 -2.10127
280 298 -9.81064
280 301 -7.12449
280 319 -5.72947
280 321 -5.66655
280 333 -0.0166129
280 336 -6.53739
281 286 -7.87318
281 321 -2.95086
282 283 -15.0249
282 302 -1.19535
282 331 -0.62465
282 350 -0.418426
283 331 0.312342
284 289 1.16705
284 303 0.105496
285 304 -5.53733
285 306 -1.98633
286 310 4.95611
286 320 0.945212
286 321 2.30664
286 323 3.80962
286 326 1.3051
286 339 0.284705
286 341 4.3678
286 351 0.115971
287 302 -0.11742
287 343 -0.794008
288 308 -0.584119
289 303 1.46114
289 329 -0.210882
289 342 0.286238
289 349 1.60952
289 363 1.38085
289 392 -0.0126254
289 404 0.14547
291 293 0.0665501
291 303 1.21575
292 294 -0.0261511
292 295 -0.210882
292 299 0.903714
293 303 5.62976
293 304 -1.78253
293 307 -3.31536
293 312 -0.546735
293 344 -0.687271
293 354 -7.00834
294 296 2.5159
294 299 0.14683
294 311 0.345456
294 334 -0.0454568
294 340 -2.27269
294 372 3.08041
295 299 -5.28419
295 318 -2.18405
296 311 0.6855
297 311 0.0171085
297 348 -2.74618
298 301 -0.30416
298 309 0.0631975
298 315 -1.81597
298 319 -0.418426
298 333 -0.483906
299 318 -8.28126
299 334 -0.733207
299 340 -10.3815
300 305 0.803241
300 316 -0.309082
300 380 -0.0254245
301 309 -0.60832
301 313 -7.36064
301 314 -0.132481
302 343 3.15898
302 350 -7.45185
303 354 -3.43706
303 363 2.7376
303 370 -1.72077
304 306 0.982543
304 307 -2.94206
304 312 0.822363
304 317 -3.43706
304 322 -1.91552
304 337 -7.6246
305 308 -3.57445
305 316 -0.11539
305 324 1.12191
305 325 0.840414
305 338 1.51612
305 346 0.292605
305 380 0.00133596
306 317 1.42058
306 337 -1.75131
307 312 -2.27269
308 345 -3.31536
308 346 -2.31952
309 313 0.259061
309 315 -0.315854
309 330 -1.36008
310 341 1.03652
311 332 -0.407073
311 348 -1.31088
311 372 1.78607
312 317 -1.57696
312 322 -2.78771
312 344 -6.96307
312 355 -8.12302
312 364 -2.85347
313 314 -1.81446
313 330 -0.518122
313 335 0.442887
313 347 -2.30653
313 352 -0.00829417
315 330 -11.6318
315 333 -5.13071
315 357 -5.8692
316 325 -0.370551
316 376 0.105546
316 377 2.61742
316 380 0.0380056
316 385 0.105382
316 405 -0.832586
316 418 1.28661
316 427 0.0696185
316 428 0.0275959
316 431 3.26486
316 453 0.540784
316 467 -0.0736628
317 337 -5.14645
317 355 0.25136
317 360 -2.41897
317 366 -3.98188
318 340 -0.81228
319 333 0.738686
320 339 1.71237
320 341 0.268607
321 336 -0.254984
321 341 0.771082
321 351 2.21259
321 353 5.11313
321 391 0.152509
323 341 1.79372
324 325 1.63489
324 338 4.23198
324 346 0.105515
325 338 7.30891
325 346 0.0351717
325 376 0.9144
325 380 0.00163628
326 328 4.83905
326 339 1.90626
326 341 0.520929
326 382 0.797704
326 400 0.0193106
327 358 6.23494
327 400 0.480583
329 342 -0.483906
329 348 -2.85347
329 349 -0.116857
329 359 -0.618144
330 335 -2.82968
330 356 -5.20156
330 357 -2.06181
331 350 1.25517
332 348 1.16496
332 372 -4.0835
332 386 -2.18405
333 336 -4.28452
333 357 0.601364
333 369 -0.159869
335 347 -1.60463
335 352 -0.0163391
335 356 1.68981
335 357 1.44376
335 373 -0.159311
335 396 -1.45405
335 421 -4.50413
335 434 -5.53733
336 353 -1.77542
336 368 -1.36303
336 369 -4.8442
338 346 0.151684
338 361 -8.41866
338 376 2.26241
338 379 6.3687
338 383 5.26397
338 385 3.12981
339 341 1.10401
339 371 0.248149
339 374 2.37921
339 425 0.0230432
340 367 -2.10127
340 372 -0.533685
341 351 5.02976
341 371 2.78224
341 381 7.53537
341 423 -0.0932035
342 349 0.339462
343 350 -5.53733
343 375 2.59894
343 384 -9.93248
344 354 -1.43389
344 364 1.41289
345 346 -0.889485
346 360 0.233721
346 361 -9.26974
346 362 -0.765631
346 378 0.173439
346 383 0.0148887
347 352 0.378191
348 359 1.91122
348 386 -4.14515
348 395 -13.8635
348 407 -7.0907
349 359 -3.6357
349 363 0.0368943
349 392 0.277594
349 404 1.14693
349 414 -4.8442
349 420 -4.8442
349 432 0.21134
349 433 5.83465
350 365 1.1667
350 384 1.32411
350 393 -0.797255
350 411 -0.321795
351 353 0.101982
351 381 2.77096
351 391 1.94082
351 398 3.82304
351 410 1.80245
352 402 -3.39797
352 421 -4.27089
353 368 0.0269337
353 391 0.764505
353 397 -0.000388923
354 364 -0.0254804
354 370 -5.07403
355 364 -7.54809
355 366 -5.53733
357 368 3.79178
357 369 -0.799845
357 373 -0.259115
357 390 1.88061
358 365 7.20097
358 382 0.0885557
358 400 1.92829
358 406 1.78253
358 429 0.253429
358 437 0.0902904
358 439 -0.0560839
358 440 2.97875
358 441 0.483906
358 451 -0.223311
359 395 -10.9313
359 414 0.337785
360 366 4.12949
360 378 0.925792
360 401 0.383194
360 422 -1.0153
361 362 -2.27269
361 378 -4.43612
361 383 -1.72077
361 388 -3.02517
361 389 0.421922
362 378 -4.15713
363 370 -1.27785
363 387 -2.52745
363 392 -1.83801
363 404 0.118483
364 366 -6.1019
364 370 3.60526
365 393 -0.319146
365 406 2.52745
365 408 3.26736
366 370 -1.90823
366 401 0.0300302
366 416 2.81962
366 422 -1.94947
366 426 -1.55414
366 430 -0.595953
366 435 -0.149702
367 372 0.730489
367 375 1.49807
367 409 -0.065802
367 413 3.1762
367 454 -0.104527
367 472 -0.0366491
368 369 -0.175788
368 390 0.179457
368 391 0.0435312
368 394 0.584119
368 397 3.0176
370 387 -0.453594
370 404 1.23331
370 416 -3.10675
371 374 0.534295
371 381 2.19779
371 424 -0.127383
371 425 0.0490015
372 375 0.0439508
372 386 0.0273256
372 407 0.187194
372 409 0.111968
372 413 0.0955141
372 419 0.304111
373 390 -1.81446
373 396 -1.95015
374 382 6.0543
374 424 -0.0411601
374 425 2.04188
375 384 -5.82283
375 409 -0.0438413
375 413 0.202327
375 415 -4.14515
375 454 -0.111512
375 459 -0.0719351
375 472 -0.0216006
376 380 0.0558131
376 385 0.40697
376 405 -0.166616
377 380 -0.00192379
378 388 1.26065
378 401 1.99066
378 412 -0.629741
378 422 -0.111913
380 431 -0.00542339
381 398 1.7812
381 410 0.516952
381 423 -0.218316
381 424 -0.421857
381 425 -0.0306444
381 436 -0.109985
382 399 1.71479
382 400 0.0929533
382 425 2.64699
382 429 1.37575
382 437 2.10094
383 385 1.34772
383 389 -5.75205
384 411 -0.114671
384 415 -0.350506
385 389 -3.76079
385 405 -0.0922945
385 418 -0.0429486
385 428 -0.919166
386 407 1.97851
387 392 -4.80589
387 404 -0.889376
388 389 -0.343398
388 412 -0.140275
388 417 -0.132481
389 417 -1.10372
389 427 -4.28532
389 428 -4.16551
390 396 -0.03952
390 397 0.375638
391 397 -0.149946
391 403 0.669846
391 410 2.26738
391 445 -0.884689
391 450 4.82034
391 457 -0.512632
391 471 0.0840149
391 474 0.985013
392 404 1.75475
393 406 -2.27269
393 408 -1.52756
393 411 -1.03934
393 415 -0.075051
393 442 -1.19811
394 397 1.02216
395 407 -0.289934
395 414 -11.3364
396 397 -0.569973
396 434 -5.53733
397 434 -7.14787
397 443 2.64699
397 446 2.52172
397 450 -0.0459901
397 457 6.4555
397 470 1.30016
398 410 4.12343
398 423 -0.126329
398 436 -0.0278177
399 400 0.0193314
400 429 0.124183
401 412 -0.0837911
401 417 3.92706
401 422 0.194564
401 426 1.07573
402 421 2.57397
402 434 1.04999
402 478 -0.875158
403 410 3.6296
404 416 -10.6576
404 433 1.58715
404 452 -1.78253
405 418 -0.389479
405 428 -0.0748471
406 408 2.06181
406 441 3.77056
406 442 -8.01058
406 451 -0.779801
406 458 3.10675
406 465 -0.884215
406 481 1.11966
406 509 0.173478
407 409 0.828583
407 414 -5.53733
407 419 8.14701
407 456 1.16437
409 413 -5.25271
409 419 2.84983
409 448 -5.53733
410 423 -0.341331
410 436 -0.0276783
410 438 0.0944569
410 445 -1.97313
411 415 0.153271
411 442 -9.38936
412 417 8.52603
413 448 -0.399499
413 454 -1.67626
413 461 2.91734
413 472 -0.0793082
414 420 -1.92642
414 433 -3.43706
414 456 -4.20228
414 475 -11.0747
414 485 0.256563
414 493 -4.62906
414 498 -1.14578
415 442 0.4784
415 454 -4.56551
415 458 -1.63282
415 459 -2.90287
415 472 -1.26424
415 509 -0.243405
415 512 -0.237177
415 527 0.0338048
415 535 0.230949
416 430 -0.187017
416 435 0.0934266
416 447 3.07352
416 452 4.00673
416 455 0.689332
416 462 0.390095
416 466 1.46215
416 500 0.339465
417 426 4.43612
417 427 7.40182
417 449 1.52308
417 473 -6.75914
417 486 1.75131
417 495 0.498103
418 427 0.0236124
418 428 0.138282
418 431 0.752972
419 448 -5.53733
419 456 1.19319
419 460 -4.43612
420 432 -1.21064
420 433 -2.64699
421 434 3.45199
422 426 4.09098
423 424 1.12237
423 436 0.112546
423 438 -0.0348656
424 425 1.42517
424 436 1.30077
424 444 4.02695
425 429 1.37757
425 437 0.99876
425 444 4.84697
426 430 4.97536
426 455 1.36196
426 479 5.72964
426 482 1.39164
426 486 2.31952
426 510 3.65974
426 529 -0.109744
426 544 -0.0492266
426 558 -0.0113517
427 428 7.09394
427 449 5.44598
427 453 0.716082
427 467 -0.382539
427 489 4.43612
427 492 0.0526164
427 495 1.48664
427 511 7.83689
427 519 4.53881
427 531 4.36521
427 533 3.91844
427 539 4.74197
427 545 -0.256564
427 562 4.59204
428 431 0.00550439
429 437 0.0409589
429 439 2.11584
429 444 1.00226
429 451 -0.111143
429 464 3.9886
429 468 3.29012
430 435 5.47506
430 455 4.76758
430 482 2.21367
432 433 0.141043
433 452 -7.3512
433 475 1.60463
433 485 -10.3815
434 443 -10.062
434 463 -0.392732
434 478 -0.198183
435 447 0.0126006
435 452 0.0126006
435 455 0.350713
435 462 0.0126006
436 438 -0.0348656
436 444 4.5039
436 445 -0.403014
436 476 2.70639
436 483 1.16035
436 484 3.46044
436 491 -0.732851
436 496 2.85347
438 445 -3.07411
439 451 1.1905
439 464 1.49831
439 497 0.359771
440 441 2.04218
440 451 -1.46429
441 451 -0.941625
442 458 -2.41897
443 446 2.63154
443 463 0.0852669
443 470 1.66155
444 468 1.47101
444 476 0.982543
444 483 0.161996
445 471 -0.0500717
445 474 4.18737
445 491 0.0342533
445 499 -0.0171266
446 470 1.65673
447 452 3.90257
447 455 0.155326
447 466 0.696557
448 460 -1.68064
448 461 -0.547691
450 457 -1.22234
450 474 0.863827
451 464 0.699853
451 465 0.864443
451 480 0.700099
451 488 3.82579
451 497 0.0725345
452 455 0.0377945
452 462 3.90269
452 466 5.45022
452 469 5.84714
452 485 2.46183
452 505 -0.244423
452 513 -0.0491287
453 467 -0.508033
453 492 0.0524986
453 539 2.27269
454 459 -1.58841
454 472 2.8209
455 466 1.41091
455 482 1.92074
455 500 1.57201
455 510 2.06503
455 569 0.191484
456 460 -7.90555
456 477 -8.03709
456 490 -5.38891
456 498 -0.874044
457 470 0.60507
457 474 -0.526917
457 494 0.0132307
457 503 -0.942043
458 509 1.72077
460 461 0.82698
460 472 -0.0970767
460 490 1.49683
460 501 -11.3483
461 472 -0.150788
463 470 3.43706
463 478 4.03748
463 487 6.72694
464 468 2.15718
464 497 3.67317
465 480 3.05859
465 481 -0.541087
465 504 0.658278
465 509 -0.0158541
466 500 2.07014
466 502 0.685642
466 505 -0.192216
466 513 -0.114856
466 569 1.04636
467 492 -0.0261904
468 476 1.63282
468 496 3.90414
468 497 2.19915
468 515 3.73241
470 487 7.09031
470 503 0.000138652
470 507 3.33594
470 514 0.261138
470 520 2.22758
470 528 -1.06361
470 537 1.30996
470 546 0.705063
471 474 1.36502
472 501 -6.25023
472 516 0.883409
472 527 -0.0668441
472 536 0.704779
472 543 -3.43706
472 555 -13.8336
472 561 -10.3815
472 580 -4.8442
473 486 -2.78039
473 495 -14.2807
474 491 -0.0419297
474 494 -0.215487
474 499 0.578953
475 485 -5.53733
475 493 0.0544848
476 496 4.98205
477 490 0.443451
477 498 -0.437844
478 487 7.85596
478 506 6.55542
478 546 2.85347
478 552 7.8351
478 554 5.84281
478 571 6.62399
479 486 2.10127
479 495 4.16308
479 510 1.75957
479 522 0.0202205
479 524 -0.115181
479 529 -0.0208143
479 538 -0.326278
480 488 0.283255
480 504 5.7721
480 509 -0.00770779
481 509 0.0767208
483 484 3.10701
483 491 -0.0604336
483 499 0.0149781
483 508 2.30553
483 518 -0.227013
483 549 0.0103526
484 496 3.72295
484 508 0.119702
484 518 0.777907
484 549 0.0100485
484 553 0.0192387
485 490 -8.58127
485 493 -2.64699
485 498 -4.43612
485 505 -8.37993
485 513 -0.00526534
485 556 -2.10127
486 495 3.20604
487 520 0.418426
487 546 1.52308
488 497 0.0412333
488 504 1.6508
488 542 -3.8613
490 498 -1.27582
490 501 -16.3088
490 536 2.21642
490 556 -0.247776
491 499 -0.611792
494 499 -0.981853
494 503 -4.40714
495 522 1.56802
495 524 -0.0373748
495 530 0.807264
495 531 0.554353
495 545 -0.0285471
495 558 0.00122012
495 559 0.0316794
496 515 0.949294
496 518 1.26602
496 521 2.29665
496 532 0.2425
496 541 -0.00938616
497 504 -0.0164292
497 515 3.93961
497 542 -0.0350623
497 550 0.145417
497 551 -0.013285
499 503 -1.88868
499 508 0.0299562
499 517 -0.831295
499 525 -0.00736444
499 526 -3.51172
500 502 3.48561
500 510 0.723239
500 569 1.4863
500 576 2.49248
500 583 1.15708
500 601 0.0810419
500 614 -0.0158247
501 536 -2.36822
502 569 0.818019
503 514 0.00636869
503 517 -0.0957722
503 525 0.0382702
503 528 4.25033
503 534 3.66807
503 547 0.672249
504 509 0.369315
504 542 -1.79184
504 551 0.154355
505 513 4.64298
505 523 5.96
505 536 -9.68249
505 556 -4.14515
505 573 0.384077
505 574 5.63489
505 587 -0.0480612
505 593 -0.315506
505 617 0.732945
505 644 0.0595952
505 660 2.03033
508 518 -1.19972
508 526 0.175558
508 549 0.0819554
508 553 1.15874
508 560 0.00538882
509 512 -0.000703283
509 551 0.474891
509 572 0.589714
510 529 -0.0425432
510 538 -0.838439
510 544 -0.410834
510 557 -0.0563187
510 558 -0.0656582
510 576 0.673167
512 535 -4.83334
512 551 0.00314212
512 572 -0.503172
512 580 0.434708
512 596 -5.73693
512 599 -5.25116
513 569 -3.93389
513 573 0.256056
513 587 -0.00142263
514 528 -0.259222
515 521 0.643446
515 532 4.62436
515 540 3.04777
515 550 1.64594
515 563 -4.14515
515 564 2.20484
515 565 1.9432
515 568 -2.10127
516 527 -0.35515
516 535 -0.583805
516 580 -3.01573
517 525 -0.0241794
517 547 -0.383068
518 521 0.350665
518 532 0.817219
518 541 -0.0723377
518 549 5.85988e-06
518 553 -0.0952761
520 546 1.81446
521 532 2.44984
522 524 -0.0514934
522 530 0.0137338
522 548 0.343094
524 538 0.301358
524 548 0.521286
524 558 1.10987
525 526 0.0980908
525 528 0.0571928
525 547 0.193507
526 547 3.70148
526 549 1.5464
526 560 0.0164435
526 567 2.4238
527 535 0.284357
528 534 1.95978
528 537 -6.15117
528 546 -0.825772
528 547 3.9822
528 581 1.76083
528 585 3.33161
528 590 0.0751127
528 619 0.00623495
528 639 -0.01039
529 538 0.491714
529 544 0.144471
529 557 2.68539
529 558 3.10201
529 576 0.0680016
530 548 0.175999
530 558 0.0173481
530 559 0.0148898
531 545 -0.148693
531 559 -0.0092892
531 562 1.34019
532 540 0.418426
532 541 -1.06734
532 563 -8.58127
533 539 4.14515
533 562 6.3794
535 580 -3.91963
536 543 -1.63282
536 555 -2.85347
536 556 -0.247776
536 566 0.483906
536 578 -3.42915
536 597 0.55042
536 610 -4.43612
536 660 -5.53733
537 546 0.796938
537 581 -1.08397
537 590 -0.21231
538 558 8.27162
538 570 3.4197
539 562 10.7223
539 624 6.73467
539 638 1.98848
541 553 -9.57978
541 563 0.687271
542 550 -0.308861
542 551 -0.183877
542 568 -0.037373
542 579 0.149851
542 582 1.40091
542 586 -0.0192447
543 555 0.195158
544 557 0.212257
544 558 0.172637
544 576 0.0196265
545 558 0.631582
545 559 0.514071
545 562 -0.0652407
545 592 0.74672
546 554 1.77746
546 588 4.46193
546 590 -0.0313925
546 603 1.68129
546 636 3.79213
546 647 1.38392
547 567 1.16715
547 577 3.6008
547 585 2.487
547 589 1.18817
547 595 2.11505
547 602 2.26692
547 649 -0.0829519
548 558 3.42719
549 553 0.0154981
549 560 0.0627633
549 567 0.25954
550 568 -2.71584
551 572 0.351429
551 582 -0.187166
551 586 0.0290759
551 596 0.090045
552 571 2.02352
553 560 -0.133509
553 563 -5.53733
553 567 -0.0820475
553 575 -0.0378941
553 584 0.0172341
553 591 -0.180369
553 620 0.114881
553 622 -0.0110897
553 627 -0.0168081
553 628 3.30252
553 640 -0.00690892
553 643 -0.0504242
553 651 -0.0168081
553 667 -0.0145856
554 571 4.8958
554 588 3.4145
555 561 1.60463
555 566 -6.8214
557 558 4.45989
557 576 2.26565
557 611 0.928718
558 559 7.27459
558 570 5.78814
558 576 0.573888
558 592 5.49214
558 600 6.10358
558 606 3.43706
558 611 5.72554
558 618 1.77563
558 625 5.66976
558 634 3.5932
558 646 -0.00326439
558 656 -3.10675
558 661 0.35724
558 670 0.0211151
559 592 1.92893
560 567 0.0641415
560 591 0.00434691
561 566 -1.81446
561 578 -2.52745
561 580 -5.63921
561 594 -7.31647
562 592 -5.99002
562 615 0.0965224
562 631 0.455676
562 635 -1.59693
562 638 0.386023
563 565 -14.5267
563 584 -3.87066
564 565 2.2155
565 568 -2.10127
565 584 1.47101
566 578 -0.438199
567 591 2.03347
567 595 4.31462
567 626 3.20604
567 627 2.07204
567 651 5.81603
567 658 9.03965
568 579 -0.937958
568 584 -0.434708
569 587 3.03434
569 601 -0.0238285
569 608 -0.434075
569 613 -0.567858
569 614 -0.0252783
569 653 -2.07482
571 588 4.17554
571 612 -2.38082
572 586 0.052826
572 596 1.00798
572 598 1.61366
573 587 0.371307
573 593 0.0104313
574 587 -0.167328
574 593 -2.63875
575 591 3.73529
576 583 3.47622
576 601 1.40088
576 605 1.34886
576 611 3.18707
578 594 0.305845
578 597 -8.87224
579 582 0.429628
579 584 1.85888
579 604 0.364024
579 620 -0.0121237
579 632 0.117004
580 594 1.39593
580 599 -0.886457
581 585 0.909127
581 590 0.785079
581 619 0.03201
581 639 0.184846
582 586 2.32691
582 598 3.2656
582 604 1.19697
582 620 -0.00825746
582 621 -0.255215
582 623 0.17021
582 632 0.246611
583 601 0.0420154
584 620 0.631264
585 589 0.657976
585 590 -0.00776645
585 602 0.371656
585 619 -0.00241907
585 626 0.10429
585 639 -0.109924
586 598 0.699663
587 593 1.72003
587 608 -1.13124
587 617 -0.218671
587 642 -0.0649684
588 612 -0.583033
588 636 0.0544848
590 603 0.0287755
590 619 2.74373
590 639 2.82785
590 647 0.295239
590 648 2.13543
590 654 2.13243
590 683 2.77357
590 689 0.330528
591 622 0.395822
591 627 2.1358
591 640 0.00392805
591 643 6.73242
591 651 1.6401
591 667 0.0273386
592 615 -0.500431
592 625 1.93882
592 630 3.60826
593 617 -0.891337
593 642 -0.488351
594 597 -4.57096
594 599 -0.353819
594 609 0.917247
594 610 -2.78039
594 616 -1.93404
594 633 -1.98633
595 602 1.66241
595 626 0.00595737
595 649 -0.280104
596 598 1.68011
596 599 0.0935039
596 621 -3.93925
597 610 -8.98936
598 621 -1.53542
598 623 0.618144
599 607 -5.12089
599 609 -2.36822
599 621 -0.149884
600 606 4.01166
600 646 0.0491231
600 670 0.468474
601 611 0.437625
601 613 0.0724831
601 614 0.516954
602 626 0.149888
602 639 0.0178969
602 649 -0.0984305
603 647 0.56723
603 654 0.0634532
604 620 -0.00386627
604 632 0.0374791
605 611 3.8511
607 609 1.27245
607 616 0.0586945
607 621 -5.27171
607 637 1.63081
607 641 -2.74642
607 652 -0.226632
608 617 0.163779
608 642 0.601089
608 653 6.19498
609 616 -0.943623
610 633 0.604024
610 660 3.78878
611 613 0.23246
611 614 1.03488
611 629 4.76117
611 634 7.30772
611 653 3.20501
611 672 4.85632
611 704 0.366192
612 636 -0.979807
613 614 1.82276
613 653 0.162206
614 653 3.50825
615 630 -0.148226
615 635 -0.105328
616 633 -13.2629
616 637 0.305994
616 641 -2.11764
616 660 -11.5176
616 674 1.12464
617 642 3.96197
617 644 2.37731
617 687 2.9482
618 625 2.27189
618 656 -0.467445
618 668 0.483906
619 639 0.696289
620 628 0.000251059
620 632 -5.47418
620 640 0.518315
620 655 -2.31952
620 664 0.406643
620 671 2.96277
620 723 0.00211194
621 623 -2.06863
621 632 -2.35306
621 645 -0.221996
621 652 -2.58569
622 640 0.00545797
622 667 0.00896005
624 635 0.710567
624 638 3.3203
624 673 2.07348
624 705 -0.108233
625 630 1.47694
625 650 1.7612
625 663 0.214972
625 668 2.13891
625 669 4.25409
625 679 0.150591
625 682 1.86519
626 639 11.1173
626 649 -0.0323721
626 658 6.79616
626 695 4.94617
628 640 -0.000401109
630 635 1.38875
630 650 2.67876
630 662 -0.868242
630 663 0.887123
631 635 -0.792017
631 638 0.165284
632 645 0.21466
632 655 -0.86179
632 664 0.612958
632 665 -0.000888303
633 660 1.18946
634 661 2.22367
634 670 0.457227
634 672 6.90601
634 677 4.11024
634 681 0.453713
634 688 2.22758
635 638 -0.0523985
635 657 2.52061
635 663 0.300611
635 673 2.36419
635 699 1.1057
635 710 -0.635955
635 730 -0.0537043
635 732 -0.107409
636 647 6.08311
637 641 -2.12702
637 652 -0.956434
637 674 0.245646
639 648 1.20749
639 654 0.16036
639 659 7.27599
639 683 0.0530446
639 689 0.0734779
639 695 1.42058
639 697 3.87732
639 706 2.3053
640 667 9.09084
640 671 1.33853
642 653 3.14797
642 687 5.95434
643 651 5.15592
643 667 0.00414433
643 678 -0.125571
643 684 0.36041
643 686 0.755124
643 691 1.66537
644 660 13.9799
644 680 2.52745
644 687 1.50944
644 693 0.849093
644 696 3.00385
644 702 -2.22357
644 726 3.3058
644 742 -0.0366622
645 652 -0.321795
645 664 0.643813
645 665 1.58571
646 656 -1.40477
646 661 -0.0151838
646 666 1.99741
646 668 -0.632786
646 670 4.20065
646 685 1.08518
646 694 -0.0811968
647 654 3.34734
647 683 0.0786043
647 692 2.95857
647 715 -2.36822
647 717 0.148629
647 718 -3.91844
647 721 0.158055
650 662 -0.257143
650 663 0.210633
651 658 2.57899
651 686 3.03416
651 691 0.655826
651 695 0.0438007
652 665 -0.81228
652 674 -0.876944
653 675 2.52745
653 687 4.81302
653 704 0.325815
653 712 2.86523
653 719 4.00557
653 745 12.4131
653 770 3.57445
653 771 5.08614
654 683 0.319415
654 689 0.0549735
655 664 -1.57988
656 666 -1.10542
656 668 -4.14515
658 686 0.281925
658 691 0.021579
658 695 4.16987
658 722 0.344754
660 674 -0.0318291
660 676 0.0318288
660 680 1.06254
660 693 2.85347
660 696 1.36245
660 701 -0.584119
661 670 0.459227
662 663 -1.30785
663 682 0.37443
663 699 0.214855
663 709 1.36051
663 730 -0.279318
663 733 1.4234
663 756 0.139802
664 665 1.26256
664 671 3.95587
664 690 -0.0416818
664 700 0.285323
664 711 2.07697
664 713 0.0434661
664 723 0.0195478
664 737 2.21034
665 674 3.4737
665 713 0.698747
665 720 -0.384435
665 729 1.10594
665 731 -0.0595439
665 783 0.217781
666 668 -0.878555
667 671 4.91528
667 684 2.10291
667 698 4.95769
667 707 -0.0177456
667 725 0.245968
668 669 7.58855
668 670 -0.118801
668 679 0.0803025
668 685 -0.0720932
668 694 0.79378
668 708 2.88248
668 752 9.28865
668 754 1.81446
669 679 0.274773
669 682 1.54565
669 708 3.45396
669 709 0.0613655
669 714 0.359012
670 677 2.13003
670 694 0.25977
671 690 -7.36157
671 707 -1.84714
671 723 0.00211194
672 688 2.70076
672 704 0.366192
673 705 -0.399738
673 716 1.67858
673 732 -3.43706
674 676 -0.0616486
674 701 2.00875
674 729 4.15417
674 731 0.00100786
674 741 -2.81107
674 750 -0.186113
676 701 -1.66671
677 681 9.84216
677 694 1.31222
677 736 3.21059
677 757 0.146145
678 684 -0.141258
678 686 -0.0754952
678 691 -0.115639
680 701 -3.04069
680 702 -0.433578
681 688 5.09754
681 735 1.22546
681 736 2.36822
682 708 0.152844
682 709 0.31853
683 689 0.820821
683 706 0.770379
683 715 0.00133591
683 727 0.10992
684 691 0.468357
684 695 -0.00286328
684 698 1.65103
684 722 -0.0246747
684 728 0.0833125
684 740 0.00896554
684 743 0.0402144
684 744 -1.47979
684 753 0.0111352
684 793 -0.000965983
686 691 2.30122
686 695 0.0419214
687 703 7.87277
687 726 1.69086
687 734 6.5061
687 742 -5.26786
687 745 3.31536
687 764 7.15868
687 766 -2.41897
687 770 5.05942
687 780 1.30516
687 790 0.0544848
687 796 6.79816
687 804 -0.601089
688 704 1.88759
688 735 2.81052
688 747 0.0472613
689 706 0.0481126
690 707 1.03513
690 711 -0.408894
691 695 0.147069
691 722 -0.0350236
691 728 1.46629
691 740 0.0136435
691 744 -0.0366757
692 718 -1.47609
692 721 0.864236
694 752 1.11433
694 757 0.418963
695 697 1.81446
695 706 4.03814
695 722 0.658347
695 728 0.0473649
695 743 0.0917543
695 753 1.8307
697 706 2.22758
698 707 -0.0354912
698 711 0.104429
698 725 1.80785
698 744 -0.506482
698 748 -2.46777
699 710 -0.0132881
699 730 -2.04991
699 733 0.0448326
700 713 -4.57052
700 723 -1.8355
701 702 3.63479
701 738 0.128953
701 741 -0.26387
701 750 -0.0169764
701 755 0.0384371
702 742 4.88003
702 755 0.966215
702 786 2.01561
704 719 2.82579
704 747 -0.385542
704 791 0.642341
705 716 -0.482502
705 730 5.95999
705 732 3.01573
705 798 2.84541
706 718 0.257333
706 727 1.39775
706 753 1.67914
706 773 -1.78253
706 782 -4.14515
706 793 -0.660202
707 711 -0.103369
707 725 0.0111166
708 709 3.87563
708 714 1.29597
708 752 2.31952
708 758 5.772
708 797 5.61302
708 802 2.31952
709 724 -0.218371
709 730 -0.140569
709 733 5.93109
709 756 0.350807
709 758 0.337785
709 774 4.49378
709 787 -2.85347
709 792 -0.549579
709 795 4.84805
710 730 -2.78039
711 723 0.0011817
711 725 0.661113
711 737 0.303229
713 720 -1.3425
713 723 0.0741484
713 731 -0.352052
713 739 0.254484
713 763 0.278896
715 718 2.63941
715 721 -0.262709
715 727 1.59514
716 732 -1.04226
717 721 0.305013
717 773 -2.85347
718 721 -0.510223
718 727 1.47142
718 746 -0.444643
718 759 -4.36912
718 773 -4.43612
718 782 -7.87756
719 771 0.132481
719 791 1.09495
720 731 -0.828507
721 746 1.37671
721 759 -6.61105
721 762 -10.3815
721 773 -8.98936
722 728 -0.0666089
722 743 -0.0197339
723 737 0.0101955
723 739 3.85544
725 737 1.57957
725 748 -4.33406
725 760 0.437345
725 776 0.0397457
726 742 -0.0173389
726 766 -0.886457
728 740 0.696259
728 743 3.08455
728 753 0.024991
728 793 0.109527
729 731 -1.84816
729 741 -0.0996122
729 750 -1.00275
729 783 3.45086
730 732 0.638904
730 733 -0.523285
730 756 -0.208563
730 787 -0.867703
730 798 6.17135
731 739 -0.0150083
731 763 -0.0047859
731 783 -3.57561
731 785 -3.91844
733 756 0.801562
735 736 2.23439
735 747 0.946277
735 761 0.110279
735 767 1.27786
736 751 3.22522
736 757 1.71825
736 767 11.2785
736 772 1.83479
737 739 0.174789
737 760 2.33745
738 741 0.0335849
738 749 0.865365
738 750 0.336994
738 755 5.27811
738 769 -3.76523
738 777 0.685543
738 794 -2.64699
739 760 4.47139
739 763 2.55357
740 743 4.42879
740 744 -0.0549129
740 793 0.227182
741 750 0.463195
742 766 2.98899
742 786 2.71336
742 804 2.96887
743 744 1.48971
743 753 0.328518
743 765 0.830032
743 775 3.90593
743 778 2.73988
743 779 -2.19868
743 781 -0.784523
743 793 3.9155
744 748 1.22754
744 779 -1.12464
744 793 0.128802
745 770 3.89408
746 759 -0.242411
747 761 0.110279
747 791 -0.10628
748 768 0.713478
748 776 1.98531
748 779 -1.16733
748 784 -0.172188
748 788 -3.55217
749 750 0.0403229
749 769 -1.6568
750 769 -8.38588
750 783 -0.469283
751 757 0.0424951
752 754 2.14198
752 757 7.01825
752 797 3.88549
753 793 -0.441764
755 777 -1.19209e-07
755 786 1.3616
755 794 -0.517023
756 787 -0.418426
757 767 0.152423
757 772 1.16313
758 774 5.58588
758 795 2.3994
758 802 3.31536
759 762 -0.551659
759 773 -1.00337
760 763 0.256075
760 776 3.06543
760 783 0.970345
760 785 -0.332606
760 789 1.32411
761 767 5.83124
761 791 0.793068
761 801 0.57945
763 785 -4.8442
764 770 2.67836
764 780 8.14104
764 790 2.04725
764 796 0.64863
765 781 -0.704796
765 793 0.113591
767 791 0.558423
767 801 3.49341
769 783 -0.434708
770 771 2.0913
770 790 1.49683
771 791 5.62767
773 782 -3.08612
773 793 -0.258219
773 800 -4.14515
773 803 3.91844
774 795 2.22758
775 793 1.33686
776 788 -1.37165
776 789 1.2799
776 799 1.1922
776 805 -2.2811
777 794 -4.14515
778 793 4.12344
779 781 0.0140054
779 784 0.863604
779 793 -0.037302
779 799 0.0408384
781 784 0.0246497
781 793 -1.40164
781 799 -2.51087
782 803 -9.42935
783 785 -0.166303
783 806 -0.564117
784 788 -0.00673123
784 793 -0.037302
784 799 0.935395
787 792 -0.163779
787 798 -4.8442
788 799 -0.777442
789 805 -5.6342
791 801 2.38414
792 795 -0.386701
792 798 -0.353819
793 799 0.703004
796 804 -0.722426
