MULTICUT
0 3 2.36822
0 8 10.0959
0 13 3.01573
0 28 -35.2957
1 9 -2.52745
1 10 -3.43706
1 15 -4.8442
1 16 -3.91844
1 17 -3.15588
1 21 -4.8442
1 23 -1.50917
1 29 -5.53733
2 3 3.7201
2 4 3.40753
2 5 2.91779
2 7 -1.54597
2 20 -4.8442
2 22 3.40753
2 25 5.66105
2 33 0.298669
2 35 4.2248
2 38 2.49933
2 47 2.84919
3 20 -3.31536
3 26 -2.8739
3 28 -5.53733
3 34 6.16883
3 38 2.31952
3 41 -4.8442
3 54 -1.75131
4 5 7.61619
4 25 0.13227
5 11 4.91999
5 14 2.93164
5 22 2.33356
5 25 0.261166
5 27 7.02657
5 35 1.20115
5 42 -15.2257
5 47 2.93164
6 9 -5.64676
6 18 -5.53733
6 24 -9.28032
6 30 -4.14515
6 31 -9.78433
6 36 -5.85602
8 10 -0.402198
8 12 5.01026
8 13 8.46898
8 16 9.72689
8 28 -5.53733
8 32 11.8098
8 40 3.10675
8 45 9.91853
8 46 4.14515
8 53 -11.4963
8 57 12.9293
8 89 -10.3815
9 18 -0.217516
9 21 -2.558
9 24 -4.00949
10 16 -2.33055
11 14 5.69068
11 19 1.02216
14 19 3.0055
14 42 -18.3378
14 64 -1.57696
14 75 7.34891
14 78 0.635286
14 118 0.00228517
15 16 0.908405
15 17 -0.454202
16 17 -5.75182
16 23 -3.91844
16 46 3.43706
17 23 0.169869
18 24 2.06412
20 25 -4.25576
20 26 -0.369897
20 38 -4.14515
21 24 3.93222
21 29 0.324235
22 25 0.13227
23 29 -6.91069
23 39 -9.97346
23 46 -3.73241
23 48 -4.8442
24 29 7.76387
24 30 8.2102
24 50 1.96168
25 33 0.0676581
25 35 0.189373
25 38 1.68077
25 47 2.27607
26 34 -4.0303
26 38 -1.06254
27 35 0.758477
27 37 -2.22655
27 43 0.254422
27 47 0.185445
28 40 -4.43612
28 41 7.51946
28 53 0.81228
28 55 -2.12321
28 70 -5.53733
28 71 -0.0886963
29 48 6.6726
29 50 1.42979
29 59 3.33426
30 36 2.5665
30 49 -12.087
30 50 0.353819
31 36 -11.5739
34 38 7.25075
35 37 -1.57696
35 47 0.179202
36 49 -21.081
37 43 -4.72767
37 47 -2.08451
38 44 8.07545
38 47 0.917585
38 54 -7.46482
38 58 2.85347
38 62 12.0828
38 69 2.69536
38 71 -5.42159
38 83 2.76507
38 93 -2.78039
39 46 2.88229
39 48 1.76377
40 53 -6.80434
41 54 2.26154
41 55 -0.321795
41 66 -2.73171
41 71 -0.830113
42 47 -4.43612
42 51 4.8958
42 61 -0.704796
42 64 -34.364
43 47 0.2502
44 47 6.76029
44 58 1.2222
44 67 1.53879
45 57 2.39825
46 48 9.74335
46 49 -4.14515
46 72 7.55032
46 89 -11.0747
47 52 3.1029
47 56 7.33099
47 61 -3.31536
47 65 2.37329
47 67 0.85324
47 74 0.113039
47 81 1.27478
47 88 0.350897
47 90 -0.403071
48 49 -4.8442
48 59 1.60463
49 50 -9.45578
49 59 -8.35456
49 60 -8.77917
49 72 -5.94197
49 73 -4.81327
49 89 1.66155
50 59 1.25517
51 64 -5.53733
52 61 -3.49189
52 68 -1.64495
52 74 0.14515
53 57 -1.49683
53 63 -1.49683
53 70 -12.1256
54 66 -1.86715
54 69 -4.8442
54 71 -0.860956
55 66 -0.373805
55 70 -16.7408
55 71 -0.186903
56 65 3.57445
56 68 -0.966037
56 74 0.130719
56 79 -0.520597
56 80 0.00101063
56 81 7.61722
56 85 3.88065
56 92 1.06254
57 70 -2.71175
57 89 -5.53733
58 62 4.66914
58 67 0.295162
58 77 -0.0168625
60 73 3.91844
60 84 3.43706
60 100 -9.68249
60 109 -5.34803
61 64 -0.722426
61 68 -3.57445
61 79 -2.58569
61 80 -3.05748
61 85 -2.47197
62 67 1.7242
62 77 -0.016779
62 83 2.78039
62 88 0.758015
62 93 -12.087
63 70 -1.75131
64 75 -1.14578
64 76 -0.063435
64 78 -2.10127
64 82 -9.59298
64 85 -4.43612
65 81 1.04226
66 71 1.37165
67 77 -1.29033
67 81 0.187383
67 88 0.51239
67 90 -3.50115
68 74 -0.439343
68 79 -0.226632
70 71 -2.31952
70 86 -0.824479
70 89 -5.53733
70 91 1.19043
70 99 -2.28047
71 91 -16.2145
71 93 1.81446
71 94 -9.68249
71 103 -9.97346
72 89 -4.14515
73 84 4.43612
73 89 -2.41897
73 107 -2.02352
73 108 3.57445
73 109 -12.7193
73 115 4.66218
73 116 4.88571
73 149 -5.57999
75 78 2.31952
75 82 3.01573
75 95 2.85347
75 104 1.22333
75 110 1.07454
75 118 0.10247
75 119 1.73684
76 82 -3.7059
79 80 -0.00277202
79 85 -1.03253
80 85 0.00352281
81 85 11.6475
81 87 5.23268
81 88 3.08774
81 90 -0.6376
81 92 2.02352
81 111 1.71084
81 124 7.94486
81 125 3.47761
81 129 -0.251263
82 85 2.14198
82 95 2.78039
82 97 -8.41866
82 98 -2.94366
82 101 -1.49683
82 102 -2.14198
83 93 -7.3555
84 109 -7.40363
85 92 0.775982
85 96 1.81824
85 98 -5.53733
85 112 -4.8442
85 122 1.7988
85 125 3.63449
86 89 -4.43612
86 99 -4.8442
86 113 -2.41897
86 114 -0.369897
86 121 -2.78039
88 90 -1.01397
88 93 -3.94782
88 103 -3.31536
88 129 -0.0632109
88 139 -8.15956
89 107 -11.0747
89 113 -9.97346
89 115 -2.64593
89 140 -4.8442
89 142 -5.53733
91 94 0.157692
91 99 -3.60873
93 103 -18.0371
94 99 -1.39665
94 103 1.86722
94 121 -0.788683
95 97 -9.68634
95 98 -4.43612
95 105 -5.53733
95 110 4.61728
95 120 0.56723
95 123 7.19057
95 126 0.708189
95 127 3.83535
95 135 0.905357
95 138 7.88506
96 98 -11.0747
96 112 -9.97346
96 117 -1.32411
97 101 -0.274059
97 120 -3.73241
98 102 -1.70944
98 105 -0.584119
98 117 -2.10127
98 126 -1.60463
99 103 -0.493639
99 106 -0.0617739
99 121 0.373294
99 144 0.0131728
100 109 4.14515
100 133 -5.53733
100 134 -5.53733
101 102 -1.16715
101 105 -0.56723
101 120 -0.258219
102 105 -0.434708
103 121 -0.394343
103 128 -2.79792
103 139 -5.53733
103 146 -11.0747
104 118 -0.00152822
104 119 0.0620615
105 120 -4.14515
106 121 -5.58599
107 115 -2.44393
108 109 -5.53733
109 116 -7.16946
109 131 6.03853
109 133 -30.7365
109 149 5.33619
109 168 -2.27269
109 176 -11.0747
110 118 0.0147023
110 119 2.54262
110 136 3.57445
110 138 14.6613
111 124 0.163779
111 129 -0.125371
112 117 -0.722426
112 122 -2.02352
112 125 -4.8442
112 126 -3.20605
112 127 -9.97346
113 114 0.311674
113 121 -0.429677
113 137 1.30483
113 140 -4.14515
113 144 -1.07418
113 154 -3.01573
113 158 -1.51745
113 170 -0.0356949
113 178 0.308462
113 182 0
113 186 -2.22695
113 194 0.585127
114 121 -3.48379
115 132 -5.53733
115 141 -4.14515
115 142 -5.53733
115 148 -9.28032
115 149 -2.93164
117 126 -0.758016
118 119 2.78202
118 136 1.27785
119 136 11.646
121 128 0.117599
121 130 -0.0856632
121 144 0.139573
121 147 -0.0587994
122 125 7.04093
124 125 3.10675
124 129 -0.0626813
124 143 -14.4096
125 127 3.75066
125 143 -15.5108
125 161 -21.4562
126 127 1.85544
127 138 1.66155
127 161 -15.5108
128 146 -4.8442
128 147 -5.84256
129 139 -2.78039
129 143 -9.68249
130 144 -7.4929
131 133 -4.8442
132 141 -2.34318
132 142 0.0507298
132 148 0.00540256
132 165 0.490913
132 167 -0.0389995
132 171 -0.746571
133 134 0.101648
133 145 -2.75524
133 151 -5.71297
133 160 -0.00671997
133 163 -8.52849
133 164 1.59791
133 168 -4.14515
133 174 -12.3137
133 181 -2.64699
134 145 -0.570771
135 138 3.57445
136 138 4.14515
136 161 -14.1186
136 177 1.10372
137 140 -5.53733
137 154 -4.8442
138 152 4.39158
138 157 6.09393
138 161 -25.8923
139 143 1.27785
139 146 -2.18405
139 153 -4.43612
139 155 -2.06181
140 142 0.960965
140 150 0.0165591
140 154 -1.22286
140 159 0.0774448
140 173 -0.0988027
140 209 0.145113
141 142 -0.0529819
141 148 -0.00577571
142 150 1.87966
142 159 1.60782
142 165 5.45681
142 171 -0.00613344
142 173 -0.0315407
142 209 0.145113
142 216 -0.00846087
142 265 0.0167251
142 268 4.30476
142 297 1.55376
143 153 -2.78039
143 155 -16.6688
143 161 1.98633
143 162 -6.35485
143 169 -5.25116
144 147 -3.48634
144 158 -1.39593
144 170 -2.91818
145 151 0.298827
145 156 -7.11689
145 160 -2.15251
146 147 -11.0747
146 155 9.00069
146 182 -4.14515
146 193 2.89052
146 201 -0.451047
146 206 -7.85993
147 170 -0.023346
147 182 -2.93164
148 149 -4.8442
148 167 -1.01458
148 171 -1.72932
148 179 -5.19978
149 176 -3.73241
149 179 -5.53733
149 180 -7.3512
149 183 -4.43612
149 190 -6.93845
150 159 0.315542
150 173 -0.0506753
151 160 -1.19531
151 164 -4.20756
153 155 4.30597
153 193 0.296084
154 173 -1.93077
154 186 -8.58127
154 209 0.24241
155 161 -2.93164
155 162 5.74411
155 169 3.1464
155 172 10.5702
155 193 8.91628
155 206 -3.31536
155 230 -2.71175
156 160 -1.5445
157 161 -5.53733
158 170 0.0819625
158 178 -1.88867
158 182 -0.0159388
158 194 -0.867801
159 173 -0.380885
159 209 2.18405
160 164 -0.0546003
160 166 -2.34592
160 184 2.21889
160 187 -0.0303641
160 196 -0.00597572
160 199 2.31952
160 205 -6.15842
161 172 -12.3137
161 175 -13.7164
161 177 -5.53733
161 189 -5.53733
161 192 -8.06359
161 200 -13.0038
162 193 0.296084
163 164 -8.51911
163 174 1.34772
164 166 -3.24307
164 174 -8.98936
164 184 -0.148121
164 185 -4.26611
164 187 1.4183
164 204 -0.283414
165 167 -3.31857
165 171 -0.201616
165 179 1.00612
165 195 -4.27981
165 216 0.0223383
165 265 0.00847652
165 297 0.6319
167 171 1.55856
167 179 -5.75699
168 176 -6.42116
168 181 -1.00226
168 191 -3.57445
168 203 -1.49683
168 207 -5.53733
169 193 0.151212
170 178 -0.2296
170 182 -0.0229001
172 175 8.46256
172 189 3.944
172 193 1.33075
172 222 -0.705359
172 230 -5.80777
172 239 -0.765573
173 209 -3.1428
174 181 -0.601089
174 188 -12.9078
174 191 -12.273
174 204 -0.905358
175 189 1.89849
175 222 -0.131642
176 180 -3.10675
176 197 -0.00778178
176 198 -3.26087
176 207 -2.85347
176 208 -0.467445
178 182 1.65105
178 194 0.016849
179 183 1.21064
179 190 -5.2392
179 195 -2.59846
180 190 -4.43612
180 197 -4.10281
180 202 -1.91493
181 191 -4.29358
182 194 0.0991803
182 206 -11.7697
182 212 -0.543704
182 231 -1.84714
182 232 -2.41897
183 190 -0.775982
184 185 -0.0113614
184 187 -0.00133417
184 196 0.0775715
184 205 -0.372031
184 228 0.00123936
185 187 -2.15249
185 196 -2.83386
186 194 -2.89556
186 209 -4.43612
186 212 -9.68249
186 246 -3.73241
186 251 1.98633
187 196 2.12677
187 204 -0.0128372
187 205 -0.00406737
187 214 0.444757
187 221 -0.0213037
187 228 -0.0106518
188 191 2.97036
188 203 7.63887
188 204 0.418047
188 214 5.79215
188 226 1.61921
188 234 1.61399
188 243 -1.54979
188 256 0.0228655
189 192 0.179464
189 222 -0.667574
190 195 3.28659
190 202 -0.0700634
190 210 -1.70084
191 203 4.21877
192 200 7.30686
192 222 -3.24927
192 224 3.36427
192 248 -9.30736
192 258 -1.44559
192 259 -8.2903
192 263 -1.78253
192 264 -4.8442
192 266 -8.31039
192 274 -9.28032
192 278 -4.99346
193 201 -1.37165
193 206 -13.6068
194 212 -0.0141399
195 210 -2.56262
195 216 -1.82277
196 205 -0.00460727
196 211 0.0277227
196 214 1.2461
196 221 -3.34081
196 228 -0.135427
197 198 -7.19845
197 202 -0.305845
197 210 -4.14515
198 208 -4.29964
198 210 -3.57445
198 213 0.00675888
198 215 -6.5826
198 218 -6.57959
198 219 -1.02216
199 205 -3.57445
201 206 0.195158
202 210 -2.22758
203 207 -0.467445
203 217 -0.0261266
203 220 1.30494
203 226 0.289164
203 229 0.0517155
203 233 -0.0733075
203 256 0.116381
204 214 1.29014
205 211 0.0971618
205 221 -0.299716
205 223 -0.241979
206 230 1.69086
206 231 -5.53733
206 239 -2.52745
206 240 -7.3555
206 242 -8.24908
206 248 1.54979
206 257 -14.6491
206 260 -4.8442
207 208 -0.669846
207 217 -2.10047
208 213 -1.6942
208 217 2.73988
208 225 -2.07201
209 251 -8.09686
209 267 -0.337785
209 297 3.23338
209 323 2.0207
209 333 0.0818652
210 216 -3.17838
210 218 -5.53733
210 219 -3.91844
210 255 -0.260019
211 221 -0.532404
212 232 -4.8442
212 246 -3.91844
213 215 -0.150949
213 225 -7.7882
213 227 0.0119248
214 221 0.168431
214 228 0.336863
214 243 -2.57922
215 219 1.16224
215 225 0.0324618
215 227 -0.0566624
216 255 0.260019
216 265 -14.2092
216 271 -1.16715
216 297 -0.0194257
217 220 -1.37715
217 225 -0.0462292
217 233 -0.402198
217 235 -0.55042
217 236 -4.01011
218 219 -1.65465
219 225 1.49385
219 227 -0.0190883
219 252 -1.51866
219 253 -0.292661
219 254 0.641764
219 255 -3.73241
220 233 -3.00506
221 223 0.605929
221 228 1.0726
221 237 -11.8983
221 241 -0.472834
221 245 -5.91966
222 224 -1.23277
222 239 -0.0957415
222 248 -10.3815
223 237 -0.133575
223 238 -0.456722
225 227 -2.28334
225 235 -0.697818
225 253 -1.72077
226 229 2.72055
226 234 0.0805045
226 244 0.0015415
226 250 0.00513097
226 256 0.0859366
228 237 0.874494
228 241 -0.0894745
228 243 -3.47353
228 245 -0.225069
228 250 2.28462
229 233 -1.13283
229 250 0.00293466
229 253 1.32495
229 256 1.955
230 239 -10.9274
231 232 0.0423992
231 242 -4.14515
231 246 0.180797
231 257 1.10372
231 281 -4.8442
231 292 0.0208912
231 305 -3.27717
231 318 0.162873
231 332 0.0104456
232 246 4.93561
233 236 -1.28563
233 247 -0.308622
233 249 -0.179458
233 253 -1.0341
234 243 -2.14198
234 244 0.0080285
234 250 -1.65814
234 256 0.0464842
235 236 -0.740165
235 249 -0.210617
235 253 -0.134808
236 249 -3.43706
237 238 3.33468
237 241 0.417674
237 245 1.47101
237 250 2.3178
237 269 2.72429
238 269 0.720252
239 248 -9.88725
240 242 0.0233459
241 245 0.0348423
241 250 0.493062
242 257 -4.81327
243 250 -0.483906
244 250 -0.139793
244 256 -0.297868
246 251 -12.7218
246 292 2.54274
246 318 5.97139
246 332 1.86242
246 336 -0.195148
246 340 3.60623
246 356 3.0144
246 360 0.091819
246 378 -0.0488828
246 388 1.10982
246 393 0.212595
247 253 0.807857
248 258 2.41185
248 259 1.17167
248 260 -0.924411
248 261 -1.47101
248 262 -9.45578
248 264 2.92459
248 266 -0.227668
248 274 1.68192
248 275 1.95333
248 276 -20.0699
248 278 1.39423
248 279 -0.100077
248 282 0.515357
248 283 -5.53733
248 294 -15.9189
248 302 -13.7164
249 253 3.58679
250 256 0.0161313
250 269 0.925973
250 270 2.76948
250 277 6.05795
251 267 -14.1186
251 292 -9.68249
251 323 -2.93164
251 336 -1.4981
251 340 -0.0632214
252 254 -0.132522
253 254 -0.292661
253 256 7.67354
253 272 -8.39081
253 285 -1.61564
253 286 0.101232
253 287 -0.550074
254 255 -1.91493
254 272 -7.52366
255 271 -3.73987
255 272 -2.85347
256 270 1.32936
256 273 1.63512
256 287 -2.10127
256 303 -0.0702939
257 260 -0.32821
257 281 -7.85685
258 259 1.10196
258 264 0.373208
259 264 0.0570305
260 262 1.52755
260 281 -9.26974
260 352 -0.0222398
261 262 -3.80454
262 281 -4.8442
262 283 3.00047
262 295 -1.1579
262 300 8.08656
262 307 0.685606
262 317 5.43011
262 321 0.0878076
262 330 1.57162
262 352 -0.541935
263 264 0.068571
263 266 0.0252542
263 275 0.00837226
264 266 1.70445
264 275 2.0512
264 279 -0.00710034
264 282 0.00865224
265 271 -0.962922
265 297 0.0863317
269 277 1.17401
269 288 1.81543
269 289 -0.082965
269 306 0.00165098
270 273 2.25023
270 277 4.51112
270 291 -0.00522345
270 301 -1.00753
270 303 -2.52616
270 306 -0.0202921
271 272 -4.8442
271 280 -3.68227
271 284 1.63282
271 293 -3.10675
271 297 -0.0987422
271 299 1.91493
272 285 -0.924411
272 298 -13.9281
272 299 -10.3815
272 313 -1.27785
273 287 -2.4833
273 303 -1.57696
274 278 1.39413
274 279 -0.195694
274 282 0.819402
274 290 -0.214543
275 279 -0.00710034
275 282 0.00865224
276 283 -4.90907
276 294 1.75793
276 300 1.40851
277 288 -0.0130826
277 289 -0.00994027
277 291 2.30427
277 301 -0.0250943
277 306 -0.0466658
278 279 -0.0247249
278 282 1.5517
278 290 -0.285779
278 302 -4.8442
278 315 -22.1493
279 282 -0.269643
280 284 -5.87656
280 297 0.163916
281 295 -7.54287
281 296 3.92988
281 304 -2.78039
281 305 -2.06181
281 308 -4.43612
281 309 -1.63945
281 314 -1.72077
282 290 -0.694615
283 300 -0.408109
283 352 -0.0444797
284 293 -2.97301
284 297 -0.327834
285 286 -3.1559
285 298 -4.8442
286 287 -0.404928
286 298 0.875441
286 303 0.325459
287 303 -0.532287
288 289 -0.441956
288 306 -0.155006
289 306 -0.606273
291 306 0.257415
292 336 -0.901793
293 297 4.16576
293 299 -0.70836
293 310 -2.33933
293 311 0.0588762
294 300 3.14833
294 302 -1.75131
294 312 6.58323
294 316 2.32893
294 320 1.21064
294 330 2.85347
295 307 -3.11465
295 308 -1.69086
295 321 -0.559059
296 309 -0.578245
297 310 -0.0912066
297 311 0.320778
297 322 -0.844009
297 323 2.72807
297 333 0.229694
297 334 -22.1493
297 341 2.93164
297 379 3.95226
297 410 2.06181
298 303 7.44337
298 313 1.20176
298 328 0.367685
299 310 0.119988
299 313 -2.22758
300 330 7.03366
300 352 -0.0444797
301 303 2.33378
301 306 1.79067
301 324 0.985102
301 325 3.19881
301 326 -0.771661
301 342 -10.9137
301 343 1.20653
301 347 -0.529913
301 349 -0.0929055
301 351 0.224258
302 315 3.21443
302 316 -2.65315
302 329 -0.0493905
303 306 0.316657
303 313 5.00704
303 324 8.44527
303 328 5.03752
303 339 -5.66976
303 349 1.18927
303 357 -0.0133714
304 305 -0.115426
304 309 -1.60463
304 314 -2.88524
304 321 -2.93164
304 331 -1.03597
304 345 -2.52745
304 346 -3.64587
305 318 -1.2225
305 331 -0.0640669
306 325 4.04353
306 326 -0.20878
306 327 0.25604
307 321 2.11111
307 330 1.74193
307 352 -0.56254
307 354 -0.170412
307 355 -0.823914
308 309 -0.0701655
308 321 0.140331
309 314 -1.72261
309 321 -10.2602
310 311 -0.0275715
310 313 -0.163779
310 319 -13.957
311 319 -0.101248
311 322 -0.566908
311 334 -5.53733
312 316 7.72853
312 320 3.54074
312 330 3.31536
312 335 5.96235
312 337 6.39041
312 338 3.20604
312 353 -14.9931
313 319 -2.10127
313 328 3.86319
315 329 -8.16859
316 329 -3.25044
316 337 2.27701
317 330 0.218821
317 352 -0.0222398
318 331 0.263898
318 346 0.707935
318 356 2.51623
318 360 0.0466504
318 378 -0.00607976
319 328 -7.14891
319 334 -13.0485
319 339 -1.00226
321 345 -8.01058
321 352 -0.444453
321 355 -2.07759
322 334 -2.93164
323 333 0.0632999
323 340 -1.71219
323 379 0.0131577
324 342 -0.153031
324 349 2.80768
324 357 -0.0134037
325 326 -0.212189
325 327 2.64699
325 343 3.10714
325 348 2.62678
325 349 0.0072335
326 327 -0.20537
328 339 -5.87582
329 337 -8.98936
329 344 -1.08303
330 338 7.11945
330 352 -0.21843
330 354 -1.04159
330 359 1.39007
330 364 1.0773
330 366 -0.303256
331 346 1.05411
333 379 0.0529194
334 339 -3.43706
334 341 -5.53733
334 362 -13.8336
334 377 -4.8442
334 398 -1.84714
334 410 -11.0747
334 415 -4.14515
334 425 -1.57696
334 442 0.163779
334 465 -3.73241
334 470 -4.30537
334 482 0.924411
334 488 -6.79216
334 489 -1.10372
334 506 -2.31952
334 518 0.402198
334 522 -5.53733
336 340 0.125979
337 344 0.217423
337 353 -4.43612
337 358 -8.67689
337 363 -2.52745
337 369 8.94907
338 350 -0.194344
338 353 -9.45578
338 361 0.458329
338 366 -0.615096
339 357 -8.12302
339 362 -12.2287
339 377 -16.612
339 382 -2.52745
339 386 -3.10675
339 402 -1.69086
339 424 -4.43612
340 379 0.214865
340 388 0.0697259
340 410 0.42973
340 413 -0.353819
342 347 -2.65718
342 349 -0.394144
342 351 -0.754141
342 380 -4.21109
343 348 7.35058
343 349 0.014467
343 351 8.01241
343 374 -8.76265
343 380 2.30738
343 381 -5.53733
343 387 1.79817
343 392 -0.0443618
343 401 3.73182
343 427 -0.0105091
344 358 -0.434845
345 346 -1.44559
345 355 -9.11179
345 360 -5.53733
346 360 0.403238
347 349 1.1992
347 365 1.30403
347 380 1.80121
348 374 -4.43612
349 351 0.0072335
349 357 -0.0857464
349 365 0.866905
349 367 7.28715
349 372 2.14284
349 373 0.117546
349 375 0.152205
349 380 0.492726
349 382 -0.331067
349 391 -0.0421199
350 353 -0.132481
350 361 -0.609404
351 380 1.50828
352 354 0.0412105
352 355 0.55553
352 368 -0.0189143
352 371 -0.0903406
352 376 -0.00965543
352 394 -0.000686092
353 361 -15.2257
353 363 -0.867703
353 369 -5.53733
353 370 -2.42784
353 384 -34.311
354 364 -0.577063
354 368 -1.39362
354 376 -0.116958
354 385 -0.0696156
354 394 -0.0176964
354 416 2.67101
354 418 0.010234
354 446 -2.75739
354 469 -0.758016
355 360 -3.73241
355 368 0.08063
355 371 -0.200009
355 390 -0.149455
355 394 3.86575
355 404 0.353819
356 360 0.0451687
356 378 -0.00609398
357 382 -5.48023
357 391 -4.65661e-10
358 369 -5.701
359 364 1.19039
359 366 -0.11599
360 378 -0.801448
360 393 -1.02909
360 404 -3.91844
360 420 -10.3815
360 429 3.41406
360 430 -5.53733
360 448 -14.1139
360 464 -2.58569
360 510 6.0667
360 559 0.233386
361 366 -0.13337
361 383 0.0287739
361 384 -0.0116422
361 385 0.0256836
361 396 0.0752786
362 377 5.88235
363 369 -3.6946
364 366 -0.067954
364 376 0.314701
364 385 0.010033
365 367 6.52316
365 380 3.15834
365 392 2.27072
365 408 -0.913052
366 376 2.29817
366 383 0.0585923
366 385 0.621297
366 396 0.0296628
367 375 0.169763
367 391 -0.0161802
367 408 -0.794484
368 371 -0.382232
368 385 -0.00303878
368 394 5.28173
368 418 -1.75144
368 420 -1.42058
369 384 1.8724
369 389 4.58718
369 395 0.390403
369 397 -0.533685
369 400 -0.0364278
369 403 -0.0775314
370 384 -0.687271
371 394 -2.57969
372 382 -0.330668
372 386 -0.136387
372 391 -0.00604925
373 375 0.000410333
373 391 -0.0211666
374 381 0.451047
375 391 -0.00394724
376 385 0.18959
377 398 -4.14515
377 419 -11.3729
377 424 -2.93164
377 434 0.416235
377 436 -5.53733
378 388 -0.128983
378 393 -1.95526
379 410 2.04883
380 387 2.77612
380 392 0.50545
380 401 0.0247527
381 401 -9.60742
381 438 0.337785
382 386 0.133692
382 402 -0.346447
383 384 -0.0324364
383 385 1.95674
383 396 1.3208
384 395 0.771204
384 396 -2.81526
384 399 0.962998
384 403 -0.119461
384 409 -2.58569
384 411 -7.1186
384 412 -0.337785
385 396 0.51197
385 411 -0.510075
385 416 2.04223
386 391 -1.77648
386 402 -0.133774
386 414 -3.7865
386 417 -0.0178024
386 424 1.07779
386 437 0.0784131
387 392 0.29599
387 401 0.0285822
388 393 0.511691
388 407 0.108709
388 410 0.0398689
388 413 -0.564206
389 397 -1.23277
389 400 2.69934
389 403 1.01613
389 405 -0.242411
389 406 -5.9645
389 411 -0.00347821
390 394 -0.351504
390 404 -3.05684
391 408 -0.769572
391 414 1.11656
391 417 -0.00273918
392 401 -0.904697
392 408 -0.631216
392 422 0.235267
392 427 0.516485
393 407 4.45854
393 429 -1.14416
393 448 -3.91844
394 404 0.632411
394 420 -11.7362
395 403 -0.0479034
395 412 -0.794069
396 411 1.32074
396 416 0.0115906
397 405 -0.321795
397 406 -0.116857
398 415 -0.849093
398 419 -5.53733
399 409 -2.31952
399 411 -1.30083
400 403 3.21743
400 405 -3.01573
400 411 -0.0490924
400 432 0.0446282
400 439 3.29875
400 447 0.0192087
400 454 0.174945
401 427 -0.338212
401 438 -0.386023
403 411 -0.019238
403 412 -0.30209
403 432 0.0119166
403 439 0.0398048
403 443 0
404 420 -6.73084
405 406 -3.57445
407 410 4.1227
407 448 -11.0747
407 451 -4.14515
407 456 -5.53733
408 414 -1.46189
408 422 -4.79529
409 411 -6.3128
409 412 -1.37165
410 413 -0.305845
410 440 -21.4562
410 451 -4.43612
410 465 -5.53733
411 412 -4.14251
411 416 -3.2022
411 421 2.42689
411 428 -11.2696
411 432 -2.2898
411 435 -2.93164
411 439 -1.295
411 443 -3.10675
412 421 -1.08303
414 417 -0.0218822
414 422 -0.186207
414 423 -2.75297
415 419 -3.57445
415 425 -0.226632
415 433 -3.10675
416 428 0.239309
416 445 6.40581
416 469 -1.72077
417 423 0.0453668
417 424 -0.0416157
417 427 -0.925298
417 437 -3.45473
418 420 0.437854
418 426 -0.741505
418 444 -1.22556
418 446 -0.169453
419 433 -8.11443
419 434 -1.73598
419 452 0.963422
419 483 0.872907
419 500 -0.255508
420 430 0.00560581
420 444 -0.181649
420 446 -0.0485674
422 423 0.586045
422 427 3.77192
422 431 -0.586913
422 437 0.00670649
423 427 0.017603
423 437 0.0155079
424 427 0.0261782
424 436 -0.343051
424 437 0.0523564
424 441 -0.287176
424 453 -0.141921
424 468 -1.86265e-09
425 433 -3.20605
425 442 -3.99346
427 431 -6.74375
427 437 2.78869
427 438 -2.17656
427 458 -15.5108
427 459 -11.0747
427 460 -10.3815
428 435 -0.233131
428 445 0.478618
428 447 1.40743
428 450 -5.87525
429 448 -10.3815
430 444 2.78135
430 464 -4.78477
432 439 3.17948
432 447 0.0383779
433 442 -8.06359
433 467 -3.91844
433 482 -5.57904
433 483 -0.260864
433 497 -0.833068
434 436 -7.71961
434 441 -4.8442
434 452 -1.39109
434 462 -16.8078
434 483 -3.08819
434 500 0.694781
434 507 -1.61784
435 439 -0.0205617
435 443 0.149208
435 447 -2.79105
436 441 1.88191
436 468 0.0796163
436 480 0.00793682
437 441 -2.40633
437 453 -1.10624
437 458 -4.8442
437 468 -3.73241
437 471 2.23358
438 460 -3.43706
439 443 -0.0148509
439 447 1.15631
439 454 6.16814
439 463 4.80744
439 479 -15.2257
439 492 -4.8442
440 451 -1.69086
440 461 8.24984
440 465 2.8421
440 493 0.0131104
440 494 0.47053
440 501 0.00601888
441 453 0.848369
441 457 -0.0206491
441 462 4.23158
441 466 -0.0205417
441 468 0.472189
441 477 5.72367
441 480 0.454479
441 484 0.013955
442 467 -1.75131
442 470 -9.90418
443 447 -0.104072
444 446 -3.00456
444 449 -0.278049
444 455 4.51978
444 464 -0.195158
444 473 2.49379
444 476 -0.161804
445 447 1.35085
445 450 -0.606245
445 469 -1.04226
445 472 0.0103175
445 475 -1.00202
445 492 -3.73241
446 469 -3.57445
446 473 -5.33888
447 450 -0.0876652
447 454 0.0127926
447 463 0.0227439
447 472 1.34772
447 491 -4.8442
447 492 -5.53733
448 456 1.75131
448 510 -16.612
448 539 -5.52556
448 559 -11.0747
448 576 -2.47197
448 594 1.41317
448 621 -4.8442
448 622 0.321795
449 455 -0.197182
451 456 -7.36776
451 461 -3.57445
451 505 -1.81803
451 530 -0.0636073
451 539 -0.0320259
453 466 -0.00101712
453 468 0.093931
453 480 0.00436209
454 478 -15.9189
454 479 -8.35456
455 464 -0.327739
455 473 -0.0810683
455 476 -0.323941
456 539 -3.20605
457 468 -0.633286
457 480 0.00264561
458 459 3.10721
458 471 -5.53733
458 474 -2.54904
458 481 0.448805
458 485 1.02801
459 460 2.84115
459 481 3.4461
459 485 0.133707
461 494 0.481145
461 505 -1.55751
462 468 0.0411524
462 477 2.85738
462 480 -0.00527071
462 507 3.44071
462 541 0.0127021
463 479 -6.8569
464 476 -6.3687
464 510 -2.41897
465 489 -2.27269
465 501 -0.023101
466 468 -0.429089
466 480 0.00150633
467 470 -2.71175
467 482 -2.31952
468 471 -0.0180882
468 480 0.141298
468 484 2.10502
468 490 -0.89118
469 473 0.0659068
469 492 0.542341
469 498 -0.243177
469 503 4.36951
469 504 -22.7687
469 511 -0.0525836
469 513 0.763604
469 536 1.10372
469 537 0.0245069
469 545 0.0334773
470 482 -5.63184
471 474 -21.0481
471 484 -0.199956
471 508 -5.60156
471 527 2.85347
472 475 -0.020635
472 491 -3.01573
472 492 -2.27269
473 476 0.208058
473 486 7.05912
473 498 -0.126467
473 504 -0.588707
473 519 -0.0121025
473 533 -0.000255264
474 481 -3.10675
474 485 -11.1267
474 527 -19.4933
474 547 -13.5876
475 492 -1.32411
476 486 6.06682
476 510 -11.0747
476 512 -0.0205207
476 514 1.34072
476 519 -0.0238833
477 480 -0.067178
477 484 -0.853313
477 502 12.5693
477 507 0.94406
477 517 9.41948
477 520 1.70066
477 523 2.85347
477 534 1.87763
477 541 -0.0745321
477 551 0.149064
478 479 0.680687
478 495 -2.09168
479 487 0.523328
479 492 1.70334
479 495 -1.63875
479 496 2.06513
480 484 0.28374
480 517 -0.00400816
481 485 6.24518
482 488 -6.61218
482 497 -9.68841
483 497 0.261332
483 500 -3.78969
483 507 2.87477
483 516 -0.354384
483 521 -0.353624
484 490 -0.551732
484 502 -3.2497
484 508 -2.64699
486 498 -0.128269
486 504 -0.259297
486 512 0.00973534
486 514 0.381259
486 519 -0.0131294
486 525 0.283549
486 533 -0.0301424
487 492 0.162311
487 496 0.714814
488 497 -2.71175
488 516 -2.71175
488 518 -10.3451
489 501 -2.64699
489 506 -0.023346
491 492 4.37396
492 496 2.43782
492 499 1.66053
492 503 0.303987
492 511 -0.066863
492 513 5.72423
492 524 2.93316
492 537 0.00270359
492 542 -0.000102112
492 544 0.00151883
492 568 0.0226154
493 501 1.10593
494 501 0.78236
494 505 -4.44485
495 496 3.45947
495 535 -1.16715
495 542 -1.16064
496 499 0.185171
496 524 0.652502
496 531 1.04226
496 532 0.521133
496 542 -1.79876
496 544 0.00051083
497 516 -0.023346
498 504 1.12939
498 533 0.0374744
501 505 -0.00680965
501 506 -8.73874
501 509 1.46359
501 526 -1.37165
502 508 1.54577
502 515 2.66546
502 523 2.98974
502 534 0.859015
502 538 0.156845
502 541 0.0126363
502 552 -8.25923
502 553 -2.68223
503 511 -0.150219
503 513 1.83769
504 519 -0.0106279
504 525 1.30752
504 528 3.72756
504 533 0.287335
504 545 -8.41866
504 546 0.715048
504 585 -15.9189
505 526 -0.962998
505 530 2.67069
505 539 0.0199043
505 543 -0.179458
505 554 -5.4708
506 522 -14.5932
506 526 -16.5782
506 540 -3.57445
506 550 -0.886457
506 561 -2.41957
507 520 8.5283
507 521 -1.50055
507 541 3.67561
507 555 -0.0467798
507 557 0.568965
508 515 1.8437
508 527 -4.32448
508 538 0.614273
508 564 -2.85347
508 565 -3.84606
508 567 0.794069
508 581 -2.41897
510 512 -5.53733
510 519 -15.9189
510 549 -3.43984
510 559 1.31234
511 513 -0.945181
512 514 -0.00824501
512 519 1.53638
512 525 1.06267
513 537 0.0102655
513 568 0.00158429
514 519 -0.0415854
516 518 -8.58127
516 521 4.49236
518 521 -5.53733
518 522 -15.2125
519 525 5.14185
519 533 -0.00544092
519 549 -0.495943
519 570 -0.108766
519 572 -2.54012
520 541 0.407033
521 522 -1.78253
521 550 -8.98936
521 555 -5.76062
522 540 -0.0151085
522 550 -0.0604366
524 531 0.0440749
524 542 -0.0275288
524 544 0.00208924
525 529 5.08666
525 546 4.3284
525 570 -0.111655
526 543 -3.39786
526 556 -1.84714
526 561 -1.16715
527 547 2.94587
527 567 -5.77324
528 533 0.0440703
530 539 0.0729716
530 554 -0.49939
530 566 -0.499499
531 542 -1.55801
531 544 0.00051083
532 542 -0.215233
534 541 -0.0582066
534 551 0.116413
534 552 -4.14515
534 563 -4.43612
534 569 -3.73241
535 542 1.84714
536 537 0.033406
536 545 0.432165
537 545 1.45813
537 568 4.1502
538 553 -0.00760536
538 558 -4.28685
538 564 -0.321795
539 554 -1.27646
539 566 -1.61948
539 576 0.0446664
540 550 0.415231
541 551 -2.19081
541 557 0.909943
542 544 2.57429
542 548 -2.25743
542 562 3.20604
542 568 3.01249
542 571 1.39647
542 578 1.44559
542 579 -14.8922
542 580 -0.8815
542 595 -5.35579
542 600 -1.18877
543 550 2.55528
543 554 1.85849
543 556 0.369897
543 560 -1.47341
543 587 0.292329
544 568 5.58614
544 571 0.0488393
545 568 0.743521
545 585 0.266017
545 602 2.3459
545 608 0.418306
546 570 -0.0860564
546 575 -1.22703
546 583 0.0543059
546 585 -11.0263
547 567 -3.31536
547 582 0.418426
547 588 -6.64215
549 559 -2.93164
549 572 0.455153
549 589 -6.42095
550 554 0.288092
550 555 -0.152823
550 556 2.89054
550 560 -0.527973
550 561 -0.898253
550 577 -3.10146
550 587 0.246576
550 601 0.305845
550 603 -0.0578741
550 611 -2.85347
550 619 -9.67452
550 640 -2.71175
550 649 2.22758
551 555 -7.41573
551 557 -13.4192
551 569 -4.7175
551 586 -1.49818
551 601 -4.29907
552 553 0.0319745
552 558 2.468
552 563 4.01179
552 569 -2.01349
552 573 4.78454
552 574 1.31379
552 584 3.84357
552 591 4.28357
553 558 0.0311979
554 566 4.3918
554 576 -0.501688
554 587 0.348918
554 590 2.56082
554 598 -2.14198
554 606 3.20604
554 618 -0.0211441
555 557 -0.0935597
555 601 -1.49683
556 561 -0.166599
556 577 -9.68841
558 564 0.0338154
558 574 2.73128
558 581 4.0154
558 584 2.81834
558 597 2.93164
558 607 0.850851
558 609 0.335412
559 583 -4.43612
559 589 1.79916
559 596 -4.8442
559 620 -2.64699
559 622 -8.05025
559 633 -5.53733
559 634 -4.14515
561 577 -2.93164
562 579 -2.78039
563 569 -0.578492
564 565 -0.0519568
564 581 0.276069
565 581 -1.0777
567 581 -3.73241
567 582 -3.28716
567 588 0.533685
567 593 -3.73241
568 571 6.25834
568 608 4.36184
568 613 -0.189574
568 616 0.0887114
568 617 0.15262
568 629 0.624806
569 586 -0.242411
569 591 -0.348209
569 604 -7.2519
570 572 -0.924411
570 575 -0.652519
570 583 -0.882428
571 580 -0.531592
571 595 -8.67792
571 600 -1.4422
571 613 -0.510098
571 616 0.239256
571 617 0.898207
571 641 -0.049676
571 656 0.382565
571 678 -0.1369
572 583 -2.02352
572 589 -0.421577
573 584 5.29223
573 591 1.03306
573 607 1.32411
574 584 0.517023
575 583 -0.635286
576 590 -0.269316
576 594 -5.32577
576 618 -0.419016
576 621 -1.49683
578 579 -0.744044
579 599 -0.780051
579 600 0.326671
580 595 0.483906
581 593 -4.58344
581 597 1.87585
581 605 0.327364
581 610 -0.0119198
582 588 -1.26333
583 585 -0.0228028
583 589 -3.91844
583 592 -0.0183522
583 596 2.10301
584 607 1.30083
585 592 0.330682
585 596 -0.0798388
585 602 2.14059
585 620 -0.0395357
586 601 -3.73241
586 604 0.886457
587 598 -7.11324
587 603 -0.116228
588 593 -0.0856503
588 615 3.22402
588 624 0.435396
588 635 0.436509
590 618 -0.0366674
591 604 -16.8126
591 607 3.32056
591 612 -0.0787266
592 596 -0.0537796
592 602 1.1523
592 620 -0.0461449
592 626 -0.030416
593 610 -0.374753
593 624 -2.47622
594 621 -13.4069
595 600 1.75263
596 602 -0.0905239
596 620 1.01973
596 626 0.101336
597 605 2.33226
597 609 0.353819
597 610 -0.0668509
598 603 0.728725
598 606 -3.10675
598 611 -5.83268
599 600 -0.881251
600 617 -0.127551
600 638 -6.48145
600 641 1.22309
600 656 -0.126017
601 614 -5.95999
601 619 -3.20605
602 608 4.68092
602 620 -2.26794
602 625 -0.178586
602 626 -6.60228
602 642 -4.5335
602 646 0.073892
603 611 -0.600341
604 607 -9.68841
604 612 -3.57445
604 614 -7.41673
604 627 -3.73241
604 655 1.94448
604 661 2.06755
604 676 -4.14515
604 679 -11.0747
604 684 -0.0202826
605 607 1.75131
605 609 1.23277
605 610 -4.61493
605 624 -4.14515
605 637 -0.337785
605 652 -5.20802
606 611 -0.722426
606 618 -2.06181
607 609 6.04964
607 612 -0.0787266
607 627 -0.367899
607 652 -4.14515
607 661 -4.8442
608 623 5.52556
608 629 0.322786
608 646 2.64554
608 650 -0.479778
608 651 -15.2021
609 627 -0.0489699
610 624 -4.14515
611 618 -6.4551
611 645 -0.242411
611 649 -2.93164
611 660 -2.85347
611 665 -8.46898
611 671 -2.64699
611 689 -3.01573
613 616 -0.0485866
614 619 8.26868
614 674 -2.14198
614 679 -3.20605
615 630 3.19381
615 635 0.218811
616 617 1.0607
616 656 0.0348226
617 629 1.54406
617 631 0.511864
617 641 -0.0564748
617 650 -0.202744
617 656 0.834824
617 664 -0.24576
617 668 -2.45155
617 678 -0.265674
618 621 -2.58569
618 636 -3.31536
618 644 -5.83206
618 645 -3.43706
619 640 8.58127
619 672 -8.76265
619 674 -5.53733
620 626 1.72577
620 632 8.02264
620 634 -3.91844
620 639 0.362932
620 648 -1.27785
621 622 -2.64699
621 628 -0.258219
621 636 -20.0333
621 643 -10.3815
622 628 -2.31837
622 633 -1.34772
624 635 1.68529
624 652 1.25519
624 663 3.79173
624 684 0.347474
624 699 -0.00010328
624 707 0.0700632
625 626 0.0279899
625 632 0.0279903
625 642 0.0514202
626 632 1.68748
628 633 -13.1988
628 643 -5.53733
629 631 1.27534
629 650 -4.98568
629 664 -0.133846
630 635 3.87408
630 663 0.496936
630 677 3.4981
630 700 -0.359856
630 704 2.92909
631 650 -0.45935
631 664 -0.0558392
632 639 3.39425
632 642 1.50249
632 646 -0.0450289
632 647 0.435233
632 657 5.53645
632 669 3.57445
632 694 1.69086
633 634 0.814927
633 643 5.02977
633 648 -1.94986
633 667 2.27269
633 675 -0.369897
633 686 1.91493
633 695 -0.258219
633 701 -6.60797
634 648 -0.618742
635 663 2.94533
636 643 2.31952
636 644 -1.42853
636 653 -3.92615
636 654 1.51607
636 658 -0.415049
636 670 -4.86856
637 652 -3.24974
638 641 -2.13707
638 662 0.408303
638 678 -5.53733
638 693 -2.14198
638 705 0.962998
639 648 -0.740165
639 675 -2.64699
639 680 -2.0867
639 694 1.21202
639 701 0.362475
640 649 -1.34772
640 672 -2.58569
641 656 -0.0997264
641 678 -0.601089
642 646 -0.178434
642 647 0.338412
643 658 -0.794069
643 667 4.08624
644 645 -1.47101
644 659 -0.697015
644 670 1.35106
645 659 -3.91844
645 660 -4.85705
646 647 0.0746206
646 651 -0.36923
646 657 0.00790938
646 666 0.0529121
647 657 1.00655
647 666 4.02199
647 669 6.22139
648 675 -1.16715
649 665 -0.775982
649 672 -1.47101
650 651 -0.307331
650 664 1.82181
650 668 -1.91549
651 666 0.251308
651 668 1.31916
651 685 5.99942
651 690 0.0421428
651 697 3.40953
652 661 1.66836
652 663 0.037556
652 699 -3.58467
653 654 -0.369897
653 667 -3.61137
653 670 -2.27269
654 658 -0.828616
654 667 0.827133
655 661 0.0872888
655 673 3.71768
655 676 -4.8442
655 683 8.76348
655 684 -0.0142658
655 713 -0.883547
656 678 -1.8994
657 669 3.84965
658 667 -1.86485
659 660 -0.636279
659 670 -9.0919
659 671 -9.85104
659 702 -0.652519
659 708 0.607773
660 671 1.54979
661 684 0.111423
661 699 -2.88428
663 677 6.17734
663 684 0.926166
663 699 -0.0153221
663 704 1.04594
664 668 -1.30283
665 672 -0.008229
665 681 0.11483
665 687 -5.70916
665 689 -0.441059
665 691 0.351137
666 669 0.756628
666 685 0.0991305
666 690 2.97319
667 670 -1.84714
667 686 0.867703
667 701 -5.63921
668 678 2.15969
668 697 2.71937
668 703 8.85099
668 709 -0.905358
668 710 1.81446
668 715 -0.353819
668 723 -1.84714
669 685 0.0251663
669 690 0.630907
669 694 1.61329
669 728 -0.0644831
670 701 -0.0389131
670 708 -4.14515
670 721 -2.52745
670 730 -2.64699
670 733 -1.08303
671 689 -10.1054
671 696 -4.14515
671 702 0.433895
671 708 -0.00530508
671 733 -0.00208371
671 734 0.000740034
672 674 0.230426
672 679 0.0478282
672 681 -11.1558
672 682 -1.15493
672 688 -0.0462061
672 691 -0.0894175
672 692 -3.01991
673 676 -4.8442
673 679 -4.8442
673 713 -0.438398
674 679 8.80894
674 681 -0.150271
674 688 -0.101476
674 691 -0.00948134
674 711 2.22758
674 720 0.0632132
675 680 -0.0114899
675 701 -0.273878
676 679 3.01573
677 704 5.84281
678 693 0.914807
678 709 -2.51278
679 681 -0.00357197
679 688 -0.737603
679 691 -0.00357197
679 711 3.99505
679 713 -15.9189
679 720 0.155283
679 741 -3.13922
679 749 -6.41784
679 754 2.57473
679 761 0.0172983
679 771 -7.04777
679 776 -5.53733
679 781 2.73855
679 785 -0.00864911
679 790 -0.0179111
679 797 -3.43706
679 798 -12.1537
680 694 -0.0693153
680 701 -0.0315854
681 682 -9.68841
681 691 0.90757
681 692 -0.023346
681 722 -3.43706
681 746 -13.7864
682 688 -1.5739
682 706 -5.45487
682 736 -0.716407
682 746 0.451047
683 684 -1.63282
683 713 -0.662272
684 699 -0.369293
684 704 1.07183
684 707 1.37165
684 713 5.64528
684 724 5.75374
684 731 4.47644
684 744 2.25898
684 751 7.04789
685 690 0.0550782
685 694 1.08326
685 697 5.89937
685 728 -0.0725131
685 745 0.26207
686 701 -3.22998
687 689 1.96651
687 691 -0.132481
687 698 -0.534618
687 712 2.25429
688 706 0.0569646
688 720 -0.495848
689 696 5.56522
689 698 -0.905358
689 712 2.64699
689 734 -0.125983
689 735 4.13797
690 694 0.0323814
690 728 -0.0248916
691 712 -7.03795
691 722 -3.17436
691 763 0.305845
691 767 -0.687271
693 705 -1.58786
693 709 -2.80499
694 701 0.491442
694 716 0.0179065
694 719 -12.5358
694 728 -1.74101
695 701 0.601089
697 703 3.85156
697 738 -3.19691
697 745 0.126341
698 712 -0.616494
700 704 -0.297758
701 714 -8.50937
701 717 -3.43706
701 718 -0.343691
701 719 -5.1625
701 721 -2.10442
702 734 0.0008129
703 723 -9.86291
703 725 3.16014
703 726 -2.55641
703 738 -0.618144
703 747 -4.44332
703 755 0.794069
704 724 1.05226
704 732 3.24543
704 737 1.42754
704 750 -3.10675
706 720 -2.61589
706 736 1.87248
708 733 0.54026
708 734 0.00975881
708 748 -6.29622
709 723 0.0700632
709 742 -8.41866
709 752 0.794069
709 774 -1.69086
710 715 -0.386023
710 723 -2.93164
712 735 2.0265
712 767 0.578709
712 770 -0.680683
713 749 2.18405
713 751 2.97501
713 776 5.62909
714 717 0.42921
714 718 1.68556
714 719 1.26698
714 727 3.91844
714 729 4.9006
714 739 -0.809663
714 743 -0.0273079
714 753 0.434708
714 756 -0.775982
714 757 -3.90414
715 723 -0.023346
716 719 -0.428372
716 728 -0.035813
717 719 2.48085
717 739 -0.114993
718 721 0.338799
718 727 2.58847
719 728 -0.83062
719 739 -6.62508
719 745 -2.94759
720 736 -2.10506
720 741 -1.10372
721 727 7.23279
721 730 -0.00945571
721 733 -0.0253031
721 740 0.201545
721 757 -0.418426
721 765 -0.740165
722 746 1.98633
722 763 -7.30686
723 726 2.02305
723 742 -5.53733
723 747 0.195158
723 752 3.69823
723 760 6.64204
724 737 0.42113
724 744 7.90336
724 750 -4.69955
724 762 5.99342
724 769 4.94899
724 808 -5.53733
725 747 -0.502291
726 747 0.185322
727 740 0.10079
727 757 -3.77846
728 745 3.25972
729 757 -6.7215
730 733 -0.265076
730 740 -0.00550717
732 750 -5.53733
733 740 -0.160104
733 748 -0.178776
733 758 -0.068959
733 765 -1.51418
734 735 -3.02915
734 748 -0.0389131
735 748 1.98633
735 766 -1.41914
735 770 -2.30208
736 741 1.78253
736 746 -2.71175
736 761 -1.38393
736 764 1.44143
737 750 -3.91844
738 745 -3.43706
738 755 -1.08303
739 743 0.190939
739 745 4.603
739 756 -3.69601
739 757 -2.10127
739 772 0.794069
741 761 -2.36788
742 752 -13.6021
743 756 -1.57696
744 751 5.64439
744 762 8.68024
744 803 -8.85269
744 808 -5.53733
745 755 0.299912
745 757 -4.14515
745 768 3.14312
745 796 0.560518
746 759 -0.242519
746 761 -0.0177911
746 763 -3.91844
746 764 -5.73432
746 778 -0.0881627
746 785 -1.75778
747 755 -2.22758
747 760 3.11359
747 777 -11.4347
747 779 -1.39593
747 780 -4.8442
747 782 -2.36822
748 758 1.70675
748 765 0.032653
748 766 -0.877247
750 769 -15.1199
750 787 2.99169
750 818 -5.03613
751 776 0.346025
751 803 -5.53733
752 760 0.758015
752 774 -14.0196
752 775 -1.54979
753 756 -1.12464
753 757 -3.73241
753 772 -0.652519
754 771 -0.982543
755 768 0.195153
755 777 -0.321795
755 796 0.230041
756 772 -3.31536
757 765 4.52733
757 772 -1.14578
757 773 0.305845
757 783 1.46281
757 784 2.69915
757 791 3.56349
757 796 -3.87491
757 799 11.4226
757 804 0.274787
757 810 4.84697
757 814 0.110153
757 815 -3.4682
757 821 9.59949
757 827 0.226632
757 828 -4.48756
757 829 0.740165
757 835 5.9956
757 843 -13.3742
757 844 -0.577004
757 849 -2.56419
758 765 0.205916
758 766 -0.0392997
759 763 -2.71175
759 778 -0.353819
760 775 -5.40361
760 779 -2.71175
761 764 -3.73241
761 785 -1.13159
761 786 -0.282852
761 790 -0.967443
761 798 -0.695959
763 767 -1.52308
763 770 -0.243717
763 778 -0.974666
765 766 -1.78445
765 770 -1.60463
765 784 3.14134
765 799 2.64171
766 770 0.935055
767 770 -1.36357
768 777 -6.02902
768 796 3.09003
768 801 3.07031
768 820 4.28664
768 840 -0.722426
768 841 -1.91493
769 808 -5.27686
769 818 0.0127997
770 778 1.31271
770 788 1.34772
770 789 0.147073
770 792 -8.17652
770 799 -2.47197
771 781 -1.98633
774 775 0.575744
774 779 1.80332
774 793 -1.86646
774 794 0.253339
774 800 -2.88324
774 813 -0.149615
775 779 0.650986
776 797 -0.500431
776 803 -6.03145
776 825 -3.20605
777 782 0.250214
777 801 -0.332431
778 785 3.20726
778 789 0.60186
778 790 0.000261471
778 792 -3.62431
778 805 1.78109
778 834 -5.53733
778 836 -5.53733
779 780 1.09231
779 782 0.563899
779 794 0.261377
779 809 -1.2366
779 811 -6.33207
779 824 -1.64568
780 782 0.124083
781 798 -2.27269
782 795 -0.350588
782 801 -0.234406
782 802 -2.68439
784 799 -8.9407e-08
785 786 1.08858
785 790 -0.111004
785 798 -0.0519583
785 805 0.266844
786 790 -0.0355518
788 792 -2.93164
789 792 -0.487748
790 798 0.94939
790 805 0.786855
790 806 0.0580022
790 807 0.147668
790 812 -0.0180633
791 821 0.764726
791 828 -2.52745
791 835 2.04475
792 799 5.47129
792 836 -11.0747
792 850 -5.53733
793 794 -0.705603
793 813 -3.31525
794 809 -0.607024
794 813 -0.198651
794 824 -0.421162
795 802 -6.61712
796 820 0.695883
796 827 -0.0955244
797 798 -0.258219
797 812 -0.217995
797 825 -1.80873
798 806 0.021987
798 807 0.00371859
798 812 -6.79315
799 816 2.31952
799 829 0.686709
799 850 -5.53733
800 813 -0.00778177
800 819 -2.36822
801 802 -9.51068
801 822 -0.669846
801 840 -0.500431
802 811 1.12678
802 822 5.84669
802 824 3.49116
802 840 -0.821653
802 851 0.0460882
803 808 3.43706
803 817 2.66886
803 825 2.98623
803 826 6.46206
803 832 5.4494
803 845 0.982543
804 815 -0.183813
805 806 0.0580022
805 807 0.996046
805 812 -0.00991546
805 823 -0.418426
805 830 1.20381
805 834 -7.19888
805 836 -9.28032
805 839 3.00865
805 854 -2.02352
805 856 0.621501
806 807 -0.00066492
806 812 -0.200122
806 823 -0.294973
806 830 -0.0440516
807 812 -0.00849278
807 823 -0.294973
807 830 0.0174773
808 818 -0.104057
808 831 1.34046
808 832 3.10891
809 813 0.0649369
809 824 0.875763
811 824 0.886457
812 825 2.2807
812 830 0.492762
812 839 0.566508
813 819 -3.69895
813 824 0.378635
813 837 -3.8296
813 848 -1.28809
814 815 -0.430236
818 831 -0.577904
818 845 -4.05582
820 827 -0.0887147
820 838 2.42044
820 841 -0.775982
820 842 -0.210882
820 847 -3.59923
821 835 1.224
823 830 -1.95015
824 833 4.92238
824 837 -0.734384
824 848 -0.101248
824 851 0.523395
824 852 1.44445
824 855 -3.53759
825 839 2.57459
826 832 1.45372
827 842 -4.72023
827 843 -2.64699
828 835 -1.14578
830 839 2.58492
831 832 1.34738
831 845 4.43016
831 846 1.79065
832 845 0.905357
832 846 7.77946
834 836 3.10675
835 843 -2.15837
835 844 -5.68111
836 850 3.33075
836 854 -1.54979
837 848 2.28129
838 840 0.152536
838 842 -4.31975
838 847 -1.18607
838 853 1.46885
839 856 1.56554
840 841 0.0112708
840 847 -0.136907
840 853 0.0859421
841 847 -0.822481
842 843 1.72077
844 849 0.723335
845 846 1.04155
848 852 -0.517023
851 855 -0.0389131
854 856 -0.533685
