MULTICUT
0 1 -0.533685
0 3 -2.47197
0 10 -2.22758
0 11 3.65818
0 12 -3.10675
0 16 -3.20605
0 17 -0.564069
0 38 -0.00871127
0 57 -0.0334516
1 2 0.337785
1 4 0.557091
1 6 -0.652466
1 7 3.14484
1 8 -8.98936
1 13 -3.24571
1 14 -2.30251
1 16 -3.10675
1 29 -3.91844
1 31 3.43706
1 41 -13.8336
1 49 -0.101248
1 55 1.51806
1 79 -0.165294
2 8 -7.91152
2 15 -8.45749
2 24 -6.19192
3 11 -3.7214
3 12 5.70945
3 17 2.47197
3 21 -1.75131
3 27 -1.7454
3 34 0.185685
3 36 1.6491
3 38 2.86544
4 6 4.01081
4 14 -0.561438
4 30 0.0783932
4 44 0.0282933
4 46 0.0347663
4 55 0.662676
4 66 0.127602
4 79 -0.499949
4 80 -0.342959
4 85 0.545431
4 94 0.127876
4 103 0.0783932
5 9 -0.849093
5 11 2.63294
5 38 -0.00290376
5 57 -0.0111505
6 14 -0.0145741
6 19 8.92632
6 30 3.59451
6 44 2.16508
6 46 14.8265
6 55 0.328437
6 66 5.96815
6 79 0.118909
6 85 1.28638
6 94 0.272118
6 103 2.45632
7 8 -2.41897
8 15 3.01573
8 18 -2.51691
8 20 1.76828
8 22 -5.89647
8 29 3.35183
8 33 -0.746936
9 11 -2.25272
10 12 8.86952
10 16 -2.27269
10 43 -0.300423
10 45 -3.22661
10 48 -4.8442
11 17 -0.188431
11 23 3.19199
11 26 -6.3518
11 27 1.39278
11 32 2.30546
11 38 -4.38249
11 47 -0.736334
11 51 -3.31536
11 53 1.96998
11 57 -1.37968
11 58 3.79327
11 61 0.00585477
11 65 1.05739
11 69 -0.133496
12 21 -6.04882
12 36 0.166958
12 43 -0.236292
13 14 9.29004
14 16 6.19645
14 19 2.70817
14 25 8.62816
14 28 3.52295
14 30 0.789669
14 54 6.16605
14 64 2.28156
14 93 0.0636078
15 22 -2.5419
15 24 0.185154
16 25 0.297096
16 28 0.108226
16 45 -9.90073
16 54 4.09674
19 30 3.77216
22 24 -8.00292
22 29 -2.49049
23 26 -2.52745
23 38 -0.00290376
23 57 -0.0111505
24 29 0.105358
24 33 -0.448217
24 35 -2.37306
24 37 0.435362
24 39 -0.0534187
24 42 2.48006
26 32 -1.91493
27 34 -0.168058
27 36 -0.0988859
27 38 -0.5282
27 57 -0.0334516
29 33 -2.41942
29 41 1.52308
30 46 8.30145
30 93 0.68237
30 103 2.05204
32 38 -0.00290376
32 57 -0.0111505
33 37 -0.240076
33 40 0.024936
33 41 -4.16843
34 38 0.841317
35 41 -0.906413
35 42 -1.19062
35 49 -0.206694
35 50 0.361383
36 38 2.77131
36 43 -0.32142
36 48 -4.14515
36 51 0.971476
36 60 -2.18405
37 39 -0.0776372
37 40 -0.128444
37 41 2.97747
37 42 2.57447
38 47 2.0117
38 51 5.30329
38 53 -0.00519503
38 58 -0.0103901
38 61 -0.00136615
38 65 -0.00519503
39 42 -0.0557179
40 41 -0.153877
41 42 3.10081
41 49 -11.3754
43 48 -0.163779
45 48 2.51014
45 54 -9.75564
45 73 -0.0544849
48 60 -1.22961
48 73 -7.01151
48 92 -0.434708
49 50 -0.720226
49 55 -0.924411
49 56 -3.99827
49 59 -2.41897
50 52 -1.84101
50 59 3.72035
51 53 -11.8517
51 60 -2.93164
52 59 -1.52308
52 71 -7.40058
52 74 1.49683
52 81 2.9734
52 87 -0.137586
52 121 1.17251
53 57 -8.98367
53 60 1.27785
53 62 -6.01135
54 64 2.99058
54 73 -0.645255
54 90 2.15821
54 96 2.03131
55 56 -4.43612
55 59 -3.73241
55 79 -0.163176
55 80 -1.31932
56 59 2.39437
57 58 -8.69977
57 61 -0.0208402
57 62 2.52745
57 63 1.62889
57 65 -0.0215791
57 68 -2.71175
58 61 0.0164144
58 63 -0.490078
58 65 0.549741
58 68 1.52308
58 69 -0.342674
58 70 -2.58301
58 76 -2.47197
59 67 -5.23001
59 71 9.49657
59 75 -9.24444
59 77 3.16799
59 95 -0.0496011
60 62 -2.18405
60 72 -1.3481
60 91 -0.023346
60 92 -1.09881
60 99 2.43124
60 114 0.148723
60 119 0.151402
60 125 0.114131
60 129 -1.21186
61 63 -0.000188336
62 68 -3.20605
62 72 -7.0768
64 93 0.152909
64 96 1.24503
65 69 -0.0927765
68 72 3.62839
68 76 -2.90717
69 70 0.738246
69 83 -0.00601482
69 84 -0.00273032
70 76 0.401173
70 78 8.28384
70 83 0.0555593
70 84 2.65914
71 74 -8.97153
71 75 -9.43818
71 77 0.679996
71 81 -3.10675
71 86 1.75131
71 88 4.26611
71 95 -0.0248005
71 101 -1.84714
72 76 -3.47162
72 82 -5.28874
72 91 1.25517
73 90 -1.35916
73 92 -4.43612
73 100 -0.506989
73 114 -2.44195
75 77 -7.16946
76 82 2.41897
76 83 -1.7535
76 84 -0.289671
76 89 -6.23131
77 79 -0.445947
77 80 -6.37299
77 95 -0.633575
77 101 -5.75657
77 109 0.163453
77 111 0.109675
77 115 -1.42933
77 117 -0.0780262
77 134 0.461825
77 141 -0.635286
77 142 -5.63817
77 149 0.0328582
77 151 -0.197673
77 158 -5.07996
77 168 -2.31952
77 174 -4.57776
77 176 1.69086
77 180 -7.21651
77 190 -2.18405
78 84 1.96569
78 97 4.06399
78 104 2.78039
78 108 -1.12951
78 124 1.49073
78 131 -0.0498582
78 133 -1.26775
79 80 1.68656
79 85 0.73983
79 94 0.970401
79 95 2.65628
79 112 1.97792
79 115 0.697535
79 117 1.19742
79 142 -0.181818
80 95 1.0482
80 115 0.0930314
80 117 0.567244
80 142 -1.00666
81 86 -13.0078
81 87 -0.391028
81 105 2.62306
82 89 -7.87756
82 91 -1.75131
83 84 3.29209
83 89 4.77878
83 97 0.83062
83 98 -4.66793
83 99 -2.52745
83 104 3.43706
84 97 2.15899
85 94 6.32372
85 102 2.24191
86 88 2.64723
86 101 -4.8442
86 105 -7.2718
86 106 3.63387
86 109 4.67728
86 113 3.77429
86 118 -4.43612
87 105 -0.313715
87 118 -0.071753
87 121 -0.0995551
88 101 -2.10127
89 91 1.75131
89 98 -10.447
89 99 -3.31536
90 96 2.47543
90 100 -3.31536
90 120 -8.64479
90 157 0.454028
90 183 -0.742028
91 99 -1.06254
92 114 -0.533685
93 96 3.80021
93 103 6.70472
93 137 3.259
93 139 0.403725
93 153 5.44526
93 183 0.180668
94 102 2.58233
94 103 3.47212
94 112 0.0211576
94 117 0.0799171
94 135 -5.04911
95 109 -0.0483471
95 111 -0.0593684
95 115 1.10593
95 134 -0.0483471
95 149 -0.0169609
95 151 0
96 120 -0.0561526
96 153 1.14293
96 157 0.307456
96 183 -0.44832
97 104 5.51264
98 99 4.43349
98 107 -1.94903
99 104 -3.10675
99 107 -3.36366
99 108 3.97278
99 110 -0.0951189
99 119 0.271173
99 123 -8.87189
99 125 0.241031
99 129 -0.684607
100 114 -0.278258
100 120 3.77054
101 106 -3.31536
101 109 -3.10283
101 111 -0.195542
103 135 -1.69086
103 137 0.125387
103 139 -0.297171
103 147 -1.0226
103 150 -5.53182
104 108 -6.02057
104 116 -0.226632
105 118 1.21427
105 121 0.673418
106 109 3.44784
108 110 -0.651891
108 116 1.78253
108 123 -9.4755
108 124 -0.773807
108 126 0.983839
108 128 -0.0155966
109 111 7.8156
109 113 5.54439
109 118 -4.8442
109 134 1.03934
111 118 -5.2141
111 134 2.65299
111 149 0.237279
112 117 1.78108
113 118 -1.91493
114 120 -2.62189
114 129 -0.0595099
114 132 -4.81186
117 122 3.75793
117 130 3.48695
117 135 -0.0875617
117 138 1.99741
117 141 4.68151
117 142 0.260854
117 148 0.676529
117 154 1.76379
117 173 0.00710741
117 174 1.23131
118 121 4.48163
118 134 -5.79422
118 156 0.757157
119 125 0.0548212
120 132 1.95428
120 155 3.65252
120 183 4.25353
120 191 0.705796
121 134 -1.98633
121 156 3.10457
121 158 1.52308
121 162 2.71175
121 169 3.01573
121 171 7.14891
121 176 -17
121 179 2.47197
121 187 -2.31952
121 210 -0.00866354
121 218 -2.85347
121 223 -0.434708
123 126 -0.305845
123 127 -4.024
123 129 1.95015
123 132 -7.75733
124 126 -1.30722
124 127 -6.16975
124 128 0.0508379
124 131 -0.0867747
124 133 -1.77842
124 152 -0.955852
125 129 -1.21087
126 127 1.78386
126 128 -0.0655687
127 128 -0.0350503
127 132 0.563819
127 136 2.50496
127 145 -1.74995
127 152 8.62771
129 132 -2.22758
130 141 0.354496
130 142 0.325002
131 133 -0.268534
132 136 1.6743
132 152 0.638962
132 163 0.701276
132 170 -4.03594
132 181 -5.71779
132 191 -0.121291
132 195 0.142171
133 152 5.87395
133 191 -0.0506384
134 149 1.45
134 151 -0.0393196
134 156 -11.3638
134 158 -1.77524
134 162 -3.73846
135 138 -0.0437809
135 140 -5.29824
135 144 -3.31536
135 146 -4.43612
135 150 -11.0747
136 152 1.75131
136 163 0.80111
137 139 2.67343
137 147 -0.500486
138 146 -3.43706
138 148 2.00024
139 143 -0.0969635
139 144 5.81616
139 147 -3.39964
139 150 2.52949
139 153 1.39284
139 165 0.232297
139 166 -0.0102693
139 172 0.576564
139 178 0.058067
139 183 0.0278803
139 186 0.927948
140 143 0.00727729
140 144 -0.000657426
140 146 0.000790081
141 142 1.3784
141 154 4.05907
141 174 0.615471
143 144 -2.14073
143 146 -0.968636
143 150 -0.145445
143 159 -0.262781
143 164 -0.0484817
143 166 -0.0503089
143 167 -0.0484817
144 146 0.206876
144 150 9.35665
144 159 2.23871
144 164 5.45198
144 166 6.57296
144 167 1.99761
144 177 -3.32435
144 178 -8.71839
144 184 -2.71175
144 192 -1.23277
144 194 4.89871
144 197 0.369897
144 201 -4.43612
144 202 -2.85347
145 152 -1.05633
146 148 -11.9819
146 159 3.94106
146 160 -0.838991
148 160 -0.00990756
148 173 0.0331969
149 151 -0.0317946
149 158 -0.89656
150 164 1.75131
151 158 -0.365695
152 161 4.5884
152 163 4.60777
152 170 -5.2908
152 175 2.85085
152 181 -3.19486
152 182 0.558985
152 185 -7.77596
152 188 2.80401
152 191 -1.13073
152 193 4.38548
152 195 1.27769
152 205 6.03161
152 206 1.75206
152 208 -2.02352
152 212 -6.33836
153 172 3.12454
153 178 -0.131119
153 183 2.64571
153 186 3.36404
153 197 0.125329
153 200 0.0679333
153 203 0.417884
153 211 4.81009
153 234 0.943467
153 236 1.84418
153 243 0.858147
154 174 0.615844
155 183 3.66895
157 183 -3.97575
158 162 2.96868
158 168 2.92354
158 176 -8.23439
159 160 -2.19833
159 167 3.00261
159 173 -4.8442
159 177 0.237077
160 173 -0.489066
161 191 -0.0506384
163 170 -1.57696
165 166 -0.0170046
165 172 0.0452646
165 178 1.1092
165 186 0.0226323
166 178 -3.80647
167 177 -0.652555
168 176 -1.78253
172 178 0.000496944
172 183 0.0308229
172 186 1.20052
173 174 16.1719
173 177 -5.53733
173 189 -24.5061
173 237 3.31383
173 251 1.52725
173 253 2.55163
173 258 0.0303013
173 261 -1.29426
174 180 4.91501
174 199 7.41944
174 216 5.68656
174 225 0.173325
174 237 0.21547
174 249 0.995551
175 191 -0.0506384
176 179 -1.81446
176 187 3.57445
176 190 -0.434708
176 196 4.96829
176 198 -5.40361
176 207 6.09575
176 209 1.46591
176 210 0.00866354
176 218 2.71175
176 223 7.25545
177 184 3.48239
177 189 1.35561
177 192 0.274059
178 186 -0.205404
178 197 -1.0697
180 190 -4.8442
180 196 -2.71175
180 199 1.6319
180 213 0.230685
180 225 0.240158
181 182 -0.838555
183 186 0.0557605
183 191 17.0606
183 197 0.0341147
183 200 10.0144
183 203 0.0341147
183 211 0.0341146
183 214 0.140703
183 222 8.53876
183 234 0.0341147
183 236 0.113387
183 243 0.144415
183 244 -9.98654
183 245 -7.30686
183 246 -6.13769
183 247 -7.16372
183 248 -3.91844
185 188 -0.0771881
185 193 -1.37165
186 197 0.236718
186 203 0.622021
188 191 -0.101277
189 192 6.15621
189 226 3.3341
189 251 -5.53733
189 262 1.52986
190 196 -0.924411
191 193 -0.0506384
191 195 -0.441395
191 205 -0.190162
191 206 -0.0950811
191 208 -0.418426
191 214 0.142711
191 222 0.930917
192 201 -5.68032
192 202 -1.09806
192 203 2.41184
192 226 2.85347
192 232 4.3335
192 235 2.71175
194 201 -4.43612
194 202 -9.45578
194 204 -1.54979
196 198 -3.73241
196 209 1.60031
196 213 -6.07102
196 223 1.66155
196 224 -4.49022
196 231 4.8442
196 239 0.386023
197 201 -1.57696
197 203 0.964982
198 209 -0.023346
199 216 1.02216
199 225 2.14562
199 230 3.22715
199 237 0.032383
199 249 0.434708
199 253 0.0332032
199 266 0.96168
199 273 -0.723527
201 202 -0.0414959
201 203 -2.23725
201 204 0.260372
202 204 -1.22055
203 211 2.64699
203 232 1.30083
203 234 3.87551
203 235 5.88184
203 236 3.47761
203 243 1.34772
203 252 4.67684
203 254 3.66393
205 212 -5.55466
206 212 -0.337785
208 212 1.16715
208 214 -3.91573
208 217 -3.0251
212 217 -9.80287
212 219 -0.322682
212 222 0.105656
212 228 0.829711
212 229 -0.458223
212 240 0.0799101
212 242 0.166373
212 259 3.10675
213 224 -4.43612
213 225 -0.413614
214 215 4.40868
214 217 2.76311
214 220 3.25512
214 221 0.0637909
214 222 0.132349
214 227 -0.573743
214 233 0.176527
215 221 0.00631531
217 221 0.101346
217 222 -0.422319
217 227 -1.36053
217 229 1.82839
218 223 1.52308
219 228 -0.142701
220 221 0.00615239
222 227 2.29206
222 229 -0.508676
222 233 1.62312
222 240 5.66897
222 242 0.201525
222 245 -13.5876
222 255 -4.8442
223 239 9.34183
224 225 -4.14515
224 231 -0.956057
225 230 10.1809
225 231 -12.6671
225 238 5.67572
225 260 -4.14515
225 270 1.18877
225 273 -1.40803
226 235 6.1488
226 262 3.92484
226 265 6.58376
226 320 1.33049
226 323 1.26503
226 328 2.93164
226 339 -0.784748
226 353 2.27269
227 229 -0.223682
227 233 0.0388825
229 240 -0.0901374
229 242 -0.0981848
230 266 0.653103
230 273 -0.580029
231 239 5.71874
231 260 1.39593
231 270 -5.29574
231 273 2.18405
231 277 13.4007
231 286 -4.98858
231 287 5.53733
232 235 3.57445
234 236 0.971073
235 252 4.71923
235 264 2.97633
235 265 4.68797
235 269 1.94933
235 296 0.00283994
236 243 1.32496
237 249 1.09022
237 253 2.20742
237 273 -0.110069
239 274 8.58127
239 287 6.44589
240 242 0.0484787
240 255 -5.53733
240 257 0.116857
240 259 7.51792
240 271 3.05465
240 290 1.16715
240 293 4.60921
240 295 -3.31536
240 307 -0.052271
240 309 1.09816
241 259 0.369897
243 248 -20.355
243 252 0.982543
243 254 4.60198
243 281 -9.33011
243 284 -12.5009
243 300 1.02216
243 327 2.68371
244 247 9.03118
245 247 5.96902
245 255 2.36822
246 247 1.47101
246 248 0.3764
246 250 6.1341
246 267 0.0512886
247 250 3.46976
247 255 4.12755
247 256 2.65351
247 263 0.905357
247 278 1.06254
248 267 0.21731
248 279 -0.731731
248 284 3.7645
248 298 0.000660252
250 267 -0.0059337
250 278 2.3314
250 279 -0.280132
250 288 1.56063
250 298 -0.0167317
250 299 0.0011836
250 305 -0.548378
251 261 -0.566757
251 262 -4.14515
251 268 -3.09125
251 272 -3.73241
252 254 0.614626
252 264 2.51292
252 269 0.242392
252 276 2.29995
252 281 -21.8447
252 296 -0.0355107
252 313 1.30278
252 326 0.559636
253 258 0.579644
253 261 0.144957
253 273 -0.203647
253 275 0.999205
255 256 2.66439
255 263 1.88872
255 278 3.86398
255 295 7.6571
257 259 3.20604
258 261 0.610126
259 290 3.91844
259 291 6.08726
259 293 1.25625
259 343 1.06526
261 268 0.0380343
261 275 1.23965
262 272 4.4996
262 323 2.71175
265 269 5.92097
265 276 -0.0165758
265 285 5.4155
265 296 0.0383494
265 301 2.4242
265 313 0.0466586
265 320 5.39069
265 335 0.0531456
266 273 -0.22523
267 279 -0.0393032
268 272 -1.98633
268 275 0.198736
268 280 -4.77878
269 276 0.246538
269 296 0.0149284
271 293 2.09939
271 302 2.81489
271 307 -0.538884
271 316 -0.0102462
272 280 10.8892
272 297 -3.91844
272 323 4.04497
272 337 2.23234
272 350 0.373948
272 355 0.0367173
273 275 -0.0473197
273 283 -5.11699
273 286 -3.73241
273 289 -3.86049
273 292 -2.01265
273 294 -1.52308
274 287 15.613
275 282 -0.943623
275 294 -1.69086
275 297 -0.451638
276 296 -0.0622156
277 286 -6.22153
277 287 4.86514
277 303 -0.189066
277 311 1.48176
277 324 1.66155
278 288 0.393784
278 295 0.199922
278 299 -0.00696552
278 304 1.28296
279 284 -0.987507
279 298 -0.000611126
280 282 -7.81002
280 297 -15.7373
281 300 -2.86865
281 326 -4.97784
281 327 -1.71991
281 338 0.560097
282 297 -0.83062
283 286 2.42356
283 289 3.79712
283 292 1.31436
283 303 0.0489467
283 315 0.556769
283 317 -1.62538
283 319 -0.0839949
283 321 -0.019084
284 298 0.00323578
284 305 -8.74147
284 312 -2.51569
284 327 -5.53733
284 345 -0.83062
286 303 2.99729
286 311 -2.06181
286 317 -0.00576269
286 321 -0.0232876
286 324 -0.705989
287 322 2.78039
287 324 1.50449
287 330 7.21918
287 340 0.431083
287 341 5.50092
287 344 2.75111
287 351 1.98633
288 299 0.0012254
288 305 -0.54343
289 292 1.85278
290 293 0.962998
291 293 0.104816
291 343 4.67797
292 294 0.176054
292 306 0.060731
292 319 -0.122344
292 332 -6.12698
292 336 -1.05432
293 302 2.33222
293 307 -0.240693
293 308 5.65603
293 316 -0.0204925
293 343 1.55189
294 297 -5.84138
294 306 1.28139
294 310 -7.83689
294 332 -9.97346
294 334 -5.53733
295 304 0.0368126
295 309 -4.19844
295 314 5.85063
296 301 0.0828077
296 313 -0.216599
296 320 -0.023804
296 335 -0.168807
297 310 -6.43529
297 334 -5.53733
297 337 -13.895
298 305 -0.849038
299 304 0.0187758
299 305 0.0019946
299 312 -0.00117733
299 314 0.777705
299 345 0.0757239
299 346 -0.000881009
302 307 -2.52835
302 308 3.20604
302 314 -0.0127406
302 316 -0.143894
302 325 3.13969
302 331 0
302 333 1.69173
303 311 -8.12302
303 317 -0.0128267
303 321 -0.0367629
303 324 -0.963671
304 314 0.0320574
305 312 0.201278
305 314 0.0346339
305 345 0.0346339
305 346 0.050641
307 309 -0.0782849
307 316 1.53118
307 333 -0.0177832
308 325 3.66902
308 342 -0.00339282
308 343 6.15971
308 348 1.21308
309 314 -0.867746
309 316 0.697933
309 318 0.901037
312 314 0.028604
312 345 6.55859
312 346 1.01275
313 320 0.0735696
313 326 0.887853
313 335 9.71946
314 316 -2.40232
314 318 -0.894688
314 329 -1.02759
314 331 0.750679
314 333 -0.0666751
314 345 1.98904
314 346 0.219755
314 354 1.18951
314 358 0.219467
315 317 -1.23277
315 319 -0.171445
315 324 -1.38434
316 318 0.489093
316 325 -0.0209436
316 329 0.446372
316 331 -1.8156
316 333 -0.0900771
317 321 0.0804695
317 324 1.44385
319 324 0.0710092
319 336 0.0305274
320 328 2.67416
320 335 0.236923
320 339 -2.47351
320 362 3.68906
320 368 -9.28032
320 372 -3.01573
321 324 0.131519
322 330 2.93164
323 339 -0.939337
323 350 1.04166
323 353 1.64342
323 355 -0.00941571
323 357 0.267814
323 369 -5.63488
324 330 5.23835
324 336 1.27904
324 340 1.28453
325 333 1.69194
325 342 -0.0152457
325 348 0.0529027
326 335 2.14198
326 338 -9.05814
327 338 -1.69255
327 345 1.03766
327 349 0.0143728
328 339 -0.311968
329 331 -1.1972
329 333 0.0838885
330 332 5.2433
330 336 7.84105
330 340 9.34447
330 341 6.86773
330 356 3.57445
330 364 7.64217
330 365 5.99342
330 367 5.06596
330 371 1.06254
330 373 4.91537
330 387 -5.53733
330 388 -13.956
330 391 -6.53506
330 393 -4.8442
330 394 -5.53733
331 333 -0.096965
332 334 1.23277
332 336 4.37351
332 337 8.40418
332 347 8.5133
332 350 3.07149
332 356 6.63696
333 342 -0.00849214
333 348 1.55179
333 354 4.23631
333 358 0.520498
334 337 1.21064
335 338 -0.416238
335 349 2.87258
335 368 -3.43706
335 376 -8.07621
335 377 0.0369626
337 350 5.6394
338 345 -1.13157
338 349 -2.33062
339 353 -0.936749
339 362 -0.0415917
339 369 -1.54979
339 370 -3.31536
339 372 -1.60463
339 374 -3.31536
341 344 4.25357
341 351 1.88061
341 359 5.63627
341 371 3.16998
342 343 -0.00419782
342 348 -0.0161018
343 348 9.7667
343 352 2.84115
343 354 0.523825
343 360 3.10675
343 361 11.4387
343 363 3.76952
343 392 3.91844
345 346 2.75501
345 349 0.186756
345 354 4.01772
345 358 3.31984
345 384 -16.6449
345 385 -12.1954
347 356 3.5033
348 354 1.61872
348 358 0.212343
349 377 3.04253
349 384 -10.1416
350 355 1.05676
350 356 6.25986
350 357 0.0684492
354 358 6.65514
354 361 2.02352
354 366 3.88055
354 381 -13.1988
354 382 -4.8442
354 383 -3.73241
354 389 -3.43706
355 356 2.36822
355 357 -0.138639
355 369 -10.5319
356 364 12.9734
356 369 -3.57445
356 378 -7.58221
357 369 -6.34687
358 382 -4.14515
358 385 -3.01573
361 363 2.25156
361 366 1.28059
361 375 3.46449
362 372 -3.73241
363 375 8.5361
363 389 -6.31809
363 392 4.28907
363 403 0.321703
364 378 -3.91844
364 390 -9.68841
364 393 -8.35456
366 375 3.14122
366 389 -3.91844
368 372 1.21064
368 374 1.90476
368 376 0.402198
368 386 1.6855
368 397 1.34758
368 410 1.84714
368 424 0.289934
369 370 1.23277
369 378 5.28435
369 379 7.985
369 380 1.57696
369 399 0.156674
369 401 -0.00750045
370 374 2.06181
370 379 0.687271
371 394 -6.04642
371 395 -7.78326
371 398 -2.99754
372 374 1.96509
373 387 -11.0747
374 379 5.05357
374 397 1.00859
374 401 0.0135271
375 389 -10.1916
376 377 -0.479531
376 386 2.86273
377 384 -3.20311
377 386 -0.23466
377 400 -0.627583
378 390 2.95908
378 396 0.421392
378 399 1.93517
378 407 0.99858
378 419 0.435
379 380 4.12479
379 397 0.8364
379 399 0.512221
379 401 -0.0003679
381 383 9.96486
381 389 5.48922
382 383 0.167728
382 385 0.764386
382 408 -0.0142929
383 385 0.165572
383 389 0.752575
383 408 -0.19315
383 418 0.121709
383 420 -0.997146
384 385 2.72575
384 400 2.17918
384 408 -0.152203
384 413 0.0123808
384 414 1.8249
384 434 0.0166169
385 408 -0.41774
385 413 0.0087622
386 400 1.60021
386 402 1.60005
386 414 1.39427
386 416 11.7908
386 424 3.74776
386 429 1.60463
387 388 1.84187
387 393 3.22184
388 391 6.99437
388 393 2.76203
389 403 -1.39593
389 406 1.88103
389 409 -0.978371
389 420 -1.58234
390 393 6.25196
390 396 0.421392
390 419 0.203502
391 393 4.83081
391 394 6.7613
391 417 2.64699
391 421 3.50545
392 403 0.321703
392 405 1.21064
392 409 -4.8442
392 412 -5.53733
393 396 5.3524
393 419 0.127128
393 421 0.533685
393 422 2.86739
394 395 3.02686
394 404 1.52423
394 417 2.06181
394 421 3.31536
394 430 -3.13093
395 398 1.52308
395 404 4.08319
396 419 0.516924
396 422 0.295664
397 401 0.0132424
397 410 0.853097
398 404 1.92559
398 411 1.22099
399 401 0.386346
399 407 4.05273
399 415 3.14741
399 423 0.617655
399 426 -0.485026
399 427 0.30747
399 444 0.227605
400 414 3.05897
401 410 0.289315
401 415 3.92387
402 424 3.01573
403 406 -2.31952
403 409 -3.99418
404 411 5.11633
404 430 -2.64699
404 431 -12.087
405 412 -7.42989
406 409 -1.62082
406 420 -0.628271
407 419 0.815126
407 423 2.34525
408 413 -0.00343053
408 414 -0.0741733
408 418 -0.0235147
408 420 3.24825
408 434 -4.52085
408 438 -10.5733
409 412 10.3307
409 420 0.710573
409 425 -3.41277
409 432 -2.18405
410 415 1.76316
410 424 3.38964
411 431 -5.73232
412 425 -0.708452
412 428 -0.775982
413 414 0.0306591
413 434 0.0153917
414 429 4.14228
414 433 2.74544
414 434 0.766067
414 438 0.0688963
414 440 0.129774
415 424 2.10356
415 426 -0.481217
415 444 0.216108
416 424 0.533685
416 429 2.68208
417 421 6.0163
418 420 -0.0483833
419 421 2.33204
419 422 1.8619
419 423 2.18195
419 436 4.44194
419 444 -4.14515
420 432 -10.3099
420 435 -5.53733
420 438 -2.71175
421 422 3.09424
421 430 -9.26974
421 444 -6.86773
421 446 -3.83077
423 436 0.652519
423 444 -5.27316
424 426 -0.116238
424 429 6.15409
424 444 0.0117724
425 428 2.85347
425 432 5.71874
425 437 2.71175
425 441 4.06115
426 427 -0.487495
426 444 -1.72077
427 444 0.304678
428 437 2.17859
429 434 0.0160836
429 440 1.30449
429 444 -0.0959981
429 445 0.405499
429 448 -0.113797
430 431 1.12464
430 439 7.1866
430 443 -2.85729
430 444 2.38357
431 444 3.05445
432 435 5.69666
432 441 2.14198
432 444 -2.13095
433 434 0.211168
433 440 0.387633
434 435 0.465082
434 438 4.64699
434 440 0.562274
434 445 0.190405
435 438 7.07815
435 440 0.405137
435 444 -0.730217
435 445 0.421137
436 442 -4.8442
436 444 -6.3292
437 441 7.75094
437 444 -1.37165
437 447 5.58926
440 444 -0.847606
440 445 3.82619
440 448 -0.120253
441 444 -3.10675
442 444 2.56636
443 444 -2.18405
444 445 -0.701976
444 446 4.40015
444 447 -0.31328
444 448 2.71081
445 448 -0.0621216
