MULTICUT
0 5 -0.0818752
0 6 10.8724
0 7 1.46808
0 8 -2.17168
0 18 -5.31121
0 21 -1.5579
0 22 -1.91493
1 2 15.5642
1 10 7.24087
1 35 -4.8442
1 48 0.933473
1 57 -3.2748
1 88 0.894318
1 99 1.46308
1 110 0.0471538
1 112 0.907873
1 113 0.0427906
1 117 0.330187
1 137 -0.000945546
1 141 1.22432
1 142 -0.04805
1 163 0.00107341
2 11 0.432271
2 53 -6.49067
2 58 0.867703
2 72 0.982543
2 88 5.18508
2 117 0.00438338
3 8 7.10098
3 17 2.02352
3 18 -0.00592564
3 20 3.31536
3 26 0.130091
3 29 3.57445
3 34 2.43978
3 40 4.43612
3 50 -2.64699
3 59 15.6383
3 75 10.5139
4 5 3.02357
4 12 1.27315
4 15 -3.89948
4 16 0.127648
4 19 1.80449
4 24 1.7976
4 27 0.0376943
4 28 1.28516
4 31 -0.0122942
4 36 1.89213
4 43 -10.694
4 56 2.43984
4 60 0.814251
4 62 1.06671
4 64 2.64553
4 96 0.711238
5 6 -0.385444
5 12 3.72876
5 16 0.00272436
5 25 -0.00966075
5 26 -0.0190483
5 27 0.00605036
5 28 1.91076
5 31 -0.0238496
6 18 -0.428427
6 21 -0.428427
6 22 -1.04226
6 25 0.00445558
6 26 1.79541
6 28 0.539746
6 33 -4.43612
7 8 -0.538868
8 18 -0.613825
8 26 0.265045
8 34 2.60214
9 10 -0.0958916
9 13 1.06337
9 35 -5.53733
9 48 -0.00778202
9 57 -7.9479
9 99 1.15668
9 112 2.5219
10 13 -0.287675
10 14 -4.46313
10 35 -1.98633
10 99 -0.0958916
10 112 -0.0958916
11 23 -5.86592
11 37 0.104701
11 39 0.58565
11 53 -9.59907
11 65 0.245348
11 74 1.38838
11 86 0.362104
12 16 0.000957822
12 27 0.00374567
13 14 -1.23277
15 16 -1.63755
15 24 -3.29773
15 27 -1.71014
15 74 -3.02074
16 19 0.0219454
16 24 0.0201617
16 28 0.0115822
16 36 0.00808419
16 56 0.00723515
16 96 0.00731766
18 21 2.18741
18 26 -0.156693
18 34 -0.0855082
19 27 0.00374567
21 22 -0.101248
21 26 -0.0351556
21 34 -0.0361975
22 26 -1.57696
24 27 3.51291
24 36 0.00675015
25 28 0.0470968
25 30 -0.0135757
25 32 -0.147357
25 33 -2.87595
26 32 -4.62753
26 33 -4.14515
26 34 0.564537
27 28 0.00849514
27 36 0.023545
27 43 -0.305845
27 56 0.00705416
27 74 0.508932
27 86 0.0303935
27 96 0.00705417
28 30 -2.98146
28 31 -0.730164
28 32 -7.41362
28 33 -2.22758
28 46 -1.42058
28 47 5.25462
28 52 -1.1935
28 54 -0.0707847
28 56 3.78085
28 61 0.861881
28 96 0.33564
30 32 0.00599565
32 33 1.29092
32 34 -5.41663
32 42 -4.18859
32 44 -1.60463
33 42 -3.91844
33 45 -1.72077
33 46 -0.163779
34 44 3.21394
34 50 -1.14578
35 48 -2.02352
36 43 -2.18405
37 39 0.00912963
37 65 0.125479
37 74 0.0824258
37 86 0.0853051
38 51 1.15957
38 55 3.55372
38 74 7.6345
38 76 -0.0113492
38 81 0.0108216
38 86 0.371436
38 100 0.00541079
38 127 -0.0230126
38 133 0.0679459
38 138 1.13454
38 151 -1.08303
38 167 0.627475
39 53 -0.0217189
39 74 0.0610519
39 86 0.0302316
41 49 -0.982543
41 74 1.58164
41 86 0.0303935
42 44 0.372932
42 45 -1.59376
43 60 -0.949549
43 64 -0.587282
43 74 -4.35222
44 45 -1.34545
44 46 -3.31536
44 50 -3.47795
44 61 2.67278
44 63 -0.559172
44 69 2.34342
44 75 1.75131
45 46 -2.06181
46 61 -2.58569
47 52 -1.75131
47 54 -0.0418035
47 56 0.0333445
47 96 0.0928087
48 57 -0.435588
48 99 -0.00778201
48 112 -0.00778201
49 51 -12.1275
49 74 -10.3815
50 75 -1.08303
51 64 4.16029
51 67 -0.405307
51 68 0.187127
51 74 4.97854
51 76 -0.00500553
51 77 0.625293
51 86 0.410471
51 96 0.165003
51 106 -0.92543
51 127 -3.56447
52 54 0.0564469
53 72 -2.64699
53 73 -0.483906
53 74 -7.92629
54 56 -0.781048
54 61 -0.116716
54 96 -0.0301478
55 74 2.11442
55 76 -0.00500531
55 86 0.0977834
56 61 5.43592
56 62 3.25518
56 64 5.45317
56 70 4.00597
56 79 11.1123
56 83 0.139596
56 95 1.30898
56 96 3.36962
56 114 2.20103
56 126 0.836941
56 129 0.0931166
56 136 -0.631225
56 153 6.82239
57 99 -0.731392
60 64 0.967226
60 68 0.0157897
60 74 0.0719362
61 63 -6.79425
61 69 1.09496
61 95 0.568456
61 96 0.677182
62 64 0.436322
62 96 0.208967
63 69 -1.73484
63 71 -0.374729
63 75 -0.129848
63 85 -0.704796
64 68 2.75551
64 74 0.154149
64 96 0.917834
65 74 1.83036
65 86 0.305235
66 74 0.284533
66 78 0.840376
66 82 2.36817
66 84 -0.637216
66 86 1.21298
66 94 -0.519813
67 68 -0.4522
67 74 -0.0697439
67 86 -0.0158497
68 74 0.301112
68 86 0.0572146
69 71 0.850563
69 75 4.34895
69 80 1.25517
69 85 -0.187034
69 95 3.94191
70 79 1.93626
70 96 0.141501
72 74 2.78222
72 88 2.68807
72 89 0.285827
73 74 -0.345087
74 76 -0.0282686
74 78 0.060903
74 81 -0.00213895
74 82 0.0633385
74 84 -5.92177
74 86 0.295645
74 87 5.24008
74 89 0.623416
74 92 0.357699
74 93 0.0161477
74 98 0.880144
74 100 -0.0012422
74 101 0.00229289
74 105 -0.0206109
74 111 -3.43706
75 80 7.16946
75 91 3.62967
75 95 4.06777
75 97 3.33839
75 108 7.54733
75 116 10.0726
75 119 7.2339
75 147 3.39111
75 160 4.14515
75 164 10.6032
76 81 -0.265025
76 86 -0.00811282
76 98 0.108021
76 101 4.58476
78 84 -0.0854704
78 86 0.127171
79 96 1.82181
79 114 2.80139
79 126 1.12464
81 86 0.00448336
81 90 -4.88414
81 100 0.125581
81 101 -1.33915
81 123 -3.23438
81 138 0
81 139 -3.59169
82 86 0.263737
82 94 -0.7629
83 96 0.652272
84 94 -4.39481
84 103 -3.48773
84 111 0.286383
84 118 -0.226632
84 172 0.0718536
86 87 0.259949
86 92 0.0649184
86 93 0.0149946
86 94 -0.27495
86 98 0.224378
86 101 0.544748
86 103 0
86 105 -0.020612
86 122 0.0860885
86 123 0.0904011
87 105 -0.0412229
87 107 -0.293829
87 111 -1.49683
87 120 0.0392019
87 121 -0.656965
87 124 0.373844
87 150 0.86627
88 89 2.92257
88 93 0.227566
88 104 1.53281
88 113 0.198164
88 117 0.00219169
89 93 2.79309
90 100 -0.120621
93 104 0.471516
93 105 0.30377
93 109 6.09096
93 113 0.174984
93 131 0.956607
93 161 0.0632294
94 101 -0.053794
94 103 -0.934003
94 122 -0.261842
94 123 -0.185872
95 96 0.188961
95 102 5.2753
95 115 1.67205
95 119 0.629546
95 125 -5.53733
95 129 0.0167354
96 106 -0.468318
96 114 0.539199
96 126 0.740947
96 127 -3.73241
96 128 3.54865
96 129 0.208169
96 136 -2.04757
96 148 1.87145
96 153 2.20422
96 159 -4.43612
96 168 0.249782
96 169 2.67096
96 175 -3.91844
97 116 4.00263
98 101 0.121311
99 112 0.364957
99 117 0.00219169
100 101 -0.0318592
100 123 -0.0114661
100 138 0
101 122 0.30886
101 123 2.86051
103 118 -8.58127
103 122 3.29629
103 123 0.501092
104 113 0.502206
104 131 0.579812
104 161 6.1957
104 190 -0.137482
104 202 -0.150426
104 223 0.0250309
104 236 1.00201
105 107 1.16154
105 109 2.66656
105 120 -0.202544
105 124 -8.89559
105 132 0.504662
105 149 0.54782
106 127 0.584119
106 128 -2.64699
107 120 -0.614454
107 124 -0.724148
108 116 2.29249
108 147 3.99131
109 131 5.8723
109 132 1.20306
109 149 2.39958
109 179 0.462526
109 202 0.848805
109 205 2.06046
110 113 4.76939
110 117 -0.0224959
110 141 0.272718
110 161 2.3197
111 118 -25.1948
111 121 0.0293298
111 156 1.49569
111 172 1.06675
112 117 0.00438338
112 141 1.34772
112 155 -3.10675
112 171 3.52786
113 117 -0.0237375
113 141 0.269821
113 161 3.34657
115 119 0.544046
115 125 -2.64699
116 119 3.76263
116 146 0.566364
116 147 8.52139
116 158 7.16088
116 160 4.14515
116 164 7.14891
116 182 -0.0468239
116 184 7.22449
116 216 4.0834
116 222 -0.0606145
116 230 6.69884
116 231 3.43706
116 242 4.8442
116 260 3.31536
116 263 1.89955
116 284 0.512214
116 293 2.47197
116 299 0.968763
116 301 3.61681
116 302 10.299
116 315 4.8442
116 323 3.31536
116 324 6.68448
116 386 -0.00377116
116 394 2.29361
116 401 0.43555
116 409 -0.00294516
117 134 0.0521711
117 137 0.116188
117 141 0.234235
117 142 -0.756448
117 161 0.706797
117 163 0.17153
117 165 -0.0179181
117 177 0.0521679
118 122 -17.1814
118 172 -4.56446
119 125 -5.53733
119 130 2.27514
119 146 1.52448
119 182 -0.0468239
120 124 0.950598
120 150 0.0939483
121 150 -0.647055
121 156 7.07514
121 172 0.114827
122 123 7.21319
122 143 3.54786
122 144 -0.139384
122 154 1.13013
122 172 1.35455
122 173 -0.0892698
122 174 -0.0620915
123 135 1.79244
123 139 -4.43612
123 143 2.6586
123 144 -0.283155
123 145 6.98843
123 154 0.046392
124 149 -0.0431915
124 150 0.500562
124 191 0.0451341
125 129 -4.33984
125 130 -5.53733
125 140 -2.31952
126 136 -0.886457
127 133 0.707077
127 159 0.396955
127 167 0.111796
128 153 0.3434
129 140 0.745065
129 146 -0.407233
129 153 0.0720014
129 157 -0.0402498
129 162 0.0433506
130 140 -0.186292
130 146 3.16702
131 190 0.384815
131 202 0.580668
131 205 0.717491
132 149 2.98687
133 151 -0.371092
133 159 -0.120933
133 167 2.62491
133 175 -0.514109
134 141 0.23356
134 161 0.473702
135 144 -0.0218737
137 141 -0.0310609
137 163 0.0404992
138 139 -0.220736
138 152 -1.05029
138 166 1.13097
138 167 1.50081
138 176 1.41937
138 178 -7.4929
139 145 -4.14515
139 166 -0.120811
140 146 -0.745116
141 155 -3.9334
141 161 0.312455
141 163 -0.0520587
141 171 12.0343
141 177 0.238603
141 209 1.84714
142 163 -0.722426
143 144 -0.00253878
143 154 0.0267729
143 173 -0.0164038
144 145 -0.0555344
144 154 -2.57967
145 154 3.96646
145 166 -12.5638
145 174 -5.61616
145 194 -1.78253
146 157 -5.80185
146 170 -0.83598
146 180 -1.23277
146 182 0.0931413
146 184 -0.0544909
148 153 1.95412
149 150 0.100196
149 179 9.37601
149 187 0.482124
149 191 0.833779
149 207 2.85852
150 156 -0.975912
150 172 0.751977
150 188 2.03879
150 191 3.29747
150 201 1.50298
150 224 0.52085
150 249 0.417875
151 167 -0.251259
153 157 -12.4438
153 168 0.921548
153 169 11.9779
154 173 -0.290627
154 174 -2.58786
155 171 -1.23277
156 172 3.29667
156 188 -0.0278441
157 162 4.13506
157 169 -3.73241
157 170 0.278711
157 181 0.451635
159 167 -0.0531955
159 175 0.339374
161 165 -4.09017
161 171 7.66009
161 177 0.554009
161 203 -3.10624
161 218 0.468371
161 236 1.18107
165 177 -0.73204
166 176 4.08556
166 193 6.57434
166 194 -5.53733
166 208 3.57445
166 213 -1.78253
166 238 5.2691
166 243 -2.93164
166 250 1.72077
166 257 4.88144
166 261 -1.24835
166 273 -2.59789
166 281 -1.84714
166 289 -2.02352
167 175 -2.84452
167 176 0.890147
167 178 -1.84714
167 192 -2.52745
167 197 3.82826
167 198 0.609179
168 169 2.30215
169 175 -5.53733
169 181 -3.20605
169 185 10.8786
169 186 -4.36956
169 195 -5.77797
169 206 -2.10127
169 212 -2.78039
169 217 -10.3815
169 228 -3.43706
169 240 -5.12424
169 244 3.10675
169 245 -0.058522
169 251 0.343594
169 264 -3.43706
169 265 3.58487
169 271 3.34629
169 272 -4.43612
169 274 4.42022
169 279 -5.53733
169 290 2.47197
169 317 0.81228
169 321 0.386023
169 334 -1.04226
170 180 -3.02372
170 181 0.541475
170 189 1.08675
170 196 0.187018
171 203 -1.88061
171 209 2.07251
171 218 3.31536
171 236 0.220104
171 252 3.20604
171 255 2.1824
171 262 -8.16853
171 269 -0.128594
171 275 1.18313
171 277 1.9113
171 282 1.80559
171 287 -0.0681216
171 292 3.73241
171 306 -1.18877
171 322 0.140416
171 325 3.77161
171 329 0.00958649
171 337 1.02681
171 357 -0.451047
171 361 -0.321795
172 173 -0.0210187
172 188 0.661958
172 201 2.6242
172 219 2.15033
172 249 0.0833746
173 174 1.16117
173 183 -17.6267
173 219 0.556585
173 226 1.84609
174 183 -7.07301
174 194 -8.98936
174 199 -9.26631
174 208 -0.924411
174 215 -2.06181
175 185 -9.68841
175 198 1.2622
176 178 -5.22957
176 192 -1.39593
176 193 3.20395
179 187 0.211565
179 191 1.97096
179 202 2.89599
179 207 0.443779
179 239 0.601877
180 182 -2.16018
181 186 1.8838
181 189 0.00527346
181 195 0.00412154
181 196 0.00057596
182 184 -0.765689
182 196 -5.11307
182 210 -0.0126073
182 211 -1.52308
183 199 -4.9392
183 215 -1.57696
183 226 -0.905358
184 210 0.127806
184 222 0.0352629
185 198 -3.73241
185 217 -21.876
186 189 0.883288
186 195 0.879326
186 196 -0.00943563
188 201 2.86734
189 195 0.0330438
189 196 2.6381
189 206 0.214779
189 214 0.0115551
190 202 3.97537
190 205 0.240075
191 207 1.9767
191 224 0.0598798
191 239 0.739097
191 249 0.600225
191 267 0.146117
191 303 -3.31536
191 318 0.047061
191 339 -6.06009
191 345 -10.3815
191 356 2.18405
191 379 -1.66851
191 387 -0.83062
191 402 -3.17527
191 414 5.23439
191 431 -2.24302
191 449 -9.21369
191 450 2.15029
191 454 -1.46015
191 455 2.10734
191 479 -1.44559
191 491 -2.02352
192 193 -1.98633
192 197 -3.31536
192 200 -0.722426
192 204 -1.98633
193 198 0.210882
193 200 -8.71605
193 204 -4.43612
193 220 0.291072
193 225 -2.27269
193 227 -1.23821
193 243 -2.93164
194 208 -5.53733
195 196 -0.0187538
195 206 -0.793731
195 212 -0.601089
196 206 0.16998
196 211 1.16453
196 214 0.0420715
197 198 4.39725
197 204 -0.867703
198 204 -1.02216
198 217 1.807
198 220 1.18735
198 227 -0.183346
199 215 3.22449
200 204 -0.867703
201 219 5.76346
201 224 3.45753
201 237 1.60255
201 246 5.06755
201 249 0.737727
201 253 0.624879
201 280 0.107781
202 205 0.561889
202 223 -1.25661
202 239 0.907227
202 259 1.85293
202 276 -0.722426
206 211 0.775987
206 212 -2.17678
206 214 0.0179754
206 228 -3.43706
206 229 -0.0544849
208 213 -0.0614402
208 215 -9.97346
208 221 2.10127
208 235 2.38576
208 238 3.56577
208 248 -5.11488
208 256 -1.33219
210 211 -1.25517
210 222 1.38196
211 222 -4.3669
211 229 -1.24803
211 234 0.271861
211 241 -0.373991
211 247 -1.85928
213 235 -0.246097
213 238 -0.531611
215 221 -11.0747
215 226 -6.25219
215 248 -2.10127
215 268 -5.53733
217 220 0.644735
217 227 -0.183346
217 232 -1.91493
217 233 -1.3121
217 243 -0.889025
217 264 -0.195158
218 236 0.610096
219 226 5.10844
219 237 2.90001
219 249 0.0678472
219 253 0.296108
220 225 -1.71408
220 227 -1.58563
222 241 0.879157
222 263 -0.849093
223 236 -0.157617
223 276 -0.56723
224 249 0.448209
225 227 -0.0469269
226 253 0.257697
226 268 -2.47197
227 232 -2.14198
227 243 1.27711
228 229 -0.451047
228 240 -3.43706
229 234 -0.277584
229 240 -0.601089
232 233 0.00778166
232 243 -3.10675
233 243 -0.517023
234 240 0.489203
234 247 -0.532706
235 238 0.246433
236 255 0.669515
236 276 -3.4304
236 277 1.22261
236 285 -18.1878
236 296 2.85347
236 332 0.0302011
237 253 0.337748
238 248 -1.49683
238 250 1.11006
238 256 -4.65654
238 257 0.494673
238 268 0.687271
238 281 -0.778195
238 283 1.19777
238 288 3.46976
238 300 -11.3722
238 304 1.34493
238 312 -0.285148
238 319 0.136774
238 330 -0.218212
239 259 2.23034
239 296 -10.3815
239 303 -7.45227
239 339 -3.53408
239 379 -0.378016
239 426 -0.0907758
239 443 -2.93292
239 449 -0.0342338
240 245 -3.91844
240 247 -5.12718
240 251 -4.43612
240 266 1.35353
240 272 0.476567
240 278 0.331469
240 290 -2.31952
240 291 -4.11935
241 247 -0.163779
241 263 -4.43003
241 266 -0.905358
243 254 -0.623952
243 258 -0.0826482
243 261 -1.63462
243 264 -0.849093
243 270 -3.43706
243 279 -5.84281
243 312 -0.924411
245 251 -0.117044
246 249 0.0538356
247 266 -1.32411
248 268 -6.20696
249 253 0.0351394
249 267 0.412916
249 280 1.8555
249 327 -1.66037
249 335 -2.06181
249 343 4.97939
249 345 -11.0747
249 367 0.696873
252 262 -3.91844
252 282 0.775982
253 268 -10.3815
253 280 1.63262
253 297 5.01764
253 347 0.14575
254 258 -0.151393
254 261 1.75131
254 270 -6.16014
255 275 0.328438
255 277 1.77526
255 287 -0.0400802
257 281 -0.281844
258 270 -1.16715
259 276 -1.72077
259 296 -5.53733
260 302 1.98633
261 270 -6.21745
261 273 1.78173
261 295 -0.753306
261 308 -2.00961
261 311 -0.265873
261 312 -0.636554
262 282 -10.142
263 266 -3.43706
263 284 0.160168
264 279 0.625716
264 358 -0.0268023
265 271 8.15243
265 274 3.87613
265 317 3.03355
266 278 0.0347115
266 284 -0.905358
267 318 0.0236046
267 327 -0.269906
268 288 3.65326
268 297 -4.8442
268 316 -5.19895
268 328 -0.00723761
268 340 -0.043229
268 346 -0.0138742
269 275 -0.514462
269 277 -0.514547
271 274 1.98449
271 317 4.63569
271 321 3.5982
271 354 1.42722
271 369 9.64116
271 378 -3.31536
271 399 0.78156
271 403 -1.00226
272 290 -3.43706
273 289 0.635286
273 295 -2.5273
275 277 3.98739
275 287 -3.54028
275 313 -7.46051
275 325 0.822569
275 326 -0.121927
275 336 0.107004
276 296 -4.36344
277 285 -6.51988
277 287 -0.137042
277 294 0.993307
277 309 4.15081
277 326 0.981831
277 332 0.461521
278 284 -1.88061
278 286 -4.43003
278 291 -5.23122
278 298 -1.10372
278 305 -1.88434
279 312 0.137949
279 333 -0.142395
279 334 1.36141
279 348 0.0226746
279 353 -2.25493
279 358 -0.692025
279 381 -0.133229
280 297 0.802424
280 310 -6.80434
280 335 -4.8442
281 283 -1.4439
281 289 -4.45166
281 304 -2.4826
282 306 -0.943623
282 322 2.58693
282 331 2.08852
283 304 0.421088
284 286 -1.41053
284 298 -0.635286
284 301 2.6287
285 296 -2.41897
285 307 -0.483906
285 309 -2.52745
285 314 -2.83664
286 298 -0.635286
288 300 -2.05636
288 316 -0.183833
289 295 -2.63281
289 304 -3.20605
289 311 -0.886457
289 312 -1.39018
290 291 -3.31536
290 305 -2.38158
290 321 1.75131
291 305 -4.56617
295 311 0.0272175
296 307 -0.56723
296 314 -6.3687
296 342 -4.8442
296 344 -12.9765
296 373 -4.43612
296 426 -0.0176303
297 310 -3.31536
297 328 -5.53733
297 335 -24.5001
297 346 -11.0747
297 347 3.01757
297 406 0.0118353
297 432 -1.60463
297 444 3.32669
297 445 3.04727
298 301 -2.45847
298 305 -0.55042
299 302 1.15667
299 386 -0.00441715
299 401 0.215354
299 409 -0.00353319
299 427 -0.0148474
300 316 -0.41836
300 319 0.217825
300 340 0.947792
301 305 -4.2865
301 320 -1.21551
301 321 2.78039
301 323 0.696088
301 351 0.635286
302 382 3.57445
302 386 0.44441
302 401 0.217645
302 407 2.1443
302 409 -5.58215
302 427 -0.587259
302 428 1.83394
302 436 0.41185
303 339 2.41897
304 312 -1.37816
304 319 0.234281
304 330 -1.58337
305 320 1.03433
305 321 -1.21861
305 338 -0.652519
305 351 -0.775982
306 322 -1.66155
307 314 -0.386023
308 312 0.510789
309 314 -0.00831421
309 326 11.5509
309 332 3.5389
309 336 -0.00720372
309 344 4.51515
309 355 0.605196
309 363 6.46276
309 374 0.90535
309 383 2.35046
309 385 -4.14515
309 419 0.19615
310 335 1.63282
311 312 3.72727
312 319 0.160099
312 330 1.12026
312 333 -0.0145919
312 341 1.92139
312 353 -4.75395
312 358 -0.0302282
313 325 -4.43612
313 336 -5.9592
314 332 -0.0335506
314 342 -0.467445
314 344 -0.0303683
315 321 0.386831
315 323 4.45393
315 324 3.55259
315 370 -9.68841
316 340 -0.10457
317 334 -5.98644
317 348 -9.26974
317 358 -4.8442
317 378 -2.71175
318 327 -4.86766
318 345 -5.53733
319 330 0.038478
319 340 4.43541
319 341 0.0085542
319 362 1.80832
319 364 0.860362
319 366 2.97495
319 400 -0.00519168
321 323 0.193415
321 338 -8.08127
321 349 -5.56522
321 351 3.57445
321 354 3.03525
321 370 -5.53733
321 376 8.12474
321 377 4.22072
321 399 1.50841
322 329 0.11943
322 331 7.32088
322 337 0.111054
322 361 -1.69086
322 365 -3.14006
322 371 -0.245874
322 375 0.199912
324 370 -5.0549
324 394 1.24703
325 336 -0.195334
325 355 -3.43706
325 357 -2.64699
326 332 0.122776
326 336 -0.309841
326 355 0
326 363 1.09667
326 374 0
327 345 -0.56723
328 340 0.15087
328 346 0.464042
328 347 -4.8442
329 331 0.0535081
329 337 0.019173
331 359 4.62486
331 371 -0.334718
332 344 0.321707
333 353 -1.27785
333 358 0
334 348 0.000335321
334 358 -0.047829
335 343 -10.3815
335 367 -5.53733
335 405 -1.81446
335 408 -1.751
335 420 -2.68789
335 430 1.98633
336 355 1.50939
336 363 -0.0108613
336 374 -0.00521137
337 361 -2.85347
338 349 -0.500431
338 351 -5.03925
339 356 -5.62489
339 360 -3.03276
339 379 1.69555
340 346 3.3279
340 350 1.81446
340 352 -9.21563
340 362 0.048001
340 366 0.579928
340 400 -0.00293974
341 353 -0.640829
341 362 -0.134027
341 384 -1.95978e-05
342 344 -3.4441
343 367 0.696873
344 373 1.57696
344 383 0.290715
344 404 -3.67092
344 412 -5.00514
344 426 2.10127
345 367 -4.8442
345 387 -10.3446
345 388 -0.720291
345 397 0.425186
346 347 -5.53733
346 362 0.0117024
346 366 2.57139
346 368 2.66384
346 400 -0.151027
346 406 -1.95729
347 406 1.27805
347 432 -2.25326
347 444 2.60177
347 445 0.816067
347 456 0.090321
347 478 0.0982475
347 485 0.0256973
347 498 0.997025
347 516 -0.47511
347 534 -0.129885
348 358 -3.53568
348 381 -0.00660253
350 352 -0.402198
353 358 -0.00243324
353 362 1.58016
353 380 -0.000604579
353 381 -0.0294859
353 384 -0.0810843
353 390 -0.105584
354 369 0.260362
354 398 -0.0928261
354 399 1.8728
355 357 3.58508
355 361 -0.429828
355 363 2.23834
355 374 1.28852
355 396 -2.41897
355 413 1.5754
355 418 -0.130043
355 439 0.656062
357 361 -4.97598
358 372 0.0636677
358 378 -0.276558
358 380 0.0123114
358 381 1.54141
359 371 -0.0719674
360 379 -0.055898
361 365 5.82637
361 391 -1.06254
361 396 1.95148
362 364 1.48738
362 366 1.23424
362 381 -0.00847387
362 384 -0.141862
362 390 -0.621753
362 392 -0.0261156
362 400 -0.0148019
363 374 4.93399
363 418 -0.273644
363 419 -0.387284
363 424 -1.14843
363 429 0.184192
363 435 0.263193
363 441 -6.12698
364 366 0.857175
364 400 -0.00425584
365 371 0.421213
365 375 -0.176374
365 391 -1.0699
365 395 2.89852
365 396 0.203585
365 413 0.364228
365 417 -0.640064
365 437 0.879626
366 400 -0.00605539
366 406 -0.0169566
367 388 -12.9051
367 402 -1.00226
367 405 -0.822308
367 420 -0.512081
367 442 -6.85959
367 446 -0.148121
369 398 -2.81763
369 399 0.649304
369 403 -0.467445
370 376 -4.23161
370 394 -10.6293
371 375 -0.314762
371 393 4.96738
371 395 3.05142
371 423 3.25315
372 380 0.0192017
372 381 0.426942
372 389 0.0104821
372 403 0.00524105
376 394 3.10675
376 399 3.57445
376 416 -4.3773
378 380 0.0111867
378 389 -0.0245117
378 403 0.52387
379 431 0.029321
379 443 -0.923183
380 381 0.0391366
380 389 0.0467703
380 403 0.0109323
381 384 10.1393
381 389 4.16325
381 390 0.0225833
381 403 0.0337998
383 385 -2.06672
383 404 -1.31328
383 410 3.81361
383 419 1.438
383 421 2.51726
384 389 0.337785
384 390 6.56288
384 415 2.76817
384 433 5.26816
386 401 -0.00879436
386 409 0.0713768
386 427 -1.05645
387 397 -2.93164
387 402 -2.51064
387 414 -0.0389131
388 397 -0.178563
388 402 -1.10372
389 403 -0.173026
389 433 1.94909
389 452 -1.35706
389 453 -0.616531
390 392 1.573
390 400 -0.109351
390 415 0.226632
391 396 -0.856823
392 400 -0.106092
392 411 0.0823493
392 415 0.285807
393 395 1.21007
394 401 0.863359
394 416 -7.71346
394 422 3.63577
395 423 2.05186
395 437 0.257863
395 462 2.71825
395 482 0.0499482
395 488 0.019931
396 413 -1.09028
396 417 -6.35877
397 402 -1.60473
398 399 -0.036752
398 403 -5.38166
398 425 -5.99342
398 434 0.0235496
399 416 -2.79025
399 425 -4.8442
399 447 4.32021
399 458 -0.207342
399 465 1.34772
400 406 1.97227
400 411 -0.639073
401 409 -3.46661
401 422 1.98633
402 414 -5.38721
402 442 -0.00202857
402 451 -0.0854263
402 455 -1.78253
403 434 -0.0258195
403 452 0.0573736
403 453 2.1159
403 465 -0.194893
404 410 -0.533734
404 412 0.49399
405 408 0.000957535
405 420 0.212256
405 460 0.00381046
406 411 -1.75007
406 432 -0.416341
406 445 0.0493945
406 456 0.0816667
406 478 0.0194698
407 409 -2.47197
407 436 0.173709
408 420 0.0352155
408 430 -0.402198
408 444 0.0104047
408 460 0.00885238
409 422 -1.12464
409 427 1.96128
409 436 -4.3909
410 412 -1.53755
410 421 1.43084
410 426 0.637439
410 459 0.715418
411 415 2.08333
411 456 -1.42058
411 473 -4.8442
412 426 -4.3345
413 417 -0.652519
413 437 0.473465
413 439 0.63486
415 433 1.41787
415 473 -11.3259
415 486 0.00108003
416 422 -0.478971
416 447 -8.75374
416 458 -3.47305
416 475 -3.2395
416 506 0.720339
416 512 -4.73593
416 535 0.0941401
416 567 -2.43583
416 574 -0.533685
417 437 -1.95054
418 429 -0.368596
418 439 -0.115765
419 421 0.961028
419 424 4.59908
419 435 -0.243991
419 440 -0.190339
419 471 1.68058
419 472 0.214142
419 477 -0.054793
420 442 0.0163225
420 444 1.51016
420 446 -0.0404494
420 460 0.0460583
420 484 -0.00179301
420 490 -0.770823
420 492 -0.55042
420 493 -0.0516403
420 501 0.0407242
421 426 -5.96046e-08
421 459 0.8236
421 477 -2.30808
422 427 -2.33893
422 497 -8.51696
422 506 0.745044
422 526 0.0017702
422 568 -0.0741
422 588 0
423 457 -2.72971
423 462 0.105967
423 463 0.84135
423 476 -7.37705
423 487 1.39593
423 495 0.217636
424 435 -1.19959
424 440 -0.141638
424 441 -2.11311
424 448 0.0913938
424 466 -0.00935695
424 467 -6.54249
424 471 0.258863
424 474 0.164218
424 480 0.552556
425 434 -3.76282
425 465 -3.43706
426 449 -0.00645884
426 459 -0.655583
426 464 -1.35298
426 468 -2.30704
426 481 -0.0915588
427 436 -2.99241
427 497 0.179457
428 436 5.19905
428 438 0.766019
428 518 -3.13211
429 439 0.114661
429 441 -2.67384
429 448 0.0088841
429 466 -0.00937834
430 444 -6.90809
431 443 -0.0134819
431 449 -0.00246431
433 452 -0.2328
433 470 -3.91844
433 473 -2.41897
433 486 0.0339357
434 453 -0.0693512
434 465 0.233528
436 438 1.16475
436 497 -2.71175
436 518 -5.83078
436 526 0.643631
436 551 2.64699
436 568 3.31536
436 577 -6.18744
437 439 0.41766
437 462 -0.023349
437 482 -0.667185
437 488 -8.76732
439 448 0.680251
439 466 0.0850212
439 480 -0.0299028
439 483 -2.07497
439 488 -0.601089
439 503 -0.00963444
440 471 -1.47221
441 448 -0.0939849
442 446 -0.204133
442 451 1.27227
442 492 -3.63872
442 504 1.18877
443 449 0.00492864
444 445 1.03254
444 460 0.0461638
444 484 -0.0704078
444 485 0.33092
444 493 -0.0940612
444 498 0
444 501 0.38561
444 516 -0.00114864
447 458 -7.5634
447 461 1.21239
447 465 3.07579
447 512 0.682503
447 525 0.320132
447 541 -6.53747
447 572 -0.618144
447 574 -8.41866
447 592 -2.36822
448 466 -0.0105292
448 480 0.000555398
448 483 0
449 464 0.0270622
449 481 1.9892
449 491 -0.914915
449 533 -6.41173
450 454 -0.485586
450 479 -3.57445
450 491 -2.22758
451 455 -7.6246
451 489 -7.02519
451 504 2.31952
452 453 1.47875
452 465 -0.102654
452 469 -1.34888
452 470 -6.85557
453 465 -1.89476
453 469 -0.14503
453 470 -1.20844
453 494 1.33508
453 502 0.771401
453 511 0.252875
453 540 -0.000484304
453 543 -2.88112
454 455 -0.976037
454 489 -3.81687
454 491 -0.197239
454 504 0.0977754
454 513 -0.270493
454 533 -0.0163963
454 539 -0.00819817
454 553 0.0120289
455 489 -4.43612
456 473 -1.63282
456 478 3.1083
457 463 -1.81446
457 487 -2.27269
458 461 -0.841152
458 465 -0.258251
458 475 0.276991
458 512 -0.603091
458 525 -0.080651
459 468 0.959911
459 477 -7.52078
459 481 2.89917
459 510 0.940916
459 530 -1.33441
459 548 -4.43612
462 476 -0.0480989
462 482 0.321143
462 488 0.025065
462 499 0.973099
462 500 1.40206
462 519 -0.074853
463 476 -1.37291
463 487 0.510244
463 495 0.243491
464 468 0.0154949
464 481 0.0874488
465 494 -0.195387
465 511 0.055729
465 524 -0.460182
465 540 1.31726
465 541 -0.434708
466 480 -3.29309
466 483 -0.618144
466 503 -0.112658
467 471 -9.44778
467 474 -0.740165
467 480 -0.276286
467 507 -4.14515
468 481 0.061808
469 470 0.148012
470 486 -1.4401
470 494 -6.94457
470 517 -0.437329
470 523 -0.794069
471 472 0.658541
471 474 0.696918
471 503 0.0591919
471 507 -2.69337
471 508 -1.21426
471 544 2.47117
471 545 0.167253
471 606 0.0659502
472 477 -0.0610135
472 496 -0.515508
472 508 -0.375076
472 510 -5.21583
473 478 -3.69936
473 486 -0.794069
473 505 -2.42888
475 512 -0.104313
476 487 -0.689181
476 495 -0.157639
476 499 -0.333487
477 496 -0.669846
477 510 -2.78039
478 486 -0.0544849
478 498 1.36888
478 505 4.5431
478 509 -8.05025
478 516 -0.247169
478 528 0.276674
478 534 -0.297217
478 546 0.011897
478 547 0.292282
479 491 -1.54979
480 503 4.36391
480 507 -2.31952
481 530 -0.706883
481 531 -1.44405
481 532 1.88865
481 533 -0.0663538
481 560 1.35211
482 488 0.0214021
482 500 1.05701
483 488 0.196958
483 503 0.393916
484 485 -2.84491
484 501 -0.0185332
484 515 -6.96357
484 521 -11.638
484 527 -0.483906
485 498 0
485 501 0.00538778
485 516 -0.102737
485 521 -0.943623
486 509 -0.483956
486 517 0.561748
487 495 5.65716
487 552 -1.57696
487 585 2.02352
488 500 0.714899
488 503 3.79658
488 514 -3.81547
488 520 3.43663
488 529 0.00809669
488 536 -0.240681
488 555 0.196165
489 504 -4.8442
490 492 -2.78039
490 493 -0.38713
490 504 1.16715
491 533 0.0130365
491 539 0.00651826
492 504 -1.74432
493 501 -1.95167
493 504 -0.402198
493 542 -0.298064
494 523 -1.27785
494 543 -1.31418
495 499 -0.699237
495 519 1.84403
495 552 -2.08739
496 510 0.406055
497 526 -2.31952
498 516 -2.05299
498 528 2.55108e-05
498 534 -5.55214
498 559 -1.83929
499 519 -1.97731
500 514 -1.85358
500 519 -0.915111
500 520 0.350695
500 536 0.000926996
500 554 -1.16201
500 555 0.0432762
500 557 -0.210882
500 558 0.790995
501 527 -2.18405
501 542 -2.58569
501 550 -1.72077
502 511 0.271109
502 543 -0.224243
503 507 -1.21064
503 520 -0.842483
503 536 -0.844105
503 537 3.58641
503 544 4.17851
503 563 1.62556
503 586 0.140345
503 606 0.0184797
504 513 -1.92036
504 533 0.0155956
504 539 0.0556853
504 542 1.44287
504 549 2.86862
504 553 0.161997
504 578 -2.67134
504 580 -0.732597
506 535 2.4946
506 568 -0.163155
506 588 0.129097
508 510 -0.0389131
508 522 -0.971079
508 538 -2.36822
508 545 -0.386023
509 517 -1.49064
509 546 -3.31536
509 562 -6.75332
509 576 -0.766218
509 581 -4.14515
509 602 0.266548
509 617 -0.612939
509 623 -5.00779
509 631 -0.0371613
510 538 -1.69388
510 548 -2.10127
510 564 -6.09767
511 524 -0.029008
511 540 0.970026
511 543 0.0376946
514 555 -5.1625
514 558 -0.412764
515 521 4.71146
516 521 -2.58773
516 559 -0.886457
517 523 -4.21443
517 576 1.93269
518 551 -1.04226
519 552 -3.49417
519 557 -0.472262
520 529 1.86127
520 536 0.0518415
520 537 -2.75597
520 555 5.93747
520 570 -4.8442
520 586 -1.14578
520 605 -1.47101
521 527 -5.53733
521 550 -1.42058
521 559 -3.54361
521 561 -3.75072
521 573 -4.12891
522 538 -2.93164
522 545 0.24241
523 543 -5.21604
523 569 -0.00131866
523 576 -0.130177
523 579 0.865704
524 540 -0.116038
525 541 -0.957924
526 568 0.0140381
527 550 -1.11011
528 534 0.461242
528 547 0.0488369
528 566 -2.36423
529 536 -0.0669954
530 532 -0.0263476
530 548 -5.54109
530 564 -0.418006
531 532 -0.584303
532 560 0.0183163
532 564 -0.0189298
532 582 0.995387
533 539 2.64631
533 560 -0.275077
534 559 -3.20605
534 566 -1.43784
534 571 2.54338
534 575 -2.14098
534 581 0.0269647
535 567 -0.56432
535 568 -0.410152
535 588 0.952382
536 537 -1.91493
537 563 0.158644
537 570 -0.652519
537 586 0.0486637
538 545 -4.90016
538 564 -1.37165
538 590 -1.34263
538 593 9.52482e-05
539 553 0.582288
539 560 -0.119963
539 596 1.15227
539 598 -1.82059
539 599 0.714909
540 541 -4.48669
540 543 0.630259
540 556 2.46472
540 572 -0.0716879
540 579 -0.465075
541 572 0.0267064
542 549 0.356326
542 550 0.941911
542 565 -3.67429
542 573 -0.50718
543 569 -3.20605
543 579 -2.43704
544 545 2.19097
544 563 1.92624
544 586 0.00448983
544 606 0.138129
545 563 0.000584277
545 590 3.85654
545 593 -9.5233e-05
545 606 0.351079
545 609 -1.19168
545 614 0.0181473
545 630 0.00668232
546 547 0.0070677
546 562 0.012821
547 562 0.598617
547 566 -1.67463
548 564 -9.26974
549 565 -4.14515
549 580 -10.1089
550 573 -5.05444
551 577 -0.652519
552 554 -2.22562
552 557 -7.07708
552 585 -1.66155
552 604 1.90645
552 605 -0.55535
553 578 -3.22924
553 599 0.583657
554 555 -2.07498
554 557 -0.593307
554 558 -0.0856503
554 605 0.285152
555 558 -0.740165
555 605 -1.05725
556 572 -0.129877
556 579 -0.0262441
556 592 -11.0747
556 595 -3.20605
556 613 -3.82358
559 561 -6.90809
559 573 0.0695592
559 575 -0.00925872
559 594 -1.23946
559 600 0.147602
559 610 1.24196
560 582 -0.239628
560 583 -0.0724837
560 598 -0.500431
560 616 -2.71175
560 621 -0.778888
560 625 -4.1442
562 566 -0.817794
562 581 1.77333
563 570 -2.31952
563 586 5.30191
563 606 1.22548
564 582 -0.107637
564 587 -0.0239316
564 593 -0.133156
565 573 -3.31536
565 580 -1.42058
565 584 -2.71694
566 581 -1.38101
567 574 -0.0321702
567 588 -0.840874
568 577 -10.3671
568 588 -1.1842
568 589 3.127
569 579 -0.00263733
570 586 -0.833625
571 575 -0.293839
571 581 0.0119706
571 607 -0.669846
572 592 -6.61712
573 580 -2.72045
573 584 -0.500431
573 594 -3.90297
573 610 -0.0238061
573 612 -0.130212
574 588 0.180879
574 592 0.456548
574 611 -0.156282
575 600 -0.0185174
575 607 -5.53733
576 579 -0.77796
576 591 -0.178585
576 602 -0.248742
577 589 -1.69881
577 618 -5.96022
577 619 -8.68579
578 580 -2.14198
578 599 -0.14935
579 591 0.45771
579 595 -3.57445
579 597 2.8798
579 602 -3.71754
579 603 2.43778
579 608 -1.08237
579 613 2.08199
579 617 -0.394445
579 620 -0.19237
579 632 0.757777
580 584 2.0165
580 599 0.365368
580 612 -0.265261
580 615 0.731266
580 627 0.53588
580 634 0.00851803
581 600 -1.32411
581 607 -4.43612
581 623 -1.42484
582 587 0.210536
582 590 -0.0622664
582 593 1.19981
582 601 -0.00377915
582 616 -8.44267
582 633 0.0726042
583 598 -2.17805
583 621 1.80515
584 615 0.0432246
585 604 -0.669846
585 622 -1.95015
586 605 -8.13263
586 606 2.64394
586 636 -0.190733
586 638 0.943623
587 593 0.045044
588 589 -1.30651
588 611 0.155015
588 624 0.310029
588 629 1.41005
588 640 -0.153313
589 619 2.58755
589 628 1.07986
589 629 -0.173637
589 640 0.483906
590 593 -0.00309537
590 601 2.00528
590 606 -0.000416834
590 609 -0.256509
590 614 -0.0114465
590 630 1.85091
590 633 -2.41897
591 602 -10.1947
592 611 -0.238352
592 613 -1.72057
593 601 -0.00132614
594 610 -0.108977
594 612 1.06322
595 608 -0.078145
595 613 -2.09992
596 598 -4.85138
597 608 -0.112209
598 599 -3.7382
598 621 -4.71491
598 626 -4.88312
598 634 -1.72077
599 615 2.20872
599 626 2.24302
599 627 0.0260655
599 634 -0.849792
600 607 -5.33392
600 610 1.74123
600 612 1.0105
600 623 -0.37926
602 617 -2.95924
602 620 0.0140779
602 632 -5.7301
603 620 -0.058676
604 605 0.552859
604 622 4.51811
604 635 0.454432
605 635 1.28849
606 609 -0.17614
606 614 0.570173
606 630 -0.363271
606 636 -0.572231
608 613 -0.531958
609 614 -0.110502
610 612 -0.12087
611 613 1.98268
611 624 1.02964
611 640 -1.14788
612 623 -0.5288
612 627 -1.34675
612 634 -3.90563
614 630 -0.525023
615 627 0.0275827
615 634 0.015793
616 621 -1.75131
616 625 -0.402198
616 633 -9.97346
617 631 -0.951351
617 632 -1.76937
617 639 -2.85347
618 619 2.83573
619 637 -0.0389131
620 632 -0.142435
621 625 4.6491
621 633 -0.590421
621 634 2.27269
623 631 0.148629
623 639 -0.176295
624 629 0.017024
624 640 -1.47768
626 634 -1.50481
627 634 1.16432
629 640 -0.0219256
631 639 -0.0371531
