MULTICUT
0 1 -1.04226
0 19 6.3546
1 2 0.0383386
1 10 3.26102
1 16 5.22957
1 19 -1.14578
1 27 2.1876
1 32 2.54673
1 43 -0.0613711
1 54 1.72297
1 55 0.121812
1 68 0.0757485
1 102 0.430676
2 10 0.254426
2 12 -1.57696
2 36 -1.60266
2 45 2.21944
2 69 -1.32749
2 105 -0.0260408
2 109 -0.0476942
3 6 8.53689
3 17 4.38006
3 33 0.651814
3 59 3.19163
3 61 3.64514
3 75 3.74498
3 77 -1.62996
4 6 3.16588
4 8 5.8185
4 9 4.52351
4 31 4.42961
4 33 0.304354
4 44 1.08303
4 48 7.41222
4 63 -0.612942
5 19 -3.91496
5 25 -1.53394
5 67 0.272875
5 82 -0.538014
5 87 -0.541175
5 92 0.193562
6 31 0.799941
6 33 4.43262
6 39 -0.0162163
7 13 0.335943
7 17 0.263182
7 22 2.29351
7 52 0.253785
7 61 0.258588
7 72 -0.304073
9 20 3.13524
9 21 -0.687271
9 23 0.714706
9 26 1.80338
9 29 4.9647
9 35 0.0888567
9 41 0.709192
9 44 9.87314
9 46 1.78328
9 48 2.35271
9 57 6.608
9 78 2.10127
9 79 0.0656742
9 96 3.92464
10 27 0.0539809
10 43 -1.48376
10 45 0.133668
10 54 1.25395
10 55 0.236367
10 105 -5.12339
10 109 -0.0119988
11 14 6.7317
11 28 3.69843
11 51 4.50761
11 56 -1.16952
11 66 -0.337785
11 91 -0.592347
11 104 -0.0304052
11 110 0.200114
12 13 1.00089
12 36 4.92681
13 22 7.39239
13 36 6.29184
13 52 2.35198
13 72 -0.472261
14 23 2.95011
14 38 0.886457
14 47 1.92133
14 50 4.9751
14 51 4.67814
14 65 0.162468
14 70 1.44319
14 74 0.825113
14 94 2.49695
14 123 1.66155
15 18 -3.49632
15 24 -3.28547
15 98 0.0635932
17 61 3.63038
18 24 3.73241
18 25 -0.0218267
18 30 3.61915
18 62 3.7934
18 98 -1.2554
18 115 -0.038889
19 32 -4.44238
19 37 4.14515
19 60 -2.64699
19 81 13.3609
19 82 0.649364
19 87 5.2345
19 92 -0.0942328
19 120 -2.78039
19 131 -0.526201
20 21 -3.93681
20 26 0.34375
20 34 1.35054
20 40 -0.195158
20 41 0.417129
20 42 -1.19655
20 79 0.0296142
21 26 -0.533685
22 52 0.778403
23 29 -0.457069
23 38 0.775982
23 50 0.332733
25 30 -1.51466
25 67 -0.0939407
26 29 -0.000207384
26 35 -0.411178
26 40 -3.5341
29 35 1.01525
29 49 0.205291
29 50 -0.379436
29 58 -1.77049
30 67 -5.84281
30 89 -6.24766
30 98 0.0569875
30 115 -0.0803643
30 129 -2.03448
30 149 4.8072
30 150 0.322192
30 156 1.46183
30 164 -0.601089
31 33 -0.756864
31 39 -1.26962
31 63 -4.11945
31 80 -5.53733
31 83 -0.116857
31 95 0.507871
31 99 -0.0186342
31 103 -1.69375
31 121 -1.833
32 37 -1.95015
32 60 -0.0943628
32 68 0.692712
33 39 6.67293
33 59 0.325907
34 41 0.0234339
34 42 -2.09485
34 71 -4.03789
34 79 -4.08956
34 93 -0.939855
34 130 2.61904
34 135 -2.58569
34 155 -2.15047
34 179 1.65166
35 40 7.43377
35 49 5.8674
35 71 3.31536
36 52 6.75401
36 69 4.8442
37 60 -3.31536
38 50 0.402198
39 59 -1.6857
39 64 1.15295
39 73 4.44271
39 80 -1.12464
40 42 4.06975
40 71 1.59315
41 46 1.38166
41 57 1.67574
41 79 0.97912
42 71 7.58234
42 85 0.0100782
43 55 -5.8945
45 54 0.015538
45 105 0.49357
45 109 -2.44349
45 157 2.15354
46 57 0.403812
47 70 2.24682
48 57 0.113489
48 63 -0.270812
48 83 -1.93403
48 96 2.16869
48 128 0.782503
49 53 1.56085
49 58 -0.140548
49 71 1.78253
49 86 3.90971
50 53 0.172424
50 58 0.0410051
50 74 4.2329
50 90 0.517075
50 101 0.0789224
51 65 2.45543
51 66 -0.635286
51 70 0.157539
51 91 -1.05165
51 104 -0.0304052
52 69 3.21308
52 72 -11.9471
52 227 -0.714318
53 58 -1.13089
53 74 0.0160762
53 86 1.10671
53 90 -0.0208263
53 97 0.788799
53 101 -1.20233
53 119 0.563008
54 55 2.62793
54 68 0.0757485
54 102 2.75484
54 105 -12.5579
54 116 2.78039
54 132 2.36822
54 146 1.08948
54 182 1.81961
57 78 1.44999
57 79 0.158735
57 84 3.32983
57 93 0.735601
57 96 7.94154
57 128 0.74787
58 74 0.0466657
58 90 0.0233328
59 64 -1.15295
59 73 -1.72591
59 75 6.29254
59 80 -1.71056
59 107 0.3946
59 118 0.1002
59 124 0.0143666
60 68 -2.24099
60 81 -5.70053
60 111 0.0626404
60 117 -5.91456
60 181 0.387289
60 204 3.50451
60 222 -0.116857
60 250 -4.93014
60 294 -0.206662
60 295 -0.702613
60 300 -2.14994
60 333 0.151988
61 72 -11.6735
61 75 4.32704
61 77 -0.438431
61 142 2.64699
61 147 -3.20605
61 194 -1.2917
61 273 -8.76265
61 292 -0.208076
61 311 -1.02216
62 98 -0.0135495
63 83 0.944457
63 103 0.34829
64 73 1.98633
65 70 0.292339
65 91 -2.38395
65 104 0.529768
65 114 0.0808984
65 127 0.148393
66 91 -1.52308
67 82 -1.84714
67 89 0.982543
68 102 -2.32321
68 116 -4.93178
68 181 -0.540932
69 72 -2.26649
69 109 -5.58805
69 227 -3.04531
69 266 0.126385
70 114 1.25122
70 123 0.338697
71 76 -5.88569
71 85 0.0666741
71 86 0.652519
71 88 0.365968
71 97 2.02352
71 100 0.0118682
71 125 4.98815
71 135 -1.69086
71 136 -0.10903
72 266 -2.78039
72 273 1.57696
73 75 -0.187854
73 80 -1.64505
74 90 1.01911
74 94 3.86175
74 101 0.0446446
75 77 -0.948667
75 124 0.388946
75 134 -0.82092
75 142 0.371
76 125 -1.47101
76 135 -1.42058
76 136 -4.27581
76 155 -0.0234809
76 166 0.129109
76 190 -1.23277
76 199 1.22003
79 93 0.868373
80 95 -10.3164
80 106 0.426697
80 107 -0.36896
80 108 -7.5495
81 111 -1.44066
81 120 -4.71238
81 153 -0.440915
81 188 -0.195519
82 87 1.76306
82 89 -8.80561
82 92 -0.598416
82 131 -0.0352967
82 133 -1.0761
82 139 0.209319
82 151 -0.112291
83 103 3.56973
83 128 -1.67873
83 159 0.689199
85 88 0.0145895
85 97 1.23277
85 100 0.107694
85 112 -6.77773
85 119 0.617954
85 125 0.0409983
85 136 -8.29894
85 166 -0.740165
85 168 1.01462
86 97 2.70118
86 119 0.380466
87 92 -0.119507
88 97 0.931867
88 112 -0.179458
89 129 -0.112044
89 133 1.2708
90 94 1.21111
90 101 0.352566
91 104 -0.116967
93 128 1.08506
93 130 -0.0225495
93 141 -0.960473
94 101 0.0603719
94 113 2.72603
94 114 0.274942
94 119 -0.0603719
94 123 5.10876
94 126 1.50187
94 138 2.21002
94 154 0.122133
94 160 -0.677735
94 163 2.00395
94 169 2.60003
94 170 2.00614
94 180 0.992679
94 206 0.00083515
95 99 -0.0261768
95 108 1.623
95 121 -0.498575
97 112 -3.51885
97 119 4.89173
97 122 3.05175
98 115 1.28283
98 156 0.211334
98 174 0.138956
98 175 0.426416
98 184 0.152621
99 121 0.0191901
101 119 -0.129078
101 126 -0.0324067
102 116 3.68499
102 146 0.293133
103 121 0.523777
103 128 -1.535
103 159 2.51616
104 110 -0.381127
104 114 -0.129597
104 127 1.23489
104 160 -0.815017
105 157 -1.95998
105 182 -0.910291
105 215 -2.32062
105 246 -0.0246696
106 107 -0.0152184
106 108 -2.41897
106 118 -0.00760923
107 108 -1.47349
107 118 1.74543
107 124 0.0511606
107 137 -5.178
107 158 -1.25517
108 118 -1.74497
108 121 -1.42891
108 137 0.318833
108 158 -9.97346
108 173 -0.455572
108 178 -3.82032
108 183 -2.31952
108 192 1.68048
108 201 -0.0767928
109 157 -6.94959
109 227 1.00276
109 231 -0.224559
110 127 1.74125
110 148 2.10073
110 171 -0.0936887
111 117 -1.24553
111 153 1.49683
114 123 -0.811656
114 160 0.728723
116 132 0.440375
116 146 0.265423
116 181 1.55803
116 204 1.07735
117 153 -2.18731
117 167 4.59228
117 222 1.90139
118 124 0.0511606
119 122 1.18877
119 126 4.43586
119 161 4.25325
119 162 2.52231
119 168 1.32672
119 187 0.0213167
119 197 0.00725704
119 200 -0.0423703
120 131 -0.691432
120 140 -7.82556
120 177 -12.0979
120 188 -6.82647
120 214 -0.83062
120 234 1.78253
121 128 -1.49683
121 143 1.59078
121 178 5.51201
121 183 1.1942
121 210 4.1758
121 232 8.44701
121 235 0.468277
121 283 4.84404
121 329 2.94941
121 483 -0.0363214
121 639 0.127452
123 160 -0.16045
124 134 -0.59847
124 137 -1.06892
124 145 -0.0989619
125 136 -0.238465
126 154 0.107849
126 162 0.0327904
126 163 1.13997
127 148 -0.111994
127 160 -0.566513
127 171 0.0440426
128 141 -2.09877
128 143 -0.681031
128 159 -0.704796
129 133 -0.130366
129 150 -1.86533
130 141 -3.67495
130 143 0.0865345
130 165 0.23895
130 179 0.667815
130 186 0.722127
131 139 -0.0152622
131 140 1.59097
131 144 -1.16715
132 146 0.728162
133 150 -3.57445
133 151 -8.06359
133 207 -6.20696
133 226 -1.21724
133 230 -1.77437
133 238 -1.44812
133 270 -3.91844
133 281 -10.4467
133 293 -6.53816
133 346 -1.66155
133 357 0.175924
133 362 -0.711668
134 137 0.162183
134 142 -2.69946
134 145 0.311123
134 152 -2.93164
135 155 -0.258219
136 166 -3.1493
137 145 2.91278
137 158 -8.28126
137 173 -0.295626
137 201 -0.0767928
137 202 -0.353819
139 144 -4.22479
139 151 -8.62999
139 185 0.885105
139 219 -0.00778178
140 144 -1.12464
140 176 1.31754
140 177 2.1276
141 143 -0.01988
141 165 -0.040166
142 147 -5.58406
142 152 -0.982543
142 172 -9.26299
142 194 -1.66127
142 223 -0.253568
143 165 7.11984
143 210 1.48824
143 218 -0.209282
143 247 0.006356
143 483 -0.0227618
143 639 0.247529
144 177 -0.879151
144 185 -0.775982
145 152 -4.50268
145 172 0.843665
145 202 -1.42753
146 181 0.0132984
146 182 0.48949
146 193 0.355518
146 204 -0.0836038
146 205 0.506144
146 212 -0.0144418
147 194 0.0638213
147 304 0.0319107
148 160 2.37331
148 171 -0.294812
148 225 0.173115
149 156 2.56588
149 164 -5.37614
149 198 -0.0356969
150 164 -0.786741
150 198 -3.44728
150 203 0.785023
150 207 2.46048
150 237 0.171267
150 248 1.67139
150 264 1.00967
150 303 -0.0553773
151 219 -0.0123339
151 226 2.71338
151 230 -0.0368479
152 172 -1.49683
153 188 2.43078
153 214 4.72347
153 222 -1.32676
154 162 1.63379
154 163 0.11528
155 179 -0.229227
155 199 -0.177347
156 164 -1.16715
156 175 0.248061
156 184 0.287435
156 198 -0.0356969
156 203 1.63288
157 215 5.57082
157 231 3.26313
157 240 4.34259
157 254 -0.153269
158 173 -1.98633
160 170 -1.42386
160 171 -0.523633
160 189 -3.61473
160 206 -0.0110453
160 225 1.44417
160 242 0.355416
161 168 0.582615
161 187 0.0847668
161 197 -0.000972789
161 200 0.00666413
162 163 2.62492
162 195 2.54341
162 196 2.36822
162 197 0.00244571
162 200 -0.197877
163 169 1.42322
163 191 -1.25651
163 196 1.58568
164 198 -1.95015
164 207 -0.0529528
165 179 0.0632898
165 186 1.957
165 210 0.0547618
165 218 -0.150434
165 247 0.0630797
165 483 -0.0112765
165 639 0.0730577
166 168 -0.624149
166 190 -4.68209
166 208 -1.12776
166 209 -0.201291
168 187 0.0183819
168 209 0.00675019
169 180 2.96612
169 191 -2.23832
169 213 0.169561
170 180 0.2252
170 189 -4.21536
170 206 -0.537923
172 202 -4.43612
172 216 -1.57696
172 223 0.323091
172 304 -0.0146946
174 175 0.0297578
175 184 0.322743
175 203 0.984645
175 220 -0.0621689
175 253 0
176 177 2.37509
177 185 -0.136161
177 234 -1.66155
178 183 4.17408
178 192 -1.30385
179 186 0.504392
179 199 1.06724
179 208 -0.690577
179 210 2.23491
179 245 -3.40023
179 247 0.349482
179 249 1.16328
179 252 -5.64667
179 260 -1.54979
179 314 -2.15036
179 323 -2.47197
179 483 -0.0107726
179 639 0.250649
180 206 0.969471
180 213 0.343122
182 193 3.01878
182 212 -0.558995
182 246 0.839227
183 192 -0.273388
183 201 -3.01573
183 217 -4.23906
183 223 -1.04226
183 232 0.117149
183 235 1.61939
185 219 -1.6347
185 234 -0.382981
185 243 -0.0127078
187 197 0.118969
187 200 6.80608
187 209 2.24568
187 228 -3.5147
188 214 1.62485
189 206 0.011155
189 225 -0.646436
190 199 -2.97835
190 208 0.362902
191 196 -1.52299
191 211 -2.47815
191 213 -1.25517
191 229 -0.808052
193 204 -0.500431
193 205 1.68044
193 212 -0.244266
193 246 0.1374
193 268 5.59416
193 333 -0.277724
194 223 3.22916
194 289 -0.069692
194 292 -0.938092
194 301 -0.0270306
194 304 0.824075
195 196 4.93378
195 200 -7.17113
195 233 3.1415
195 241 1.82045
195 319 -0.00638338
196 211 7.76627
196 229 2.97153
196 241 5.84734
196 284 -0.924411
196 302 0.063921
196 319 -0.0714749
196 324 0.148619
197 200 -0.0121378
198 203 -4.94906
199 208 -0.711209
200 224 1.63724
200 228 -0.337785
200 233 -2.95779
200 241 -0.0494293
200 251 -0.00620154
201 202 -5.53733
201 216 -1.36683
201 217 -0.304773
202 216 -4.09214
203 220 -0.484915
203 253 2.86372
203 264 1.31753
203 269 -0.0447149
204 205 -9.75953
204 268 -0.740165
204 294 -0.171522
204 300 -1.79497
204 333 0.524963
205 212 -0.050611
206 213 0.113976
206 225 0.230205
206 239 0.0220996
206 263 0.672887
206 265 0.0106785
207 237 1.5993
207 248 1.7912
207 256 1.47968
207 270 0.00803912
208 209 0.101722
208 221 3.50132
208 236 2.99875
208 252 -0.0853776
209 221 2.58569
209 228 -2.64699
210 218 -2.15598
210 247 6.4349
210 323 -1.32545
210 329 2.3112
210 400 5.33486
210 434 -0.45734
210 483 -0.258414
210 506 0.125834
210 566 6.05142
210 594 3.41595
210 620 0.196494
210 639 0.855506
210 689 -3.57445
210 693 0.547332
210 704 -1.27785
210 732 9.04686
210 747 -0.520467
210 757 0.00177892
210 782 -3.5101
210 807 0.196436
210 840 5.2214
212 246 -4.46144
212 268 -0.222808
213 229 -0.242411
213 239 0.685626
213 263 0.229165
213 265 0.00662918
214 222 -5.13134
214 234 -4.30998
214 243 -2.54029
214 259 -0.445714
214 271 -1.93629
214 299 -2.78039
215 240 0.00146113
215 246 -0.12733
215 254 0.0854645
215 272 1.44939
215 287 0.839276
215 288 0.173336
215 309 0.000412218
215 313 1.28694
215 358 0.037632
216 217 -0.012453
216 223 -2.90256
216 244 -0.961066
217 223 0.161821
218 247 -1.2612
219 226 -0.045137
219 230 3.94692
219 243 0.109876
219 259 0.459286
220 253 -0.135702
220 269 -3.57445
221 224 0.429083
221 228 -3.91844
221 236 1.69187
221 251 -1.69623
221 252 -1.26961
221 275 2.38041
221 326 -0.0648619
221 328 -0.259854
221 331 -0.129724
221 343 2.06181
222 250 -0.492835
222 299 2.14198
223 235 -0.646085
223 244 2.38152
223 257 -4.82944
223 274 -1.66976
223 296 -0.658599
223 301 0.0861063
223 304 0.110929
223 305 -1.44163
223 312 1.02216
223 315 -1.00226
224 228 -8.07062
224 233 -3.065
224 241 -0.0732274
224 251 -0.0820704
225 242 0.39378
225 258 0.542234
225 262 0.0105927
225 263 0.0387968
225 286 0.023036
225 297 1.41117
226 230 -0.114871
226 238 -0.0185426
227 231 -0.180143
227 254 0.50797
227 266 -8.41735
227 273 0.200848
227 280 -3.31748
229 239 -2.99671
229 265 -6.73237
229 284 -1.93515
229 302 0.063921
230 238 3.16186
230 243 0.0427937
230 259 0.308433
230 293 4.96386
230 340 2.55429
230 347 -0.673465
231 240 0.971324
231 254 -0.75177
231 255 0.86676
232 235 2.34441
232 283 1.84714
232 329 1.6699
232 483 0.00184128
233 241 0.0192187
233 251 0.0209078
234 243 -0.01597
235 257 4.574
235 329 0.492907
235 336 0.0912405
235 359 -2.33079
235 375 -0.56723
235 386 -3.80454
235 399 0.233747
236 252 -1.5809
237 248 1.5238
239 263 0.0611215
239 265 1.71136
240 254 -0.424495
240 255 0.0348484
241 251 1.01835
241 261 -0.545482
241 285 2.09089
241 290 -0.87172
241 319 -0.0305388
241 324 0.360563
241 330 1.31096
242 258 1.16928
242 262 0.0105913
242 267 -5.63387
242 276 -1.48755
243 259 0.161092
244 304 -0.0146946
245 247 -0.106597
245 249 -0.284448
245 260 -8.99212
246 268 1.42139
246 272 -1.72755
247 249 -1.44689
247 314 -0.717872
247 483 -0.0216914
247 639 0.494253
248 256 2.99413
248 264 0.250697
248 270 0.144916
248 281 6.29933
248 332 0.229282
248 334 0.74147
248 345 0.214694
248 362 1.48037
248 366 0.00111526
250 277 -2.03847
250 291 -0.81228
250 294 1.77378
250 295 0.45831
250 299 -0.337785
251 261 -0.191752
251 290 -0.683219
251 326 -1.07932
252 275 -2.11349
252 323 1.39593
253 264 0.0981103
253 269 -0.183768
253 308 0.461493
253 355 0.1748
254 255 -0.169293
254 279 -3.33068
254 280 -3.77668
254 288 2.60377
256 270 0.00803912
257 274 -0.985283
257 282 3.90434
257 296 -1.56044
257 307 7.66089
257 322 -0.106248
257 336 6.65298
257 349 -0.982543
258 262 0.141215
258 267 -1.92501
258 276 0.00747661
258 297 2.32641
258 298 0.0114448
259 271 -2.37754
259 299 0.00268078
259 325 0.283564
259 338 -2.181
259 340 0.760046
259 351 -0.980937
259 382 0.904174
261 285 -0.630541
261 290 1.20367
263 265 0.0931405
263 286 7.00383
263 297 0.00433528
263 302 0.00669425
263 316 0.0594642
263 356 2.27269
264 303 -0.439146
264 308 0.382522
264 310 1.99046
264 332 -0.0831452
264 334 0.0229005
264 339 0.458392
264 344 0.100385
264 362 0.0202306
265 302 -0.0556349
265 316 0.738578
266 273 -10.8857
267 276 -2.47197
268 272 -0.770054
268 313 0.166527
268 318 0.358532
268 333 -0.595271
268 358 0.269501
268 369 0.00682335
268 376 0.0323636
268 381 0.670912
270 281 0.289833
271 278 -1.08294
271 299 -5.78512
272 309 0.107478
272 313 1.77933
272 318 3.58389
272 358 0.0663912
272 369 0.00380537
273 280 -0.641706
273 288 -0.131607
273 311 -0.00784553
273 335 -1.00855
273 341 0.170549
273 385 0.584643
274 282 -0.0970718
274 296 0.503805
275 323 -2.47197
275 328 -1.26559
275 352 2.14198
276 298 1.76713
276 320 4.16225
276 408 2.40704
277 291 -0.669846
277 299 -2.10127
278 299 -1.71506
279 288 -1.45042
280 288 0.0655103
280 311 -0.00658821
280 335 0.376335
280 341 -0.0377664
281 334 0.0699544
281 345 1.46578
281 362 0.680358
283 329 3.91676
283 483 0.00184128
284 302 -0.679958
285 290 -13.5117
285 330 1.99284
285 360 -0.195158
285 361 -8.01058
285 421 -2.97219
285 444 0.244213
286 297 0.434875
286 298 1.33426
286 354 0.0137451
286 356 0.537187
286 365 -0.204634
287 288 0.676825
287 309 0.0313689
287 313 0.211287
287 353 0.750831
288 309 0.00445871
288 313 0.251396
288 335 1.7472
288 353 2.94467
289 304 -1.48817
290 326 2.16267
290 331 0.0154103
290 404 -6.28448
290 421 1.77958
291 294 -1.04226
291 299 -0.258219
291 306 -0.195158
292 304 -1.45774
292 311 -0.943623
292 321 -1.22813
293 346 -0.0214092
293 347 -0.711312
294 295 0.564705
294 299 0.0414952
294 300 -0.0513521
294 306 -5.33888
294 333 -1.30572
294 337 3.21421
294 368 -0.00378409
294 388 0.00837875
295 299 0.0127861
295 337 0.166904
295 388 0.00837875
296 307 -0.982543
296 315 -2.35544
296 322 -0.804632
296 349 1.43274
297 298 0.53779
298 317 3.03318
298 320 5.25858
298 350 1.30535
298 354 0.0137451
299 306 -4.22697
299 325 1.54122
299 337 1.80172
299 351 -0.680951
299 367 -0.199218
299 380 1.17566
299 382 0.00833845
299 383 0.000774377
301 304 -0.0540611
301 305 -10.2557
301 312 0.961711
301 315 -2.35893
301 327 -5.95697
301 348 0.0700012
301 373 1.01229
301 377 -0.305845
301 390 0.301311
301 401 -0.424601
301 438 -1.34215
301 451 -4.14515
301 476 0.831579
302 316 0.417499
302 319 4.07714
302 324 0.0759235
302 356 4.53748
302 379 2.76272
302 396 0.317398
302 402 5.00031
302 405 -0.00503925
302 422 -0.00547439
302 452 0.245595
302 469 2.5638
302 472 -0.238553
303 308 -0.109024
303 339 -0.183095
303 344 -0.0794121
304 311 0.000225267
304 321 0.0806582
304 327 -1.41165
304 341 0.20889
304 342 3.9099
304 373 6.00867
304 389 -0.0528233
304 401 0.230829
304 403 -6.3128
304 430 -12.6628
304 451 -15.4104
304 491 1.55241
304 512 2.31177
304 513 -1.1041
304 523 -0.25292
305 312 -4.03967
305 348 -0.351095
307 322 -0.106856
308 339 1.17636
308 344 0.175865
308 355 4.54417
308 378 -0.367169
308 416 -0.0305434
308 426 1.09453
308 478 -3.74943
308 529 0.160119
308 549 0.0661319
308 575 0.462665
308 579 -0.065822
309 313 0.462354
311 321 -0.844803
311 341 -0.0156911
311 342 -0.135787
312 315 -7.27703
312 348 0.0432999
313 353 0.720551
313 358 0.241331
313 364 1.12993
313 381 0.164758
315 349 -0.716366
315 377 -5.60412
316 356 1.94005
317 320 0.517023
318 358 0.0490777
318 369 0.00974258
319 324 -0.094965
319 379 0.129
319 405 -0.000388537
320 350 0.809817
320 371 -6.91037
320 391 4.80254
320 408 1.9271
321 341 0.0465188
321 342 0.154766
323 352 -16.7934
323 400 -0.705251
323 483 -0.0139167
323 639 -0.0879541
324 330 -0.127686
324 361 -0.231621
324 379 0.575251
324 405 -0.00545029
324 422 -0.00606803
325 351 -0.0960703
325 382 0.0256912
325 383 -0.0128456
326 331 0.482619
326 404 -0.553524
327 373 -0.585017
328 343 -4.50362
328 352 -1.6822
328 395 0.00244007
329 399 0.0946537
329 407 0.572258
329 415 3.10675
329 443 -2.7786
329 483 -0.407681
329 511 0.0686852
329 564 4.00203
329 582 -0.023036
329 584 -2.8437
329 639 0.115585
330 360 -1.72077
330 361 -5.30784
331 343 -20.7998
331 392 0.384112
331 404 -0.166448
331 421 -0.0243763
331 455 -0.256781
332 334 0.0375924
332 339 -1.17444
332 362 0.715526
333 368 -1.52308
333 369 -6.53987
333 388 -6.06043
333 397 -4.13426
333 417 -2.14198
333 433 -0.242586
333 456 -6.93536
333 460 -5.53733
333 501 -2.85347
333 502 2.02352
334 345 0.232831
334 362 1.43909
334 366 0.538867
334 370 0.344735
335 353 1.53296
335 385 -0.199341
335 394 -5.53733
336 349 -2.23516
336 359 -7.62696
336 374 -0.276455
337 368 -0.0827224
337 380 0.635856
337 388 0.716139
337 398 -0.0800174
338 340 -6.08405
338 382 -0.903972
338 393 -0.0561379
339 344 0.0613963
339 362 -0.605371
339 378 -0.831771
339 411 0.662416
339 426 2.18025
339 431 -0.00498029
340 347 -8.13722
340 393 -6.97193
340 412 -3.20605
340 418 -4.43612
340 429 -4.43612
340 458 -4.8442
340 459 -3.99846
340 479 -0.76719
340 495 0.184726
341 342 3.05193
341 385 2.20441
341 394 -2.41897
341 403 1.52882
341 409 4.15095
341 419 -2.41897
341 420 0.690891
342 403 -0.254499
343 395 -0.24931
343 421 0.716204
343 434 0.189947
343 435 0.637511
343 455 0.18793
343 506 0.503038
343 507 1.08937
345 362 0.136752
345 366 0.0164532
345 370 0.0895175
346 347 0.0428185
346 357 -0.483906
347 357 -1.03919
347 363 0.0908387
347 372 0.758015
347 412 1.3838
347 418 -0.145438
347 431 -2.18405
349 359 -2.10127
349 374 0.552911
349 377 -0.860969
349 390 1.72077
349 406 0.343537
349 410 0.973251
349 414 -1.37165
349 442 0.26336
350 354 -5.3485
350 391 0.549209
350 424 0.0840142
351 367 0.0425231
351 382 -0.827988
351 383 -0.00177503
352 395 -0.140373
352 400 -0.514794
352 434 1.00467
352 435 0.0297999
353 364 0.356095
353 381 0.807867
353 394 -2.85347
353 413 1.73896
353 419 -1.98633
353 437 0.404213
353 447 -0.0773484
353 448 -1.14578
354 356 1.26375
354 365 -1.64283
354 387 -3.43706
354 402 3.43147
354 423 4.68083
354 424 -0.168317
354 449 -0.595457
354 466 0.437234
354 469 1.37181
354 472 0.0933384
354 508 4.15368
354 509 0.906009
354 527 -0.118319
354 544 4.7304
354 552 0.230498
356 365 -0.136121
356 387 -3.72657
356 396 1.01097
356 402 2.47197
357 362 -0.595048
357 372 0.226907
358 381 0.178765
359 374 -2.47197
359 375 -13.6021
359 406 -2.58569
360 361 -1.27785
361 405 -0.62372
361 421 -0.0867208
362 366 0.136948
362 370 0.642009
362 372 -0.319532
362 378 0
362 384 3.17922
362 411 0.51758
362 431 -0.115945
362 445 -0.00450845
364 381 0.568523
366 370 0.00233927
367 380 -0.155702
367 382 -0.0309965
367 383 -0.00049943
368 388 -5.01324
368 397 -0.242411
368 417 -0.116857
369 376 2.27259
369 381 0.48929
369 428 1.74731
369 433 1.51364
369 450 -0.0693162
372 384 -0.665468
372 431 -2.54556
373 389 -0.701332
373 401 -0.55031
373 438 -0.681377
375 386 4.29686
375 406 4.36956
376 381 1.47609
376 428 0.21037
377 390 -3.31536
378 426 -0.838567
379 405 -0.00471835
379 422 -0.0434782
380 382 0.785405
380 383 -0.00267152
380 388 0.0858015
380 398 -0.171322
381 413 4.13767
381 428 0.169746
381 450 0.345085
382 383 -3.8987
382 393 2.07398
382 398 -0.11743
382 425 0.822839
382 429 -2.41897
382 432 -8.18569
382 436 0.300415
382 471 1.08579
382 480 -1.09448
382 482 -0.195737
384 431 -0.00517484
385 394 -2.64699
386 399 -0.528969
386 406 1.98633
386 407 0.0758411
386 454 1.77443
387 402 -1.8814
387 423 -2.06087
388 398 -8.00979
388 417 -0.981108
388 427 -0.779078
388 460 -2.02351
388 463 -1.23277
388 471 1.98633
389 401 -0.0362874
390 414 -0.232568
390 442 0.982045
390 467 0.432457
390 473 -1.34022
390 476 0.0342814
390 498 0.455202
391 408 4.87024
391 424 2.42812
391 449 -1.34716
391 453 -4.17025
391 466 1.69086
392 404 -0.0462799
393 429 -0.418426
394 409 -0.722426
394 419 -5.53733
395 435 -0.013798
396 402 0.722426
397 417 -0.924411
398 425 -3.27981
398 427 0.0808
399 407 -0.171337
399 443 -11.974
399 511 -0.0407762
399 584 -0.0258665
400 434 -3.87615
400 483 -0.022493
400 639 0.367414
401 438 2.16071
401 451 -2.83434
402 423 3.03407
402 469 1.44105
402 472 -0.0134217
403 420 1.26651
403 430 8.87056
403 499 -0.500431
404 421 -7.08407
404 455 -0.75439
405 421 0.240083
405 422 0.999806
405 487 0.103601
406 410 0.578681
406 439 -0.233496
406 442 0.344682
406 454 1.39904
406 465 1.29409
406 468 -0.153944
407 442 0.936841
407 454 0.417478
407 511 1.87773
407 533 -0.183333
407 556 -0.322539
407 560 1.92123
407 565 -0.0380436
407 582 -0.16141
407 584 -0.060333
407 625 0.29135
408 453 -0.720224
408 466 0.768305
408 492 2.93599
408 540 3.0092
408 545 -0.161909
408 561 1.32112
408 567 1.50708
408 570 1.65133
408 578 1.45224
409 419 -5.53733
410 439 -0.267306
410 442 0.861966
411 426 1.32483
411 431 -0.0436595
411 440 -0.0388192
411 441 -6.43442
411 445 -0.0633276
411 464 0.266464
411 475 3.22143
411 490 -1.22215
411 505 -1.32411
412 418 -0.577329
412 431 -2.27269
412 446 -1.17419
412 459 0.779165
413 428 -1.25439
413 437 0.0143434
413 447 -3.46622
413 450 1.69692
413 457 3.40627
413 461 -0.170436
413 497 0.600083
413 518 1.9534
413 519 0.595504
414 442 -0.104611
415 443 -11.9687
416 426 -0.71174
419 420 -3.43706
419 448 0.179457
420 448 -7.64387
420 461 0.533685
420 484 -5.60608
420 486 -1.91493
420 499 -1.27785
420 504 1.84714
421 444 -0.290984
421 455 0.510697
421 474 0.0727232
421 487 7.07351
421 503 -3.20605
421 506 0.388502
421 507 0.321474
422 452 -11.4612
422 472 4.02977
422 481 1.56652
422 487 2.2265
424 449 -0.183663
425 427 -0.0808001
425 432 -3.98188
426 440 0.0834642
426 462 1.11776
426 470 -0.123755
426 478 -4.92991
426 488 -0.385058
426 493 3.06219
427 432 -1.13997
427 463 0.706032
427 482 0.0419449
428 433 0.309121
428 450 -0.713782
429 436 -1.39593
429 458 -0.0544849
430 499 -0.451047
430 500 1.98079
430 512 -3.73241
431 445 -0.00720876
431 446 0.0239325
431 459 -0.0219089
432 482 0.118288
433 450 -0.0464454
433 456 0.676954
434 435 0.0595209
434 506 -0.020787
434 507 0.0526327
434 566 -0.265434
436 458 -0.924411
436 477 1.09088
436 480 -1.19997
437 447 -0.0853506
437 448 -3.50532
437 461 -0.953173
438 451 -0.200561
439 442 -0.0718483
439 468 -0.327636
440 441 -0.334802
440 464 -0.361291
440 470 -2.18405
441 464 -5.22951
442 454 0.19063
442 465 0.358085
442 467 0.911394
442 468 -1.07469
442 498 0.204087
442 525 2.92454
442 533 -0.020031
442 537 -0.715208
442 542 0.24548
442 548 -0.390109
442 559 0.189994
442 560 0.067844
443 564 -1.37333
445 446 -0.0936973
445 459 3.73604
445 475 -0.270171
446 459 -1.8512
447 461 -4.17008
448 461 -0.195158
449 466 -0.49002
450 456 -5.23165
450 496 2.32993
450 497 1.12439
450 502 -0.110483
450 516 -0.249274
450 518 2.13973
450 593 0.754765
451 476 -3.30811
451 523 -3.43706
452 469 0.0406993
452 472 -7.54622
453 466 -5.46174
453 492 -0.0975495
453 514 -0.155983
453 540 -0.0975495
453 561 -0.195099
453 567 -0.0975495
453 570 -0.0975495
453 578 -0.0975495
454 465 0.0953149
456 496 -1.16954
456 502 -1.98633
458 477 -1.81446
458 479 -0.0856503
459 475 -1.95015
459 494 -2.58569
459 495 -1.98146
460 471 -1.75131
460 501 1.02216
461 486 -2.7876
461 504 3.2928
461 517 1.71243
461 519 -0.340872
461 520 0.876286
461 555 0.00829528
462 464 0.00936766
462 470 -0.494144
462 488 -1.80808
462 489 -1.98633
462 493 -0.120866
462 515 0.414923
462 530 -0.0304589
463 471 -8.00381
463 482 2.33986
463 531 -0.412371
464 470 -0.56723
464 489 -0.187034
464 490 -1.11862
464 505 -1.4843
464 515 1.03357
464 530 0.0301206
465 468 -0.34183
466 509 0.697861
466 514 0.522271
466 545 -0.151113
466 547 -0.0851912
466 561 2.9275
467 498 0.576483
467 537 -1.082
467 559 0.105268
469 472 -0.287156
470 489 -0.81228
471 480 -5.60946
471 482 -0.78251
471 501 -4.46306
471 526 -0.248691
471 531 0.105049
471 541 -0.017922
471 562 2.97269
471 568 2.01716
471 596 0.0475328
471 612 -3.20605
471 613 0.976984
471 614 0.099692
471 635 0.0838282
472 481 1.75505
472 485 5.30798
472 487 7.458
472 527 2.67412
472 539 2.85251
472 544 0.146503
472 552 0.543028
472 583 -0.0833538
472 604 0.0224147
473 476 -1.1178
473 498 -0.282038
473 523 -2.64699
473 524 -0.0392466
474 487 0.364547
475 494 0.546604
475 505 -0.635286
475 510 -2.49089
475 522 -0.947793
475 532 -10.4185
475 536 0.0731338
475 557 0.000299392
476 523 0.81228
477 479 0.996366
477 480 -0.64845
477 495 1.81714
477 526 1.33622
477 541 2.23517e-08
478 493 -4.45829
478 529 -1.33862
478 530 -4.8043
478 549 -0.905358
479 480 -0.201297
479 495 0.576705
480 526 -0.00273295
480 541 -2.23517e-08
483 506 -0.0214313
483 566 -0.0376595
483 594 -0.148248
483 620 -0.0225346
483 639 0.0325558
483 664 0.175463
483 693 -0.0225346
483 732 -0.0160192
483 757 0.00178025
483 807 -0.0176504
483 840 -0.0381341
484 499 0.123218
484 504 -7.91631
486 504 -5.01026
487 503 -0.321795
487 528 1.93612
487 539 3.70463
487 552 0.252822
487 590 6.81262
487 616 0.83062
487 636 1.32411
488 493 0.808757
490 505 -1.04226
491 512 0.503157
491 513 -2.64699
492 540 5.54915
493 515 -0.119897
493 530 3.02449
494 510 -2.36488
494 526 0.321795
494 532 -3.20605
495 526 2.54524
496 502 -1.10372
496 516 -1.18924
497 518 0.305845
498 523 -0.249555
498 524 0.794792
498 537 -1.08205
498 543 -0.0311844
498 559 1.79296
498 586 -0.314375
499 500 -7.1995
499 504 -0.533685
499 512 -5.84977
500 512 -7.67932
501 502 -6.44416
501 562 -16.0164
502 516 -8.10571
502 562 1.58885
502 593 -0.996783
503 506 -0.0856503
503 521 -2.27269
503 528 -3.29549
504 512 0.171342
504 517 0.327045
504 520 0.604709
504 555 0.262289
504 571 -2.13924
504 597 2.20776
505 515 -1.09448
505 522 -2.7234
506 507 2.29948
506 521 -1.32411
506 528 2.01803
506 538 -0.0856503
506 551 6.92995
506 566 2.73509
506 595 -0.433478
506 627 -3.42538
506 639 0.110227
508 509 -0.162923
508 544 1.1312
508 554 -1.67294
509 547 -0.239995
509 554 0.325845
509 561 0.0409131
509 569 -2.14198
509 578 1.48636
510 532 0.924411
512 513 -0.305845
512 534 -2.91105
512 535 -0.418748
512 571 -2.52745
512 572 1.11932
512 587 1.60463
512 598 -1.30083
513 523 0.25292
513 535 -4.43612
515 522 1.10599
515 530 0.276008
515 536 0.120134
515 549 0.169831
515 553 3.6755
515 557 0.126314
515 580 -1.81446
517 518 -0.344601
517 519 -1.3865
517 520 0.886
517 563 -1.21255
517 597 0.909345
517 599 -1.52097
517 605 -4.02237
517 615 2.50522
517 626 0.109237
518 519 0.344134
518 563 0.0361459
518 585 0.588345
518 593 0.563657
518 599 -0.0436434
518 603 1.6915
520 555 1.77636
521 528 -0.704796
521 538 -3.31536
522 536 0.0156623
522 546 0.0267799
522 553 1.17955
522 557 0.241361
523 524 -0.381067
523 535 -2.7807
523 550 -1.71958
523 560 1.98633
523 586 2.28061
523 589 -3.27162
523 602 -0.652519
523 611 -0.962998
523 622 2.02209
523 634 -2.85885
523 656 5.17494
523 662 0.501453
523 672 -0.188844
523 679 -0.00645409
524 559 0.068777
524 586 -0.780846
525 542 0.0335528
525 548 -0.776539
525 559 2.20462
526 532 -6.35485
526 541 0.0777181
526 558 -2.36214
526 568 2.91539
526 573 1.28622
526 581 0.136973
526 617 0.00875119
526 646 2.42284
526 661 -0.483906
527 544 -0.0237138
527 552 0.0950912
528 538 -1.55208
528 551 3.20532
528 590 4.62904
528 595 -2.85254
528 627 -2.30345
530 549 3.78057
532 557 -2.02971
532 558 1.27785
532 573 -0.251732
532 576 -0.176243
533 560 -0.729076
534 535 -0.375099
534 550 1.46527
534 572 -0.503163
534 577 2.344
535 550 -0.393134
536 546 1.00326
536 553 0.113955
536 557 0.593769
538 551 -0.687271
539 552 0.236058
539 583 -0.288934
539 604 0.0869435
539 616 2.1595
539 628 2.88722
539 629 0.0142538
539 636 0.0699777
540 567 2.35206
540 591 0.720616
540 623 0.841496
541 568 -0.040719
542 559 0.0728841
542 560 0.0075819
544 552 0.346002
544 554 2.66083
544 578 1.98638
544 600 -0.381671
544 604 0.0380393
544 637 -5.56152
544 658 1.26486
544 665 0.924411
544 715 0.376733
545 561 -0.655621
546 553 0.207045
546 557 0.280277
547 561 -0.129969
547 578 -0.167276
548 559 -0.772861
549 575 3.63301
549 579 -0.232367
549 580 -1.78253
549 592 -0.924411
549 621 -14.4037
549 630 -0.0536693
549 645 0.909102
549 674 0.323717
549 683 -1.38286
549 696 2.56276
550 577 0.151867
550 589 -2.58746
551 595 -0.108345
552 583 -1.13798
552 604 0.0896754
552 629 -0.01731
553 557 1.47139
553 573 0.916844
553 580 -4.29394
553 592 0.353819
553 621 -2.78039
553 630 -0.132187
553 632 3.39659
553 642 0.506142
553 659 2.14198
553 660 -1.12464
554 569 -3.18814
554 600 -1.60463
556 565 -0.10375
556 582 -0.273846
556 584 -0.0650627
557 573 -4.76214
557 576 -0.437725
558 573 -2.82851
559 560 5.2524
559 574 -5.67204
559 586 2.24487
559 602 -1.39965
559 611 -1.04226
559 619 -0.094657
560 565 -0.00382254
560 574 -1.34805
560 582 -0.031809
560 602 -1.69086
560 619 -3.23154
560 625 2.03789
560 634 -1.66155
560 643 0.101373
560 648 -0.823164
560 670 1.66155
560 672 -0.40609
560 676 -0.551515
560 688 0.368314
561 570 1.58067
561 578 3.53079
562 593 -0.793891
562 596 -0.0161405
562 601 -0.867703
563 585 0.0272436
563 599 -0.0213546
563 603 0.0220832
565 582 1.14851
565 584 0.0910296
566 627 -1.95015
566 639 0.474223
566 651 -1.35044
566 657 0.13281
566 689 -1.98633
567 578 3.86275
567 623 1.31477
568 581 2.51843
568 612 -6.01971
568 624 -2.49202
568 661 -0.907328
569 578 -1.41337
569 600 -0.669846
570 578 1.14578
571 587 -8.64408
571 597 -0.60269
572 577 -1.10211
572 588 -2.8155
572 598 -0.289934
573 576 -3.91844
573 608 -9.7821
573 617 -0.152543
573 642 1.22809
573 646 1.30083
573 668 -1.02216
574 619 0.0946569
575 579 -0.0992481
575 683 -0.242411
575 696 2.15601
577 588 -0.118996
577 589 -0.249553
577 609 -0.0104979
577 622 0.0774979
577 647 0.0199931
578 600 -1.58158
578 610 2.31601
578 623 3.75635
578 629 1.37165
578 658 2.44416
578 665 0.943623
578 682 0.317742
578 702 7.31553
578 705 2.98434
578 706 -0.0463829
578 715 0.667551
578 731 1.57649
578 743 1.57881
578 797 -0.693133
580 592 -0.532478
582 584 0.225087
582 607 3.57617
582 625 -0.110207
582 631 -0.0816513
582 643 0.965293
582 677 0.213874
582 681 0.672503
582 685 0.107489
583 604 -2.89347
584 631 -0.00770576
584 663 -0.289934
584 664 2.56257
584 677 3.50182
584 685 0.536372
584 746 1.07991
585 599 -0.0222888
585 603 1.48222
585 615 0.218885
586 611 -1.04226
587 597 2.64699
587 598 -1.86906
587 606 -3.0801
587 647 -0.746565
587 653 2.6959
587 678 0.432692
587 713 0.846796
587 728 0.239342
588 598 -0.0856503
588 609 0.440273
588 647 -0.055006
589 622 -3.0174
590 627 -0.420791
590 636 2.38242
591 623 0.262163
592 621 -3.06319
593 596 0.109098
593 601 -0.726184
593 603 2.2254
593 650 0.640695
593 691 2.27269
594 639 0.257393
594 664 -1.83172
594 712 -1.06602
594 732 1.08195
594 757 0.000889558
596 613 0.592581
596 614 0.0383031
596 618 1.24538
596 635 3.2981
596 691 0.306172
597 615 8.2203
597 653 2.34943
597 669 0.624487
597 718 0.493654
597 725 0.00178584
598 606 -0.589702
598 609 -0.218131
598 647 -0.353742
599 603 -0.413289
599 615 -0.183136
600 658 -0.619885
602 611 -1.78253
602 634 -4.85373
603 615 3.98649
603 633 -0.1321
603 638 2.18405
603 650 1.42742
604 629 -0.00704724
604 637 -0.0357835
605 626 -1.95015
608 617 -2.10127
609 622 -0.00514694
609 647 -12.4452
610 623 2.14852
612 613 -1.91493
612 624 0.353819
613 614 0.0404922
613 624 -7.81419
613 635 0.375022
613 691 2.16622
614 618 -4.53691e-05
614 635 0.0301425
615 626 1.40724
615 638 2.27269
615 641 -0.763511
615 650 0.595492
615 669 0.00507294
615 671 -0.249978
615 692 -0.584119
615 697 -2.04687
615 710 0.162131
615 718 5.87233
615 722 -0.163779
615 768 0.933357
616 636 0.406238
620 639 0.173675
621 630 -13.1882
621 645 -0.311439
622 647 0.447789
622 656 0.392811
623 640 -0.721322
623 654 2.13466
623 702 0.204308
623 706 -1.75117
624 661 2.0203
624 690 2.71175
624 691 -1.78253
625 643 0.363997
625 648 -3.97364e-08
625 685 0.00708626
626 641 -0.101248
627 636 -1.3304
627 644 0.0291406
627 649 -5.54687
627 651 -1.63282
627 714 0.229945
628 629 -0.153023
628 636 0.0351312
628 652 -0.0255571
629 636 0.0285075
629 637 -0.054899
629 652 0.586751
629 665 0.0399241
629 682 0.974353
630 632 -0.264375
630 655 -6.90677
630 666 0.117806
630 674 -2.01694
630 698 0.0166949
630 699 -0.945323
630 707 0.0118308
631 663 -1.88061
631 677 -0.612657
632 655 -0.57004
632 659 0.298239
632 667 0.0236263
633 650 -0.811258
635 691 4.02989
636 652 0.711253
636 682 1.26673
636 701 2.29179
636 714 1.51748
637 665 -0.178812
639 693 0.182943
639 704 -9.49236
639 732 0.583691
639 742 9.19451e-05
639 747 -1.06678
639 748 0.135717
639 757 0.00178025
639 807 0.395316
639 840 0.718619
642 660 -4.58363
642 668 -1.37165
643 648 -8.9407e-08
643 670 -0.340297
643 673 -0.218427
643 677 0.0192902
643 680 -0.0357414
643 681 0.18436
643 685 0.0504637
644 649 -6.39399
644 651 -3.38716
644 657 0.119599
644 686 -0.0219476
644 695 0.0551657
644 700 0.55055
644 714 0.131974
646 660 0.434708
646 661 -0.195158
646 668 -3.10675
647 656 1.20822
647 678 -0.291985
647 684 -0.849093
647 713 -0.0532792
649 714 -2.06181
650 687 0.112872
650 691 0.201422
650 692 -0.269185
650 694 -0.906529
650 709 0.181073
651 657 -0.534325
651 686 -3.01573
652 682 1.91926
653 669 2.84817
653 713 1.21807
653 718 0.120308
653 725 0.0613697
653 726 0.176982
653 741 -0.635286
653 751 1.69141
653 772 1.00226
654 706 -0.112213
654 720 1.18865
655 666 -2.52745
655 667 -1.06254
655 675 -0.305845
656 662 1.26414
656 672 -0.0217152
656 679 -0.017162
656 684 -2.93164
656 688 -0.307092
656 703 -0.924411
656 711 -3.228
656 726 1.03173
657 686 -1.20384
657 689 -1.35472
657 700 2.81549
657 704 0.699574
657 727 -5.93959
657 742 -0.03619
657 753 -0.704796
657 758 -2.19741
657 796 0.296822
657 808 -2.06181
659 660 -1.16477
659 666 2.46941
659 667 -0.0433211
659 675 3.34901
659 717 4.98421
659 754 0.411752
660 661 -1.83919
660 668 -7.76491
660 717 -2.60817
660 719 -2.6133
660 737 0.0293469
661 690 6.47582
661 737 0.0508056
661 738 -0.0111009
662 672 -0.176431
662 679 -0.0276048
663 677 -4.03586
664 670 1.2737
664 712 -4.20468
664 746 0.0445611
664 752 -0.894221
664 757 0.54537
664 777 -3.91844
664 792 -12.7352
664 817 0.15964
664 818 0.116886
664 831 0.688164
664 837 1.8704
664 852 4.56607
664 854 -1.69086
664 885 -2.64699
664 902 -2.74076
664 904 0.257055
664 921 -3.01573
664 931 0.0181616
664 932 -0.257042
666 675 0.853055
666 699 -0.447414
666 707 0.0190142
666 717 0.14882
666 724 -5.64734
666 730 0.92646
666 754 0.231932
666 783 -3.27515
666 793 0.42003
666 800 -6.37594
667 675 -0.0866422
669 716 0.334321
669 718 0.278682
669 725 0.0279515
670 673 1.37261
670 676 -1.4847
670 681 -1.67685
670 685 0.99354
670 688 0.659218
670 708 -0.260658
670 752 -3.45284
670 770 -0.379652
670 773 0.0605021
670 792 -3.04205
670 817 0.091008
670 818 0.104235
670 831 0.241512
670 837 0.252938
671 697 -0.305845
672 679 0.037528
672 688 -3.57445
673 681 -0.387074
674 696 1.16556
674 698 -0.0166949
674 740 0.111773
676 688 -0.926431
677 685 1.29657
678 684 -2.25018
678 703 -0.687271
678 713 0.00382566
678 723 -1.03544
678 726 -0.0412593
678 728 0.214306
679 688 -0.767106
680 681 -0.409384
680 685 -0.470446
681 685 2.5629
681 752 0
682 701 2.33311
682 731 0.635485
682 775 2.45226
682 789 -2.18405
683 696 -0.841413
684 703 -0.418426
685 746 2.54094
685 752 -0.0395819
685 792 -0.67354
686 700 -0.0878419
686 714 -0.00361675
687 692 -0.125983
687 694 -1.81154
687 710 1.06626
688 708 -0.346416
688 711 -7.02825
688 726 0.00712042
688 729 2.23008
688 739 -0.0214524
688 752 -0.0285706
688 770 -2.49711
689 704 -0.609741
690 691 -8.51835
690 737 0.133451
690 738 0.558802
691 694 -1.58616
691 709 1.22593
691 710 4.39353
691 721 -0.271271
691 738 -1.66155
691 744 0.02839
691 749 2.90994
691 750 1.29858
691 755 -0.794069
691 759 1.46234
691 766 2.85504
692 710 -0.118433
694 709 -0.121918
694 710 -1.06254
695 700 0.225043
695 714 1.69921
696 698 0.0906791
696 734 0.791727
696 740 1.4676
698 707 -0.147285
698 730 5.55447
698 740 2.35214
698 765 0.467078
698 776 -2.02352
698 800 -0.0584644
698 806 1.98633
698 826 1.36693
698 842 -0.177711
698 848 3.74275
698 883 -2.28163
698 891 0.0424203
698 892 -1.66155
698 897 -0.0718288
699 707 -0.00718343
700 714 0.931732
700 727 -8.3004
700 735 0.116789
700 778 -0.130242
700 788 5.69358
700 813 0.260484
701 714 6.26568
701 775 0.0527015
701 779 -0.461193
701 809 0.257735
702 706 0.0370318
702 736 1.56364
702 743 1.59819
702 798 -2.18194
703 726 -2.71175
704 742 -0.134715
704 748 -0.113741
706 720 -0.167593
706 733 -0.156608
706 736 0.143497
707 724 -2.66381
707 730 -0.128617
707 765 -0.141235
710 722 -0.132481
710 744 0.0283873
710 750 2.4691
710 756 0.699831
710 768 1.62499
710 774 0.0366022
710 791 -0.13858
710 795 -2.42004
710 802 1.72569
711 726 -2.78039
712 732 -1.12543
712 757 -0.396196
713 726 0.0274307
713 728 0.6544
713 751 1.44219
714 735 0.129412
714 761 0.888841
714 788 2.61166
714 789 -2.39152
714 809 0.81228
714 819 -3.01573
714 823 -6.83498
714 829 1.82363
714 858 0.56723
714 879 3.59423
714 895 3.43706
714 939 0.795952
714 952 0.982543
716 718 0.0323172
716 725 0.0158778
717 719 3.16
717 754 0.890248
717 762 -0.36033
717 793 0.638226
718 725 0.111407
718 741 -1.62408
718 768 2.49758
718 787 0.104365
719 737 -1.03155
719 762 -0.867703
719 763 1.57693
719 786 3.42357
719 790 -0.0223092
719 793 0.60155
719 833 -0.000192072
720 733 0.708798
720 736 -0.0350071
720 767 -1.60463
720 785 1.69086
720 799 -5.94011
721 749 -0.758016
722 756 -0.00778178
722 768 -1.30083
723 726 -0.323322
724 730 -4.80014
725 741 -0.45089
726 728 0.0273783
726 729 0.0537538
726 739 -0.11708
726 745 0.277888
726 751 1.07176
726 764 -2.69041
726 769 -0.131372
727 758 2.10898
727 778 -3.31536
727 794 -1.16715
729 739 -0.497412
729 760 1.16456
729 770 -1.69961
730 765 1.25563
730 780 -0.75061
730 783 -1.69915
730 800 -0.94686
730 842 -0.0302325
731 789 -3.57445
731 797 -0.43272
731 816 -0.478639
731 836 2.00989
731 856 2.3914
731 871 0.01604
731 909 0.82634
731 910 3.52677
731 925 -0.302512
732 757 0.000892027
732 777 -16.8535
732 840 2.02925
732 862 -3.10675
732 885 -4.8442
732 904 1.50185
732 975 -0.0144456
733 736 -0.0720996
733 767 -2.01785
734 740 0.750797
735 788 0.474246
736 767 -1.46183
736 785 0.132481
736 798 -3.41682
736 814 -5.31044
737 738 -0.0714786
737 763 -3.01563
737 771 -0.498201
737 790 -0.467445
737 801 0.525336
738 749 -6.79506
738 771 0.303236
738 801 -4.22993
738 824 0.740165
739 745 -0.175213
739 760 -4.13962
739 764 3.54359
739 804 3.80501
740 776 -3.104
740 806 8.30934
741 768 -0.886457
741 772 -0.758016
741 787 -1.60463
742 747 0.0229427
742 748 0.0124581
742 753 -3.70039
742 782 -0.972858
742 808 0.59271
742 828 3.67457
743 797 -0.0637178
743 798 -0.0206604
743 810 4.4317
744 750 0.113555
745 764 -0.418414
746 792 -0.0563058
747 748 0.00674532
747 782 -0.0231118
749 755 -0.903368
749 759 -0.330125
749 824 -3.45456
749 861 -2.02352
749 881 -0.0362959
750 766 1.05999
750 802 1.6384
751 769 -0.03709
751 772 1.84714
751 803 -7.16064
751 827 -0.0113416
751 832 1.75679
751 844 3.85116
752 770 0.352802
752 773 -0.879373
752 815 1.01249
752 817 -0.0256225
752 818 -0.128828
752 831 -0.0256225
752 837 -0.0256225
753 808 -8.98936
755 759 -0.0856503
756 768 0.669139
756 774 0.0365679
757 777 -7.58673
758 794 -0.618705
758 796 -0.606175
759 766 6.44416
759 853 5.8076
759 881 0.329926
759 884 -0.595986
759 920 0.750504
760 770 -6.05461
760 804 -2.23465
760 815 -0.0504149
760 838 0.94606
760 845 -0.219499
763 790 -8.65209
764 769 0.259378
764 804 3.65552
764 812 -1.2905
764 821 0.610506
764 832 0.113173
764 845 2.93806
764 882 0.552108
765 780 -0.433107
766 802 3.15338
766 853 0.601089
767 785 -0.943623
768 774 0.219406
768 787 1.00689
768 791 -0.831429
768 802 2.56386
768 830 4.23809
768 843 0.429006
768 867 1.91493
768 888 0.635259
768 889 -1.52605
768 900 0.325284
768 907 -0.885396
768 936 -2.73336
769 784 -2.59693
769 812 -0.493065
769 821 -0.0328667
769 832 -0.198406
769 844 -0.0277399
770 815 0.873148
771 801 -3.03315
772 787 0.498434
772 803 -1.1327
774 791 -0.0365329
775 779 -0.890422
775 781 -1.58326
775 789 -8.35234
775 809 0.516025
775 819 -0.905358
775 829 1.95015
777 854 0.477223
777 862 -0.133139
778 794 -0.0389131
778 811 -4.8442
778 813 -1.47806
779 809 -0.515748
782 807 -6.16832
782 828 -0.988577
782 835 1.39696
782 857 0.603663
782 877 0
783 800 0.662679
785 798 -0.965925
785 799 -6.83053
785 814 -2.76372
785 841 -3.91844
785 847 -0.451047
785 850 0.0639759
785 859 -3.43496
785 869 -1.4872
785 872 -1.40156
785 906 0.729183
785 935 -1.30083
785 947 -2.49531
786 790 -0.125233
786 793 0.833468
786 800 -0.0120073
786 820 -0.0149009
786 826 0.0920319
786 833 -0.0113464
787 803 -5.27409
787 827 0.863084
787 839 -0.863016
787 843 0.077574
788 813 1.29288
788 822 0.286587
788 823 -2.08278
788 858 1.22815
788 878 1.10052
788 879 1.27785
789 829 -3.73541
789 836 -2.46951
789 895 -3.16273
790 801 -0.0381533
790 820 -0.063544
791 802 -0.138597
793 800 -0.114954
793 826 2.04082
793 833 -0.0012404
794 796 2.07107
794 811 -1.04168
795 802 -2.1319
796 808 -6.72895
796 811 -0.0275048
796 813 -0.056321
796 849 0.493969
796 855 -0.353619
796 866 -0.254476
797 810 -0.254809
797 816 -0.0636865
798 810 -0.256451
798 814 0.504417
798 847 0.337881
798 850 -0.967021
799 805 -0.379573
799 841 0.873559
800 826 -0.319427
800 833 -0.00157172
800 842 1.09607
801 820 1.60589
801 824 -0.611537
801 861 -3.10675
801 863 -1.76724
801 873 3.25269
802 830 5.87383
802 851 0.217175
802 853 1.66267
802 916 0.0636694
803 827 -0.023346
804 838 -0.0393756
804 845 0.257698
806 848 2.93164
806 880 -4.86195
807 835 -3.93424
807 840 2.45138
807 857 -5.53733
808 828 1.97948
808 849 -3.01573
809 819 -0.740165
810 816 2.55627
810 825 1.53492
810 850 0.221449
810 859 0.193612
810 871 0.246824
811 813 -1.94977
812 821 -0.171703
813 855 0.221064
813 868 -0.967876
813 878 0.411429
814 850 -0.36619
815 818 0.675674
815 834 -0.628853
815 838 -0.853672
815 864 -0.0864311
815 865 -1.66155
815 908 -0.000294697
816 871 -0.01604
817 831 0.118227
817 837 0.0961334
818 831 0.896575
818 834 -1.95727
819 829 -4.19648
820 826 -0.00130593
820 833 2.20647
820 860 -2.06541
820 863 -6.247
821 832 0.832243
821 882 0.336218
823 858 -0.332652
824 861 -0.83062
825 846 -3.12753
825 859 2.43173
825 871 0.260761
825 914 -0.063042
825 926 -0.0173151
825 947 0.311755
826 833 -0.00261185
826 842 -0.0293907
826 860 -6.04207
826 891 -3.02875
826 892 -0.302338
826 893 -4.17879
826 928 2.44059
826 937 4.96588
826 953 0.235168
826 967 0.219166
826 968 -0.405566
826 970 -1.6306
827 839 -1.15908
827 844 -0.0226833
828 849 -3.43706
828 857 -0.975284
828 866 -2.37411
828 877 -0.101035
828 894 -0.00778178
828 903 -1.83162
828 924 -3.47575
828 942 0.433634
828 951 0.216817
830 851 3.1011
830 867 2.93164
830 888 1.12417
830 907 -0.229947
830 916 -0.037038
831 834 -3.19486
831 837 2.85967
831 864 1.06254
831 865 -7.09794
831 876 -1.16832
831 890 0.024255
831 904 0.0203985
831 908 -0.720757
831 932 -5.09082
831 954 0.0782176
831 991 1.04536
832 839 -0.349033
832 844 1.82191
832 882 3.02283
832 887 2.68475
832 889 1.06254
832 901 -1.00226
832 911 -0.00778178
833 860 -5.33704
834 865 -0.936488
836 895 1.08621
836 896 0.609892
836 909 0.287526
837 852 3.86642
837 876 -1.3121
837 921 -1.37165
837 931 1.45686
837 932 -0.855253
838 845 -0.427325
838 864 0.6787
838 875 0.100001
838 898 0.200002
838 908 -0.260841
839 843 -0.077574
839 844 -0.174517
839 889 -3.20605
840 857 -4.8442
840 877 -11.4188
840 904 2.88946
840 922 1.22241
840 923 -2.64699
840 941 -0.446147
840 975 -0.100581
840 978 0.168744
841 869 -0.0700634
841 870 -0.0544849
843 889 -2.8265
845 874 -5.21959
845 875 -0.0261079
845 882 0
845 898 -0.0522159
845 917 1.66155
845 930 0
847 850 -0.170138
848 880 -1.9376
848 883 -0.0691173
848 897 -0.0325567
848 927 1.16715
849 855 -0.575801
849 866 -0.26452
850 859 -6.7633
850 872 -0.0034151
851 853 0.240616
851 916 0.0520037
852 921 -0.924411
853 913 2.6385
853 916 0.432266
853 920 2.02897
854 862 -0.133139
854 885 -1.52308
855 866 0.54999
855 868 -4.30348
855 878 7.24293
855 886 -0.0778112
856 910 1.05674
856 925 -0.166122
857 877 0.141698
857 894 -0.455546
858 879 1.32411
859 872 -0.0874412
859 914 -0.0984159
859 926 -0.0174791
859 947 0.898615
860 863 -0.0198051
860 873 0.0981373
860 928 -0.806679
860 945 0.00609754
861 873 -2.41897
861 881 -2.58569
862 885 -0.023346
863 873 -0.988073
864 865 -1.44559
864 890 1.08739
864 908 -5.36027
866 886 -1.29118
866 903 1.1138
866 919 -0.167146
868 878 -2.58569
869 870 0.375483
869 899 0.123898
869 906 -5.02548
870 899 0.0410855
871 910 1.27372
871 914 5.22909
871 925 -0.263203
871 947 -0.0105241
873 881 1.87444
873 884 -0.270465
873 912 1.77709
873 915 -3.01884
873 928 -0.484735
873 929 -2.64679
873 940 -0.0169338
873 945 2.21209
874 875 -1.10372
874 898 -3.11359
874 917 -1.98633
874 918 -3.31536
875 898 0.626348
877 894 -0.158827
877 905 2.69043
877 923 2.47489
877 933 -1.12464
877 951 0.715478
878 879 5.40114
878 886 -5.36026
878 919 -0.0106135
878 924 0.464155
878 939 2.38104
878 944 -0.244081
878 961 0.310439
878 969 -2.31572
878 971 0.751324
879 934 -0.0415956
879 939 6.34484
879 944 -0.224708
880 927 -6.783
881 884 -0.280434
882 887 0.104758
882 901 -0.489792
882 911 -0.41933
882 930 -0.268309
882 948 -1.42087
883 891 0.653488
883 897 1.36932
884 915 -11.0747
884 920 -0.0425897
885 902 -0.56723
885 904 -5.53733
886 919 -4.43612
887 901 -1.57696
887 911 -0.90918
888 907 -1.20779
888 916 -0.0360478
888 938 -1.6775
888 957 0.000495039
889 900 -0.0318862
889 911 -2.02352
889 936 -0.369383
890 908 -0.340699
891 892 -3.3512
891 897 3.41037
891 937 -1.27785
891 953 -3.73241
895 896 1.65886
895 909 2.35026
895 952 1.73366
895 962 0.306532
897 927 -0.175739
897 950 1.3741
897 953 -7.6246
898 908 -0.323695
898 917 2.75782
898 918 3.53502
898 946 2.87291
898 949 0.451098
898 954 1.95015
898 998 0.0998164
899 906 -2.81983
900 936 -1.48043
902 904 -6.39399
903 919 -0.0377833
903 924 0.246574
904 931 0.0805373
904 932 -10.6706
904 954 -0.294401
904 975 -0.134898
904 978 0.176869
904 991 0.0629297
904 993 -0.39227
904 1005 -0.242693
904 1025 -2.10127
904 1045 1.75131
905 923 2.04179
905 951 0.773677
906 935 -7.49467
907 936 0.849333
907 957 1.39663
908 954 -1.11227
909 910 1.33446
909 962 0.212327
909 976 0.356525
909 995 -0.321734
909 1022 0.0908742
909 1039 -0.282283
910 914 1.34279
910 925 -0.439867
910 972 -10.0887
910 976 0.181707
910 1004 -6.33741
910 1022 0.0908534
910 1039 -1.96814
911 936 0.255456
911 948 0.159215
911 981 0.063759
912 915 -2.27969
912 929 -1.87501
912 940 -1.24881
913 916 7.07023
913 920 0.797988
913 955 1.43781
913 957 0.21597
913 980 1.7994
913 1031 -6.63922
913 1033 0.164506
913 1044 0.592177
913 1055 -2.21009
914 926 1.0828
914 947 -0.329942
914 966 2.28112
914 972 -0.699194
914 973 -2.98912
914 984 -0.255251
914 992 -0.498157
915 920 -2.56635
915 940 -0.0773655
915 945 -0.29652
916 938 -2.44466
916 955 1.60463
916 957 1.28799
917 930 4.87587
917 946 0.236193
917 948 3.39809
917 996 3.62155
917 997 1.233
917 998 5.17686
917 1025 0.469295
917 1035 0.181733
919 924 -0.0554393
920 940 0.706287
920 945 -0.11754
920 960 0.188176
920 964 -0.598443
920 999 -0.126021
920 1027 -0.225404
920 1031 -0.182368
920 1041 -4.16265
921 931 -0.886457
922 923 -3.46472
922 941 -4.73039
922 951 -1.5318
922 975 0.339549
922 977 -1.12464
922 990 -0.149791
923 933 -0.750409
923 951 5.56996
923 965 0.399369
924 942 -0.153899
924 956 -4.46958
924 961 0.305987
924 963 -2.85347
924 971 0.187649
926 947 -0.0581083
927 950 -1.05425
927 959 -6.76963
928 943 -6.29629
928 945 -0.888859
928 967 2.39193
928 970 -0.438199
928 982 -2.28156
928 986 0.463099
928 999 -0.811902
928 1002 1.78253
928 1008 -0.163779
928 1011 -3.9277
929 940 0.466428
929 945 -0.0306082
930 948 0.0511553
931 932 -0.557759
932 991 -0.321795
934 939 -0.0831913
935 947 3.66405
935 966 -0.158646
936 948 0.445884
936 957 5.44816
936 981 0.360866
939 944 -0.795454
939 952 0.0999614
939 958 3.44698
939 969 -4.96644
939 1009 -5.87471
939 1016 -3.10675
939 1026 -7.3512
939 1048 -0.467445
939 1050 0.669846
940 945 3.38083
940 960 7.78823
940 964 2.72362
941 975 -0.467445
941 978 0.0652437
942 951 6.81052
942 956 2.10886
942 961 -0.000244041
942 963 -0.292397
942 983 0.52646
942 994 -0.237571
942 1000 0.027041
945 960 -0.0210154
945 964 4.18762
945 982 1.81446
946 949 3.08139
946 954 4.97143
946 998 0.107611
946 1005 3.65211
946 1010 1.72666
946 1025 2.49941
947 966 -0.219622
948 981 2.09747
948 996 1.69086
948 998 0.0838295
950 953 -1.60463
950 959 -0.157202
951 965 2.43694
951 983 0.294293
951 990 6.59018
951 994 -0.333137
951 1013 0.833465
952 962 0.00206148
952 995 -0.0778334
952 1009 -0.56812
952 1016 -0.427823
953 959 -1.91493
953 968 -1.75352
954 991 -0.00350725
954 1005 2.44748
956 963 -0.112265
957 974 3.10675
957 980 7.73081
957 981 0.51445
957 996 2.58569
957 1015 8.76265
957 1023 15.704
957 1034 7.64217
957 1044 2.20788
959 968 1.63267
959 979 4.72093
961 963 -2.97661
961 971 0.00524738
961 983 0.0038925
961 1000 -0.00120658
962 995 -0.0714036
962 1009 -0.00270724
964 982 2.18405
964 989 2.54055
964 999 1.21745
966 985 -1.98633
966 992 -1.98866
967 970 -0.876532
968 970 -1.26733
968 979 0.752962
968 1017 -0.00594436
968 1030 -0.00876628
969 971 -0.198207
969 987 2.03534
969 1000 0.0106221
969 1021 -0.0700634
969 1026 2.06181
970 1002 -1.99279
970 1006 4.92605
970 1017 -0.0207569
971 987 -0.00353032
971 1000 -0.00176516
972 973 0.645004
972 988 0.534711
972 1001 2.36339e-05
972 1004 4.50713
972 1014 0.306147
973 984 -4.60264
973 988 1.04642
973 1001 -0.000392557
973 1007 -0.0253273
975 977 -0.301871
975 978 -8.61301
975 990 -1.9325
975 993 -8.29469
975 1012 -0.298436
975 1018 -8.46898
975 1042 -4.43612
975 1056 -3.64419
976 995 -0.321734
976 1009 0.889487
976 1022 1.37986
976 1039 1.25285
977 990 3.63619
980 1034 0.0836871
980 1044 2.38828
981 996 1.32411
982 986 -0.0287685
982 999 6.06243
983 987 -0.000397249
983 994 -0.312004
983 1000 0.254075
983 1013 1.74998
983 1051 0.310048
984 992 -1.75131
984 1007 -7.28676
985 992 3.58367
985 1024 -0.171467
985 1029 -0.799696
986 999 -0.562026
987 1000 0.0355662
987 1013 -0.00646302
987 1021 -3.24385
987 1026 2.24636
987 1040 -0.174376
987 1051 -0.0453943
988 1001 2.36339e-05
988 1004 1.62014
988 1014 0.497685
990 1012 3.83086
990 1013 4.27001
990 1020 12.4172
990 1032 0.540421
990 1036 5.42739
990 1049 5.59932
990 1056 2.19859
992 1001 -0.00564318
992 1007 2.32565
992 1014 2.62186
992 1019 5.21808
992 1029 -0.132867
992 1046 1.05518
992 1059 -0.208291
993 1018 -2.20767
993 1038 -1.78253
993 1042 -1.02216
993 1045 -2.12967
993 1053 -4.97691
993 1054 0.185073
994 1013 -0.164583
995 1009 3.62724
996 998 8.00459
996 1023 4.25576
996 1035 5.58626
997 998 0.0854241
998 1025 0.229468
998 1028 1.39329
998 1035 3.49732
999 1003 4.78718
999 1027 3.64647
999 1037 5.66272
999 1041 0.0771157
999 1058 2.42005
1001 1004 -0.0023605
1001 1007 0.00444454
1001 1014 -0.0112864
1001 1019 0.00152657
1002 1006 -0.0946087
1002 1008 -1.13729
1002 1011 -0.179734
1002 1017 1.10853
1004 1014 2.41887
1005 1010 0.2624
1005 1025 7.32768
1007 1014 -0.64561
1007 1019 1.54215
1008 1011 0.722426
1009 1016 3.53399
1009 1022 1.41107
1009 1039 2.02475
1009 1048 -3.71545
1010 1025 0.0668962
1011 1017 -0.109452
1011 1043 0.67892
1011 1060 0.449272
1013 1020 2.6145
1013 1032 1.61713
1013 1040 0.0788272
1013 1047 0.0294184
1013 1051 0.62788
1014 1019 0.374558
1014 1059 -0.208291
1017 1030 1.98135
1017 1060 -0.310978
1018 1038 0.116621
1018 1042 4.19819
1019 1046 0.158492
1020 1047 0.00267481
1021 1026 -1.48078
1022 1039 2.16891
1023 1044 0.101247
1025 1028 0.370281
1025 1035 4.70224
1025 1045 -8.06281
1026 1040 -0.112927
1026 1050 -2.85347
1026 1052 -0.424689
1026 1057 2.77486
1027 1031 3.10555
1027 1041 3.31609
1027 1058 1.81696
1028 1035 2.36607
1029 1046 -12.023
1031 1041 0.909686
1033 1055 -0.0260381
1034 1044 1.50083
1038 1042 1.39009
1040 1051 0.624807
1040 1052 -5.53733
1040 1057 -5.71723
1042 1053 5.71116
1042 1054 -0.704796
1045 1054 -3.8406
1050 1057 -2.30812
1051 1057 -0.337787
1052 1057 0.0594224
1053 1054 -0.451047
