MULTICUT
0 1 -4.8442
0 3 -10.3815
0 6 -2.41897
0 9 -10.3815
0 10 -8.2903
0 14 -9.97346
0 16 -10.3815
0 17 -3.43706
0 18 -2.93164
0 19 -2.85347
0 20 -5.49941
0 21 -3.43706
0 22 -2.78039
0 23 -4.8442
0 25 -2.71175
0 26 -2.52745
0 27 -2.52745
0 28 -1.37165
0 29 -3.32827
0 30 -8.97808
0 31 -5.96022
0 32 -3.20605
0 34 -2.96868
0 35 -2.69843
0 37 -2.93164
0 38 -6.64235
0 39 -2.22758
0 41 -4.8442
0 44 -1.69086
0 46 -2.02352
0 48 -1.78253
0 49 -2.31952
0 50 -0.905358
0 51 1.49683
0 52 -2.64699
0 53 -4.14515
0 55 -0.101248
0 56 -3.82204
0 62 -5.53733
0 65 -12.6141
0 67 -2.36822
0 68 -2.47197
0 70 -4.08715
0 73 -2.71175
0 74 -1.95015
0 77 -2.02352
0 80 -1.95015
0 82 -3.20605
0 83 -5.32544
0 87 -6.1569
0 98 -2.47197
0 99 -1.49683
0 101 -2.93164
0 116 -1.39593
0 119 -8.17271
0 120 -9.86498
0 134 -9.11179
0 154 -1.81446
0 167 -2.85347
1 2 2.39802
1 3 3.83106
1 4 0.0881319
1 6 -0.422408
1 8 -1.32902
1 9 1.68901
1 10 2.27269
2 4 1.61302
2 5 -3.6833
2 7 0
2 8 -0.352226
2 10 0.0983108
2 11 -6.247
2 13 -0.18953
2 14 0.0538645
2 15 2.38563
3 6 -0.693917
5 7 0
5 12 -3.61101
7 11 -0.101248
7 12 -3.43706
9 10 0.274059
10 13 -2.29375
10 14 1.28035
11 12 -26.2756
11 15 -7.59621
11 18 1.60463
11 24 -8.34069
11 33 0.016423
11 40 -0.33655
12 33 -1.52308
12 57 -6.59018
12 71 2.16726
13 14 -1.98102
13 15 -0.0827887
14 15 0.811911
14 16 0.0700632
15 16 1.0342
15 18 -0.669846
16 18 -6.04929
17 20 -0.00560343
17 21 -4.43612
17 23 0.0112069
18 24 -3.06038
18 53 -8.41866
19 21 -1.2025
19 25 -0.365432
20 23 -0.547701
21 23 -4.88635
21 25 0.185536
21 36 -11.2406
21 45 -3.60116
21 58 1.61859
22 25 -2.27269
22 26 -1.98633
23 35 -0.013821
23 36 0.273856
24 40 -0.179458
24 53 -1.12464
25 26 2.6986
25 45 -0.681907
25 58 -0.0463736
25 81 -3.73241
26 27 -11.6788
26 81 -2.78039
26 91 -1.10417
27 29 0.0363979
27 44 -3.49453
27 78 -3.20605
27 91 2.0711
28 29 -0.369897
28 44 -2.41897
29 44 -0.704796
30 31 1.14578
30 43 5.73574
30 46 -0.722426
31 38 -0.0121691
31 42 2.10395
31 43 1.10372
31 54 3.03308
32 37 -4.11306
32 44 -3.06251
32 47 -0.687271
32 59 0.0220424
33 40 -0.0657359
33 57 0.0657799
34 48 -1.57696
34 50 -1.34772
34 55 0.00778166
35 36 -0.936139
35 60 -2.83761
35 93 -1.14777
35 110 -1.04226
36 58 -0.248876
36 60 -4.66098
36 94 0.901348
37 52 -0.890832
37 59 -0.0648521
38 39 -2.64699
38 41 -1.21064
38 42 -0.0608325
38 61 -9.53929
39 41 -0.402299
40 53 -1.70084
40 57 -0.638181
41 49 -3.26983
41 61 -1.14578
41 63 -2.71175
41 66 -0.905358
42 54 0.175925
42 61 -1.25517
43 46 -8.2723
43 54 0.51767
43 72 -1.88441
43 76 1.69193
43 107 -5.53733
44 47 -0.759138
44 52 -6.29053
44 59 -3.04435
44 78 4.01832
44 92 1.34772
45 58 -0.0700634
46 48 -0.669846
46 64 -10.7765
46 107 -2.02352
46 111 1.06254
48 55 -0.116857
48 64 1.91493
49 52 1.64552
49 63 -1.47101
50 55 -0.920277
51 62 -4.14515
51 73 -1.66155
52 59 -0.283002
52 63 -4.42953
52 79 2.97598
52 92 -4.54662
53 57 -2.47197
53 65 3.83548
53 101 0.0230873
54 61 -2.31952
54 72 -1.09718
55 56 -0.0856503
55 64 -5.04257
56 62 -0.794069
56 64 -0.687271
57 65 -5.68963
57 71 -8.47458
57 84 -0.0700634
58 81 -4.43612
58 94 -1.15989
58 106 0.100606
60 93 -2.18405
60 94 -3.20605
61 66 -10.3048
61 72 -1.44559
61 85 -4.8442
62 64 0.977373
62 69 1.97561
62 73 1.96869
62 75 -0.426481
62 86 -0.0873591
62 108 3.94287
62 115 3.38996
63 66 -2.66014
63 79 -1.38769
63 95 0.500593
64 69 0.181674
64 75 -0.392648
64 111 -5.40361
64 125 -3.76641
64 127 1.38689
64 145 -2.31952
64 152 -2.78039
64 153 -0.0676373
65 84 -0.183284
65 97 1.46254
65 101 0.0844913
65 104 1.21464
65 105 4.25748
65 120 2.0207
65 121 8.22186
65 142 0.654679
66 85 0.0281287
66 88 -0.520965
66 95 -0.376494
67 68 -3.09125
67 70 -0.70998
67 73 0.829222
67 96 2.15031
67 103 0.271732
67 117 -0.25866
67 131 0.00139796
68 70 -0.418426
69 75 -1.08966
69 86 -0.240946
69 115 3.51698
69 149 -2.02352
69 153 0.18905
69 162 -2.14198
70 82 -0.83062
70 89 -1.12464
70 96 -0.194086
71 84 -0.0310132
71 97 0.368775
71 101 0.016462
71 104 8.09197
72 76 -3.43706
72 85 -0.977237
72 88 -0.01544
72 102 -4.46388
72 107 -2.71175
72 109 -0.161419
73 75 -0.0146412
73 103 0.0601525
73 115 0.157193
73 117 0.00116887
73 131 0.0653175
73 133 -0.0976131
73 139 0.285672
74 77 -1.52308
74 87 -0.982543
75 149 -0.500431
75 153 0.0119395
77 87 1.71764
78 91 -11.7794
78 92 4.66831
78 143 -3.78868
78 144 -1.32411
78 180 -0.101248
78 183 -8.2903
79 92 -2.09359
79 95 -5.89922
79 132 -0.83062
79 135 -10.0745
79 147 1.74149
79 159 -0.370831
80 82 -0.140969
80 83 0.88913
80 90 0.856539
80 98 -0.0943856
80 112 -0.235817
80 118 -1.6269
81 91 -1.81937
81 106 -2.63863
81 114 -2.93164
82 89 -0.089372
82 90 -0.357667
83 98 -4.54497
84 97 -0.0695089
85 88 -0.34655
86 108 -0.0447956
86 115 -0.209206
87 98 0.0700632
87 99 -2.67248
87 113 -4.8442
87 119 -3.20605
87 128 5.14391
87 138 0.181713
87 186 -0.149738
88 95 3.68742
88 102 0.55353
88 124 1.43732
88 146 -3.43706
89 90 0.748282
89 96 0.35244
89 100 -0.00221081
90 100 -0.00660157
90 112 -0.697147
91 114 -11.7635
91 137 -1.39593
91 143 1.75131
92 132 -0.101248
92 144 -5.47949
93 94 -0.200598
93 110 0.0181618
93 122 -0.601794
94 106 -0.100966
94 122 2.08029
94 129 0.520008
95 146 -3.43706
95 147 -1.0336
95 159 0.370833
96 100 -1.61405
96 103 -0.138834
96 112 0.815792
96 117 1.38249
96 126 0.0560069
96 131 -0.000631612
97 101 0.0104979
97 104 4.22145
97 121 5.66161
98 113 -7.86639
98 118 -1.91493
98 123 -0.669846
98 128 0.163779
99 119 0.101247
100 112 -3.10675
101 104 0.0181521
101 105 0.0251984
101 120 0.0354515
101 121 0.0341083
102 107 -3.43706
102 109 2.16998
102 124 7.11279
102 125 -6.44589
102 140 2.14198
102 160 0.210882
103 117 -0.657611
103 131 -0.0134086
104 121 6.24294
104 165 1.98633
104 179 3.26761
104 254 8.73874
106 114 -4.52842
106 122 -0.0539585
106 129 6.56043
106 130 2.37221
106 137 -0.113438
106 169 1.04226
106 197 -2.31952
107 109 -3.10675
107 111 -0.548537
107 125 -0.274269
108 115 1.67446
110 122 -2.22037
111 125 0.312071
112 117 0.0240242
112 118 0.776241
112 123 -0.031232
112 126 0.0749642
112 136 0.00448638
113 128 -3.73241
114 130 -0.126734
114 137 0.0414592
115 131 0.057109
115 133 -0.217205
115 139 1.71713
115 162 -2.78039
115 164 1.44559
116 119 -9.56854
117 123 -0.0212308
117 126 0.120433
117 131 0.132142
117 139 0.0629683
117 158 0.0544848
117 166 -5.95961
118 123 -0.0778454
118 126 -0.00179759
118 136 1.40148
119 134 0.502387
119 138 -1.35712
119 141 2.82857
120 142 4.4858
120 154 -0.402198
120 168 -4.43612
120 189 0.56723
121 142 7.64195
121 165 2.20809
122 129 3.16927
122 157 0.32605
123 126 -2.27093
123 128 -4.8442
123 136 -0.0443473
123 150 -0.867355
123 166 -2.47197
123 176 0.386255
123 185 -24.4719
124 146 -7.3555
124 160 6.38471
124 181 -3.43706
124 198 1.33093
125 127 -0.210882
125 140 -12.4468
125 145 -2.02352
126 136 -0.00732235
127 145 -2.50496
128 138 0.663364
128 150 -15.9099
128 171 0.899231
128 176 -0.141335
128 186 -0.504773
129 157 7.61007
129 169 1.27785
129 197 -4.91254
130 137 -2.01998
130 197 -3.91844
131 133 -0.0847509
131 139 1.32902
132 135 -15.7375
132 144 -1.3828
132 173 -2.20048
132 175 0.0163687
132 177 -1.88061
133 139 -1.31668
134 141 1.66645
134 151 0.0735132
134 155 -2.03158
134 167 -8.28126
134 172 -0.0700634
134 178 -2.18405
134 182 -3.57614
134 191 -4.14515
134 209 -4.43612
134 210 -2.31952
134 215 -3.01573
135 147 -4.14515
135 173 -1.39593
137 143 -13.1739
137 183 -2.52745
137 197 -4.47125
138 141 -0.258734
138 156 -0.258576
138 163 1.09868
138 186 -3.30943
139 158 2.27088
139 164 1.49911
139 192 -15.9189
140 145 -2.85347
140 148 3.2589
140 160 3.68941
140 161 5.73959
141 151 0.751166
141 155 -0.255819
141 156 0.428997
141 163 -1.04226
142 165 1.32916
142 182 -0.0153278
142 189 1.05631
142 193 -5.46823
142 200 -0.0565015
142 210 0.768442
143 180 -0.890147
143 183 -1.42058
144 175 -0.0163687
144 183 -1.52308
144 187 -0.601089
145 152 -0.369897
145 161 -8.85269
145 170 -0.794069
146 159 -4.38866
146 174 -0.393573
146 181 -0.0544849
146 184 -7.9307
146 201 -0.386023
147 159 -0.554674
147 173 1.57304
147 174 0.166072
147 177 0.337533
147 183 -2.06181
147 184 -1.54059
147 187 0.382159
147 190 -0.0516519
147 219 2.69114
147 241 0.111937
148 161 0.517023
149 153 -0.28894
150 176 -1.19326
151 155 -1.56814
151 163 -3.53841
152 153 -3.73241
152 170 -3.31536
153 162 -8.02348
153 170 0.418426
154 167 -0.101248
154 168 -1.37165
155 163 0.038913
155 172 -0.369646
155 178 2.23503
155 191 0.418426
156 163 -0.258419
157 197 -3.73241
157 203 -0.559138
157 216 -8.10184
158 166 -1.57696
158 185 -6.13246
158 192 -5.53733
159 174 -0.0824864
160 161 3.08164
160 198 4.4214
160 223 2.05947
160 225 -3.91844
160 235 -5.53733
161 170 -4.14515
161 188 1.09656
161 194 0.875735
161 204 -0.0345101
161 225 -6.02711
162 164 -9.45257
162 170 -5.03613
162 192 1.68574
163 178 0.687271
163 186 -13.7421
164 192 -8.2903
165 193 -1.54979
165 254 0.601089
166 185 -1.60668
167 168 -3.91844
167 182 -0.386023
168 182 -0.13826
168 189 -3.69453
170 188 -3.99418
170 192 -2.93164
170 196 -0.305845
171 176 -0.572559
171 185 -0.490389
171 186 0.0399532
171 195 -0.177252
171 206 0.328901
171 211 0.0845564
172 191 -2.85347
173 177 0.917304
173 190 -0.0258351
174 184 -0.414684
175 177 -3.58997
175 187 -0.202939
176 185 -7.54287
177 187 0.350046
177 190 -2.48693
178 186 -4.8442
178 191 3.43706
178 195 5.04004
178 209 3.43706
178 214 3.54961
178 226 6.08652
178 229 0.223295
178 261 0.349848
178 284 -0.863823
179 254 2.36822
180 183 -10.3815
181 198 -0.775982
181 201 -0.56723
182 189 -0.0381758
182 210 -0.500431
183 187 -8.26457
183 197 0.381125
183 216 1.76405
183 230 -4.39839
183 231 1.27785
183 238 0.0299027
183 241 -1.42058
183 243 -2.93164
183 245 -0.0332224
183 246 -2.36046
183 252 -1.63714
183 259 -6.84668
184 201 -7.58221
184 213 -3.57445
184 219 -0.718158
184 220 -2.93164
185 192 0.0122791
185 199 0.0840145
185 202 0.478495
185 205 -5.73248
185 207 -0.305988
185 208 -6.61712
185 211 -2.52745
185 212 -1.72077
186 195 -7.16168
186 214 -0.258219
188 194 0.00164043
188 196 -3.43706
188 204 -1.07384
188 225 -4.8442
192 196 -14.649
192 199 5.32681
192 202 0.0527303
192 224 -4.83844
192 233 -4.14515
193 200 -10.2079
193 254 -3.91844
194 204 -0.0315992
194 225 -3.73241
195 206 -5.13547
195 214 5.48922
195 218 5.2392
195 234 7.99916
195 261 0.212544
196 224 6.67153
196 225 -1.00226
196 232 -0.114928
197 216 3.63267
197 217 -0.394865
198 201 -8.33788
198 222 -4.14515
198 223 0.400664
198 242 -2.36822
199 202 0.316221
199 207 -17.2557
199 233 -14.7145
199 239 0.83062
199 244 -1.54979
199 248 3.01573
199 256 1.23415
200 210 -0.0565015
200 227 9.64803
200 228 2.45696
200 254 11.7873
201 213 0.00497741
201 219 -2.1303
201 220 0.0930124
201 222 5.39285
202 205 -0.272922
202 207 -0.164653
203 216 -1.04226
204 225 -4.14515
205 207 2.99441
205 208 1.67191
206 207 -3.57445
206 208 -1.72077
206 211 -5.36479
206 212 0.486189
206 234 -3.39191
206 239 -0.0200545
206 249 -2.64126
206 260 -4.14515
206 261 0.0495885
206 271 -5.74978
206 290 -4.8442
206 295 -4.8442
207 208 1.02216
207 239 -2.16689
208 212 -1.92205
209 215 -4.8442
209 226 0.657004
209 229 0.284284
210 215 -5.53733
210 221 -4.43086
210 227 -0.517023
211 212 -1.30945
212 261 0.00601044
213 220 0.00447144
213 222 0.00277413
215 221 -5.53733
215 229 -11.0747
215 236 -2.22758
216 217 -2.16753
216 230 -3.86351
216 251 0.262787
216 257 -14.39
219 220 -1.42058
219 222 -1.18999
219 241 0.128259
219 255 -10.4398
219 258 -0.505705
219 259 -0.154194
219 281 -0.457281
219 298 1.60463
219 303 -1.02622
220 222 0.0460185
221 227 0.418426
221 236 -4.43612
222 242 2.10127
222 247 -7.01551
222 255 -1.45949
223 235 -17.2896
223 242 -0.533685
224 225 -0.124174
224 232 1.38117
224 233 2.17616
224 250 2.23543
224 264 1.18886
224 265 4.85513
224 272 -0.327502
224 274 2.39165
224 275 0.795432
224 287 0.0944017
225 232 1.27884
225 235 0.794069
225 240 1.10925
225 250 -2.32212
225 272 -0.0105331
226 227 -1.98633
226 229 1.05878
226 284 -3.61506
226 296 -0.7336
226 326 -3.91844
227 228 0.740165
227 229 -9.56684
227 236 -3.10675
227 254 6.3687
227 296 5.90563
227 362 2.22758
229 236 -0.384474
230 243 -0.116857
230 251 -0.23502
232 250 -0.24414
232 272 -0.020325
233 256 -1.00621
233 264 1.68595
233 268 -0.0563764
233 272 -0.0120944
233 324 -0.0502258
234 261 -0.0202314
235 242 -5.93618
235 250 -5.77797
235 272 3.43535
237 254 3.43706
238 241 -0.740584
238 246 -0.119561
239 244 -2.38403
239 248 -1.42058
239 249 0.599062
239 253 -0.798429
239 266 -1.51603
240 250 -1.44546
241 246 -0.00929118
241 258 -0.171834
241 259 -0.0909208
242 247 -3.57445
242 255 -5.19989
242 272 -0.436343
243 245 -1.69677
243 251 -0.610721
243 252 -0.610165
244 248 -6.63329
244 253 -2.27269
245 252 0.0270073
246 258 0.0948353
246 259 0.209737
247 255 1.98633
248 253 2.52745
248 256 3.2744
248 266 1.98633
248 267 -1.75131
248 269 0.195158
248 270 2.87999
248 289 0.357606
248 292 -0.782189
249 260 -0.578447
249 266 -3.01573
250 272 -0.0611516
251 252 -0.0402482
251 257 -2.47197
251 263 -2.10672
251 273 -1.79932
252 259 -0.242411
252 263 0.0574106
252 273 5.15126
252 279 -1.01303
252 291 0.653879
254 335 7.3555
254 362 22.2951
254 411 3.20604
254 434 3.20604
254 480 6.22177
254 519 -10.3815
254 526 3.73241
254 550 7.5617
254 554 8.58127
254 566 -8.05025
254 567 5.36404
254 601 7.02181
254 604 3.20604
254 611 3.10675
254 621 5.71874
254 628 25.0401
255 272 1.92794
255 298 -9.68249
255 300 -8.2903
256 268 -3.1477
256 269 4.01012
257 262 4.9113
257 263 3.99253
258 259 2.96275
258 291 0.0140134
259 279 -1.69086
259 281 1.31584
259 286 0.381037
259 291 -0.115361
259 302 0.0132949
259 303 -0.00353775
260 267 -1.44565
260 271 -0.300445
261 280 1.1029
261 284 -0.748135
261 288 -2.81133
261 295 -16.0443
261 309 -0.051322
262 263 2.42689
262 278 3.91778
262 285 2.43419
262 307 0.038913
262 317 -6.11781
263 273 0.897211
263 278 4.38801
263 285 2.27269
264 268 -2.22043
264 269 1.96857
264 272 -0.0120944
264 275 0.078031
264 276 3.63513
264 324 -0.482957
265 272 0.0438881
265 274 0.442677
265 283 1.59431
265 287 -0.00104179
265 294 -0.978784
265 299 -0.622461
266 267 -3.0307
267 271 0.585234
267 277 0.731439
267 289 -0.752829
267 293 0.177973
267 304 -6.06567
267 313 -0.603237
268 269 -1.56935
269 270 0.00478538
269 292 -0.0185036
269 324 -0.171838
270 292 -1.31942
271 277 1.12088
271 290 -1.33974
271 293 -1.90469
271 295 -0.337785
271 304 0.00192742
271 313 -8.64499
271 319 -2.35834
272 274 -0.0336965
272 275 -0.0168483
272 282 1.86251
272 283 2.29569
272 287 -1.78984
272 298 -4.14515
272 308 0.155329
272 318 -1.09498
272 320 -1.91493
272 322 -3.91844
272 337 -0.00668362
273 285 5.36924
273 291 1.60416
273 302 1.27785
273 314 6.90769
273 329 1.85912
273 341 0.0775279
274 275 0.126061
274 294 -1.47432
274 297 0.049843
274 301 -0.26912
274 312 0.732309
275 276 1.50907
275 297 0.683212
275 301 -0.341448
276 297 2.65155
276 324 -0.541371
277 293 0.0334421
277 304 -0.638975
278 285 6.56544
278 307 1.23277
279 286 -2.47197
279 291 -1.94287
280 288 -0.27118
281 291 0.0131481
281 302 0.066569
281 303 -0.0245242
281 321 0.0258024
283 287 -0.267997
283 299 -0.389755
283 308 0.457628
283 310 2.73323
283 323 -1.57664
283 337 -1.50989
283 342 1.73598
283 355 -0.128474
283 364 0.923734
283 375 -0.023346
283 386 -0.114113
283 387 -0.666966
283 417 0.109425
284 288 3.81012
284 305 3.97062
284 306 -0.295467
284 325 -1.56827
284 326 0.0156191
285 307 1.70706
285 314 1.14578
285 317 -1.39593
285 339 10.1349
286 291 -2.16427
287 308 -0.0413199
288 306 -1.17173
288 309 1.73101
288 325 -0.104038
288 350 -3.95915
289 292 -0.40383
289 313 1.41564
289 316 -3.6372
290 295 1.60463
291 302 2.47546
291 303 -0.0752373
291 321 0.128774
292 316 2.27645
292 324 -2.08024
292 327 0.0370516
292 338 2.48911
292 346 4.24229
292 359 0.211398
293 304 -3.59538
294 299 -0.83062
294 311 3.81155
294 312 -1.53939
295 309 -10.4462
295 319 3.36942
295 328 4.9246
295 331 -0.114839
295 332 -0.687271
295 350 -3.01573
295 352 -4.14515
296 326 -11.0747
296 362 13.1004
297 301 -0.22135
297 312 2.35399
297 324 -0.994376
297 345 -0.175691
297 349 0.0820151
297 369 -1.84821
298 300 2.52745
298 303 -1.33919
298 315 0.829607
298 322 8.12761
298 333 1.142
298 357 0.326845
298 358 0.103874
298 366 -0.051937
299 310 -0.779509
299 311 -0.794069
301 312 -2.43844
302 303 -0.027245
302 321 4.96742
302 329 4.23445
302 340 0.107451
302 347 1.54979
303 315 -0.887029
303 321 -0.49749
304 313 -8.55306
305 325 -1.12739
308 318 -1.13199
308 320 -1.00226
308 330 -4.14515
308 337 -0.733279
309 350 -0.0378778
310 311 1.36289
310 323 -1.84714
310 387 0.681444
311 312 -2.85347
311 323 -9.13149
311 345 1.88061
311 369 2.31952
311 387 1.57933
311 391 3.75885
311 418 -0.517023
312 345 -3.97285
313 316 -1.24787
313 327 -0.419155
313 332 -4.34191
313 343 -0.353819
313 351 -14.1114
313 354 1.60463
313 361 -12.7711
314 329 2.75836
314 336 -0.907285
314 339 2.93164
314 341 0.0605428
315 321 0.797464
315 333 1.40408
315 340 0.118271
315 357 0.0232939
316 327 0.727449
316 338 0.152596
316 359 0.0762979
317 339 -0.740165
317 344 1.30035
319 332 -3.10624
320 322 -1.54979
320 330 -2.92422
321 340 0.118271
321 347 1.34772
321 363 1.49297
322 330 2.67958
322 357 1.89753
322 358 -0.101379
322 366 0.202758
323 342 -3.37073
323 387 -4.8442
324 346 -3.30324
324 349 -0.0820151
324 370 -3.57445
324 378 -8.2903
324 385 -0.196866
324 407 -0.517023
324 413 -4.43612
324 419 -2.64699
325 326 -0.0614914
325 350 -10.2676
326 350 -11.1972
326 362 -5.53733
327 338 -0.240427
327 343 2.24271
327 346 0.00238472
327 359 -1.50484
327 371 -0.210882
328 331 -0.250243
328 332 -2.24455
328 334 2.4394
328 354 -4.98444
329 336 -0.907285
329 339 4.93074
329 341 0.712439
329 347 1.24681
329 353 1.38321
329 376 0.0311729
329 389 -0.0560375
329 393 2.66292
330 337 -0.905358
330 357 0.218495
330 367 0.32533
330 380 0.219931
331 334 -0.500487
331 352 -1.04226
331 356 -0.148121
332 354 -3.10675
333 340 -1.97899
333 348 2.67546
333 357 0.0465878
333 358 1.85963
334 356 -1.47101
337 367 -7.81088
337 375 -1.02216
338 346 0.125831
338 359 0.609575
338 371 -4.9052
338 383 1.67574
339 341 0.0277555
339 344 -12.5911
339 376 0.0414814
339 389 -0.0260589
339 393 3.66023
339 399 -0.0389131
339 425 -4.14515
340 358 -1.30325
340 363 0.665318
341 353 0.0408667
341 374 -1.00226
341 389 -0.0443149
341 393 0.0124337
343 351 -0.740165
343 360 -0.55042
343 371 -2.27269
344 365 -2.02206
344 388 -4.8442
344 392 -9.28032
344 399 0.584119
344 408 -2.58569
345 369 1.0116
346 383 0.113909
346 385 0.249659
346 396 0.97292
346 404 0.684512
347 353 1.23277
347 363 1.91551
347 374 -2.15828
347 381 0.39788
347 389 -0.152993
347 393 2.28431
347 394 -0.0522584
347 409 0.00860458
347 416 0.0109213
347 422 0.0504603
347 439 0.286343
348 358 0.1436
349 369 -3.43706
349 370 -2.02352
349 378 -2.06181
350 352 1.75131
350 362 1.37033
350 368 -15.9753
350 406 0.195158
350 410 -5.66272
351 360 1.98633
351 361 2.2739
351 371 -3.43706
351 377 0.772493
352 356 -0.982543
352 368 -8.97439
353 374 -0.488489
354 356 -0.56723
354 361 -6.14503
354 368 -11.6993
354 372 -4.67524
354 373 -7.28959
354 377 -3.57445
354 400 0.669846
354 403 -3.31536
354 406 1.78253
354 414 -4.6126
354 438 -3.91844
355 364 -0.256948
356 368 0.0571513
356 372 0.0285757
357 358 -0.301926
357 366 0.845021
357 380 0.227838
358 363 -0.349327
358 366 -1.81251
358 379 -0.589441
359 371 -3.91844
360 371 -6.50413
361 373 1.27007
361 377 1.90597
362 410 -2.23145
362 411 4.8442
362 434 5.82243
362 503 5.8185
362 526 5.95999
362 550 3.91844
363 379 0.858806
363 381 0.319325
363 393 0.0597933
363 394 -0.487263
363 416 0.0109213
364 375 -2.57195
364 384 -2.93164
364 386 -1.07644
364 387 -0.858338
364 395 -4.14515
364 417 2.78287
366 379 0.323367
366 380 0.68498
366 382 1.98633
366 390 1.39593
366 405 1.84714
366 412 2.27042
367 375 -4.14515
367 380 2.95883
368 372 0.109732
368 406 -11.1087
369 378 10.1143
369 391 6.72118
369 421 0.924411
369 440 -0.0870605
369 445 1.45831
370 378 1.81446
371 377 -10.9952
371 383 -8.06359
371 397 -7.28959
371 400 1.02869
371 424 -0.661193
371 432 -2.06181
374 389 -1.54979
375 380 -2.18405
375 384 -6.93845
375 395 -5.25152
376 389 -0.0103084
377 400 -4.43612
378 407 -1.72077
378 421 1.57594
378 423 -3.20605
379 382 3.44262
379 416 0.0161506
379 426 -0.116857
380 384 2.87309
380 390 1.44656
380 395 0.11077
380 398 -0.348825
380 402 2.0391
380 428 0.190349
380 436 0.00841688
381 394 -0.00682525
382 401 1.89298
382 409 2.78039
382 412 1.25517
382 426 -0.101248
382 427 1.14578
383 396 0.118298
383 397 0.763747
383 404 0.877046
384 395 0.100853
384 402 1.75946
384 417 -7.58221
384 435 -3.43706
384 436 0.00115709
384 446 -0.00218817
384 451 0.0698838
385 396 0.0146796
385 413 -3.91844
386 387 2.10965
386 417 -0.843436
387 415 2.43698
387 417 -7.15761
387 418 -4.97854
388 392 -1.22997
388 408 -0.802809
388 420 0.208131
388 433 0.0878261
389 393 -1.07207
390 398 -0.0697047
390 402 -0.0661979
390 405 3.34841
390 412 2.44667
390 428 1.39915
390 436 0.188945
391 417 -3.2286
391 418 -0.533685
391 445 2.6676
391 467 0.0692432
391 473 4.22057
391 474 -1.54986
392 408 0.406969
392 420 -0.0547039
393 394 -0.0188302
393 422 0.014278
393 425 -7.04777
393 429 3.66871
393 439 2.41771
393 444 1.06254
395 402 0.0899213
396 404 0.373406
396 413 -0.81228
396 430 -4.636
396 431 3.10555
396 452 0.050767
397 404 1.03901
397 432 0.889118
397 459 0.184427
398 402 -1.83647
399 408 -7.0768
399 425 -0.0544849
400 403 -3.47194
400 414 -7.26758
400 424 -0.26743
400 432 -15.6484
400 438 -10.6802
400 469 -5.53733
400 479 -4.22395
400 483 -3.57445
400 489 -0.867703
400 494 -8.58127
401 409 0.836906
401 412 0.0856502
402 412 -0.0390447
402 428 -0.383357
402 436 -0.0922106
402 450 -0.0612558
402 451 0.0308879
403 414 -0.101248
404 431 2.68285
404 432 0.96496
404 454 -7.23434
404 459 0.766621
405 412 12.1388
405 436 0.105167
406 410 -5.80534
406 438 -12.6982
406 443 0.0351395
406 448 -0.0444072
407 419 0.740165
407 423 -0.258219
408 420 -3.30418
408 425 -3.91844
408 433 -0.033276
408 441 0.970761
408 444 -7.16946
408 453 1.4451
408 461 -3.10675
409 412 13.5018
409 416 0.150808
409 422 0.0125643
409 426 -0.549423
409 427 2.39083
409 439 3.19702
410 434 -4.86538
410 443 -0.00679286
410 448 0.0883343
412 428 0.93728
412 436 0.840075
412 439 2.71175
412 450 2.85548
412 456 6.08621
412 462 4.88928
412 465 0.508533
412 471 0.0292467
412 472 -0.475119
413 419 0.838216
413 430 -4.14515
414 438 0.116857
415 418 -0.38945
416 422 0.0177795
416 426 -0.0659385
416 439 0.0561014
417 418 1.23277
417 435 0.24241
417 446 -2.85347
417 451 -3.91844
417 457 -0.281117
417 467 -0.193542
417 474 0.837286
417 477 1.44163
417 492 -12.3316
419 423 -5.12908
419 430 -1.72077
419 437 0.0417334
419 440 1.2154
419 447 0.253279
419 449 -0.42667
420 433 0.0928199
420 441 -0.9595
420 453 -0.0178642
421 423 -1.57696
422 439 0.0378479
423 440 -3.73241
424 432 1.50992
425 444 -0.775982
426 427 -2.18405
428 436 0.0733943
428 450 0.444241
429 439 0.500431
430 437 -4.43612
430 442 -2.93164
430 452 -1.47101
431 452 7.00783
431 454 -0.451047
432 454 -3.57445
432 459 1.18406
432 464 3.52209
432 469 -0.0299546
433 441 -0.0668197
433 453 -0.0346967
433 460 1.77425
433 510 -3.43706
433 524 -0.0700634
434 443 -2.56114e-09
434 448 -0.0766155
434 458 -6.47811
434 470 -0.25802
434 519 -4.43612
435 446 -1.7735
436 450 3.61083
436 451 -0.0434488
436 455 0.771765
436 466 2.83114
436 468 1.84714
436 486 -2.27269
436 487 3.03829
437 442 -0.242411
437 449 -0.814936
438 458 1.12464
438 470 -6.94035
438 489 0.132481
439 444 1.57696
439 461 -3.62288
439 462 4.69873
439 496 1.70855
439 497 -0.0292179
439 498 2.18405
439 514 0.533685
439 515 0.310702
440 445 -0.348359
440 449 -0.218659
441 453 0.0896433
442 449 -2.05403
442 452 2.31952
443 448 -0.030249
443 458 -1.06254
444 461 -0.533685
445 449 -0.741581
445 463 -10.2402
445 473 3.86012
445 474 -0.00296975
445 512 2.9194
446 451 -0.0107776
446 457 -2.69656
447 449 -2.3198
448 458 -0.311372
449 452 -5.15922
449 463 -21.6904
449 499 -4.8442
450 465 2.62626
450 472 -1.41784
450 486 -0.101248
451 455 -0.065642
451 457 -7.32959
451 466 -0.437239
451 481 -0.822806
451 491 -0.81228
451 492 -1.18877
452 454 -6.38627
452 475 1.75131
452 482 2.29421
452 499 0.195158
452 505 -4.8442
452 506 5.70123
452 518 -0.296718
452 523 -1.47101
453 460 2.60971
453 461 -3.91844
453 484 0.204048
453 495 0.607398
453 504 2.22966
453 507 -0.487838
454 459 -0.351709
454 464 -1.75131
454 475 -3.57445
454 476 -3.91844
454 478 -2.42646
454 488 -0.0404458
454 490 -0.0808916
455 466 0.168425
456 462 0.592218
456 471 0.867703
458 470 -2.6578
460 484 0.204062
460 504 1.77674
460 510 -2.8801
461 495 -7.02519
461 497 0.0776394
461 513 -2.93164
461 515 -0.148613
462 471 2.71175
462 485 0.766924
462 496 2.33219
463 499 0.950695
463 505 -0.306102
463 512 -1.23277
463 517 -14.6491
463 523 -4.14515
463 537 -0.242411
464 469 -0.0597715
464 476 -0.00446916
464 479 0.0178098
465 471 -0.488791
465 472 -0.958031
466 468 3.28659
466 481 2.13426
466 487 3.00056
466 501 0.389417
467 474 -0.0183868
468 487 0.0700632
469 479 -0.479008
470 489 -0.905358
470 494 -3.31536
470 519 -5.53733
471 472 -0.0522812
471 485 0.908148
471 486 -1.91493
471 500 -0.0947962
471 511 8.93531
471 520 7.80434
471 522 0.232388
471 528 2.17607
471 533 -0.00742994
471 543 2.85347
471 548 -0.0582413
471 575 4.88052
472 486 -1.32411
473 474 -1.53466
473 512 4.71175
473 517 0.268604
473 535 1.47361
473 579 0.0757754
474 492 -1.95015
474 509 -0.456693
474 512 -0.0214284
474 516 -0.088825
474 517 -0.0177343
474 527 -3.92338
474 535 -0.00868059
474 541 -3.01153
474 545 0.711294
474 561 -0.133558
475 478 -0.226632
475 482 0.467445
475 493 -3.73241
476 479 -6.42649
476 488 -1.3177
476 490 -0.658163
476 494 1.46034
476 502 0.363336
477 492 -2.06181
478 490 2.02352
478 493 -3.20605
479 483 0.827843
479 494 -0.0855978
481 491 2.09066
481 501 0.129686
482 490 2.8264
482 493 -5.59939
482 518 -0.888746
482 530 -4.97039
483 494 -0.0274051
484 504 0.81622
485 496 1.18395
485 520 0.590589
485 533 -0.00768473
486 487 -0.779212
486 508 -1.11695
487 501 1.5472
487 508 2.56831
487 521 3.51591
487 539 0.125123
487 553 -0.0153359
488 490 1.49755
488 502 -0.15373
489 494 -2.64699
490 493 -0.920888
490 502 -0.398275
490 530 -3.73241
490 531 -4.96517
490 536 2.85347
491 492 4.26571
491 501 2.40381
491 529 -0.15963
492 501 0.417211
492 509 0.023413
492 516 -0.159382
492 525 8.54295
492 527 0.0749389
492 534 -0.0684348
492 541 0.25758
492 544 2.78453
492 555 3.10675
492 561 0.0367837
492 571 2.47197
492 572 2.98273
492 593 2.05412
494 502 0.481528
494 519 1.45121
494 532 0.647321
494 538 1.22443
494 546 3.78024
495 507 -0.662264
495 513 0.704796
496 498 2.58569
496 514 5.48891
496 520 3.28562
496 533 -0.0584236
497 513 -9.68841
497 515 -0.0640503
499 505 -0.306102
500 511 -1.62212
501 521 0.841645
501 529 -1.12249
501 534 -2.78039
501 539 0.257353
501 553 -0.0345443
502 531 -9.48419
502 538 1.14715
504 507 -1.52438
504 510 -3.73241
504 513 1.54979
504 540 -2.8955
504 551 -4.43612
504 563 0.506751
504 569 -10.3815
504 584 -12.3178
505 523 -2.93164
506 518 -0.691868
506 523 -4.28907
507 513 -5.08476
508 511 7.37027
508 521 5.5693
509 516 -0.0233362
509 525 0.0934985
510 524 -7.04777
510 540 -1.04226
511 521 2.78039
511 522 0.901442
511 528 0.717841
511 564 2.47197
511 575 1.44757
512 517 4.32879
512 535 1.49968
512 545 0.00458241
512 556 1.25861
512 577 -0.00872635
512 579 0.64323
513 514 -15.2198
513 515 -4.14515
513 551 -4.8442
514 515 0.195158
514 533 -2.22758
514 542 -1.87091
514 551 -0.343828
516 525 -2.22481
516 527 -2.76455
517 535 0.353174
517 537 -3.67823
517 545 0.0122026
517 556 0.247202
517 568 4.18306
517 577 -0.0348666
517 579 1.28499
518 523 -0.00778178
518 530 -1.30083
519 532 0.796991
519 546 3.63374
519 566 1.4768
519 590 2.48204
519 596 1.37165
519 621 -3.73241
519 632 -0.770052
519 634 -0.0724104
519 635 -0.424769
520 533 -0.117304
520 543 1.3804
520 548 -0.25801
521 539 0.216779
521 552 -2.44875
521 553 -0.0257777
521 564 3.57445
521 570 1.25517
523 530 -0.101248
523 537 -8.85617
524 540 -3.86489
524 574 -4.14515
524 583 -0.703037
525 527 0.0659392
525 541 2.35392
525 555 2.47197
527 541 0.251968
529 534 -0.18424
529 539 -0.781326
529 544 4.67361
529 553 0.211238
530 536 -1.25517
530 537 -3.57445
530 557 -3.57445
530 562 -4.43612
530 565 -2.22758
531 536 -2.41897
531 538 -3.62967
531 549 -4.8442
531 558 -0.321795
531 559 -4.97691
532 546 0.15912
533 542 -0.254481
533 547 -1.13088
533 548 -3.22645
534 544 -0.22899
535 545 0.0752882
535 579 0.0786852
536 549 0.499842
536 562 0.0434126
537 565 1.10262
537 568 -0.740165
538 546 3.59699
538 559 0.364451
539 544 -0.0850473
539 552 -2.06181
539 553 -0.457168
540 563 -0.296373
540 574 0.0103856
541 561 1.08142
541 572 0.0500176
542 547 0.508962
542 551 0.917433
542 560 2.48207
542 569 -1.64
542 580 -0.000936281
543 548 -0.0581825
544 553 0.2703
544 570 0.0768293
544 571 2.34655
544 576 1.72261
544 581 -0.0645208
544 586 0.0823403
544 592 1.90422
545 561 -1.77751
545 572 -1.81446
545 577 -0.564009
545 579 0.00242007
546 559 4.44155
546 590 1.4581
546 596 0.943623
547 548 -0.269479
547 560 0.538958
548 560 -2.23933
548 575 -0.261595
548 580 -0.687271
548 591 -0.234099
548 608 0.0573556
549 558 -0.888286
549 562 0.46833
549 578 -1.54979
549 582 0.445668
549 590 -0.0852066
549 594 -1.4989
549 600 0.910402
549 603 -0.875209
549 615 -0.455201
549 627 0.394416
549 637 -2.32239
549 643 -1.54979
551 569 -0.339167
552 553 -1.67468
552 570 -0.386023
553 570 4.82286
553 581 -0.294273
554 601 3.10675
556 577 -0.00872635
556 579 0.328523
557 562 -0.132481
557 565 -3.69233
557 573 -0.500431
558 559 -1.72077
558 578 -0.023346
559 578 -4.61395
559 582 -1.76106
559 590 2.84924
559 603 0.204996
560 569 -1.61015
560 580 -0.215764
560 588 1.14578
560 589 0.884577
560 595 4.43734
560 607 2.26992
561 572 0.95461
561 593 0.0950165
562 573 -3.09588
562 594 -0.262592
563 569 -4.8442
563 574 -5.94132
563 584 -5.17137
564 570 11.9662
564 575 2.22758
564 586 2.62333
564 597 9.94714
564 598 -2.73657
564 626 5.16384
564 631 0.018926
565 568 -3.29004
565 573 -3.91844
565 585 1.72077
565 594 2.89254
565 602 -8.06359
565 612 2.17554
568 577 -0.00326409
568 579 2.95556
568 585 -4.02866
568 602 2.46684
568 606 1.00226
569 574 -3.73241
569 583 -2.78039
569 584 -3.57661
569 588 -1.55882
569 605 -4.14515
569 607 -9.35568
569 629 3.57237
569 630 0.0411044
570 581 -0.406491
570 586 2.15162
570 620 0.0588695
570 631 0.0122322
571 572 7.07011
571 586 1.65916
571 592 2.37743
571 593 4.4888
571 609 -2.72249
571 617 1.81211
571 620 2.61802
571 639 0.0155699
571 645 -0.264551
572 577 -0.434708
572 587 -7.38508
572 593 3.21057
572 609 -1.46913
572 617 1.38296
572 618 -3.20605
572 620 0.347387
572 625 -1.3646
572 641 0.88189
572 645 -0.630558
572 649 0.315858
572 653 -0.236433
573 594 -1.81446
574 583 -1.106
575 597 7.40737
575 608 -2.17664
575 619 2.47569
575 624 0.743982
575 640 3.27104
577 579 -0.00123116
577 587 -0.572433
578 582 -0.650311
579 587 -1.106
579 599 1.39586
579 606 7.16088
579 618 -0.432841
580 589 -0.0299747
580 591 -1.05295
580 595 -0.0949901
580 607 -0.00187172
581 586 -0.667807
582 603 -1.02979
583 605 -1.74278
585 602 -8.42864
586 592 0.0629512
586 620 1.17749
586 626 0.286439
586 631 0.0496082
586 639 0.178041
586 645 -0.040108
587 599 0.233681
587 618 -0.264247
589 595 0.0913882
590 596 2.71642
590 603 0.392597
590 635 -1.02313
590 637 0.176556
590 643 0.0596864
591 595 3.31613
591 608 -3.75199
591 613 0.319415
592 620 0.151677
593 609 -0.472778
594 600 -7.3512
594 612 0.688353
594 614 1.6509
594 615 -0.467445
595 607 0.55042
595 613 1.48585
595 616 4.32775
595 622 4.57316
595 623 -0.128782
597 626 4.7132
597 640 3.28546
597 652 2.38853
599 618 -1.59569
600 615 -2.74242
601 604 4.4839
601 628 4.14515
601 657 5.63921
601 766 8.86444
602 606 4.94642
602 610 2.10127
602 612 -2.58569
602 614 -2.95234
602 647 -0.374457
602 655 -15.2459
603 637 0.118232
606 610 5.60409
606 618 -2.9371
606 654 -3.43706
606 655 -5.11896
606 658 -2.20767
607 616 3.99653
607 629 -0.501917
607 630 -0.34329
607 646 0.306227
608 613 -5.52034
608 619 -0.740165
609 617 -2.41897
611 628 1.54979
612 614 1.12677
612 650 0.0758477
613 619 0.0081334
613 623 -1.07655
613 636 0.512116
613 638 -0.032839
613 640 3.94536
614 615 -0.101248
614 633 1.8136
614 647 -1.84714
614 650 0.946385
614 656 0.0760967
614 663 1.76779
614 676 -0.086232
615 627 -2.74458
615 633 -0.386023
616 622 6.7371
616 623 -0.257564
616 630 -0.0740018
616 636 5.52987
616 642 7.79344
616 646 1.75985
616 659 0.195158
616 660 8.9744
616 666 0.481426
616 667 2.06181
617 620 0.0898488
618 625 -1.21064
618 644 -3.91844
618 654 -9.28032
619 624 0.478255
619 638 -0.356963
619 640 0.162492
620 626 3.14612
620 631 0.0773307
620 639 5.11092
620 645 -0.0663174
620 651 6.50219
621 628 4.75503
621 632 -1.61406
621 635 -1.97795
621 673 -7.01151
621 674 -2.52745
621 686 -2.78039
623 636 -0.174331
625 641 -0.412873
625 644 -2.56262
625 653 -1.95015
626 631 0.0534217
626 640 0.0222031
626 648 2.78597
626 651 0.321795
626 662 0.155508
626 683 -0.155473
627 633 -7.80802
627 643 -3.76221
628 657 10.1502
628 673 -0.521395
628 707 3.01573
628 712 0.962998
628 723 8.35456
628 728 0.371189
628 747 10.0451
628 770 10.4245
628 829 10.1885
628 839 1.78253
628 870 3.01573
629 630 0.0600329
629 646 -0.0769326
629 665 0.734739
629 670 -5.48186
630 646 -0.201144
632 634 0.0548349
632 635 0.011865
633 643 -0.107288
633 650 0.261112
633 663 1.32917
633 676 -0.0670237
634 635 0.776595
635 637 -12.0571
635 674 -1.69086
636 640 1.89376
636 659 1.32411
636 661 1.51329
637 643 0.536929
637 664 -4.30618
637 673 -3.57445
637 674 -0.148121
637 686 0.81228
638 640 -0.136434
639 645 -0.0876534
639 651 2.14198
639 668 -0.83062
639 678 0.982543
640 652 4.65682
640 659 5.17444
640 661 2.67525
640 662 2.69857
640 680 7.72586
640 683 -0.412176
640 696 2.40796
641 649 0.0533314
641 653 -3.36482
643 663 -0.473536
643 673 -5.14861
644 653 -0.886457
644 654 -1.02216
645 649 -0.337785
645 668 -3.39575
646 665 -0.0541428
646 666 0.00461506
646 677 0.584814
647 650 -0.791083
647 655 -2.78597
648 651 9.24724
648 662 5.03458
648 684 2.31854
649 653 -0.32233
649 668 -0.0984428
649 669 0.0321537
650 655 1.39593
650 656 1.08591
650 663 0.213433
650 676 -0.218227
650 682 -1.50004
650 685 1.43641
650 704 -0.0574681
651 678 2.01861
651 684 2.42116
651 692 4.40743
651 693 1.18344
651 700 2.85347
651 703 2.57769
651 710 0.156496
653 654 -0.265757
653 669 -0.15626
653 672 0.0943129
654 658 -3.54397
654 672 -2.20861
654 681 0.582904
654 688 -0.0178471
654 695 -0.750326
655 658 1.46818
655 679 2.5441
655 681 -0.022134
655 682 -0.604681
655 685 0.13466
655 690 0.0542857
657 712 10.9623
657 766 1.32411
657 770 3.57445
658 679 0.0513753
658 681 -4.03251
659 660 2.93164
659 661 7.80165
659 671 1.435
659 680 3.95412
659 687 -2.24479
659 699 6.96231
659 736 -1.78253
659 737 1.9831
659 742 -0.34738
660 667 2.64699
660 671 4.61395
660 687 -3.20442
662 680 2.58569
662 683 -1.53894
662 684 6.9326
663 673 -4.14515
663 676 -0.0338626
663 691 1.79408
663 704 -1.14578
663 714 -4.55296
663 721 -6.96983
663 731 -1.17028
663 732 -1.32411
663 748 -2.71175
663 752 1.44559
663 763 -1.06254
663 764 -1.60463
664 674 0.038913
664 686 -1.51217
665 667 0.00573285
665 675 -0.693372
665 677 0.00582689
665 689 -0.00218593
665 701 0.00592086
666 667 1.45655
666 677 0.0289571
667 670 -0.251762
667 671 5.13826
667 677 2.8697
667 689 -1.11284
667 698 6.03985
667 701 1.72275
667 709 2.50486
667 722 -0.0185728
667 724 -0.914949
668 669 -0.388979
668 678 -1.51475
669 672 0.256743
669 678 0.165635
670 675 -1.58753
670 689 1.00705
670 701 -6.74839
671 687 -0.607427
671 699 1.6911
671 709 0.590856
671 724 -2.41908
672 678 5.22186
672 688 -0.300782
672 694 7.75043
672 695 -0.329063
672 697 2.76971
672 708 0.0190931
673 686 -10.7497
673 691 -3.91844
673 702 -7.74079
673 718 0.00426359
673 728 0.398611
674 686 -0.242411
675 689 -1.34514
677 701 0.488821
678 694 2.78039
678 697 1.60463
678 703 2.64481
678 710 2.84809
678 713 9.63392
678 744 1.82409
678 745 3.30506
678 751 1.22096
679 681 -0.11278
679 685 0.184935
679 688 -0.00309555
679 690 0.204958
679 706 -1.14578
679 711 -1.13903
680 684 3.57445
680 696 2.76013
680 737 0.0800166
680 740 1.46132
680 756 2.51409
680 757 0.313989
680 760 0.00520842
681 688 -0.00825101
681 690 -0.0285191
681 695 -0.57424
681 705 -1.27785
681 711 -2.76971
682 685 -0.468159
683 684 -0.433706
684 700 3.73241
684 740 0.922562
684 741 6.05493
684 754 -0.196225
685 690 0.6087
685 704 0.0440961
685 706 -2.22758
685 711 -0.210472
685 715 -4.0988
685 719 -1.90668
685 725 0.480087
688 695 0.19434
689 701 -1.18035
690 706 -1.06254
691 702 0.81228
691 714 -8.52667
692 693 1.18877
692 700 3.60845
692 703 0.563478
692 720 -0.439892
693 703 0.909039
694 695 -0.0087567
694 705 2.47618
694 708 1.88893
694 751 0.210882
694 768 0.45883
694 775 2.19443
694 787 -0.684213
695 705 0.358755
695 708 0.115769
698 701 1.67824
698 709 0.164961
698 722 -0.322774
698 733 0.195771
698 738 4.99424
698 755 2.11574
699 724 -0.203107
699 734 -0.0601533
699 736 -2.04433
699 742 -6.30654
699 753 -0.00138173
700 703 2.63692
700 720 -0.71789
700 741 4.77213
700 754 -4.52811
700 761 2.92939
700 780 0.0078258
701 738 2.11129
702 714 -1.04226
702 717 -2.27269
702 718 -1.2159
703 710 8.65535
703 720 -1.32411
703 727 4.09899
703 744 9.72235
703 761 7.0574
703 780 0.121167
703 785 0.167435
703 790 -1.75131
703 793 -0.00324904
703 800 -0.0270061
703 812 0.167334
704 715 -0.0843466
704 716 -0.76061
704 719 -0.0304881
704 721 0.357632
704 730 0.00780132
704 735 -0.101248
705 708 0.328872
705 711 11.7407
705 769 6.44416
705 775 0.251676
705 787 -1.78579
705 806 2.96715
706 711 -1.34772
709 722 -0.114407
709 724 -1.10862
709 733 1.1797
709 743 0.0646521
710 744 2.38621
711 725 -0.176812
711 729 2.31952
711 739 3.28211
711 762 2.85347
711 769 6.07313
712 770 9.07332
713 745 0.353819
714 717 -0.195158
714 732 -0.101248
715 719 -4.00927
716 730 -2.82029
717 718 -0.197811
717 726 -0.0391502
718 726 0.774603
718 728 0.123069
719 725 -0.409854
719 730 -4.30384
719 739 -3.43706
719 746 -0.55042
719 758 -5.73017
721 731 -0.369897
721 735 -0.81228
722 733 -0.0372235
724 734 -2.64509
724 743 -0.0318667
725 739 -4.10344
726 728 0.0488181
726 732 -0.548153
726 752 -1.66155
726 771 0.0728628
726 779 -0.337785
726 782 0.0364314
728 747 1.01043
728 765 -1.48852
728 779 -0.56723
729 739 1.60463
730 735 -2.22758
730 746 -2.74013
730 748 0.754742
731 735 -0.023346
731 748 0.00778166
732 752 -1.25517
733 743 1.80695
733 753 -0.144577
733 755 6.14651
733 772 0.767082
733 797 0.122906
733 798 -6.24642
733 814 -6.27229
733 821 1.83162
733 849 1.04226
733 855 -1.34772
733 863 -0.40452
733 867 -1.54671
734 742 -0.314095
734 743 -0.172401
734 753 3.38345
735 748 -2.64699
736 737 -1.98633
736 742 -2.36822
736 749 -1.21064
736 750 -0.163779
737 750 0.376473
737 756 0.976965
737 759 -0.736134
737 773 1.32411
738 755 2.58569
738 776 3.40415
739 758 1.63282
739 762 12.922
739 777 -0.867703
739 786 2.27269
740 754 -0.508806
740 757 0.128382
740 760 0.00520841
741 754 -1.19662
742 749 -0.0463564
742 753 -0.564812
743 753 -0.0844757
743 772 0.52268
744 745 2.06181
744 751 3.76226
744 774 1.95015
744 785 2.06181
745 751 2.63942
746 748 -5.79612
746 758 -4.636
746 777 -2.52745
747 765 -0.210882
747 779 -0.0700634
747 792 5.61586
747 829 1.8982
748 763 -1.8346
748 777 -0.792071
748 791 0.0464021
749 750 -0.337785
749 753 0.119363
749 759 -1.57956
749 773 3.65961
749 778 -0.576673
749 789 -0.0635419
750 759 0.0207887
751 768 3.04482
751 774 1.49683
751 785 0.794069
752 764 -0.982543
752 771 -0.101248
753 772 -0.0583262
753 778 -3.76511
753 789 -0.435417
754 757 -0.742865
754 760 -0.0465269
754 761 -2.12969
754 780 -0.0234594
754 784 -1.42264
754 793 -0.161185
754 807 -2.58569
755 776 3.09986
755 797 0.0728097
755 814 -4.07043
756 757 4.12949
756 760 0.00598578
756 773 0.062101
756 781 0.818546
756 783 5.5635
757 760 0.227464
757 783 5.46729
757 784 2.32189
757 799 0.83062
758 777 -9.21693
759 773 -0.982543
760 784 0.198405
761 780 0.104285
761 793 0.053924
761 800 -0.0133072
762 769 3.13186
762 786 1.23277
762 808 -3.43706
763 764 0.207953
763 767 -0.216815
763 791 -0.477261
764 767 -0.0347645
764 771 1.76381
764 791 -0.513172
764 796 -0.0604483
764 801 -1.13789
764 809 0.0141535
765 779 -3.19884
766 770 14.0625
766 788 6.7609
766 818 1.02216
766 845 2.81052
766 852 6.56412
766 868 7.46482
766 871 -1.95015
766 879 4.14515
766 908 6.85509
768 785 3.05518
768 787 -1.07128
769 794 1.96948
769 803 0.722426
769 806 0.0630577
769 808 -5.34219
770 788 5.96022
770 818 3.57445
770 839 7.22549
770 845 2.93164
770 848 5.62501
770 851 1.16975
770 852 3.73241
771 782 0.244775
771 796 -2.16154
771 802 -0.296654
771 809 0.743076
772 789 0.0955407
772 798 -5.35579
772 804 -0.319593
772 811 1.97569
772 822 -0.0242905
773 781 1.08562
773 789 -0.02251
773 795 3.48611
773 804 -0.0485874
773 822 0.0796586
773 826 -0.0176766
774 785 1.09232
775 787 -0.770313
776 797 1.32133
776 814 -1.06132
777 786 -1.88627
777 791 -0.0698137
777 796 -0.205732
778 789 -0.191528
779 782 -5.12834
779 792 -0.0544849
779 802 0.243264
779 810 -1.04925
780 793 0.0519807
780 800 -0.0497598
781 783 2.04716
781 795 0.804529
781 805 0.982543
782 802 -2.60349
783 799 4.48571
783 805 2.22075
784 799 5.33563
784 807 2.49891
784 815 -2.78039
784 819 0.855726
785 787 -1.32863
785 790 -1.32411
785 806 5.11493
785 812 0.985214
785 833 -0.114617
785 835 0.118676
785 847 -0.00955462
786 796 0.973652
786 808 -3.94243
786 813 -0.199718
786 816 -0.56723
787 806 -1.51342
789 804 -1.45258
790 793 -2.61973
790 812 -1.23277
791 796 0.206215
791 801 -0.00269176
792 810 -11.6056
792 828 -9.28032
792 829 3.99376
792 842 1.75131
793 800 -0.760552
793 807 -0.500431
793 812 -1.22427
793 815 -0.00778178
793 823 -1.75405
795 804 -0.290449
795 805 5.71629
795 811 0.089201
795 822 0.162975
795 826 0.0213755
796 801 -0.00533259
796 802 0.191724
796 809 -1.98573
796 810 -0.167837
796 813 -3.38196
796 817 -13.4893
796 828 0.347479
797 814 -4.66013
797 825 0.423025
798 811 -5.8686
798 821 -5.53733
799 805 0.627264
799 819 0.0141725
799 827 0.839512
799 832 2.04992
799 846 -0.0349563
799 850 0.0301571
799 864 0.00215622
799 876 0.00301071
802 810 -1.07187
803 808 -6.16014
804 811 -0.827381
804 822 -0.192653
805 811 0.178402
805 822 0.162975
805 826 0.0213755
805 827 2.08358
805 846 -0.378816
805 850 0.0445732
805 856 0.740634
805 864 0.00215622
805 876 0.00301071
806 808 -0.315263
806 824 0.71994
806 830 -0.575046
806 833 -0.0158912
806 835 0.0405124
806 836 -0.153277
807 815 -7.08312
807 819 0.0326627
808 816 -1.81446
808 820 -5.92392
808 830 -3.17405
808 831 -2.41897
810 828 -0.873382
811 821 -0.257005
811 822 -0.28302
811 826 1.65079
811 856 0.425275
811 867 -11.7916
811 869 -1.38818
811 876 0.0161377
812 823 0.353819
812 833 -0.66917
812 835 0.099406
812 847 -4.12442
813 816 -0.321795
813 817 -0.517023
813 834 -5.53733
814 825 -0.58783
814 849 -2.43406
814 855 0.0329866
814 866 -0.758016
814 874 -0.712702
815 819 -1.60674
815 823 -3.73241
815 838 -0.175712
815 843 -8.98936
815 847 -1.88061
816 820 1.10225
816 834 0.0739796
817 828 -0.147473
817 834 0.00459343
817 837 0.583706
817 841 0.0175476
817 844 0.701508
819 832 0.1195
819 838 0.0323031
819 843 0.0447737
820 831 3.41275
820 834 3.86329
820 840 2.27269
821 867 -0.982543
822 826 -0.091911
822 856 -0.0904379
823 847 -10.0635
824 830 -0.462138
824 833 -0.0043621
824 835 0.021377
824 836 -1.3766
827 846 -0.561912
828 829 -5.53733
828 844 -2.5196
829 842 1.81316
829 844 -7.31617
829 870 4.43612
829 882 -5.53733
829 885 -5.53733
829 900 -5.11569
829 904 5.70974
829 905 5.423
829 918 -0.849093
829 922 1.16755
829 932 -0.0368247
829 954 -3.69853
829 963 7.87756
830 831 4.72408
830 836 0.751435
830 853 5.20967
831 840 6.37979
831 853 2.52745
831 873 1.91493
832 843 0.0235947
833 835 -0.352285
833 836 0.402579
833 847 0.650602
833 857 1.25452
833 860 1.3012
834 837 5.53092
834 840 9.26802
834 841 0.49172
834 854 1.02986
834 858 4.4663
834 873 2.47197
834 885 3.4007
835 836 -0.0706645
835 857 -0.0624112
836 853 1.32411
836 857 9.07278
836 861 0.687271
836 865 1.10372
837 841 3.88979
837 844 5.33052
837 854 1.75516
837 882 2.35592
837 885 2.33177
838 843 0.0183149
839 851 0.601084
839 870 0.818763
840 858 2.22758
840 873 10.3695
843 847 -0.0767288
843 850 -0.00366859
843 859 -0.0855126
843 862 -0.0581119
843 864 -0.0931005
843 876 -0.00310508
844 882 3.27852
845 848 2.5388
845 871 -0.722426
846 850 -0.400355
846 856 -0.0570975
847 859 1.58534
847 860 9.70306
848 851 2.12964
848 868 2.14198
848 871 -2.26039
850 856 0.0935228
850 862 0.00114565
850 864 0.0272828
850 876 0.0334773
851 868 6.02711
851 870 5.07996
853 865 4.66332
853 873 4.50062
853 883 1.04226
855 863 -9.18824
855 866 -1.24325
855 874 0.276481
856 864 0.163301
856 867 -1.36394
856 869 -0.61786
856 876 0.519585
856 886 2.49775
857 860 3.81155
857 861 1.30083
857 865 6.08405
857 881 3.31536
857 893 2.85347
857 895 8.04177
857 910 0.768544
857 911 2.93164
857 925 0.559122
859 860 6.40809
859 862 1.87654
859 864 2.36131
859 872 7.33862
859 878 8.30516
859 891 3.01844
859 907 2.52745
860 881 5.9856
860 891 1.72077
860 899 2.02352
861 865 1.12464
862 864 4.8214
862 876 0.0935584
863 867 -1.44148
863 874 -0.434708
863 877 -2.44471
863 880 -5.20494
864 876 2.85681
864 884 0.202724
864 887 3.56476
864 897 0.0575055
864 901 0.094263
864 907 4.47315
864 909 0.197062
864 919 0.207333
865 883 4.57853
865 885 2.31952
865 910 1.18877
866 874 -0.936443
867 869 1.11832
867 875 2.27246
867 877 0.144468
867 886 -3.73241
867 888 -1.95015
867 890 -6.59018
868 870 13.5872
868 871 -1.60463
868 908 7.71961
868 937 6.59018
868 944 11.9972
868 970 -4.69299
868 972 -4.43612
868 989 3.20604
868 993 13.185
868 997 -14.9931
868 1019 8.76265
868 1022 1.81446
868 1049 3.73241
868 1050 4.14515
870 905 1.81446
870 924 -4.43612
870 932 -5.53733
870 937 13.9484
870 949 4.8442
870 950 10.1359
870 989 4.14515
870 993 2.06181
870 1016 4.78718
870 1019 8.01058
872 878 1.98633
873 883 2.64699
873 885 4.37396
874 880 -5.07363
875 877 0.152134
875 888 -1.25517
876 884 0.345127
876 886 3.21397
876 897 2.7321
876 901 1.29406
876 919 0.543316
877 880 0.424986
877 888 -2.50137
877 894 -8.08424
877 903 -0.0131744
877 915 0.105655
878 889 4.41163
878 891 1.37165
878 898 2.58569
878 899 2.93164
878 906 10.6793
878 907 2.85347
878 912 2.93164
878 914 3.10675
880 903 -0.285565
880 915 0.0798216
881 893 1.98633
881 895 0.740165
881 899 3.31536
881 911 5.8185
881 927 4.42212
881 928 1.66155
881 930 2.31952
881 935 4.83606
881 939 2.78039
882 885 13.0863
882 904 -5.53733
883 885 5.52235
884 887 -0.0142431
884 897 -0.0284804
884 901 -0.0387226
884 909 -0.0126737
884 919 -0.10015
885 902 6.66405
885 904 -5.53733
885 910 2.98641
885 913 3.43706
885 925 6.78014
885 963 -5.53733
885 967 2.83607
885 982 2.58569
885 999 7.87318
885 1002 4.36912
885 1006 2.78039
885 1048 3.91844
886 890 1.98633
886 896 2.31952
886 901 4.80873
887 901 0.0183329
887 907 2.31952
887 909 1.61235
887 919 0.533605
888 890 7.7794e-05
888 892 0.0470247
888 894 0.148121
890 892 -0.000103558
890 896 1.11925
891 899 10.9807
892 894 0.775982
892 896 -0.000518262
893 911 0.00778166
894 896 -0.902886
894 915 -3.31536
894 916 -1.20154
895 910 0.874191
895 911 1.69086
895 923 3.93841
895 925 5.60618
895 928 4.72767
895 931 3.01209
895 942 3.73241
896 901 5.24126
896 916 -0.3477
896 926 3.61998
896 929 1.94394
896 940 5.20975
897 901 1.0001
897 919 0.391149
898 906 2.64699
899 912 6.31822
899 927 5.62111
899 956 3.73146
899 958 7.9619
900 905 -2.71175
901 909 0.130841
901 917 2.17863
901 919 4.12199
901 929 0.780263
903 915 -4.33586
903 947 -1.39593
905 918 -0.517023
905 924 -2.47197
906 912 9.88145
906 914 3.50543
907 909 2.93164
907 914 2.58625
907 919 0.178272
907 921 6.66878
907 938 6.89053
907 951 3.20604
909 919 0.937273
909 921 1.72077
910 923 0.21849
910 925 7.53457
910 931 0.796751
910 966 0.424488
910 967 0.512968
912 914 2.95235
912 936 5.09296
912 958 1.63282
914 936 2.39565
914 938 0.669769
914 941 0.849093
915 916 -0.982543
915 926 -3.73241
915 934 -7.12449
915 945 -11.0747
915 946 -14.8177
915 947 -11.0393
916 926 -1.89589
917 919 1.86
918 922 -0.226632
918 924 -0.704796
919 920 6.18084
919 921 7.15385
919 929 5.35457
919 933 9.08316
919 948 2.75408
919 953 3.76461
920 921 1.81446
921 933 2.47197
921 951 4.24941
921 965 1.69086
922 924 -1.98883
922 932 -0.508078
922 954 -1.75784
923 925 0.863494
924 932 -0.148987
925 931 6.83591
925 966 6.18432
925 967 4.63464
925 981 9.99052
925 1002 2.36822
926 934 2.09151
926 940 1.75587
926 943 1.69793
926 946 0.877312
927 930 2.78039
927 935 5.59867
927 939 6.96914
927 958 2.96831
927 959 4.34304
927 968 3.1843
928 939 1.84714
928 942 1.08303
929 940 2.64699
929 953 1.10372
931 942 4.70881
931 962 3.88259
931 966 4.38727
932 949 -9.97346
932 954 0.276477
933 948 2.85347
933 953 4.41321
933 965 6.37679
933 985 2.10127
934 943 2.65202
934 946 1.04682
935 939 1.16715
936 938 2.10127
936 941 3.75066
936 952 4.52024
936 957 2.94861
936 958 2.71175
936 971 0.0544848
936 973 2.22758
937 950 3.8976
938 941 2.58569
938 951 5.33241
938 965 3.74429
938 971 0.652519
938 973 1.17029
939 942 2.85347
939 959 1.16715
939 961 7.8769
939 968 1.98633
939 969 1.18877
939 976 3.99851
940 943 4.19031
940 953 7.71638
942 962 6.11354
942 966 7.28846
942 976 2.73166
942 980 3.56256
942 988 2.22758
942 1001 4.04893
942 1003 3.72307
942 1010 2.58569
943 946 6.04745
943 953 6.31279
943 979 12.6297
943 983 3.01573
943 995 2.93164
945 946 1.81446
945 947 2.47197
946 947 2.63742
946 955 4.62223
946 974 2.85347
946 975 2.36822
946 983 4.83334
947 955 1.49683
947 960 6.19394
947 974 13.6368
947 978 0.924411
949 954 -9.3381
949 986 -13.0022
949 1016 3.57445
951 965 1.57696
952 957 6.9218
952 958 2.47197
952 973 4.49428
952 992 3.86456
952 996 3.8693
952 1000 1.98633
952 1009 4.46145
953 979 1.81446
953 984 2.14198
953 985 6.17217
953 990 5.2167
954 963 -8.16853
954 964 -0.0233463
954 986 0.353819
956 958 6.83943
958 968 4.3149
958 977 10.7269
958 992 3.01573
958 994 7.4929
959 968 1.98633
960 974 2.20241
961 968 9.26905
961 969 4.36912
961 976 4.37724
961 988 1.98633
961 994 1.06254
962 966 4.28871
963 986 -9.75636
963 1007 -3.43706
963 1016 0.214523
963 1021 -3.64475
963 1030 4.18235
963 1048 -16.612
963 1072 1.15835
963 1099 3.72052
963 1115 -4.14515
965 973 2.50563
965 985 3.26618
965 987 3.49189
966 981 4.99503
966 1001 4.27981
968 994 4.96444
969 976 1.16715
970 972 -0.729877
970 997 -2.14198
970 1022 -1.84714
971 973 0.775982
972 997 -0.669846
973 987 6.32948
973 996 7.74578
973 1004 3.58297
973 1014 5.91086
974 975 7.26908
974 978 2.55205
974 991 7.98419
975 983 0.687271
975 991 5.17444
975 995 6.56468
975 1011 3.18611
975 1018 4.60834
975 1029 -0.313532
975 1043 0.0228529
975 1053 0.39458
975 1057 -0.0774761
975 1064 -0.0164104
975 1070 -0.828112
976 980 1.69086
976 988 6.67328
979 990 4.37222
979 995 3.1805
979 1008 4.13208
980 988 2.02352
981 998 5.83059
981 1001 4.24822
981 1002 3.10675
983 995 2.76897
984 990 0.289934
985 987 7.24737
985 990 3.35644
985 1012 1.23277
985 1014 1.39593
985 1025 1.77663
985 1026 -0.229518
985 1028 -1.06254
985 1035 0.571523
986 1007 0.704796
987 1014 1.34007
988 994 4.22328
988 1003 2.64699
988 1005 8.96225
988 1013 2.22758
988 1024 3.10675
988 1033 5.82518
990 1008 2.10519
990 1012 1.27632
990 1023 -4.41908
990 1028 -5.84281
992 994 1.25517
992 1000 1.81446
993 1019 3.57445
994 1000 9.16453
994 1013 4.36912
994 1017 3.15392
994 1027 5.47992
994 1037 3.06938
994 1038 12.3593
994 1040 1.78253
994 1045 3.20604
994 1067 3.22833
995 1008 1.82765
995 1011 2.10127
995 1023 -3.95051
996 1000 2.65094
996 1009 2.84361
996 1014 5.74288
996 1034 0.37466
997 1022 -5.53733
997 1050 -14.0852
997 1055 -24.1233
997 1069 -15.2198
997 1124 -4.04028
997 1138 -2.22758
997 1139 -9.66152
997 1152 -0.116857
997 1155 -0.0100922
997 1172 1.77169
998 1001 6.65761
998 1002 5.1886
998 1015 3.88913
999 1001 10.591
999 1002 12.5302
999 1032 5.71204
999 1047 1.84714
999 1048 13.7652
999 1054 3.31536
999 1059 7.65568
999 1063 3.73241
999 1065 8.71329
999 1083 10.192
999 1090 21.7662
999 1098 4.48078
999 1115 6.45184
999 1121 6.38381
999 1148 -8.57661
999 1150 0.740165
1000 1009 6.99763
1000 1034 0.750171
1000 1037 0.751023
1001 1002 7.65085
1001 1003 10.004
1001 1010 4.45473
1001 1015 2.36822
1001 1020 5.36608
1001 1031 5.12616
1001 1054 6.5214
1001 1058 5.62111
1001 1063 3.57445
1001 1090 2.06181
1002 1006 4.45829
1003 1005 5.32055
1003 1010 5.9645
1003 1033 2.93164
1003 1046 2.27269
1003 1058 2.10127
1003 1077 3.23569
1003 1089 7.52221
1003 1090 2.78039
1003 1103 2.93164
1003 1110 4.73409
1003 1122 1.57696
1004 1014 2.02352
1005 1033 4.65479
1007 1016 -2.85347
1007 1021 0.500431
1008 1023 -1.23131
1011 1018 0.727847
1011 1023 -1.31338
1011 1028 -2.36822
1011 1029 -0.11174
1012 1028 -3.41909
1013 1024 4.2015
1013 1027 5.96503
1013 1033 2.36822
1014 1025 0.449393
1014 1034 3.37989
1014 1035 0.359566
1014 1036 2.93164
1014 1039 4.07472
1016 1019 13.9651
1016 1021 -5.23073
1016 1030 0.223321
1016 1084 -0.000999156
1016 1099 2.18357
1018 1029 -1.13704
1018 1064 -0.00455426
1018 1070 -0.237111
1019 1021 -7.58104e-05
1019 1049 3.91844
1019 1050 14.472
1019 1061 15.2213
1019 1068 2.93164
1019 1084 -0.000108473
1019 1086 2.27269
1019 1087 2.27269
1019 1099 1.52889
1019 1106 0.023093
1019 1117 -2.41897
1019 1118 0.354276
1021 1030 -0.31256
1021 1084 0.00126399
1021 1099 -0.106013
1022 1055 -0.0700634
1023 1028 -1.52466
1024 1033 2.22758
1025 1026 -0.123483
1025 1035 1.05937
1026 1028 -0.601089
1026 1035 -0.662311
1026 1041 -0.180547
1026 1044 -0.386744
1027 1033 1.10372
1027 1040 6.40682
1027 1046 4.83276
1027 1060 0.962998
1027 1062 2.36822
1027 1073 0.618144
1028 1029 -0.418426
1028 1043 -5.57864
1028 1044 -2.14198
1029 1043 -0.0523738
1030 1099 1.85123
1033 1046 4.22217
1033 1052 3.49189
1034 1037 9.71204
1035 1036 7.13746
1035 1041 3.75891
1035 1042 7.6311
1035 1044 0.692721
1035 1056 0.930748
1035 1076 0.0910044
1036 1037 1.95015
1036 1039 2.02352
1036 1042 1.47902
1036 1056 4.72215
1036 1071 1.60463
1036 1075 10.4337
1036 1076 0.127846
1036 1078 5.8175
1036 1082 1.9344
1036 1095 3.6252
1036 1096 4.91968
1036 1102 4.16666
1036 1105 6.71013
1036 1111 -0.0359378
1036 1112 2.22758
1036 1113 4.12131
1037 1038 3.57516
1037 1039 1.06254
1037 1067 4.49428
1037 1071 0.905357
1037 1074 0.457199
1037 1079 2.24692
1038 1067 1.18877
1040 1045 1.04226
1040 1060 4.62939
1040 1062 3.98134
1040 1067 5.68948
1040 1073 6.74613
1040 1080 1.91493
1040 1091 3.87517
1041 1044 1.56407
1041 1056 1.32012
1041 1076 0.0335124
1043 1044 0.0900962
1043 1051 2.10081
1043 1056 0.0919922
1043 1057 -0.00964221
1043 1064 -0.00600561
1043 1066 0.00975269
1043 1070 -0.0439308
1044 1051 0.174525
1044 1056 1.99447
1045 1067 1.78253
1046 1052 2.93164
1046 1062 4.69955
1046 1077 1.78253
1046 1080 3.41635
1046 1089 2.58569
1047 1048 2.10127
1048 1115 4.26859
1048 1116 3.16636
1049 1050 3.73241
1050 1061 7.09526
1050 1068 2.93164
1050 1069 9.28032
1050 1087 5.53733
1050 1099 3.57445
1050 1124 3.73241
1050 1138 -2.82479
1050 1152 -5.53733
1050 1157 3.80133
1050 1162 0.910452
1050 1172 -10.3815
1050 1180 0.842869
1050 1193 7.06217
1050 1200 4.14515
1051 1056 5.22557
1051 1066 4.0306
1051 1082 7.4446
1053 1064 -0.00227713
1053 1070 -0.370603
1055 1139 1.21064
1055 1145 -2.93164
1055 1158 -5.43469
1056 1075 0.543054
1056 1076 0.054778
1056 1082 2.02352
1057 1064 0.00832475
1057 1070 0.235704
1061 1086 1.60909
1061 1117 -4.14515
1061 1130 -13.5876
1061 1157 1.37165
1061 1162 0.456335
1062 1080 5.1248
1064 1066 0.96499
1064 1070 0.0918808
1064 1088 -7.32107
1066 1082 1.58022
1066 1085 -1.75131
1066 1088 -3.19486
1066 1100 -1.66155
1066 1111 -0.0190037
1066 1119 -0.269489
1067 1079 1.34179
1067 1091 1.16715
1067 1093 5.80556
1067 1101 3.69507
1070 1081 -0.309011
1070 1085 0.43823
1070 1088 -0.349238
1071 1074 0.740165
1071 1078 1.81446
1072 1099 2.17519
1074 1078 6.10114
1074 1079 5.70672
1074 1092 1.78253
1074 1093 0.982543
1074 1096 1.18877
1074 1097 1.63282
1075 1076 0.303562
1077 1089 4.95704
1078 1092 1.54979
1078 1096 1.78253
1079 1093 0.590545
1080 1089 1.66411
1080 1091 2.21694
1080 1094 5.26465
1081 1085 -2.47197
1082 1095 4.78048
1082 1104 0.344122
1082 1111 -0.11326
1082 1119 -1.07407
1084 1099 -0.257006
1085 1088 -0.0897427
1085 1100 2.0655
1085 1109 -2.98885
1085 1119 2.14198
1085 1127 -3.79213
1085 1133 -1.72077
1085 1134 -0.584119
1086 1117 -1.42058
1088 1100 -0.0147474
1089 1094 1.70199
1089 1103 0.886457
1089 1107 1.84714
1089 1108 6.73026
1089 1110 4.15075
1090 1121 2.49966
1090 1122 0.704796
1091 1094 2.31952
1091 1101 4.23247
1092 1096 4.57476
1093 1096 5.35874
1093 1097 2.14198
1093 1101 3.93648
1093 1120 2.44393
1094 1101 7.11712
1094 1107 4.024
1094 1108 1.52308
1094 1114 5.4215
1095 1104 0.199448
1095 1111 -0.0322011
1095 1113 3.08134
1096 1097 1.57696
1096 1101 2.93164
1096 1112 2.71175
1096 1120 1.16715
1096 1128 3.19177
1096 1129 2.71175
1096 1132 0.962998
1096 1143 0.337785
1099 1106 0.023093
1099 1115 -5.53733
1099 1118 12.3333
1099 1148 -15.9189
1099 1164 -5.53733
1099 1169 -5.53733
1099 1174 -5.54294
1099 1180 4.43612
1099 1196 -4.8442
1099 1198 4.88761
1099 1200 3.57445
1101 1114 2.27269
1101 1120 2.14198
1101 1126 6.40711
1101 1129 9.53947
1101 1135 3.51874
1101 1136 7.76072
1101 1154 0.116649
1103 1110 1.65106
1104 1111 -0.411464
1105 1112 4.40436
1105 1113 1.11515
1105 1128 0.233982
1105 1131 0.260219
1106 1117 -0.451047
1106 1118 0.0923722
1107 1108 1.12464
1108 1110 3.80606
1108 1114 2.89709
1108 1123 6.05228
1108 1125 3.55017
1108 1154 0.0794329
1109 1127 -1.97651
1109 1137 1.34772
1109 1140 1.51408
1109 1160 0.451047
1110 1122 2.58569
1110 1125 2.81376
1110 1154 0.0397165
1111 1113 0.14006
1111 1119 -1.30083
1112 1128 2.81155
1113 1119 -6.87696
1113 1128 0.0793669
1113 1131 0.431279
1114 1123 2.4326
1114 1136 2.61002
1114 1154 0.349946
1115 1116 1.95015
1115 1148 -12.8548
1117 1118 -4.67052
1117 1130 2.18405
1118 1130 -5.7329
1118 1147 1.95015
1118 1149 -4.90336
1118 1161 -1.66155
1118 1180 3.57445
1119 1131 -0.88787
1119 1134 -0.137412
1119 1140 -0.0687059
1119 1141 -2.12589
1121 1122 1.11107
1121 1125 1.93896
1121 1150 1.19289
1121 1154 0.141947
1122 1125 4.43257
1122 1154 0.0901969
1123 1125 1.13864
1123 1136 0.0686699
1123 1144 2.45112
1123 1154 0.0418035
1124 1138 -0.635286
1125 1144 0.0217814
1125 1150 4.486
1125 1154 0.648989
1127 1133 -0.321795
1127 1140 -0.450383
1128 1131 2.03044
1128 1132 5.44152
1128 1141 -3.10675
1128 1142 5.77704
1128 1143 3.97822
1128 1146 -0.023346
1128 1151 -4.14515
1129 1135 0.650943
1129 1143 1.14523
1130 1149 0.558738
1130 1157 -1.87049
1131 1141 -2.14198
1133 1134 0.0233459
1133 1140 0.687271
1134 1140 0.254785
1135 1136 0.571399
1135 1143 1.14523
1135 1156 -0.670851
1136 1143 -0.120081
1136 1144 0.0266895
1136 1151 -5.53733
1136 1154 5.29881
1136 1156 -4.34691
1137 1140 3.01573
1137 1153 3.39324
1137 1160 7.89902
1138 1152 -1.14578
1139 1145 -2.30251
1139 1155 0.0100814
1139 1172 -1.76986
1140 1141 1.25517
1140 1151 0.589751
1140 1153 2.14198
1140 1159 -0.823674
1140 1160 4.23208
1140 1163 2.85588
1140 1166 5.85711
1140 1167 0.186881
1140 1170 -0.374835
1140 1171 0.0531672
1140 1175 -0.0941776
1140 1185 -0.0117009
1140 1195 0.0168532
1141 1151 2.71175
1141 1159 -2.02352
1142 1143 1.75431
1142 1146 -0.110925
1143 1146 -0.22185
1143 1151 -15.8151
1143 1156 0.719208
1144 1154 0.210896
1145 1155 -0.102469
1145 1158 -3.57445
1146 1151 -6.83053
1147 1149 -1.51774
1148 1150 -4.43612
1148 1151 1.19419
1148 1154 -11.0747
1148 1164 -0.616356
1148 1165 -8.58127
1148 1169 0.470033
1148 1176 1.9195
1148 1179 -1.14578
1149 1157 -13.4294
1149 1161 -0.534038
1150 1154 0.248448
1151 1154 -15.9189
1151 1156 -4.14515
1151 1159 -1.30083
1151 1166 0.547148
1151 1167 0.0935861
1151 1173 3.33898
1151 1175 -0.238948
1151 1176 1.19402
1151 1177 0.00740879
1151 1187 -0.00115867
1151 1195 0.00842662
1153 1160 2.41466
1155 1158 -7.4726
1155 1172 -0.0937693
1157 1161 -3.01573
1157 1162 7.19234
1157 1180 0.842869
1158 1172 -0.758016
1160 1168 -1.14052
1160 1170 -0.934362
1160 1171 0.11942
1160 1185 -0.0183201
1161 1180 -0.451047
1163 1166 1.47101
1164 1165 -0.533685
1164 1169 4.11294
1164 1174 -16.8095
1165 1169 -2.52745
1166 1167 0.838395
1166 1171 1.78611
1166 1175 0.0162923
1166 1177 0.0167913
1166 1182 -0.00750211
1166 1184 -1.11782
1166 1185 -0.00433407
1166 1186 2.19461
1166 1187 1.45321
1166 1188 -1.73343
1166 1190 0.079548
1166 1191 -7.18687
1166 1195 0.172038
1167 1175 -0.111204
1167 1195 0.00842662
1168 1170 0.681226
1168 1185 -3.67024
1169 1174 -7.20147
1169 1178 4.35205
1169 1179 -0.704796
1169 1189 -1.39593
1169 1196 0.202524
1170 1171 -0.0774635
1170 1181 -0.0158716
1170 1182 0.0500863
1170 1185 -0.650092
1171 1175 -0.0012901
1171 1181 0.0531464
1171 1182 -0.0480362
1171 1185 -0.0323866
1171 1195 0.00842662
1173 1175 -0.0534457
1173 1176 0.729904
1173 1177 1.61105
1173 1183 1.44125
1173 1194 -2.04837
1175 1176 0.000296805
1175 1177 0.274004
1175 1183 0.049104
1175 1186 -0.00465297
1175 1187 1.16143
1175 1190 -0.00232649
1176 1179 -1.89316
1176 1192 0.936153
1176 1194 -0.394341
1176 1199 0.599682
1177 1183 7.48843
1177 1187 0.411264
1177 1195 0.0123251
1178 1179 -0.116857
1178 1189 -1.48355
1178 1192 -0.809559
1178 1196 4.92927
1178 1197 -4.43612
1179 1192 -2.85347
1181 1182 -3.34261
1181 1185 -0.0100306
1182 1185 3.04795
1182 1186 -0.249513
1182 1195 2.82773
1184 1186 -0.418247
1185 1195 2.64699
1186 1188 -0.750667
1186 1195 0.94248
1187 1195 0.00842662
1188 1190 -0.378248
1188 1195 -0.458547
1189 1196 -0.0311278
1189 1197 -1.39593
1190 1191 -2.11784
1190 1195 0.531504
1191 1195 -0.521873
1192 1199 0.0659969
1196 1197 -4.69166
