MULTICUT
0 1 4.37393
0 3 0.0459965
0 4 0.000157847
0 6 0.0855982
0 7 0.130715
0 8 0.0840706
0 10 0.211674
0 11 0.0562636
0 12 0.0459965
0 13 0.0944189
0 15 0.092522
0 16 -0.439274
0 17 0.092522
0 22 0.092522
0 23 0.00590514
0 27 0.00341417
0 29 0.169059
0 31 -0.965551
0 33 -0.0294802
0 37 0.092522
0 39 0.092522
0 41 0.0442223
0 43 0.092522
0 44 0.277566
0 51 0.092522
1 3 2.05369
1 4 0.638878
1 5 -0.0889478
1 6 2.10266
1 7 0.892398
1 8 1.00481
1 10 1.04178
1 11 0.056325
1 12 2.45062
1 13 1.52883
1 15 1.81235
1 16 -8.33486
1 17 0.381229
1 21 -0.157404
1 22 0.669994
1 23 0.0117796
1 24 -0.321795
1 25 -1.91493
1 27 0.00681061
1 28 -0.794069
1 29 2.05084
1 30 -2.93164
1 31 -8.36237
1 32 -0.177435
1 33 -0.230501
1 34 -1.30083
1 36 -7.87756
1 37 2.02075
1 39 1.5952
1 41 0.0523847
1 42 -11.3833
1 43 0.488228
1 44 8.10152
1 51 1.24489
2 5 0.629959
2 6 4.49828
2 9 4.70813
2 14 3.10675
2 18 1.84714
3 16 -0.0782298
4 5 -0.0444739
4 16 -0.000315096
5 6 -2.71662
5 9 2.91555
5 15 -0.0443252
6 9 2.49837
6 14 1.81446
6 16 -0.0782298
6 18 2.85347
6 19 0.797601
6 20 -2.40501
6 26 -0.263856
6 29 6.9909
6 31 -3.47116
6 32 -0.416502
7 16 -0.0782298
8 10 2.37389
8 16 -0.0782298
9 15 -0.24369
9 18 1.88061
9 19 4.69955
9 20 0.626597
10 11 1.93865
10 16 -0.373879
11 16 -0.11299
12 16 -0.422764
13 16 -0.0782298
15 16 -0.0782298
15 20 -0.0945343
15 28 -1.52308
15 31 -1.88476
16 17 -0.0782487
16 21 0.760489
16 22 -0.15966
16 23 -0.0712003
16 27 -0.00793684
16 29 -0.156187
16 33 0
16 37 -0.156187
16 39 -0.156187
16 41 -0.0671722
16 43 -0.156187
16 44 -0.468561
16 51 -0.156187
20 31 2.75475
22 23 0.0260604
25 30 -0.123488
25 31 -1.28594
26 31 2.28139
27 28 -0.511882
27 30 -0.837738
27 31 -0.760635
28 31 3.44778
29 35 5.48136
29 36 -4.8442
29 38 -12.0137
29 40 3.57445
30 31 0.497812
31 32 5.45822
31 33 1.81132
31 34 4.43612
35 40 7.62112
36 38 -6.15137
36 42 4.07083
37 41 2.18405
38 40 -10.3815
38 42 -12.0566
38 47 3.31536
38 49 2.78039
39 42 -4.8442
40 48 5.90713
40 49 -26.0149
40 59 7.43177
40 71 -4.43612
40 77 -4.14515
40 82 -7.56086
40 83 -5.53733
40 85 -4.43612
40 88 -8.01058
41 43 2.78039
41 44 1.98633
41 50 -8.06359
41 52 1.60463
41 53 -1.95654
41 54 1.98528
41 58 -2.27269
41 61 -16.5144
41 63 -3.31536
42 47 -8.90437
42 51 -14.0043
42 55 -3.91844
42 56 2.93164
42 57 3.10675
42 65 -3.72247
42 70 -1.21064
42 71 -0.635286
42 72 -0.0624253
43 44 2.64699
44 45 3.20604
44 46 -5.53733
44 50 -4.14515
44 51 1.76859
45 51 0.652519
46 50 -3.43706
46 51 -11.0747
46 63 -4.8442
46 66 -2.85347
46 67 -7.85993
46 69 -5.57955
46 75 -2.85347
47 49 4.16576
47 57 -0.0544849
47 60 9.25305
47 71 -2.58569
49 60 5.45371
49 71 -2.78039
50 52 -6.13769
50 63 0.664173
50 66 0.0828412
51 55 2.93164
51 56 -3.73241
51 63 -3.31536
51 64 2.06181
51 69 -10.3226
51 72 -3.10675
51 75 -8.57503
51 76 -3.57445
51 78 -6.6431
51 80 -4.79148
52 58 -5.53733
52 63 -6.6812
52 68 -3.20605
53 54 -0.323725
53 58 -4.43612
54 58 -2.85347
54 61 -8.87224
54 62 -3.43706
54 63 -3.20605
55 72 -3.01573
58 63 -0.858121
60 71 -6.16594
61 62 0.943623
61 63 5.06057
61 74 1.27078
63 64 -3.73241
63 65 1.72077
63 66 0.42193
63 67 0.0856502
63 68 -0.533685
63 71 1.37165
63 73 0.127486
63 74 5.48795
63 75 2.83966
63 78 2.27116
63 79 13.9169
63 80 2.83391
63 90 1.46958
63 91 6.22348
63 94 -0.635286
63 95 2.47197
63 96 0.584119
63 98 2.36822
63 101 1.81446
63 102 5.03311
63 103 2.10127
63 104 2.92356
63 105 11.2347
63 106 5.05765
63 107 0.337785
63 108 0.775982
63 109 0.687271
63 110 1.88061
63 111 3.49598
63 115 1.66155
63 116 1.78253
63 119 6.48854
63 120 1.54979
63 121 2.14198
63 123 3.6357
63 125 1.04226
63 127 0.618144
63 129 2.41897
63 130 1.00226
63 140 1.91493
63 141 22.4657
63 143 27.1103
63 146 11.1921
63 161 1.88061
63 162 3.59761
63 164 -0.284836
63 167 4.2893
63 168 5.12908
63 170 -0.63611
63 175 -1.34772
63 177 4.14515
63 178 4.43612
63 179 5.91646
63 180 2.71175
63 183 12.3821
63 186 5.7329
63 187 0.603556
63 190 2.89276
63 191 16.1111
63 193 0.0088153
63 194 3.43706
63 195 3.20604
63 198 2.14198
63 199 7.26317
63 200 4.43612
63 206 2.47197
63 214 1.37165
64 78 -5.33524
65 70 0.448836
65 72 1.11626
65 73 4.75685
65 79 4.6225
65 80 2.60477
67 75 0.289934
69 75 2.20469
70 71 0.570255
70 73 1.42236
71 73 4.34071
71 81 3.33607
71 84 3.06831
71 85 0.153754
71 86 1.22147
71 87 1.73406
71 89 -0.0729601
71 90 2.93164
71 91 3.12632
71 93 -0.174328
71 94 -0.775982
72 80 0.479452
73 81 0.409741
75 76 1.18877
75 78 4.60747
76 78 0.687271
77 82 -5.82287
79 80 2.27269
82 83 1.08303
82 84 0.134284
82 85 0.982543
82 88 3.43706
82 91 5.05071
83 88 3.79277
84 85 1.0123
84 89 -0.0201508
84 91 0.780177
84 92 1.432
86 89 -0.0377539
86 91 0.115776
86 93 -0.0886512
87 91 0.775982
88 91 4.68701
89 91 -1.57937
89 93 -2.22758
90 91 3.01573
90 94 -2.3987
90 96 2.58569
91 92 0.0942466
91 93 -0.0856771
91 96 2.52745
91 97 3.01573
91 98 1.52308
91 99 -5.25242
91 100 0.446869
99 100 -0.808083
102 105 1.95015
102 106 3.71333
102 107 2.78039
102 113 9.55953
102 118 3.42108
102 122 0.677527
102 134 1.95015
104 105 1.95015
105 107 1.47101
105 110 3.91844
105 112 4.76588
105 113 7.2519
105 114 -0.325802
106 118 9.57323
106 122 0.339753
106 123 4.43612
106 124 2.58569
106 125 0.0856502
111 123 3.05313
112 113 10.3587
112 114 -1.30597
112 134 7.44219
112 147 3.99321
112 155 4.08715
112 157 6.56412
112 165 3.25058
113 117 5.67801
113 126 3.05214
113 131 -3.21448
113 133 4.3733
113 134 12.3152
113 137 3.95935
116 119 1.06254
118 122 2.89721
118 123 0.962998
118 124 1.25517
118 128 9.74344
118 132 2.82094
118 134 6.98619
119 120 3.20604
119 123 3.57445
119 127 2.20096
119 130 1.49683
119 135 5.07245
119 139 0.787924
119 141 8.429
121 141 2.78039
123 125 1.81446
123 127 0.924411
123 128 6.43067
123 135 4.14515
123 138 3.0555
123 141 2.77334
123 145 0.148488
123 148 0.0742438
123 150 0.10807
123 153 0.260135
123 154 -0.340554
128 132 4.43612
128 134 8.01058
128 138 2.57195
128 142 4.2545
128 144 8.74177
128 145 8.94445
128 159 2.02731
128 160 2.85347
128 163 -0.167218
129 141 5.53733
130 141 3.43706
134 137 4.14515
134 155 10.4229
134 156 4.1023
134 160 3.75977
134 163 -0.0207848
134 165 2.14198
134 166 4.14515
135 141 3.20604
136 141 3.01573
138 145 0.541269
139 141 4.13689
140 141 6.09937
141 149 2.93164
141 150 1.04517
141 151 2.62612
141 152 6.69134
141 154 -0.0491566
141 158 1.94426
141 160 7.91444
141 161 1.91493
141 162 1.27959
141 164 -0.142418
141 170 -0.159034
145 148 2.46408
145 153 5.4366
145 160 1.69209
148 153 1.41152
150 154 -0.170277
153 154 -0.346919
153 160 6.88886
154 158 -0.0792621
154 160 -0.182119
155 165 2.27269
157 165 4.44083
157 169 1.88452
157 176 0.153134
158 160 3.73241
159 160 0.941625
159 163 -0.287088
160 163 -0.563259
160 165 5.56022
160 166 2.5435
160 167 2.30161
160 170 -1.1983
160 171 -0.0898069
160 172 3.38026
160 173 2.33761
160 174 0.502704
160 181 9.49309
160 182 -0.0148421
160 185 1.3887
160 188 9.90189
160 192 4.154
160 196 10.4907
160 197 0.321795
160 203 0.894508
160 204 0.362447
160 209 0.336238
160 213 0.127661
161 162 0.0544848
163 166 -0.0590604
165 176 0.153134
165 181 4.83502
165 184 3.09276
165 189 4.65654
165 192 10.1177
167 170 -1.73598
167 171 -0.337125
167 174 0.0723445
167 178 1.65666
167 185 3.26986
171 174 -0.00247951
172 192 0.167811
174 182 -0.0148421
174 185 2.68107
177 183 4.14515
178 185 2.48728
178 190 4.07863
178 195 4.25323
181 192 0.335622
183 186 7.23015
183 187 1.9134
183 193 0.0202426
183 195 0.0266424
183 201 0.131675
183 208 -0.162346
185 195 5.35703
185 197 2.21035
185 202 6.6637
185 211 2.57185
186 195 1.88313
186 199 5.88373
186 201 0.551479
186 208 -0.324693
186 212 3.43706
187 193 0.00189379
188 192 0.671245
188 196 2.72955
190 195 1.61561
192 196 2.72312
192 202 3.57445
192 203 0.963876
192 204 0.650361
192 209 0.786641
192 213 2.83988
192 215 6.80434
193 195 1.85069
194 199 3.73241
195 201 2.42597
195 202 1.23277
195 207 4.88303
195 210 3.7146
195 211 2.70013
196 197 2.22456
196 202 1.11146
196 205 -0.0732334
196 213 0.0762091
197 202 0.373113
197 205 -0.201854
199 212 3.20604
201 207 0.948774
202 205 -0.128621
209 213 0.0687727
