MULTICUT
0 1 1.81823
0 2 -0.771094
0 4 3.50214
0 5 -27.4388
0 8 2.85347
0 17 1.57696
0 31 3.10231
0 38 1.95015
1 4 2.59742
2 3 -0.000374884
2 5 1.25037
2 22 -0.00330098
2 51 0.00639979
2 176 -0.00334795
3 5 -0.0214908
3 6 16.3566
3 7 1.68825
3 9 1.38253
3 10 1.59849
3 11 1.48673
3 12 3.29497
3 13 3.9021
3 14 3.71506
3 15 4.67028
3 16 9.92581
3 18 1.35173
3 19 0.634912
3 20 3.24913
3 21 12.4099
3 22 -0.346869
3 23 -0.364204
3 24 3.01573
3 25 -5.1754
3 26 -0.000265559
3 27 6.5113
3 28 -1.44559
3 29 6.25109
3 30 1.04361
3 32 -0.849093
3 33 4.35297
3 35 5.16847
3 36 -10.5825
3 39 1.1941
3 42 -0.0334961
3 44 7.87134
3 46 -0.0147891
3 47 -6.73013e-05
3 48 3.88807
3 51 0.221904
3 64 0.000134617
3 65 -4.8442
3 80 -7.65085
3 84 -10.6666
3 94 -7.71961
3 111 3.95012
3 138 -3.91844
3 158 -1.95015
3 162 -10.4622
3 175 0.00024101
3 176 0.0156331
3 177 -3.20605
3 179 -1.47101
3 188 -2.52745
3 197 -3.43706
3 206 -2.36822
3 214 -2.78039
3 217 -3.31536
3 221 -3.91844
3 235 -9.67978
3 241 -2.41897
3 245 -0.962998
3 246 -5.64339
3 249 0.872867
3 253 -3.57445
3 258 -16.7498
3 259 1.22869
3 264 -9.2025
3 280 -0.00896351
3 281 1.13734
3 283 -7.71961
3 291 -2.52745
3 300 -3.73241
3 307 -0.0219874
3 310 0.628592
3 315 -10.6666
3 318 1.16896
3 325 -3.31536
3 331 0.584457
3 337 -6.75241
3 340 1.09176
3 347 -3.10675
3 356 0.600916
3 359 -15.7551
3 363 -14.6257
3 379 -0.0716747
3 391 -3.01573
3 395 0.170774
3 396 1.23838
3 401 -7.54287
3 404 -5.45734
5 6 0.00485707
5 7 0.000292253
5 8 -4.14515
5 9 0.000292238
5 10 0.000292253
5 11 0.000292238
5 12 0.00203029
5 13 0.0107544
5 14 0.00525923
5 15 0.000990415
5 16 0.0032747
5 17 -3.43706
5 18 0.000566969
5 19 0.000438232
5 20 0.00239537
5 21 0.00557715
5 22 -0.00376791
5 26 0.00240966
5 27 0.000579944
5 31 -3.91844
5 35 0.000579949
5 38 -3.73241
5 44 0.00187359
5 46 0.00111525
5 47 4.83682
5 48 0.00057995
5 51 -0.67649
5 64 -1.76041
5 82 -0.289934
5 105 -4.8442
5 111 0.00183361
5 112 -3.31536
5 176 -0.0511893
5 249 0.0016852
5 259 0.000324375
5 280 -0.00440842
5 281 0.000324375
5 307 -0.00126919
5 310 -0.000107418
5 318 0.000339161
5 331 0.000520074
5 340 0.000460205
5 356 0.0001123
5 395 0.00024926
5 396 0.000112298
6 15 0.77373
6 18 1.16657
6 22 -0.0208936
6 51 0.0362781
6 176 -0.00014855
6 280 -0.000594428
7 22 -0.0052234
7 51 0.0119006
7 176 0.000760453
7 280 -0.000148607
9 22 -0.0052234
9 51 0.0119006
9 176 0.000760453
9 280 -0.000148607
10 22 -0.0052234
10 51 0.0119006
10 176 0.000760453
10 280 -0.000148607
11 22 -0.0052234
11 51 0.0119006
11 176 0.000760453
11 280 -0.000148607
12 22 -0.0104468
12 51 0.0184915
12 176 0.000225117
12 280 -0.000297214
13 22 -0.024037
13 51 0.0178229
13 176 0.00114457
13 280 -0.000668062
14 22 -1.38972
14 23 -1.03499
14 26 1.6718
14 32 -0.397053
14 51 0.0359993
14 176 -2.13385e-05
14 280 -0.000594428
15 22 -0.0104468
15 51 0.0241529
15 176 0.00120436
15 280 -0.000297214
16 21 2.37296
16 22 -0.0156702
16 51 0.0305316
16 176 0.00037186
16 280 -0.000556942
18 22 -0.0052234
18 51 0.0121153
18 176 0.000574633
18 280 -0.000148607
19 21 1.56424
19 22 -0.0052234
19 51 0.0120022
19 176 0.000675532
19 280 -0.000148607
20 22 -0.0104468
20 51 0.0182154
20 176 0.000172976
20 280 -0.000408335
21 22 -0.025077
21 24 1.66155
21 51 0.0356875
21 176 -0.000316657
21 280 -0.00103891
22 23 -0.687271
22 26 -3.85194
22 27 -0.00940679
22 32 4.14805
22 35 -0.00940679
22 44 -0.0188136
22 48 -0.00940679
22 51 -0.00594037
22 111 -0.0188136
22 176 0
22 249 -0.0188136
22 259 -0.00940679
22 281 -0.00940679
22 307 0
22 310 -0.00940679
23 28 -1.88061
23 32 -0.635286
25 28 -1.21064
25 32 -5.70974
26 32 -4.16238
26 36 -2.64699
26 37 -0.289934
26 51 0.00741654
26 176 -0.00158786
26 280 -0.000259728
27 51 0.0120855
27 176 0.000681262
27 280 -0.000259728
28 32 3.43706
29 33 4.76672
29 39 1.77116
29 41 -0.962998
29 42 -0.147141
29 46 -0.236643
30 33 0.135657
32 33 -1.12464
32 34 2.19588
32 36 0.60318
32 37 -1.76282
32 40 -2.52399
32 43 2.65334
32 45 -0.047287
32 49 1.68697
32 50 5.7456
32 51 -5.53733
32 52 0.162053
32 54 -2.47197
32 58 -1.60463
32 59 5.09419
32 64 -5.53733
32 79 7.19803
32 91 0.837739
32 92 -3.91844
32 98 1.46595
32 108 -0.211197
32 109 0.833173
32 129 0.21165
32 154 2.0117
33 34 -7.99211
33 41 -2.94968
34 41 1.56067
34 45 -0.71087
35 51 0.0120855
35 176 0.000681262
35 280 -0.000259728
36 37 -3.31597
36 49 0.704696
36 51 -15.9189
39 42 -0.249708
40 43 -1.28314
40 53 -0.0490802
40 58 -3.01573
40 59 -2.14699
40 60 -0.0332467
40 62 -0.0245401
40 79 -0.679526
41 43 0.090889
41 45 -0.442945
41 46 7.00778
41 53 2.35237
41 61 -9.4757
41 71 0.740263
42 44 -0.00221348
42 46 2.0362
43 45 -2.78264
43 53 2.11201
43 62 0.0672973
44 46 -0.0232188
44 51 0.028421
44 57 0.030316
44 61 -0.020102
44 71 -0.310511
44 75 1.36612
44 80 -5.53733
44 84 -5.53733
44 176 4.76614e-05
44 280 -0.000519455
46 57 2.16336
46 61 -0.362903
46 71 0.0500804
47 51 -0.0952219
47 64 -0.512152
47 280 -0.000222241
48 51 0.0120855
48 176 0.000681262
48 280 -0.000259728
50 52 0.241917
50 56 -4.8442
50 59 1.06146
51 64 6.45764
51 111 0.0394878
51 176 0.00145758
51 249 0.0396338
51 259 0.0198579
51 280 -0.000297214
51 281 0.0198579
51 307 -0.00404796
51 310 0.0403337
51 318 0.0198412
51 331 0.0199222
51 340 0.0200021
51 356 0.0198997
51 395 0.0199182
51 396 0.0198997
52 54 -0.116857
52 56 -1.39593
53 59 0.160001
53 60 -0.0332505
53 62 0.13472
53 63 1.79612
53 65 3.60953
53 68 0.197127
53 79 0.397846
53 81 4.74841
53 102 0.115163
54 55 -1.20825
54 56 -10.3815
54 58 -4.14515
54 59 -4.46306
56 59 -0.55042
57 61 -0.150472
57 71 -0.0280994
57 75 0.0325326
58 59 -1.09081
59 60 -0.0619606
59 65 0.350628
59 68 0.295437
59 79 0.606256
60 62 -0.132995
61 63 -8.93548
61 66 -5.27689
61 71 -5.22385
63 65 0.050596
63 66 0.500431
63 67 -3.22361
64 82 2.31952
64 92 -10.3815
64 95 -4.43612
64 97 -8.16853
64 99 -1.52999
64 101 -3.91844
64 106 -1.23277
64 112 0.500431
65 67 -1.27785
65 71 6.38235
65 73 0.027108
65 74 9.1708
65 78 2.41315
65 79 4.65824
65 80 -1.72855
65 81 1.31904
65 85 -7.64843
65 87 0.283362
65 96 1.145
65 102 2.78663
65 108 -0.129203
65 109 2.73119
65 117 0.0555881
65 120 -0.00123379
65 122 -0.0106419
65 126 -0.136384
65 133 1.7308
65 138 -3.31536
65 145 -2.58569
65 154 4.43612
65 155 -2.85347
66 67 -1.06254
66 69 -8.35654
66 71 2.59868
66 73 0.819117
67 69 0.322318
67 70 0.00146973
67 72 -7.59915
67 74 -0.467445
68 79 2.16111
69 70 0.0262357
69 73 -0.305856
69 76 -0.00372157
70 72 -8.46898
70 74 -4.67728
70 76 -0.973961
71 73 4.2052
71 75 -7.1538
71 85 -2.9109
72 74 -4.48673
73 76 -0.230011
73 77 -3.38171
73 78 0.0269099
74 76 -1.98633
74 77 -0.794069
74 78 1.75131
75 80 -11.0747
75 85 0.740165
76 77 -4.80363
77 78 -2.74832
79 81 0.479157
79 83 -0.0414813
79 87 2.49937
79 96 0.627324
79 98 0.421729
79 108 -0.0738966
79 114 -0.106563
79 117 1.05163
79 120 -0.00123363
79 122 -0.0106419
80 84 0.794069
80 85 -4.84949
80 86 -0.826766
80 88 -7.30134
80 89 -1.14578
80 90 -2.66061
80 94 1.50192
80 104 -0.0922911
80 111 -5.53733
81 83 -0.0414938
81 87 0.506124
83 87 -0.16595
84 86 -0.0877966
84 88 -3.99062
84 94 0.982543
85 89 0.179457
85 90 -2.22758
85 93 -6.53088
86 88 1.25991
88 94 -0.321795
89 90 0.81228
89 93 -1.00226
90 93 -8.34964
91 92 -2.71175
91 154 1.67548
92 95 -1.57696
92 154 -2.52745
94 104 -1.24148
94 111 -10.3815
95 97 -5.53733
95 154 -1.88061
97 99 -11.0656
97 100 -4.14515
97 107 -3.73241
97 154 -5.53733
98 108 -0.708779
98 109 2.74964
98 114 -0.0202482
98 129 0.756467
99 100 0.24241
99 101 -3.91844
99 103 -14.1186
100 103 -13.1988
100 107 -2.47197
101 103 2.64699
101 106 -3.31536
103 106 -16.4135
103 107 -3.57445
103 110 -33.224
103 118 -4.8442
105 112 2.47197
106 110 1.10372
106 112 -0.794069
106 113 -25.502
107 118 -3.20605
107 124 -1.52308
107 125 0.274059
107 143 1.60463
107 146 -1.66155
107 154 3.10675
107 157 3.98633
107 167 -5.53733
107 168 -0.210882
107 169 -10.3815
107 183 1.10372
107 191 -11.0747
107 196 -4.8442
107 199 -11.0747
107 203 -1.91493
107 204 -1.6711
107 205 0.602489
107 210 4.71138
107 215 -12.9051
108 109 -3.55318
108 114 0.735553
108 117 -0.125892
108 120 -1.13813
108 122 -1.60463
108 129 -5.69665
108 133 -0.3333
108 154 -0.0535163
109 129 4.60621
109 130 5.30087
109 135 3.17828
109 154 10.4445
110 113 -3.73241
110 116 -21.372
110 118 0.849093
110 119 -11.1567
111 176 0.000221422
111 280 -0.000519455
112 113 -4.8442
112 115 -0.83062
112 123 -3.73241
112 128 -0.886457
112 137 -5.53733
112 141 -1.02216
112 149 -4.8442
112 153 -5.53733
112 156 -3.63387
112 159 -4.14515
112 164 2.85347
112 172 -11.0747
112 189 -5.47829
112 190 0.118481
112 208 -4.8442
112 224 2.47197
112 229 -5.53733
112 260 4.62668
112 266 -3.73241
112 276 3.10675
112 284 -8.57661
112 288 -4.43612
112 299 0.687271
112 302 -8.97439
112 308 -5.53733
112 314 2.78352
112 350 -6.87411
112 352 -8.35456
112 362 0.517023
112 371 -2.93164
112 373 -4.8442
112 381 1.25517
112 392 -13.6009
112 398 0.451047
112 406 -4.8442
112 407 -4.43612
112 410 2.22758
113 115 -15.2198
113 116 2.71175
113 121 -18.0324
114 117 -0.0458261
115 121 2.06181
115 123 -19.3768
115 127 -8.76265
116 119 2.64699
116 121 -3.73241
116 124 -16.6481
117 120 -0.00288492
117 122 -0.0230819
117 126 -0.0757939
117 133 0.0729854
118 119 -4.43612
118 125 -0.386023
119 124 -11.5129
119 125 -2.31952
120 122 -0.00605386
121 124 1.88061
121 127 -9.48419
121 131 -14.2634
122 126 0.0119851
122 133 -0.0122681
123 127 2.58569
123 128 -22.5876
123 134 -14.3744
124 125 -1.20606
124 131 -5.53733
124 132 -12.2087
124 136 -18.5547
124 143 -0.337785
126 133 -1.03283
127 131 2.71175
127 134 -13.0174
128 134 1.69086
128 137 -18.8457
130 154 2.4807
131 132 2.71175
131 134 -19.9193
131 139 -4.43612
132 136 2.31952
132 139 -7.46051
132 140 -12.8676
134 137 -24.4604
134 139 2.14198
136 140 -3.57445
136 142 -21.1617
136 143 -1.52308
136 146 -5.53733
137 141 -4.14515
137 144 -22.9862
137 147 2.93164
137 148 -12.1557
137 150 -8.58127
138 145 -4.8442
138 152 -5.07857
138 158 -3.91844
138 161 -15.3809
138 179 -3.91844
138 188 -14.0228
139 140 1.88061
139 147 -7.4929
140 142 1.91493
140 147 -14.8177
141 144 1.78253
141 149 -4.8442
142 146 1.81446
142 147 -18.8151
143 146 -0.55042
144 148 1.63282
144 149 -3.91844
144 151 -20.7394
144 153 -4.8442
145 152 -1.02216
145 155 -3.01573
146 147 -5.53733
146 157 -0.163779
147 150 -33.4895
147 157 -5.53733
147 165 -7.2562
148 150 1.57696
148 153 -14.1186
149 151 2.36822
149 156 -8.16853
150 153 -26.21
150 164 -0.116857
150 165 0.258219
151 153 2.31952
151 156 -13.8336
152 155 -13.0004
152 173 -4.8442
152 181 -3.91844
152 188 -1.88061
153 156 -10.3815
153 164 -15.2257
154 155 -5.53733
154 160 -4.88928
154 163 -9.68249
154 166 5.62501
154 168 -5.97913
154 170 5.20433
154 183 1.02216
155 160 -14.8177
155 163 -15.9189
155 173 2.27269
156 159 -5.33704
157 165 -2.34286
157 167 -2.58569
158 161 -0.533685
158 162 -2.47197
160 163 1.23277
161 162 -5.24236
161 175 -1.84714
161 177 -2.41026
161 179 0.794069
162 175 -5.9645
162 176 -2.58569
163 168 -2.41897
163 171 -8.76265
163 173 -7.46051
163 174 1.91493
164 165 -2.52745
164 169 -3.43706
164 172 -8.87224
165 167 -3.57445
165 169 -9.17569
166 168 -7.3555
167 169 0.321795
168 171 -22.689
168 182 -11.0747
168 183 -1.23277
168 186 -3.73241
168 191 -5.53733
169 172 1.63282
169 178 -13.2569
169 185 -5.64198
169 195 -15.2257
169 207 -14.1186
169 210 -11.0747
169 223 3.90895
169 226 0.905357
171 174 -22.6803
171 180 -7.58221
171 182 1.81446
172 178 -12.3371
172 184 -18.0371
172 189 -0.195158
172 190 -3.01573
173 174 -15.2257
173 181 2.36822
174 180 2.02352
174 181 -4.14515
175 176 0.44582
175 177 -2.18405
176 249 -0.0013624
176 259 0.00103954
176 280 0
176 281 0.00103954
176 307 -0.0142467
176 310 0.0021286
176 318 0.00104003
176 331 0.0010601
176 340 0.00106234
176 356 0.00103241
176 395 0.00323524
176 396 0.00103241
177 179 -0.722426
178 184 1.23277
178 185 -3.20605
178 187 -6.1488
179 188 -0.962998
180 181 -17.1759
180 182 -14.8177
180 194 1.34791
181 188 -16.0608
181 192 2.47197
181 194 -13.6969
181 198 -16.9654
182 186 -4.43612
182 194 -17.8744
182 202 2.93164
182 209 -16.9893
182 214 -3.73241
184 187 -26.9935
184 190 1.75131
185 187 -11.1128
185 195 0.353819
186 191 -7.02519
186 201 -0.263902
186 209 0.0544848
186 211 -1.77525
186 216 0.527804
187 190 -16.612
187 195 -15.9189
187 207 -12.7264
187 208 2.36822
188 192 -4.43612
188 193 -23.0728
188 197 -10.8889
189 190 -4.01343
190 208 -5.53733
191 196 -13.4208
191 201 -9.68249
191 213 0.116857
192 193 2.36822
192 198 -6.42211
193 197 2.71175
193 198 -2.52745
193 200 -23.5768
194 198 2.31952
194 202 -14.1139
195 207 0.962998
196 199 -4.31811
196 213 -2.22758
197 200 -3.57445
197 206 -8.39081
198 200 2.18405
198 202 -10.5129
198 212 -18.2
199 203 -12.4629
199 213 -2.67091
199 215 -0.943623
199 218 0.122914
200 206 2.06181
200 212 -14.0593
200 217 -8.98936
201 213 -14.5267
201 216 -6.81408
201 227 -5.53733
201 233 0.0700632
202 212 2.93164
202 214 -20.355
203 204 -3.00356
203 205 -2.02352
203 215 -4.14515
204 205 -0.135044
205 215 -5.53733
206 217 -3.91844
207 208 -5.53733
207 220 1.63282
207 223 -4.8442
208 220 -21.9246
208 224 -15.2257
208 229 2.78039
209 211 -1.14578
209 214 1.66095
209 219 -2.81232
209 221 -1.16715
209 222 -1.00226
210 215 -3.91844
210 226 -9.97346
210 238 -10.3815
211 216 -9.68249
211 219 -22.5586
211 227 -21.4562
211 251 1.25517
211 252 -5.53733
212 214 -21.7604
212 217 2.31952
213 218 -10.6351
213 233 -4.8442
213 242 -3.73241
213 247 -1.61322
213 250 -5.53733
213 261 -7.11689
213 262 -3.57445
213 267 -4.8442
213 268 1.32411
213 269 -4.43612
214 217 -5.53733
214 221 -18.5606
215 218 -11.0747
215 225 -13.1251
215 232 -7.42989
215 238 -2.71175
216 227 0.867703
218 225 -0.83062
218 231 -4.8442
218 250 0.038913
219 222 -8.16853
219 234 -5.53733
219 237 -19.4292
219 248 -14.8177
219 252 2.06181
219 255 -7.71961
220 223 -30.4456
220 229 -9.45578
220 239 1.18877
221 222 -8.58127
221 228 -2.52745
221 241 -5.53733
221 249 -4.43612
222 228 -3.01573
222 230 -16.1164
222 234 -0.0700634
222 235 -11.8648
222 236 1.88061
223 226 0.274059
223 238 0.924411
223 239 -4.14515
223 243 -14.2807
223 254 -4.8442
223 257 -2.06181
224 229 -5.53733
225 231 -5.63838
225 232 -0.195158
226 238 1.10372
226 243 -4.40507
227 233 -9.68249
227 242 -7.85993
227 247 -2.93164
227 251 -10.3815
227 256 1.88061
228 235 1.32411
228 249 -3.10675
229 231 0.571899
229 232 -4.14515
229 239 -7.87756
229 254 -10.8889
229 257 0.369897
229 260 -21.7605
229 273 -20.9687
229 277 1.1438
230 234 -15.9189
230 236 -24.9218
230 240 2.06181
231 232 -20.7631
231 250 -4.8442
231 261 -17.699
231 271 -22.1493
231 277 1.51904
232 238 -17.737
232 257 -1.8058
233 242 -0.00778178
234 237 1.88061
234 240 -10.3815
235 236 -18.8718
235 246 1.66155
235 249 -8.98936
236 240 -3.43706
236 245 1.98633
236 246 -6.05952
237 240 -3.31536
237 244 -33.7699
237 248 2.18405
238 243 -6.1488
239 254 0.0698662
240 244 2.36822
240 245 -8.35456
241 249 -4.78718
242 247 -0.210882
244 245 -26.1066
244 248 -4.8442
244 253 2.41897
245 246 -10.3648
245 253 -13.1255
247 256 -8.07609
247 262 -0.0389131
248 253 -14.9577
248 255 1.72077
249 280 -0.000519455
250 261 0.386023
251 252 -31.4297
251 256 -24.5001
251 265 1.84714
251 274 -3.91844
252 255 -25.6073
252 263 -14.5326
252 270 -9.97346
252 274 1.69086
253 255 -4.14515
253 258 1.91493
254 257 -0.905358
255 258 -28.0699
255 263 2.27269
256 262 -5.53733
256 265 -26.0678
256 267 -5.53733
256 269 -27.6867
256 282 -11.0747
256 289 -9.68249
256 295 -5.53733
256 297 2.36822
258 263 -11.0747
258 270 -18.9581
258 280 -7.3555
258 307 -4.8442
259 264 -3.31536
259 280 -0.000259728
260 266 -6.2862
260 272 -22.6908
260 273 2.22758
261 268 -14.4096
261 271 0.652519
262 267 -0.101248
263 270 1.95015
264 275 -1.39595
264 281 -2.78039
264 283 -1.52308
265 274 -29.1608
265 295 1.98633
266 272 -0.258219
266 276 -5.53733
267 269 0.337785
268 269 -18.9687
268 271 -26.7096
268 278 -14.8497
268 282 -19.7979
268 287 2.31952
268 289 -8.06359
269 282 1.91493
270 274 -9.68841
270 280 1.75131
271 277 -5.53733
271 278 1.49683
272 273 -9.90124
272 276 -18.6718
272 279 2.36822
272 285 -8.06359
273 277 -12.6047
273 279 -17.5223
274 280 -23.1722
274 295 -14.8922
274 310 -12.3093
275 281 -0.451047
275 283 -6.15137
276 284 -8.46898
276 285 1.69086
276 288 -4.43612
277 278 -21.4562
277 279 2.71175
277 285 -4.43612
277 286 -29.6573
277 290 2.58569
277 292 -4.8442
278 286 1.75131
278 287 -3.91844
279 285 -22.1822
280 281 -0.000259728
280 307 0.0411157
280 310 -0.191038
280 318 -0.000499241
280 331 -0.000207766
281 283 -4.43612
282 289 1.95015
283 291 -9.68249
283 309 -8.05025
283 325 -1.91493
283 327 -4.8442
284 288 -0.467445
285 290 -23.2559
286 287 -16.896
286 292 0.704796
286 294 -6.7805
286 296 -4.8442
287 289 -13.8336
287 293 -18.1526
287 294 2.41897
287 298 -5.53733
288 290 2.31952
288 299 -4.8442
289 293 2.18405
289 297 -10.0561
290 292 -8.00397
290 299 -25.0354
290 303 -6.5061
290 306 -3.9365
291 300 -0.88603
291 305 0.413003
291 309 0.337785
291 312 -3.01573
292 296 -25.2215
292 306 0.0233459
293 297 -17.7998
293 298 2.02352
293 301 -3.31536
294 296 2.27269
294 298 -8.58127
295 297 -26.1833
295 301 -4.43612
295 310 1.42058
296 298 -17.1754
296 304 -19.0298
296 306 -4.14515
296 311 -8.98936
296 317 0.758015
297 301 2.27269
298 301 -22.4443
298 304 1.98633
299 303 2.27269
299 308 -13.6009
299 313 -13.7468
300 305 -1.64335
300 315 0.467445
301 304 -16.0327
301 310 -13.4255
301 316 1.47139
301 319 1.26944
302 308 -0.0856503
302 314 -7.77585
303 306 -0.266614
303 313 -9.99656
303 317 -10.3269
304 311 1.69086
304 316 -3.31536
305 312 -10.7344
305 315 -4.24941
305 323 1.47101
306 317 -10.2243
307 310 -0.16045
308 313 1.95015
308 314 -5.53733
308 320 -4.8442
309 312 -23.0567
309 321 -15.9953
309 326 -12.309
309 327 -0.886457
309 332 0.402198
310 319 -23.2834
310 340 0.350893
311 316 -9.84362
311 317 -7.83689
311 319 -8.16853
311 330 1.72077
311 335 -12.9078
311 338 -9.95684
312 323 -15.083
312 326 2.06181
313 317 2.27269
313 320 -6.5061
313 322 -11.585
314 320 1.88061
314 324 -26.6102
314 328 -9.26974
314 342 1.98633
314 350 -9.76386
314 352 -8.16853
315 323 -6.60891
315 329 -2.91477
315 336 0.0890505
315 353 1.80673
315 359 1.94998
316 319 0.424382
317 322 -13.0022
317 335 1.78253
317 343 -2.36822
317 348 -4.14515
318 325 -3.43706
318 337 -11.0747
319 330 -7.83689
319 331 -19.4292
319 340 -4.14515
320 322 2.02352
320 324 -3.10675
320 328 -9.45578
321 327 -5.53733
321 332 -3.57445
321 333 2.22758
322 328 -23.6298
322 339 -2.47197
322 341 0.497838
322 343 -0.054507
323 326 -3.10675
323 329 1.75131
324 328 1.52308
325 327 -2.54521
325 337 -1.04226
326 329 -14.035
326 334 2.41897
326 336 -2.22758
327 333 -23.516
327 337 -4.43612
327 344 -5.53733
327 346 -9.68841
327 349 1.12464
328 339 2.71175
328 342 -8.16853
328 345 -26.5328
329 336 -0.0890505
330 331 2.10127
330 338 -6.69884
331 338 -8.98936
331 340 0.410386
331 347 -20.6774
332 333 -20.761
332 334 -18.6657
332 351 1.98633
333 344 1.95015
333 351 -3.01573
334 336 -2.27875
334 351 -12.3744
334 353 -0.273782
334 355 2.31952
335 338 2.85347
335 348 -12.1557
336 353 1.14578
337 349 -27.2845
337 363 2.18405
338 347 2.22758
338 348 -4.14515
338 354 -30.1835
339 341 -5.53733
339 345 -9.11179
339 348 -9.68841
339 352 2.58569
339 364 -11.4963
339 365 -11.638
339 373 2.22758
339 380 -3.73241
341 343 -0.10834
341 348 -0.0269162
342 345 2.10127
342 352 -10.1783
343 348 0.511922
344 346 2.36822
344 351 -5.64339
345 352 -24.6508
346 349 -25.2215
346 351 -16.6202
346 357 -6.75241
346 360 -12.4997
346 367 -23.3989
346 369 -3.20605
346 375 -11.4476
346 376 2.31952
347 354 -2.71175
347 356 -17.5195
348 354 2.31952
348 361 -14.0464
348 365 3.21909
349 363 -4.43612
349 369 1.98633
350 352 1.27785
351 355 -8.39665
351 357 2.27269
352 362 -3.73241
352 364 -21.303
353 355 -0.163779
353 358 1.28063
353 359 0.0374723
353 374 0.182944
354 356 2.58569
354 361 -7.4929
354 366 -12.1614
355 357 -9.09319
355 358 -2.85794
355 360 -8.84107
355 368 2.14198
356 366 -7.83529
356 370 -8.16853
356 379 -0.0716746
357 360 1.95015
358 359 0.0105607
358 368 -1.00417
358 372 -0.722426
358 374 1.78112
359 374 -4.67152
359 396 -11.0747
359 399 -7.51072
359 403 -6.39482
359 409 -4.26967
360 367 2.10127
360 368 -4.37396
360 372 -2.58569
361 365 -13.956
361 366 2.36822
361 379 -14.6491
361 380 -13.1988
361 395 -27.6867
361 398 -11.6834
361 404 1.98633
362 364 1.95015
362 373 -3.43706
363 369 -4.8442
363 377 -13.4255
363 386 -15.1655
363 393 -14.1947
363 400 -11.688
363 401 2.10127
364 373 -22.8067
365 380 2.31952
366 370 2.36822
366 379 -19.6619
367 372 -17.8163
367 375 1.95015
367 378 -7.51599
368 372 1.91493
369 376 -4.8442
369 377 2.10127
370 379 -7.6246
371 373 -3.31536
371 381 -2.10127
372 374 -1.80352
372 378 2.36822
373 380 -9.28032
373 381 -1.63282
373 384 -11.035
373 388 -19.8373
373 389 1.98275
374 378 -1.57723
374 382 -3.14002
374 390 -2.16052
374 394 -1.47101
374 399 1.81446
375 376 -3.43706
375 378 -1.78253
375 382 -12.4467
375 383 2.31952
376 377 -8.57661
376 383 -14.55
376 385 3.01573
376 387 -3.01573
377 385 -9.80559
377 386 2.22758
378 382 1.63282
379 391 -10.9223
379 395 1.42058
380 389 -7.65085
380 398 1.81446
381 384 2.06181
381 392 -1.66155
382 383 -8.14647
382 390 2.14198
383 387 2.18405
383 390 -4.84018
384 388 2.47197
384 392 -11.7056
385 386 -11.1041
385 387 -18.9628
385 393 -12.6216
385 397 -21.3818
385 400 -10.6403
385 402 -18.6489
385 405 2.85347
386 393 2.27269
387 390 -2.58569
387 394 -13.6017
387 397 1.63282
388 389 -3.91844
388 392 -15.3213
389 392 0.55042
389 398 -7.85993
390 394 2.14198
391 395 -0.500431
392 398 -6.06043
393 400 2.22758
394 397 -13.1988
394 399 -6.82222
394 402 -19.3275
394 403 -14.9618
394 408 -2.78039
394 409 -10.7786
394 411 1.95015
395 404 -4.43612
397 402 1.84714
398 404 -13.2167
398 407 -11.3703
398 410 1.00226
399 403 1.57696
400 401 -10.3815
400 405 -9.68249
402 405 -3.43706
402 408 1.88061
403 409 1.60463
404 410 -1.21064
405 408 -16.8493
406 407 -0.402198
406 410 -3.73241
407 410 -12.7498
408 411 -9.40989
409 411 -3.43706
