MULTICUT
0 2 -1.69086
0 8 -3.91844
0 14 -4.8442
0 18 2.52745
0 19 -8.87224
0 24 -4.43612
0 28 -17.7249
0 32 -4.43612
0 43 -28.1154
0 53 -16.612
0 97 -14.8177
1 3 -3.73241
1 5 -3.01573
1 6 -3.57445
2 3 1.03447
2 8 4.16027
2 9 -3.76101
2 12 1.62274
2 40 0.0100804
3 6 3.85979
3 9 -9.85488
3 12 0.717
3 15 0.0568162
3 16 -7.01151
3 40 0.073571
4 6 0.515379
4 7 -7.02519
4 10 -0.515772
4 11 -11.2466
4 21 -3.22656
4 29 2.46828
4 40 0.0244533
5 6 -2.93164
6 11 -3.10675
6 12 0.986018
6 13 2.22571
6 15 4.35753
6 17 -11.6331
6 20 -4.43612
6 33 -6.69884
6 37 -12.5638
6 40 0.494763
6 41 -3.73241
6 42 2.46659
6 48 -7.3555
6 54 0.170026
6 66 -3.01573
6 72 -0.00263459
6 75 4.95342
6 81 2.43885
6 88 1.54033
6 112 -4.64755
6 120 -1.72077
6 121 -5.53733
6 125 -0.101248
6 129 -3.91844
6 142 -3.91844
6 146 -1.57696
7 10 -3.91844
7 21 -4.8442
7 29 -8.85269
7 35 -5.53733
7 57 -16.612
7 89 -15.9189
7 116 -2.64699
7 127 -2.27269
7 139 -5.53733
7 149 -0.962998
7 188 2.18405
8 12 3.70173
8 14 1.84714
8 22 -4.43612
8 40 0.0302413
9 12 -13.363
9 16 -2.22758
9 23 -3.91844
11 17 1.27565
11 29 -13.1988
11 50 2.36067
11 57 -3.31536
11 58 -2.93164
12 15 0.478397
12 16 -3.91844
12 22 -8.06359
12 23 2.77288
12 25 2.76596
12 27 -3.20605
12 40 0.261796
13 17 -7.01151
13 20 -11.2131
13 26 -5.9645
13 31 2.52745
13 40 0.167604
14 19 2.58882
14 22 -1.75131
15 25 0.04336
15 40 0.644251
15 54 0.30267
17 31 -8.87224
17 50 0.952034
18 24 -4.8442
18 28 -3.91844
19 22 -3.57445
19 24 -0.0700634
19 25 5.12099
20 26 0.0700632
20 31 -9.97346
20 33 -0.486917
20 34 1.45339
20 37 -5.47534
20 55 1.04226
20 59 -0.982543
21 29 -0.53894
22 25 -4.8442
22 27 -2.52745
23 40 0.018412
24 25 -2.79505
24 28 -0.525147
25 28 2.94959
25 30 -8.58127
25 40 0.143099
28 30 -9.73652
28 32 3.88652
28 36 -9.64592
28 39 2.36822
28 40 4.93649
28 44 -9.11179
29 35 -2.97491
29 38 9.99805
29 57 3.01573
29 58 2.64699
31 50 -4.43612
31 55 -11.0747
31 56 6.87938
31 63 11.5572
31 77 3.10675
32 36 -9.6924
32 40 2.07077
32 43 0.83062
32 44 -4.8442
32 45 -8.94922
32 47 -6.6726
32 49 -13.8542
32 54 1.31165
32 70 0.301142
32 78 -2.22758
33 34 -0.162096
33 37 4.9603
34 37 -0.420124
35 38 -3.20141
36 44 -0.451047
37 41 3.48667
37 46 -2.36822
37 48 2.58569
37 51 -12.536
37 59 -0.584119
37 60 -3.20605
37 61 -2.27269
37 66 0.81228
40 42 0.0495996
40 54 0.591004
40 75 0.195281
40 81 0.0890802
40 88 0.138297
42 48 -4.14515
43 45 -6.46767
43 52 -1.81446
43 53 2.27269
45 49 9.1052
45 52 0.0105289
46 51 -2.64699
47 49 1.49683
49 52 0.0210577
49 53 -4.8442
49 68 1.6857
49 69 0.167354
49 70 -2.88468
49 74 -3.73241
50 57 -5.79173
50 77 -18.0324
50 89 -11.173
50 127 -1.00226
51 60 -3.48154
51 61 -1.66155
51 62 0.0163983
51 67 3.31536
51 73 -1.50493
51 80 -4.8442
51 84 -1.77465
51 91 1.97677
51 93 0.587145
52 53 -7.28959
53 64 -27.4451
53 76 -10.9439
53 85 -3.31536
53 90 3.10675
53 96 -3.57445
53 97 2.41897
53 99 1.60463
53 101 4.40767
53 102 0.768498
53 105 -0.919257
54 65 2.50138
54 72 -0.263534
54 78 -7.58221
54 81 2.69697
54 82 -0.16956
54 88 0.25283
55 59 -4.8442
55 71 -2.93164
56 63 2.06181
57 58 2.93164
57 89 3.91844
59 61 -0.722426
59 67 -1.95015
59 71 1.60463
60 66 -6.45246
60 73 -1.68189
61 67 -0.636235
63 71 -8.2903
63 77 3.89765
65 72 -0.0207358
66 73 -4.8442
66 75 -2.44201
67 71 -10.3815
67 80 -9.97346
68 74 -18.2441
68 90 -4.43612
68 92 -1.01952
69 70 -0.76997
69 74 -3.43706
70 74 -5.53733
70 78 -4.8442
70 79 -5.53733
70 87 -2.36822
70 94 -9.26974
70 103 -5.53733
70 111 -7.58221
70 132 -11.0747
70 151 -4.8442
71 77 -2.52745
71 80 -1.51615
71 98 -21.4562
71 119 -4.8442
72 81 -0.0686762
72 82 0.568039
72 88 -0.0942153
73 75 -3.91844
73 84 2.15914
73 95 -4.43612
74 79 -1.72077
74 83 1.86556
74 86 -2.54285
74 92 -3.31536
74 94 -0.94066
74 108 -7.77585
74 111 -2.43553
74 126 -1.95015
74 128 0.775982
75 95 0.148121
75 106 -5.53733
75 109 -2.41897
75 121 -4.43612
77 119 -5.53733
77 127 -10.3815
77 144 -20.355
77 148 -3.73241
77 158 -5.53733
78 81 -7.60983
78 103 -0.944552
79 83 -0.83062
79 87 -0.402198
80 93 -4.8442
80 98 -4.43612
81 82 -0.144466
81 88 0.11205
81 103 -0.0519333
81 142 -3.73241
81 146 -1.87434
82 88 -0.120212
83 86 -0.474267
83 87 -2.64699
83 94 -0.0764349
84 91 -3.2315
84 93 -0.176884
84 95 -4.41166
84 100 -1.88061
84 106 -2.78039
84 113 -7.85685
84 114 -3.20605
85 99 -1.37165
85 101 -6.92932
87 94 -1.27785
89 116 -7.6386
89 127 -4.43612
90 92 -3.91844
90 105 -2.06181
90 110 -1.59389
90 115 -0.0311407
91 93 0.0353814
92 108 -1.12464
92 110 -2.52745
93 98 -0.775982
93 100 -0.962998
94 111 -0.354985
95 106 -4.14515
96 97 -2.93164
96 99 -1.27785
96 101 -3.10675
97 101 0.267034
97 107 -2.6734
97 117 -4.92791
97 122 0.741871
97 123 -0.500702
97 124 -0.725718
97 140 -0.0631776
97 160 -2.47197
98 100 -0.402198
98 104 -6.0361
98 118 4.42847
98 119 0.900696
98 130 3.90551
98 143 2.31952
98 159 0.902439
98 164 -0.15168
98 171 0.473334
99 101 1.60463
100 104 -2.36822
100 114 -0.0544849
100 118 -0.467445
101 102 2.42342
101 105 -0.501886
101 107 -2.64699
101 115 0.0544848
101 122 1.0976
101 123 -0.332054
101 131 -7.92726
101 133 -0.652519
101 137 -1.32411
101 138 -2.27269
101 141 -6.8569
101 156 -0.775982
102 105 -0.498975
103 146 2.06684
103 151 -8.98936
103 161 -8.97439
103 176 -7.54287
103 177 -5.53733
103 178 -3.91844
103 201 -0.274059
104 118 -4.2545
105 115 -1.39593
106 109 -0.051202
106 113 0.0587282
107 122 -4.43612
108 110 -1.49683
108 126 -1.81446
109 113 -0.962281
109 118 -2.64699
109 121 -4.49817
110 115 0.0311408
110 126 -4.8442
111 128 -4.8442
111 132 -7.30686
112 125 -0.195158
112 129 -4.43612
113 114 -1.57696
113 118 -2.36822
114 118 3.10675
115 126 -5.53733
115 133 -0.905358
116 127 -2.19343
116 139 -8.35456
117 122 -5.53733
117 123 -0.195158
118 121 6.45254
118 134 5.57864
118 135 0.794069
118 143 4.73398
118 147 0.123189
118 163 0.564856
118 175 5.10724
118 194 0.286542
118 209 3.80117
118 218 -5.53733
118 224 2.10179
118 259 -4.43612
119 144 7.296
119 164 -0.572194
119 171 1.10354
119 181 -1.93397
120 129 -3.57445
120 136 -1.89967
120 146 -0.949834
121 125 -11.0747
121 134 11.304
121 135 3.52269
121 152 1.34772
121 162 7.53618
121 163 1.11802
121 194 1.02866
122 123 -2.24665
122 124 -5.89187
122 137 -5.43327
122 138 -2.72345
122 141 -3.73241
122 160 -2.52745
122 166 -4.43612
122 168 -18.2384
122 172 -5.53733
122 173 -0.740165
123 124 -0.260769
125 129 -4.43612
125 152 -13.3022
126 128 -1.78489
126 133 -11.0747
126 145 6.38379
126 150 2.72926
126 151 8.60184
126 205 -1.36244
126 214 1.39593
126 216 -1.30083
126 229 5.81055
126 246 -3.31536
127 139 -10.3815
127 148 -5.74075
127 149 -2.02352
127 188 -7.46051
128 132 0.0207009
128 145 -3.16061
129 136 -11.0747
129 152 -3.31536
129 169 -3.20605
129 193 -0.962998
131 133 -2.8494
131 150 -5.53733
131 153 2.41897
131 156 -7.15376
132 145 -0.14877
132 151 -6.31705
133 150 -4.8442
134 135 1.69086
134 163 1.17131
136 146 2.06825
136 154 0.00778166
136 155 -9.45578
136 157 -3.91844
136 167 -1.69086
136 169 -7.6386
137 138 7.10536
138 141 -4.44049
139 149 -3.31536
140 160 -5.53733
141 156 -2.52745
141 166 -1.34772
142 146 1.16715
143 147 1.8592
143 159 4.90686
143 175 3.65736
144 148 -7.2338
144 158 -2.41897
144 164 -0.0655957
144 165 2.44585
144 181 -0.773812
144 190 1.36464
144 191 -4.8442
144 197 5.52265
144 203 5.87842
144 204 -13.3277
144 211 -0.653979
144 213 6.86862
144 242 -0.601089
145 151 0.0898706
146 169 -32.1228
146 176 -11.2236
146 202 0.867703
148 158 -3.31536
148 165 -8.39081
148 188 -3.73241
148 190 -4.43612
148 204 1.77545
150 153 -4.8442
150 156 -8.57661
150 185 -3.43706
150 198 2.93756
150 205 -0.394858
150 227 -0.688275
151 161 2.58569
151 199 1.95015
151 206 -0.183501
151 210 -0.0576558
151 214 1.5399
152 162 1.84714
152 174 2.58504
152 193 -2.71175
152 196 -2.9314
153 156 -2.18405
154 167 -5.53733
154 169 -2.14198
154 170 -1.81446
155 157 -1.34772
155 169 2.71175
156 166 -3.91844
156 185 -8.64408
156 192 -0.0544849
157 167 -2.7336
157 169 -5.32544
157 182 0.56723
158 165 -1.69086
159 171 7.83299
159 175 1.17307
159 215 3.93668
160 172 -5.53733
160 195 -12.2897
160 279 -4.8442
161 177 1.41787
161 178 0.0210692
161 180 2.83964
161 199 4.024
161 206 -2.91766
162 174 8.36161
162 179 7.16507
162 194 0.967452
162 196 -2.71175
162 207 3.46533
162 208 -3.91844
164 171 -1.17093
164 181 -0.0157726
164 191 -4.14515
165 190 1.23154
165 197 0.15905
166 168 -9.78795
166 192 -5.69129
166 274 -5.9645
166 280 -8.79132
166 313 -6.42793
166 341 -3.01573
166 389 -0.418426
166 400 -3.9688
166 421 -5.05318
167 170 0.092838
167 182 -1.07999
167 183 0.0149452
168 173 -5.53733
168 195 -8.98936
168 200 -5.53733
168 232 -5.53733
168 274 -5.53733
169 170 -1.95015
169 182 -7.23936
169 184 1.91067
169 186 0.0478182
169 187 6.65526
169 189 2.29029
169 193 -7.39031
169 202 -3.43706
169 212 -5.53733
169 217 -10.3815
169 220 -1.37165
169 222 -15.1711
169 226 -2.85347
170 182 0.126863
170 183 0.0127418
171 191 -4.14515
171 211 -0.789712
171 213 10.1601
171 215 2.76921
171 239 -2.64699
172 173 0.0720914
172 195 0.0639238
172 200 -0.063022
173 200 -0.0310601
174 179 1.21064
175 209 12.7022
175 215 3.59653
175 244 -2.71175
175 253 1.44559
176 201 -9.39403
176 202 -8.57661
176 219 -1.81446
176 230 -6.29535
177 178 0.0293637
177 180 0.105588
177 201 -15.6129
177 206 -1.70894
177 225 -3.57445
178 180 0.0192802
180 206 -0.330359
181 191 -0.81228
182 183 0.040562
184 186 2.84296
184 187 1.78231
184 189 1.43936
185 192 -9.26974
185 198 -7.90047
185 255 -0.023346
187 189 3.68303
188 204 -8.51952
188 228 -3.57445
188 237 7.74232
188 254 2.10127
191 211 -0.618144
192 255 -3.73241
192 280 0.584119
192 283 -1.02216
193 196 -2.09041
193 220 -1.72077
193 221 -1.72077
194 208 -1.95015
194 218 -3.31536
195 200 -0.322728
195 232 -2.18321
195 279 -6.75564
195 346 -5.22169
195 392 -2.18405
195 408 -2.93164
196 207 -6.6812
196 221 1.03907
196 223 -6.15137
198 205 0.017681
198 227 -0.809452
198 243 -11.296
198 255 -2.06181
198 280 -2.14198
198 283 -5.53733
198 318 -3.57445
198 351 -2.78039
199 206 -1.12464
201 225 0.0160791
201 230 -1.45452
201 238 -3.91844
201 247 -0.0321582
202 219 0.0544848
202 226 -1.2528
202 234 -3.91844
204 228 2.71941
204 242 -2.71175
204 249 -7.87318
205 216 -0.179458
205 227 -0.279349
205 243 -0.204634
205 246 -1.91493
206 210 0.019216
206 214 -1.88132
206 225 -0.884254
207 208 -4.8442
207 218 -3.73241
207 223 -9.83278
208 218 -0.867703
209 253 1.08303
209 259 -10.3815
209 282 -3.91844
210 214 -0.26904
211 213 -0.412993
212 217 1.10016
212 220 -5.53733
212 221 -3.37106
212 235 -1.23277
212 236 -2.25849
212 240 0.94415
212 248 0.0403669
212 261 -0.0865384
212 262 -9.3911
212 295 1.71923
212 299 0.102182
212 300 0.188066
212 301 -0.479478
212 311 -0.00916693
212 316 0.610271
212 333 0.934162
212 340 0.0380053
212 350 -2.27269
213 239 -3.87491
213 242 -1.27799
213 251 -8.58127
213 270 -3.57445
214 225 -2.96717
214 229 1.46068
214 247 -7.16946
215 239 -1.81446
215 244 -4.8442
216 246 -1.10372
217 222 -3.91844
217 231 -6.09575
217 235 -4.3628
217 236 -2.02666
217 241 -8.01346
217 248 1.21064
217 281 -2.06181
217 289 -10.3815
217 295 0.418453
217 299 0.605552
217 311 -0.0214477
217 324 -0.305845
217 348 -3.43706
218 223 -6.63072
218 224 -5.53733
218 233 -7.00999
218 250 -11.6161
218 258 0.421995
218 263 -0.0884972
219 230 0.0856502
219 234 -3.91844
220 221 -1.98633
221 223 -4.8442
221 233 -4.43612
221 261 0.0865386
221 275 -1.47101
221 276 2.18405
221 296 2.36866
221 301 -5.08749
221 352 -1.04226
221 373 -7.02825
221 387 -1.18877
221 397 -3.43706
221 420 7.38963
221 437 -0.582464
221 453 -4.19532
221 477 1.63282
221 490 -2.22758
221 504 -1.83233
221 505 2.18405
221 512 -0.618144
222 226 3.50933
222 231 7.82603
223 233 4.37144
224 250 -1.74254
224 259 -3.43706
225 247 -2.91783
226 231 6.02711
226 234 -7.19888
227 243 0.386023
227 246 -1.75131
228 245 -4.56193
228 249 -2.78039
228 260 -0.81228
229 246 -1.47101
229 247 -5.53733
229 257 -20.7572
230 234 -7.65085
230 238 -0.728204
230 264 -11.5013
230 268 0.135646
231 234 -10.3815
231 265 4.64594
231 267 1.5444
231 289 -2.36822
231 309 -10.971
232 274 -2.27269
232 297 -1.42058
232 341 -2.24774
232 354 -0.485476
232 392 -0.29626
233 258 -0.259588
233 266 2.69777
233 271 -2.36822
233 276 -6.75564
233 290 -0.148121
233 302 2.47197
233 321 -1.27785
234 264 -0.369897
234 309 -1.88061
235 248 -9.92413
236 240 -2.22758
237 245 -5.53733
237 254 0.0700632
237 278 -1.75131
237 284 -6.3687
237 293 -4.8442
237 305 -2.72927
237 326 -8.74338
238 247 -5.53733
238 268 -2.58569
238 269 -3.10675
239 244 0.0544848
239 251 -0.0544849
239 252 -0.601089
240 262 -2.27269
241 248 -6.78205
241 295 -2.10127
242 249 -5.08554
242 270 -1.78253
242 273 -0.924411
243 246 -4.14515
243 285 0.886457
243 320 -11.7523
243 325 -0.023346
243 351 -11.8927
243 376 0.369897
243 379 -3.57445
244 252 -0.867703
244 253 -1.81446
245 260 -0.458136
245 326 -5.42739
245 343 -12.7011
245 353 -0.30209
245 360 -2.63602
245 409 -0.905358
245 432 -0.905358
246 257 -7.26317
246 285 -2.10127
247 257 4.5958
247 269 -19.2342
247 286 -7.87756
247 306 -2.14198
248 295 0.393087
249 260 -6.42793
249 273 -2.64699
249 329 -4.43612
249 330 -6.98293
250 259 -5.53733
250 263 -5.53733
250 272 -8.58127
250 291 -2.78039
251 252 -4.43612
251 256 -1.72077
251 270 -1.86338
251 277 -1.27785
251 292 -10.3815
251 317 -6.08405
252 253 -1.14578
252 282 -2.02352
252 292 -2.31952
253 282 -9.68249
254 293 -1.90396
255 283 -3.73241
256 292 -6.74813
257 285 -5.53733
257 306 -13.4255
257 334 -0.242411
258 263 -0.0884972
258 266 -0.2788
258 271 -1.39593
259 272 -1.32783
259 282 -0.663916
260 330 -1.27785
260 342 -2.41897
260 343 -4.14515
261 262 -3.73241
261 275 -1.74981
262 275 -0.451047
262 300 -5.44151
262 301 -4.43612
263 271 -2.64699
263 290 -0.0544849
263 291 -0.83062
264 268 -2.09309
264 287 0.443415
264 288 0.0781834
264 294 0.0657375
264 308 -1.0731
264 309 0.553928
264 328 3.71478
264 347 -4.43612
265 267 0.86675
265 289 -3.16642
265 298 -8.32098
265 307 0.38268
265 315 -0.0856503
265 324 -2.24941
265 338 -0.0266832
266 271 -5.53733
267 307 0.962998
267 309 -5.53985
268 269 0.163779
268 287 -0.586215
268 288 -0.055113
268 294 -0.0691227
268 303 -0.704796
268 309 -0.276691
268 310 -0.517023
268 328 -0.277132
269 286 -5.88714
269 303 -6.97916
269 314 -21.0037
270 273 -3.54775
270 277 -0.885871
270 317 -1.32411
270 337 0.0700632
271 290 -0.242411
272 282 3.94479
272 291 -1.18877
272 312 -0.023346
272 322 0.0625381
273 329 -1.39593
273 337 -1.21064
274 297 -0.168604
274 313 -10.3008
275 301 -2.79493
276 296 2.52776
276 321 -2.6287
276 336 0.0779503
276 355 -0.100873
276 365 -3.57445
276 371 -0.467192
276 391 -0.163779
276 399 0.151598
276 403 -0.550041
278 284 -0.198565
278 323 -0.636729
279 346 -2.52745
280 283 -1.47101
280 318 -3.70147
280 351 -2.58569
280 361 -0.584119
280 384 -2.14198
280 411 -0.483906
280 421 -1.95015
281 299 -3.46472
282 292 5.68358
282 322 4.37189
282 344 0.0624407
282 359 2.37987
283 318 -1.98633
284 293 0.914412
284 305 3.93575
284 323 0.749479
284 326 0.8095
284 360 3.50199
284 377 5.39548
284 404 -2.47197
284 407 -0.0538446
284 409 -1.21064
285 320 -1.63282
285 325 -0.0544849
285 334 -3.20605
286 306 -0.101248
286 314 0.931888
286 319 -1.40189
286 327 -5.03161
287 288 0.0395095
287 294 0.835544
287 308 -0.0370938
287 328 0.268809
288 294 0.0282931
288 308 -0.0314433
288 328 0.0394818
289 324 -4.65804
290 302 -0.305845
290 304 -0.56723
290 321 -1.34772
291 304 -1.81446
291 312 -0.669846
291 321 0.0233459
292 317 2.10127
292 337 -5.53733
292 345 -7.30686
292 359 0.557866
292 369 1.88061
292 374 4.71997
292 405 -0.975455
292 413 3.8424
292 438 7.10737
292 442 0.866978
293 305 2.93164
293 331 2.94366
293 377 0.339692
293 388 6.1473
293 407 0.0407737
293 409 -0.0573718
294 308 -0.0354205
294 310 -5.68703
294 328 0.375981
295 299 0.851543
295 311 -0.0655161
295 332 -0.868847
295 348 -7.81002
295 350 -2.58569
296 371 -0.0595932
296 399 3.64446
296 427 -1.76824
296 444 -0.0155725
296 453 -0.433458
296 455 0.629649
297 313 0.674048
297 341 -0.140883
298 307 -0.761836
298 315 -0.392086
299 311 -0.0400403
300 301 -0.0264496
300 316 0.0524007
300 333 0.0536895
301 333 -0.859696
301 340 -0.0380008
301 352 -3.20605
302 321 -1.95015
303 310 -8.33676
303 314 -0.618144
303 356 -2.41897
304 321 -0.418426
306 325 -0.116857
306 327 -22.1245
306 334 -1.06254
306 363 -1.18877
307 309 -1.75131
307 315 1.34785
308 328 -2.45533
309 315 -1.277
309 335 -0.933668
309 347 -7.54287
309 348 -3.91844
310 328 -1.81446
310 349 -2.47197
310 356 -5.53733
310 362 -8.85269
310 393 -11.0747
310 402 -7.22035
310 450 -1.95015
312 321 -2.22758
312 322 -1.72077
313 341 -0.423603
314 319 -4.321
314 356 -2.82391
314 378 0.369897
315 335 0.885605
315 338 0.533685
315 348 -2.93927
317 337 -2.71175
319 327 -4.8442
319 358 0.83062
319 378 -3.91844
320 325 -13.6969
321 322 -3.57445
321 336 -5.86189
321 344 -7.3555
321 355 -0.116857
322 344 3.91844
323 326 1.78798
324 338 0.0832468
324 348 -1.91897
325 334 -0.120677
325 363 0.101247
325 379 -1.66155
326 353 -0.669846
326 360 3.74423
327 358 -13.2256
327 363 -0.962998
327 379 0.531496
327 418 2.2184
327 502 -4.43612
328 347 -4.14515
328 349 -3.22591
328 362 0.00520501
328 368 1.12185
328 398 -0.223452
329 330 -0.0974138
329 337 -0.226632
329 339 -0.0487069
329 342 -0.500431
329 345 -1.02216
330 339 2.54778
330 342 -1.14799
333 340 0.038002
335 348 -3.89573
336 355 -9.84071
336 371 0.0957405
337 345 -4.8442
337 369 -3.57445
338 348 -0.289934
339 342 -0.153828
340 350 -3.20605
340 352 -4.8442
341 354 3.02318
341 389 -2.35381
341 392 -0.255211
342 343 -0.369897
342 345 -3.73241
342 367 0.652434
343 367 -1.21064
343 406 -4.53016
343 432 -2.52745
344 355 -2.27269
344 359 1.02572
344 375 3.31536
344 391 -1.95526
344 405 -0.172298
344 416 7.66112
344 424 0.451047
345 367 -15.4386
345 369 -9.26974
345 406 -1.66728
345 432 -3.91855
345 438 -5.53733
345 461 -1.12464
345 476 -0.730592
345 492 0.429395
346 408 -2.27269
346 414 -0.110913
347 348 -2.52745
347 357 -17.4514
347 368 -11.0747
347 415 -3.73241
347 422 -4.14515
347 426 -5.53733
347 443 -0.905358
348 350 -1.78253
348 357 0.943623
348 364 -11.0747
348 370 -11.0747
348 372 -6.16014
349 362 -3.48519
350 352 -2.71175
350 364 -9.26974
350 373 -5.53733
350 390 -14.1186
350 412 -0.704796
350 419 -1.6775
350 434 -2.02352
350 448 0.517023
350 454 -4.43612
351 361 -2.64699
351 376 -5.95712
351 384 -0.517023
351 411 -2.36822
351 417 -0.601089
352 373 -9.68249
353 360 -0.81228
354 389 -0.248071
354 392 -0.225781
355 365 0.305082
355 366 -2.13758
355 371 -0.714986
355 375 -1.98633
356 378 -1.12464
356 393 0.0324569
356 396 -0.0162283
357 364 -7.9563
357 370 -5.53733
357 372 -10.93
357 410 -0.618144
357 422 -3.46838
357 423 -1.20825
358 378 -5.18996
358 393 -1.97899
358 418 -5.53733
358 457 -1.06254
358 464 0.249338
359 374 0.0640046
359 405 -0.254148
359 413 0.0442717
359 416 0.202639
360 395 3.24307
360 404 -3.18645
360 409 -2.27269
361 384 -0.704796
362 368 0.0232848
362 380 0.86811
362 398 -0.104415
362 402 0.608551
363 379 -0.386023
364 370 5.5052
364 381 0.310566
364 382 -0.00425419
364 383 0.0168392
364 385 0.220967
364 394 -0.000420381
364 410 -0.0608738
364 412 -2.18405
365 366 -1.11865
365 371 -1.45044
365 391 -3.43706
366 375 -1.63282
366 391 -2.36822
367 406 -2.06181
368 398 -0.965391
368 402 -0.0369205
368 415 -3.20605
368 426 -0.00778178
368 429 -6.79215
370 372 2.32003
373 386 -4.44194
373 387 -1.59623
373 390 -0.467445
373 397 1.27785
374 405 -0.0794458
375 391 -1.30083
376 379 -7.3555
376 401 -0.233843
376 417 -0.210882
377 407 -0.0538484
377 409 -3.44605
378 393 2.58569
378 396 -6.3128
379 401 -10.3815
379 433 -5.53733
379 447 -9.68249
379 502 -4.43612
380 398 -0.0303141
380 402 0.0361662
381 383 -0.000154641
381 385 0.00566526
381 394 0.0143273
381 410 -0.853955
381 412 -8.35456
382 383 -0.186835
382 394 1.33738
382 412 -8.41866
383 385 -1.78814e-07
383 394 -0.0331835
383 412 -4.8442
384 411 -1.04226
385 412 -4.14515
386 390 -1.57696
386 397 -3.09242
387 397 -0.724233
388 407 0.153915
389 392 0.0423673
389 400 -0.626716
390 397 0.0233459
390 419 -3.73241
390 420 -0.775982
391 399 0.00778166
391 403 -3.73241
391 424 -0.148121
391 427 -4.14515
392 400 -0.872028
392 408 -0.242411
392 414 0.399286
392 436 -0.161244
393 396 -4.12932
393 443 -12.8885
393 450 -10.3815
393 457 -7.7207
393 474 -5.53733
393 480 -4.43612
393 483 -3.43706
393 496 -5.53733
393 503 2.43623
393 508 1.71189
393 521 -3.57445
394 412 -14.1139
395 404 -2.27269
395 409 -2.98566
397 420 -2.35889
398 402 -0.0396116
399 403 -1.42783
399 427 -5.25152
400 414 -0.477556
400 421 -2.93164
400 436 -0.0954425
400 440 -0.0204529
401 417 -0.0421293
401 433 0.0842586
402 429 -1.47101
402 450 -3.91844
404 409 3.79935
405 413 -2.70334
405 416 -0.92808
405 438 -0.175642
405 441 -2.02352
405 446 -4.51502
405 458 -1.52308
406 432 3.49799
406 492 -0.0304567
407 409 4.1132
407 439 5.23029
408 414 -2.18405
409 425 5.22169
409 432 6.9656
409 439 3.7029
409 445 0.483281
409 492 -0.0456851
410 412 -0.905358
410 423 -2.85347
411 417 -0.919708
411 421 -0.81228
411 433 2.93164
412 423 0.148121
412 428 -0.740165
412 430 -0.83062
412 431 -4.43612
412 434 -4.94553
412 435 -3.73241
413 438 0.441059
414 436 -2.0872
415 426 -0.321795
416 424 2.41897
416 427 -2.78039
416 441 4.34241
416 444 -2.85347
416 446 5.63387
416 456 -5.53733
416 469 0.226632
416 470 4.43612
416 479 3.94297
417 433 -4.94326
418 464 -1.02216
418 480 -5.53733
418 496 -4.8442
418 502 -11.0747
418 518 -5.53733
418 521 -5.53733
418 527 2.71149
418 531 -2.02352
419 420 -2.71175
419 437 -9.97346
419 454 -2.27269
420 437 -2.8674
421 433 -7.21536
421 440 -0.924411
422 423 0.0598192
422 443 -7.74828
423 435 -7.73531
423 443 -0.469438
424 427 -5.96022
426 429 -8.7141
426 443 -7.14891
426 450 -5.98644
427 444 0.0233459
428 434 -1.57005
429 450 1.52308
430 431 -1.72077
430 435 -0.386023
430 448 -1.95015
431 434 -0.0856503
431 448 -3.57445
432 439 4.12693
432 445 3.92363
432 461 2.83824
432 463 8.37558
432 476 2.82583
432 484 8.48763
432 491 6.37466
432 492 -0.485707
432 493 0.703709
432 507 5.49972
432 509 2.15352
432 513 3.8412
432 515 0.000603523
432 536 1.4159
433 440 5.2392
433 447 5.90104
433 449 6.41784
433 459 4.62906
433 471 1.63282
434 448 -12.8639
435 443 -6.6812
435 448 -9.45578
435 452 -0.111058
435 467 -0.0555291
436 440 0.753874
436 449 1.61029
436 451 5.39905
437 454 -0.83062
437 460 -11.527
437 487 1.32615
437 504 0.165334
438 442 1.03796
438 458 -7.71961
438 473 -0.0958376
438 486 -0.809241
438 492 -11.0747
438 500 0.754417
439 492 -0.0304567
440 449 6.43127
441 446 3.73241
443 450 1.0769
443 452 -5.53362
443 462 0.513137
443 466 0.571427
443 483 1.31964
443 485 -0.0354259
443 488 1.01187
443 489 -3.7482
443 508 -8.85269
443 525 -6.47929
444 455 -0.031145
444 456 -0.305845
445 492 -0.0304567
446 458 -3.20605
446 470 4.59221
446 473 -3.20605
446 477 -12.1074
446 479 2.75911
446 495 -13.6068
446 542 -3.57445
446 557 -4.14515
446 573 -1.51395
446 575 0.176909
447 471 7.95169
447 475 1.39711
447 502 8.70468
448 454 -4.43612
448 467 -4.77635
448 468 12.0114
448 472 3.75066
448 478 4.3507
448 482 3.72052
449 451 2.42904
449 459 3.10675
449 465 4.78597
449 471 7.66851
449 475 12.1834
449 481 -0.379828
449 498 2.41604
450 452 -0.426569
450 462 0.519091
450 466 1.13365
450 483 0.413184
450 485 -0.0223021
450 488 0.336339
450 489 -0.10179
450 525 -0.288069
451 465 0.62883
452 462 -0.412618
452 466 -0.434011
452 467 3.02788
452 478 -3.6162
452 483 -0.323528
452 485 0.0294437
452 488 -0.535116
452 489 0.0380986
453 455 -2.74286
453 477 -1.32411
454 460 -6.9304
454 468 -1.84714
454 487 1.23277
455 456 -4.25162
455 477 2.4658
456 469 -3.57445
456 477 -1.34772
457 464 -0.687271
457 474 0.038913
458 473 -3.03957
459 471 2.71433
460 487 -2.7118
461 492 -0.0152284
462 485 -0.00942336
462 489 -0.0172067
462 525 -0.759843
463 492 -0.0152284
464 474 -3.20605
464 480 -1.30083
465 481 -0.473216
465 498 5.39649
465 501 3.16687
466 485 -0.00392481
466 489 -0.0478448
466 525 -0.177605
467 478 -2.66932
468 478 3.73241
468 482 2.93164
468 487 -9.54362
468 514 -4.8442
468 524 3.73241
468 545 1.02216
469 477 -5.76558
469 479 0.566708
469 506 -0.556394
471 475 3.20604
473 486 0.0677237
473 495 -2.91902
474 480 -1.47101
475 494 2.31723
475 498 4.70287
475 502 6.53752
475 517 3.13652
476 492 -0.112244
476 515 0.00430138
477 479 -7.65085
477 490 -6.21935
477 506 -4.43612
477 533 -0.0175635
477 538 -3.03693
477 549 -3.57445
477 575 -2.76046
477 587 0.113316
478 485 -0.87245
478 497 4.56169
478 511 3.1287
478 524 0.422405
479 506 -1.85172
480 496 -0.00778178
481 498 -0.506365
483 489 -0.0528896
483 525 -0.17402
484 491 2.06181
484 492 -0.0152284
485 489 0.961572
485 511 -12.6817
485 525 0.0667491
485 545 -7.75148
485 553 -0.0857787
485 566 -2.85347
485 574 -0.0522768
485 582 -3.01573
486 495 -2.47197
486 500 -0.250309
487 504 1.28738
487 514 3.27535
487 541 -0.00102501
487 563 0.0211322
488 489 -0.0478535
488 525 -0.177632
489 508 -3.89254
489 525 1.3908
489 528 -2.36822
489 553 -0.260911
489 574 -4.54789
490 505 -0.467445
490 512 -6.10161
490 533 -2.19931
490 537 -1.08303
491 492 -0.0457575
491 493 3.4336
491 507 3.43706
491 510 7.2519
491 513 4.76247
491 529 11.61
491 536 3.57445
492 493 -0.0305291
492 500 -3.91844
492 507 -0.0610582
492 509 -0.0305291
492 513 -0.0915873
492 515 -5.31254
492 536 -0.0610582
494 502 1.00829
495 500 -4.43612
495 516 -16.4365
495 542 0.297353
496 521 -3.93537
498 501 5.20964
498 517 9.50272
498 520 2.02352
499 502 3.21583
500 515 -6.74813
500 516 -0.817448
500 519 -1.2911
500 535 0.303475
500 542 -2.64699
500 571 4.68669
500 576 -0.00318925
501 517 9.01569
502 517 1.64364
502 518 6.93845
502 523 3.01573
502 530 6.66405
503 508 2.06469
503 521 -4.14515
503 528 5.11886
504 512 -8.59687
504 514 0.0803868
504 541 -0.000512505
504 563 0.0105661
505 512 -2.60267
507 509 6.57647
507 510 5.78512
507 515 15.0727
507 529 5.8692
507 543 1.76502
508 525 -1.67679
508 528 2.75593
510 529 1.44559
511 524 4.92121
511 545 7.2637
511 546 2.78039
512 514 -0.0301693
512 532 -0.0938905
512 537 -2.27269
512 541 0.0255766
512 563 -0.0175449
513 536 3.57445
514 532 0.157549
514 541 -0.0874622
514 545 -9.26974
514 554 -0.002087
514 556 3.09507
514 563 4.81738
514 566 -4.55955
514 567 0.337785
514 568 3.08698
514 593 8.6805
514 599 0.447644
514 602 13.1615
514 624 -0.277046
514 632 -1.00226
515 519 -3.20605
515 522 -2.10127
515 535 -11.585
515 543 7.76421
515 564 10.6512
515 569 0.191307
515 571 -2.78039
515 583 2.85347
515 584 6.02116
515 586 0.649879
515 609 0.108137
515 614 3.90082
516 542 -1.34772
517 520 3.91844
517 526 4.8442
517 530 5.12256
517 534 6.93845
517 547 0.116857
518 523 12.0041
518 530 0.858841
518 548 -0.471382
518 558 0.0494407
518 565 0.0225782
518 577 -0.0159028
519 522 -0.00833945
519 535 -2.32344
521 528 -2.52745
521 531 -0.642922
522 535 0.0166789
523 530 4.98858
524 545 2.18405
526 534 1.66155
526 547 0.321795
527 531 -8.15956
527 548 -4.86396
527 561 2.78039
527 577 -3.05904
527 579 -2.49217
527 601 -1.03743
527 612 1.50563
527 629 -8.94529
527 667 -0.408517
528 531 0.993975
528 550 0.942268
528 574 1.03784
528 579 0.20696
528 627 0.0136275
529 536 3.57445
529 543 4.43612
529 544 15.2925
529 551 2.47197
529 555 1.81446
530 534 1.25517
530 540 8.88118
530 548 -0.167375
530 558 6.33387
530 565 0.0308182
530 577 -0.0376125
531 550 0.839033
531 561 -3.20605
531 574 -0.000961632
531 579 3.96308
531 627 0.0189834
532 541 -0.831132
532 563 0.0105661
533 538 0.162522
533 541 -1.30083
533 549 -4.8442
533 554 -4.59485
533 567 -1.60463
534 540 3.57445
534 547 9.24388
534 552 3.79555
534 560 2.85347
536 539 9.11775
536 555 4.80014
536 570 4.78438
536 572 0.429015
537 541 -6.31809
538 549 -3.31536
539 555 0.81228
539 570 2.83657
540 558 7.10666
540 560 6.33664
541 554 -0.0197329
541 556 -0.00111212
541 563 -0.179117
541 568 -0.00111212
541 599 -0.00111212
541 602 -0.00333635
542 557 -4.79504
542 576 -1.06297
543 551 1.52308
543 569 5.85652
543 584 5.5215
543 591 7.99753
544 551 3.73241
544 555 3.31536
544 592 9.84102
544 596 4.03537
544 608 2.15547
544 615 1.37165
545 546 4.14515
545 562 8.15948
545 566 9.33785
545 568 -4.8442
547 552 3.61767
547 559 6.8569
547 560 10.1993
548 558 -1.77372
548 565 -0.0371887
548 577 5.22244
548 578 1.37851
548 601 4.62884
548 612 -0.0694118
548 633 0.147631
549 567 -2.88988
549 585 -4.56293
549 587 -0.258219
550 574 1.7058
550 579 0.018511
550 627 0.0418664
551 591 1.21064
551 592 2.10127
551 615 0.962998
552 560 2.14198
553 574 3.54366
553 582 -5.67572
554 563 0.760229
554 567 -2.98602
554 593 0.0209147
555 570 4.62035
555 589 6.08064
555 596 1.56277
556 563 0.0105661
557 573 -1.08303
557 576 0.025883
557 595 -0.335728
558 560 3.91844
558 565 0.111438
558 577 -1.96076
560 577 -0.116857
560 590 3.20604
560 600 9.99628
560 601 -1.04226
560 610 -0.0581863
560 616 -0.135615
562 566 4.43612
563 568 0.0186571
563 593 2.35953
563 599 0.0186571
563 602 0.0559713
564 571 -4.75503
564 586 4.48567
565 577 -0.0350694
566 581 2.85347
566 582 7.87336
566 598 8.54442
566 599 -0.731242
567 585 0.230985
567 587 -0.00987949
567 613 0.618585
567 632 -13.9706
567 649 -0.425123
567 662 -0.653783
567 663 1.28553
567 671 -0.354053
567 676 -0.146719
567 679 -0.190811
569 584 2.48368
570 572 3.41611
570 589 10.5367
570 597 4.81219
571 576 -0.00624373
571 580 4.33572
571 586 -2.36822
571 594 -0.00152724
571 603 -0.483906
573 575 -0.815827
573 595 -0.758016
574 582 -2.78039
574 606 0.618144
574 618 -8.61127
574 619 -1.30083
574 627 -5.61022
574 630 -1.78986
574 644 -2.06181
574 652 -5.53733
575 587 -0.512245
575 595 -4.37655
576 594 -0.0234746
576 595 -0.191625
576 605 -0.0265115
576 607 -0.770104
577 578 0.114017
577 601 5.24035
577 612 -0.32412
577 633 0.147631
579 604 -4.98389
579 627 3.6411
579 629 3.8296
580 586 -1.49683
580 588 -3.25275
580 603 -3.31536
581 582 3.73241
582 598 4.89853
582 606 -2.22758
582 619 1.34075
582 630 3.3953
583 584 2.06181
584 591 7.21651
584 614 2.10127
584 617 2.47197
585 587 -2.62794
585 613 0.0199439
585 671 -0.0739993
586 588 1.6124
586 609 3.89667
586 614 7.43939
586 620 -0.125243
587 595 -2.79512
587 613 -0.0397029
588 603 -1.12464
588 609 0.532243
588 620 -0.0243611
589 596 5.39206
589 597 12.9708
589 608 5.74592
589 611 6.49477
589 628 2.02352
589 634 10.4006
589 646 7.3512
589 661 8.22176
589 674 2.36822
591 614 3.20604
591 615 8.3796
591 617 1.63282
591 621 6.1961
591 650 4.98758
592 615 3.91844
594 603 0.016044
594 607 0.0469494
594 642 -0.0234747
595 605 2.51613
595 607 -0.178215
595 613 -3.40389
595 642 0.381733
596 608 1.60463
597 628 7.6599
597 634 1.28874
597 647 1.49683
597 656 2.70774
598 599 -0.744588
598 619 0.589421
598 630 0.144026
598 636 2.56781
598 637 0.374825
598 638 3.8128
598 645 2.31952
598 648 0.191771
598 657 0.0267186
598 660 -0.474549
599 602 10.2385
599 637 -2.60022
599 660 1.93111
599 683 3.43706
600 610 -0.17546
600 626 1.98633
600 635 -0.635286
600 639 -0.163779
601 610 -0.384075
601 612 -0.30911
601 616 4.04579
601 623 7.55331
601 633 3.19059
601 635 2.26388
601 639 5.56672
601 641 0.628935
601 651 18.71
602 624 -3.13334
602 631 3.01573
602 658 3.94243
602 668 6.65419
602 683 1.75131
603 607 0.0747703
603 620 -3.57445
603 622 0.038913
603 625 -2.08764
603 642 -0.070959
605 607 -1.81853
605 642 0.735413
606 619 -0.56723
607 625 -8.57661
607 642 -1.66468
607 655 -0.0916893
608 615 7.38881
608 650 1.18552
608 661 3.43706
608 674 1.19859
609 614 3.25979
609 620 -0.10208
609 640 5.33823
609 643 -1.21064
609 669 11.167
609 677 6.73974
610 616 -0.188254
610 635 -0.0965537
612 629 -0.0984412
612 633 -0.450976
612 641 -0.220823
612 651 -0.242935
612 667 -2.65033
613 642 -2.02326
613 649 -2.46811
613 671 -0.179698
614 617 6.03839
614 620 -0.0363835
614 650 3.91844
614 659 11.1703
614 665 2.14198
614 673 3.10675
614 677 5.23268
615 650 0.586228
616 633 0.0492105
618 627 -0.547293
618 644 0.0101619
619 630 2.31993
619 636 0.127591
619 648 -0.0314355
619 652 -0.029488
619 653 -0.246634
619 657 -0.0333831
620 622 -0.274059
620 643 -0.17767
622 625 -0.849093
622 643 -6.30768
623 633 0.098421
623 651 2.52645
624 631 -0.56723
624 632 -4.21766
624 666 0.234277
624 668 -0.177964
625 643 -2.53343
625 655 -2.63777
626 639 -2.75808
627 629 4.05142
627 644 -0.0392056
627 652 2.5072
627 670 6.31647
627 675 5.62789
627 681 2.47035
628 634 1.06156
628 647 2.40071
629 664 2.54937
629 667 3.07606
629 670 2.07455
630 648 -0.200976
630 652 -1.7065
630 657 -0.662117
632 662 0.56723
632 666 -2.78039
633 641 0.572883
633 651 4.61653
633 667 -3.67718
634 647 0.648544
634 656 1.28874
634 674 1.44559
635 639 3.11338
636 648 3.27674
636 653 -0.246949
637 638 1.97894
637 660 -2.43925
638 645 1.84714
638 660 -4.19725
642 649 0.184493
642 654 -0.730638
642 655 1.46748
642 671 6.54535
643 655 -2.64699
643 669 -0.982543
643 682 -10.731
644 652 -0.0136526
644 670 -0.0016201
644 675 -0.00486031
644 681 -0.0016201
645 648 6.75029
645 660 -5.06353
646 661 1.16715
648 652 0.271998
648 653 -0.739579
648 657 4.5977
648 672 1.68189
649 654 -0.513079
649 671 1.65347
649 679 0.64871
650 659 1.72077
650 665 5.96022
650 674 6.14675
651 667 -0.484982
651 678 7.24753
651 680 -0.50384
652 657 5.91317
654 671 -0.132481
655 671 0.207997
655 682 0.572656
657 672 1.21064
659 665 7.45151
659 673 4.76841
661 674 5.14537
662 663 -0.567772
662 666 -3.73241
663 671 -0.0369996
663 676 -0.0733443
663 679 -0.00895171
666 668 2.68171
667 678 -0.451047
667 680 4.02201
669 682 0.132481
670 675 1.57594
671 676 0.00409958
671 679 7.45885
671 682 0.899221
675 681 1.72077
676 679 0.0196987
678 680 -0.959241
