MULTICUT
1 45 0.5672301020452246
0 1 -0.5504199144331001
0 1 -0.6010891274007599
1 3 2.7117470592609445
2 3 2.93164334365634
3 11 3.2060450031958343
1 4 3.574453703354731
0 5 1.347717671142901
1 5 -0.7580155848378691
1 5 -2.2726892867301896
1 7 1.2778513804684322
5 6 1.445594446330888
1 6 1.0022628750411067
4 45 0.023345926266394867
1 6 -1.986327866288225
6 7 0.9244109312539295
6 8 1.8471390342477205
7 8 -0.13248112001244716
4 9 -1.042255157127819
1 9 -0.33778538326100627
9 45 1.6328169387983074
1 10 0.07006324471763459
9 10 2.368217406966919
1 8 -2.368217501379304
1 12 1.445594446330888
10 12 4.145152023550564
3 15 2.93164334365634
1 15 2.0618119072200103
9 12 2.2726891994400433
12 13 3.574453703354731
1 13 2.7117470592609445
12 14 2.5856857384930256
9 14 0.7759821143416219
13 14 1.124638707269666
1 16 4.145152023550564
14 45 1.6908566753683048
1 18 2.8534721380276795
3 17 2.141984057957801
13 45 -1.042255157127819
13 19 -0.22663222628581936
1 19 -0.25821891342749526
15 21 -4.844202616288199
19 45 -0.10124760698692858
1 20 0.652518806521984
3 21 -3.732408358890588
17 21 -4.844202616288199
3 21 -4.844202616288199
19 20 0.1168571278983801
3 22 -3.9184428135768994
3 24 -4.43612156009328
21 22 3.9184427168471876
22 24 4.145152023550564
3 23 -5.53733426701854
11 23 -3.43705550120135
1 21 -4.844202616288199
23 24 3.2060450031958343
20 25 1.6615501074318497
1 25 0.03891301945135828
20 45 0.35381849771398977
11 24 -4.844202616288199
26 45 2.4719660016221714
20 26 0.4674453385798212
25 26 1.1671515377428254
1 27 -4.145152083743929
1 28 -3.9184428135768994
27 28 0.9436225830949259
1 30 -3.732408358890588
25 45 0.2899341161553104
27 30 3.7324082779400585
1 29 2.141984057957801
1 31 -4.145152083743929
1 45 -0.7401649710893459
30 31 3.4370554399806776
29 45 -0.8122801326543725
21 28 0.21088184704301205
22 32 2.418966462073592
24 32 3.9184427168471876
29 34 0.369896870073811
1 36 -4.844202616288199
21 33 3.574453703354731
22 33 0.21088184704301205
31 36 3.7324082779400585
32 33 1.3716527928075883
34 45 -0.16377929735639296
28 42 1.2778513804684322
21 42 1.6908566753683048
21 35 3.9184427168471876
33 35 2.101269714871794
24 38 -2.7803933790295874
24 39 3.7324082779400585
11 39 -4.844202616288199
1 34 0.007781661256567096
1 41 1.880614156109223
21 37 4.436121480203944
34 41 1.3241144775306468
1 44 0.5170228985401271
24 40 -1.9501526936104758
36 44 -3.732408358890588
38 40 0.1481210376275779
21 33 3.4370554399806776
38 43 1.3959338990403656
24 43 -1.5769600686022973
32 40 0.5504197869721676
40 43 0.7401648358628796
21 32 3.4370554399806776
39 43 -0.533685124626992
1 45 0.7224263377855422
44 45 3.10674997290245
39 178 1.7513136084096503
11 178 -4.844202616288199
11 51 0.48390574875928927
43 47 -1.6328170469254393
11 46 1.9149341938214999
39 47 2.5274488884529975
46 51 2.0618119072200103
40 49 0.007781661256567096
43 49 -1.0022630255891705
11 51 0.054484828546315534
47 49 -0.618143736811748
41 45 -0.17945749696390423
28 48 1.9501526258096291
42 48 0.9629978960423582
27 48 -0.5672302300910688
21 48 -0.33778538326100627
32 49 0.8490926297285697
30 50 1.9149341938214999
31 50 3.574453703354731
27 50 2.2275794437459226
11 53 1.604628978813839
53 178 -5.53733426701854
51 53 1.986327796610479
45 52 3.574453703354731
45 54 3.10674997290245
45 55 2.368217406966919
47 56 -0.16377929735639296
44 55 1.986327796610479
49 56 -1.5497854889223055
39 56 -0.4674454634335292
52 54 2.5856857384930256
32 56 -0.5004308444200505
44 45 1.7825318837304605
32 58 4.145152023550564
51 62 3.015725255756913
21 58 2.8534721380276795
52 57 0.982542654754837
44 57 2.418966462073592
54 57 2.8534721380276795
32 59 3.9184427168471876
56 59 -0.9436227297103521
45 57 1.9149341938214999
56 61 0.5841188470777665
39 61 0.5841188470777665
59 61 1.4968293639808472
51 178 -5.53733426701854
57 66 -0.5004308444200505
62 64 4.436121480203944
51 64 1.6328169387983074
44 66 -0.27405945275533616
44 67 -0.007781779532672672
44 63 -1.324114566604422
36 60 3.2060450031958343
31 60 3.7324082779400585
66 67 3.3153580262671256
44 65 -1.6615502176829433
63 65 2.368217406966919
44 71 -0.13248112001244716
65 67 3.7324082779400585
36 71 -4.145152083743929
39 69 -3.106750063060895
45 66 -1.0625403846496646
61 69 0.1637791782871667
45 70 1.986327796610479
31 68 1.880614156109223
50 68 1.9501526258096291
66 70 -0.0544849469084292
63 71 -1.4455945421327967
27 68 2.7803933118077264
59 73 -1.986327866288225
61 73 -1.3477177614522067
32 72 -0.24241052705099042
32 75 0.2582187931706581
21 72 -1.1457782950449733
59 75 -0.25821891342749526
65 71 -1.1246387871621042
72 75 -0.08565028243590467
73 75 -0.7047962700763302
62 74 1.103724552883528
64 74 2.5274488884529975
70 76 -0.11685724657693086
66 76 -1.7207670712436016
45 76 3.015725255756913
21 77 -2.4719661045957224
72 77 2.93164334365634
67 76 -1.7825320036768968
21 79 0.6352858046593717
51 74 1.0422550037182607
77 79 0.07006324471763459
21 78 -1.7825320036768968
78 79 1.8144599138640842
65 76 -1.0625403846496646
74 178 -5.53733426701854
65 81 -0.21088196663715686
21 84 -1.6328170469254393
76 81 1.8471390342477205
78 84 2.418966462073592
27 80 3.10674997290245
21 83 -0.6525189378391278
27 31 3.7324082779400585
48 80 -1.4968294629075651
83 84 -0.21088196663715686
21 82 -0.8490927706325437
82 83 2.8534721380276795
71 81 -1.690856787854381
45 87 -2.6469936768108107
48 90 3.7324082779400585
80 90 -1.1457782950449733
21 86 -2.368217501379304
82 86 1.880614156109223
21 85 -0.635285935274005
85 86 0.242410407030617
45 94 -1.3477177614522067
45 102 -3.0157253387444354
87 102 3.2060450031958343
45 89 -2.8534722097520193
89 94 2.0618119072200103
45 88 0.08565016394454328
21 92 -2.2726892867301896
85 92 1.347717671142901
87 89 2.0618119072200103
76 97 -1.8806142848807943
21 91 0.19515760538251437
45 97 -1.7207670712436016
91 92 0.9244109312539295
45 95 0.1637791782871667
45 96 1.210635526973574
74 99 -3.106750063060895
64 99 0.8306197427665889
88 96 3.9184427168471876
87 110 3.574453703354731
45 100 -2.1840514594677467
81 97 0.22663210648628773
80 103 2.101269714871794
97 100 0.5841188470777665
21 105 -2.1012697910023577
91 105 1.72076695640305
87 93 0.6352858046593717
21 104 -1.324114566604422
85 101 2.368217406966919
85 98 -1.3477177614522067
86 98 1.8144599138640842
93 110 1.9149341938214999
88 95 2.646993557188065
96 100 1.6908566753683048
90 103 -1.847139159904398
104 105 2.2726891994400433
98 101 -0.22663222628581936
82 98 2.368217406966919
74 108 -3.9184428135768994
89 93 1.9501526258096291
71 97 -0.9629980439232386
27 103 2.7117470592609445
92 101 -0.16377929735639296
99 108 1.5497853865743236
79 106 -0.6698460476628039
72 106 -1.0022630255891705
94 95 -0.07006336313715722
78 106 -2.8534722097520193
94 110 1.232765242543629
21 109 -1.7207670712436016
21 111 -2.7803933790295874
104 111 2.93164334365634
74 113 -4.145152083743929
108 113 1.8471390342477205
95 110 -1.4455945421327967
48 109 -1.0221649697100497
109 111 1.3241144775306468
31 36 3.10674997290245
74 107 3.015725255756913
99 116 1.5497853865743236
64 116 -1.6615502176829433
83 112 0.7224263377855422
84 112 -1.042255157127819
89 110 1.0221648177565306
48 114 -2.6469936768108107
82 112 -1.986327866288225
109 114 2.5856857384930256
78 112 -0.14812115655181013
108 116 3.3153580262671256
73 115 1.8471390342477205
102 110 3.9184427168471876
75 115 0.1794573777347761
107 113 -0.6525189378391278
103 118 2.93164334365634
90 119 -0.14812115655181013
48 119 -0.9053575182618498
88 100 1.7513136084096503
90 118 0.6181436068748636
114 119 2.31951701078773
82 101 -0.40219829746062086
101 117 0.242410407030617
82 117 -1.167151619412428
118 119 3.2060450031958343
92 123 2.8534721380276795
101 123 1.3716527928075883
103 124 3.10674997290245
117 123 -2.319517101482562
88 120 5.537334267018537
91 122 0.369896870073811
92 122 -0.4184259027266788
88 110 -1.4968294629075651
118 124 3.574453703354731
122 123 0.22663210648628773
61 115 -1.3959339919795308
120 121 1.986327796610479
88 121 0.8306197427665889
105 122 -1.2551670218420983
100 121 1.986327796610479
112 134 1.210635526973574
106 128 1.8471390342477205
74 108 -2.4719661045957224
82 134 -1.1457782950449733
78 128 -2.6469936768108107
74 116 -2.8534722097520193
97 135 -0.8122801326543725
71 135 -1.751313725733529
104 127 0.1168571278983801
105 127 -1.9501526936104758
72 128 -0.5170230248961472
74 113 -3.9184428135768994
100 135 2.141984057957801
111 127 -2.418966560561031
88 125 -1.60462908492035
88 126 -0.5170230248961472
78 134 0.5336849977291656
69 178 -3.2060451019615273
120 126 -0.33778538326100627
110 125 3.7324082779400585
125 126 1.7825318837304605
102 131 3.2060450031958343
110 131 3.2060450031958343
120 129 -0.07006336313715722
121 130 1.471006361575077
31 133 3.4370554399806776
122 146 0.9053573740495944
126 129 2.7803933118077264
105 146 -1.1246387871621042
121 138 -2.8534722097520193
100 138 -2.9316434205780437
100 132 -0.21088196663715686
109 144 0.22663210648628773
111 144 -1.4968294629075651
129 130 1.103724552883528
114 144 -1.847139159904398
31 136 2.368217406966919
132 138 0.1481210376275779
118 140 3.574453703354731
119 140 1.5497853865743236
119 139 1.188767543534301
114 139 -0.6010891274007599
130 137 2.418966462073592
121 137 0.652518806521984
137 138 -3.43705550120135
132 135 -0.27405945275533616
139 140 -1.042255157127819
102 169 0.9629978960423582
129 137 0.9053573740495944
36 141 2.31951701078773
126 137 0.7047961364960313
31 141 1.232765242543629
118 143 0.5004307185850176
140 143 -2.023524054927849
110 126 -0.038913137770452355
36 142 3.7324082779400585
124 143 -2.22757952790676
123 146 -0.533685124626992
103 145 -0.07006336313715722
75 147 1.124638707269666
27 145 -1.847139159904398
124 145 -1.371652884404361
72 147 1.3241144775306468
110 137 -1.8144600365838361
128 150 -0.0544849469084292
78 150 2.8534721380276795
115 147 2.31951701078773
71 149 -0.5170230248961472
36 149 3.574453703354731
72 150 4.436121480203944
131 169 3.3153580262671256
142 149 3.3153580262671256
137 148 -0.10124760698692858
135 149 -1.7207670712436016
31 166 -0.533685124626992
27 166 -0.9436227297103521
110 148 3.9184427168471876
135 152 -3.732408358890588
149 152 4.145152023550564
138 148 -3.3153581355547077
135 138 -3.9184428135768994
135 153 -2.418966560561031
138 153 -0.533685124626992
131 151 3.9184427168471876
31 157 -0.007781779532672672
133 157 -0.9053575182618498
136 173 1.986327796610479
133 166 -0.618143736811748
135 156 -4.145152083743929
82 154 2.141984057957801
152 156 2.31951701078773
136 157 -0.6698460476628039
134 154 0.2899341161553104
141 162 1.7825318837304605
31 172 -0.305845384176723
123 158 1.8471390342477205
117 158 -0.0544849469084292
117 159 -0.7047962700763302
82 159 2.023523983245292
31 162 1.5230823357393546
157 173 -0.4184259027266788
138 155 0.5672301020452246
135 160 -4.844202616288199
135 161 -2.8534722097520193
148 155 -1.5769600686022973
153 155 1.6908566753683048
160 161 0.8864565510992328
156 161 1.5230823357393546
136 172 -0.6698460476628039
158 159 0.41842577919951873
36 162 0.7401648358628796
154 159 2.93164334365634
153 163 -0.08565028243590467
135 163 -5.53733426701854
36 182 0.3058452631148958
162 182 -0.13248112001244716
162 172 -0.9053575182618498
151 169 2.31951701078773
131 169 0.7401648358628796
147 164 -0.8122801326543725
115 164 -0.6525189378391278
148 179 -3.3153581355547077
27 167 0.7940688968903633
145 167 0.8490926297285697
155 179 0.8490926297285697
160 163 2.368217406966919
172 173 -1.3959339919795308
105 123 2.0618119072200103
149 187 0.274059332246233
142 187 -0.5504199144331001
142 182 -0.635285935274005
72 164 -3.106750063060895
149 186 1.986327796610479
127 170 0.5170228985401271
105 170 3.3153580262671256
111 170 2.4719660016221714
78 175 2.2726891994400433
150 168 -0.24241052705099042
74 181 -4.844202616288199
74 178 -5.53733426701854
150 175 0.5672301020452246
72 168 -0.40219829746062086
178 181 3.4370554399806776
155 165 1.347717671142901
149 180 0.4674453385798212
110 179 -3.732408358890588
165 179 0.1168571278983801
186 187 -0.533685124626992
168 175 -2.2726892867301896
153 165 0.8122799937741847
149 177 3.015725255756913
111 114 1.6615501074318497
152 177 0.07006324471763459
177 180 -0.27405945275533616
152 176 2.5856857384930256
152 171 -0.007781779532672672
171 177 -0.3860227795812654
134 174 1.188767543534301
78 174 -0.9244110766470177
171 176 -0.11685724657693086
180 186 -0.07006336313715722
124 167 1.0625402297313233
156 176 1.5769599644200505
114 140 2.2275794437459226
154 174 -2.6469936768108107
174 175 -0.7940690348095123
131 199 4.844202556684481
110 184 1.3959338990403656
158 183 -0.5170230248961472
159 183 -1.0625403846496646
154 183 -1.690856787854381
169 199 3.4370554399806776
143 188 0.369896870073811
123 189 2.418966462073592
124 188 1.445594446330888
160 190 0.21088184704301205
158 189 -0.4184259027266788
163 190 0.03891301945135828
140 188 1.604628978813839
183 189 -2.5856858519456853
165 185 1.3241144775306468
105 191 -0.5170230248961472
123 191 -0.6698460476628039
131 184 0.8122799937741847
179 185 -0.19515772478657212
153 185 0.2899341161553104
170 192 2.646993557188065
189 191 -1.4968294629075651
163 203 -2.7803933790295874
157 200 1.0022628750411067
105 192 0.08565016394454328
179 184 -3.3153581355547077
173 200 1.72076695640305
191 192 -1.9501526936104758
170 195 -0.22663222628581936
190 203 -0.16377929735639296
169 196 2.141984057957801
176 193 1.3241144775306468
156 193 0.1637791782871667
171 193 -0.0544849469084292
111 195 -2.023524054927849
192 195 -1.986327866288225
27 133 1.4205758640846524
111 198 -1.9501526936104758
183 194 1.6615501074318497
178 204 1.5769599644200505
74 204 -5.53733426701854
184 199 0.6010889981175147
189 194 -1.6615502176829433
154 194 -1.3008300007371676
169 199 1.0830275858277314
169 199 -0.5841189757308616
156 197 0.3217949194737102
196 199 4.436121480203944
153 203 -5.53733426701854
161 197 0.03891301945135828
133 200 1.3008299128497565
114 198 -1.4968294629075651
169 202 0.023345926266394867
160 205 0.6010889981175147
199 202 1.9149341938214999
179 199 -5.53733426701854
161 205 -1.0022630255891705
193 197 -0.9629980439232386
162 173 2.31951701078773
161 207 0.3058452631148958
114 201 0.48390574875928927
197 207 0.369896870073811
140 201 0.1794573777347761
182 208 0.5336849977291656
199 202 2.7117470592609445
205 207 0.2582187931706581
142 208 1.124638707269666
188 209 0.7580154487445683
140 209 -1.324114566604422
162 210 1.9149341938214999
208 210 2.0618119072200103
124 209 -0.9244110766470177
197 206 -0.07006336313715722
193 206 2.141984057957801
186 213 2.418966462073592
124 211 2.5274488884529975
171 206 0.3217949194737102
187 213 0.5841188470777665
209 211 -1.1246387871621042
142 213 2.184051378192568
167 212 1.9501526258096291
124 212 0.03891301945135828
178 214 2.31951701078773
208 213 1.7825318837304605
211 212 0.1168571278983801
185 219 0.7940688968903633
177 186 2.2275794437459226
179 219 0.4674453385798212
173 210 1.6328169387983074
27 212 -0.6010891274007599
199 215 3.10674997290245
133 218 -0.0544849469084292
202 215 2.2726891994400433
27 218 -0.4184259027266788
177 206 1.6908566753683048
199 215 4.145152023550564
153 219 1.9501526258096291
194 221 1.471006361575077
203 219 -3.3153581355547077
189 221 -1.986327866288225
203 223 -2.023524054927849
219 223 0.21088184704301205
212 216 -0.8122801326543725
211 216 1.3716527928075883
74 217 0.2899341161553104
209 216 -1.751313725733529
154 221 -1.3477177614522067
197 220 0.08565016394454328
206 220 2.4719660016221714
173 222 -0.36989699244014895
205 223 0.6352858046593717
207 223 1.347717671142901
210 222 -0.33778538326100627
160 223 2.418966462073592
207 220 0.6698459156176995
177 220 0.8122799937741847
204 217 -3.732408358890588
190 223 1.0625402297313233
208 225 0.7940688968903633
210 226 1.5497853865743236
220 223 1.445594446330888
210 225 0.03891301945135828
222 226 -0.7759822513321553
213 225 -0.4184259027266788
225 226 -0.7401649710893459
213 227 0.7580154487445683
218 224 0.9053573740495944
195 233 1.8144599138640842
133 224 -0.6010891274007599
27 224 -0.9436227297103521
111 233 -1.3959339919795308
179 229 2.4719660016221714
186 227 0.6872705278045488
212 239 0.7401648358628796
186 228 2.31951701078773
195 234 -2.1419841365639445
192 234 2.368217406966919
74 251 -3.0157253387444354
227 228 0.41842577919951873
216 239 -1.5230824363372633
233 234 -0.007781779532672672
191 234 -1.5497854889223055
217 251 -3.9184428135768994
215 232 -2.4719661045957224
179 240 2.8534721380276795
186 238 0.41842577919951873
174 235 1.0022628750411067
228 238 -0.5004308444200505
154 235 1.445594446330888
220 237 0.22663210648628773
177 237 -0.5841189757308616
177 242 0.7940688968903633
229 240 1.9501526258096291
237 242 -0.33778538326100627
238 242 0.1794573777347761
173 231 -0.8122801326543725
200 231 0.45104689322786395
199 232 -2.2726892867301896
133 231 -1.1037246319352672
27 239 -0.7401649710893459
223 236 1.1671515377428254
220 236 0.2899341161553104
213 230 0.5336849977291656
225 230 0.7401648358628796
226 230 0.1637791782871667
221 245 0.982542654754837
189 245 -1.420575958424365
179 247 2.4719660016221714
223 244 1.1671515377428254
223 241 1.2778513804684322
114 255 -1.4455945421327967
198 255 1.0221648177565306
175 235 1.188767543534301
240 247 3.2060450031958343
241 244 0.652518806521984
236 241 0.8306197427665889
199 246 3.574453703354731
179 249 2.418966462073592
219 256 -1.1457782950449733
223 243 2.7117470592609445
247 249 3.2060450031958343
223 256 -1.1457782950449733
243 244 0.8306197427665889
223 248 3.574453703354731
164 260 0.4347078707200993
179 256 -4.844202616288199
243 248 1.4205758640846524
72 260 1.880614156109223
179 258 2.7803933118077264
223 252 0.5841188470777665
154 245 -0.5841189757308616
214 250 1.0625402297313233
249 258 1.3241144775306468
115 260 2.418966462073592
231 261 0.9244109312539295
252 256 2.0618119072200103
248 252 0.1794573777347761
173 261 -1.042255157127819
178 250 0.7940688968903633
178 250 1.2551669361900215
168 259 0.2582187931706581
72 259 4.436121480203944
217 279 -2.7803933790295874
204 279 -2.5274489963885465
251 279 0.982542654754837
227 254 1.210635526973574
228 254 0.07006324471763459
213 254 0.03891301945135828
175 259 2.4719660016221714
179 266 -0.867703438765498
244 253 0.1168571278983801
241 253 1.5769599644200505
178 267 2.8534721380276795
199 266 -4.145152083743929
258 266 1.0625402297313233
111 255 -2.418966560561031
250 267 0.9629978960423582
111 257 2.5856857384930256
133 261 -1.083027742309897
255 257 0.1794573777347761
233 257 0.33778526158074773
236 253 0.41842577919951873
239 262 1.0221648177565306
175 264 3.10674997290245
204 270 -0.08565028243590467
204 265 1.3008299128497565
27 262 -0.3860227795812654
235 264 0.10124748840924536
265 270 -0.11685724657693086
265 279 1.0221648177565306
191 269 0.242410407030617
243 253 0.5672301020452246
234 269 3.015725255756913
189 263 2.184051378192568
245 263 0.9629978960423582
189 269 1.7513136084096503
253 268 1.5497853865743236
246 266 -4.844202616288199
243 268 0.6181436068748636
216 262 -0.7401649710893459
154 263 2.7803933118077264
178 270 0.369896870073811
115 283 -2.4719661045957224
61 283 -0.8122801326543725
69 283 -2.023524054927849
260 283 -2.5856858519456853
178 283 0.6010889981175147
234 257 3.574453703354731
114 257 2.7117470592609445
199 266 -2.7117471225450083
240 249 1.2551669361900215
258 280 1.72076695640305
253 282 0.07006324471763459
236 282 0.7940688968903633
260 288 -3.106750063060895
250 278 2.023523983245292
266 280 3.015725255756913
268 282 0.3058452631148958
283 288 3.2060450031958343
199 271 -3.9184428135768994
209 277 0.6010889981175147
266 271 1.7825318837304605
216 277 2.5856857384930256
199 273 -5.53733426701854
271 273 1.880614156109223
220 282 0.054484828546315534
140 277 2.31951701078773
238 276 1.0625402297313233
224 286 0.40219817433836536
262 285 0.6181436068748636
267 278 2.184051378192568
242 276 0.6698459156176995
133 286 1.880614156109223
27 285 2.31951701078773
256 281 4.145152023550564
237 275 0.8122799937741847
242 275 0.13248100121840833
228 276 0.10124748840924536
228 272 1.2551669361900215
254 272 0.9629978960423582
213 272 -0.08565028243590467
250 289 0.21088184704301205
220 275 0.369896870073811
259 260 -1.0221649697100497
278 289 2.4719660016221714
178 289 1.880614156109223
199 291 -3.9184428135768994
243 284 1.1457782142804072
243 274 1.0022628750411067
261 293 0.35381849771398977
260 302 -3.9184428135768994
178 298 -1.3477177614522067
273 291 1.9501526258096291
248 284 1.5769599644200505
268 274 0.5504197869721676
173 293 1.6908566753683048
27 286 1.188767543534301
216 285 1.3959338990403656
259 264 -0.635285935274005
259 302 -4.145152083743929
288 302 0.1481210376275779
283 298 -0.5170230248961472
266 314 1.880614156109223
280 314 2.7803933118077264
274 284 1.0625402297313233
266 292 2.7803933118077264
235 287 0.1481210376275779
264 287 -4.145152083743929
292 314 3.2060450031958343
133 293 1.124638707269666
154 287 -2.368217501379304
256 299 3.3153580262671256
222 296 0.4674453385798212
154 290 -2.1840514594677467
287 290 1.3716527928075883
264 302 -4.145152083743929
265 295 1.5769599644200505
226 296 1.0022628750411067
287 302 0.1637791782871667
270 295 -0.36989699244014895
154 294 -4.844202616288199
290 294 0.48390574875928927
279 295 -1.2106356105583946
266 273 1.2778513804684322
252 299 0.6010889981175147
173 296 0.8306197427665889
263 294 -4.844202616288199
230 301 0.40219817433836536
226 301 2.7117470592609445
189 297 -3.3153581355547077
263 297 -2.7117471225450083
267 298 -2.4719661045957224
213 301 1.6328169387983074
269 297 -2.023524054927849
294 297 1.3716527928075883
272 300 -0.19515772478657212
213 300 1.210635526973574
234 304 -3.5744537730315336
269 304 -3.0157253387444354
228 300 0.9053573740495944
296 301 2.368217406966919
297 304 1.2778513804684322
276 303 1.0422550037182607
228 303 2.5274488884529975
257 305 -3.732408358890588
300 303 1.0221648177565306
304 305 0.8306197427665889
242 303 3.9184427168471876
300 301 1.9501526258096291
282 303 0.35381849771398977
220 303 2.418966462073592
275 303 0.652518806521984
114 305 -4.145152083743929
283 308 1.8144599138640842
283 306 4.436121480203944
298 306 0.007781661256567096
288 308 0.6010889981175147
306 308 1.7825318837304605
278 298 0.9436225830949259
274 309 0.6352858046593717
268 309 2.5274488884529975
201 305 -2.9316434205780437
295 307 2.101269714871794
248 299 2.5856857384930256
284 309 3.4370554399806776
282 309 0.4674453385798212
270 307 -0.19515772478657212
291 322 -0.4674454634335292
140 305 -3.3153581355547077
287 334 -1.1457782950449733
273 292 1.1457782142804072
303 309 3.015725255756913
277 305 -4.43612156009328
290 334 -1.7825320036768968
279 307 -1.042255157127819
291 313 0.7401648358628796
285 311 -1.4968294629075651
216 311 -2.8534722097520193
277 311 -3.0157253387444354
305 311 1.232765242543629
258 314 1.9149341938214999
286 312 -2.6469936768108107
27 312 -2.319517101482562
285 312 -2.2726892867301896
311 312 0.8677032967963991
294 334 -2.7117471225450083
258 320 0.2899341161553104
249 320 2.31951701078773
133 312 -2.7803933790295874
304 318 -1.0625403846496646
304 310 2.5856857384930256
297 315 0.22663210648628773
278 329 -5.53733426701854
289 329 -5.53733426701854
289 323 -5.53733426701854
178 323 -2.418966560561031
178 316 -1.420575958424365
270 316 0.33778526158074773
314 320 1.6908566753683048
310 318 -1.4455945421327967
297 310 -0.17945749696390423
294 315 -2.319517101482562
307 316 0.4674453385798212
173 312 -3.106750063060895
293 312 -2.1419841365639445
313 322 -4.145152083743929
305 318 -0.36989699244014895
310 315 -0.14812115655181013
323 329 2.023523983245292
296 312 -1.914934325902037
305 317 1.7513136084096503
298 329 -4.844202616288199
317 318 -0.25821891342749526
249 319 1.3008299128497565
240 319 1.7825318837304605
229 319 3.2060450031958343
179 336 -4.145152083743929
301 324 -4.844202616288199
296 324 -4.43612156009328
288 321 1.6908566753683048
308 321 0.48390574875928927
298 328 -3.3153581355547077
328 329 3.9184427168471876
256 336 -0.2899342369326745
312 324 0.9244109312539295
306 328 -3.9184428135768994
291 330 -1.6615502176829433
303 324 -3.732408358890588
300 324 -3.2060451019615273
302 333 -5.53733426701854
319 320 3.2060450031958343
306 321 3.3153580262671256
316 323 -4.145152083743929
303 327 -3.732408358890588
303 331 -3.2060451019615273
311 325 0.5841188470777665
294 339 -5.53733426701854
302 343 -4.43612156009328
288 333 -1.60462908492035
313 330 -4.43612156009328
327 331 1.2551669361900215
324 331 2.023523983245292
334 339 3.3153580262671256
334 343 3.3153580262671256
302 341 -4.43612156009328
312 325 0.08565016394454328
341 343 3.574453703354731
333 341 2.646993557188065
284 326 -0.2899342369326745
309 326 -0.9053575182618498
312 332 -0.305845384176723
309 327 -3.732408358890588
305 325 -0.9825428039459942
321 333 -4.844202616288199
315 338 -1.2551670218420983
294 338 -5.53733426701854
326 327 0.7940688968903633
338 339 5.537334267018537
248 326 -0.5841189757308616
310 338 -4.844202616288199
299 336 -3.2060451019615273
248 336 -1.847139159904398
326 336 -0.24241052705099042
318 338 -1.690856787854381
316 340 1.0830275858277314
323 340 -4.43612156009328
305 345 -4.844202616288199
305 342 -5.53733426701854
317 342 -5.53733426701854
317 338 -3.0157253387444354
324 332 -2.5274489963885465
338 342 4.436121480203944
307 340 1.880614156109223
305 344 -4.844202616288199
329 335 1.2551669361900215
329 337 1.986327796610479
323 337 3.015725255756913
344 345 4.145152023550564
342 345 2.141984057957801
335 337 1.5769599644200505
314 319 3.574453703354731
325 344 -3.3153581355547077
325 346 -2.6469936768108107
344 346 3.2060450031958343
328 335 0.4347078707200993
326 347 -0.7401649710893459
332 348 0.054484828546315534
312 348 -2.5274489963885465
325 348 -1.9501526936104758
333 343 2.418966462073592
307 356 -1.4710064589046166
279 356 2.8534721380276795
346 348 2.2726891994400433
321 343 -5.53733426701854
292 319 3.10674997290245
326 360 -1.1887676261434261
347 360 4.145152023550564
324 347 -4.844202616288199
332 347 0.054484828546315534
323 349 3.9184427168471876
327 347 -5.53733426701854
340 349 -4.43612156009328
313 350 0.6872705278045488
322 352 2.5274488884529975
328 349 3.9184427168471876
350 352 -1.986327866288225
336 360 -4.43612156009328
347 348 3.574453703354731
340 356 -0.33778538326100627
331 347 -4.43612156009328
335 349 1.0422550037182607
337 349 3.3153580262671256
330 350 -0.0544849469084292
321 328 -4.145152083743929
229 351 -2.368217501379304
179 351 -3.43705550120135
319 351 -3.9184428135768994
330 369 -0.8864566941706382
342 348 4.436121480203944
338 357 2.7803933118077264
336 351 1.232765242543629
345 348 4.145152023550564
319 354 -2.8534722097520193
273 319 1.6328169387983074
351 354 0.38602265684584536
319 355 -3.5744537730315336
336 347 -5.53733426701854
339 358 1.103724552883528
334 358 3.015725255756913
354 355 0.8122799937741847
291 352 -1.5769600686022973
291 353 3.3153580262671256
336 365 -5.53733426701854
338 361 3.9184427168471876
350 369 -1.0022630255891705
352 353 -0.9244110766470177
273 353 0.5336849977291656
347 365 5.537334267018537
344 348 4.145152023550564
358 361 3.7324082779400585
336 359 -2.5856858519456853
321 362 2.5274488884529975
359 365 -1.4710064589046166
357 361 2.8534721380276795
343 362 -4.844202616288199
336 368 -4.43612156009328
338 348 3.7324082779400585
348 357 2.93164334365634
356 366 0.5004307185850176
279 366 -0.19515772478657212
359 368 -1.8806142848807943
350 363 1.347717671142901
319 367 -2.9316434205780437
352 363 -1.847139159904398
273 367 -1.4710064589046166
351 368 -4.844202616288199
355 367 0.982542654754837
353 371 -0.5841189757308616
273 371 0.5170228985401271
359 364 0.3217949194737102
367 371 0.369896870073811
354 368 -4.844202616288199
364 368 -4.145152083743929
364 365 -4.43612156009328
352 370 0.22663210648628773
353 370 -2.22757952790676
370 371 0.7580154487445683
363 369 -0.7759822513321553
355 368 -4.145152083743929
363 370 -1.6328170469254393
363 372 -1.1037246319352672
370 372 0.4347078707200993
364 373 -2.6469936768108107
347 364 -5.53733426701854
369 372 0.03891301945135828
347 373 0.3217949194737102
367 368 -3.5744537730315336
368 373 0.4347078707200993
368 371 -2.319517101482562
372 375 -2.1840514594677467
370 375 -2.8534722097520193
349 356 -5.53733426701854
356 374 -4.43612156009328
366 374 -3.732408358890588
368 375 1.3716527928075883
328 356 -5.53733426701854
358 380 -5.53733426701854
334 380 -5.53733426701854
343 380 -3.106750063060895
328 379 -3.9184428135768994
362 380 0.8490926297285697
321 379 -0.6010891274007599
356 379 3.2060450031958343
279 374 -4.145152083743929
369 375 -4.145152083743929
347 376 -5.53733426701854
348 378 -3.9184428135768994
348 388 -4.844202616288199
357 388 -5.53733426701854
361 388 -5.53733426701854
361 380 -3.732408358890588
378 388 3.4370554399806776
380 388 3.10674997290245
348 384 -3.732408358890588
378 384 2.023523983245292
347 384 -4.844202616288199
376 384 2.8534721380276795
347 398 -5.53733426701854
347 383 -3.2060451019615273
383 398 1.9501526258096291
376 383 3.015725255756913
368 377 -3.9184428135768994
368 381 -3.732408358890588
373 381 -3.2060451019615273
347 387 -4.43612156009328
373 387 -4.43612156009328
387 398 2.5274488884529975
373 391 -3.5744537730315336
377 381 -1.1037246319352672
381 391 1.4205758640846524
387 391 1.3716527928075883
368 392 -4.43612156009328
362 386 -0.305845384176723
321 386 1.6615501074318497
377 392 -0.6872706606037844
380 386 -0.2899342369326745
368 382 -3.9184428135768994
368 400 -5.53733426701854
392 400 2.8534721380276795
375 389 -4.43612156009328
368 396 -5.53733426701854
378 385 3.2060450031958343
382 400 -1.3959339919795308
384 385 2.101269714871794
375 396 -5.53733426701854
377 400 -3.106750063060895
389 396 -0.9825428039459942
382 396 -1.2551670218420983
379 386 0.10124748840924536
375 393 -4.844202616288199
389 393 -0.9629980439232386
377 390 3.015725255756913
381 390 -2.368217501379304
377 395 1.1457782142804072
377 401 -0.5004308444200505
395 401 2.5274488884529975
390 401 0.6352858046593717
391 398 0.8122799937741847
389 394 0.8677032967963991
382 397 1.347717671142901
393 394 -3.0157253387444354
394 396 -2.4719661045957224
396 397 -2.8534722097520193
393 399 -0.9053575182618498
394 399 0.5336849977291656
397 402 0.22663210648628773
380 410 1.0830275858277314
386 410 1.2551669361900215
382 402 -0.9436227297103521
379 410 2.4719660016221714
377 407 -1.0022630255891705
400 402 -0.007781779532672672
400 407 0.45104689322786395
395 407 -0.9436227297103521
396 399 -0.5170230248961472
390 403 -1.5769600686022973
381 403 2.5856857384930256
383 405 -4.145152083743929
383 406 0.982542654754837
405 406 -2.1840514594677467
393 411 -5.53733426701854
398 404 2.646993557188065
401 407 -2.5274489963885465
401 403 -3.5744537730315336
381 408 0.9244109312539295
391 408 2.5274488884529975
398 408 1.232765242543629
383 412 -1.8806142848807943
384 409 3.4370554399806776
405 412 -0.0544849469084292
399 411 -3.3153581355547077
398 412 -1.8806142848807943
403 408 0.982542654754837
376 409 2.8534721380276795
279 356 3.2060450031958343
396 411 -5.53733426701854
397 411 -1.1887676261434261
402 411 -3.5744537730315336
400 411 -4.844202616288199
385 409 3.9184427168471876
400 415 -4.844202616288199
405 414 -2.0618119810484816
411 415 2.93164334365634
412 414 0.369896870073811
383 405 -3.0157253387444354
407 417 -4.43612156009328
403 416 -5.53733426701854
415 417 3.2060450031958343
401 416 1.124638707269666
383 414 -0.9436227297103521
411 417 2.8534721380276795
407 416 -4.43612156009328
398 413 -0.6525189378391278
412 413 0.08565016394454328
416 417 3.574453703354731
413 414 1.4205758640846524
408 418 -1.847139159904398
398 418 -4.43612156009328
398 417 -5.53733426701854
404 417 -5.53733426701854
416 418 0.7047961364960313
417 418 -0.2899342369326745
398 417 -5.53733426701854
413 417 -3.732408358890588
414 417 -3.43705550120135
414 419 -4.844202616288199
383 419 -4.844202616288199
417 419 4.436121480203944
383 422 -4.844202616288199
376 422 -5.53733426701854
409 422 -5.53733426701854
419 422 4.436121480203944
380 420 -2.1840514594677467
410 420 -0.19515772478657212
410 421 -0.19515772478657212
420 421 1.4968293639808472
379 421 -1.3008300007371676
385 422 -4.844202616288199
378 422 -5.53733426701854
378 423 -4.844202616288199
388 423 -4.844202616288199
422 423 3.9184427168471876
380 423 -5.53733426701854
380 426 -5.53733426701854
420 426 0.2899341161553104
379 427 -4.43612156009328
423 426 3.9184427168471876
421 427 0.22663210648628773
356 427 -4.844202616288199
421 425 0.7224263377855422
420 425 0.38602265684584536
417 424 -0.007781779532672672
279 427 -5.53733426701854
425 427 -2.1419841365639445
417 428 -0.305845384176723
417 429 -0.353818619728701
424 428 0.03891301945135828
417 430 0.13248100121840833
428 429 0.652518806521984
429 430 0.8677032967963991
424 432 1.445594446330888
417 431 0.652518806521984
430 431 1.3008299128497565
417 433 1.347717671142901
417 422 3.2060450031958343
431 433 1.5769599644200505
425 426 -2.8534722097520193
433 434 1.3008299128497565
417 434 1.604628978813839
422 426 3.574453703354731
428 432 1.103724552883528
429 432 0.7759821143416219
430 432 2.2726891994400433
431 432 2.184051378192568
426 427 0.3058452631148958
432 433 1.8471390342477205
432 434 2.0618119072200103
426 436 1.986327796610479
427 436 2.4719660016221714
422 435 0.7940688968903633
426 435 0.8306197427665889
435 436 1.9149341938214999
432 437 -3.732408358890588
432 438 -4.43612156009328
432 439 -4.145152083743929
434 440 -5.53733426701854
437 438 1.124638707269666
432 453 0.242410407030617
432 440 -5.53733426701854
434 447 -4.43612156009328
434 441 -3.43705550120135
434 449 -5.53733426701854
417 449 -4.844202616288199
438 439 1.7513136084096503
439 440 1.6328169387983074
434 448 -5.53733426701854
440 447 2.2726891994400433
441 447 1.4968293639808472
441 448 1.5769599644200505
448 449 1.8471390342477205
422 449 -4.43612156009328
427 452 -4.43612156009328
427 443 -4.43612156009328
427 444 -4.844202616288199
427 450 -3.5744537730315336
427 451 -3.9184428135768994
422 452 -3.3153581355547077
435 452 -5.53733426701854
443 452 2.2275794437459226
449 452 1.5769599644200505
443 444 2.0618119072200103
444 450 1.7825318837304605
450 451 1.8144599138640842
436 452 -3.9184428135768994
437 445 2.4719660016221714
438 446 1.3716527928075883
439 442 1.8144599138640842
440 442 1.6328169387983074
438 445 0.9244109312539295
438 442 1.232765242543629
432 454 1.188767543534301
437 454 -1.914934325902037
445 454 -3.0157253387444354
453 454 1.445594446330888
442 461 -5.53733426701854
440 455 -3.732408358890588
447 455 -5.53733426701854
447 462 -5.53733426701854
447 457 -5.53733426701854
448 456 -5.53733426701854
449 456 -5.53733426701854
452 465 -4.145152083743929
443 465 -4.844202616288199
444 470 -3.9184428135768994
451 467 -4.43612156009328
457 462 2.646993557188065
441 457 -5.53733426701854
443 470 -3.2060451019615273
450 467 -3.9184428135768994
445 468 -3.9184428135768994
438 468 -2.1840514594677467
438 492 -0.10124760698692858
446 461 -4.145152083743929
438 461 -3.9184428135768994
448 457 -5.53733426701854
452 460 -5.53733426701854
444 467 -4.43612156009328
454 468 1.6328169387983074
468 492 -0.5004308444200505
461 492 1.4205758640846524
455 461 1.604628978813839
455 462 3.3153580262671256
456 457 3.10674997290245
465 470 1.8471390342477205
467 470 2.8534721380276795
449 471 -0.32179504083642385
449 458 -5.53733426701854
449 466 -4.43612156009328
452 459 -5.53733426701854
452 463 -5.53733426701854
452 469 -5.53733426701854
452 464 -5.53733426701854
449 459 -3.5744537730315336
459 463 2.93164334365634
449 472 -3.5744537730315336
463 469 1.2778513804684322
452 479 -0.11685724657693086
458 471 0.2899341161553104
458 466 3.4370554399806776
466 472 3.2060450031958343
459 472 1.5230823357393546
464 469 2.418966462073592
460 464 1.5497853865743236
456 471 -1.0625403846496646
460 479 0.3217949194737102
453 468 2.7117470592609445
465 479 -2.023524054927849
467 475 2.368217406966919
465 477 2.2275794437459226
477 479 0.03891301945135828
457 474 2.31951701078773
460 473 1.2778513804684322
460 476 2.31951701078773
463 472 1.6328169387983074
473 476 2.5856857384930256
462 474 1.232765242543629
464 473 1.5230823357393546
469 472 4.844202556684481
458 478 2.93164334365634
470 477 3.9184427168471876
466 482 -1.60462908492035
458 482 -2.319517101482562
458 483 -1.420575958424365
466 480 2.023523983245292
480 482 -1.0221649697100497
469 481 1.3959338990403656
478 483 -3.106750063060895
478 482 -3.106750063060895
472 480 -0.722426472174637
480 493 -1.1457782950449733
469 486 -1.7207670712436016
473 486 -2.4719661045957224
476 486 -0.19515772478657212
460 486 -1.1037246319352672
470 488 1.1671515377428254
467 496 1.0022628750411067
470 496 -0.9436227297103521
455 484 -2.5856858519456853
462 484 -3.106750063060895
478 490 -0.4839058740936957
472 493 -2.7117471225450083
472 495 -1.7207670712436016
469 495 -2.0618119810484816
469 486 -3.3153581355547077
477 487 -1.2778514672160726
470 487 -2.0618119810484816
470 488 -0.618143736811748
475 489 -0.6698460476628039
482 490 -0.6010891274007599
486 495 1.103724552883528
481 486 -1.3477177614522067
487 488 3.2060450031958343
488 496 3.10674997290245
462 485 -3.2060451019615273
478 503 -1.4455945421327967
453 492 1.8471390342477205
484 485 2.2726891994400433
483 503 2.7117470592609445
479 486 0.21088184704301205
474 485 -0.0544849469084292
478 500 -3.5744537730315336
464 486 -1.167151619412428
488 491 1.880614156109223
470 491 -1.5497854889223055
500 503 2.93164334365634
475 496 0.2582187931706581
457 502 -5.53733426701854
457 499 -2.418966560561031
472 524 -3.732408358890588
489 496 0.5170228985401271
490 500 -0.5672302300910688
493 524 1.9501526258096291
477 486 -1.7207670712436016
461 497 -2.418966560561031
461 498 -3.43705550120135
461 501 -5.53733426701854
461 508 -3.5744537730315336
455 508 -1.3477177614522067
474 502 -2.4719661045957224
457 514 -4.145152083743929
456 499 -1.5497854889223055
458 503 -1.4455945421327967
472 511 -2.2726892867301896
472 494 -2.1840514594677467
494 495 1.445594446330888
477 504 -1.083027742309897
498 501 1.880614156109223
485 502 -2.7803933790295874
499 514 1.0830275858277314
494 511 2.023523983245292
486 504 2.2275794437459226
487 504 -1.1246387871621042
492 497 0.7401648358628796
461 506 -1.7825320036768968
506 508 1.0830275858277314
502 507 2.141984057957801
457 507 -4.145152083743929
471 499 -0.5504199144331001
458 499 -3.43705550120135
482 493 1.4205758640846524
511 524 1.9501526258096291
497 498 2.418966462073592
484 508 -0.7759822513321553
490 493 -1.2778514672160726
501 506 0.6872705278045488
508 509 1.8471390342477205
507 510 2.5856857384930256
457 510 -4.844202616288199
457 513 -3.43705550120135
513 514 2.418966462073592
484 509 -2.319517101482562
485 509 -2.8534722097520193
493 500 3.015725255756913
502 509 2.2726891994400433
510 513 -0.10124760698692858
499 503 2.141984057957801
453 512 3.4370554399806776
495 511 3.574453703354731
486 511 -0.4674454634335292
492 521 2.31951701078773
497 521 2.418966462073592
497 505 3.015725255756913
486 515 0.2899341161553104
488 489 -0.13248112001244716
512 516 1.9149341938214999
453 516 0.45104689322786395
453 517 -1.847139159904398
492 517 -1.690856787854381
486 519 -1.042255157127819
515 519 2.2726891994400433
498 521 0.5672301020452246
501 521 -1.5497854889223055
511 525 3.7324082779400585
486 525 -0.353818619728701
487 520 1.3008299128497565
488 520 -0.2899342369326745
516 517 -0.19515772478657212
504 520 1.1671515377428254
499 522 0.08565016394454328
499 523 0.13248100121840833
503 523 1.5230823357393546
500 524 2.418966462073592
514 522 2.8534721380276795
515 525 3.9184427168471876
517 521 0.2582187931706581
505 518 1.9149341938214999
497 521 1.6908566753683048
505 521 0.9244109312539295
497 518 1.3716527928075883
522 523 1.5497853865743236
523 524 1.3008299128497565
504 519 -0.722426472174637
506 521 -1.2778514672160726
513 526 1.3716527928075883
514 526 0.8490926297285697
508 521 -1.9501526936104758
502 521 -0.33778538326100627
510 526 -2.5274489963885465
509 521 -2.22757952790676
507 521 -1.371652884404361
453 516 2.31951701078773
453 517 0.274059332246233
507 526 -2.023524054927849
511 536 -0.4674454634335292
515 528 -0.635285935274005
488 529 0.1168571278983801
518 521 0.1794573777347761
521 526 0.9244109312539295
521 530 0.2899341161553104
526 527 1.5230823357393546
514 527 0.45104689322786395
520 537 1.6908566753683048
517 530 2.4719660016221714
519 528 -0.5672302300910688
519 520 -0.08565028243590467
520 529 2.0618119072200103
514 531 -0.36989699244014895
514 532 -0.36989699244014895
523 535 2.93164334365634
523 533 -0.19515772478657212
524 533 -2.023524054927849
519 537 3.4370554399806776
527 531 0.8306197427665889
531 532 2.418966462073592
522 535 -0.7401649710893459
525 528 1.1671515377428254
528 537 3.015725255756913
521 534 0.7401648358628796
521 539 -0.4510470176203887
522 532 0.7047961364960313
524 540 -0.038913137770452355
524 536 -0.36989699244014895
525 536 0.9053573740495944
533 535 1.1457782142804072
488 541 -0.4674454634335292
534 539 2.5274488884529975
533 540 2.184051378192568
528 536 2.646993557188065
529 541 1.0022628750411067
536 540 2.2275794437459226
517 545 -2.4719661045957224
521 538 -0.023346044556825873
526 542 -0.635285935274005
453 545 4.145152023550564
530 538 1.5769599644200505
534 538 1.124638707269666
527 542 0.007781661256567096
521 544 -0.8306198826413334
535 543 3.015725255756913
522 543 0.274059332246233
533 543 1.5497853865743236
539 544 0.21088184704301205
538 546 -1.1457782950449733
534 546 -2.0618119810484816
530 545 -1.6328170469254393
530 546 -3.0157253387444354
537 548 -3.5744537730315336
541 553 -1.4710064589046166
545 546 5.537334267018537
539 546 -1.986327866288225
539 548 -3.106750063060895
526 544 -0.7401649710893459
532 547 0.007781661256567096
522 547 -0.10124760698692858
543 547 1.103724552883528
528 548 -3.732408358890588
537 549 -3.0157253387444354
529 549 -1.8806142848807943
541 549 -1.5769600686022973
546 548 4.844202556684481
531 542 -0.32179504083642385
536 548 -1.0022630255891705
548 549 2.93164334365634
549 553 4.844202556684481
542 544 0.1794573777347761
531 544 -0.3860227795812654
540 548 -3.732408358890588
536 548 -3.0157253387444354
536 550 -3.9184428135768994
520 549 -2.319517101482562
532 544 -0.9629980439232386
548 550 3.7324082779400585
544 547 2.2726891994400433
533 548 -4.844202616288199
544 548 -4.844202616288199
543 548 -4.844202616288199
547 548 -4.145152083743929
544 548 -4.844202616288199
544 552 -4.844202616288199
544 551 -5.53733426701854
551 552 4.844202556684481
548 552 3.7324082779400585
548 551 3.9184427168471876
549 554 2.7803933118077264
545 548 1.8471390342477205
548 555 4.145152023550564
453 548 3.4370554399806776
548 554 2.368217406966919
548 549 3.3153580262671256
548 556 4.436121480203944
548 557 4.145152023550564
555 557 1.986327796610479
549 558 2.8534721380276795
553 558 0.5504197869721676
548 557 3.574453703354731
548 559 3.9184427168471876
548 560 2.93164334365634
559 560 2.368217406966919
453 561 4.436121480203944
549 553 3.7324082779400585
548 563 2.5856857384930256
557 562 4.844202556684481
453 564 2.7803933118077264
548 564 3.015725255756913
548 565 2.0618119072200103
563 565 1.3959338990403656
453 564 3.3153580262671256
564 565 1.7513136084096503
453 566 1.7825318837304605
561 566 2.368217406966919
561 564 4.436121480203944
549 568 -3.732408358890588
548 567 -3.0157253387444354
549 567 -4.145152083743929
567 568 1.188767543534301
557 567 -3.43705550120135
453 569 2.31951701078773
562 567 -3.9184428135768994
566 569 1.9149341938214999
548 565 1.2778513804684322
549 570 -0.4510470176203887
548 562 -0.8864566941706382
568 570 0.6352858046593717
564 566 2.184051378192568
564 571 2.7803933118077264
548 572 -2.8534722097520193
548 567 -3.3153581355547077
564 569 2.368217406966919
548 564 -0.3860227795812654
548 573 -2.9316434205780437
548 571 2.93164334365634
567 573 0.6872705278045488
567 578 -4.145152083743929
572 573 1.6908566753683048
568 578 -3.43705550120135
548 577 -3.2060451019615273
572 577 2.4719660016221714
568 579 -2.8534722097520193
578 579 1.8144599138640842
453 574 2.4719660016221714
564 574 2.141984057957801
567 588 -2.22757952790676
578 588 2.023523983245292
564 575 2.8534721380276795
548 581 3.574453703354731
548 576 3.4370554399806776
548 583 2.8534721380276795
548 580 2.93164334365634
567 582 -4.844202616288199
568 585 -1.0022630255891705
582 588 2.7803933118077264
579 585 2.646993557188065
570 585 -0.5672302300910688
567 591 -4.43612156009328
570 586 0.1637791782871667
582 591 2.418966462073592
585 586 3.015725255756913
548 584 1.5497853865743236
574 575 3.10674997290245
548 590 2.7117470592609445
548 587 0.8677032967963991
576 587 3.4370554399806776
583 587 1.8471390342477205
580 584 1.0422550037182607
573 591 -0.6010891274007599
578 589 0.8864565510992328
583 584 2.646993557188065
579 589 1.1671515377428254
572 596 -2.7117471225450083
588 589 1.5497853865743236
577 594 -0.8490927706325437
577 595 -2.8534722097520193
582 592 2.31951701078773
571 575 2.101269714871794
594 595 1.880614156109223
577 596 -1.2778514672160726
577 580 -0.4510470176203887
577 640 -1.8144600365838361
582 593 1.0625402297313233
595 640 0.274059332246233
596 640 3.10674997290245
573 596 -3.5744537730315336
591 593 2.023523983245292
577 584 -0.8490927706325437
592 593 0.6872705278045488
589 597 -0.11685724657693086
579 597 2.368217406966919
583 598 -1.2327653271421226
585 597 0.8490926297285697
587 598 -0.7047962700763302
577 583 -2.1840514594677467
588 597 0.35381849771398977
573 620 -1.8806142848807943
591 620 -1.60462908492035
582 593 1.5497853865743236
588 593 2.2275794437459226
588 600 2.4719660016221714
586 597 1.210635526973574
576 598 -1.5230824363372633
577 598 0.8122799937741847
596 620 0.1637791782871667
575 602 -1.914934325902037
548 598 -1.0625403846496646
577 611 -2.1840514594677467
590 598 -2.319517101482562
594 611 -0.9436227297103521
597 600 1.9149341938214999
571 599 -1.420575958424365
548 599 -2.7803933790295874
594 617 0.6352858046593717
594 607 -1.914934325902037
607 617 3.2060450031958343
571 601 -0.9436227297103521
548 613 -5.53733426701854
548 603 -0.5170230248961472
590 604 -1.371652884404361
590 605 -2.418966560561031
595 607 -2.7117471225450083
571 602 0.1794573777347761
599 601 0.8864565510992328
603 604 2.184051378192568
598 605 1.5769599644200505
611 617 2.184051378192568
607 640 3.7324082779400585
620 640 3.4370554399806776
571 612 -4.844202616288199
548 624 -4.43612156009328
581 613 -4.43612156009328
548 606 -0.14812115655181013
590 608 -1.6328170469254393
577 610 0.1794573777347761
599 624 0.4347078707200993
613 624 1.4205758640846524
604 608 3.4370554399806776
593 600 1.7513136084096503
571 629 -3.43705550120135
548 603 0.1637791782871667
598 609 1.3241144775306468
612 629 -1.6328170469254393
601 629 -0.533685124626992
605 608 1.6615501074318497
577 609 -0.305845384176723
610 611 2.4719660016221714
577 616 -0.7047962700763302
597 621 3.574453703354731
603 606 2.368217406966919
609 616 3.10674997290245
610 616 1.9149341938214999
593 620 -0.40219829746062086
571 614 -2.22757952790676
598 619 0.023345926266394867
598 630 0.2582187931706581
600 621 0.3217949194737102
612 614 -0.533685124626992
619 630 2.5856857384930256
571 622 -4.844202616288199
614 622 1.3959338990403656
614 618 1.188767543534301
612 618 1.4205758640846524
601 623 -0.32179504083642385
599 623 -2.1012697910023577
548 613 -4.844202616288199
605 615 1.445594446330888
598 615 -0.11685724657693086
615 619 3.7324082779400585
609 630 2.93164334365634
608 615 4.844202556684481
600 620 -2.2726892867301896
603 613 -4.43612156009328
620 621 1.880614156109223
602 622 -5.53733426701854
603 608 2.8534721380276795
602 649 0.6698459156176995
613 625 2.4719660016221714
603 625 -4.844202616288199
616 630 0.5336849977291656
611 616 0.10124748840924536
614 627 -1.2778514672160726
603 626 2.8534721380276795
621 631 0.6010889981175147
622 649 -0.9825428039459942
608 626 1.6908566753683048
616 617 1.5769599644200505
614 628 0.03891301945135828
618 628 1.5497853865743236
613 632 1.0830275858277314
617 630 3.7324082779400585
621 634 1.7513136084096503
623 629 -4.844202616288199
624 632 1.880614156109223
631 634 5.537334267018537
627 628 -2.6469936768108107
618 629 -3.5744537730315336
614 642 -0.07006336313715722
622 642 -0.8122801326543725
627 642 0.48390574875928927
628 629 -1.6615502176829433
622 635 1.0022628750411067
603 637 -5.53733426701854
625 637 1.5497853865743236
613 633 -0.07006336313715722
617 640 3.9184427168471876
620 634 1.7513136084096503
635 642 1.7513136084096503
623 624 -4.145152083743929
632 633 2.4719660016221714
625 633 -0.4510470176203887
625 636 0.1481210376275779
626 641 1.124638707269666
608 641 2.0618119072200103
633 636 2.184051378192568
622 645 2.0618119072200103
603 641 4.145152023550564
615 638 2.93164334365634
630 639 4.844202556684481
635 645 1.1457782142804072
619 639 2.2726891994400433
619 638 1.5230823357393546
634 640 1.9501526258096291
632 646 1.3959338990403656
608 638 2.93164334365634
627 643 -4.145152083743929
628 643 2.418966462073592
642 643 -0.635285935274005
633 646 0.33778526158074773
638 639 2.0618119072200103
631 648 3.9184427168471876
631 644 0.8122799937741847
642 645 2.418966462073592
636 646 0.6872705278045488
636 637 -0.4347079946705643
644 648 0.9053573740495944
632 654 1.0422550037182607
637 928 0.7401648358628796
624 654 1.7513136084096503
646 654 0.8306197427665889
636 928 1.4205758640846524
624 629 3.015725255756913
608 650 0.7401648358628796
639 647 3.574453703354731
631 653 1.4968293639808472
634 653 2.2275794437459226
645 649 0.9629978960423582
629 643 -2.22757952790676
608 672 1.188767543534301
644 652 1.5497853865743236
629 654 2.368217406966919
641 672 2.0618119072200103
650 672 3.574453703354731
648 653 0.6872705278045488
648 652 2.418966462073592
608 639 0.8306197427665889
642 657 0.4674453385798212
639 651 4.145152023550564
630 647 1.8144599138640842
645 656 2.7117470592609445
630 647 1.0830275858277314
642 656 0.982542654754837
646 928 0.38602265684584536
608 651 1.3008299128497565
630 639 1.445594446330888
642 655 -1.083027742309897
643 655 1.9149341938214999
630 658 2.184051378192568
634 659 1.7825318837304605
655 657 -4.43612156009328
603 672 0.38602265684584536
647 658 2.93164334365634
617 634 -0.21088196663715686
646 667 1.4968293639808472
667 928 1.4205758640846524
650 666 4.436121480203944
608 666 0.274059332246233
634 664 1.347717671142901
648 662 -0.4184259027266788
617 664 0.9436225830949259
653 662 2.2726891994400433
642 663 -1.7207670712436016
634 660 1.1671515377428254
634 661 0.5004307185850176
649 656 -0.07006336313715722
657 663 2.7117470592609445
659 660 3.574453703354731
652 662 0.7940688968903633
651 666 1.210635526973574
639 666 0.41842577919951873
629 655 -3.3153581355547077
630 666 2.93164334365634
660 661 1.103724552883528
656 663 -4.844202616288199
667 670 1.8144599138640842
603 665 2.646993557188065
665 672 2.93164334365634
646 670 2.101269714871794
654 670 0.38602265684584536
659 664 3.3153580262671256
644 662 1.9501526258096291
656 669 1.4968293639808472
634 671 0.2582187931706581
653 671 0.7047961364960313
649 669 2.023523983245292
617 659 0.1481210376275779
660 671 2.0618119072200103
661 671 2.141984057957801
634 671 0.369896870073811
634 668 1.6328169387983074
668 671 1.3008299128497565
617 673 2.418966462073592
653 675 -0.22663222628581936
663 669 -1.5230824363372633
659 671 3.4370554399806776
671 675 2.5856857384930256
662 675 2.8534721380276795
655 663 -2.5856858519456853
637 665 -4.844202616288199
663 674 0.274059332246233
655 674 -0.5841189757308616
670 687 1.0422550037182607
666 677 0.5841188470777665
617 676 0.8677032967963991
617 689 0.6698459156176995
676 689 2.0618119072200103
655 684 -3.732408358890588
629 684 3.574453703354731
654 687 -2.8534722097520193
666 680 0.9053573740495944
630 678 1.0830275858277314
637 672 -5.53733426701854
677 680 3.7324082779400585
644 675 0.982542654754837
692 928 1.7513136084096503
637 686 2.4719660016221714
672 686 -4.844202616288199
650 688 0.982542654754837
666 688 -1.4710064589046166
659 703 -0.14812115655181013
659 679 1.9501526258096291
671 683 2.7803933118077264
675 683 3.2060450031958343
667 692 1.880614156109223
677 688 3.7324082779400585
630 680 2.4719660016221714
617 678 1.5769599644200505
669 698 -1.420575958424365
629 687 -4.145152083743929
630 685 2.2275794437459226
671 682 2.4719660016221714
649 698 2.2726891994400433
667 687 0.007781661256567096
678 685 3.015725255756913
659 682 1.6328169387983074
617 690 3.3153580262671256
673 689 -1.5769600686022973
659 673 -1.1037246319352672
659 681 1.7825318837304605
687 692 3.10674997290245
676 690 3.10674997290245
659 689 0.2582187931706581
679 681 1.471006361575077
682 683 2.5274488884529975
629 694 0.9436225830949259
672 688 4.145152023550564
686 928 1.9501526258096291
689 690 4.844202556684481
681 682 0.19515760538251437
663 691 -5.53733426701854
674 691 -0.14812115655181013
617 695 1.7513136084096503
675 693 0.8864565510992328
655 691 0.6872705278045488
680 685 3.574453703354731
683 693 0.6698459156176995
669 691 1.8144599138640842
617 696 1.6328169387983074
659 697 1.604628978813839
659 683 3.015725255756913
679 683 0.7940688968903633
684 694 2.418966462073592
687 694 -2.9316434205780437
695 696 1.0625402297313233
683 703 0.4674453385798212
681 683 1.6615501074318497
672 928 -5.53733426701854
678 699 2.8534721380276795
617 699 0.07006324471763459
695 699 3.4370554399806776
697 703 1.986327796610479
701 703 1.0221648177565306
690 696 0.6010889981175147
683 701 1.5497853865743236
696 700 2.368217406966919
659 703 -1.1246387871621042
683 704 2.646993557188065
693 704 0.9053573740495944
691 698 -2.319517101482562
685 699 3.015725255756913
695 700 3.4370554399806776
691 705 -2.1419841365639445
677 702 2.184051378192568
680 702 1.880614156109223
689 703 0.9053573740495944
698 705 4.145152023550564
672 709 -2.5856858519456853
703 706 -0.4510470176203887
701 706 2.5274488884529975
709 928 -1.7825320036768968
690 700 2.184051378192568
691 708 -3.732408358890588
687 715 -4.844202616288199
683 707 1.1671515377428254
688 702 4.145152023550564
691 710 -3.0157253387444354
705 710 -0.7759822513321553
655 708 -5.53733426701854
701 707 1.103724552883528
704 707 0.3058452631148958
689 711 0.07006324471763459
703 712 2.7803933118077264
708 710 3.3153580262671256
692 715 -3.2060451019615273
690 711 -0.08565028243590467
703 711 3.7324082779400585
706 712 2.101269714871794
680 699 1.986327796610479
690 695 1.188767543534301
690 716 1.8471390342477205
711 716 3.015725255756913
695 716 3.7324082779400585
701 714 2.184051378192568
707 714 0.8122799937741847
701 713 2.31951701078773
708 717 -5.53733426701854
655 717 1.9501526258096291
684 719 1.604628978813839
694 719 1.3008299128497565
680 695 0.8490926297285697
704 720 0.9053573740495944
687 719 -3.43705550120135
693 720 -0.6698460476628039
692 731 -1.1037246319352672
704 714 -0.618143736811748
715 731 -2.8534722097520193
714 720 3.2060450031958343
655 718 -3.106750063060895
684 718 2.418966462073592
672 721 2.31951701078773
688 721 1.5230823357393546
702 721 1.7513136084096503
701 722 2.2726891994400433
717 718 -2.7117471225450083
701 712 0.1168571278983801
713 722 2.418966462073592
672 928 -3.43705550120135
702 727 0.21088184704301205
680 727 0.2899341161553104
712 723 2.184051378192568
695 727 4.436121480203944
701 723 1.6615501074318497
701 725 2.93164334365634
714 725 3.3153580262671256
710 728 0.33778526158074773
702 726 1.471006361575077
713 724 2.184051378192568
714 730 3.9184427168471876
721 726 2.5274488884529975
703 716 2.8534721380276795
701 724 1.9149341938214999
708 728 1.0022628750411067
712 729 0.8677032967963991
718 719 0.5841188470777665
723 729 2.101269714871794
722 724 0.48390574875928927
708 732 -1.324114566604422
718 733 1.6615501074318497
717 732 0.5504197869721676
717 733 -0.10124760698692858
722 725 0.22663210648628773
728 732 -2.8534722097520193
726 727 -0.16377929735639296
705 740 2.2275794437459226
710 740 -1.0022630255891705
719 733 3.3153580262671256
687 739 -4.145152083743929
715 739 3.3153580262671256
721 743 -5.53733426701854
732 733 0.41842577919951873
743 928 3.10674997290245
728 740 -2.418966560561031
695 734 2.7117470592609445
695 703 3.10674997290245
725 730 1.604628978813839
726 736 2.31951701078773
727 735 4.844202556684481
703 737 3.2060450031958343
723 724 0.274059332246233
724 738 3.3153580262671256
722 738 -1.042255157127819
727 736 2.141984057957801
715 746 4.436121480203944
703 750 3.574453703354731
703 777 0.6010889981175147
703 744 -0.3860227795812654
712 744 1.124638707269666
712 724 1.3008299128497565
724 729 -0.635285935274005
725 742 0.5336849977291656
714 745 -0.0544849469084292
750 777 3.2060450031958343
722 742 -0.8490927706325437
730 742 1.471006361575077
720 745 -1.0625403846496646
726 741 2.0618119072200103
736 741 1.445594446330888
687 733 -3.43705550120135
695 735 2.5274488884529975
744 777 3.3153580262671256
738 742 0.9436225830949259
730 745 0.7759821143416219
692 824 2.2726891994400433
720 757 -0.22663222628581936
731 824 3.015725255756913
726 743 -5.53733426701854
724 744 3.015725255756913
745 757 0.6698459156176995
732 754 -0.19515772478657212
727 747 1.5230823357393546
733 754 -4.145152083743929
736 747 0.40219817433836536
727 749 0.054484828546315534
703 777 2.646993557188065
742 777 3.3153580262671256
747 749 3.3153580262671256
735 749 0.08565016394454328
738 777 2.2726891994400433
728 748 2.31951701078773
724 751 2.141984057957801
748 754 -5.53733426701854
738 751 2.2275794437459226
726 766 -5.53733426701854
742 753 2.2726891994400433
730 753 2.0618119072200103
739 746 3.574453703354731
743 766 0.5004307185850176
736 752 0.22663210648628773
735 755 1.7513136084096503
766 928 2.93164334365634
741 766 -4.844202616288199
749 755 2.5274488884529975
753 777 1.9501526258096291
703 756 1.3959338990403656
750 756 2.7117470592609445
744 751 0.5504197869721676
730 762 2.368217406966919
745 759 0.7759821143416219
741 752 1.604628978813839
747 752 2.023523983245292
753 762 1.0221648177565306
730 759 -0.0544849469084292
740 758 2.7803933118077264
728 758 -2.0618119810484816
695 760 1.2778513804684322
695 761 0.054484828546315534
748 758 -3.43705550120135
695 755 3.015725255756913
760 761 2.7117470592609445
759 762 1.9501526258096291
757 759 3.3153580262671256
695 764 0.023345926266394867
751 777 3.4370554399806776
755 760 3.3153580262671256
761 764 2.2726891994400433
740 763 3.7324082779400585
703 764 0.8490926297285697
756 777 3.574453703354731
753 765 1.347717671142901
758 763 2.5274488884529975
752 766 -3.9184428135768994
764 767 2.5274488884529975
703 767 0.6872705278045488
767 777 0.13248100121840833
765 777 0.1637791782871667
746 772 -1.2106356105583946
768 777 2.7803933118077264
767 768 2.646993557188065
762 765 0.7580154487445683
760 769 0.3058452631148958
760 773 0.4347078707200993
762 770 2.4719660016221714
715 772 -2.418966560561031
747 755 4.844202556684481
769 773 2.2726891994400433
765 770 0.35381849771398977
748 771 -0.11685724657693086
759 770 2.7803933118077264
754 771 -5.53733426701854
755 769 1.0221648177565306
761 773 -0.4839058740936957
748 775 -2.319517101482562
761 774 -0.07006336313715722
758 775 2.8534721380276795
771 775 0.9629978960423582
773 774 2.2726891994400433
764 774 -0.25821891342749526
715 789 -3.2060451019615273
764 777 2.7117470592609445
767 777 2.101269714871794
772 789 -0.722426472174637
774 777 1.3959338990403656
747 766 -4.844202616288199
758 776 1.880614156109223
777 779 4.145152023550564
747 928 -5.53733426701854
775 776 1.1671515377428254
731 789 -5.53733426701854
770 777 -0.618143736811748
763 778 1.445594446330888
763 776 1.347717671142901
771 782 0.7401648358628796
755 781 -0.27405945275533616
770 785 1.0422550037182607
775 782 2.5856857384930256
769 781 -1.083027742309897
777 785 2.7117470592609445
759 785 0.1481210376275779
763 780 1.6615501074318497
778 780 1.72076695640305
731 798 0.1794573777347761
769 784 -0.7047962700763302
776 778 1.445594446330888
754 782 -3.5744537730315336
781 784 2.5274488884529975
773 784 -0.7047962700763302
776 782 1.4205758640846524
746 824 -2.5274489963885465
692 804 4.844202556684481
777 783 5.537334267018537
772 824 -5.53733426701854
774 784 -0.4347079946705643
778 782 -0.16377929735639296
747 781 0.7580154487445683
778 786 1.3959338990403656
789 803 -5.53733426701854
777 790 3.574453703354731
782 786 2.5274488884529975
739 824 -3.43705550120135
772 803 -2.9316434205780437
777 784 0.4347078707200993
777 787 3.9184427168471876
803 824 2.4719660016221714
798 824 3.4370554399806776
784 787 -0.305845384176723
780 791 0.982542654754837
784 808 3.4370554399806776
777 796 4.145152023550564
780 786 0.1168571278983801
804 824 3.3153580262671256
787 808 2.8534721380276795
790 796 3.574453703354731
782 788 3.7324082779400585
804 928 3.574453703354731
785 797 1.210635526973574
786 791 1.5230823357393546
754 788 -3.0157253387444354
777 797 -0.19515772478657212
747 799 1.0221648177565306
781 794 -0.6010891274007599
781 795 0.33778526158074773
781 792 0.5170228985401271
784 792 0.982542654754837
777 808 1.72076695640305
783 797 0.5672301020452246
789 798 -5.53733426701854
747 794 1.0022628750411067
777 783 2.7117470592609445
794 795 1.1671515377428254
792 795 1.8144599138640842
792 808 3.015725255756913
777 796 1.5769599644200505
777 797 1.986327796610479
786 793 0.6698459156176995
786 788 0.5004307185850176
796 808 3.2060450031958343
783 800 2.7117470592609445
788 793 1.2551669361900215
777 800 2.8534721380276795
777 806 2.5856857384930256
791 793 1.0830275858277314
777 800 2.184051378192568
794 808 0.7940688968903633
785 801 3.10674997290245
799 928 -4.43612156009328
747 808 0.5170228985401271
797 801 2.184051378192568
793 802 1.3716527928075883
795 808 1.3241144775306468
796 805 2.93164334365634
777 805 1.8144599138640842
788 802 1.5497853865743236
733 807 1.986327796610479
799 816 -4.43612156009328
808 809 3.4370554399806776
777 812 2.418966462073592
687 807 -2.023524054927849
816 928 -2.5274489963885465
799 808 3.015725255756913
800 806 1.4205758640846524
796 809 2.7117470592609445
788 817 0.6872705278045488
754 817 -3.5744537730315336
777 808 2.93164334365634
754 807 -2.5274489963885465
777 809 3.574453703354731
802 810 0.7759821143416219
797 813 1.232765242543629
801 813 1.5230823357393546
785 813 2.7117470592609445
788 810 0.8864565510992328
788 814 2.368217406966919
789 811 4.844202556684481
777 796 4.436121480203944
814 817 2.5274488884529975
797 818 1.604628978813839
813 818 3.574453703354731
788 815 2.418966462073592
814 815 1.880614156109223
810 815 0.7401648358628796
803 811 -4.844202616288199
777 818 1.9149341938214999
814 819 0.6181436068748636
815 819 1.6328169387983074
739 820 1.2778513804684322
817 819 1.986327796610479
754 830 -3.43705550120135
777 822 3.10674997290245
817 830 3.7324082779400585
808 822 4.436121480203944
815 821 0.19515760538251437
687 823 2.646993557188065
807 823 0.22663210648628773
687 824 3.2060450031958343
739 824 -1.8806142848807943
799 928 -4.43612156009328
819 821 1.7825318837304605
820 824 -1.4968294629075651
819 830 2.0618119072200103
820 824 -1.8806142848807943
789 824 -4.43612156009328
818 826 1.8144599138640842
808 928 -3.5744537730315336
777 825 0.45104689322786395
777 826 0.1794573777347761
777 827 -0.8122801326543725
754 823 2.368217406966919
826 827 3.015725255756913
824 928 2.5856857384930256
777 840 3.3153580262671256
777 828 0.9436225830949259
821 830 1.8144599138640842
812 825 3.10674997290245
826 828 1.9501526258096291
823 831 1.0830275858277314
687 831 -0.11685724657693086
777 829 0.38602265684584536
777 826 -0.7580155848378691
825 829 2.7117470592609445
811 837 -3.9184428135768994
824 831 -1.1037246319352672
803 837 0.007781661256567096
789 837 -5.53733426701854
822 832 -0.4184259027266788
822 829 -1.3959339919795308
777 834 3.7324082779400585
824 837 -1.5230824363372633
828 834 1.72076695640305
808 839 2.2275794437459226
822 839 1.6908566753683048
832 839 1.9501526258096291
829 832 1.6328169387983074
812 840 3.4370554399806776
826 840 1.445594446330888
824 833 -0.038913137770452355
818 836 0.35381849771398977
754 831 0.03891301945135828
820 833 1.8471390342477205
826 836 0.7047961364960313
830 838 4.145152023550564
754 838 -4.43612156009328
825 839 1.5497853865743236
812 839 2.2275794437459226
826 834 3.4370554399806776
824 843 3.3153580262671256
829 839 0.6872705278045488
826 835 2.93164334365634
831 843 -0.6525189378391278
777 835 1.5230823357393546
834 835 3.574453703354731
835 840 2.8534721380276795
836 841 1.3959338990403656
824 837 -1.0022630255891705
826 841 0.9629978960423582
824 845 -0.7940690348095123
839 840 3.2060450031958343
840 841 3.9184427168471876
754 843 3.9184427168471876
837 845 3.574453703354731
840 842 3.9184427168471876
839 928 -5.53733426701854
840 844 4.844202556684481
842 844 3.7324082779400585
839 847 2.4719660016221714
839 842 4.436121480203944
838 846 4.844202556684481
838 848 3.3153580262671256
846 848 3.9184427168471876
838 849 2.646993557188065
839 851 -0.32179504083642385
848 849 1.3008299128497565
838 843 -3.0157253387444354
847 851 3.7324082779400585
842 851 3.3153580262671256
840 842 4.844202556684481
837 856 -0.8490927706325437
824 856 2.646993557188065
846 849 4.436121480203944
837 850 4.145152023550564
847 870 1.604628978813839
845 850 0.8122799937741847
839 870 3.7324082779400585
837 859 2.023523983245292
856 859 -1.2551670218420983
849 852 2.31951701078773
838 854 -0.14812115655181013
843 854 -1.986327866288225
845 857 1.8471390342477205
850 857 2.418966462073592
846 852 3.9184427168471876
846 853 5.537334267018537
824 855 3.2060450031958343
858 928 2.7803933118077264
840 851 2.0618119072200103
840 870 3.3153580262671256
851 870 2.31951701078773
843 855 0.33778526158074773
824 858 1.986327796610479
846 860 3.2060450031958343
838 860 1.8471390342477205
859 861 1.880614156109223
837 861 1.9501526258096291
854 860 -0.5004308444200505
854 855 -3.43705550120135
837 857 1.3008299128497565
854 865 0.5504197869721676
860 865 3.4370554399806776
852 862 1.7513136084096503
857 861 3.9184427168471876
846 862 1.5497853865743236
840 866 2.4719660016221714
824 859 -1.690856787854381
852 864 1.604628978813839
851 863 2.5856857384930256
862 864 1.6615501074318497
824 867 2.7803933118077264
858 867 1.347717671142901
847 863 1.188767543534301
863 870 1.604628978813839
846 865 2.31951701078773
854 880 -0.7940690348095123
855 880 -5.53733426701854
853 868 3.4370554399806776
846 868 2.31951701078773
824 861 -3.106750063060895
853 862 1.8471390342477205
865 871 3.7324082779400585
854 871 -2.7117471225450083
824 857 -3.106750063060895
824 845 -0.038913137770452355
867 869 2.646993557188065
853 864 2.418966462073592
865 868 3.9184427168471876
869 928 2.2726891994400433
866 940 3.7324082779400585
840 940 3.2060450031958343
845 872 -2.2726892867301896
870 928 -5.53733426701854
840 874 3.4370554399806776
871 880 -3.732408358890588
853 875 2.2275794437459226
871 879 2.8534721380276795
879 880 -3.732408358890588
824 873 2.5856857384930256
868 875 3.015725255756913
824 869 3.4370554399806776
870 876 2.4719660016221714
840 876 5.537334267018537
853 877 1.8144599138640842
824 872 -3.0157253387444354
875 877 2.2726891994400433
878 928 3.2060450031958343
880 884 1.7825318837304605
855 884 -5.53733426701854
824 884 -5.53733426701854
866 882 4.436121480203944
865 879 0.7940688968903633
865 881 1.986327796610479
869 878 2.5856857384930256
879 881 2.418966462073592
868 877 3.4370554399806776
865 883 1.5497853865743236
868 883 2.368217406966919
881 883 1.880614156109223
824 878 2.7803933118077264
879 885 2.184051378192568
866 870 0.07006324471763459
880 885 -3.732408358890588
873 884 -3.9184428135768994
885 890 3.2060450031958343
880 890 -3.0157253387444354
840 886 3.015725255756913
874 886 3.574453703354731
878 888 2.8534721380276795
866 876 -0.4839058740936957
881 885 1.6328169387983074
888 928 3.3153580262671256
868 887 1.3959338990403656
884 898 2.2275794437459226
873 898 -2.2726892867301896
870 889 0.9436225830949259
882 940 3.7324082779400585
883 887 2.2726891994400433
883 885 1.7825318837304605
866 940 2.7117470592609445
870 891 3.3153580262671256
884 890 -3.9184428135768994
889 928 -4.844202616288199
889 891 2.93164334365634
824 898 -2.1012697910023577
824 888 4.145152023550564
886 940 3.2060450031958343
874 940 4.844202556684481
892 940 4.436121480203944
868 893 1.188767543534301
885 894 2.101269714871794
898 915 -0.618143736811748
824 915 -5.53733426701854
866 892 4.145152023550564
887 893 1.3716527928075883
885 887 3.015725255756913
890 894 2.023523983245292
885 897 1.471006361575077
885 895 1.124638707269666
890 900 3.015725255756913
884 900 -5.53733426701854
866 891 1.5230823357393546
895 897 2.023523983245292
894 895 2.023523983245292
887 896 1.9501526258096291
885 896 2.2726891994400433
912 928 0.982542654754837
893 896 0.9053573740495944
889 912 -4.844202616288199
885 899 1.445594446330888
866 901 3.015725255756913
866 940 0.7580154487445683
897 899 2.7117470592609445
894 900 1.986327796610479
866 889 1.986327796610479
901 940 1.880614156109223
895 900 1.347717671142901
885 902 1.471006361575077
824 909 -0.8122801326543725
888 909 -0.7940690348095123
866 904 1.9501526258096291
899 902 1.6328169387983074
897 900 2.023523983245292
898 900 -4.844202616288199
909 928 -1.5230824363372633
896 905 1.986327796610479
885 903 0.7401648358628796
900 908 2.31951701078773
898 908 -3.732408358890588
896 903 -0.27405945275533616
902 903 1.445594446330888
901 904 2.184051378192568
903 905 1.880614156109223
824 906 3.015725255756913
824 910 -1.0625403846496646
899 900 0.054484828546315534
909 910 2.418966462073592
866 912 -5.53733426701854
899 907 2.418966462073592
900 907 4.145152023550564
915 918 -2.9316434205780437
898 918 2.8534721380276795
899 911 1.0830275858277314
902 911 3.574453703354731
907 911 3.9184427168471876
906 910 -0.5170230248961472
898 914 -5.53733426701854
908 914 1.8471390342477205
902 905 1.124638707269666
866 901 3.574453703354731
874 913 2.141984057957801
905 916 1.347717671142901
907 908 2.646993557188065
906 915 -5.53733426701854
902 916 2.646993557188065
914 921 2.4719660016221714
898 921 -4.145152083743929
902 917 1.188767543534301
911 917 0.9436225830949259
907 917 1.8471390342477205
906 909 -1.2106356105583946
902 919 0.8306197427665889
917 919 1.6908566753683048
866 923 1.1671515377428254
920 940 3.10674997290245
866 922 1.880614156109223
922 923 4.436121480203944
907 914 1.7513136084096503
866 940 2.101269714871794
916 919 -0.27405945275533616
916 924 1.124638707269666
919 924 1.8144599138640842
914 917 1.0422550037182607
914 925 1.8144599138640842
921 925 1.8144599138640842
914 919 0.652518806521984
921 927 3.015725255756913
898 927 -4.844202616288199
915 930 -0.9825428039459942
926 940 2.4719660016221714
918 930 0.8306197427665889
906 934 -5.53733426701854
915 934 2.7117470592609445
918 1104 2.8534721380276795
930 1104 -0.8306198826413334
866 928 -5.53733426701854
923 940 2.8534721380276795
914 924 1.0625402297313233
925 927 0.5004307185850176
925 932 2.368217406966919
898 938 -4.145152083743929
927 932 4.145152023550564
927 938 1.445594446330888
906 928 1.0221648177565306
922 936 0.6872705278045488
914 929 1.2778513804684322
866 936 -0.8864566941706382
925 929 2.2275794437459226
928 936 -5.53733426701854
914 931 1.471006361575077
929 931 2.141984057957801
914 937 2.646993557188065
915 939 -0.14812115655181013
931 937 2.31951701078773
918 938 -3.732408358890588
930 939 3.574453703354731
923 936 1.880614156109223
930 933 1.445594446330888
933 1104 -2.4719661045957224
930 935 2.141984057957801
906 950 -5.53733426701854
929 932 0.38602265684584536
933 935 1.3008299128497565
934 950 3.015725255756913
929 941 1.7825318837304605
932 941 2.7803933118077264
931 941 1.232765242543629
938 946 1.604628978813839
918 946 -5.53733426701854
915 943 0.3217949194737102
928 950 -5.53733426701854
939 943 1.7513136084096503
914 942 2.101269714871794
932 938 0.7759821143416219
937 942 2.7117470592609445
914 944 0.9436225830949259
942 944 1.7825318837304605
937 941 2.8534721380276795
934 943 -0.6698460476628039
914 945 0.1794573777347761
944 945 3.10674997290245
933 957 -0.13248112001244716
928 980 -2.22757952790676
946 1104 -5.53733426701854
957 1104 -0.32179504083642385
936 980 -4.43612156009328
937 951 2.8534721380276795
938 948 0.3058452631148958
946 948 2.4719660016221714
935 957 -0.618143736811748
938 947 1.3008299128497565
928 979 -4.844202616288199
947 948 1.880614156109223
950 979 -0.5004308444200505
949 1104 3.3153580262671256
930 943 2.101269714871794
934 953 0.45104689322786395
950 965 1.8471390342477205
942 951 0.1168571278983801
943 953 1.232765242543629
965 979 2.2275794437459226
942 958 2.101269714871794
938 952 0.7759821143416219
951 958 3.015725255756913
947 952 2.184051378192568
932 954 0.35381849771398977
930 957 0.6181436068748636
944 958 3.2060450031958343
938 954 1.6328169387983074
946 949 -4.43612156009328
941 954 0.5672301020452246
938 963 0.35381849771398977
949 956 1.880614156109223
930 960 1.471006361575077
936 961 0.8490926297285697
923 961 4.145152023550564
940 962 2.8534721380276795
952 963 2.8534721380276795
956 1104 2.7117470592609445
957 960 2.418966462073592
941 959 0.8864565510992328
947 955 2.2275794437459226
954 959 1.4968293639808472
952 955 1.6908566753683048
948 955 1.0830275858277314
950 953 -0.11685724657693086
946 969 1.1671515377428254
949 969 -2.1012697910023577
930 953 0.7580154487445683
953 965 1.232765242543629
937 959 0.652518806521984
952 964 3.2060450031958343
940 988 3.10674997290245
954 963 -0.27405945275533616
955 964 3.2060450031958343
962 988 3.4370554399806776
937 966 0.5336849977291656
954 967 0.3058452631148958
963 964 2.5274488884529975
960 970 1.8144599138640842
930 970 1.2778513804684322
953 994 1.3959338990403656
928 973 -4.43612156009328
951 966 -0.11685724657693086
959 966 1.9501526258096291
963 967 1.8471390342477205
948 964 1.6615501074318497
930 994 1.7825318837304605
973 979 -0.8306198826413334
961 980 -4.844202616288199
951 971 0.369896870073811
949 987 -2.0618119810484816
970 972 1.8471390342477205
930 972 1.1457782142804072
966 971 2.5856857384930256
969 987 1.3008299128497565
956 987 -4.844202616288199
963 968 2.5856857384930256
930 976 1.8144599138640842
964 968 1.3716527928075883
972 976 1.986327796610479
963 974 2.2275794437459226
948 969 0.38602265684584536
960 975 2.184051378192568
930 978 2.418966462073592
973 980 0.5841188470777665
959 967 -0.21088196663715686
957 975 0.9053573740495944
976 978 1.9149341938214999
951 982 0.38602265684584536
959 983 0.7940688968903633
967 983 1.4205758640846524
965 994 2.93164334365634
971 982 2.023523983245292
968 974 2.7117470592609445
958 982 0.6010889981175147
967 974 2.023523983245292
968 977 2.2275794437459226
964 977 1.8471390342477205
964 984 0.1168571278983801
957 996 -0.5504199144331001
960 981 0.8306197427665889
940 988 -0.6010891274007599
969 984 1.0830275858277314
975 981 1.9501526258096291
970 981 1.7513136084096503
923 988 2.8534721380276795
944 982 1.347717671142901
966 985 0.03891301945135828
959 985 0.007781661256567096
983 985 1.445594446330888
996 1104 1.8471390342477205
972 981 1.2778513804684322
945 982 0.6698459156176995
971 985 0.3217949194737102
967 986 1.7825318837304605
969 989 0.7940688968903633
973 994 -4.43612156009328
987 989 3.574453703354731
978 994 0.03891301945135828
979 994 2.7117470592609445
971 992 0.5004307185850176
976 990 0.8122799937741847
991 994 2.2726891994400433
985 992 1.8471390342477205
983 986 1.0022628750411067
981 990 1.7825318837304605
978 991 1.4968293639808472
967 993 1.986327796610479
978 990 1.2551669361900215
940 998 2.0618119072200103
986 993 2.141984057957801
967 968 1.6908566753683048
982 992 0.8122799937741847
985 993 2.8534721380276795
983 993 2.184051378192568
977 984 -0.038913137770452355
968 993 1.7825318837304605
968 984 0.40219817433836536
980 994 -1.371652884404361
980 1006 -4.43612156009328
961 1006 3.2060450031958343
923 997 1.986327796610479
984 989 -0.4674454634335292
994 1006 -4.43612156009328
988 997 3.574453703354731
982 1002 1.232765242543629
968 995 0.4674453385798212
984 1003 0.21088184704301205
989 1003 2.418966462073592
992 1002 2.8534721380276795
984 995 1.8471390342477205
975 996 -1.1037246319352672
961 997 3.10674997290245
988 998 2.0618119072200103
982 992 1.0022628750411067
992 993 2.141984057957801
987 1000 2.93164334365634
956 1000 -4.43612156009328
981 996 -0.6698460476628039
978 1001 0.7759821143416219
991 1001 1.8471390342477205
994 1005 4.844202556684481
993 995 0.2899341161553104
1000 1104 -5.53733426701854
990 1001 3.2060450031958343
989 999 3.9184427168471876
989 1004 2.418966462073592
1006 1008 1.986327796610479
961 1008 0.6698459156176995
1000 1004 1.986327796610479
993 1007 0.652518806521984
1000 1010 0.5004307185850176
1010 1104 -3.732408358890588
995 1007 1.880614156109223
990 996 -0.9436227297103521
1009 1104 2.5274488884529975
990 1011 -0.867703438765498
995 1003 0.40219817433836536
999 1004 1.8471390342477205
996 1011 1.0830275858277314
961 1012 1.2551669361900215
1008 1012 2.141984057957801
995 1015 0.1637791782871667
1003 1015 2.8534721380276795
994 1001 2.93164334365634
990 1014 -0.4347079946705643
1004 1010 0.007781661256567096
1011 1014 1.4205758640846524
999 1010 0.08565016394454328
1001 1014 -1.042255157127819
940 988 0.7759821143416219
993 1013 -0.007781779532672672
1001 1018 -0.7580155848378691
1007 1013 1.347717671142901
1007 1015 -0.4510470176203887
1014 1018 1.8144599138640842
992 1013 0.6181436068748636
1007 1029 0.6010889981175147
1015 1029 2.2726891994400433
989 1016 -0.023346044556825873
1010 1023 0.22663210648628773
1001 1020 -0.11685724657693086
994 1019 3.4370554399806776
1006 1028 1.5769599644200505
1010 1016 1.8471390342477205
1023 1104 -5.53733426701854
1018 1020 1.6908566753683048
1005 1019 3.7324082779400585
1008 1028 1.72076695640305
1003 1016 -0.5841189757308616
1003 1021 0.1794573777347761
1011 1017 3.7324082779400585
1001 1024 0.48390574875928927
1016 1021 1.986327796610479
1020 1024 1.5230823357393546
961 988 0.8306197427665889
1010 1030 0.19515760538251437
1023 1030 3.7324082779400585
1003 1026 -0.13248112001244716
1021 1026 1.3959338990403656
1014 1017 0.40219817433836536
994 1024 0.33778526158074773
1015 1025 2.368217406966919
1014 1027 2.101269714871794
1018 1027 2.2726891994400433
940 1034 3.4370554399806776
1013 1029 -0.3860227795812654
1017 1027 2.141984057957801
1005 1024 0.33778526158074773
1013 1041 0.45104689322786395
1015 1022 2.7803933118077264
1016 1040 0.48390574875928927
1008 1033 1.9501526258096291
1012 1033 3.015725255756913
1029 1041 3.3153580262671256
1022 1025 2.184051378192568
1030 1040 3.3153580262671256
1020 1027 0.33778526158074773
1028 1033 1.2778513804684322
1015 1031 1.880614156109223
1009 1038 2.7803933118077264
1038 1104 2.4719660016221714
1027 1032 1.2778513804684322
1020 1032 1.6328169387983074
1005 1036 1.103724552883528
988 1012 0.1637791782871667
1029 1031 3.10674997290245
1025 1031 2.184051378192568
1011 1104 -1.4455945421327967
1024 1036 1.103724552883528
1019 1036 0.7940688968903633
1003 1035 -0.3860227795812654
1021 1040 0.1794573777347761
1015 1035 -0.36989699244014895
1026 1035 1.3008299128497565
1009 1023 -4.844202616288199
1024 1032 2.4719660016221714
994 1036 1.5769599644200505
1013 1048 0.7047961364960313
1015 1037 0.40219817433836536
1021 1039 0.242410407030617
1041 1048 3.015725255756913
1035 1037 1.5769599644200505
1039 1040 3.3153580262671256
1017 1104 -2.0618119810484816
1026 1039 0.2582187931706581
940 1043 0.9629978960423582
1034 1043 3.3153580262671256
1022 1037 2.2275794437459226
988 1033 0.8864565510992328
940 1047 3.3153580262671256
1025 1042 1.5230823357393546
1023 1049 0.8122799937741847
1022 1042 1.72076695640305
1009 1049 -3.5744537730315336
1026 1045 0.1168571278983801
1039 1045 2.5856857384930256
1031 1044 0.21088184704301205
1035 1045 -0.2899342369326745
1028 1050 2.93164334365634
1025 1044 1.0221648177565306
1032 1036 0.6352858046593717
1029 1044 0.5841188470777665
1037 1045 0.023345926266394867
1027 1104 -4.145152083743929
1036 1046 5.537334267018537
994 1046 3.7324082779400585
988 1055 0.6872705278045488
1023 1040 2.646993557188065
1032 1046 2.31951701078773
940 1055 1.880614156109223
1009 1104 2.646993557188065
1006 1050 0.3217949194737102
1022 1053 0.6010889981175147
1037 1053 -0.023346044556825873
940 1043 1.9501526258096291
1045 1053 2.7117470592609445
1032 1104 -2.0618119810484816
1029 1052 -0.24241052705099042
1042 1053 0.1481210376275779
1039 1054 2.141984057957801
1044 1052 1.9149341938214999
1045 1054 2.7117470592609445
1040 1054 3.9184427168471876
1048 1051 3.10674997290245
1029 1056 -0.16377929735639296
1025 1053 0.5504197869721676
1052 1056 1.72076695640305
1049 1104 -3.5744537730315336
1029 1057 -0.14812115655181013
1044 1058 1.0221648177565306
1056 1057 1.604628978813839
1053 1058 2.7117470592609445
1033 1050 -0.25821891342749526
1032 1070 -2.1419841365639445
1033 1055 3.9184427168471876
1070 1104 0.023345926266394867
1050 1055 1.0422550037182607
1043 1055 -0.635285935274005
1041 1057 -0.007781779532672672
1044 1059 0.7047961364960313
1040 1049 1.0422550037182607
1049 1060 0.5336849977291656
1055 1061 2.184051378192568
1043 1061 1.9501526258096291
1058 1059 2.5856857384930256
1060 1104 -4.844202616288199
1046 1050 -4.145152083743929
1053 1054 3.015725255756913
1041 1062 -0.14812115655181013
1052 1059 -0.038913137770452355
1057 1062 1.9149341938214999
1056 1064 0.33778526158074773
1052 1064 0.274059332246233
1049 1069 1.210635526973574
1046 1070 -2.1419841365639445
1048 1062 -0.40219829746062086
1059 1064 3.10674997290245
1060 1069 2.8534721380276795
1048 1063 -0.305845384176723
1057 1064 0.2582187931706581
1062 1063 1.210635526973574
1051 1063 -0.32179504083642385
1057 1065 0.242410407030617
1064 1065 3.2060450031958343
1051 1067 -0.16377929735639296
1059 1066 1.7825318837304605
1058 1066 2.4719660016221714
1063 1067 1.5769599644200505
1062 1065 0.1637791782871667
1059 1068 2.31951701078773
1054 1058 2.7117470592609445
1046 1073 1.3241144775306468
1066 1068 3.015725255756913
1070 1073 1.7513136084096503
1064 1068 2.7117470592609445
1063 1065 0.1481210376275779
1054 1071 0.5841188470777665
1040 1071 0.21088184704301205
940 1061 0.5672301020452246
1049 1071 1.2551669361900215
940 1055 2.418966462073592
1050 1074 3.7324082779400585
1055 1074 1.986327796610479
1065 1072 2.4719660016221714
1065 1067 -0.08565028243590467
1060 1079 0.8306197427665889
1079 1104 -4.43612156009328
1064 1072 -0.17945749696390423
1067 1077 0.22663210648628773
1049 1075 0.5004307185850176
1065 1077 3.4370554399806776
1068 1072 0.1637791782871667
1069 1075 2.5856857384930256
1072 1080 1.4968293639808472
1071 1075 0.48390574875928927
1068 1080 2.141984057957801
1058 1071 0.8306197427665889
1070 1086 0.242410407030617
1066 1071 0.8306197427665889
1086 1104 1.3959338990403656
1065 1080 2.93164334365634
1068 1071 0.8677032967963991
1069 1076 1.9149341938214999
1060 1081 -0.13248112001244716
1055 1088 2.646993557188065
940 1083 0.5504197869721676
1079 1081 2.141984057957801
1069 1078 1.7825318837304605
1060 1085 -0.722426472174637
940 1082 1.9501526258096291
1076 1078 1.3716527928075883
1081 1085 1.4205758640846524
1073 1086 1.6328169387983074
1082 1083 1.1457782142804072
1071 1093 0.6181436068748636
1069 1084 2.4719660016221714
1075 1093 3.4370554399806776
1075 1084 2.2275794437459226
1060 1087 0.07006324471763459
1050 1104 -0.8490927706325437
1060 1076 1.3959338990403656
1085 1087 1.3959338990403656
1046 1104 -2.9316434205780437
1074 1104 2.8534721380276795
1071 1080 0.7224263377855422
1060 1090 -0.25821891342749526
1060 1078 1.232765242543629
1087 1090 1.8144599138640842
1060 1069 1.232765242543629
1075 1089 0.5170228985401271
1084 1089 2.184051378192568
1060 1091 -0.635285935274005
1089 1093 2.4719660016221714
1060 1084 0.652518806521984
1090 1091 1.7513136084096503
1071 1099 0.9053573740495944
1085 1092 0.22663210648628773
1081 1092 1.0221648177565306
1074 1105 3.7324082779400585
940 1083 -0.07006336313715722
1093 1099 2.646993557188065
1060 1089 2.7803933118077264
1055 1105 3.10674997290245
1060 1094 -0.5841189757308616
1079 1097 1.0221648177565306
1097 1104 -5.53733426701854
1086 1095 0.7940688968903633
1073 1095 0.5504197869721676
1091 1094 1.72076695640305
1087 1092 1.3241144775306468
1046 1095 0.8306197427665889
1090 1096 0.38602265684584536
1087 1096 1.7513136084096503
1081 1098 0.9053573740495944
1097 1098 2.2726891994400433
1065 1071 0.35381849771398977
1060 1101 -1.0221649697100497
1092 1098 0.369896870073811
1094 1101 1.604628978813839
1091 1096 -0.5672302300910688
1093 1100 2.418966462073592
1091 1102 0.22663210648628773
1096 1102 1.7513136084096503
1092 1109 -0.10124760698692858
1055 1114 2.8534721380276795
1098 1109 1.986327796610479
1087 1103 0.5672301020452246
1092 1103 0.33778526158074773
1094 1102 0.33778526158074773
1103 1109 1.9501526258096291
1093 1106 2.646993557188065
1093 1107 2.5856857384930256
1060 1108 -0.867703438765498
1096 1103 0.7580154487445683
1095 1104 -1.371652884404361
1100 1106 1.6908566753683048
1101 1108 1.3959338990403656
1071 1115 0.5004307185850176
1099 1115 2.5274488884529975
1093 1112 0.7047961364960313
1093 1110 2.2275794437459226
1089 1108 -0.32179504083642385
1097 1118 3.2060450031958343
1104 1118 -4.844202616288199
1099 1112 2.5274488884529975
1106 1112 2.2275794437459226
1089 1107 2.31951701078773
1100 1113 1.986327796610479
1100 1110 0.9053573740495944
1102 1103 0.9053573740495944
1118 1123 2.023523983245292
1104 1123 -4.844202616288199
1055 1074 2.7803933118077264
1110 1113 2.7117470592609445
1107 1110 2.418966462073592
1099 1111 2.7803933118077264
1101 1102 -0.22663222628581936
1100 1116 1.7825318837304605
1101 1119 -0.11685724657693086
1106 1116 2.141984057957801
1113 1116 2.368217406966919
1102 1119 2.184051378192568
1071 1126 0.5841188470777665
1115 1126 2.2275794437459226
1103 1117 2.368217406966919
1098 1118 1.8144599138640842
1111 1115 3.3153580262671256
1103 1119 1.9149341938214999
1109 1117 1.6328169387983074
1089 1122 -0.5504199144331001
1108 1132 0.007781661256567096
1103 1120 1.5769599644200505
1109 1118 1.3959338990403656
1123 1140 0.10124748840924536
1112 1116 0.48390574875928927
1107 1122 -0.6872706606037844
1108 1122 1.6328169387983074
1119 1132 3.10674997290245
1117 1120 1.6328169387983074
1104 1140 -3.9184428135768994
940 1114 0.242410407030617
1112 1121 1.3241144775306468
1107 1125 -0.2899342369326745
1108 1128 0.369896870073811
1099 1115 0.8864565510992328
1116 1121 1.986327796610479
1122 1125 1.6615501074318497
1128 1132 1.9149341938214999
1099 1124 1.5769599644200505
1112 1124 1.124638707269666
1110 1125 0.023345926266394867
1121 1124 1.8144599138640842
1119 1120 1.604628978813839
1115 1127 2.7117470592609445
1115 1136 3.9184427168471876
1099 1136 1.6328169387983074
1099 1129 2.4719660016221714
1117 1134 1.5769599644200505
1113 1125 -0.722426472174637
1118 1134 1.8144599138640842
1113 1131 -0.16377929735639296
1108 1138 0.38602265684584536
1119 1133 1.445594446330888
1114 1135 2.7803933118077264
940 1135 2.184051378192568
940 1141 2.7117470592609445
1124 1129 1.7513136084096503
1116 1131 -0.7047962700763302
1125 1131 1.6615501074318497
1128 1138 1.6908566753683048
1120 1133 1.188767543534301
1120 1134 1.5497853865743236
1116 1137 -0.14812115655181013
1128 1139 1.9501526258096291
1129 1136 2.646993557188065
1131 1137 1.72076695640305
1132 1139 3.3153580262671256
1126 1142 3.2060450031958343
1115 1130 1.3716527928075883
1122 1138 0.1481210376275779
1126 1130 1.471006361575077
1127 1130 1.604628978813839
1127 1136 1.347717671142901
1116 1145 -0.0544849469084292
1125 1151 0.7401648358628796
1128 1146 1.1457782142804072
1128 1143 1.3008299128497565
1133 1147 1.6615501074318497
1120 1147 1.4205758640846524
1123 1134 1.0221648177565306
1121 1145 -0.8864566941706382
1137 1145 2.101269714871794
1138 1151 1.4968293639808472
1139 1143 1.6908566753683048
1130 1149 0.5336849977291656
1127 1149 1.8144599138640842
1136 1149 2.646993557188065
1121 1150 -0.40219829746062086
1138 1146 2.0618119072200103
1119 1144 1.0022628750411067
1124 1150 -0.867703438765498
1145 1150 1.8471390342477205
1143 1146 1.5230823357393546
1132 1144 0.9629978960423582
1133 1144 1.6908566753683048
1134 1147 2.184051378192568
1130 1148 1.0022628750411067
1124 1153 -0.16377929735639296
1148 1149 2.7803933118077264
1150 1153 1.4968293639808472
1055 1135 3.4370554399806776
1129 1153 -0.25821891342749526
1131 1151 0.13248100121840833
1130 1142 0.1481210376275779
1137 1151 0.5004307185850176
1143 1154 0.8677032967963991
1144 1147 1.124638707269666
1140 1160 -0.038913137770452355
1104 1160 -4.844202616288199
1146 1151 1.0422550037182607
1146 1154 1.3716527928075883
1139 1154 1.0830275858277314
1123 1147 -0.36989699244014895
1130 1152 1.0625402297313233
1148 1152 1.210635526973574
1136 1153 -0.305845384176723
1147 1155 0.7401648358628796
1142 1152 3.015725255756913
1132 1147 1.3008299128497565
1123 1155 2.368217406966919
1136 1157 -0.353818619728701
1145 1151 0.2582187931706581
1151 1158 1.9149341938214999
1146 1156 1.3241144775306468
1149 1152 2.7803933118077264
1153 1157 2.101269714871794
1146 1158 1.7513136084096503
1154 1156 2.646993557188065
1150 1151 0.03891301945135828
1146 1159 1.0221648177565306
1139 1147 1.3008299128497565
1156 1159 1.8144599138640842
1147 1154 1.4968293639808472
1136 1162 -0.2899342369326745
1153 1165 0.5336849977291656
1151 1153 -0.24241052705099042
1147 1161 0.5504197869721676
1140 1170 -0.07006336313715722
1149 1162 -0.6010891274007599
1157 1162 1.8471390342477205
1151 1165 2.5274488884529975
1155 1161 1.604628978813839
1160 1170 1.9501526258096291
1149 1164 -0.8306198826413334
1162 1164 1.6615501074318497
1158 1159 0.1794573777347761
1149 1166 -0.36989699244014895
1158 1163 0.5004307185850176
1159 1163 1.347717671142901
1147 1156 2.2726891994400433
1140 1155 -0.11685724657693086
1164 1166 1.1671515377428254
1155 1169 -0.635285935274005
1160 1167 2.5274488884529975
1149 1171 -0.9053575182618498
1157 1165 0.2582187931706581
1163 1168 1.0625402297313233
1156 1163 0.5170228985401271
1156 1161 -0.32179504083642385
1155 1174 -0.36989699244014895
1160 1175 3.3153580262671256
1160 1183 -0.9053575182618498
1166 1171 1.103724552883528
1156 1168 1.0625402297313233
1161 1174 -0.722426472174637
1140 1169 1.0022628750411067
1175 1183 3.9184427168471876
1104 1183 -4.844202616288199
1152 1176 -0.4184259027266788
1149 1176 -0.4839058740936957
1158 1172 0.8122799937741847
1156 1173 1.6908566753683048
1171 1176 1.188767543534301
1163 1172 1.347717671142901
1161 1173 1.6328169387983074
1169 1174 1.2551669361900215
1167 1170 1.347717671142901
1152 1178 -0.10124760698692858
1162 1165 0.5336849977291656
1158 1177 0.48390574875928927
1176 1178 1.6615501074318497
1158 1165 0.38602265684584536
1172 1177 1.6908566753683048
1168 1172 0.38602265684584536
1142 1178 -0.24241052705099042
1164 1165 0.054484828546315534
1165 1181 2.418966462073592
1158 1179 2.5274488884529975
1168 1182 1.6615501074318497
1161 1180 -0.7759822513321553
1167 1175 1.8144599138640842
1165 1166 0.242410407030617
1158 1181 0.982542654754837
1177 1179 0.6698459156176995
1172 1182 1.232765242543629
1174 1180 0.982542654754837
1156 1182 0.8490926297285697
1165 1184 3.10674997290245
1169 1186 -1.2106356105583946
1170 1185 2.0618119072200103
1165 1171 -0.08565028243590467
1181 1184 2.5274488884529975
1179 1181 3.3153580262671256
1170 1186 2.368217406966919
1167 1185 2.5274488884529975
1179 1182 2.93164334365634
1177 1182 1.0625402297313233
1173 1187 -1.1037246319352672
1174 1186 -0.3860227795812654
1165 1176 -0.10124760698692858
1173 1182 2.8534721380276795
1180 1187 1.6615501074318497
1176 1189 0.1794573777347761
1170 1188 2.93164334365634
1165 1189 3.10674997290245
1185 1188 2.31951701078773
1178 1189 0.33778526158074773
1180 1186 -0.353818619728701
1175 1185 -0.14812115655181013
1175 1188 2.141984057957801
1186 1187 -0.4510470176203887
