MULTICUT
0 59 1.18877
1 59 0.722426
2 3 -1.91493
2 59 -1.42058
3 4 2.55389
3 59 0.112479
4 5 -0.475863
4 6 0.243882
4 14 -14.8071
4 15 1.90017
4 19 -0.0301303
4 24 -6.09767
4 59 3.56466
5 15 -0.0183832
5 19 0.0326947
5 59 -1.37867
6 7 0.0927578
6 8 -10.6779
6 9 -3.73241
6 10 -3.55169
6 13 -5.45245
6 14 -2.85347
6 17 -4.43612
6 59 1.88147
7 9 -3.91844
7 59 0.185516
8 13 -1.39593
9 12 -3.62871
9 13 0.042196
9 59 -3.01573
10 14 -1.44559
10 17 -1.34772
11 16 -8.28126
11 22 1.94327
11 27 0.218432
11 40 -3.91419
11 59 -0.464186
12 13 -0.336045
12 16 -0.943623
12 18 -0.580196
12 21 -6.19113
12 59 -3.01573
13 17 -3.57445
13 21 -6.86773
13 25 -6.54381
13 35 -5.53733
13 36 -1.98633
13 39 -2.27269
14 17 -1.78253
14 20 -4.21391
14 23 -3.57445
14 24 -0.337785
14 25 -1.04226
15 19 -0.0482981
15 59 0.0951419
16 18 -0.274059
16 22 -4.8442
16 26 -1.00226
16 27 -10.3815
16 59 -3.73241
17 25 -1.47101
18 21 -2.06181
18 27 -0.56723
19 24 -3.31536
19 28 0.160784
19 59 -0.0612169
20 23 -13.4255
20 25 -6.44416
21 27 -15.2257
21 39 -1.49683
21 42 -3.75285
22 26 -2.98208
22 27 0.235552
23 24 -3.12725
23 25 -9.30402
23 29 -4.43612
24 28 -5.53733
24 29 -3.86411
24 33 -8.26177
24 38 -10.5179
25 29 -0.849093
25 34 -0.512866
25 35 -6.37006
26 27 -5.55287
27 40 -1.84714
27 42 -3.91844
28 30 0.636347
28 31 0.00394232
28 34 -2.55205
28 35 -4.14515
28 38 1.08303
28 43 -1.49423
28 49 -0.319459
28 55 1.63243
28 56 -5.53733
28 57 -1.0175
28 58 -14.5267
28 59 -0.121659
29 32 -1.66168
29 33 -1.75131
29 34 0.386023
29 38 -4.2185
30 31 -0.0569834
30 58 -9.68841
30 59 1.03901
31 59 -0.468678
32 34 -2.10127
32 38 -0.0700634
34 35 -5.32456
34 38 -9.91885
35 36 -7.05848
35 43 -3.91844
36 39 -2.73311
36 43 0.00818613
36 46 -3.40928
37 44 -3.91844
37 59 1.30083
39 42 -0.722426
39 46 -2.93164
40 42 -2.02352
40 45 -2.31952
40 51 -2.93164
40 59 1.46591
40 60 -20.5304
41 45 0.00934998
41 50 1.5184
41 54 -4.14515
41 59 -4.43612
41 63 -3.57445
41 64 0.153212
41 67 -0.0796829
41 71 0.0102572
42 46 -2.64699
42 51 -1.75131
42 53 -1.44559
43 46 -3.12971
43 49 0.899909
43 53 0.286894
43 55 0.0472393
43 56 -4.8442
44 47 2.85347
44 52 -3.01573
44 59 -9.18653
44 62 -3.74392
45 48 -5.53733
45 50 0.364819
45 59 -10.3815
45 60 1.04643
45 64 0.235658
45 65 0.432376
45 67 -0.089788
45 71 0.954199
45 72 1.40362
45 79 1.01723
45 80 1.07771
45 84 -0.962998
45 92 -4.43612
46 53 -0.593356
47 59 -6.41784
47 62 -4.5958
47 70 3.57445
47 76 7.33086
47 77 -2.36822
47 85 -3.25227
47 90 -7.98611
47 103 -1.23277
48 59 1.34772
49 56 -4.14515
50 60 0.118455
50 64 0.0881428
50 65 0.0603435
50 67 -0.0440714
50 71 0.0928592
50 72 0.0860176
50 79 0.0540108
50 80 0.0513451
51 53 -6.11357
51 60 -2.27269
51 61 -6.93417
52 59 1.16715
53 55 0.166172
53 61 -9.97346
53 66 1.60463
54 59 2.48849
54 63 -2.47197
55 56 -10.3815
55 57 -0.700535
55 58 -22.4382
55 59 -0.55042
55 66 2.57361
55 81 -3.73241
57 58 -8.48317
58 59 -10.844
59 62 -0.195158
59 63 -3.91844
59 68 -2.64699
59 70 -3.91844
59 74 -0.438048
59 75 5.85107
59 76 -11.2696
59 77 1.42058
59 81 -11.0747
59 82 0.0090716
59 85 0.853781
59 86 5.28434
59 88 0.0327473
59 89 1.84714
59 90 -0.226632
59 93 1.00226
59 94 -3.39222
59 96 -1.81446
59 97 1.7028
59 98 -1.57696
59 100 -0.0265771
59 102 -6.54381
59 103 -1.0376
59 104 -0.00617235
59 108 -5.53733
59 110 3.5981
59 112 0.0388363
59 115 0.421345
59 119 -2.58934
59 120 0.364191
59 121 -0.355044
59 122 -5.72416
59 123 -4.26252
59 125 -3.91844
59 127 -0.324352
59 130 -11.1786
59 132 -3.73241
59 136 0.326593
59 155 0.109344
59 156 -2.64699
59 161 1.18877
59 164 -2.18405
60 61 1.56586
60 64 0.0169092
60 65 1.94635
60 67 -0.0112208
60 69 0.956355
60 72 1.44948
60 73 -0.37514
61 66 -10.3401
61 69 0.250784
61 73 -8.13031
61 78 -7.87318
61 94 -3.98889
61 95 0.239746
61 101 -0.674561
61 106 -5.53733
61 113 -11.0747
61 119 1.21064
62 70 -1.39593
63 64 -5.94267
63 68 -0.132481
63 75 -2.93164
64 65 0.0124011
64 67 -1.02336
64 71 0.802499
64 72 0.0152539
64 75 -5.77724
64 79 0.105681
64 80 0.0142533
65 67 -0.00620055
66 81 -5.53733
66 87 -10.1482
66 94 2.41198
67 71 -0.153999
67 72 -0.0152539
67 79 -0.105681
67 80 -0.0142533
68 75 -5.75374
69 73 -0.0770451
71 75 -20.7572
71 79 4.11753
71 83 0.289934
71 92 -4.8442
72 73 -0.724727
72 80 0.00682062
72 84 -2.47197
72 92 -3.57445
73 78 -1.57696
73 92 -11.4476
73 95 -14.1114
73 106 -1.47101
73 109 -4.14515
74 82 -0.0406008
74 88 0.46874
74 91 0.299648
74 104 -0.00720437
74 112 -0.00899909
75 83 -5.53733
75 89 0.038913
75 92 -11.0747
76 77 -2.78039
76 90 -6.69592
80 84 -0.886457
81 86 -9.68249
81 87 -2.60264
81 94 -5.9592
82 88 1.15118
83 92 -2.93164
84 92 -4.8442
85 103 -0.426891
86 96 -10.9902
86 97 0.470033
86 98 -2.78039
87 94 -2.41897
88 100 -0.195781
88 103 -0.00522568
88 104 0.10352
88 112 0.0332836
88 117 0.238222
88 121 0.0579218
88 127 0.362441
88 136 6.95809
88 145 4.4964
88 155 0.5908
89 92 -4.8442
89 108 -5.53733
90 99 -5.03251
90 102 -5.98998
90 103 -4.43612
90 111 -3.43706
92 108 2.59717
92 109 0.773662
92 114 -0.0574711
92 116 2.35383
92 118 -2.90639
92 128 -5.53733
92 130 0.147436
92 131 -0.655489
92 134 -3.91844
93 96 -2.22758
93 98 -2.97289
94 105 -3.41712
94 119 -1.60463
95 101 -1.81497
95 106 -4.43612
96 98 -0.132481
97 98 -6.51401
99 102 1.88061
100 104 -0.0539216
101 106 -2.22758
102 111 -6.59018
102 115 -7.38996
103 104 -1.72485
103 107 -7.20223e-08
103 111 -0.095367
103 117 -0.0033955
103 121 -3.75396
103 127 -0.563971
104 107 -2.42689
104 112 0.00172641
104 117 0.0253461
104 121 0.00915783
104 127 0.0414927
106 109 -5.53733
106 113 0.879262
108 110 -21.4562
108 116 0.285434
108 130 -3.56019
109 113 -13.6009
109 114 -0.349096
109 120 -4.43612
109 124 -0.0706359
109 131 1.61436
110 130 -1.34772
111 115 -1.98633
111 121 1.40046
112 127 -0.00896107
112 136 0.0352166
112 155 0.0117389
113 119 -7.63129
113 120 2.23263
113 133 -1.06254
114 118 -2.36822
114 124 -0.0871125
115 121 -4.38916
115 123 -2.85347
116 130 3.16826
117 121 0.00539873
117 127 0.0795999
118 124 -1.49169
118 131 0.144363
119 120 -4.82041
119 133 -0.794069
120 131 -10.2666
120 132 -4.8442
120 133 -1.47101
120 138 -3.91844
120 149 -6.31809
120 154 0.0257525
120 159 -1.51089
121 123 3.60385
121 127 0.708672
121 129 6.05842
121 145 0.278927
122 123 4.37724
122 125 0.687271
122 126 1.83616
122 129 4.10205
122 130 4.43612
122 132 6.61938
122 135 2.52745
122 139 3.32314
122 140 1.05989
122 142 1.05185
122 143 5.20455
122 144 6.42188
122 148 -0.818764
122 149 3.09249
122 150 -0.500431
122 151 14.0445
122 152 9.27881
122 153 -2.93164
122 157 4.71138
122 158 7.59327
122 159 -0.173526
122 160 4.69166
122 161 -3.10675
122 162 2.14198
122 163 3.57445
122 165 2.02352
122 166 2.06181
123 127 0.156873
123 129 1.02072
123 140 1.00759
124 131 -0.141272
127 129 0.20836
127 145 0.239062
127 146 0.0623233
128 131 -0.000463413
128 134 0.0112895
128 137 -0.000770253
128 152 -0.000541695
129 139 5.12446
129 140 4.75553
129 143 1.21795
129 145 1.22357
129 146 0.0535012
130 131 -0.0954455
130 134 -2.4082
130 141 4.65233
130 147 3.57445
130 152 4.74514
130 156 2.02352
130 161 -2.52745
131 134 -2.02501
131 137 2.70953
131 152 1.46523
131 153 -6.20423
131 154 0.246346
131 158 1.0148
132 138 -0.924411
132 144 8.18641
134 137 -3.09158
134 147 -0.353819
134 152 -0.0856126
136 155 1.37165
138 144 -5.6047
138 149 -0.442722
139 143 1.75131
143 145 3.32513
143 146 0.0421404
143 162 0.56723
144 149 0.761344
145 146 0.257113
147 152 0.584119
149 150 -2.2182
149 159 -0.0719519
149 163 0.0610661
152 153 -1.69086
153 158 -3.20605
154 158 0.544196
154 159 -1.03739
156 161 -0.454276
158 159 -0.732615
159 163 -0.161279
161 164 -1.75882
