MULTICUT
0 1 -6.42312
0 4 -0.319444
1 2 2.68473
1 3 2.50534
1 4 0.152152
1 5 0.0889273
1 6 2.45794
1 7 2.03479
1 9 -0.029875
1 10 0.0212813
1 11 -4.8442
1 14 -16.8669
1 15 -3.91844
1 16 2.78311
1 19 0.0123756
1 20 0.242721
2 7 2.93164
2 8 2.14198
2 11 -8.57661
2 12 -13.1988
2 13 -8.97439
2 18 -4.8442
2 20 0.0270183
2 21 2.45332
2 24 1.60463
2 88 -4.8442
3 5 0.0244318
3 20 0.0257762
4 20 0.0143255
5 6 3.50273
5 20 0.494751
6 9 -0.226632
6 20 0.0704607
7 11 -4.8442
7 20 0.0270183
8 11 -4.8442
9 10 -0.111487
9 20 -0.101248
10 20 2.69429
11 12 11.7915
11 15 1.44758
11 33 -1.14578
11 37 -2.47197
11 38 -2.20648
11 39 -0.573587
11 41 -0.849093
11 42 -0.652519
11 43 -2.81821
11 44 -2.36822
11 47 -1.99588
11 53 -5.82527
12 13 3.20604
12 17 -5.75709
12 18 3.73241
12 22 0.849093
12 25 -0.500431
12 26 3.66022
12 33 -0.242411
12 36 -5.96046e-08
14 15 -0.925454
14 19 -3.73241
14 23 12.378
14 27 6.93845
14 32 -4.14515
14 40 4.50964
14 66 5.2932
14 67 2.36822
14 69 3.55228
14 70 3.57714
14 73 -1.7907
14 74 3.57445
14 77 -0.00778178
14 80 2.12632
14 82 -1.47731
14 83 -0.783632
14 86 -0.305845
14 91 0.0136503
14 108 1.92282
14 109 -0.608848
14 141 -2.31952
15 40 -1.95316
15 53 -1.02216
15 57 -4.31707
16 20 0.0917537
17 18 -2.1665
17 22 -0.994481
18 22 -0.618144
18 25 -0.541149
18 26 -0.061511
18 30 -2.78285
18 88 1.27343
18 134 0.246231
19 20 9.17714
19 28 -1.32411
19 29 -1.94339
19 32 -0.132481
20 29 -1.56297
20 31 2.27571
20 45 -8.51619
20 46 -0.548744
20 49 -1.34772
20 50 -1.72077
20 52 -0.175242
21 24 1.98633
21 35 3.23666
21 51 -2.2677
21 88 -5.53733
22 25 -1.54979
24 88 -5.53733
25 26 -0.449579
26 30 -0.160126
26 34 -3.33405
26 36 -1.39593
26 134 -0.580631
28 29 2.36822
28 32 -1.44559
29 31 -4.83121
29 32 -1.12464
30 88 -3.20605
30 134 -2.02352
31 32 -1.69086
31 50 -1.65398
32 50 -0.962998
32 52 -1.75131
32 74 -0.517023
33 36 1.20456
33 37 2.93164
33 38 4.63054
33 54 -1.57377
33 81 -2.82039
33 84 -1.01323
33 135 -4.14515
34 36 1.14234
35 51 -10.9139
35 56 -8.71611
35 88 -15.9189
35 105 -9.26974
35 126 -6.93417
35 133 -2.78039
36 81 -1.31645
36 134 -8.1644
36 135 -3.91844
37 39 0.0700632
38 39 0.605588
38 42 -0.210882
38 54 -5.50047
38 55 -1.79465
38 84 -1.64585
38 119 0.641992
38 135 -8.3578
39 54 -0.669846
40 57 4.30444
40 71 -1.01655
40 73 -0.470554
40 83 -0.193404
40 96 0.481712
40 106 -0.204641
40 107 1.62004
40 108 0.583718
41 42 1.4991
41 43 -1.3657
41 44 3.08423
41 55 -3.50288
41 58 -1.87195
41 78 2.78831
41 92 -5.57555
41 119 0.202725
41 135 -3.94131
41 138 -4.8442
42 55 -0.631951
43 44 -0.368436
43 47 2.20347
43 58 -2.07711
43 59 -1.20153
43 78 1.5243
43 97 -0.669846
45 46 -2.91573
45 48 4.50037
45 49 3.29458
45 60 1.85871
45 61 3.66863
45 63 -0.230382
45 64 6.4023
45 89 -3.73241
45 93 1.39593
45 99 0.825673
46 49 -0.0700634
46 52 3.24624
46 60 -1.57792
46 61 0.0257985
47 53 3.27404
47 59 -1.53385
47 62 -2.23849
47 97 -2.46718
47 98 -2.21296
47 118 2.36822
50 52 -0.228161
51 56 1.84714
52 61 0.046184
52 63 0.486968
52 65 -10.1885
52 74 -5.45318
52 75 -2.41897
52 76 -6.99862
52 79 -10.3815
53 57 3.02646
53 62 -1.49675
53 72 -2.49098
53 98 -2.20127
53 101 -3.91306
53 118 0.911444
55 119 -0.210173
57 68 -0.454577
57 71 -1.85874
57 72 -0.626359
57 96 0.526756
57 101 -1.84145
57 103 0.663363
57 106 -0.406484
57 108 1.84848
57 118 1.61077
57 141 -7.46051
58 78 -0.0544849
60 61 -0.0128992
60 63 -0.104978
61 63 0.0832729
61 65 -3.31536
61 75 -1.57696
61 89 -3.31536
63 65 -3.43706
64 93 0.699054
64 99 7.96438
65 75 0.033545
66 77 -0.0939219
66 80 0.907623
66 82 -0.618144
66 102 0.179737
66 109 -1.00658
66 116 -2.30651
66 141 -7.56937
67 77 -0.669846
67 80 1.98633
67 86 -0.669846
69 80 1.78253
70 74 5.01727
70 80 1.66142
70 91 0.024024
70 95 -0.134747
70 112 0.0690144
70 113 2.88817
70 114 1.3705
70 115 1.18847
70 147 -3.20605
71 96 -0.505493
73 83 -0.178505
74 76 2.2291
74 85 -0.0495489
74 87 3.97603
74 90 0.123323
74 95 -0.0911798
74 114 0.771659
74 115 2.33816
74 121 0.0387677
74 122 0.00411993
75 79 -0.0856503
75 89 0.949958
75 94 2.04008
75 104 -8.85269
75 111 -0.0594566
75 127 -0.990838
76 79 0.286195
76 87 1.63216
76 100 -0.156347
76 111 0.571729
77 80 -0.101833
77 102 -0.125766
78 92 -7.61868
78 97 -0.358844
78 118 0.613328
78 138 -10.8713
79 104 -2.94417
79 111 3.17322
80 86 -2.30129
80 91 0.034089
80 102 0.822451
80 110 -0.413108
80 112 0.0312702
80 113 1.89488
80 116 -0.489579
80 141 -3.10675
83 107 -0.0548267
83 108 -2.16802
85 87 -0.193803
87 100 -0.0604593
87 111 0.976447
87 115 2.2709
87 120 0.344419
87 121 0.066484
88 105 1.43616
88 130 7.93149
88 132 -0.00953015
88 134 0.123209
88 139 -1.18195
88 140 -1.34772
88 146 -2.41897
89 93 -3.31536
89 94 0.172881
89 99 -5.53733
89 125 8.69545
89 127 -4.7288
89 129 0.0974184
89 137 4.98858
89 154 -9.95043
93 99 0.714315
96 106 -0.408351
97 118 -2.44536
98 118 -3.03017
99 117 -4.74466
99 124 3.57445
99 129 -16.3127
99 136 -3.91844
101 118 -1.37758
102 116 -0.440333
103 141 -2.93164
104 111 -2.02352
105 128 0.0506863
105 132 -0.0296291
105 133 -1.39229
105 139 0.0302027
106 107 -1.12464
106 108 -1.62126
107 108 0.292556
108 141 -14.0748
110 113 -0.603111
111 120 3.01223
111 123 1.99777
111 127 3.1971
111 131 4.34314
111 147 -0.584119
111 154 -5.05318
112 113 0.605393
113 114 0.106171
113 141 -1.91493
113 147 -9.28032
114 115 0.63153
115 120 0.353819
115 121 0.295181
115 122 1.78463
115 131 3.01573
115 147 -10.6709
118 138 -8.6137
118 141 -3.73241
119 135 -0.395339
120 123 0.769376
120 131 2.32308
121 122 0.0591919
124 129 -4.8442
125 129 1.81819
125 137 8.11267
126 133 0.982543
127 154 -0.289934
128 132 -0.034282
128 133 -0.662102
128 139 0.995447
129 136 2.105
129 137 10.22
129 160 -1.17825
129 166 -0.154567
130 140 -1.52834
130 146 -5.53733
130 149 -11.0747
131 147 -4.9277
132 139 -0.463691
133 139 -3.51258
133 144 0.399579
133 146 -5.53733
133 149 -9.45578
133 163 0.305273
133 167 -8.58127
133 170 0.330176
133 184 -1.69115
133 187 -14.8177
134 135 0.148121
134 140 -0.509241
134 144 5.49012
134 149 -3.91844
134 152 -1.60463
135 138 0.483906
135 152 -14.4096
135 153 -2.92831
136 145 -7.11397
136 150 -6.09767
136 159 0.687271
136 166 -2.43286
137 154 -3.91844
137 160 -9.35957
138 141 0.83062
138 142 -2.24101
138 143 -2.50813
138 153 -2.71175
138 155 -15.9189
139 146 -13.0174
140 149 -8.15956
141 143 -0.628116
141 147 0.924411
141 148 -0.312774
141 151 -0.305845
141 155 -3.01573
141 156 -23.2905
142 155 -1.25517
143 155 -1.69086
144 149 -4.14515
144 152 -15.2257
144 170 0.914904
145 159 -3.83347
145 166 0.226632
146 149 9.61817
147 151 -2.52745
147 154 -0.242411
147 158 -16.7466
148 156 -5.26551
148 157 -2.64699
150 159 -0.0544849
150 165 -0.886457
151 156 0.0544848
151 158 0.0544848
152 153 3.31536
152 170 -3.10675
153 155 6.33108
153 170 -5.53733
154 158 -15.5108
154 160 0.386023
154 162 -2.58569
154 164 -9.28032
155 156 8.16853
155 161 5.63387
155 170 -14.8071
156 157 5.47873
156 158 3.57445
156 161 2.93164
156 170 -8.76265
156 173 -3.73241
158 162 -11.4445
158 164 0.321795
158 168 -8.74338
158 173 -4.8442
158 174 -9.97346
159 165 -1.77825
159 166 -2.73654
160 164 -12.5638
160 166 0.0771427
161 170 -5.53733
162 164 -8.67276
163 167 -3.73241
164 165 -4.14515
164 166 -7.35704
164 169 -3.91844
164 171 -10.5129
164 172 -3.91844
164 174 -4.43612
164 175 -4.43612
164 176 -9.97346
164 177 -4.8442
164 178 -11.0747
165 166 0.038913
168 173 5.70694
168 174 1.95015
168 180 -9.34493
168 181 -4.8442
168 182 -2.82424
168 185 -10.3815
169 171 -8.62336
169 176 -8.26735
169 183 1.12464
170 173 5.22957
170 184 -2.18405
170 185 -26.3004
171 174 3.4167
171 183 -7.38447
172 176 -1.39593
172 178 -4.10864
172 179 -0.716991
172 181 -1.18877
173 185 -10.3815
174 181 -16.612
174 182 -2.53313
174 183 -4.43612
175 177 -4.88408
175 178 -3.97153
175 181 -3.31536
176 179 -0.00778178
176 181 -14.1245
176 183 -4.43612
177 181 -5.53733
178 181 -5.53733
179 181 -3.57445
180 182 -2.1163
181 182 -12.0137
181 183 3.28452
181 185 7.64217
181 186 0.148101
181 188 0.398511
181 189 2.50858
181 192 -4.8442
184 185 -2.56354
184 187 -1.91535
185 187 4.20711
185 192 -4.43612
185 193 -8.85269
186 188 0.038913
186 189 1.28971
187 193 -17.6349
187 194 -7.4929
188 189 4.3989
189 190 -8.16853
189 191 -19.6559
189 192 -14.5117
189 195 0.125169
189 196 1.15774
189 226 -0.148271
190 191 2.98408
190 196 -11.1344
190 201 -8.06359
191 192 1.49683
191 197 -20.3444
191 201 -5.53733
192 193 1.57696
192 197 -22.1493
192 198 -9.97346
192 199 -7.14891
192 204 -0.321795
193 194 1.78253
193 199 -16.612
193 200 -11.0747
193 202 -16.1138
193 203 -4.43612
193 206 -0.116857
194 203 -8.35456
195 196 3.24591
195 220 0.0759376
195 225 4.08791
195 226 -1.70549
195 233 1.52343
195 234 3.10448
195 235 0.2741
195 236 0.191545
195 237 0.2741
195 238 0.890892
195 239 0.548199
195 240 9.25012
195 241 1.01008
195 243 5.61351
195 245 2.03435
195 247 0.484874
195 248 0.378836
195 251 0.378836
195 259 -0.369667
196 201 -0.00557601
196 220 0.0795599
196 226 -1.26741
197 201 1.60463
197 204 -1.06254
197 205 3.55228
197 210 -3.96875
197 211 -8.89848
197 222 -1.34772
197 223 -14.5267
197 224 -7.58221
198 199 1.83307
198 204 0.289934
198 207 0.650549
198 209 -7.0309
198 210 -10.8556
198 215 -0.483906
198 217 -3.57445
199 200 2.41897
199 207 0.650549
199 208 1.39593
199 212 -5.03613
199 217 -6.44416
199 218 -2.18405
199 219 -6.05527
200 206 0.0221826
200 212 -4.63839
201 220 -0.992815
201 221 -3.43706
201 222 -10.8943
202 203 1.75636
202 206 -1.98461
202 212 -2.80379
202 213 -3.59155
202 216 -0.595399
203 213 -0.130932
203 214 -0.375549
204 210 -0.55042
205 211 -0.0544849
205 223 -2.47197
206 212 -0.0887305
207 209 -1.02216
207 217 -1.14578
208 212 -1.34772
209 215 -0.601089
209 217 1.42058
210 217 2.93164
210 224 2.82424
211 222 -0.775982
211 223 -7.95338
212 213 -0.0695606
212 219 -0.271532
212 227 -0.667682
212 228 -0.141
213 214 0.0902444
213 216 0.926227
213 228 -0.39477
215 217 -1.84508
217 219 1.00221
217 224 0.0204158
217 227 -0.134946
217 230 -0.167625
218 219 1.25853
219 227 1.92102
219 230 -0.371829
220 221 1.06623
220 222 -2.85782
220 223 -3.93702
220 226 -0.738209
220 229 0.59367
220 231 -0.136981
220 232 -0.890233
220 234 0.0659005
221 222 -0.0393567
222 223 1.84714
223 224 -0.101248
223 229 -4.55097
224 229 2.01161
224 230 0.440084
224 232 -0.174195
225 226 -0.207412
226 231 0.978507
226 233 -6.18829
226 234 -0.253091
226 240 -0.364186
226 243 -0.182093
227 228 1.35213
227 230 1.86627
227 234 -11.3249
227 235 -3.01573
227 236 -3.91844
228 235 -7.2481
229 232 -2.09967
230 232 0.576385
230 234 -13.4208
231 232 -0.0602472
231 233 -4.04814
231 234 -3.10377
232 234 -24.2151
233 234 5.74779
233 259 -0.0949947
234 235 5.90972
234 236 3.47768
234 237 2.03094
234 238 9.89786
234 239 6.17552
234 241 3.77708
234 242 -6.33108
234 243 0.594769
234 244 -8.99116
234 245 6.06617
234 247 2.33507
234 248 3.13244
234 251 0.806311
234 255 -1.06254
234 256 -2.78039
234 259 -0.397855
234 260 -0.16571
234 261 -0.0322806
234 263 -0.16571
234 267 -14.8177
235 237 2.78039
235 242 -8.32861
235 259 -0.0412818
236 259 -0.0282077
237 259 -0.0412818
238 242 -7.3555
238 259 -0.135944
239 259 -0.0825636
241 259 -0.0825636
242 244 0.687271
242 246 -11.8414
242 249 -11.5079
243 256 -2.3642
243 258 -1.73548
243 259 -0.0282077
243 266 -11.916
243 271 -3.43706
244 245 -3.03314
244 247 -0.451047
244 249 -0.601089
244 253 -3.70256
244 254 -7.56405
244 255 -0.0379676
244 262 -3.69507
244 264 -1.16263
244 265 -1.00236
245 247 1.08742
245 255 -3.46064
245 259 -0.20131
246 249 2.02352
246 250 4.54855
247 259 -0.0407908
248 259 -0.0282077
248 267 -4.43612
249 250 1.53232
249 252 3.00679
249 257 3.78703
249 262 -1.62574
250 257 0.0286729
250 262 0.715455
250 273 0.938226
251 255 -4.73848
251 259 -0.0282077
251 260 -0.639943
251 263 -0.901107
253 262 -3.92829
253 265 -0.732668
254 262 3.27053
255 263 3.01363
255 264 0.527562
255 272 0.204524
256 267 -0.0139711
256 268 -2.42306
256 271 -0.0850063
257 262 -0.0744368
258 266 -5.09469
258 270 -3.25687
258 275 -0.627212
258 286 -0.50673
258 302 -0.775982
258 317 2.22758
259 260 1.32437
259 261 2.10519
259 263 5.71154
259 267 -9.28032
259 274 -5.53733
259 284 2.64699
259 288 2.41291
260 263 3.73074
262 264 1.57696
262 265 1.9731
262 272 3.73241
262 273 0.911267
262 281 0.0353666
262 283 0.0611355
262 289 -0.0519674
262 290 0.244977
262 292 1.64702
262 294 4.01691
262 297 0.338264
262 300 0.963156
263 272 7.75081
263 278 2.31505
263 288 1.22369
264 265 1.39152
264 272 3.41163
266 269 -0.755158
266 270 1.54914
266 271 -5.20727
266 275 0.194292
267 268 -4.14515
267 271 2.56705
267 274 3.24192
267 277 0.187937
267 279 1.63361
267 293 0.0480354
268 271 -4.8442
269 270 -6.79215
269 275 -0.0387881
270 271 -10.9369
270 275 -1.67876
270 280 -13.2914
270 286 0.609824
270 302 -12.2855
270 306 0.561442
270 307 -1.71804
271 279 0.341401
271 293 -5.04998
271 307 2.41897
271 308 2.90546
272 278 7.49522
272 291 2.47197
272 292 3.31061
273 276 8.05474
273 281 1.52349
273 282 0.500431
273 283 0.864126
273 285 1.63282
273 287 0.614028
273 289 -0.0391082
273 294 0.220744
273 300 0.0740265
274 277 1.02506
274 284 -4.8442
274 288 -10.3815
274 349 2.73473
275 280 -6.09752
275 286 1.02355
276 287 4.31418
277 279 0.183733
277 293 0.739961
277 295 0.378874
277 349 1.37751
278 288 3.63261
278 291 0.942856
279 293 -2.68742
280 286 -1.52308
281 282 1.10372
281 283 2.99089
281 287 11.7633
281 289 -0.0327877
281 294 0.135622
281 298 0.0591033
281 300 0.649693
282 287 2.14198
283 289 -0.0327876
283 294 0.213958
283 300 0.0713833
284 288 2.93164
285 287 1.30083
287 296 3.35452
287 299 0.796888
287 300 0.149639
287 301 0.820142
288 291 7.25045
288 297 0.434898
288 303 -2.58569
288 309 6.8409
288 349 -8.97439
289 294 -0.0555519
289 300 -0.0495156
290 294 2.73691
291 292 5.56078
291 297 1.13903
292 297 3.43706
293 295 0.901411
293 302 -5.53733
293 305 -8.98936
293 308 -15.3436
293 313 -0.195158
293 325 -5.53733
293 332 -6.59018
293 345 -14.4634
293 349 4.18238
293 352 -0.502334
293 360 -1.98633
293 361 0.337785
294 297 6.0169
294 300 2.08676
295 305 -6.05952
295 334 -11.0747
295 349 13.5518
295 352 -0.124412
296 301 0.771988
297 300 6.26998
297 309 0.874661
297 314 2.71175
297 315 0.879527
297 321 6.43026
297 322 1.27785
297 323 0.0643647
297 324 0.0133871
298 300 0.49165
299 300 2.36766
299 301 3.36995
299 304 1.93655
299 310 2.42924
299 311 2.04429
299 318 0.552564
300 310 0.482192
300 316 3.20604
300 318 0.157494
300 323 1.50824
300 328 9.21305
300 350 0.626812
301 304 0.98766
301 312 2.30913
301 318 0.933793
301 320 -0.0421444
302 306 -5.53733
302 313 -4.17759
302 317 -11.2396
302 325 -0.116857
303 349 -1.78253
304 310 1.42374
304 318 0.648032
305 326 -3.6296
305 334 -3.20605
305 348 1.27785
305 349 -7.84512
306 307 -3.36687
306 308 -0.311781
306 313 0.0273633
307 308 1.4773
307 313 -0.0531191
308 313 -0.0515116
309 315 2.72929
309 319 -25.3746
309 321 2.02352
310 311 0.289399
310 318 1.51493
310 328 7.23666
310 350 0.489025
312 318 3.66057
312 320 3.56581
312 328 0.0962696
312 333 0.328957
312 350 0.148502
315 321 0.402198
317 325 0.962998
317 327 4.39548
317 329 3.10714
317 332 2.58569
318 328 3.64535
318 350 0.507958
319 321 -4.8442
319 349 6.03839
321 322 3.12472
321 324 0.1416
321 331 -0.10729
321 335 0.0914774
321 336 0.496956
321 338 1.02216
321 349 -5.53733
322 323 2.07684
322 324 0.256018
322 331 -0.0402574
323 324 -0.00706882
323 328 6.53985
323 331 0.00763218
323 350 0.491073
324 328 -0.0388959
324 331 -0.901414
324 350 -0.0444911
325 332 0.740165
326 334 -0.722426
326 340 -2.93164
326 349 -5.53733
327 329 0.55665
327 332 0.531632
328 330 4.01028
328 331 2.9269
328 333 1.46229
328 335 9.57594
328 337 2.94647
328 339 10.0323
328 341 4.54174
328 342 6.08184
328 344 2.18507
328 350 2.827
328 351 0.122047
328 356 2.24945
329 332 5.50592
330 350 0.0596859
331 335 3.30095
331 336 0.114171
331 350 0.390333
332 343 4.08141
332 345 3.05549
333 337 4.39874
333 350 0.411069
333 353 0.180116
334 340 -10.3815
334 349 -4.43612
334 354 -9.45578
335 336 1.57282
335 338 3.01573
335 342 3.39927
335 344 0.254484
335 349 -3.57445
335 350 0.461625
335 355 2.45225
337 350 0.266381
338 346 -4.43612
338 349 -8.87224
339 350 0.302641
340 349 1.70653
340 354 -0.75765
341 350 0.111562
342 350 0.158483
343 345 1.88061
343 347 1.82797
344 350 0.897466
344 355 4.9486
344 356 2.92304
345 347 6.48074
345 358 7.4912
345 359 3.31536
345 360 -0.148121
345 365 1.84714
346 349 -2.52745
348 349 -3.41636
349 352 -0.124414
349 354 -7.97341
349 355 -5.53733
349 357 -0.832982
349 361 3.20604
349 362 2.64699
349 363 15.8425
349 364 -1.69086
349 368 -5.53733
349 369 -10.3815
349 371 -3.01573
349 372 2.58569
349 374 -7.6386
349 385 4.03789
349 386 -4.19197
349 387 0.982543
349 390 -11.0747
349 399 -5.53733
349 410 -4.8442
349 413 -6.6637
350 351 2.28915
350 353 0.914372
350 356 3.29887
353 356 3.33872
354 357 6.23387
354 362 -0.849093
354 364 3.90414
355 356 6.21683
355 369 8.54952
356 368 6.50302
356 369 3.31536
356 373 3.40841
356 377 2.99723
356 419 0.427607
356 448 0.0668298
357 371 -2.27269
358 359 5.21927
358 365 3.20604
358 366 9.17183
358 367 12.1181
360 361 -3.43706
360 365 -0.500431
360 367 -1.0806
360 370 -1.08072
360 374 -0.794069
361 374 -11.0747
362 364 -1.25517
365 367 3.43706
367 370 4.88178
367 375 5.31394
367 379 1.18877
368 369 3.85241
368 373 1.37208
368 377 6.34947
368 378 8.14915
368 382 9.98882
368 387 -5.53733
368 388 2.14198
368 392 2.84042
368 393 1.755
368 394 2.20564
368 399 0.387
368 408 0.498911
368 419 3.98727
368 432 5.0337
368 436 2.85027
368 439 4.07721
368 447 0.4215
368 448 0.513301
368 470 2.2043
369 373 2.19903
369 387 -4.8442
370 374 -7.46482
370 375 1.88061
370 376 3.81687
372 374 -6.19113
374 376 -10.6666
374 381 -14.1139
374 389 -9.68249
374 390 -3.54979
374 395 -12.7218
374 396 -3.97364e-08
374 402 -5.53733
374 404 2.02285
375 376 6.79881
375 379 2.27701
375 383 1.04615
375 384 0.93825
376 380 4.94012
376 381 6.34977
376 383 1.47101
376 384 0.468032
377 419 0.3475
377 448 0.0534405
378 419 0.268619
378 448 0.0402408
380 381 4.49698
380 383 2.71584
381 383 3.91844
381 389 3.59845
381 391 1.84714
382 419 0.268619
382 448 0.0402408
383 384 2.38603
383 391 3.81359
385 386 -1.72766
385 390 -16.612
389 391 2.75731
389 395 6.2704
389 397 8.04252
389 400 3.04489
389 401 0.179457
390 396 -0.0791776
390 410 0.28136
392 419 0.198493
392 448 0.0268895
393 399 2.14352
393 413 -9.28032
393 419 5.98993
393 421 -4.43612
393 424 3.91134
393 431 1.89875
393 448 0.0402408
394 419 0.198493
394 448 0.0268895
395 397 2.78039
395 402 1.91047
395 403 2.07681
395 405 1.69061
395 409 0.0577933
396 398 3.12598
396 404 -5.96046e-08
396 407 1.7664
396 410 0.848944
396 412 2.96024
396 415 2.41897
396 421 2.36951
397 400 5.18951
397 405 2.26418
398 404 -2.79376
398 407 2.39398
398 422 -0.55042
399 413 -4.43612
400 401 5.44158
400 405 0.628752
401 405 2.52395
401 411 3.62398
401 417 0.253003
402 403 4.62519
402 404 -12.0747
402 417 0.397785
402 418 1.30083
402 420 0.108826
403 409 6.75257
403 414 1.8441
403 417 0.119896
404 406 4.59236
404 418 -7.59915
404 422 0.643256
404 425 -3.73241
404 426 -2.30352
404 427 -4.14515
404 429 -10.3815
404 430 -4.99346
404 431 0.961105
404 437 -7.14891
404 439 1.04327
404 441 -4.8442
404 444 0.293338
404 446 -4.43612
404 452 -0.245711
404 453 -10.3815
404 462 -4.8442
404 469 -3.91844
404 474 -9.68841
405 409 0.11892
405 411 0.886382
405 416 0.274185
406 418 -9.28032
407 412 3.12499
407 415 1.78253
407 422 -1.77357
408 419 1.10938
408 448 0.0268895
409 411 7.2471
409 414 1.94556
409 417 0.58762
410 413 -0.83062
410 421 4.83443
411 416 5.5326
411 417 1.29981
412 415 2.72721
413 421 -5.80777
414 417 0.240071
415 421 3.70259
415 422 -0.943623
415 426 -0.867703
415 427 -0.385196
415 430 0.0359731
417 420 0.187655
417 423 0.598926
417 425 -0.0396641
417 433 -0.0055859
417 435 0.825509
418 420 5.25442
418 425 0.194067
419 424 0.493673
419 432 1.19575
419 436 0.397253
419 439 1.7966
419 447 0.389346
419 448 0.637756
419 470 0.394212
420 423 2.17264
420 425 0.0999785
421 427 -0.115385
421 430 6.47941
422 426 -0.120856
423 425 -0.0585157
423 428 6.72786
423 433 -0.0150116
423 435 2.89723
423 438 0.0698213
424 431 2.86686
424 439 3.23542
425 429 0.42179
425 433 1.02907
425 434 1.17158
426 427 3.96476
427 430 2.57588
428 433 1.01835
428 437 1.60819
428 438 0.675489
428 440 0.147093
429 434 5.96235
429 437 0.81228
430 431 -4.14515
430 444 -2.28947
430 452 0.160235
431 439 2.838
432 439 1.95813
432 448 0.158691
433 434 0.101726
433 437 0.431216
434 437 10.0174
435 438 -0.470304
435 442 -0.79142
436 448 0.0268895
437 440 6.75597
437 441 1.74432
437 443 1.07624
437 445 1.60248
437 454 1.40579
437 463 0.584119
438 440 1.12051
438 442 1.21064
438 443 0.40619
439 448 5.53437
439 450 2.64699
440 443 5.33235
441 445 8.49056
441 446 -0.0489746
441 449 -0.163469
441 451 -3.10927
442 443 0.289103
444 452 -0.451838
445 451 -0.321795
445 454 2.64699
445 455 2.41897
445 458 3.35179
445 459 7.13278
445 461 -0.55042
446 449 1.90294
446 453 2.33209
446 457 0.201866
447 448 0.0268914
448 470 0.0545989
449 451 1.39287
449 456 1.54253
449 457 1.32525
451 456 0.0236633
451 460 0.323075
451 461 1.63282
451 464 0.180273
451 468 0.181718
453 457 3.44705
453 462 2.02352
453 466 1.81446
454 458 4.10441
454 463 7.6587
454 465 5.11896
454 471 2.64699
454 472 -0.949598
455 458 6.30307
455 459 3.14214
455 461 -1.11604
455 467 -0.202606
456 457 0.616566
456 460 1.7895
457 460 4.99712
457 466 4.54732
458 465 1.75131
458 467 -2.15636
458 472 -0.163779
459 461 -1.42882
460 464 3.91592
460 466 4.08702
460 468 0.98756
461 467 1.72077
461 468 1.02077
462 466 2.50745
462 469 -1.74322
462 478 0.746428
462 479 -0.775982
463 471 7.42867
463 476 -0.242411
464 466 3.25156
464 468 3.16785
465 472 -0.258219
466 468 2.69577
466 473 3.39402
466 478 1.65356
467 468 0.795212
467 472 1.49448
468 472 0.146625
468 473 1.70205
468 475 6.03678
468 478 1.29619
469 474 -0.0389131
469 477 -0.0700634
469 479 0.982543
469 480 -1.59666
471 472 -1.43171
471 476 -2.27883
472 475 0.993389
472 476 1.16715
473 478 3.39529
474 477 7.81918
475 476 0.18283
475 478 3.60149
475 481 2.97943
476 481 0.389925
477 480 2.36822
478 479 -1.10372
479 480 -0.804866
