MULTICUT
0 4 4.14515
1 3 3.20905
1 4 0.311907
1 6 5.34008
1 8 5.94482
1 10 1.33448
1 11 2.91315
1 13 8.13014
1 14 0.0194176
1 16 0.507589
1 30 0.33848
1 31 2.43669
1 37 2.88516
1 38 1.72728
1 39 4.55771
1 43 4.94722
1 50 6.38129
1 58 2.33015
2 4 6.42211
2 5 5.10815
2 9 3.57445
2 12 3.01573
2 24 15.697
2 26 3.01573
2 28 9.30851
2 40 -0.259651
3 7 8.26738
3 13 0.729092
3 16 0.18627
3 38 0.0148465
4 6 8.00795
4 9 2.71175
4 12 3.89356
4 18 -1.01429
4 27 1.47624
4 30 0.565991
4 38 0.0164285
5 23 7.85381
5 28 3.00386
5 35 0.899679
5 40 -0.462024
5 41 11.0864
5 49 0.0216924
6 8 9.15421
6 38 0.0375946
7 13 4.33276
7 15 4.68699
7 16 0.133529
7 17 4.01282
7 25 1.29884
8 14 5.98281
8 38 0.0688499
10 13 6.14348
10 16 0.194034
10 38 0.0195766
11 38 0.00539981
12 18 -0.203621
12 24 7.57679
12 33 2.18405
12 42 3.0439
13 15 3.21544
13 16 3.47882
13 19 3.28219
13 20 -0.00549996
13 21 6.71979
13 22 10.607
13 29 -1.78253
13 38 0.0780397
13 56 1.53326
14 38 0.0158663
15 16 0.302083
15 20 -0.0040652
15 25 0.0357099
15 29 -3.57445
16 19 0.437953
16 21 0.577426
16 22 4.70814
16 38 0.0538889
16 43 1.23278
16 56 0.998502
17 25 1.35093
18 27 -0.164258
18 30 -0.532484
18 42 0.764793
20 25 1.47006
21 22 0.338813
22 43 1.1057
22 44 5.63627
22 46 0.687271
22 56 2.86226
22 59 6.2368
23 41 3.38269
24 26 0.669846
24 28 0.962998
24 32 4.91632
24 33 1.95015
24 42 2.58812
24 45 0.00189695
24 48 3.48044
24 49 2.58569
24 52 0.120815
24 53 0.145148
25 29 -2.71175
25 34 2.32886
25 36 0.653368
25 47 4.14515
27 30 5.74715
27 42 5.17043
27 51 0.379175
28 35 0.27438
28 40 -1.28434
28 41 0.0215217
28 49 4.92406
29 34 -0.16442
29 36 -1.65503
29 56 -1.30083
30 31 6.74433
30 38 0.0168106
30 39 1.60963
30 51 1.18877
30 57 8.86282
30 61 8.44732
30 79 0.0978055
31 38 0.0173763
31 39 5.61831
31 57 0.311296
32 42 5.9674
32 45 -0.0518036
32 52 0.129091
34 36 2.23112
35 40 -0.552694
35 41 0.765914
35 49 0.0228249
36 47 1.60463
36 56 7.4762
37 38 0.00539998
38 39 0.0169953
38 43 0.0586549
38 50 0.0616059
38 58 0.0287097
39 50 5.24187
39 57 5.74417
39 64 1.82794
39 65 5.53795
39 70 0.901071
39 73 -0.0739187
39 77 1.35272
39 79 0.0529191
39 82 -0.0418703
39 86 0.33469
39 93 1.82641
39 98 1.88108
39 100 0.611594
39 101 1.97508
39 115 0.185968
39 124 0.0935481
40 41 -0.893388
40 49 -0.255178
41 49 0.089591
41 55 0.13152
41 63 2.90963
41 68 3.36551
41 72 -0.98484
42 45 -0.0920383
42 51 6.07436
42 52 0.0569398
42 54 -0.0287115
42 67 0.630227
42 75 -4.90315
42 81 3.57938
42 90 1.18392
43 44 4.59491
43 50 3.43706
43 58 1.95485
43 62 8.63608
43 66 -0.74279
43 83 0.406362
44 46 3.01573
44 59 1.62797
44 66 0.0835635
45 52 -0.0365525
45 53 2.98472
45 67 0.890386
46 59 2.22758
47 56 3.9688
47 59 3.88935
47 69 -5.46533
47 84 -0.74889
47 87 2.1204
47 94 1.71475
47 97 3.44286
48 49 2.64699
48 53 0.373768
49 53 5.08413
49 55 4.68907
49 60 8.53056
49 63 0.0246509
49 80 1.50185
49 96 3.31536
50 58 5.54783
50 62 3.31536
50 65 2.53318
50 71 4.26995
50 74 0.00241417
50 78 -2.31952
51 54 -0.117063
51 61 0.83894
51 64 0.585731
51 75 -2.31952
51 99 0.24241
51 100 -0.623909
52 53 -0.002558
53 60 3.10675
53 67 1.77871
53 89 0.0248925
53 95 4.85546
53 96 3.01573
55 63 0.148157
55 72 -0.427641
55 80 3.24749
56 59 3.10675
57 61 1.69086
57 73 -2.64699
57 79 0.247303
59 66 5.64689
59 94 0.32685
59 97 0.795608
59 113 0.138447
61 64 2.99943
61 73 -1.81446
61 77 2.46804
62 66 -0.19931
62 76 2.25231
62 78 -0.32455
62 83 2.92292
63 72 -0.7514
64 77 2.21567
64 100 0.429765
65 70 4.20081
65 74 0.00534247
65 82 -0.00243748
65 85 1.60482
65 86 0.337978
65 88 1.1564
65 103 -0.0561636
66 83 0.842901
66 92 -2.27362
66 97 0.147832
66 113 0.0256974
67 89 0.0802915
67 90 1.66686
67 95 -0.0381598
67 118 2.24372
68 72 0.934686
68 105 1.50728
70 82 -1.13874
70 86 0.563619
70 93 0.0949634
70 102 0.116857
70 110 1.52816
70 115 1.40889
71 74 0.00503237
71 76 0.233287
71 78 -1.49683
71 85 3.06342
71 91 -0.0199869
71 103 0.34069
72 80 0.308711
72 96 0.21288
72 105 0.415199
73 77 -0.0784435
73 79 -0.0693936
74 85 0.0194639
74 88 0.00712866
74 103 0.00297454
75 81 -1.98079
75 99 -4.20739
76 78 -1.68388
76 83 1.35709
76 91 1.56179
80 96 3.59045
80 105 0.533825
81 90 2.58846
81 99 0.419042
82 86 -0.0592052
82 88 0.437362
82 102 -4.41341
82 103 -0.961532
82 108 1.55078
82 110 -0.0747656
82 116 -0.0212938
83 91 3.94624
83 92 -1.45059
83 104 -0.412549
84 94 -1.08129
85 88 0.13793
85 103 2.48341
87 97 2.86671
88 103 -0.0662382
88 108 0.0413266
88 116 -0.0425878
89 95 0.452066
90 99 1.9146
90 106 1.19101
90 118 0.423965
90 148 -0.0326492
91 103 -1.03013
91 104 -0.355706
91 114 -0.2679
91 126 -3.15266
91 137 -3.20605
92 104 -2.78375
92 109 -2.59621
92 113 -2.06071
92 119 0.413111
92 122 0.459411
92 137 1.31096
92 144 2.67762
92 152 -0.195198
92 159 -0.729279
92 164 0.495524
92 185 -0.00531709
93 98 0.956232
93 115 0.577841
93 120 -0.496566
93 123 -2.33312
94 97 1.53485
95 96 2.18405
95 118 -0.229045
95 121 3.82828
95 125 3.19851
95 136 2.45922
95 148 -0.0258622
95 155 -0.822972
95 163 0.0415291
95 166 -0.581617
96 105 1.94935
96 121 1.51605
96 132 3.72935
96 142 -0.275813
96 154 0.109598
97 107 2.31712
97 113 0.263637
97 129 2.19667
97 131 -0.0942367
97 133 3.78258
97 135 0.369897
98 100 2.10674
98 101 3.63653
98 115 0.382457
98 120 -1.27214
98 124 8.1124
98 128 0.0104262
98 134 1.00226
98 138 1.65763
98 156 0.010682
98 162 -0.0260095
99 100 -1.12464
99 106 0.951313
99 112 0.0747561
99 117 6.91078
99 127 3.41886
100 101 0.717282
100 111 -0.0522591
100 117 -4.9052
100 124 0.659476
100 128 0.00642619
100 138 0.0162879
101 124 0.313171
102 108 -0.098105
102 110 1.82049
102 116 0.0394207
103 108 -1.29229
103 114 0.601089
103 116 -0.499896
103 126 0.402198
103 141 -5.98591
103 143 0.289934
104 109 -1.10372
104 122 -4.38292
104 137 -0.923387
105 132 2.86772
106 112 0.28551
106 118 2.00605
106 127 1.25514
106 153 -1.42225
106 175 0.420808
106 186 -0.687271
108 110 -0.114268
108 116 -0.0363077
109 122 -0.982543
110 115 5.91934
110 116 0.921683
111 117 0.9034
111 128 -0.0874105
111 138 -0.788189
111 151 -0.485811
112 127 0.313659
113 119 0.241104
113 129 0.797316
113 130 6.4164
113 149 1.68431
114 126 0.176411
115 116 0.0272386
115 123 -0.35528
115 134 -2.47197
115 141 -1.25517
115 150 1.55511
115 156 -1.10372
115 170 -0.0303212
115 173 -0.521065
115 179 0.0211218
116 141 -1.60463
117 127 5.63264
117 138 -0.339013
117 151 -2.93583
117 157 0.165138
117 158 -0.220135
118 148 -0.127307
118 161 1.34836
118 175 2.23936
119 130 0.633721
119 144 3.08664
119 185 -0.00119055
120 123 0.0437598
120 134 -0.396079
121 125 3.01159
121 139 2.2553
121 142 -0.139666
121 160 -1.27082
121 169 0.107582
121 171 0.0106435
121 172 0.048201
121 176 -0.08341
121 178 -0.116346
121 181 0.00266843
121 198 0.0026533
123 134 -0.175039
125 136 2.05341
125 163 2.46048
125 169 3.27369
125 177 -1.98682e-08
125 178 -0.0726363
125 193 -8.9407e-08
126 137 2.73499
126 143 3.53197
126 159 -0.163145
126 188 -0.240403
126 189 0.00846332
127 153 -1.78997
127 157 0.126451
127 158 -0.114475
128 138 0.329311
129 135 0.687271
129 140 3.57445
129 149 2.10096
130 144 2.15299
130 149 2.64699
131 133 -0.283583
131 135 -2.41897
131 140 -0.190218
132 146 5.30295
132 154 2.43019
132 180 -0.584119
133 140 1.61627
133 145 2.65894
133 174 0.0444504
135 140 2.78039
136 155 -1.75131
136 163 0.142657
136 166 -1.20972
136 177 0.596997
137 152 -0.0975904
137 159 -0.875281
137 167 -1.57696
138 147 2.46274
138 151 -0.131942
138 156 0.00449516
138 162 -3.51871
138 168 0.273753
140 149 6.10063
140 165 3.24385
140 174 0.0293077
140 187 -3.48333
140 207 0.103234
140 208 -0.904099
141 143 -4.14515
141 150 -8.11125
142 154 -1.71794
142 160 0.0467189
142 172 -0.740165
143 150 -2.2751
143 184 -0.11992
143 188 -0.840017
144 149 2.24971
144 164 2.16014
144 185 0.137116
144 192 -0.0167514
144 209 -0.0126797
144 218 -0.201676
145 174 0.0149583
146 154 0.664255
146 180 -0.55042
146 182 2.43355
146 191 4.4302
146 232 0.507096
147 151 -0.213462
147 162 -1.64001
147 168 1.7856
148 155 -0.781526
148 161 -0.445484
148 166 0.0597278
149 165 6.81024
149 192 -0.0163993
149 209 -0.0969612
149 212 -0.0134976
149 218 -0.0193229
150 170 -0.034024
150 173 -0.804212
150 184 -0.106027
150 188 -0.428617
151 158 -0.303786
151 168 -1.24666
152 159 0.585576
152 167 -1.88061
153 157 -4.31186
153 183 -3.78622
153 186 -0.166134
154 172 -0.00397501
154 182 0.609226
155 166 -2.20678
156 162 -0.204466
156 179 -3.01573
157 158 -5.69647
157 183 -0.0256844
158 168 -0.183411
158 183 2.31852
159 164 -0.00333626
159 167 -5.45909
159 185 -0.217196
159 188 -0.0283818
159 189 -0.018333
159 196 1.97671
160 172 -1.85057
161 166 -10.9271
161 175 5.26154
161 247 -0.0597051
162 168 -2.15442
162 179 -2.23862
163 177 -0.356761
164 185 -0.00229377
165 187 -3.42252
165 209 -1.2103
165 212 -0.441736
166 177 -1.25402
166 197 -1.20955
166 247 -0.0785694
168 179 1.58335
168 183 -0.199256
168 195 -1.22517
168 202 -0.850602
168 222 0.117046
168 225 2.05062
169 178 -1.43374
169 181 -0.00300491
169 193 -1.52308
169 198 -0.0040303
170 173 2.56285
170 179 1.69172
170 188 -0.492269
170 194 2.05478
170 199 1.42695
170 201 2.1038
170 216 -9.26974
170 219 -2.18405
170 229 -0.157821
170 240 1.98096
171 176 -0.03203
171 181 0.0594312
171 198 0.0246357
172 176 -0.528762
172 182 -0.0157427
173 179 0.319201
175 186 -0.242411
175 215 -0.490645
175 217 -0.0191735
175 230 0.266987
175 247 -0.164231
175 251 -0.0449304
176 181 -0.0287199
176 182 1.27822
176 190 1.32843
176 198 -0.0079768
176 200 3.11397
176 205 1.64731
176 227 0.434498
176 228 1.84482
176 245 -0.0324856
176 265 -1.16715
177 178 2.38054
177 193 0.111603
177 197 0.348962
178 181 0.0015025
178 193 0.422752
178 197 0.842775
178 198 0.945425
178 234 -0.0430512
178 257 0.00627804
179 194 0.969498
179 203 -0.299821
179 214 0.00389085
179 225 7.23318
179 231 -2.76931
179 237 1.42058
179 249 -4.46132
179 262 0.00778166
180 191 -3.44784
181 190 -0.0166657
181 198 0.0918698
182 205 0.605192
182 228 3.44796
182 232 1.25831
183 186 0.506052
183 195 -2.77714
183 215 -0.218971
184 188 1.89962
185 188 0.97889
185 206 0.60865
185 210 -4.07476
185 218 -2.08882
185 248 -3.55417
186 215 -0.0238133
187 208 -1.54253
187 212 -0.271899
188 189 -1.63892
188 196 0.0256196
188 199 -0.522327
188 219 -12.0431
188 246 -1.30083
188 248 -2.76507
188 266 -1.84714
190 198 -0.124
190 200 -0.00590364
190 226 -1.21793
190 238 0.81643
190 245 0.0118073
190 252 -0.513285
190 265 -1.37165
191 232 -2.18336
191 264 -3.78124
192 209 2.78403
192 212 0.0923714
192 218 3.65894
192 239 -0.865686
194 201 0.89787
194 203 -4.74365
194 211 -0.573067
194 213 -12.3178
194 221 0.907375
195 202 -1.10372
195 204 -1.14578
195 215 -0.337785
195 220 -4.25617
195 222 -0.17566
195 244 -3.44846
195 255 -1.30083
197 234 -0.0589687
197 247 0.152872
197 263 0.342588
197 292 0.084664
198 226 -1.78253
198 234 -0.0370304
198 238 2.34022
198 257 1.23106
198 258 -0.163779
198 263 0.00377763
198 276 -0.042925
198 292 1.02916
199 219 -3.62035
200 227 0.413115
200 228 0.220297
200 245 -0.147935
200 274 -0.0164364
201 211 -9.06044
201 229 -2.22758
202 204 0.0362034
202 222 -5.2066
203 213 0.24241
203 214 -3.05814
203 224 -3.73241
204 222 -0.144813
205 228 0.744847
206 210 -0.00824784
207 208 -0.0940652
207 212 -0.0757025
207 233 0.0182788
207 235 5.30726
207 297 -0.190979
208 212 0.237556
208 233 0.00775472
209 212 6.7467
209 218 0.24299
209 239 -0.924411
209 256 1.72077
209 259 7.01521
209 277 -2.52745
210 218 3.06328
210 248 0.0342176
210 275 2.15858
210 277 -0.618056
210 289 -0.344815
210 310 -0.619969
211 221 -0.476012
211 223 -13.111
211 229 1.60463
211 236 -2.31952
212 233 1.97048
212 259 3.04559
212 271 0.827367
212 293 0.0677281
212 304 0.0271955
213 221 -2.20361
213 223 -5.05949
213 224 -22.9713
213 236 -1.72934
213 242 -2.00092
213 253 -6.59568
213 260 0.775982
214 224 0.81228
214 231 -7.90555
215 217 0.0573545
215 230 -2.41016
215 244 0.0162188
215 251 -0.0162189
216 219 -2.03847
216 240 -1.23277
216 242 -7.86411
217 230 -0.152052
218 239 -0.0106203
218 256 1.12002
218 277 -4.3267
219 242 -0.775982
219 246 -8.77902
220 222 0.624052
220 243 -3.34577
220 255 -1.30083
221 223 0.522969
222 225 0.944864
222 243 -8.78846
222 254 -1.75131
223 236 0.828846
224 231 -6.25986
224 250 -23.8011
224 253 1.49683
225 254 -4.74106
225 262 2.66543
225 281 0.0471724
225 300 0.776885
225 326 2.02327
225 327 -0.0407417
225 330 -0.00109186
225 340 1.51173
225 382 -0.0134823
225 390 -1.34772
225 394 0.00891096
225 400 4.14515
225 422 3.01573
225 427 -8.28126
226 238 -0.183665
227 228 2.90107
227 245 0.0177703
227 274 2.1688
227 315 0.0166672
228 232 0.628853
228 245 0.0119123
228 274 5.05178
229 236 -3.86694
229 240 -0.315642
229 242 -2.02352
230 247 -0.036313
230 251 -0.862745
231 237 -13.2869
231 250 1.02216
231 261 -7.16946
232 264 6.98109
232 274 2.64699
232 285 3.10675
233 235 0.0365575
233 241 0.0286226
233 271 0.082094
234 257 -0.0195227
234 263 -0.599543
235 241 2.99077
235 271 1.91884
235 297 -0.540059
235 298 1.28124
235 336 -3.43706
236 242 -0.0148195
237 249 -12.4166
237 261 1.02216
237 268 -0.775982
238 252 -1.9728
238 258 -0.0521859
238 265 -0.522819
238 276 -0.126329
238 303 -1.30446
239 256 -0.0212407
240 242 -0.337785
242 246 2.85688
242 260 -2.85347
242 283 -2.48752
242 299 -1.54979
243 254 0.393083
243 255 1.02506
243 270 -11.7352
243 282 -2.72141
243 306 -1.44559
244 251 -0.0378711
244 255 -9.07303
245 265 -1.84392
245 274 2.1219
245 288 -0.588269
245 315 0.0658452
246 266 -6.5128
246 267 -6.1488
246 283 -0.463994
246 317 -3.6117
246 356 -2.14198
246 372 -4.14515
246 373 -6.51337
246 399 -2.31952
247 251 0.586818
247 257 0.0214581
247 263 -0.000131464
247 292 0.178151
247 302 -0.307978
247 307 0.291179
248 266 -1.36013
248 275 1.79701
248 312 0.76152
248 320 -4.39839
249 262 -1.25517
249 268 -0.369897
249 269 -12.309
249 273 -5.26551
249 279 -3.57445
250 253 -3.43706
250 261 -18.4328
250 272 1.75131
250 284 -19.3709
251 255 -0.0988857
251 291 1.55816
251 301 5.5297
251 302 -0.911628
251 328 1.87075
251 348 -0.214502
251 375 -0.821477
253 260 -7.46051
253 272 -9.2113
253 283 -3.89317
253 299 0.0141018
254 270 -0.781392
254 306 -4.23343
254 340 -2.42173
254 345 1.44559
255 282 -2.43075
255 301 -1.14987
255 306 -2.41897
255 340 -0.00850075
255 342 -0.136535
256 277 -7.2338
257 263 0.0274188
257 292 4.39084
257 343 0.0859832
257 355 -0.442534
257 369 -0.373563
257 379 -0.305845
258 276 0.038196
259 277 -3.4705
259 293 -0.0516733
260 299 -2.3996
261 268 -2.40714
261 278 -13.5666
261 284 1.63282
262 279 1.7762
262 281 0.774763
262 290 0.0851655
262 300 0.095764
262 305 -0.0414886
262 334 -0.454633
263 292 0.016987
264 285 0.399886
264 296 -0.210882
264 309 -1.45211
264 316 -0.0552771
264 333 0.238736
264 335 -0.0122963
265 288 1.47398
265 303 -1.0672
265 321 2.01328
265 331 0.656606
266 267 -1.5075
266 312 -3.18226
266 317 -2.93164
268 273 -3.53523
268 278 -0.402198
268 280 -3.11338
269 273 1.63282
269 279 0.0544848
269 287 -1.75131
271 293 0.515044
271 297 -0.324129
271 304 4.08871
271 323 -3.6915
271 336 -2.41897
272 283 1.60463
272 284 -3.57445
272 294 -13.8048
273 280 1.84714
273 287 -18.3336
274 285 2.21867
274 288 0.272539
274 308 5.37616
274 315 0.0546325
274 322 7.22332
274 333 2.75551
274 371 0.41345
275 289 -0.0820506
275 320 -2.39456
276 292 -0.331041
276 303 0.0287308
276 318 -1.03854
276 321 -0.101248
277 289 -1.02216
277 293 0.701017
277 310 2.12251
277 319 8.26979
277 324 3.82499
277 346 2.78475
277 359 3.01573
277 361 -2.41897
277 363 -0.135374
278 280 -2.36822
278 284 -18.5411
278 286 -9.28032
278 314 1.81446
279 287 -1.30083
279 290 0.0108434
279 311 -0.0544849
280 286 1.27785
280 287 -2.85347
280 295 -8.76683
281 300 0.190109
281 305 -0.0157384
281 327 -3.44198
281 334 -0.462208
282 306 -1.14578
283 294 -6.3128
283 299 -0.108615
283 313 -6.87411
283 314 -2.28257
283 329 -0.0856503
283 351 -3.43706
283 396 1.02414
283 399 -2.41897
283 403 2.03036
283 406 -2.31952
283 421 -0.839691
284 294 1.63282
284 314 -4.8442
285 333 0.317062
285 335 -0.000217357
286 295 -10.0672
286 314 -29.8108
286 329 -24.6815
286 351 0.618144
287 295 2.47197
287 311 -16.6449
288 315 0.0332462
288 321 4.22442
288 322 1.75251
288 367 -1.02216
288 370 1.61286
288 383 3.56084
289 310 -1.72077
289 320 0.923985
289 341 -0.413451
289 359 -1.95015
290 305 -0.803327
290 311 -0.635286
291 302 -0.785083
292 307 0.738338
292 318 -4.65346
292 343 0.0486942
292 366 -1.23613
292 369 -0.0932084
292 379 -0.467445
293 304 3.60249
293 324 0.600686
294 313 1.39593
294 314 -20.1259
295 311 -13.8919
295 325 -19.9878
295 329 1.42058
296 309 -0.210882
296 344 -0.289934
297 298 -0.0663274
297 336 -4.14515
297 360 -2.41056
297 368 -2.36822
300 326 0.000145989
300 327 -0.102451
300 330 -0.00408257
300 339 0.203246
300 349 0.0761424
301 340 0.221094
301 342 3.47192
301 348 -0.642903
301 375 -5.98488
302 307 -0.0211265
302 328 -1.06254
302 343 0.629034
303 321 -0.179458
304 323 -6.35162
304 324 1.00487
304 337 1.37165
304 358 1.56673
304 377 1.01988
305 311 -3.71737
305 325 -2.52745
305 332 -9.73438
305 334 0.0604451
305 338 0.740165
305 353 -2.78039
306 340 -0.418426
306 345 -2.10127
307 343 0.608716
309 316 -0.0672599
309 344 -1.72719
311 325 1.91493
312 317 -3.329
312 320 -6.03627
312 356 0.00145911
312 365 1.15573
313 314 -5.53733
314 351 -8.01058
315 322 0.021274
316 335 0.00173081
316 344 -0.0333044
316 371 0.212412
316 384 0.038162
316 386 0.981989
317 356 -2.18405
318 321 -0.0923361
318 366 -1.92879
318 376 -0.0957011
318 380 -0.356743
319 324 5.65842
320 341 -0.413451
320 347 -8.06359
320 350 -1.00379
320 365 -6.91391
320 378 -0.434708
321 331 1.12158
321 367 -2.27924
321 376 1.5838
321 380 0.281646
322 370 1.07987
322 371 0.620733
322 410 2.16923
323 336 -10.3673
323 368 -1.48791
323 377 -2.10127
323 388 -3.10009
324 337 2.88885
324 359 2.21829
324 361 -1.54979
324 377 12.9786
324 389 -0.886457
324 402 1.91079
324 412 3.3115
325 329 -8.87224
325 338 -17.3111
325 352 1.34772
325 364 -3.91844
326 330 0.0224255
326 339 -0.000816501
326 349 -0.00417824
326 382 -0.0271323
327 330 -0.00126904
327 334 0.267179
327 339 -1.19115
327 349 -5.28049
327 354 -0.200083
328 343 -0.0901016
328 375 -0.384388
329 351 -5.79612
329 352 -26.5855
329 396 -2.27269
330 339 -0.132886
330 349 -2.13656
330 382 -2.19838
330 390 0.201513
332 334 -0.321795
332 353 1.60463
332 354 -0.483906
332 357 -7.4929
332 362 -2.58569
333 335 0.000613511
333 371 4.06861
334 354 -0.200083
335 371 0.00228351
336 368 -0.0248963
338 353 -15.7101
338 364 1.47101
339 349 0.218561
340 342 0.85976
340 345 -0.75738
340 387 -0.0386499
340 394 0.045549
341 350 3.37668
341 359 0.126988
342 375 -0.35068
342 387 -0.195843
343 355 -0.0230526
343 369 -0.425274
343 375 0.701436
343 391 -4.74864
343 405 -1.54189
343 409 0.229145
343 428 -0.0203342
344 384 -0.336751
344 386 -0.0284468
346 363 -0.135374
347 350 -1.06254
347 378 -2.52745
349 354 -1.85901
349 374 -6.6431
349 390 -9.40366
349 395 1.06254
350 359 1.32423
350 378 -1.30237
350 424 -0.227783
352 364 -26.3966
352 396 -3.91844
353 362 -11.6723
353 364 -7.02519
353 381 1.66155
353 385 -13.4105
354 357 -1.39593
354 374 0.83062
355 369 1.719
356 365 0.000656868
356 372 0.138981
356 373 1.14147
357 362 1.30083
357 374 -4.43612
358 377 1.55092
359 361 -4.52621
359 363 -2.29246
359 378 -0.622769
359 389 -0.493914
359 412 1.09661
359 436 2.97217
359 444 2.92359
359 448 0.195158
359 452 0.0994253
359 466 -1.03497
360 368 -2.64628
360 398 2.81968
360 446 -0.392662
361 363 -2.58569
361 389 -1.42058
362 374 -18.5311
362 385 1.10372
364 381 -24.5061
364 393 -9.90366
364 396 0.0445328
364 434 0.0222664
365 372 0.00257281
365 373 -0.0211714
365 378 -0.240952
365 418 0.00636274
365 423 0.912756
365 424 -0.0447697
365 425 0.27738
365 442 1.1642
366 379 1.52876
366 380 1.11878
366 401 1.64216
366 404 -0.216431
367 376 -0.794677
367 383 -0.806216
367 392 0.011371
368 388 -0.383466
368 398 -0.522857
369 379 -2.54763
369 391 0.146912
369 401 -0.100868
369 430 0.0636448
370 383 3.32831
370 410 1.41499
371 386 1.17286
371 410 1.32159
371 417 1.62352
372 373 0.0463669
373 399 -0.518357
373 413 -2.16506
373 418 -0.00836912
373 425 -0.0167048
374 385 -4.43612
374 395 -8.06359
374 397 1.44559
375 387 -1.39593
375 391 -0.134943
375 405 -0.137087
375 409 0.000793045
375 428 -5.38861
376 380 1.07569
376 383 0.16307
376 392 -1.52931
376 404 -0.329449
376 410 0.342611
376 420 0.732847
377 388 3.18062
377 402 0.635997
377 411 -3.08098
377 412 1.70086
377 414 2.41897
377 415 2.45975
377 432 3.42306
377 441 -0.0411226
377 447 0.0333655
377 454 -2.28574
378 423 -0.0601362
378 424 1.79175
378 425 -0.0388091
378 436 -0.212458
378 442 0
378 466 0.102312
379 401 2.60763
380 404 -0.204959
381 385 -18.8485
381 393 1.49683
383 392 -0.0232153
383 410 3.70169
384 386 3.53816
385 393 -4.85231
385 396 0.886457
385 397 -31.2871
386 408 16.801
386 410 4.22687
386 417 4.73139
386 451 3.57445
386 504 7.3512
387 394 -2.13126
387 427 -5.91646
387 428 -0.652519
387 439 -0.18496
387 449 0.668619
387 464 5.08037
388 398 0.33623
388 414 4.43184
390 395 -21.8941
390 400 -1.32411
390 407 -4.31837
390 422 -17.1532
390 434 -0.161458
390 435 1.11923
391 401 0.0916051
391 405 5.97622
391 409 -0.292005
391 430 1.39921
393 396 -3.34609
394 427 -4.8442
395 397 -17.847
395 434 0.338365
395 435 -0.25399
396 397 -3.57445
396 421 -0.330394
396 434 1.48852
397 434 -3.47292
398 414 2.41897
398 440 2.75456
398 443 -2.23936
398 446 -2.5118
398 472 0.0362293
398 482 -0.467445
398 488 1.05022
398 496 0.0431008
399 406 -0.101248
399 413 -0.500431
400 407 0.0298969
400 422 4.02526
401 404 -0.0764738
401 416 0.487559
401 419 0.117975
401 420 0.643737
401 429 3.55833
401 430 5.21483
401 431 0.962998
401 433 3.01573
401 469 1.20084
402 412 0.335684
403 406 -5.30937
403 421 -1.47591
403 426 0.0379226
403 438 -6.04642
404 416 -0.0736313
404 420 -0.0737056
405 409 -2.53051
405 430 0.174553
405 445 2.96599
405 453 2.00508
406 413 -2.64699
406 437 -8.12598
406 438 -1.3697
406 458 0.898275
406 473 2.67717
406 487 2.41582
406 495 1.84714
407 422 0.119588
408 451 1.75131
409 428 -0.0493777
409 445 -2.12511
409 449 -5.15922
409 464 -0.386023
410 417 2.34256
410 420 2.77931
410 460 4.8442
410 469 12.3403
410 504 6.63072
410 521 2.58569
410 534 3.57445
411 415 -0.023346
411 432 -0.242411
412 444 0.218896
412 452 0.0987318
412 454 -4.42785
413 418 0.0514459
413 437 0.010434
414 432 1.78068
414 440 0.720251
414 443 -1.71022
414 456 -0.440686
416 420 0.83999
416 469 0.53458
418 423 0.241621
418 425 4.53639
418 437 0.864648
418 442 0.0136216
418 473 0.75519
419 429 0.472252
419 431 0.472605
420 469 6.37766
421 426 -0.0948007
421 434 2.3086
421 450 1.90582
421 459 -1.34772
421 461 -3.9616
421 463 -0.0778923
422 427 -2.36822
422 434 2.04239
422 435 -1.50042
422 463 1.71224
422 468 0.0671635
422 471 -2.78039
422 474 2.19887
422 479 0.139061
422 481 -0.0904994
422 487 0.973584
423 425 2.4752
423 442 0.0130719
424 425 0.225808
424 436 -0.15981
424 442 0.0116767
424 457 0.407112
424 466 1.58692
425 437 0.0639458
425 442 0.121419
425 457 2.6522
425 473 2.39034
426 438 -2.4899
426 458 -0.517023
426 459 -1.63282
426 461 -0.886457
427 455 -9.28032
427 464 -2.41897
427 467 -2.47197
427 468 -1.42058
427 477 -2.18405
427 484 -0.794069
428 439 -0.516953
428 449 -0.223142
429 430 10.4863
429 431 8.32516
429 433 2.10127
429 469 5.47497
429 500 10.557
430 433 0.83062
430 453 9.63672
430 469 1.37165
431 469 7.99831
432 440 0.346669
432 441 0.229824
432 447 0.47319
432 456 -1.78797
434 435 -0.767295
434 450 0.276358
434 463 0.4649
436 466 -1.59877
437 473 -0.131474
438 458 1.09845
439 449 -0.121211
440 443 -4.29621
440 447 2.38337
440 456 -1.22839
440 482 -2.02352
440 489 0.0918538
441 447 1.24428
441 454 0.080608
442 457 0.201794
444 447 -0.0180074
444 448 2.10127
444 452 0.198157
444 454 -0.082499
444 465 -0.345143
444 466 -2.89499
444 492 -3.24129
445 453 6.18985
445 464 2.86234
445 469 8.20357
446 472 -1.75131
446 476 -1.16715
447 454 1.50552
447 456 -1.24023
447 465 6.22989
447 489 2.86525
447 497 4.63994
447 516 -0.00586543
449 464 7.72728
450 461 -1.34902
450 462 -2.45109
450 463 -0.0778929
450 483 -0.0276311
450 487 -0.178549
453 469 2.74029
453 475 4.43612
454 465 5.67341
455 467 -0.0702216
455 477 -1.93082
455 485 -6.18355
457 466 2.37503
457 470 0.196992
457 473 0.150892
458 461 1.44231
458 487 5.85398
459 461 -3.20605
460 469 2.78039
461 483 0.0276311
461 487 0.0895588
462 463 0.00385104
462 474 -0.0112925
462 483 -1.13193
462 487 -0.17315
463 474 0.637985
463 478 0.0487467
463 481 -0.0657469
464 469 5.96909
464 477 13.6278
464 484 0.687271
464 494 6.93417
464 506 4.14515
465 492 6.6072
465 497 0.194215
466 470 3.01573
466 486 3.66574
466 492 0.2176
466 505 -0.139948
467 468 -0.00626012
467 477 0.2355
467 480 -2.65027
467 485 0.141395
468 471 -2.15467
468 479 0.544615
468 480 -0.00296
468 490 1.07991
468 493 -0.234631
468 499 1.28765
469 477 2.85347
469 500 6.75241
469 506 5.57864
469 520 8.57661
469 521 4.43612
469 533 4.14515
469 539 3.91844
470 473 7.50209
470 486 12.9588
470 509 2.14198
470 518 4.43612
471 479 -0.704796
472 476 2.93164
472 488 0.0212702
472 496 3.15416
473 495 3.28853
473 509 6.8888
474 478 1.34831
474 481 -0.100927
474 483 0.128897
474 487 6.76979
477 480 -1.06462
477 484 1.12089
477 485 2.56678
477 490 0.0131311
477 499 1.12932
477 507 2.62446
477 520 2.71175
478 481 -0.029837
479 487 5.23148
479 493 -0.484897
480 490 -0.00592001
480 499 -0.0231646
482 488 -6.74813
482 489 -2.27269
483 487 0.50006
486 492 -0.0707955
486 505 -1.2374
486 514 0.247361
486 518 3.68949
487 491 8.3382
487 493 -1.73326
487 495 3.53169
487 498 0.0276635
487 499 2.21296
487 503 4.74079
487 507 7.71961
487 509 2.84468
487 510 3.96406
487 511 3.73241
487 512 6.5061
487 515 4.43612
487 517 10.9799
487 520 3.01573
488 489 -1.47846
488 496 0.369894
488 502 0.958007
489 497 0.506215
489 501 4.55706
489 502 -0.264413
489 516 -0.0133888
490 499 1.03321
490 507 0.111493
491 495 5.62636
492 497 0.144012
492 505 2.89555
492 513 -0.078139
492 514 0.198794
492 516 -0.0640585
492 518 -0.453681
492 523 -2.27207
493 498 -0.0553109
493 499 -0.114377
495 509 0.58616
496 502 0.543742
496 508 3.33521
497 502 0.208214
497 513 -2.20588
497 516 -0.0378402
497 518 -0.0165831
498 499 1.50607
499 507 5.18189
501 502 -0.0869549
502 508 2.745
502 516 0.024785
502 522 0.494867
504 519 5.57426
504 534 7.37165
505 514 -0.115089
505 518 -0.58174
507 512 5.67784
507 515 4.8442
507 520 14.6899
507 524 2.41897
508 516 2.8518
508 518 9.95175
508 522 13.8079
508 523 -0.00940425
508 527 8.9769
508 535 7.58221
509 518 14.6144
512 517 0.353819
512 520 5.15782
513 516 0.0850635
513 518 0.144464
513 523 -0.0087526
514 516 -0.0403938
514 518 0.230839
514 523 -0.945038
516 518 1.98167
516 523 -0.0112456
517 520 14.1917
518 523 -0.171429
518 525 2.10252
518 526 -0.0325098
518 527 3.43706
518 528 2.1151
518 530 5.29912
518 531 3.43706
518 538 5.53733
520 524 1.88061
520 529 4.43612
520 532 3.43706
520 536 3.91844
520 537 4.14515
523 525 -0.00932205
523 528 -0.0147733
523 530 -0.00937638
