MULTICUT
0 6 4.31653
0 9 0.163779
0 21 5.2908
0 22 0.0569143
0 28 3.10714
0 29 0.500108
0 37 4.72023
0 48 5.6064
0 59 6.63019
0 74 4.91999
0 79 4.69222
1 9 9.88844
1 10 1.60463
1 17 0.669846
1 19 6.48466
1 30 2.91401
1 63 0.0110777
2 10 4.10953
2 12 -0.0530018
2 25 2.44871
3 7 0.3409
3 8 6.05165
3 15 1.30498
3 27 0.367007
4 5 4.0925
4 14 -3.43706
5 7 1.43018
5 14 -7.83689
5 18 0.735842
5 26 0.285456
7 8 4.52797
7 18 0.381449
7 26 3.51746
7 27 0.220209
7 31 -2.06155
7 41 0.02992
7 49 0.025528
8 31 -0.415743
9 21 3.6946
9 30 3.43706
9 37 7.08157
10 12 -0.0485373
10 17 3.60171
10 25 2.85612
10 43 -0.101248
10 46 0.170655
10 47 5.03612
10 53 0.83062
11 15 -1.07743
11 16 4.06593
11 22 -0.042949
11 24 1.24595
11 35 2.80757
11 36 6.16656
11 58 0.139881
11 71 -0.00679154
12 13 2.10225
12 20 -2.74911
12 23 -4.43612
12 25 -0.203078
12 34 1.90039
13 20 -0.000740886
13 23 -3.10675
14 26 -5.53733
14 42 -2.65498
14 50 -4.8442
14 51 -5.88172
14 56 -2.64699
14 61 -14.1139
15 24 -2.78971
15 27 3.56011
15 33 -3.38861
15 35 -9.68841
15 44 -4.43251
16 22 -3.59277
17 19 5.19946
17 43 -0.0856503
18 26 2.73324
19 30 10.5832
19 32 1.81843
19 43 -1.18877
19 45 4.38186
19 63 0.0466428
19 108 0.411725
20 23 -9.97346
21 37 2.47197
22 29 1.56382
22 36 0.155153
22 39 3.92279
22 48 0.129047
23 34 -3.01573
23 38 -3.91844
24 35 0.0495617
24 58 -0.0183054
24 71 -0.00679154
25 34 2.39531
25 46 8.71935
25 47 1.87833
25 53 0.651855
25 54 0.217319
25 69 0.719882
25 80 -3.72529e-09
25 82 2.17183
25 85 0.0183306
26 27 -0.0517734
26 31 -0.173768
26 40 4.24428
26 41 8.53355
26 42 0.694801
26 49 -0.103547
27 31 -0.285452
27 33 -0.0861458
27 41 -0.168386
27 49 1.01278
27 55 -2.05578
29 39 0.511632
29 48 0.390632
30 32 2.35059
30 37 3.45214
30 63 0.0585804
30 108 0.848364
31 41 -0.269366
32 63 0.0110777
33 44 -0.257133
33 52 0.851088
33 55 -0.00896408
33 58 1.687
33 60 0.0178985
33 68 -0.0289234
34 38 -2.71175
34 46 0.00985604
34 54 2.41346
34 80 -0.0623692
34 85 0.0518009
35 36 3.52322
35 44 2.75118
35 58 1.41006
35 60 -0.229025
35 65 -0.0710483
35 71 0.0575125
36 39 0.891039
36 58 0.280932
36 65 0.0656891
36 71 -0.0135831
37 57 7.43557
37 59 7.94221
37 63 0.0108525
37 74 7.82294
37 108 2.74006
37 116 4.16445
37 118 0.110732
37 131 0.113588
38 54 -3.57445
38 78 -4.91968
38 88 -12.4864
38 103 -2.93164
38 105 -3.91844
38 123 0.274059
38 124 -3.57445
39 48 -0.0867795
39 58 -1.75728
39 65 2.35478
40 41 2.47197
40 42 4.30142
40 49 -4.14515
40 50 2.58569
40 66 5.03324
40 67 3.73241
41 49 -3.62366
41 66 2.33142
42 50 1.78253
43 45 -1.15375
43 53 -0.57632
44 58 0.143493
44 60 -0.958892
44 71 -0.00679154
45 53 0.234776
45 63 0.0275153
45 92 0.901764
46 47 2.02066
46 53 1.30029
46 54 0.0760227
46 69 0.226595
46 80 0
46 82 0.174333
46 85 0.076054
46 101 -0.740165
47 53 11.986
47 69 1.14889
48 58 4.13565
48 79 5.6342
49 55 -4.89104
49 62 0.421516
49 64 -1.82507
49 66 -3.33773
49 67 -5.53733
49 77 -0.283229
49 87 -0.878895
49 89 -3.6428
49 90 -18.5676
49 98 1.81446
50 56 3.91844
50 61 8.44473
50 64 17.2544
50 70 2.78264
50 72 12.5199
50 86 2.71175
50 95 3.91844
50 102 1.95015
50 107 3.50367
50 125 0.132481
50 126 0.794069
51 61 -1.06254
52 55 -4.19201
52 68 -8.19062
52 75 0.111611
52 76 -3.4525
53 63 0.263466
53 69 0.594402
53 92 6.16596
53 101 -14.8071
54 73 1.48203
54 78 -1.72077
54 80 -2.80221
54 85 1.4451
55 62 -4.32324
55 75 -0.0969604
55 76 0.643565
55 77 -0.431706
56 61 1.34772
58 60 -0.229025
58 65 -0.128616
58 68 -0.00405463
58 71 0.2928
58 76 0.77046
58 79 12.3839
58 83 5.20311
58 84 2.85347
58 91 -6.16031
58 96 0.0853428
58 97 2.0706
59 74 2.18405
61 72 2.00744
61 81 6.02274
61 95 2.85347
62 77 -0.397569
63 92 1.95237
63 108 0.0846647
63 118 0.0837647
63 119 1.47703
63 143 0.0204866
64 67 2.52745
64 86 2.58569
64 87 1.79532
64 98 0.0366005
64 102 1.81446
64 107 0.822801
65 71 -0.00679154
68 75 -0.133465
68 76 -0.0202668
73 80 -0.166213
73 85 0.417617
74 79 0.905357
74 94 2.10629
74 99 2.10127
74 106 4.78926
74 114 4.94061
74 116 3.73241
74 131 3.91844
75 76 -0.13754
76 77 -7.91409
76 91 -1.06776
76 100 -0.45628
76 112 3.27478
76 115 9.73108
77 90 -0.966019
77 100 -0.0673736
78 80 -0.794069
78 88 -0.83062
79 84 2.22758
79 93 1.85626
79 94 1.85703
79 96 4.37117
79 97 1.03325
79 99 6.40457
79 110 6.247
79 113 1.76098
79 121 3.77529
79 122 -5.01082
79 136 0.475781
79 146 -0.00910745
79 165 0.0171846
79 174 0.0625613
79 178 0.0409355
80 85 -3.681
80 88 -0.386023
81 95 2.10127
85 88 1.65648
85 101 -2.22758
85 103 8.18429
85 111 3.75009
87 89 -0.0705773
87 90 -0.0695562
87 98 0.141155
87 107 3.85255
88 103 2.34625
88 105 -0.56723
89 98 -3.07744
90 98 -8.15123
90 100 1.19487
90 107 0.498968
90 126 0.997935
90 127 1.66461
91 96 -0.228806
91 104 0.149001
91 112 -0.457633
91 113 -0.0433551
91 115 -1.12929
92 101 -1.81446
92 117 10.1028
92 118 0.0358099
92 119 6.71851
92 132 9.70191
92 143 0.818858
92 149 3.60579
92 152 2.52745
92 156 1.98633
92 176 3.01573
92 189 1.86119
92 193 1.33136
94 99 0.905357
95 125 1.52308
95 126 3.20811
95 135 -1.31723
95 140 0.292247
95 141 2.89512
95 142 4.70912
95 168 4.4806
96 104 -0.0204133
96 113 1.3268
96 115 0.593109
98 107 0.319727
99 106 4.3681
99 114 3.57092
99 136 1.13416
99 138 2.48309
99 146 -0.0368281
99 174 0.0175056
100 109 1.56455
100 115 -3.10675
100 120 -7.58221
100 127 3.57213
100 129 -3.91844
100 130 0.0419819
101 111 -2.36822
101 117 -16.612
102 107 2.06312
103 105 -0.210882
103 111 5.48002
103 124 2.09711
103 134 -2.98671
103 139 1.9601
103 148 0.170847
103 150 0.219032
103 161 -0.000597604
103 179 -0.00871278
104 113 -0.0174613
104 115 -0.0477936
106 114 4.31943
107 126 6.11343
108 118 1.96753
108 119 0.202892
108 143 0.0289623
109 129 -3.79087
109 130 -0.0105791
111 117 1.02368
111 139 -0.896947
111 176 1.60834
112 115 3.73241
113 115 8.0677
113 121 2.14619
113 122 -0.350413
113 128 0.372612
113 153 0.0374685
113 154 0.670773
113 159 -0.00956743
113 178 0.000383638
113 184 0.00396287
114 131 5.40921
114 138 5.1842
115 120 3.27777
115 128 7.84597
115 129 1.54067
115 133 2.49496
115 153 0.00821169
115 159 -0.00444613
115 167 -0.00137313
117 132 4.97592
117 139 -0.856641
117 152 6.28714
117 156 1.84714
117 176 10.3604
118 119 0.076683
118 131 2.78781
118 137 2.88868
118 143 -0.0355308
118 147 -0.0503152
118 151 -0.418835
118 155 0.0347306
119 143 2.36361
119 149 1.24542
119 151 -0.0584565
120 129 2.29931
121 122 -2.18655
121 154 0.0136003
121 159 -0.00334121
121 178 -4.68434
123 124 -3.43706
123 134 -2.93164
123 148 -4.14515
123 160 -1.95015
124 134 -4.15561
125 126 1.57696
126 127 0.467445
126 140 5.47685
126 141 0.8175
127 130 1.28882
127 140 1.54979
128 153 0.203274
128 154 1.41704
128 167 -0.00137313
129 130 -4.8442
129 133 0.343732
129 144 3.20604
129 145 2.5243
129 167 -0.418938
129 173 0.924411
129 180 1.38415
129 182 4.07516
129 186 4.00304
130 140 1.95015
130 145 -27.5978
131 138 2.23719
131 147 0.0125736
131 151 0.00652843
131 155 0.229755
131 157 1.18047
131 164 1.66698
131 175 0.0180392
131 185 2.38206
134 148 -0.64845
134 150 -0.899815
135 142 -1.65137
135 162 -1.48178
136 138 1.29156
136 146 -0.00892087
136 174 0.0234605
137 147 -0.0112349
137 151 -0.49088
137 155 -0.0220347
138 146 -0.010047
138 155 -0.00100326
138 163 2.00926
138 174 0.0622259
138 185 0.0944778
139 150 1.68597
139 161 0.00111514
139 176 -1.49761
139 179 -0.0191588
140 141 1.39593
140 145 -8.61176
140 168 1.04927
140 169 6.72531
140 170 5.01402
140 171 1.71336
140 187 -0.0707904
140 191 1.59014
142 162 9.46678
142 168 2.54648
142 195 -0.467455
143 149 7.65473
143 151 3.76904
143 155 8.16274
143 189 0.118726
143 190 6.09541
143 205 0.0177146
143 212 -0.00208199
144 145 0.148121
144 173 1.84714
145 166 6.71641
145 169 -0.901016
145 171 -5.53733
145 173 0.384846
145 181 2.11033
145 187 0.485574
145 203 0.120194
146 163 -1.07311
146 165 -0.0286655
146 174 -1.32078
146 188 -0.165285
147 151 0.0284637
147 155 2.49686
148 150 1.22677
148 158 2.66101
148 160 -0.357508
148 161 -0.0189959
148 172 -0.0481222
148 179 -0.00194252
150 161 0.0201444
150 176 -3.91844
150 179 -0.0986194
151 155 0.0130569
153 154 0.0536426
153 167 1.48671
154 159 -0.00441818
154 167 2.2184
154 177 -0.000442428
154 178 -0.0103946
154 183 4.84221
154 184 0.0133759
155 157 0.0515252
155 164 0.0518851
155 175 2.03092
155 185 0.104209
155 190 0.667269
157 175 0.00540806
157 185 1.13172
158 160 -1.41058
158 172 -0.337785
159 177 0.0005914
159 178 -1.57696
159 184 -0.00941444
160 172 -1.61168
161 179 -1.27429
162 195 -4.61199
162 204 3.10675
163 174 0.12441
163 185 0.601202
163 188 0.165285
163 198 0.151841
163 202 8.94131
163 210 0.740064
163 219 0.0195192
163 223 0.067895
164 175 0.000672223
164 185 2.0077
165 174 1.16711
166 173 5.57778
166 181 0.0273159
166 187 0.000425191
167 180 -2.24129
167 183 3.22939
167 186 -0.555883
167 194 0.0964334
168 191 2.72025
168 195 -4.07003
168 211 6.31629
169 171 0.037172
169 187 -0.171529
169 191 7.64049
171 187 -1.75715
172 179 -0.79072
172 199 3.91758
173 182 6.80233
173 186 1.00295
173 187 -0.0024883
173 192 1.15094
173 200 4.32706
173 201 -7.8976
173 203 -0.0115538
173 209 -7.77585
174 178 7.51818
174 188 2.4434
174 198 5.93959
174 210 0.366478
174 219 0.0233287
175 185 0.0603936
176 179 -5.53733
176 193 3.68582
176 208 -0.873918
176 215 -0.225261
177 178 -0.470406
177 184 -0.178076
178 183 0.316933
178 184 1.76891
178 196 1.61407
178 198 0.257021
178 210 0.00946586
178 219 0.00757256
179 199 -0.983706
179 208 0.975714
179 213 -2.06607
179 216 -0.347875
179 236 -0.801964
180 183 -0.610238
180 186 2.23893
180 194 -0.342505
180 197 2.74677
182 186 2.37402
182 203 -0.00203563
183 184 3.47272
183 194 3.3786
183 196 3.208
183 197 -0.0538123
183 198 0.414034
183 207 0.03141
183 210 0.00946586
183 218 -0.0813941
183 219 0.00757256
183 228 -0.00505368
185 190 0.0708405
185 202 0.923844
185 223 0.293544
185 232 0.0492864
186 192 5.69046
186 197 1.81446
187 191 3.71531
187 203 3.36541
189 190 0.0108113
189 193 2.1765
189 205 0.0398489
189 212 -0.127731
190 205 0.0351733
190 212 0.410972
190 223 0.170152
190 226 0.958481
190 232 4.37895
190 234 -0.0924788
191 201 1.23862
191 203 10.1136
191 211 2.85347
191 220 0.157773
191 229 8.92431
191 231 6.28326
191 247 3.73241
191 251 0.962313
191 264 3.43706
191 271 0.592949
192 197 2.34651
192 201 -0.44708
193 205 0.0803718
193 208 0.0750961
193 212 -0.337479
193 215 0.404714
194 197 -0.0511157
195 204 -3.90482
195 211 -2.36712
195 222 -11.1449
196 198 2.00377
196 210 0.00946586
196 219 0.00757256
197 201 0.00631819
197 206 2.64348
197 207 4.68833
197 227 3.57445
197 228 0.30324
198 210 1.90323
198 218 -2.23121
198 219 0.136651
198 224 0.418856
198 228 -1.73983
199 213 2.07466
199 233 2.64699
200 203 -0.00203563
200 209 -2.36822
201 203 0.808377
201 206 0.477265
201 209 1.03934
201 220 -0.398728
201 227 7.02702
201 229 0.841979
201 247 1.11541
201 253 0.478477
202 210 2.27969
202 223 1.17969
202 225 -8.01058
202 232 2.90766
202 239 6.12745
203 209 -0.0454508
203 220 0.0381778
205 212 -0.0765797
206 227 2.64699
207 218 0.00776065
207 228 0.0214382
208 213 -0.179594
208 215 4.18112
208 216 -0.236109
208 236 0.322386
208 240 1.30584
208 252 0.034023
209 220 -1.49162
209 227 0.126859
210 214 1.24403
210 217 0.749769
210 219 0.230298
210 224 0.489991
210 225 -6.74813
211 222 3.24393
211 231 12.0467
211 251 9.31988
211 261 1.78253
211 268 0.982543
212 215 -0.303769
212 230 -0.0249994
212 232 0.5069
212 234 -0.0924793
213 216 -0.00929862
213 233 3.71741
213 236 5.00972
213 237 3.39902
213 240 0.175924
213 252 0.0576773
213 256 0.997043
213 275 5.67979
213 277 7.11689
213 294 -0.0153699
213 304 -2.19059
213 306 3.01573
213 311 2.04757
213 314 3.33186
213 315 -0.142207
213 323 0.124882
214 217 0.609682
214 219 1.32641
214 225 -7.71961
215 221 4.52346
215 230 0.1887
215 234 0.74812
215 236 0.382192
215 240 0.634622
215 245 6.42361
215 252 2.48024
216 236 -0.0288639
216 240 -0.0267853
216 252 -0.0119715
217 219 1.05858
218 228 1.62256
219 224 0.675529
219 225 -17.851
219 235 -3.43706
220 227 -0.126859
223 232 1.30502
224 228 -5.8686
224 235 -9.62539
225 235 0.352453
225 238 -3.84953
225 239 -8.85269
225 243 -0.237189
225 248 -1.34772
225 258 -10.3815
225 259 -0.0941398
225 262 -9.68249
225 266 -0.402198
226 232 0.731771
227 228 2.22758
227 244 3.72781
227 247 3.97811
227 253 1.56779
227 257 0.548113
227 265 3.77687
228 235 -5.53733
228 244 9.46335
229 247 12.5196
230 232 -0.0829738
230 234 2.82129
231 251 6.23967
232 234 -0.266742
232 239 3.6647
232 241 0.434706
232 242 2.7074
232 250 7.02519
233 256 2.44401
234 241 1.97891
234 245 3.66516
234 246 3.88603
234 249 2.11836
234 263 -0.133025
235 243 -0.150515
235 244 -4.8442
235 259 -2.82603
235 269 -8.20017
235 282 0.101829
235 288 -1.1084
236 237 3.0947
236 240 0.926179
236 245 1.83247
236 252 0.731629
236 272 4.05178
236 275 7.1147
236 284 3.42511
236 289 0.33828
237 275 2.71175
238 243 0.456455
238 254 -1.39
238 258 -0.515731
239 248 5.27544
239 250 3.94173
239 262 1.19065
239 274 0.356276
240 245 0.173936
240 252 0.076002
241 242 1.42626
241 246 6.88631
241 250 0.0211096
241 279 4.42815
241 297 -0.000595127
241 325 -0.637901
242 250 3.08344
243 254 -0.357621
243 258 -0.897663
243 259 4.04525
243 280 1.37988
243 281 0.56723
243 291 -0.0392961
244 255 4.79826
244 257 4.19244
244 265 0.335454
244 267 14.2463
244 269 3.32218
244 286 5.24242
245 252 1.4766
245 263 -0.949129
245 284 1.35848
246 249 9.14214
246 263 0.00281773
246 283 7.47316
246 284 0.119166
246 289 0.0202353
246 313 0.128093
246 319 1.4319
246 325 -0.0441431
246 335 0.121745
247 253 1.99034
247 264 3.57445
247 265 0.905357
247 270 6.13769
247 271 3.8803
247 273 1.49683
247 276 3.31536
247 285 1.81446
247 287 4.14515
249 263 0.0846553
249 283 0.46846
250 260 4.1251
250 262 5.43469
250 274 1.92687
250 279 1.75964
250 297 1.88547
250 305 -1.12464
250 309 -8.98936
250 325 -0.027363
251 261 2.64699
251 268 6.73027
251 271 3.80214
254 258 1.25484
257 265 2.4321
257 267 0.210882
257 278 3.01573
258 266 -4.6415
258 280 5.51957
258 281 0.399018
258 291 -1.30987
258 299 0.353282
258 301 -1.31349
258 318 -2.26664
259 280 2.85347
259 288 -1.25517
261 268 2.93164
262 266 -7.4725
262 274 1.41476
262 301 -4.73527
262 303 -4.14515
262 305 -1.16715
263 283 0.0175199
263 284 -0.184035
263 289 0.339273
264 271 1.95015
265 270 1.08303
265 278 3.5437
265 285 0.962998
265 293 1.86384
265 295 1.21489
265 296 0.626722
266 299 -0.0700634
266 301 -2.6287
267 278 11.8046
267 286 1.57696
268 271 2.00471
268 298 3.73934
268 331 0.0514308
268 333 0.0669433
268 337 -0.00884609
269 282 -0.2503
269 286 2.08472
270 276 3.73241
270 285 2.76707
270 287 9.03859
270 295 0.175314
270 308 0.261661
270 317 0.381642
270 328 -0.0446333
271 273 5.69289
271 287 7.35994
271 298 0.286796
272 275 2.78039
275 284 1.07871
275 306 6.5061
275 314 6.89497
275 316 0.668059
275 340 1.30477
275 347 1.27785
278 286 0.132481
278 292 4.72767
278 293 0.775982
278 302 4.47257
279 297 1.46932
279 309 -7.58221
279 325 -0.0309326
280 281 1.1817
280 288 -0.849093
280 290 1.30955
280 291 -0.810978
280 300 -0.874957
280 318 -2.93164
281 291 -0.0392961
282 286 -0.250459
282 288 -2.56801
282 307 -6.85009
282 324 -0.0721664
282 327 0.147436
282 334 -0.42995
282 341 -0.280425
282 342 0.237099
283 289 0.0120361
284 289 1.72518
284 313 1.41708
284 316 2.16133
284 319 0.170046
286 292 5.57203
286 307 -14.4379
287 298 2.72678
287 308 0.145317
287 317 2.06517
287 328 -0.0454686
287 329 0.457972
287 331 0.692138
287 337 0.165846
288 300 -4.39599
288 318 -2.81416
288 341 -0.0326866
288 342 1.31578
289 313 0.216145
289 319 0.0442442
290 291 -0.342605
292 302 4.08044
292 307 -3.01573
293 295 0.538806
293 296 1.66176
293 302 6.75496
293 308 3.52789
293 320 2.31952
293 329 5.35353
294 304 -0.0225726
294 315 -0.749326
295 308 1.25108
295 328 -0.0217459
297 309 -9.95846
297 322 -9.97346
297 325 -0.052511
298 331 1.17013
298 333 1.15081
298 337 -0.356039
298 344 -7.45768
299 301 -1.23939
300 318 0.483906
301 303 0.0234709
301 312 0.0344027
301 318 -0.0313837
301 321 1.19594
301 345 -0.000367718
301 362 0.0668599
302 307 -10.3815
302 329 7.37513
302 338 -14.3
302 361 -2.71175
302 371 -5.53733
303 305 -0.55042
303 310 -1.98633
303 312 0.644984
303 321 0.0695695
303 362 0.0192032
304 315 -1.79156
305 309 -0.533685
305 310 -1.84714
306 314 0.924411
307 327 -5.77559
307 330 -4.98328
307 338 4.94015
307 358 0.792103
307 364 0.0571951
308 317 0.100293
308 320 1.79337
308 326 2.78274
308 328 -0.0750166
308 329 4.37321
308 337 0.14832
309 310 -22.8813
309 322 1.53983
309 332 -3.10675
309 343 0.0099588
310 312 -3.31536
310 332 1.47101
310 339 -9.18456
311 314 0.425641
311 315 -0.0383
312 321 0.437024
312 339 6.85646
312 349 0.575024
312 362 0.0419566
312 372 -0.210114
312 379 1.79879
312 390 -0.427376
312 405 -7.10525
312 418 1.82705
312 423 2.72865
312 427 -3.60463
312 432 -6.3687
312 435 -3.10675
312 437 1.50926
312 450 -0.268212
313 316 5.51692
313 319 1.90662
313 335 2.41897
314 315 -0.0194535
314 323 7.98349
314 340 1.91828
314 346 4.4765
314 347 1.15566
314 407 2.64699
315 323 -0.521063
315 336 -4.22909
316 335 2.82645
316 340 6.33089
316 353 0.758015
316 359 1.5226
317 328 -0.0337726
318 342 -2.08577
318 345 0.148597
318 349 -1.64603
318 351 -0.112204
319 335 0.648011
321 345 -0.353435
321 349 2.88673
321 362 0.122091
321 423 0.231522
322 325 -23.8639
322 332 -5.53733
322 335 -4.8442
322 339 1.10372
322 343 0.696052
322 352 5.58549
322 353 -4.43612
322 359 -7.2338
322 368 -3.10675
322 382 -7.90555
322 395 -5.53733
322 408 0.187125
322 413 -9.97346
322 420 2.06181
323 336 1.12464
323 407 6.83916
324 327 -0.276989
324 334 -0.891014
324 341 1.10412
325 335 0.534479
326 328 -0.0197583
326 329 3.97368
327 330 -5.24331
327 334 -0.215621
327 341 -12.0155
327 358 -1.84714
327 366 3.29695
327 384 2.01781
327 386 -0.0157591
328 329 -0.0456296
328 337 -0.0202519
329 337 4.67385
329 348 3.07564
329 360 9.34192
329 371 -4.8442
329 376 11.1567
329 377 -5.53733
329 381 2.91797
329 387 -11.0747
331 333 0.0207635
331 337 -1.63302
332 339 -3.91844
332 343 -0.81228
333 344 -0.258219
334 341 -2.22758
335 353 3.79402
336 380 2.79401
336 394 -0.0122929
336 407 3.31586
337 344 -1.17709
337 354 0.986571
337 365 -2.58569
337 374 -2.10127
337 381 3.73241
338 355 -1.37707
338 357 0.474735
338 358 0.831419
338 361 0.650888
338 363 -0.214589
338 364 0.0691703
339 343 1.06254
339 352 1.83982
339 372 -0.105084
339 379 0.321816
339 390 0.0661191
340 346 2.4542
340 347 4.4911
340 359 5.41758
340 373 3.57445
340 385 5.68358
340 396 2.58569
340 399 2.36822
340 403 3.92345
341 342 -0.105868
341 356 -0.0804562
341 367 2.08974
341 369 0.202199
341 384 -2.41897
342 349 -1.45485
342 351 3.68799
342 356 0.95091
342 367 -0.728398
342 369 -0.152481
344 350 -4.1804
344 354 -0.169551
345 349 -0.336924
345 362 -0.088799
346 375 7.61239
346 385 3.91844
346 407 5.07719
349 351 -4.70877
349 362 2.12519
349 367 0.612226
349 400 1.95748
349 423 0.290289
349 434 0.812868
349 437 0.392156
349 441 -0.0779006
349 450 -0.1425
350 354 -1.95519
350 365 2.10127
350 370 -7.21651
351 369 -0.0246326
352 368 -2.71175
352 382 -4.43612
352 390 1.83529
352 391 1.3241
353 359 1.63282
354 365 -1.12464
355 357 -0.418426
356 367 -0.0701014
356 369 -0.0525308
357 363 -1.1227
357 364 0.0361721
358 363 5.97246
358 364 0.290493
358 366 -2.07419
358 386 0.0511115
358 389 0.740114
358 392 2.45315
358 402 0.676684
358 414 0.307816
359 373 1.66337
359 403 5.19151
359 413 3.61482
359 421 2.16857
361 363 -0.406895
361 371 -0.434708
363 364 1.78146
363 371 -2.06181
363 378 -1.31331
363 386 0.0116102
363 389 0.856053
363 414 0.0713036
365 370 -4.8442
365 374 2.06181
365 381 -13.9332
365 411 -14.1245
365 429 -0.0700634
365 433 -3.31536
366 384 0.0151584
366 386 -0.0578924
367 369 0.782976
367 384 -2.02665
367 400 3.12661
368 382 -3.43706
371 377 -0.210882
371 378 -0.369897
371 383 -0.558813
371 387 0.420521
371 388 0.358969
371 389 -10.3903
371 397 -1.73625
371 401 -0.217672
372 379 -0.445298
374 381 -1.44559
375 385 0.296878
375 398 3.32543
375 407 5.76502
376 381 5.541
376 387 -11.0747
376 404 -5.53733
376 409 -3.58758
376 411 -0.420691
376 415 -2.27269
376 416 -0.0632805
377 383 -1.49683
377 387 -0.601089
378 389 -0.168783
380 394 -0.155285
380 407 3.43227
381 409 -1.12464
381 411 2.64699
382 391 -16.3021
382 393 -5.49586
382 395 -1.77291
382 408 -3.31044
383 387 -0.446474
384 386 -1.94181
384 392 -5.11569
384 400 -13.4522
384 414 -3.91844
384 417 -1.95015
385 398 1.13257
385 399 5.19237
385 403 6.42793
385 407 1.80304
385 421 7.2338
385 422 7.45295
385 436 1.32411
385 438 2.41897
386 392 1.88254
386 414 0.305695
387 397 -3.51558
387 404 -0.459624
388 389 -1.63282
389 401 -1.98633
389 402 2.76981
389 404 -7.67932
389 410 3.58267
389 419 0.302855
389 431 -3.57445
390 391 0.27916
390 405 0.0023437
391 405 0.65675
391 408 0.209621
392 402 0.495428
392 414 0.213468
392 419 0.28236
392 440 0.019501
393 395 -0.652519
394 406 -5.17299
394 407 -3.57607
397 401 0.890304
397 404 2.18928
398 407 1.07762
399 403 4.02977
400 414 6.15592
400 417 0.450409
400 434 0.128116
400 440 -0.188229
400 441 -0.0295948
401 404 2.44628
402 410 0.773361
402 414 0.0430895
402 419 2.31262
402 440 0.187187
403 421 5.26551
404 416 -5.53733
404 428 10.3592
404 431 3.91844
405 408 1.58826
405 412 8.26034
405 427 2.10847
405 430 1.72077
405 432 -1.84714
406 407 5.49297
406 424 1.25517
407 422 4.98098
407 424 7.30686
407 436 2.78039
408 412 0.704796
408 420 1.18877
409 411 -0.815623
410 419 0.321957
410 431 -5.53733
411 415 -0.970252
411 416 3.42208
411 425 3.45623
411 429 -13.7925
411 439 4.58582
411 442 0.301164
411 460 0.0106377
412 420 8.015
412 426 3.60048
412 430 2.89632
413 420 -4.14515
413 421 13.252
413 452 -2.14198
413 459 1.98633
413 463 -1.69086
413 471 -3.20605
413 477 1.06254
413 487 2.64699
414 417 0.670306
414 419 0.0442064
414 440 -0.571591
414 441 -0.0100919
415 416 -0.0999018
416 428 -6.25992
416 439 2.52745
416 442 5.25116
416 443 -1.18877
416 448 1.75131
416 456 -1.57696
417 440 -0.0469633
418 423 0.0936654
419 431 -2.18405
419 440 6.41244
420 430 0.663191
420 432 -0.0130847
420 435 -0.0846258
420 444 -0.0827893
420 447 -10.9529
420 451 -0.138891
420 452 3.13521
420 453 -0.849093
420 454 0.596627
420 458 -1.05122
421 438 12.6399
421 459 2.06181
422 436 4.35735
423 435 -5.55024
423 437 0.406901
423 449 -5.53733
423 450 -0.52885
424 436 9.4113
424 476 3.10675
424 500 1.57696
424 501 3.31536
428 431 4.41877
428 443 0.681147
428 448 -1.95015
429 433 -7.14805
429 442 -0.414181
429 460 -0.146509
430 432 -0.591527
430 435 -0.0755823
430 444 -0.071931
431 440 -5.73974
431 443 5.57429
431 445 2.82198
431 446 -6.77191
431 457 2.28751
431 461 1.00788
431 467 0.342097
431 475 -0.00248404
431 482 -0.0108443
432 435 0.0980317
432 444 0.0183009
434 437 0.0342295
434 440 -0.0549863
434 441 -0.0310297
435 444 1.9386
435 449 -0.25537
436 438 12.7309
436 476 4.14515
436 483 1.84815
436 495 2.27269
436 496 6.0953
436 500 8.28595
437 441 -0.72568
437 450 -0.195176
437 455 -0.028281
437 465 -6.0953
438 459 0.635405
438 464 2.84794
438 471 -2.94444
438 477 14.2835
438 483 5.32577
438 495 3.30916
439 442 7.5267
439 460 0.0106377
440 441 1.82449
440 446 0.120745
440 465 -0.76013
441 465 -0.160636
442 456 -1.70876
442 460 0.704158
442 466 4.97368
442 468 5.68876
443 445 2.56359
443 456 -11.2133
443 461 0.0182882
443 467 0.0594196
444 449 -3.882
444 450 -2.01293
444 453 -6.92952
444 470 -2.27336
446 457 -5.53733
446 465 -0.169182
446 475 -5.53733
446 478 -5.55099
446 484 -12.3942
446 499 -8.28126
446 502 -15.2257
446 504 -0.687271
447 451 1.52688
447 452 -0.0862488
447 454 -2.10127
449 450 -0.0700634
450 453 -1.46625
450 455 0.923541
450 470 1.36327
450 473 -0.445651
450 480 -2.41897
450 485 0.280638
450 489 -3.57445
451 452 -0.443105
451 454 -1.64666
452 454 1.017
452 463 0.56723
453 458 0.660417
453 463 -2.31952
453 472 -18.8828
453 480 1.39593
454 458 -12.3425
454 463 0.0135775
455 462 -1.49683
455 465 -3.10675
455 473 -0.274789
456 461 -1.19261
456 466 -4.14515
456 467 -0.101248
456 468 -2.78039
456 474 3.95016
456 481 -2.52745
456 492 2.86829
456 508 0.675575
456 534 1.00226
457 467 0.0320061
458 463 -5.61706
459 471 -0.488721
460 466 2.45565
460 516 -2.85347
461 467 2.9248
462 465 -0.289934
462 469 -3.91844
462 473 -0.704796
463 472 0.796828
463 479 1.43109
463 487 -0.151442
464 471 -0.307421
465 469 1.06022
465 473 0.145983
465 478 -4.8049
466 468 7.87756
466 481 -1.06254
466 506 3.10675
466 508 -2.11
466 511 -4.4758
466 516 -6.5061
467 482 -0.012122
467 484 -2.01601
467 486 1.68975
467 492 -0.195158
467 493 1.17887
468 481 -1.50853
469 473 0.452952
471 477 -1.85324
472 479 3.9073
472 480 -5.53733
472 488 4.56048
472 489 2.64699
472 490 0.561715
472 491 3.76142
472 494 -0.00265003
473 478 -5.80614
473 485 1.42487
474 492 3.91125
474 508 0.198139
474 539 1.91991
474 553 0.689696
475 482 0.0335882
475 484 0.984849
477 479 -0.0680569
477 487 0.83062
477 494 0.72047
477 495 3.44632
477 505 0.183959
478 489 -0.905358
478 504 -4.59485
479 487 -0.302868
479 491 0.549126
479 494 -0.00511292
480 489 -4.14515
482 484 0.100735
484 493 -3.55169
484 499 -3.86668
484 507 -2.72555
485 489 -5.53733
486 493 0.484503
488 489 3.22009
488 490 1.63348
488 491 3.22357
488 497 1.34772
489 497 2.49257
489 504 -9.97346
489 513 -5.53733
489 525 -0.645535
489 533 -3.6546
491 494 -0.0130772
491 497 0.618115
491 498 4.59251
491 505 -0.254446
491 531 0.0743955
492 493 -4.17263
492 503 -3.98611
492 534 2.45567
492 553 1.85161
492 556 -3.73241
492 568 -1.14475
492 592 -12.1575
493 503 8.82495
493 507 -8.98936
493 536 3.35167
493 549 0.0747287
493 556 1.98633
493 564 -4.89321
493 565 -1.39593
493 568 -7.45185
493 576 -4.43612
493 581 -7.71961
493 590 -5.53733
493 602 -5.53733
493 605 0.132481
493 606 -3.91844
494 495 0.379666
494 498 -0.0282841
494 505 0.0719668
495 498 -0.00491369
495 500 1.09109
495 505 4.37135
495 515 5.89754
495 519 -0.103102
495 520 -0.436971
495 544 -1.44664
495 552 -3.07089
497 498 0.0502855
497 525 -0.182925
497 531 -0.650038
498 505 -1.80493
498 519 -10.5367
498 531 0.708469
498 546 0.0514525
499 502 3.73241
499 507 0.920152
499 509 -5.71622
499 510 -5.57872
500 501 1.13517
500 514 -0.266321
500 520 -0.084759
500 523 -3.73241
500 528 -5.42326
500 529 -0.601089
501 514 -1.60358
502 504 -11.5083
502 509 -0.467445
502 512 1.44559
502 518 -2.23458
502 532 1.8632
502 537 -0.00115519
502 543 0.00801241
504 513 -0.321795
504 532 -2.27269
504 535 -2.67776
505 515 1.62917
505 519 -0.260673
506 508 -6.42793
506 511 -3.31536
507 510 -1.5939
507 536 -3.31536
508 511 0.987227
508 517 -1.53375
508 524 -0.517844
508 530 1.25517
508 539 0.396278
508 547 -0.0900295
509 510 1.42058
509 512 -1.27785
510 512 -11.6559
510 522 -3.15292
510 536 -1.17028
511 516 0.331757
511 517 -0.975551
511 521 0.0509718
511 524 0.0287959
511 538 0.0118445
512 518 -4.46509
512 522 1.98633
513 533 -0.258219
513 535 0.0233459
514 526 -7.30218
514 529 -0.652519
515 519 -3.64697
515 552 -3.01573
516 517 0
516 524 0.259381
516 538 3.38527
517 521 -0.053405
517 524 6.32638
518 522 -0.635286
518 536 0.00778166
518 537 -2.63493
519 546 -0.139538
519 552 4.28939
520 523 4.69036
520 527 -3.99423
520 541 -1.13925
520 544 0.34663
520 552 0.133795
521 524 -0.100681
521 538 -0.0503407
522 536 -1.32411
523 527 -3.51611
523 528 3.45125
523 541 -2.00161
523 542 -0.347125
523 550 2.81847
523 557 0.246048
524 530 -2.03369
524 538 2.9395
524 547 5.86567
524 553 -2.14198
524 555 4.4663
524 569 -6.06009
524 582 -11.0747
524 587 13.4387
524 592 -5.53733
524 593 6.44416
524 612 3.91844
525 531 -1.75237
525 533 -0.162119
525 551 -5.26984
525 560 0.701212
525 575 -0.227541
525 577 -0.0102288
526 529 1.93996
526 540 0.738696
526 545 -0.0128267
526 563 -0.386023
527 541 2.31952
527 542 1.42893
528 529 -0.669846
528 545 -3.31536
528 548 -12.2185
528 550 4.40146
528 571 -0.724324
529 545 -0.0647588
529 548 -3.65732
529 563 -2.40095
529 572 3.07543
531 546 0.276772
531 552 -2.71175
531 559 0.504071
531 560 0.0134963
531 570 -0.0554488
531 575 0.682576
531 577 0.0328952
531 585 -0.745691
532 535 -4.14515
532 543 0.988244
532 549 -2.13521
532 558 -14.1186
532 564 -0.0966567
532 565 -12.4264
532 574 -1.95015
533 535 -3.89625
533 551 0.163951
533 558 -12.3371
535 558 -4.43612
536 537 -1.52308
536 549 0.360506
536 564 -0.4485
537 543 -1.39514
537 549 -5.3887
538 562 7.45602
538 569 -9.68841
538 587 3.57445
538 589 0.775982
538 596 6.91482
538 609 3.43706
538 615 2.22758
538 616 5.80527
538 621 2.78039
539 547 -0.033859
539 553 0.0391576
541 542 1.97954
541 544 -0.282046
541 554 2.60109
541 557 -13.0038
541 561 4.08347
541 567 -1.07868
543 549 -0.274059
544 552 0.863554
544 554 -1.64518
545 548 0.714688
546 552 -0.775982
546 559 0.0972197
546 570 -0.00165256
547 553 -1.99053
548 557 -4.8442
548 571 -0.132481
548 572 -3.20452
548 591 -2.4852
548 594 1.46377
548 595 -0.652519
548 597 -0.09823
549 564 -0.928099
550 557 2.2265
550 571 -1.09673
551 558 -7.65361
551 560 -1.06254
552 554 -3.1265
552 559 -2.29179
552 566 -0.0188341
552 570 -2.78264
552 573 1.84697
552 583 -0.652808
552 586 -0.305845
553 582 -4.28643
553 592 -9.28032
554 566 0.023409
554 567 -0.671691
554 573 -0.16987
555 569 -5.53733
556 568 -5.53733
557 561 -3.73241
557 571 -0.578917
557 579 7.60734
557 594 -3.20605
558 560 -0.00117748
558 574 -0.45437
558 577 -0.0136392
558 581 0.000639882
558 588 5.13538
558 601 -1.75974
558 614 0.0537269
558 635 -0.0177199
559 570 -0.000537251
560 570 -0.00179046
560 575 0.019202
560 577 0.0601674
560 585 0
561 567 -3.94062
561 573 -0.451047
561 579 -6.64823
561 584 -3.10675
562 596 3.01573
563 572 -3.43706
564 565 -1.78253
565 574 -5.98025
565 580 0.445941
565 581 -1.57035
566 567 -0.0291345
566 573 -0.00821877
567 573 0.00135942
567 578 -0.217754
568 576 5.85304
568 590 10.2807
568 592 -11.0747
568 618 3.46057
569 587 -3.01573
569 589 -3.43706
570 575 -0.019339
570 585 0.0466611
570 586 -4.19032
572 591 -6.36337
573 578 0.0544117
573 583 0.025796
573 584 0.0130199
573 586 -0.692553
573 600 1.66134
573 604 0.203072
574 581 -0.0030052
574 588 -0.226462
574 614 -0.105637
575 577 0.521643
575 585 -0.743505
576 590 5.16856
577 585 -0.346256
577 598 -1.57696
577 622 0.618144
577 624 -4.17597
577 635 0.609242
577 638 -1.04654
577 639 -0.650934
578 583 0.00384394
578 586 -0.010953
579 584 4.41701
579 594 -2.38392
579 597 1.47432
579 608 0.171622
579 611 2.73392
580 581 -0.58537
581 601 -3.06529
581 606 1.78253
581 614 0.393011
582 592 0.971312
583 586 -1.83228
584 586 -0.00438396
584 600 2.18773
584 608 0.216745
585 586 -1.49683
585 598 -0.329397
586 598 -3.73241
586 599 -1.19096
586 600 2.02732
586 604 0.233586
587 589 0.601089
587 612 5.80561
587 615 2.31952
587 616 2.41897
587 626 0.584119
587 627 1.98633
588 601 -0.729489
588 606 2.58569
588 614 2.00179
588 629 0.407402
588 635 -0.399392
588 647 -1.8439
590 602 1.69086
590 605 -4.8442
590 610 6.48896
590 618 6.17352
590 620 -9.11179
590 628 -2.22758
591 595 -1.97068
591 597 -2.22758
591 607 3.82766
592 612 -11.0747
592 617 3.81745
592 618 -4.8442
592 643 3.68238
594 597 -1.07535
595 597 0.0700632
596 609 2.02352
597 607 -2.22758
597 613 -14.9849
598 599 -1.12464
598 603 -10.4876
598 619 -4.8442
598 622 -0.740165
599 603 -5.86175
599 604 -1.28739
600 604 6.98108
600 608 0.457868
600 634 -2.64699
601 614 -0.556023
602 605 -3.43706
603 604 2.95456
603 619 -0.472911
603 622 -0.321795
603 630 -3.32204
603 634 -0.305845
604 630 -1.37165
604 633 -3.30561
604 634 -2.58569
604 636 -1.60463
605 606 -4.14515
605 620 -0.116857
606 614 4.24201
606 620 -8.06359
606 629 3.90503
606 645 -0.274059
606 646 0.408155
606 649 -0.352244
606 652 0.0746124
607 613 -6.60898
607 623 0.568242
607 625 4.38133
607 631 13.721
607 632 3.10675
608 611 1.56512
608 634 -0.451047
608 637 -0.671152
610 620 -3.43706
610 628 -3.73241
611 613 -9.82746
611 623 -1.06254
611 637 -2.8066
612 617 -5.53733
612 627 2.93164
613 623 -5.63304
615 616 1.69086
616 621 3.31536
616 626 1.85999
616 627 7.21651
616 641 11.6847
616 644 -4.73527
616 655 -3.10675
616 657 3.8679
616 677 -1.54979
617 627 -3.73241
617 643 5.50258
617 644 2.64699
617 655 -3.18611
617 661 2.03131
618 628 -17.657
618 643 -3.91844
619 622 -9.8349
620 628 -7.03844
620 645 -5.53733
620 648 4.41301
620 656 1.5359
620 658 0.513098
620 668 -0.60118
620 669 -0.616383
620 673 -0.230481
620 724 -0.172114
621 641 5.34148
621 664 3.20604
622 624 -4.73957
622 634 -0.0163949
622 638 0.370364
622 640 -0.272202
622 651 -0.129329
622 654 0.00494147
623 631 1.20868
623 637 0.2673
623 671 0.269425
624 638 -3.99471
625 631 3.57445
626 627 5.11033
627 644 -11.452
628 643 -3.57445
628 653 -4.52631
628 656 -0.794069
629 646 0.0285501
629 647 -0.71864
630 634 -1.06297
630 636 0.0171289
631 632 13.2649
631 642 2.64699
631 671 2.87968
632 642 3.10675
632 671 1.27282
632 676 6.50247
632 686 6.21273
633 634 -1.04449
633 636 0.017121
634 636 -0.0684999
634 637 1.37951
634 640 3.45074
634 651 8.11025
634 660 1.52308
634 671 5.03612
635 638 -3.00648
635 639 -0.325718
635 647 0.862596
635 650 -0.590576
637 671 1.57464
638 639 2.25472
638 650 -0.0389131
638 651 -0.103746
638 654 0.115158
640 651 2.07515
641 657 2.70236
641 664 11.6219
643 653 1.839
643 661 5.87963
644 655 -1.28945
644 677 0.687271
645 648 -2.13919
645 649 -1.04226
646 647 -1.54777
646 649 -0.281928
646 652 0.0321161
646 662 0.0639775
647 650 -0.187239
647 662 -4.39344
647 670 -2.52745
648 649 1.68702
648 652 -0.100276
648 658 0.333973
648 659 2.57466
648 666 -0.0272348
648 668 -0.700709
648 669 -0.307392
648 673 -0.48141
648 674 -0.0580157
648 724 0.0331893
649 652 -0.0593494
649 659 0.0862345
650 654 -1.91493
650 663 0.724019
650 665 -0.717605
650 670 -0.144789
650 672 0.111557
650 675 0.0525667
650 678 -0.152634
651 654 -0.0998605
651 660 2.85347
651 665 1.53735
651 670 3.09964
651 671 12.7711
651 678 10.1921
651 688 10.0678
651 693 -3.20605
651 697 -4.17773
651 708 -0.389166
651 714 -2.27269
652 659 -0.0360747
652 662 0.00778166
652 666 0.0262727
652 674 0.0179802
653 656 2.02352
653 661 3.72771
653 669 -0.75738
654 665 -0.360678
655 657 -4.43612
655 661 -3.8164
655 664 -7.4929
655 677 -2.7566
655 682 -1.94688
655 694 -6.13593
656 668 -0.215303
656 669 -0.308991
657 664 2.27269
658 668 -1.77413
658 673 -1.55433
658 724 -0.685843
659 666 -0.125684
659 674 -0.0989091
659 680 0.203185
659 724 0.252836
660 671 5.42338
661 669 -2.752
661 682 1.94044
661 687 0.108409
662 670 0.982543
662 674 5.09596
662 684 1.66155
663 670 0.789259
663 672 0.380176
663 678 0.371736
664 667 5.19597
664 694 -3.43706
664 701 -3.91844
664 713 8.01058
665 670 0.156252
665 678 0.539485
666 674 4.65439
668 669 0.0997024
668 724 0.00872136
669 682 -4.14515
669 683 2.40008
669 687 -6.20083
669 692 1.88061
669 707 3.73241
669 718 2.93164
669 724 12.0565
670 672 5.64975
670 675 1.8026
670 678 2.96043
670 681 1.29743
670 684 7.45545
670 685 2.52745
670 703 2.95613
670 708 -2.1285
670 709 0.708759
670 710 9.1504
670 717 2.92195
670 720 1.32411
670 731 1.88061
671 676 10.9682
671 689 1.23277
671 693 -5.41957
672 675 2.66001
672 678 1.56273
673 724 1.699
674 679 10.6236
674 680 2.05626
674 684 8.28126
674 691 12.7359
674 706 4.14515
674 724 3.57445
674 725 2.93164
674 733 2.78039
674 743 3.91844
674 746 4.14515
676 686 1.06254
676 690 2.28638
676 693 -1.1737
676 695 12.2326
678 681 1.61861
679 680 4.19031
679 724 15.9278
679 725 3.01573
680 724 1.57696
682 687 0.216819
682 694 -2.27195
682 696 -4.42314
682 700 0.685881
682 702 -2.52745
682 705 0.258219
682 707 -5.53733
682 715 -2.46053
683 724 3.76961
684 685 2.78039
684 691 16.6455
684 709 1.78253
686 695 5.68914
686 698 3.86509
686 699 10.7497
687 692 -3.43706
689 693 -2.2328
690 693 -0.188739
690 695 1.55992
690 704 2.47085
691 706 4.8442
691 709 4.46348
691 722 3.67937
691 727 3.43706
691 731 0.101247
691 733 4.50027
691 736 0.483812
691 739 3.39142
693 695 -0.0306539
693 697 2.16606
693 704 -0.0279806
694 701 -2.9391
694 702 -1.66155
695 699 8.35005
695 704 5.74752
695 726 1.30083
695 738 5.75374
695 742 7.30686
695 768 1.12464
696 700 -0.191957
696 707 1.44656
697 704 0.337785
697 711 2.93365
697 712 5.09316
697 714 1.66168
697 719 -0.321795
698 699 2.31952
699 723 5.28822
699 730 0.237837
699 738 3.46617
700 707 -0.493942
700 715 -0.238213
701 702 -2.52745
701 713 -5.53733
701 716 -4.14515
702 705 -2.58569
702 713 15.1822
702 716 3.73241
702 721 3.91844
703 710 1.27684
703 717 2.87096
703 720 0.180434
703 731 15.5309
703 732 3.30615
703 741 -0.0352491
704 712 5.47873
704 726 7.61309
704 729 1.39593
704 740 8.82617
704 742 3.43706
705 713 -2.27269
705 715 -1.78253
705 721 -1.52308
707 713 4.43612
707 715 2.50272
707 718 7.80906
707 724 2.64699
707 745 5.8692
707 752 5.8692
707 753 0.804605
707 759 4.53385
708 714 -0.0544849
708 719 -3.70709
709 731 1.99372
710 717 1.51032
710 720 1.83555
710 732 0.67249
710 741 -0.0947979
711 712 0.740165
712 719 -0.83062
712 729 1.84714
712 734 6.33741
712 737 3.73241
712 740 7.76025
712 744 9.56573
712 751 5.51619
712 754 3.98203
712 764 3.57445
713 715 3.31536
713 716 1.98633
713 721 3.57445
713 735 5.75657
713 748 15.789
713 749 2.18405
713 752 6.3687
713 755 8.91347
713 770 5.78512
713 771 1.49683
713 777 7.8693
713 781 8.68818
713 786 3.20604
713 798 3.20604
713 825 0.984468
714 719 -0.923048
717 741 -0.0758685
718 724 6.72359
719 720 -3.01573
719 728 0.00778166
719 732 -5.15928
719 734 -5.06596
719 737 -4.41758
720 732 1.59464
720 741 -0.19482
722 727 1.08303
722 731 2.31952
722 733 4.44
722 736 2.66076
722 739 5.90371
722 747 4.0112
722 750 2.71175
722 757 2.23289
723 730 0.85949
723 738 0.590863
724 746 9.34471
724 753 1.02216
724 758 1.42058
724 759 3.57445
726 742 6.77767
727 739 1.60463
728 734 -3.70709
729 740 2.27269
730 738 6.1031
731 732 1.84714
731 734 4.57424
731 739 7.80789
731 757 2.58569
731 764 3.10675
731 767 9.75379
731 776 9.49302
731 782 9.09178
731 787 5.99342
731 788 3.57445
731 796 3.73241
731 801 2.71175
731 804 1.54979
731 809 5.53733
731 813 0.794069
731 820 1.39593
731 821 4.70287
731 823 2.22758
732 734 3.43706
732 741 -1.20221
733 743 3.20604
733 746 7.3555
733 747 5.00797
733 750 3.48488
733 760 2.31952
734 737 4.14515
734 751 12.8478
734 764 7.08493
734 776 7.2822
735 755 3.91844
738 768 1.95015
740 742 2.31952
740 744 3.31536
740 754 7.08031
742 754 14.8872
742 768 4.14515
743 746 4.43612
746 756 2.79827
746 758 2.41897
746 759 0.533685
746 760 3.43706
746 761 4.47125
746 762 3.01573
746 763 3.24033
747 750 7.89267
748 749 2.42363
748 755 6.2862
750 757 8.5611
750 760 1.58885
750 766 8.12442
752 759 3.31536
752 770 6.15838
752 771 1.57696
752 777 8.82426
752 781 4.14515
753 759 1.30083
754 764 1.54979
754 765 5.00621
754 768 14.0367
755 775 5.41663
755 786 3.10834
755 798 1.00226
756 761 3.61351
757 766 2.19284
757 767 2.61491
757 782 7.27906
757 792 -0.0485803
758 759 2.93164
759 762 5.72747
759 769 8.98936
759 772 3.76511
759 777 5.37885
759 799 0.297699
760 761 0.132481
760 766 0.0526858
760 774 4.04991
760 778 0.0700632
761 763 1.27785
761 773 7.07818
761 774 7.05061
762 763 1.95015
762 769 5.93295
762 773 3.51622
762 779 0.022226
763 773 3.31536
764 765 3.73241
764 768 3.92238
764 776 8.65785
764 780 3.20604
764 787 3.28041
764 788 3.01573
764 796 0.238986
764 804 1.88061
765 768 8.76367
766 774 2.93164
766 778 3.52711
766 791 2.04572
766 792 -0.0825678
767 782 16.0704
768 780 3.01573
768 785 9.28891
768 788 12.3908
768 789 3.01573
768 794 4.29906
768 802 2.72826
768 805 0.0810246
769 773 7.46482
769 777 3.31536
769 784 3.43706
769 790 1.59617
769 799 3.04488
769 800 0.144361
769 807 5.35061
770 771 0.794069
770 781 2.3987
773 774 6.42613
773 779 2.60912
773 783 5.3476
773 784 3.35949
773 793 0.500431
773 795 2.53817
773 800 1.18877
773 803 3.10675
774 778 1.81446
774 791 1.78253
774 793 4.91656
776 796 3.00969
777 781 5.98025
777 799 3.77515
777 807 7.16946
777 810 15.6466
777 825 3.20604
782 791 3.65417
782 792 -0.0315365
782 797 2.78039
782 801 7.34507
782 809 3.57445
782 811 4.8442
782 814 7.9563
782 816 17.8234
782 818 6.40652
782 821 3.57445
782 826 3.31536
782 828 2.73264
782 833 2.16323
784 800 1.39593
785 788 7.68966
785 802 6.79679
785 805 0.0338219
785 806 6.1503
785 822 5.32544
785 824 1.39593
787 796 3.32677
787 804 2.88959
788 813 7.09617
788 822 0.311043
789 794 1.43571
790 800 0.360665
790 807 3.57445
791 792 -0.0425521
791 793 1.75131
791 811 9.72562
793 795 0.55042
793 808 5.08877
793 811 7.78537
794 802 0.536404
794 805 0.122061
794 806 2.9925
795 803 1.77716
795 808 1.30083
800 803 3.73268
800 807 0.601089
800 808 1.842
800 812 3.41682
800 817 0.0243338
802 805 -0.0143893
802 806 8.56272
803 808 4.67395
805 806 0.0615169
806 822 4.16027
806 824 3.57445
806 827 2.31952
806 829 7.7245
807 810 12.5994
807 812 15.0548
807 815 0.584119
807 817 8.74867
807 830 6.06894
807 834 3.73241
808 811 12.2521
808 817 3.71507
808 819 0.89828
808 831 3.60999
810 825 1.95015
810 830 6.22145
810 832 4.8442
811 816 12.4088
811 831 4.91251
811 835 4.8442
812 815 5.12857
812 817 3.74483
813 821 5.57808
813 822 4.35397
813 823 0.369897
813 828 2.58569
813 829 6.00799
816 833 2.30133
816 835 0.849093
817 819 0.422938
817 831 3.57445
818 826 4.74332
818 828 3.20604
818 833 0.282234
820 821 2.46718
821 823 3.22984
821 828 5.57238
822 829 7.01069
826 828 0.274059
827 829 1.34772
