MULTICUT
0 7 -2.06181
0 8 -2.31952
0 11 -2.02352
0 12 -2.71175
0 16 -2.78039
0 19 -1.88061
0 21 -11.979
0 22 -2.52745
0 25 -5.42159
0 26 -3.43706
0 28 -3.46472
0 33 -5.0549
0 34 -0.517023
0 35 -2.18405
0 38 -0.0544849
0 39 -3.01573
0 40 -0.962998
0 43 -3.43706
1 5 0.924411
1 6 0.794069
1 29 -0.687271
1 31 -7.2338
1 45 -4.78636
1 54 -3.71228
1 72 -3.73241
1 82 -4.8442
1 83 -9.34453
1 94 -1.78253
1 96 1.14578
1 100 -3.43706
1 103 -0.0328614
2 5 1.81446
2 23 -1.00226
2 31 -5.90104
2 41 0.992649
2 57 1.47101
2 58 -1.66155
2 59 2.52745
2 60 -1.92871
2 63 -3.24672
2 76 0.467445
2 78 -5.79612
2 88 -0.635286
2 91 -0.982543
3 7 -1.60463
3 17 -1.23277
3 18 -8.76265
3 27 -5.53733
3 30 -4.43612
3 36 -4.14515
4 43 2.22302
4 52 -13.956
4 162 -4.8442
4 223 -7.3555
4 286 -4.14515
4 299 0.996993
4 316 1.57326
4 327 -9.90124
4 329 1.34799
4 337 1.49175
4 348 2.91301
4 401 0.0873825
4 410 -7.16946
4 452 -3.86598
4 485 -14.5267
5 31 -4.14515
6 29 -0.418426
6 37 -3.91844
7 8 -1.14578
7 30 -2.52745
7 38 -2.47197
7 47 -3.43706
8 38 -1.75131
9 13 -3.91844
9 44 2.56181
9 240 -3.01573
9 268 6.13769
9 340 -3.55569
9 407 -3.01573
9 441 3.20604
9 756 -0.635286
10 15 -0.517023
10 37 -3.20605
10 45 -1.57696
11 12 -0.533685
11 38 -1.54979
12 16 -0.242411
12 38 -2.78039
13 14 4.69773
13 20 -1.88061
13 44 -4.14515
13 53 -0.451047
13 65 -2.41897
13 99 -3.18769
13 107 -0.720936
13 140 -0.982543
13 141 4.16551
13 144 -5.45032
13 185 -0.616747
13 193 -5.56522
13 217 -4.43612
13 222 -2.63508
14 20 -2.18405
14 53 -2.01847
14 58 -4.14515
14 65 -2.14198
14 70 -1.56693
14 71 -0.924411
14 92 -1.63282
14 99 -2.27269
14 107 -2.13145
14 140 -0.157427
14 141 1.54741
15 17 -2.89042
15 45 -0.163779
16 19 -1.10372
16 38 -3.57445
17 18 -0.00844388
17 24 -0.00934777
17 32 -0.825253
17 42 1.46449
17 45 -2.01282
17 46 -1.06843
17 61 -8.35456
17 72 -2.78039
17 87 0.512706
18 24 2.82368
18 32 -0.218013
18 36 3.01573
18 42 -0.00312643
19 21 -1.14578
19 38 -1.12464
21 22 -0.148121
21 38 -3.73241
21 48 -14.8783
22 25 -1.47101
22 48 -2.52745
23 58 -3.57445
24 32 -0.794622
24 36 1.18877
24 42 -0.0047749
24 55 2.2642
24 66 -7.16108
24 73 -2.81449
24 74 -3.57999
24 79 -1.27785
24 109 0.561207
24 119 -0.0544849
24 136 -2.85347
24 137 -2.31952
25 26 -0.101248
25 28 -0.305845
25 48 -4.8442
25 56 -7.34925
26 28 -0.704796
27 30 -0.242411
27 36 -1.45305
27 38 -0.652519
27 47 -1.19342
27 69 -0.289934
28 33 -1.60463
28 50 -4.98444
28 56 -2.14198
29 37 -4.14515
29 45 -0.618144
29 49 -2.47197
30 47 -2.47197
31 54 -0.652519
31 57 -7.59348
32 42 -0.566291
32 55 -0.111593
33 34 -1.98633
33 50 -3.20605
33 51 -0.794069
34 35 -0.369897
34 51 -0.56723
34 52 -0.289934
35 39 -0.210882
35 52 -2.58569
36 69 -1.12464
36 74 -1.78253
36 79 -1.69086
36 93 -3.91844
36 113 -4.20858
36 116 1.43698
36 121 -2.36822
36 123 -2.85347
36 150 -3.91844
36 159 -7.30121
36 171 -3.73241
36 181 1.57208
36 183 -3.20605
36 186 -0.83062
36 191 -4.14515
36 199 -1.84714
36 203 3.92742
36 214 -1.16915
37 45 -1.10372
37 49 -0.386023
38 47 -3.228
38 48 -1.99692
38 62 -4.14515
38 69 0.652519
38 85 -0.732143
38 86 0.0337342
38 93 -0.36778
38 97 -0.49335
39 40 -0.775982
39 52 -7.2519
40 43 -3.20605
40 52 -0.533685
41 78 -2.22758
42 46 -2.21827
42 55 0.927921
43 52 -2.85347
43 401 0.00456232
44 222 -3.10675
44 240 -13.8336
45 49 -1.55866
45 72 -1.32411
46 55 -1.10372
46 61 -8.9367
46 77 -3.8181
46 84 -0.351748
46 87 -0.72308
46 95 -4.8442
48 56 1.43194
48 62 -9.11179
48 67 -2.78039
50 51 -2.8598
50 56 -1.28865
50 68 -0.148121
51 52 -2.14198
51 68 -0.55042
51 80 -0.81228
52 64 -0.637294
52 80 -3.91844
52 81 -2.5847
52 89 -3.73241
52 90 -0.58548
52 110 -3.91844
52 127 -3.75066
52 132 -7.38447
52 157 -0.254533
52 174 -4.2797
52 177 5.37276
52 188 -2.58569
52 198 -2.10127
52 216 0.00135373
52 221 -0.635286
52 223 2.90968
52 237 -3.228
53 65 -2.22758
54 57 -1.42058
54 82 -2.22758
55 73 -3.56846
55 77 -6.47776
55 95 -3.01573
55 108 -5.20341
55 109 0.888515
56 67 -3.31536
56 68 -2.41897
56 75 -3.34818
56 86 3.31624
56 89 -3.91844
56 105 1.95015
56 106 -2.27269
56 120 -0.418426
56 124 -14.5267
57 82 -14.4096
57 91 -1.33219
57 96 0.758015
57 111 -2.31952
57 125 -4.43612
58 59 -3.57445
58 71 -0.962998
59 63 -2.31715
59 71 -1.16715
59 92 -1.12464
59 98 -3.57445
59 104 2.22758
60 78 -1.88061
60 91 -1.60463
61 84 -3.57445
62 67 -2.22758
62 86 -4.14515
63 76 -3.19691
63 98 -1.78253
66 74 -0.467445
67 86 -8.2903
68 80 -2.14198
68 89 -2.14198
69 93 -1.44559
71 92 0.038913
72 87 -3.91844
72 94 -1.16715
74 79 -0.669846
76 88 -0.418426
76 98 -1.30083
77 95 -0.982543
78 88 -6.64537
78 91 -7.35241
78 145 -0.321795
79 119 -0.00778178
79 121 -1.16715
80 89 -0.867703
81 90 -1.25517
82 96 -7.83689
83 96 -4.84105
83 103 0.566546
84 87 0.242488
84 95 -3.01573
85 93 2.4301
85 97 2.30281
86 97 -1.77398
86 101 0.237416
86 117 -1.34772
86 120 -0.418426
87 94 -0.867703
87 95 -3.31536
87 100 -2.78039
87 112 -2.78039
87 114 -0.386023
87 115 -1.32411
87 126 -8.93895
87 134 1.27555
87 135 0.369897
87 170 1.49164
88 98 -6.47027
88 122 -4.14515
88 145 -4.8442
88 154 -0.943623
89 110 -0.179458
91 102 -2.7336
91 111 -0.163779
91 118 -2.58569
91 128 -3.20605
91 129 -2.47197
91 145 -4.14515
92 104 -7.00896
92 141 -2.27269
92 160 -0.483906
93 97 0.310349
93 151 5.26898
93 153 2.32817
93 171 -1.75131
93 172 -0.0328692
93 187 -1.72077
94 100 -0.849093
95 108 -1.18877
95 112 -1.27785
95 115 -3.57445
96 103 -0.0389131
96 125 -3.57445
96 143 -9.45578
96 152 -3.91844
97 101 -8.17494
97 139 3.66871
97 151 2.06181
98 104 -2.10127
98 122 -0.101248
99 107 -0.81228
100 103 -2.02352
100 114 -0.0389131
101 117 -1.88987
101 131 -1.76739
101 139 -0.584119
101 156 -0.849093
101 162 1.25517
102 111 -0.704796
102 118 -1.32411
103 114 -4.63419
103 143 -3.93648
103 147 -4.43612
103 158 -2.31952
103 168 0.500431
104 122 -7.64217
104 145 -3.01573
104 149 -2.9109
104 154 2.47197
104 160 -1.52308
104 168 2.85347
104 175 -5.68358
104 182 -1.34772
104 184 -2.92831
104 194 -0.226632
104 197 -2.56872
104 208 1.10372
104 230 -3.57445
104 231 -4.8442
105 110 -4.14515
105 124 -4.43612
105 132 -13.953
105 148 0.693732
105 162 0.775595
105 173 -2.27269
105 180 -3.35241
105 188 -2.22758
105 285 -0.000387231
106 120 -6.14715
106 124 -3.40953
108 109 -2.71175
108 115 -8.49563
108 135 -7.41371
109 135 0.618144
109 136 -2.02352
110 132 -0.195158
111 118 -0.242411
111 125 -1.47101
111 130 -2.93164
112 115 -0.56723
112 126 -0.886457
113 116 -3.31408
114 134 -1.21064
114 147 -1.88061
114 170 -2.27269
115 126 -0.905358
116 123 -3.10675
116 142 -11.2343
116 150 -9.39517
116 159 -4.13697
116 176 -1.34772
116 181 -1.46724
116 203 0.0157796
117 120 -0.148162
117 131 -0.0740812
118 128 -1.80668
118 129 -2.14198
118 130 -1.95015
118 145 -2.58569
118 146 -3.54979
118 166 -0.635286
119 121 -0.635286
119 137 -4.06467
119 138 -0.00778178
120 124 -3.57445
120 131 0.522457
120 148 1.42058
120 163 -0.867703
120 165 -4.22284
121 123 -1.02216
121 138 -1.81688
121 142 -0.849093
121 176 -1.98633
122 149 -1.69086
123 142 -0.994985
124 148 -11.5684
125 130 -2.22758
125 133 -0.0856503
125 152 -3.43706
128 129 -0.226632
129 145 -1.08303
130 133 -3.57445
130 146 -1.02216
130 155 -2.58569
131 156 -1.95015
131 163 -0.386023
132 188 -0.132481
133 152 -4.43612
133 155 -0.500431
133 179 -1.88061
134 170 0.533685
135 136 -1.91493
135 161 1.35103
135 170 4.78636
135 195 -0.775982
136 137 -0.56723
136 161 -0.867703
137 138 -1.30083
137 176 -10.4781
138 176 -0.775982
139 151 2.78039
139 162 -1.10372
140 141 -1.25782
141 160 -3.38171
141 175 -2.93164
141 182 -6.14598
141 185 -0.631225
141 217 -5.92768
141 224 -0.775982
142 176 -2.47197
143 152 -0.794069
143 158 -0.794069
143 178 -3.57445
145 154 -8.46898
145 166 -1.04226
145 168 -2.85347
145 179 -5.57864
145 184 -2.31952
145 194 -2.22758
146 155 -0.533685
146 164 -0.434708
147 168 -2.52745
147 169 -1.06254
147 170 -3.31536
148 162 1.72038
148 165 -2.64699
148 167 -2.288
148 173 -3.66862
148 285 -0.000387231
149 154 -0.55042
150 159 -0.369897
151 153 7.17441
151 162 -1.79008
151 172 -0.095801
151 200 -0.119789
151 207 1.65515
152 178 -4.8442
152 179 -3.31536
153 172 -0.0856823
153 187 -9.80823
153 200 -0.092606
155 164 -1.08303
155 179 -0.635286
156 162 -3.31536
156 163 -0.962998
157 174 -1.84714
157 177 -0.610314
158 168 -11.6057
158 178 -3.32743
159 181 -0.669846
159 186 -1.49683
160 175 -0.305845
161 176 1.273
161 195 -0.0856503
162 163 -0.601089
162 165 -6.58588
162 167 -2.47197
162 180 -1.66155
162 188 -1.14578
162 207 -4.14515
162 211 5.68884
162 216 4.37459
162 236 0.799857
162 275 -0.673205
162 281 0.00361041
162 284 2.2155
162 285 -0.00548111
162 286 -1.02216
162 288 -4.8442
162 296 -0.88581
162 297 -0.202556
162 298 1.45421
162 305 6.62678
162 306 -3.20605
162 313 4.11608
162 320 0.253957
162 326 -3.49963
162 327 1.27706
162 334 -0.517023
162 336 -0.134736
162 369 0.369449
163 165 -3.57445
164 166 -0.179458
164 179 -9.68841
165 167 -1.75131
166 179 -1.95015
168 169 -3.73241
168 178 -5.52345
168 179 -1.48097
168 189 -2.78039
168 190 -3.43706
168 194 -0.369897
168 204 -2.93164
168 212 -0.00778178
168 218 -0.669846
168 231 -5.53733
168 232 -1.95015
168 233 -9.35352
168 234 -0.738336
168 235 -3.43706
168 238 -3.91844
168 241 -2.06181
169 170 -2.64699
169 189 -1.12464
170 189 -6.87411
170 195 -1.048
170 201 1.94997
170 202 -0.601089
170 203 2.85347
170 205 -1.81446
170 213 3.13421
170 246 -2.47197
170 249 -4.8442
171 183 -0.601089
171 187 -2.36822
173 180 -1.10372
174 177 -2.10127
175 182 -0.467445
176 181 0.540854
176 192 -4.8442
176 195 -0.0654466
176 196 1.08559
176 201 0.598054
176 203 2.29087
176 205 -1.81446
176 206 -0.905358
176 209 -3.64434
177 188 -2.47197
177 198 -2.10127
177 216 0.0167962
177 221 -1.48134
177 223 1.99119
178 179 -1.42058
181 192 -6.45965
181 203 0.114652
182 197 -4.83285
182 208 -1.32411
182 224 -0.740165
182 227 -1.91493
183 187 -2.14198
183 191 -1.16715
184 194 -1.49683
185 193 -2.02352
187 191 -3.57445
187 199 -1.44559
187 200 -4.43612
187 210 -3.57445
187 215 -0.0989773
187 220 0.217054
187 229 -0.704796
187 243 -1.01925
188 216 -1.34772
189 190 -1.04226
189 202 -2.06181
190 202 -3.10675
190 204 -0.635286
191 199 -1.42058
192 203 -2.64699
195 201 -0.261786
197 208 -0.601089
199 210 -2.36822
199 214 -2.14198
200 207 -0.424905
200 220 -7.56758
201 205 -1.25517
202 204 -2.78039
202 213 -0.467445
203 205 -1.98633
203 206 -1.11112
203 209 -4.05692
203 214 -0.428986
203 249 -3.91844
203 250 -6.41209
203 253 -1.85661
203 254 -11.1309
203 256 -4.8442
203 257 -5.56078
203 258 -4.14515
204 212 -2.14198
204 219 -1.25517
206 209 -0.500431
207 220 -2.85347
207 236 -4.99232
208 226 -1.78253
208 228 -7.11429
208 230 -2.18405
210 214 -4.43612
210 225 -1.27785
210 229 -2.78039
211 285 -0.000387231
211 336 -0.0272127
212 218 -1.09398
212 219 -1.49683
212 242 -2.27269
212 244 -4.43612
213 219 -1.95015
213 244 -5.40361
213 245 -3.73241
213 246 -3.91844
213 252 -2.93164
214 225 -2.85347
214 239 -1.16841
214 258 -4.8442
214 260 -3.20605
215 229 -0.55042
215 243 -1.66155
216 223 -0.00128378
216 275 -0.673205
216 285 -0.00116169
217 222 -2.06181
217 224 -0.101248
217 240 -9.26974
217 247 -2.85347
218 241 -8.06359
218 242 -3.20605
219 244 -0.483906
220 236 -3.22896
220 243 -0.434108
220 265 -2.18405
220 267 -5.06596
220 274 -2.14198
221 223 -1.51555
222 240 -1.16715
223 237 -4.08685
223 275 -2.38329
223 286 -0.584119
223 288 -3.73241
224 227 -4.14382
224 247 -0.274059
225 229 -5.88172
225 239 -3.10675
225 262 -2.02352
226 227 -1.93037
226 228 -1.39593
226 248 -3.10675
227 240 -3.31536
227 247 -11.3833
227 248 -3.57445
227 255 -3.17189
227 289 -3.01573
227 302 -0.148121
228 230 -0.867703
228 248 -2.14969
228 251 -1.04226
228 255 -1.81446
229 243 -0.813301
229 263 -1.88061
229 265 -1.34772
230 231 -1.34772
230 251 -0.56723
231 232 -1.63282
231 251 -1.88061
231 259 -5.53733
232 233 -0.81228
232 259 -1.44559
233 234 -2.58569
233 259 -6.46467
234 235 -2.52745
234 259 0.136475
234 303 0.0102666
234 307 0.00137977
235 238 -1.18877
235 259 -5.53733
236 274 -0.386023
236 281 1.85031
236 336 0.309319
238 241 -0.618144
238 259 -4.43612
239 260 -3.01573
239 262 -7.4929
240 247 -0.0836883
240 266 -4.8442
240 277 -6.72761
240 302 -3.20605
240 310 -4.09676
240 311 -3.91844
240 318 0.321795
240 321 -2.10127
240 341 0.195196
240 345 2.81476
240 353 -3.46472
240 392 -0.0017844
240 407 1.4932
241 242 -0.652519
241 259 -7.14891
241 261 -2.93164
241 269 -4.14515
242 244 -1.49683
242 261 -1.25517
243 265 -3.81968
244 245 -1.27785
244 261 -5.22924
244 271 -8.41866
244 279 -1.21064
245 252 -0.418426
245 264 -0.226632
245 271 -1.75131
246 249 -1.54979
246 252 -0.467445
246 264 -0.101248
246 272 -2.10127
248 255 -1.12194
249 250 -0.722426
249 272 -3.73241
250 253 -0.369897
250 272 -6.44589
251 255 -0.0389131
251 259 -1.49683
251 276 -2.58569
252 264 -0.434708
253 254 -0.179458
253 270 -1.08303
253 272 -1.00226
253 273 -1.37165
254 256 -0.55042
254 273 -9.77514
255 259 -1.14578
255 276 -3.9896
255 289 -0.584119
256 257 -1.12464
256 273 -4.8442
257 258 -1.44559
257 273 -2.47197
257 291 -3.73241
258 260 -0.00778178
258 291 -4.43612
259 269 -1.20906
259 276 2.63535
259 278 -0.327167
259 279 -4.43612
259 289 -1.63282
259 300 1.83865
259 303 0.357387
259 307 0.0177155
259 308 -0.163779
259 309 -3.37022
259 314 -4.8442
259 323 -5.56522
259 324 -0.624671
259 338 -5.40123
259 342 -7.68355
259 360 0.758015
259 374 -1.02216
260 262 -1.57696
260 282 -1.25517
260 291 -3.31536
261 269 -0.607616
261 279 -3.01573
262 263 -1.49683
262 280 -1.23026
262 282 -3.31536
263 265 -1.75131
263 280 -0.402198
263 283 -1.88061
264 271 -1.52308
264 272 -1.52308
265 267 -1.06254
265 283 -3.63881
265 287 0.00778166
266 277 -2.31952
267 274 -4.46114
267 287 -1.75131
269 279 -3.91844
270 272 2.06181
270 273 0.369897
271 272 0.353819
271 279 -2.47197
272 273 0.258219
272 279 -7.26317
272 290 -0.274059
272 293 -2.02352
272 294 -2.73654
272 314 -2.41897
272 317 4.71493
272 319 -4.4615
272 323 -3.31536
272 338 -1.60463
272 347 2.41897
272 349 3.24995
272 363 -1.91493
273 291 2.51286
273 293 -7.83559
273 294 1.73553
273 304 2.31952
273 325 -1.31188
273 328 -2.41897
273 331 1.98633
274 281 -6.62036
274 287 -1.42058
274 301 0.038913
275 288 -2.64699
276 303 0.0102666
276 307 0.00137977
277 310 -0.55042
278 303 -0.0551627
278 307 -0.0049921
278 308 -0.618144
279 314 -0.0544849
280 282 -1.49683
280 283 -2.27269
280 292 -1.02216
281 301 -5.53733
281 336 4.30742
281 366 -2.31952
281 369 -0.0752843
281 380 3.10675
281 391 -1.42058
281 398 2.41627
281 426 -2.02352
281 437 -0.0210637
281 446 2.19827
281 458 0.179052
282 291 -0.64559
282 292 -3.3231
283 287 -2.31528
283 292 -2.22758
283 295 -0.490389
283 301 -0.337785
284 285 -0.000449364
284 296 -1.32171
285 296 -0.0318376
285 298 -0.000795997
285 326 -0.128637
285 327 -0.000795997
286 288 -2.22758
287 301 -2.22758
289 300 -3.57445
289 302 -0.740165
290 293 -0.635286
290 294 0.984732
291 292 -1.98633
291 304 1.60463
291 325 -1.49683
291 331 2.37972
291 332 -1.36432
291 333 -5.53733
291 356 -0.944575
291 357 -2.06181
291 361 -0.339338
291 372 -11.3703
291 376 0.608091
291 405 -0.00138157
292 295 -2.96715
292 301 -4.73848
292 333 -1.39593
293 294 -1.63282
294 312 -2.70076
294 315 0.669846
294 319 -0.729877
294 328 -2.47197
295 301 -1.08303
296 297 -1.31163
296 326 -0.128637
297 306 -0.818871
297 326 -13.3132
298 305 3.22232
298 326 -4.88238
298 336 -0.0544254
299 316 1.9408
299 322 -10.0299
299 335 -2.445
299 401 0.013687
300 302 -3.57445
300 303 0.0102666
300 307 0.00137977
300 311 -4.8442
300 321 -6.88763
300 324 -0.684366
300 345 -0.740165
301 333 -5.85602
301 357 -0.402198
301 365 0.0779014
301 366 -5.41527
301 372 -2.71175
302 311 -0.226632
303 307 0.018239
303 324 0.335558
303 330 -0.136488
303 346 0.481939
304 325 -0.867703
305 313 5.45914
305 326 -3.91844
305 336 -0.0544254
306 326 0.408671
307 308 -0.775982
307 324 -0.0024005
307 330 -1.34034
307 339 -0.472636
307 351 -0.472883
308 309 -0.0732386
308 339 0.292959
309 339 -1.49647
309 342 -1.57696
311 321 -0.305845
312 315 -2.58569
312 319 -0.775982
312 354 -1.32411
313 320 2.36181
313 326 -3.57445
313 336 -0.232233
313 343 -3.91844
313 369 7.17541
313 373 2.55235
313 400 -0.161924
313 421 2.0925
314 323 -0.258219
315 328 -3.57445
315 352 -0.982543
315 354 -2.86316
316 322 -6.1488
316 329 2.06181
316 344 -1.42058
316 350 -4.9475
316 401 0.013687
317 319 -1.78253
318 321 -2.58569
318 345 0.886457
319 347 -1.60463
319 354 -0.242411
320 336 -0.0898981
321 345 -7.30686
322 335 7.07702
322 344 2.24177
322 418 -2.93164
322 425 1.39658
322 455 0.00474903
322 521 -0.454518
323 338 -0.467445
324 345 -3.89631
324 346 1.61626
324 411 -0.548888
325 331 -2.15039
326 327 -3.91844
326 334 -8.35456
326 343 1.26576
326 355 -0.73434
326 362 -0.386828
326 364 -9.04705
326 384 0.982543
326 406 -0.924411
327 334 -0.958364
327 364 0.115904
327 367 -2.73811
327 409 -2.5388
327 410 2.06181
327 412 0.231809
328 331 -3.01573
328 352 -0.56723
329 337 2.78039
329 350 -4.14061
329 401 0.00912464
330 339 -3.20605
330 346 0.660238
330 351 -3.73241
331 332 -0.463201
331 352 -2.52745
331 354 -2.85347
331 356 -0.086001
331 361 -0.53672
331 376 0.0157803
331 382 1.25517
331 394 -2.93164
331 397 -0.553096
333 357 -1.08303
334 367 -0.451047
336 369 -7.75048
336 380 0.794069
336 398 0.152724
336 399 0.214546
336 446 0.543387
336 456 0.214369
336 458 0.07496
337 344 -1.14578
337 348 2.85347
337 350 -0.924411
337 358 -6.50801
337 401 0.013687
338 349 -7.69487
338 371 -0.451047
339 342 -2.18405
339 346 -6.6637
339 351 2.01523
339 359 -0.135766
339 360 1.14427
339 370 -4.27876
339 377 -6.03839
339 385 -5.1562
339 414 -4.43612
339 420 -10.3815
339 436 1.80285
340 368 -1.49683
340 383 -2.06181
340 416 -5.78591
340 438 0.451047
340 441 -0.924411
340 454 -4.3345
340 756 -1.47101
341 345 0.333895
341 353 -1.25517
341 392 -0.00158251
342 359 -0.386023
343 362 -0.966074
343 373 -5.96235
344 348 -10.5577
344 350 3.91109
344 358 4.68589
344 379 1.42344
344 418 -0.981324
344 422 2.05916
344 425 0.0061118
344 444 -2.27269
344 455 0.258714
344 521 -0.0664036
344 583 0.00596779
345 353 -1.00226
345 392 -0.00717379
345 395 0.327211
345 407 0.00854529
345 411 3.26403
345 433 -2.85347
346 385 0.132481
346 411 -3.3373
346 434 -2.46776
346 436 -5.39396
346 442 -5.75621
347 354 -6.01971
347 363 -2.89854
347 375 0.94064
347 378 -8.46768
347 387 -2.69112
347 388 -2.71175
347 393 -0.584119
348 379 -14.1155
348 401 1.17389
348 413 -12.8859
349 363 -1.39593
349 371 -2.78039
349 374 -1.84714
349 375 -1.44559
349 381 -2.71175
349 386 -1.78253
349 389 -1.16715
349 390 -1.63773
350 358 2.18405
352 354 -0.116857
354 378 -2.51278
354 382 -2.18405
354 388 -1.54979
354 394 -1.60463
354 404 -5.15782
355 364 0.488053
355 384 -2.02352
356 376 -0.226632
357 372 -0.517023
359 360 -0.14153
359 377 -1.91493
360 374 -4.877
360 377 -17.9637
360 402 -2.93164
360 432 -3.91844
360 436 2.37828
360 450 -1.42058
360 463 -1.02216
361 376 -0.105733
361 382 -0.764644
362 373 -3.34609
362 406 -0.116857
362 428 2.07577
363 375 -0.330321
364 384 -6.34961
364 406 -4.14515
364 412 0.264126
364 428 -2.58569
364 435 -8.12633
364 448 -4.43612
364 456 -14.5267
364 460 1.20806
364 465 -2.07169
364 488 -0.498747
364 526 -6.93845
364 561 1.91304
364 563 -7.38447
364 574 -0.418426
364 578 -2.57162
364 599 -0.0827852
364 602 -0.540036
365 366 -5.3901
365 372 -14.5348
365 391 -5.56078
365 426 -1.73374
366 391 -1.06254
368 383 3.8095
368 403 -2.47327
368 466 0.315424
368 756 -0.47811
369 399 -6.77191
369 421 0.515578
371 374 -2.70747
372 376 -4.14515
372 424 -0.924411
372 426 -4.8442
373 400 -3.40624
373 421 0.184766
373 428 -0.101248
373 448 -4.8442
374 389 -0.669846
375 381 -1.21923
375 387 -2.39382
375 396 -1.34772
376 382 -0.0242796
376 405 -0.0055913
376 408 0.0175513
376 424 -2.31952
376 431 -0.0155876
377 414 -2.65993
378 388 -0.794069
379 413 2.47197
379 422 2.55157
379 427 0.92503
379 449 0.810614
379 548 0.007548
379 583 0.0549097
381 390 -4.67052
381 396 -2.58569
382 394 -10.3815
382 397 -4.22328
382 404 -2.78978
382 408 -1.35436
382 417 -10.3815
382 431 2.71175
382 440 -0.669846
382 451 1.59757
382 464 -2.10127
383 403 -2.27269
383 416 1.37055
383 461 -3.91844
383 466 2.46147
383 495 -0.0307428
383 504 0.294911
383 529 3.78468
383 537 -0.163779
383 540 1.34772
383 756 -0.905358
384 406 -0.483906
386 389 -0.584119
386 390 -1.18877
386 415 -1.69086
387 393 -1.69086
387 396 -4.78718
388 393 -2.41897
388 404 -2.18405
389 402 -0.55042
389 415 -2.41897
390 396 -1.25314
390 415 -3.53485
390 430 -0.982543
391 426 -0.601089
392 395 -0.000571498
392 407 -0.314612
392 419 -3.43706
393 396 -0.208637
393 404 -0.740165
394 397 -2.58569
395 407 0.0038005
395 419 -0.402198
395 423 -0.0567734
395 433 -0.116514
395 447 0.466048
396 404 0.0700632
396 429 -1.19627
396 439 -3.43706
398 399 0.0515044
398 446 0.0401278
398 456 0.383258
398 458 2.27227
398 543 -0.313639
399 421 -5.39396
399 456 2.01363
400 421 -0.10756
401 413 -2.18405
401 427 -15.5284
401 452 2.06897
401 462 -7.80906
402 415 -1.88061
402 432 -1.27785
403 466 -2.76013
404 429 -2.31076
404 464 -2.18405
405 408 -0.475908
405 431 -1.1187
406 428 -1.94962
407 419 -0.79465
407 438 -1.78253
407 441 -2.64699
407 467 0.00778166
408 417 -5.53733
408 431 -1.54979
409 410 -2.77184
409 412 -1.25517
410 412 0.179457
410 435 -6.44416
410 445 -3.66315
410 470 -2.74469
410 485 0.202518
410 489 2.38621
410 493 -1.06254
410 498 -2.19103
410 505 0.412873
411 433 -8.28354
411 436 -0.794069
411 490 -8.39081
411 515 -5.652
411 522 1.75443
412 435 -1.42058
413 427 5.46111
414 420 -0.305845
414 436 -4.43612
415 429 -1.47101
415 430 -2.85347
415 432 -5.55126
415 439 -4.8442
415 450 -2.52745
415 459 -1.12464
415 477 -0.55042
415 481 -1.60463
415 484 -0.635286
415 507 -2.41897
415 509 -3.91844
415 510 -7.33266
416 453 2.90483
416 454 6.54069
416 461 -0.483906
416 472 -4.22827
416 495 0.0216783
417 440 -2.85347
418 425 -1.83321
419 423 -5.96235
419 438 1.54979
420 436 -11.0747
421 448 -3.91844
421 456 -4.20181
421 460 0.78174
421 465 -0.418426
421 488 -0.193397
422 444 -2.40881
422 449 0.799287
422 455 0.513266
422 471 -3.01573
422 491 2.85347
422 492 0.087934
422 497 -1.66155
422 506 0.257202
422 512 -1.672
422 521 0.0902574
422 533 -5.15298
422 536 1.26357
422 548 0.0108451
422 567 -3.73241
422 576 2.93343
422 583 0.922757
422 631 0.00525567
423 438 -18.3791
423 447 -0.227103
423 527 -3.99925
423 560 -0.0567782
423 584 -8.58127
423 644 5.62501
423 646 -5.53733
423 657 8.91312
423 666 -4.14515
423 677 4.51378
423 695 -1.62921
423 704 -5.53733
423 712 -4.8442
423 718 -0.01272
424 426 -1.14578
424 431 -1.60463
424 443 -1.42058
425 455 0.00403913
425 497 -3.57445
425 521 -1.28429
426 437 -17.5711
426 443 -5.53733
426 457 -3.46472
426 468 0.584119
426 474 -2.93164
426 475 -1.27785
427 449 2.65154
427 462 2.2462
427 476 1.43286
427 494 -0.0161835
427 502 0.202953
427 503 -0.42752
427 535 -2.22758
427 548 0.441191
427 552 6.42211
427 596 1.25333
428 448 -3.08209
429 439 -13.6969
429 464 -4.73957
429 484 -0.148121
430 439 -2.64699
431 440 -2.18675
431 443 -3.73241
431 451 2.96601
431 457 -1.23277
431 473 -0.255347
431 486 0.982543
431 487 -2.14951
431 513 -4.89567
431 516 -2.02352
432 450 -1.18877
433 447 -5.57614
433 508 3.22684
433 515 -0.168448
433 589 -0.00745033
434 436 -6.06043
434 442 -2.58569
435 501 -3.53523
435 505 -2.71175
435 511 -1.25517
435 526 1.07857
435 621 -0.0044625
436 442 -0.0544849
436 463 -1.78253
436 490 -21.0479
436 499 -1.52308
437 446 0.115222
437 458 -0.476924
437 468 -0.132481
438 441 -1.88061
438 454 -6.99862
438 467 -3.96916
438 514 -6.39399
438 527 -2.63124
438 613 -0.427375
438 656 -0.644398
438 666 2.31952
438 670 -2.74908
441 467 -2.78039
443 457 -1.14578
445 470 -1.06254
446 458 0.292141
447 508 -1.86689
447 560 0.487106
448 465 -1.44559
449 471 -0.73357
449 476 0.00739961
449 491 0.468836
449 492 1.55536
449 503 -1.10557
449 548 0.160682
449 596 0.870193
449 631 0.000935789
450 459 -3.31536
450 463 -4.43612
450 478 -1.23277
451 464 -2.36822
451 473 -0.382621
452 462 -5.85751
452 469 -6.42793
452 479 -2.58569
452 485 -1.54979
453 461 -2.14198
453 472 -4.43612
453 495 0.594285
453 546 0.133705
453 547 0.601089
453 549 -2.10127
453 550 0.982543
453 582 -2.27269
453 597 -0.270929
453 604 2.32446
453 614 0.126518
453 619 -13.4404
453 640 -2.30048
454 472 -3.7264
454 514 1.5863
454 550 6.60205
454 557 -9.26974
454 601 3.20896
454 612 0.0804577
455 497 -0.601089
455 521 -0.0464798
455 583 0.0704455
456 488 -7.22819
456 543 -1.09068
456 578 -1.18877
457 474 -2.41897
457 487 -1.84714
458 468 -8.39629
458 528 -4.9539
458 543 -0.268774
458 559 -4.13352
458 573 0.864861
458 608 -0.0175137
459 477 -0.0700634
459 478 -2.36822
459 483 -0.83062
460 465 -0.509976
460 488 -0.922128
461 495 -3.14559
461 504 -3.57445
462 469 1.43004
462 494 -0.499942
463 478 -2.27269
463 480 -0.533685
463 499 -6.85509
464 473 -1.00226
464 484 -2.85347
464 486 -2.36822
466 756 -2.34532
468 475 -4.13456
468 482 -1.42058
468 496 -2.58569
468 525 -3.20605
468 528 1.18877
469 479 -0.0761737
469 494 -0.475925
470 489 -0.704796
470 493 -1.10372
471 491 -1.08303
472 547 -3.43706
472 549 -0.418426
472 550 -2.93164
473 486 -0.434708
474 475 -2.22758
474 482 -1.14578
474 487 -4.43612
475 482 -0.982543
476 503 -0.208892
476 548 0.0307204
477 481 -1.4818
477 483 -0.761302
477 507 -4.41467
478 480 -1.69086
478 483 -1.44559
478 507 -1.91493
479 485 -21.4562
479 494 4.98076
479 520 4.4615
479 539 1.61016
479 571 -0.905358
479 575 0.0833852
479 598 -4.14515
479 617 2.46596
480 499 -3.05748
480 507 -2.36822
481 507 -5.73349
482 487 -1.72077
482 496 -0.669846
483 507 -5.90902
484 486 -0.0389131
484 510 -2.36822
485 489 0.405035
485 539 -4.8442
486 510 -3.10675
486 513 -3.01573
487 500 -0.548256
487 516 -2.27269
487 517 -2.47197
487 524 -2.93164
487 525 -2.18405
489 493 -1.52308
489 498 -1.74155
489 505 0.419174
489 519 1.63469
489 539 -11.7827
489 551 -3.01573
489 556 -3.93391
490 499 -0.83062
490 522 -4.14515
490 530 -20.7731
491 492 1.96993
491 512 -0.0461113
491 548 0.00721346
491 631 0.000935789
492 512 -0.0792032
492 548 -0.162611
492 567 -6.13511
492 576 0.184417
492 583 0.0528955
492 594 -7.36776
492 596 -0.767367
492 630 -0.0358655
492 631 0.134193
493 498 -0.148121
494 502 2.34803
494 520 0.353819
494 535 -1.23277
494 552 1.06208
494 571 -1.00226
494 579 -0.250261
494 595 2.43124
494 603 0.321795
494 605 -2.36822
494 615 2.56361
494 617 3.73241
494 628 -0.00649549
494 635 -3.87517
494 649 2.48521
494 668 -3.20605
494 675 1.08172
495 504 -0.0134475
495 529 0.0120257
495 546 0.266292
496 500 -1.78253
496 525 -0.982543
497 506 -2.02352
497 521 -0.242411
499 507 0.226632
499 518 -7.46482
499 523 -3.91844
499 530 -3.10675
500 525 -6.28714
501 511 -1.08303
501 526 -2.93164
502 535 -1.44559
504 529 0.235453
505 511 -3.31536
505 519 0.0126005
506 521 1.38387
506 583 0.0195483
507 509 0.038913
507 531 -2.36822
507 534 -12.3871
508 515 -1.46698
508 560 -3.96916
508 584 1.95504
508 589 -0.369817
509 510 0.451047
509 534 -3.10675
510 513 0.775982
510 534 -9.83973
510 538 -4.43612
511 519 -3.31536
511 526 -1.23277
511 544 -0.242411
513 516 -0.353819
513 534 -4.0226
514 557 -8.61269
514 601 1.74767
514 612 0.0951898
514 613 0.10473
515 522 -2.06856
515 564 -2.18405
515 586 -3.01573
515 589 0.11769
516 517 -0.195158
516 534 -4.14515
517 524 -0.369897
517 534 -3.20605
518 523 0.33657
518 530 3.89428
518 531 -1.98633
518 532 -5.03752
518 541 -1.16715
518 558 -11.929
518 564 -0.924411
518 565 -1.98633
518 572 -2.06181
518 577 -5.27929
518 584 -13.1795
518 586 -1.04226
518 589 -5.53733
518 590 -0.943623
519 544 -6.37009
519 551 -2.93164
520 571 -2.30173
521 583 2.32073
521 600 -5.10084
521 611 -3.82508
521 618 -1.91163
522 530 -2.31952
522 564 -1.42058
523 530 0.164889
523 532 -1.18877
524 525 -0.601089
524 534 -3.91844
524 545 -4.43612
525 528 -6.01971
525 542 -2.41897
525 545 -4.14515
526 544 0.669846
526 551 -3.48316
526 563 0.983548
526 568 0.819725
526 609 1.71277
526 621 -0.940489
528 542 -4.59856
528 559 -3.44728
528 562 -2.64699
528 569 3.01573
528 573 -3.91844
529 540 2.10288
529 546 0.619448
529 619 -4.33294
529 756 -1.98633
530 541 -3.01318
530 553 -4.35484
530 564 -1.10372
530 565 -2.64699
530 572 -1.47101
531 534 -3.91844
531 558 -0.81228
533 536 -3.43759
534 538 0.740221
534 545 1.98633
534 554 -0.849093
534 555 5.99421
534 558 -7.95095
534 566 -0.761662
534 569 1.60463
534 580 -2.77499
534 581 -1.42058
534 584 -10.3815
534 587 -1.73919
534 588 -2.78882
534 590 -0.962998
535 552 -1.72924
536 583 0.40772
537 540 -0.249338
537 756 -2.10127
539 556 0.517023
539 570 -6.93845
539 575 0.361967
539 598 -5.54068
539 617 1.47719
539 624 -5.71204
539 625 0.354984
540 756 -0.274059
541 572 -1.98633
542 545 -6.05148
542 562 0.337785
543 573 0.034744
543 578 0.609465
543 585 -4.08
543 608 3.09537
543 623 0.026648
543 633 0.03567
544 551 -10.9668
545 562 -1.91493
545 569 1.81446
546 582 -6.00055
546 597 -0.353819
546 619 -1.34772
547 549 -0.708722
548 576 -0.00784319
548 594 -1.21064
548 596 0.768409
548 631 -0.00784319
549 550 -1.16821
550 601 0.773973
550 604 1.49955
550 610 -1.23277
551 556 -0.500431
551 568 -10.3957
552 579 -1.11563
552 595 0.436763
552 596 0.909978
552 616 -6.06009
552 628 0.261279
553 565 -1.42058
554 555 -0.81228
554 566 -1.25517
555 566 -0.465399
555 569 2.76724
555 581 -1.23277
555 584 -9.68249
555 588 -1.62977
555 591 -1.52616
556 568 0.722426
556 570 -8.54053
556 592 -5.62501
556 607 -1.30083
558 590 -2.14198
559 573 -3.0216
560 584 -0.305845
562 569 -3.43706
563 574 -2.58569
563 599 -15.2257
563 621 -3.91504
563 651 -0.321795
564 565 -0.533685
564 586 -0.242411
566 581 -0.982543
567 576 -2.92851
568 592 -18.6355
568 609 -0.000696485
568 621 -0.153129
568 626 -1.69086
568 636 -0.0384819
568 637 -0.0706368
568 651 0.138806
568 667 0.00402476
568 676 -2.80168
569 573 -8.98936
569 584 -18.8457
569 588 -3.43712
569 593 -6.16883
569 632 0.330167
569 641 0.193598
569 654 0.236959
570 607 -1.69086
570 622 -3.57445
570 625 -7.51001
573 608 0.0270502
573 623 4.15296
573 632 -0.964936
573 633 0.0551172
573 641 -1.12307
573 654 -0.13049
573 661 -3.12665
573 681 0.0736677
573 683 -0.374396
573 688 2.4898
573 691 -0.062971
573 692 2.42833
575 598 -0.362018
576 583 0.526476
576 596 -0.0548691
576 630 -0.0284302
576 631 1.68472
578 585 -2.53951
578 599 0.168322
578 602 2.71797
579 595 -1.27572
580 587 -1.60463
582 597 -2.46528
583 618 -3.77634
583 629 -4.19641
583 631 2.05389
583 638 -3.14725
583 639 -1.54979
584 589 0.127165
584 590 -2.64699
584 620 -3.91844
584 646 1.74382
584 654 -3.20605
585 602 -7.40618
585 608 -3.01573
585 633 -4.14515
585 647 0.962998
585 658 -2.31952
586 589 -2.63162
588 591 -0.722426
588 593 -1.75131
589 620 -1.50047
589 646 0.110798
592 606 -2.86558
592 607 -4.02175
592 622 -4.14515
592 626 -8.57661
594 596 -4.53117
595 615 0.556099
595 616 -1.06254
596 615 -0.0263935
596 628 2.36684
596 630 0.677915
596 631 -0.169892
596 668 -7.21945
597 619 0.289934
599 602 1.89184
599 627 2.37793
599 651 -7.21294
599 696 0.0336812
599 697 -1.21064
599 701 0.814077
600 611 1.16715
600 685 -7.65476
601 610 -2.52745
601 612 0.960376
601 613 1.28544
601 614 1.8613
601 619 -3.31536
601 640 -1.09741
601 645 1.52772
601 669 2.05605
601 673 -0.118089
601 680 -3.91844
602 627 5.84239
602 650 3.20329
602 658 0.0594353
602 659 1.21854
602 671 -0.024413
602 696 0.0336812
603 605 -0.163779
603 617 1.14578
604 610 -6.644
604 614 0.153202
604 640 -0.0848434
605 617 -0.635286
607 622 -2.93164
608 623 0.304019
608 633 1.38019
609 621 -0.157885
609 637 -0.370391
610 614 -5.0113
611 618 1.37165
611 685 -7.23333
612 613 1.40348
613 634 -3.39799
613 645 0.877226
613 656 1.46854
613 673 -0.338417
614 640 -0.0790834
615 616 -3.94451
615 628 -0.0938097
615 668 -2.85347
616 628 -0.337785
617 624 -7.16946
617 625 1.75131
617 635 -3.51956
617 649 -0.0545695
617 655 4.84273
617 675 -0.140746
617 693 -14.3
617 698 -4.14515
618 629 1.16715
618 685 -8.72115
619 640 -0.148121
619 643 -4.73495
619 665 -11.4613
619 669 -4.14515
619 680 -0.101248
619 756 -2.71175
621 637 -0.26339
621 651 -0.0853945
621 667 -0.00407529
622 625 0.722426
622 626 1.69086
623 633 0.177624
623 658 0.0332513
623 661 -0.158928
623 681 0.104267
623 683 -0.0685612
623 688 0.20417
624 625 -3.83347
625 626 0.734656
625 642 2.3546
625 648 0.85291
625 652 -0.962998
625 655 0.511675
625 660 -1.08303
626 636 -14.8071
626 642 1.17104
626 648 0.502256
626 682 -1.34772
626 687 -1.16639
626 713 -11.0747
626 720 1.58835
627 650 3.67154
627 654 2.13797
627 696 0.0613323
627 701 1.60081
627 724 -0.313185
627 727 -4.14515
627 728 -4.50319
627 737 -4.59221
627 740 -0.634477
627 766 -9.4792
627 768 -7.81002
627 769 -2.90707
627 773 0.263985
628 668 -1.06425
629 638 1.21064
629 685 -4.98465
630 631 -0.125394
630 668 -0.0217738
631 639 -8.96176
631 653 -9.40013
631 663 -10.3725
631 668 1.90434
631 674 -4.84221
632 641 0.383513
632 654 0.214167
633 647 -2.41897
633 658 1.72774
633 681 1.09349
633 688 0.64433
634 645 -0.81228
635 649 -2.25489
636 667 -0.00520764
636 676 1.7587
636 686 -0.0140495
636 713 -2.01542
636 717 0.0206694
637 651 -0.494611
638 639 1.49683
638 685 -4.58926
639 653 1.49683
639 685 -11.9467
640 669 -0.146581
641 654 3.40216
641 661 0.789458
641 683 0.0672153
641 691 0.0123012
642 648 1.44265
642 652 -2.34815
642 655 0.430749
642 660 -2.41897
642 682 -2.16007
642 687 -0.250734
642 709 -22.1493
642 720 0.0623299
643 662 -0.289934
643 664 -2.78039
643 665 1.18877
643 756 -0.924411
645 673 -0.434735
646 654 -13.4255
646 677 -15.8151
646 706 -1.02216
646 716 -4.43612
646 736 -11.3833
646 763 -1.88004
646 778 -3.73241
646 779 -19.3768
647 658 -2.27269
648 652 -0.722426
649 655 -0.0279698
649 675 1.67715
650 658 1.88061
650 659 2.2989
650 671 -0.670493
650 690 2.74094
650 696 2.51772
650 724 -0.0281321
651 667 0.526682
651 672 -3.47765
651 676 -0.452129
651 697 0.500431
653 663 1.57696
653 685 -8.5514
654 661 3.38267
654 683 2.21176
654 725 -6.45656
654 732 -1.44559
654 737 -3.43706
654 773 0.68241
654 778 -0.00308426
654 784 0.898429
654 785 -1.75131
655 660 -3.18645
655 698 -25.1886
655 709 -4.8442
656 670 -4.8442
656 673 -1.45114
656 680 -12.5638
657 666 -17.2631
657 678 -13.9219
657 695 -6.91578
658 659 0.0633829
658 671 -6.3557
658 681 0.0819042
658 688 5.1729
658 690 8.43809
658 696 0.107258
658 703 2.58106
658 710 0.0925277
659 671 -0.010541
661 683 2.03732
661 691 0.124556
661 692 -0.208869
662 664 1.95015
662 756 -2.14198
663 674 1.52308
663 685 -6.28033
664 665 -4.09366
664 670 -3.43706
664 694 -1.18877
664 731 -11.9263
664 756 -7.64217
665 670 -9.97346
665 680 -16.4968
665 694 -2.38997
666 670 -11.9383
666 678 3.39754
666 714 -0.00570515
666 733 -0.173466
667 672 -0.502614
667 676 -0.405921
667 686 0.505493
667 697 0.0423956
668 674 -15.432
668 675 -4.43612
668 679 -2.58569
668 684 -6.56412
668 689 0.924411
670 678 -1.43516
670 680 -2.39858
670 714 -0.0687888
670 731 -12.4864
670 733 1.1645
670 744 -0.0204861
670 748 -0.0121767
670 750 -0.601089
670 752 -2.99754
670 759 1.62126
670 770 -0.00653045
670 774 -0.00874882
672 686 -2.9301
672 697 -1.57696
673 680 -2.93164
674 679 0.962998
674 685 -14.3368
675 689 -7.21242
675 693 -9.21816
676 686 -0.559077
676 697 -6.19091
676 708 0.169995
676 713 -1.60094
676 717 0.0968396
676 728 0.0107346
676 730 -0.0257494
677 704 -3.20605
677 705 -7.4929
677 706 -0.982543
678 695 9.13282
678 714 -0.114341
678 733 -0.801118
678 738 -0.194217
678 748 -0.00469653
679 684 1.04226
679 685 -2.27269
681 688 0.624975
682 687 -0.511814
683 688 -1.59799
683 691 0.123024
683 692 -0.273478
683 722 -1.57696
683 725 -0.280897
684 685 -10.2423
684 689 -19.3768
684 699 2.02352
685 699 -2.78039
685 700 -8.15333
685 702 -4.79148
685 707 -6.6207
685 711 -8.50838
685 719 -12.2111
685 735 -4.8442
685 741 -12.1452
685 761 -6.35485
685 776 -9.68841
685 794 -0.924411
686 697 0.498294
688 691 -0.0672901
688 692 1.56116
688 696 0.0746583
688 703 2.79782
688 710 9.3641
688 722 0.704796
688 723 -5.4676
688 727 3.57648
689 693 2.22758
689 699 -4.43612
690 696 0.703456
690 710 1.1523
691 692 -0.602339
693 698 2.06181
693 699 -4.14515
693 700 -25.4075
693 702 -4.14515
695 714 -0.0608487
695 718 0.0164318
695 721 0.0113939
695 729 2.45398
695 733 -0.104523
695 738 -0.183493
695 745 1.64076
695 746 2.18146
695 760 0.115101
696 701 0.0151179
696 703 0.0182357
696 710 0.167685
696 724 0.277053
697 701 -1.23415
697 708 -0.34718
698 702 -11.0747
698 707 -14.5326
698 709 2.18405
698 711 -32.0883
699 700 2.02352
700 702 1.91493
701 708 0.192461
701 728 -7.47548
701 730 -0.048727
702 707 1.91493
704 705 4.41099
704 712 1.81446
704 715 1.92926
704 716 -5.53733
704 721 -7.4929
704 726 -0.481572
705 706 -0.00778178
705 716 -5.66272
705 726 -0.481572
706 716 -1.30083
707 711 2.10127
708 717 2.54898
708 728 -0.322256
708 730 -0.0537965
709 711 -9.68249
709 719 -11.0747
709 720 -8.31773
710 724 0.916181
710 727 5.98632
710 740 -0.557361
711 719 1.18877
712 718 -5.53733
712 721 -5.53733
712 729 -1.57165
713 720 -15.5108
713 730 -8.76265
713 734 1.37165
714 733 -0.321917
714 738 0.418539
714 744 1.52459
714 745 -0.00974459
714 746 -0.00974458
714 748 2.32825
714 759 -0.00350042
714 770 0.00660372
714 774 0.294745
714 777 0.0690554
716 721 8.29331
716 726 0.968225
716 736 -0.744886
716 747 -0.489874
716 760 0.0355194
716 790 -0.00157236
716 805 -0.00156631
716 818 0.00590257
717 728 0.0100534
717 730 -0.0238947
718 721 0.00868346
718 729 0.0207987
719 720 0.691432
719 734 -7.01151
719 739 -8.85269
719 741 2.52745
719 743 -11.0747
720 734 -3.43706
721 729 0.106854
721 745 0.0453082
721 746 0.0305987
721 760 1.71915
721 805 0.0376967
721 818 0.00520718
722 723 -1.16715
722 725 -3.41935
722 732 -0.0324612
723 727 -0.659664
723 732 -0.867703
724 740 -0.724918
725 732 0.207827
727 732 2.85663
727 737 7.14413
727 740 -0.191193
728 730 4.37182
728 734 -4.43612
728 749 -5.70974
728 751 -1.02216
728 757 -0.116857
728 768 0.0233459
728 791 -7.64217
728 802 -5.53733
728 811 -3.43706
728 820 -4.8442
728 826 0.337785
728 827 -0.242411
729 760 2.52085
730 734 -6.6726
731 750 -4.43612
731 755 -12.1997
731 756 -5.73349
731 767 -15.3536
731 792 0.500431
732 737 0.533195
733 738 -0.0702997
733 744 -0.200363
733 748 -0.193365
733 759 0.224871
733 770 -0.0508867
733 774 -0.0754604
733 777 -0.0619464
733 806 0.0266922
733 828 0
734 739 -0.010061
734 742 0.194982
734 751 4.07421
734 795 0.25251
734 798 -0.271774
735 775 -3.01573
735 776 1.94905
735 781 -1.44559
735 788 -3.91844
735 796 -1.37165
735 800 -2.85347
735 808 -3.73241
735 819 -2.28741
735 821 -0.0727225
735 834 -0.962156
736 747 1.57697
736 762 1.36472
736 763 -6.55936
736 789 0.332649
738 745 -0.869069
738 748 2.17247
738 753 3.49616
738 774 1.88634
738 790 1.60121
738 813 0.828358
738 818 -0.0236234
739 742 -0.934826
739 743 2.52745
741 743 -25.8923
741 761 2.18405
742 743 -7.64217
742 751 1.60075
743 751 -1.54979
743 761 -15.5108
743 765 -14.4458
743 793 1.84714
744 748 0.40704
744 770 0.00557332
744 774 0.148228
744 777 0.0453184
745 746 0.632375
745 747 -0.009132
745 754 2.39807
745 760 3.32746
745 774 -0.112604
745 790 -2.44409
745 805 0.0970168
745 813 -0.189655
745 818 0.0458993
746 754 1.05329
746 760 2.82222
747 762 0.281282
747 789 3.18162
747 799 0.104027
747 813 -0.039532
747 818 -1.36242
747 824 -0.270187
748 753 1.94947
748 770 0.0178239
748 774 3.01259
748 777 0.237133
749 751 -0.0125347
749 757 0.0196647
749 795 -0.0184308
749 798 -1.47543
749 826 -1.37165
750 752 -0.016034
750 755 1.95015
750 758 -0.032068
751 765 -0.758016
751 772 -6.96626
751 783 -3.57445
751 795 1.12671
751 798 -0.572682
752 758 1.00989
752 759 -2.31952
754 760 2.72504
755 758 -7.4033
755 764 -4.56551
755 767 2.31952
756 792 -6.66405
756 806 -3.91844
756 816 -4.52761
756 817 -4.8442
756 825 -4.8442
757 798 -0.0393295
758 759 -15.0937
758 764 1.88061
759 764 -9.68249
759 770 -0.0801369
759 777 -0.00434488
759 792 -4.43612
759 801 -3.43706
759 806 0.674967
760 805 0.0970168
760 818 0.0261748
761 765 -1.32411
761 793 -6.57811
761 794 -0.46301
761 804 0.00315349
761 810 -2.06181
761 814 0.312989
761 832 0.0155261
762 763 -8.89752
762 780 -5.51934
762 789 0.315306
762 799 1.45867
763 779 -2.78039
763 780 2.58569
763 782 -1.39593
764 767 -8.60686
764 792 3.12955
765 772 -5.35699
765 783 -8.64408
765 793 -4.43612
765 810 1.23277
766 768 -1.08303
766 769 3.43706
766 771 5.05765
766 787 8.3505
766 802 -1.63282
766 809 3.07287
766 820 -9.68249
766 827 -0.099375
766 833 1.14063
767 792 -0.83062
768 771 -4.01667
768 786 -9.28032
768 791 -3.01573
769 773 -0.154462
769 787 2.31952
770 774 0.0402231
770 777 0.282056
770 806 -0.210072
770 812 -0.11795
770 828 -0.977433
771 786 -2.52745
771 791 -2.58569
771 802 -5.53733
772 783 0.905357
773 785 -4.8442
773 787 -1.18877
774 777 1.63712
774 790 0.0734978
774 812 0.276931
774 813 0.262364
774 818 -0.0218981
774 824 -2.22758
775 776 -1.52308
775 781 -0.274059
776 781 -0.982543
776 788 -2.71175
776 794 -3.01573
776 796 -1.32411
776 800 -12.1275
776 804 -10.8264
776 819 -3.62798
776 832 -7.21242
776 834 -0.195158
777 806 -0.0130568
777 812 0.149432
777 828 0.0157972
778 779 0.868395
778 780 -8.57661
778 782 -9.41912
778 784 -4.85272
778 787 -3.91844
778 803 -12.8835
778 807 -6.75241
779 782 -1.9613
779 784 -0.00368106
780 782 -2.14198
780 799 -8.06814
780 803 -2.18405
780 815 -16.612
780 822 2.06181
780 831 -5.53733
781 788 -1.32411
783 795 -15.9189
783 810 -7.61753
783 829 -7.42989
784 785 -0.0544849
784 787 -2.22758
785 787 -4.14515
786 791 -0.116857
787 807 -0.56723
787 815 -7.22819
787 822 -5.66976
787 831 -0.148121
787 833 0.830637
788 796 -1.57696
789 799 0.0405847
790 813 0.0483994
790 818 -1.64563
791 802 -2.93164
792 797 2.51963
792 801 2.81526
792 806 -15.9189
794 804 -0.369891
795 798 -1.33518
795 829 -3.73241
796 800 -1.10372
800 808 -8.87224
800 819 -0.027108
802 809 -4.43612
802 811 -3.43706
803 807 0.962998
803 815 -8.25311
804 814 0.00630698
804 832 -1.65183
805 818 -0.109012
806 812 0.255387
806 816 -8.76265
806 817 4.60356
806 828 0.214191
807 815 -4.64655
808 819 -6.59018
809 811 -0.584119
809 820 -4.14515
810 814 -11.2907
810 823 2.69024
810 829 -2.92061
811 820 -2.78039
812 824 -0.583033
812 828 2.98181
813 818 -0.090141
813 824 -0.751256
814 823 -3.01573
814 829 -0.353819
814 832 0.0155261
815 822 -6.83916
816 817 -4.8442
817 825 0.251581
817 830 -0.788492
819 821 -0.000566238
819 834 -0.0438417
820 827 -9.97346
821 834 0.00373428
822 831 -19.6513
825 830 -0.503161
826 827 -1.69086
826 833 -0.434708
827 833 -0.596841
829 832 -0.210882
831 833 -1.81446
