MULTICUT
0 1 9.17807
0 2 2.41897
0 3 0.722426
0 4 -8.15956
0 5 7.02181
0 6 -21.4562
0 7 -1.84714
0 9 -29.8108
0 10 -5.53733
0 11 2.31952
0 15 2.14198
0 17 7.14891
0 25 -2.27269
1 4 -6.90601
1 8 -3.91844
1 9 -5.53733
1 10 -15.9189
1 12 -12.087
1 13 -6.54381
2 4 -5.52556
4 7 -3.04953
4 10 3.91844
5 9 -4.8442
6 10 5.22999
7 10 -9.3671
7 19 -0.332239
8 10 5.38913
9 10 7.83689
9 11 -5.53733
9 12 8.54741
9 20 5.11438
9 21 4.02087
9 23 6.90809
9 25 12.7195
9 32 4.40529
9 75 0.0119737
9 93 -3.08579
9 94 -5.53733
9 108 3.57445
9 115 -2.1809
9 124 -3.43706
10 12 3.31536
10 13 5.40047
10 14 1.42058
10 16 1.30083
10 18 0.179457
10 19 0.332239
10 21 9.76609
10 22 2.78039
10 24 4.43612
10 29 5.45259
10 32 4.34492
10 40 5.43362
10 41 6.82004
10 45 13.1499
10 49 0.36684
10 54 -0.112844
10 58 -3.43706
10 59 -0.407966
10 62 -2.07279
10 63 0.195113
10 64 1.73557
10 68 -0.0692526
10 71 0.0476268
10 83 -1.14578
10 84 -2.22758
10 91 -1.44559
17 25 -4.8442
17 26 2.96897
17 27 -3.44408
17 28 -4.36822
17 30 -17.8226
17 31 -13.5479
17 33 0.163779
17 34 -9.68841
17 35 -5.53733
17 36 -4.43612
17 39 -1.25517
17 42 -4.3362
17 43 -1.06254
17 46 1.38627
20 21 3.17985
25 34 0.517913
25 36 0.29367
25 53 0.742155
25 67 -3.91844
25 73 0.12313
25 75 0.083937
25 78 -0.0834197
25 94 -4.8442
25 98 -0.00501465
26 33 1.11183
27 30 -1.42058
28 31 -3.08497
29 49 1.63368
29 56 -0.0155595
29 59 -0.260906
30 31 1.42058
30 37 1.10758
30 38 -1.34772
30 42 0.455027
30 44 -1.98633
30 51 -1.6756
31 38 -1.18877
31 39 -3.73241
31 44 -16.1909
31 47 -2.71175
31 52 -1.25517
31 61 -4.14515
32 41 2.69563
32 63 0.22872
32 80 -5.53733
32 81 -12.9756
32 85 -3.43706
32 88 -2.27269
32 89 -6.2862
32 95 0.0388557
32 102 1.83507
32 104 -1.69982
32 108 3.54999
32 119 -5.45193
32 121 -0.71607
33 42 -1.02532
33 46 0.586264
33 48 0.375584
33 60 -1.78957
33 145 0.943623
34 35 3.01573
34 36 4.60194
34 50 -9.97346
34 53 1.89001
35 43 -0.55042
35 50 -4.8442
37 44 -3.73241
37 51 -0.522399
38 44 -0.386023
39 43 0.421476
39 47 2.12352
39 55 -0.161339
41 62 -0.122208
41 63 1.26365
42 46 -2.04962
42 51 -0.10217
42 60 -8.83996
42 66 -4.6619
43 47 2.73465
43 50 -3.4441
43 55 -10.5475
44 51 -2.73653
44 52 -8.23719
44 57 -1.79181
44 60 1.29396
44 61 1.57696
44 79 -9.69211
44 130 -7.87756
44 131 -1.98633
44 139 2.31952
45 59 -0.228411
45 64 1.15228
45 65 -5.53733
45 68 -0.0549105
45 71 1.84929
47 55 -0.450443
47 61 -5.50047
47 69 0.838676
47 82 1.35633
49 54 -0.112844
49 56 -0.022039
49 58 -0.669846
49 59 -0.296646
50 53 -4.8442
50 55 -4.43612
50 70 -0.747007
50 72 -12.4271
50 123 -0.149029
50 148 -0.0775949
50 155 -2.90894
50 168 1.08352
51 60 -2.68644
52 61 -5.14537
53 67 -2.15619
53 72 -0.00301158
54 58 -7.45227
55 69 -2.40263
55 70 -5.00771
55 77 -1.32411
55 82 -2.61729
55 86 -2.41897
56 58 -11.888
56 59 0.0101614
58 59 -6.51988
58 76 -2.36105
58 84 1.84136
58 87 -1.29702
58 92 0.0839128
58 109 -0.000658312
59 65 -2.36822
59 84 -5.53733
60 66 3.49453
60 127 -8.2903
60 130 -3.10675
60 145 -1.12464
60 152 -6.31809
61 79 -2.18405
61 82 -7.77385
62 63 -1.98956
63 74 0.62963
63 81 -3.59845
63 90 -0.517023
63 91 -0.867703
63 97 -9.28032
63 99 -3.43706
63 103 -4.14515
63 116 -3.91844
64 68 -0.0260153
64 71 0.0158756
65 68 -16.9721
65 71 -5.53733
65 84 0.95062
65 91 -8.55306
65 112 -13.2569
65 122 -1.0526
65 129 0.518308
65 151 1.20844
65 161 -3.73241
65 167 -5.53733
65 176 -5.98935
65 182 -2.93164
67 72 0.495691
67 75 -9.68249
67 113 -6.5061
67 133 -5.58892
68 71 -0.183025
68 83 -0.33002
68 91 1.52501
69 82 1.25781
70 77 -3.65045
70 86 -0.418426
70 101 -3.19518
70 155 -0.131285
72 123 -0.618144
72 133 -2.47197
73 75 0.0105828
73 78 -5.0081
73 94 -0.500431
73 106 -2.6017
75 78 -0.0635753
75 98 -0.595723
75 113 -1.19476
76 84 -1.12464
76 92 -0.226632
78 98 0.623742
78 106 -3.29596
78 113 0.310786
78 118 -0.169846
78 120 0.0103602
78 128 -0.0849232
79 82 3.41535
79 100 -1.25397
79 131 -0.758016
80 81 -0.56723
80 85 -0.976083
80 96 -11.0565
81 90 -4.25304
81 96 0.503226
82 86 -2.10127
82 100 -1.56355
82 101 1.30928
82 105 -0.326766
83 91 -0.374784
84 87 1.39844
84 92 2.92903
84 109 -0.00651316
84 137 0.223634
84 158 -7.86971
84 161 -4.43612
85 89 -4.22697
85 96 1.01966
85 117 1.24675
85 125 -3.13539
85 144 -1.20803
87 92 0.100339
87 109 0.00619599
88 89 -1.67754
88 102 -4.96588
88 117 -1.37165
89 117 -2.10127
90 96 -1.5172
90 99 -0.6556
91 103 -14.2105
91 129 -3.69429
92 109 -0.00134203
93 94 0.0525078
93 107 -0.321795
93 110 -0.94516
93 111 -0.38123
93 115 -0.283954
93 124 -2.2806
93 156 -6.69884
94 106 0.0122708
94 110 -0.243711
95 104 -0.0401071
95 121 -0.133764
96 99 3.0363
96 144 -0.322816
96 157 -4.43612
97 103 -0.680218
97 114 -0.0301517
97 116 0.0603033
98 113 2.32031
98 118 -1.97506
98 128 -0.047225
98 133 -3.74204
99 116 -6.86701
99 157 -4.54433
99 172 -5.53733
100 105 -0.0218656
100 131 -7.82328
100 132 -4.201
100 188 0.584119
100 191 -2.77947
101 105 -0.554858
101 155 -1.69086
101 164 -1.66598
102 104 -0.391188
102 117 -3.91844
102 138 -1.14578
103 114 -5.69456
103 126 0.0158166
103 129 -2.11224
103 151 -4.11114
104 119 -0.0125987
104 121 -0.0322164
104 136 -6.79137
104 138 -0.500431
105 132 -0.0223008
105 164 0.08775
106 110 -0.0245417
106 118 0
106 120 -0.0242209
106 128 -0.0701574
106 134 -1.63282
107 110 -5.53733
107 111 1.02651
107 134 0.9473
108 119 -2.57604
108 124 -9.05909
108 135 2.00883
108 141 -0.133541
110 134 -1.92517
111 134 0.518549
111 140 1.37165
111 156 -2.31952
112 122 2.72831
113 133 -5.53733
114 116 -4.17183
114 151 3.63957
114 182 -1.95015
114 193 -7.2519
115 124 -2.71175
116 172 -2.71175
116 193 -2.64699
117 125 -4.97086
117 138 -5.38866
117 144 0.117334
117 171 1.38123
117 178 -0.0492824
117 185 -2.42124
117 187 -1.41291
118 128 3.1416
119 121 0.799681
119 135 -0.0739264
119 141 0.345518
119 146 -0.023346
119 154 -6.19842
120 128 2.24862
120 134 -0.331085
120 142 -0.0287283
120 149 -0.0827572
121 136 -0.258219
121 146 -0.163779
121 150 -0.652519
122 160 2.9414
122 165 -0.250357
122 167 -7.85993
122 176 -4.08052
123 133 -0.886457
123 148 0.198952
123 168 -0.546563
124 135 -0.728596
124 143 -0.347579
124 153 -9.27466
124 156 -2.78039
124 175 -9.97346
125 144 0.0633855
126 129 -0.0125393
126 151 -0.0153396
127 130 1.30083
127 147 -0.116857
127 152 -0.56723
127 177 -1.88061
127 186 -0.943623
128 133 1.44559
128 142 -0.247245
128 149 -0.601089
128 169 -3.73241
128 174 -7.74174
129 151 0.595623
130 139 -8.76265
130 147 -0.0856503
130 159 -10.6612
130 186 -1.95519
130 198 -0.189096
131 139 -2.47197
131 188 -3.57445
132 164 -1.06955
132 189 0.0320032
132 191 0.114843
132 204 0.029872
132 208 -2.82824
133 148 -1.17076
133 169 -6.22302
133 192 -0.426081
133 196 -5.53733
134 140 0.441111
134 149 -0.648967
134 163 -9.68841
135 141 2.85878
135 143 0.922568
135 153 -0.687271
135 175 -2.31952
136 138 -2.64699
136 150 -0.483906
136 162 -7.46051
137 158 -1.42822
138 162 -0.500431
138 178 -0.467445
139 186 -0.635286
139 188 -4.8442
139 190 -4.43612
140 156 -4.8442
140 163 -4.8442
140 166 -5.53733
141 154 -1.13474
141 175 -5.07628
142 149 -1.90448
143 153 -0.525339
144 157 0.044126
144 171 0.291637
144 172 -1.79288
144 181 0.0165921
144 202 -1.25517
145 152 -8.77127
145 177 1.53526
145 218 -2.00954
145 222 -0.486931
145 228 1.81711
145 231 2.22758
146 150 -0.023346
146 154 -0.350588
147 159 -1.59817
147 186 -1.91493
148 168 -0.607543
148 192 0.0207137
148 204 -0.0496195
149 163 -3.31536
149 174 -1.54283
150 154 -0.740165
150 162 -0.500431
150 185 -1.08303
151 182 -7.9943
152 177 -8.76265
153 175 -0.298449
154 175 -0.886457
154 185 -1.65691
155 164 2.89378
155 168 -4.88209
156 166 0.00778166
156 170 -1.98633
156 175 -1.47101
157 172 -0.0882521
158 161 1.52308
158 173 1.28453
158 179 -1.28842
158 180 -3.97364e-08
158 183 -0.455485
158 184 1.4921
158 203 0.746764
158 207 -1.6316
158 212 -0.905358
159 186 -2.52745
159 198 -1.98633
160 161 3.32181
160 165 -0.140589
160 176 -3.6718
160 197 -3.75589
161 183 -1.83614
161 197 -12.1557
162 178 -0.242411
162 185 -3.10231
163 166 -1.21064
163 174 -2.10127
163 195 -4.43612
163 200 -4.14515
164 168 -1.98633
164 189 -1.17603
164 199 2.68863
165 176 0.139379
166 170 -0.635286
166 200 -1.78253
167 176 -3.81845
168 199 -2.02352
168 204 3.36132
169 174 0.557293
169 194 -2.57385
169 196 -1.64702
170 175 3.91008
170 195 0.000770407
170 200 0.772527
171 185 -2.22758
171 202 -3.57445
172 181 -3.78262
172 185 -4.8442
172 193 1.63282
172 202 -0.825815
172 209 -6.33767
172 213 -2.36822
173 183 -2.2068
174 194 -0.623693
174 195 -0.237223
174 200 -0.00992339
174 201 -4.01196
174 205 -3.92108
174 206 -1.12242
175 185 6.19049
175 195 0.000770407
175 200 1.74786
175 209 -0.00629033
175 210 2.36822
176 182 0.0233459
176 197 1.00475
176 211 -4.8442
176 217 -0.000777192
176 221 -6.05458
177 186 3.95893
177 216 -2.48333
177 218 -1.12464
177 222 -0.226114
177 223 -4.16265
178 185 -0.023346
178 187 0.0493147
179 180 -1.23277
179 207 -5.53733
180 184 -8.9407e-08
180 207 -0.584119
181 202 -3.01573
182 193 -5.31916
182 211 -4.62983
183 197 2.39758
183 203 -0.0631644
183 207 -0.0682858
183 214 -0.761038
184 207 -5.53733
184 212 -3.91844
185 187 -0.437839
185 195 0.000770407
185 200 2.34525
185 202 -1.78637
185 209 0.0561546
185 210 2.46882
185 213 1.74129
185 232 0.994014
185 233 3.53167
185 253 -2.47197
185 255 -0.322297
185 256 0.452841
185 258 -5.53733
185 270 -1.81446
185 274 -5.53733
186 190 -1.45859
186 198 0.568105
186 215 -5.53733
186 216 -2.56506
186 224 0.36143
186 231 4.62361
186 241 -5.53733
188 190 0.0174895
188 191 -1.30083
188 215 -2.46583
188 224 -1.52437
188 230 -2.18324
189 199 -1.23277
189 204 0.219391
190 224 -0.173509
191 208 -0.229685
191 215 -2.02352
191 225 -1.49683
192 196 -1.95015
192 204 -0.0696809
193 209 -3.47423
193 211 3.57445
194 196 -2.36822
194 201 -1.99526
195 200 0.146242
195 205 0.374699
195 206 2.34545
195 220 0.0169423
195 226 -1.42206
195 232 0.00285384
195 233 0.00375549
195 240 0.0322686
195 245 0.0273084
195 250 0.00375548
195 265 0.0169499
195 266 0.0177678
195 268 0.00285382
195 271 0.00285382
195 277 0.00285382
195 278 0.00285382
195 283 0.003755
195 285 0.00375501
195 292 0.00285384
195 299 0.0028539
195 300 0.00375548
196 201 -0.301774
196 204 -4.43612
196 205 -1.17394
196 220 -1.25806
197 214 -3.05167
197 217 -0.0190647
197 221 -0.356967
199 204 -1.71824
200 205 7.76131
200 206 0.0326805
200 209 -0.00314517
200 220 0.00979518
200 226 0.012682
200 232 1.66997
200 233 2.92907
200 240 4.70168
200 245 2.00471
200 250 10.6342
200 265 4.10848
200 266 8.83616
200 268 2.28282
200 271 3.72381
200 277 2.57709
200 278 2.41037
200 283 9.27795
200 285 9.92939
200 292 3.54619
200 293 2.27269
200 299 7.46762
200 300 6.57494
201 205 3.01352
202 213 -0.669846
203 207 -0.0325791
204 208 -0.533685
204 219 -4.80014
204 220 -4.36848
204 225 -4.8442
204 234 -5.53733
204 237 -5.53733
205 206 0.0932827
205 220 0.453291
205 226 -0.012365
205 236 0.410181
205 240 3.114
205 245 3.58256
205 265 2.34361
205 266 2.16246
207 212 -1.43983
207 214 0.016779
207 227 -0.72339
208 225 -4.8442
209 210 -0.00314517
209 211 -9.00485
209 213 -0.00519695
209 232 -0.00314517
209 233 -0.009508
209 235 0.571647
209 256 0.126936
209 264 0.0970776
211 221 5.64445
211 235 -15.9189
212 227 1.83344
212 243 1.12863
212 244 0.000367209
214 221 -3.57445
214 227 -13.4886
214 239 -5.27244
215 224 -3.96875
215 225 -2.78039
215 229 -2.27269
215 230 -17.0979
215 237 -3.837
215 241 0.0233459
215 246 -5.51618
215 247 -0.035288
215 248 -1.11577
215 251 -7.87756
215 254 -2.6003
215 257 -3.43706
215 260 -4.14515
216 223 -3.57445
216 231 -1.30083
217 221 0.101478
218 222 -2.64699
218 228 -0.637371
219 220 0.43731
220 234 -0.842338
220 236 2.75087
220 240 0.0192469
221 235 -2.14198
221 238 -5.69244
221 239 -0.924411
221 242 -2.03115
221 276 -0.758016
222 223 -2.93164
222 231 -1.02216
223 231 -4.5102
224 229 -0.55139
224 230 -0.740165
225 237 -1.43331
226 245 0.0186113
227 239 -1.53595
227 243 0.00107503
227 244 -1.65026
228 231 3.11697
228 241 -5.53733
229 230 -1.57696
231 241 -5.53733
233 255 -0.322297
233 258 -10.3815
233 268 0.652055
233 269 -8.97439
233 274 -9.45578
234 237 1.81446
234 240 -5.53733
235 238 1.81095
235 256 0.357566
235 263 4.75068
235 264 0.295567
235 276 2.71124
237 240 -7.14891
237 246 -1.72077
237 247 -2.10127
237 249 -5.18837
237 250 -9.2251
238 276 9.9508
239 242 0.54059
239 244 4.22617
240 250 2.36822
242 244 9.7506
242 276 13.0666
242 279 2.71175
242 291 2.78039
243 244 10.3832
244 276 15.0242
244 279 0.982543
246 247 0.0534467
246 249 3.15152
246 250 3.77598
246 251 0.00500969
246 252 1.84429
246 259 0.00453654
246 272 -0.0120771
246 305 0.0113316
246 317 2.00836
246 324 4.41358
246 326 5.45829
246 336 4.05522
246 350 2.52745
246 353 3.48524
246 359 2.01884
246 365 1.69086
246 371 0.866728
246 374 1.44559
247 252 0.0417728
247 259 0.00272761
248 251 -1.88365
248 254 -0.282323
249 250 0.90638
249 259 0.00545523
250 259 0.00545523
250 299 2.71175
250 324 0.704073
251 254 2.35088
251 257 3.20604
251 259 3.83265
251 262 2.71438
251 272 0.808639
251 273 2.2361
251 317 0.00815685
252 259 0.00272761
253 255 -2.02352
253 258 -0.402198
255 258 -4.43612
256 263 0.172264
256 264 2.31062
256 270 -1.02216
256 274 -4.8442
257 260 17.7668
257 261 2.31952
257 262 0.274526
257 267 9.02784
258 269 -0.962998
258 274 0.601089
259 272 9.09555
259 317 0.00576242
260 261 1.12464
260 262 2.88917
260 267 2.15351
260 273 6.64711
260 317 3.57445
260 326 5.48372
260 333 3.10675
260 336 6.42209
261 267 3.01573
262 273 1.84101
263 264 2.42553
263 275 3.49804
263 276 7.2923
264 274 -6.14602
264 276 3.6357
264 282 -0.81228
268 274 -4.43612
268 280 -3.73241
268 285 4.14515
269 274 -2.52745
270 274 -4.43612
271 285 2.85347
272 273 4.37783
272 305 4.87519
272 317 0.0571913
273 317 1.64638
274 276 -9.97346
274 280 -3.57445
274 282 -10.515
274 284 -0.345762
274 286 -1.16715
274 287 -4.43612
274 288 1.72428
274 289 -8.01058
274 290 -5.53733
274 298 -0.758016
274 309 -3.26514
274 312 -2.41897
274 314 -3.08398
274 319 -5.52461
274 322 -3.43655
274 323 -4.43612
274 330 -0.0988608
275 276 4.14093
276 279 3.73241
276 282 -1.91493
276 291 3.91844
276 295 8.4349
276 296 7.12449
276 298 -4.8442
276 313 7.14664
276 328 2.85347
277 285 7.43348
278 283 1.10372
280 284 -1.81727
280 285 -2.41897
280 288 -3.95233
280 297 -0.195158
280 309 -1.40348
281 285 2.07177
283 285 4.95389
283 294 0.50892
283 300 1.03728
283 303 4.04408
284 288 -0.620559
284 290 -2.58569
285 294 5.56522
285 297 -2.97142
285 302 4.81226
285 304 -4.43612
285 306 0.24241
285 311 -5.53733
285 320 -6.18744
286 287 -2.93164
286 288 -1.31188
286 290 -3.43706
287 288 -11.0747
288 289 -7.28959
288 290 -4.43612
288 309 -0.0764816
288 312 -1.24728
288 314 -1.66244
294 303 1.01053
294 306 0.419179
295 298 -10.3815
295 307 4.61104
295 323 0.779447
295 328 2.58569
297 301 -0.467445
297 304 1.16715
297 308 -1.98633
297 309 -7.53695
298 323 -5.53733
299 300 5.33902
299 318 4.8442
299 324 9.52097
299 325 -3.91844
299 331 3.62439
299 334 4.88928
299 341 9.502
299 343 0.00304153
299 347 2.85347
299 360 0.917506
299 362 -0.0266659
299 365 0.701005
300 303 1.1466
300 310 -6.42211
300 325 -4.43612
301 304 -1.95015
301 308 -3.91844
301 309 -2.71175
302 304 -3.31536
302 316 -4.43612
302 320 -1.91493
303 306 0.419179
303 310 -5.94737
303 315 -0.360057
303 320 -9.68841
304 309 -0.431078
304 316 -1.57625
305 317 0.0783145
306 320 -2.47197
307 323 5.06489
307 327 0.226632
307 328 6.57923
308 309 2.80629
309 312 0.152963
309 316 0.521904
309 321 -0.191374
309 322 -0.0160073
310 315 -1.06254
310 325 -1.49683
311 320 1.39593
312 314 -0.849093
313 328 12.6783
313 329 2.93164
315 320 -3.31536
315 325 -7.58221
315 332 -14.3
316 320 -1.63765
316 321 -0.393319
317 326 6.70271
319 322 -0.176015
319 330 -0.289934
320 321 -0.432438
320 322 -1.37616
320 332 -1.63282
320 339 -3.91844
320 345 1.59776
320 348 0.132481
320 352 -3.10675
320 354 2.66883
320 356 -6.3794
320 372 -5.53733
320 375 9.3672
320 379 -0.0389224
321 322 -0.182089
322 323 -3.73241
322 327 -12.0434
322 330 2.29329
322 335 -0.568693
322 345 -3.31536
322 357 -16.612
322 364 -5.53733
322 366 -4.8442
322 368 -3.01573
322 376 -5.53733
323 327 3.01573
324 341 2.47197
324 347 1.12464
324 353 1.91493
324 358 1.69086
324 359 1.44559
325 331 -3.10353
325 332 -2.24998
325 337 0.363609
325 339 -2.71175
325 344 -1.25517
325 351 -4.1114
325 352 0.337785
326 336 2.06181
327 328 8.66662
327 340 5.15756
327 357 -1.52308
327 363 0.982543
327 369 3.18292
327 370 4.43612
327 373 -2.56262
327 385 1.06254
328 329 1.65915
328 338 8.50859
328 340 4.34191
328 342 12.8891
328 363 2.41897
328 370 2.85347
329 342 4.6875
329 349 3.31536
329 361 12.0386
329 370 15.421
329 382 3.10675
331 337 -2.93189
331 343 0.00304255
331 355 -1.32411
331 362 -0.0223624
331 367 -11.7784
332 339 -2.47197
333 336 1.81446
336 346 5.62547
336 365 7.27588
336 374 1.63282
336 377 3.91844
336 388 8.85956
336 393 -5.53733
336 402 6.26034
337 344 -1.20606
337 355 -0.281565
337 372 -3.43706
339 352 -2.58541
341 347 2.58478
341 359 1.88061
341 360 1.92516
341 362 -0.16467
341 365 7.19931
343 360 0.00137039
343 362 -0.0163792
343 365 -0.000377376
344 351 -2.71175
344 372 -2.71175
345 356 -5.88714
345 375 0.0831879
345 376 -7.02519
345 378 -1.54979
345 379 -0.0536547
348 354 0.00778166
349 361 0.943623
350 353 2.85062
351 352 -1.04226
351 372 -3.01573
352 372 -13.1195
353 358 1.39593
353 359 4.19468
355 367 -0.982543
355 372 -1.27785
356 375 -3.20605
357 364 0.93272
357 366 2.52745
357 373 -6.68311
357 383 -7.87756
358 359 0.687271
359 365 2.06428
359 371 1.75131
360 362 -1.58161
360 365 0.688678
362 365 -2.28458
362 367 -1.72077
362 386 -1.44559
363 369 0.24241
363 370 2.93164
364 366 2.22758
364 368 -1.99844
364 383 -12.7068
365 371 3.9122
365 386 -1.88061
365 393 -3.57445
367 372 -9.97346
367 380 2.06244
367 386 -3.01573
367 390 -0.163779
368 376 -1.37165
368 383 -0.83062
368 384 -4.54538
369 370 4.40806
370 381 3.43706
370 385 4.53584
370 392 4.43612
370 397 4.73649
372 375 -5.53733
372 380 -15.8104
372 387 1.30083
372 389 -0.387611
372 395 -5.39396
372 396 -4.8442
372 401 -0.0249126
372 405 -2.47197
372 406 -3.20605
373 383 3.43706
373 385 -2.85347
375 379 -0.561591
375 391 -10.1118
375 396 4.07827
376 378 -1.37165
376 384 2.14198
378 379 -2.78039
378 384 -10.3932
379 384 -4.43612
379 391 -2.41897
379 396 -0.722426
379 404 -3.57445
379 410 -4.8442
380 390 -8.76123
380 398 3.57445
380 406 0.867703
383 384 0.718365
383 385 -9.57254
383 394 1.91493
383 399 2.11844
383 413 -1.98633
384 394 0.609097
384 399 2.50635
384 404 5.33524
384 409 1.21064
385 392 2.72345
385 399 -0.101248
385 400 2.71175
385 413 1.42058
385 416 5.81565
385 425 2.14198
386 390 -1.30083
386 393 -1.23277
386 398 -5.5168
387 389 -2.58569
387 395 -3.91844
387 401 -0.402198
387 407 -4.14515
388 402 2.58651
389 401 0.0309242
390 398 -4.01211
391 396 -7.36776
393 398 0.359113
393 402 -11.3254
393 403 1.17544
393 406 2.12926
393 411 0.305845
394 399 0.356689
395 405 -0.912809
395 407 0.0249389
396 405 -1.25517
396 406 3.59332
396 418 -1.06499
398 403 2.37077
398 406 7.92272
399 404 3.94868
399 409 2.41897
399 414 1.27982
399 416 -0.927455
401 406 -4.59221
401 407 -2.14198
401 408 -0.775982
402 411 -7.02519
402 412 -0.0389131
402 415 2.07655
402 417 -6.19027
402 419 1.10041
402 420 7.63818
402 422 4.02542
402 424 -3.43706
403 406 1.23376
404 410 -7.95095
404 414 1.80938
405 406 -0.0519175
405 407 -0.0508975
406 407 1.54176
406 408 2.18405
406 411 1.71029
406 418 -1.06499
406 421 2.08325
410 414 -13.7059
411 417 -2.24597
411 421 -0.19333
412 417 -0.321795
416 425 1.21064
417 421 1.95232
417 424 -1.75131
419 420 1.6709
420 422 1.69619
421 423 1.37165
