MULTICUT
0 68 1.82729
0 70 0.0156082
0 74 0.000202919
0 79 -0.00322917
1 68 1.52993
1 70 0.0156082
1 74 0.000202919
1 79 -0.00322917
2 68 0.667419
2 70 0.0156082
2 74 0.000202919
2 79 -0.00322917
3 4 1.52308
3 68 0.943146
3 70 0.0156082
3 74 0.000202919
3 79 -0.00322917
4 68 3.85278
4 70 0.046841
4 74 0.000608756
4 79 -0.00968751
5 68 1.32541
5 70 0.0156246
5 74 0.000202919
5 79 -0.00322917
6 68 2.29721
6 70 0.0156246
6 74 0.000202919
6 79 -0.00322917
7 68 2.39666
7 70 0.0156246
7 74 0.000202919
7 79 -0.00322917
8 68 1.23286
8 70 0.0156246
8 74 0.000202919
8 79 -0.00322917
9 68 2.07896
9 70 0.0156246
9 74 0.000202919
9 79 -0.00322917
10 12 -0.18722
10 16 -0.37444
10 68 -0.483906
11 23 -4.52621
11 68 2.41813
11 70 0.0312493
11 74 0.000405837
11 79 -0.00645834
12 13 5.0204
12 16 6.93082
12 21 4.27837
12 32 -2.65623
12 68 -1.98633
13 21 7.94384
13 68 -1.5181
14 15 0.500431
14 16 4.47395
14 68 -0.00778178
15 16 7.1875
15 29 -0.825712
15 35 3.48488
15 37 -2.77761
15 39 0.320874
15 68 -2.52396
15 70 0.0156246
15 74 0.000202919
15 79 -0.00322917
16 32 -2.94008
16 35 3.01573
16 68 -1.60904
17 18 0.0471275
17 20 -0.0267946
17 25 -1.44379
17 27 0.356317
17 68 0.282957
17 70 0.0312493
17 74 0.000405837
17 79 -0.00645834
18 20 -1.53722
18 68 0.283535
18 70 0.0156246
18 74 0.000202919
18 79 -0.00322917
19 23 -0.023346
19 68 -1.16715
20 23 0.758015
20 27 -8.05492
20 68 -1.54316
21 22 1.7796
21 28 0.923909
21 31 3.14165
21 32 -1.08827
21 33 1.32493
21 34 -0.116857
21 36 -1.27078
21 68 -0.237114
22 28 0.564767
22 36 0.13738
22 68 -0.710786
22 70 -0.0168326
22 74 -0.000609562
23 68 -5.40906
24 68 5.29426
24 70 0.0312493
24 74 0.000811675
24 79 -0.00322917
25 27 -1.11918
25 40 0.811003
25 46 -5.31789
25 49 -5.17908
25 68 -2.46473
26 28 10.7209
26 30 2.83157
26 41 6.53377
26 42 5.22957
26 44 1.95015
26 68 0.860516
26 70 0.021702
26 74 0.000608443
26 79 -1.03836e-07
27 46 2.24197
27 68 -0.622783
28 31 2.24689
28 36 1.0274
28 42 2.85347
28 68 -0.00259236
28 70 -0.00108459
28 74 -3.23053e-07
29 37 0.823229
29 38 -1.72077
29 68 -0.764579
30 68 1.30826
30 70 0.00723399
30 74 0.000202919
30 79 -0.00322917
31 36 0.130754
32 34 -0.305309
32 35 -10.3376
32 36 0.966156
33 36 -0.557369
34 36 -0.0156245
35 37 -0.0840441
35 39 4.29973
35 43 1.52223
35 54 -0.369897
36 42 0.237049
36 43 -12.3874
36 44 0.204478
36 45 -6.79436
36 48 -8.90111
36 50 -1.47101
36 56 -0.228296
36 68 -1.57046
37 38 -1.86945
37 39 -0.199953
37 54 3.02785
38 54 0.0137819
38 57 -0.0275637
38 60 -3.91844
38 68 -8.18738
40 49 -8.16853
41 44 12.2109
41 68 0.0505858
42 44 1.48654
42 56 -0.392568
43 45 0.871254
43 52 0.0071218
43 54 -4.87827
44 51 8.33894
44 56 -2.03312
44 68 0.0505858
45 48 2.43757
45 52 0.0134843
46 49 6.52237
46 56 -5.56522
46 68 -1.11664
47 68 2.62832
47 70 0.0156246
47 74 0.000608756
48 50 4.73957
48 52 0.00636253
48 53 2.49652
48 54 -5.35699
48 57 -12.7068
48 61 3.72494
48 64 -0.258094
48 68 -1.02216
49 51 6.41004
49 56 -3.01573
49 68 -0.618144
51 56 -1.78253
51 68 -0.321795
52 54 -1.52308
54 57 -2.01307
55 61 -0.126076
55 68 0.498108
55 70 0.0156246
55 74 0.000608756
56 68 -2.98622
57 60 -11.0674
57 61 -8.76265
58 68 1.50441
58 70 0.0156246
58 74 0.000608756
59 61 -0.123632
59 62 2.77521
59 66 -9.97346
59 68 1.15308
59 70 0.0312493
59 74 0.00121751
60 61 0.526761
60 68 -0.25872
61 62 1.11757
61 64 -0.258094
61 68 -1.19868
61 70 -0.0168458
61 74 -0.0110203
62 64 0.141066
62 66 -11.8032
63 68 1.14848
63 70 0.0156246
63 74 0.000608756
64 66 0.0259725
64 68 -1.78928
64 69 -2.10127
64 71 -4.64769
65 68 2.25401
65 70 0.0156246
65 74 0.000608756
66 67 -10.3815
66 68 -5.00465
66 69 -3.91844
67 68 2.55702
67 70 0.0115074
67 74 0.000608756
67 77 6.57142
67 83 0.775982
67 92 6.31908
67 93 3.55758
67 94 12.3254
68 69 1.61414
68 70 5.24713
68 71 2.25401
68 72 1.71667
68 73 1.22053
68 74 0.706021
68 75 1.54232
68 76 -2.41897
68 77 1.65585
68 78 2.74174
68 79 -0.545479
68 81 2.36886
68 82 2.1004
68 84 -0.293529
68 85 0.566105
68 86 1.98194
68 87 -4.81571
68 88 -0.104522
68 89 1.33007
68 90 1.4815
68 91 1.19118
68 92 1.5921
68 93 0.868244
68 94 1.92945
68 95 1.12557
68 96 2.05969
68 97 2.32663
68 98 1.30613
68 99 2.2311
68 100 3.1417
68 101 2.02023
68 102 2.32663
68 103 2.48586
68 104 2.02023
68 105 1.59123
68 106 1.19118
68 107 1.90857
68 108 2.81189
68 109 1.12557
68 110 2.73881
68 111 1.70973
68 112 2.1004
68 113 1.90857
69 70 0.0156246
69 74 0.000608756
70 71 0.0156246
70 72 0.0314595
70 73 0.0314595
70 74 0.044306
70 75 0.0314595
70 77 0.087859
70 78 0.0314595
70 81 0.125838
70 82 0.0314595
70 85 0.0314595
70 86 0.0314595
70 88 -0.0126303
70 89 0.0314595
70 90 0.0314595
70 91 0.0314595
70 92 0.142552
70 93 0.0509539
70 94 0.133367
70 95 0.0314595
70 96 0.0314595
70 97 0.0314595
70 98 0.0314595
70 99 0.0314595
70 100 0.062919
70 101 0.0314595
70 102 0.0314595
70 103 0.0314595
70 104 0.0314595
70 105 0.0314595
70 106 0.0314595
70 107 0.0314595
70 108 0.0314595
70 109 0.0314595
70 110 0.0314595
70 111 0.0314595
70 112 0.0314595
70 113 0.0314595
71 74 0.000608756
72 74 0.000608756
73 74 0.000608756
74 75 0.000608756
74 76 -1.54852
74 77 0.00106049
74 78 0.000760305
74 79 -0.0260029
74 81 0.00320862
74 82 0.000802154
74 85 0.000802154
74 86 0.000802154
74 88 -9.31325e-06
74 89 0.000802154
74 90 0.000802154
74 91 0.000802154
74 92 0.00240646
74 93 0.000802154
74 94 0.00240646
74 95 0.000802154
74 96 0.000802154
74 97 0.000802154
74 98 0.000802154
74 99 0.000802154
74 100 0.00160431
74 101 0.000802154
74 102 0.000802154
74 103 0.000802154
74 104 0.000802154
74 105 0.000802154
74 106 0.000802154
74 107 0.000802154
74 108 0.000802154
74 109 0.000802154
74 110 0.000802154
74 111 0.000802154
74 112 0.000802154
74 113 0.000802154
76 77 -3.75083
76 79 -0.173887
76 80 -3.00931
76 84 0.430686
76 88 0
77 79 0.146501
77 83 2.12556
77 84 0.798784
77 88 1.7491
77 92 3.69402
78 79 -0.00324648
79 80 0.154052
79 81 -0.0248915
79 82 -0.00622289
79 84 0.630479
79 85 -0.00622288
79 86 -0.00622288
79 87 0.54986
79 88 0.096613
79 89 -0.00622288
79 90 -0.00622288
79 91 -0.00622288
79 92 0.00187301
79 93 -0.00622288
79 94 -0.0186687
79 95 -0.00622288
79 96 -0.00622289
79 97 -0.00622289
79 98 -0.00622288
79 99 -0.00622289
79 100 -0.0124458
79 101 -0.00622289
79 102 -0.00622289
79 103 -0.00622289
79 104 -0.00622289
79 105 -0.00622288
79 106 -0.00622288
79 107 -0.00622288
79 108 -0.00622289
79 109 -0.00622288
79 110 -0.00622289
79 111 -0.00622288
79 112 -0.00622289
79 113 -0.00622288
80 84 -2.32671
81 85 2.0803
81 87 -1.75131
84 87 1.11561
84 88 1.11775
85 87 -0.756503
87 88 0
