MULTICUT
0 10 7.52559
0 15 1.72077
0 16 2.22758
0 41 5.12834
1 5 -0.657696
1 22 10.9921
1 36 1.6666
1 64 0.557268
1 67 1.63986
1 111 0.112557
2 3 -2.81826
2 11 -8.35456
2 16 2.59836
2 17 -1.18877
2 35 -7.90336
2 58 2.44784
2 60 -0.240814
2 63 -4.43612
2 74 0.853818
2 89 -4.43612
2 99 -5.53733
3 11 -0.132481
3 16 -0.497562
4 18 0.735816
4 19 4.86286
4 22 1.75131
4 43 10.5357
4 59 6.57265
4 70 -4.8442
4 82 -0.518548
5 6 -1.78253
5 36 -0.0731459
6 13 6.86799
6 36 1.18449
6 50 -1.76955
6 67 3.04867
6 77 0.163779
6 87 3.01573
6 98 0.687271
7 13 5.62712
7 20 0.758015
7 33 -3.73241
7 42 6.38485
7 65 0.416291
7 71 1.97991
8 21 6.04421
8 28 3.06711
8 49 0.039637
8 55 -16.1111
8 72 0.485068
8 88 -1.23417
9 29 -0.0446414
9 34 4.74371
9 39 -4.91496
9 45 -0.814036
9 57 0.509093
10 25 -0.533685
10 30 0.0478448
10 40 -2.79169
10 41 1.39593
10 56 6.52918
12 17 -0.55042
12 18 -7.22036
12 31 -3.28228
13 23 5.22169
13 46 3.73241
13 65 0.179108
13 71 5.01472
13 77 0.500431
13 94 4.38673
13 98 11.6071
14 24 -0.301834
14 30 0.744605
14 37 -0.874002
14 56 0.489757
14 79 1.09301
14 96 0.686843
14 104 0.194797
15 16 3.57445
16 41 3.01573
16 68 5.4864
16 89 -3.87732
16 102 0.517023
16 125 1.75131
16 126 1.75131
16 140 0.719675
16 169 0.074394
17 31 0.553166
17 35 -4.10901
17 51 0.00147701
17 63 -1.48834
17 80 -3.32578
17 90 -0.81228
18 19 1.98633
18 31 1.10289
18 52 -0.686739
18 70 -6.03145
18 80 -0.0448571
18 81 0.0252414
18 82 -0.367908
18 91 -0.720438
20 26 1.24884
20 33 -0.0175943
20 42 1.29025
20 47 -3.51706
20 62 0.539496
21 29 3.82145
21 48 0.962582
21 73 -12.2185
21 78 -2.02352
21 88 -2.63986
22 32 8.69783
22 43 3.57445
22 53 4.9447
22 61 1.98633
22 64 10.5279
22 66 6.56412
22 111 0.0821182
24 25 -1.69086
24 30 -0.0326846
24 37 -0.99307
25 30 -1.08947
26 27 -2.07555
26 28 -1.81739
26 42 0.516433
26 44 6.06175
26 47 -0.207297
26 62 2.42691
26 76 6.04642
26 93 1.54552
26 122 3.5065
26 128 0.662712
26 178 -0.0010339
27 28 0.17613
27 38 -0.740165
27 44 -3.69521
27 49 -0.765922
28 44 -0.0359106
28 49 -0.148783
28 55 -1.72077
28 72 3.62003
28 84 0.907587
29 39 0.62232
29 48 0.76879
29 57 -0.329254
29 85 -4.8442
30 37 -0.369246
30 40 -0.294866
30 56 -0.994461
30 79 -0.0903536
31 52 -2.12611
31 63 -0.339439
31 80 -0.0894115
32 53 7.3412
32 64 1.27785
33 42 -0.438708
33 54 -0.0817496
34 39 -1.54837
34 45 -0.563834
34 95 3.24662
34 100 4.14128
34 114 2.71175
34 135 -8.55306
34 136 2.64699
34 153 0.619849
35 51 -2.46785
35 58 -3.73241
36 50 -0.19414
36 67 1.00226
38 44 3.69507
39 57 -0.2649
39 85 -2.71175
39 95 -0.874385
39 109 -1.81446
40 56 -5.25119
41 56 1.73322
41 68 10.2787
41 69 5.43541
41 101 0.148121
41 104 0.0835466
41 129 1.2215
41 140 5.90931
41 149 0.145162
41 150 1.74357
41 169 0.148788
42 47 -0.141179
42 54 1.20036
42 62 0.947635
42 65 0.118092
42 71 6.17395
42 75 3.25098
42 76 13.4648
42 93 0.594015
42 103 1.00226
42 113 3.91844
42 116 2.93164
43 59 2.22758
43 61 5.93727
43 92 -1.25517
44 49 2.88918
44 84 13.2505
44 122 2.63605
46 98 2.78039
47 62 -0.106006
48 78 -1.37165
48 85 -3.20605
49 72 0.106514
49 84 1.35946
51 58 -0.369897
51 63 -0.0210152
53 61 1.18877
53 64 5.61799
53 83 5.4954
53 123 0.618144
53 124 3.86482
53 147 3.57445
53 151 1.72077
54 76 0.124394
55 72 -8.71114
56 79 3.98093
56 104 0.182427
56 127 1.60449
56 149 0.342609
56 150 2.17379
58 63 -4.8442
59 82 -1.00226
59 86 -9.28032
59 92 -1.32411
60 63 -3.39518
60 74 -0.481627
61 83 11.0366
61 92 -1.98633
61 106 1.72077
61 131 0.55042
63 74 -2.31952
63 90 -14.8088
64 111 0.312543
64 123 0.964837
64 124 3.56199
65 71 1.66428
67 87 4.70462
67 111 0.255381
67 124 0.66293
68 101 3.04793
68 125 2.64699
68 129 1.83181
68 140 0.701588
68 169 0.074394
70 81 -0.794069
70 82 -1.91493
71 98 7.72146
71 113 0.853064
71 120 0.95965
72 84 2.92175
72 88 -0.0514403
72 109 0.203617
72 115 3.44129
72 138 1.21794
72 161 -1.27785
72 163 -1.30083
72 164 -4.8442
72 174 -2.85347
73 78 -1.44559
73 88 -1.54979
74 90 -3.04658
74 99 -8.97439
74 108 -8.76265
74 126 1.18425
74 130 -3.73241
74 146 -1.75131
76 93 2.94311
76 103 2.73018
76 113 5.15782
76 116 1.91493
76 117 4.68773
76 118 10.0135
76 121 3.31536
76 128 2.285
76 178 -0.0010339
77 98 1.44559
78 85 -1.72077
78 88 0.704796
79 96 0.740321
79 104 0.124364
79 127 1.6002
80 90 0.775982
80 91 -5.53733
80 110 -4.8442
81 82 0.0263403
81 91 -0.127427
81 105 0.0352013
82 86 -1.42058
82 91 -0.085236
82 105 0.378621
83 106 5.61302
83 124 4.16027
83 131 1.54042
83 147 2.84153
83 158 0.0706189
83 159 2.56001
83 172 -0.00611408
83 192 -0.0219663
83 224 -0.000771672
84 115 7.51459
84 122 2.39997
84 143 0.0577439
84 152 0.212197
84 155 7.90535
84 170 -0.533685
85 88 -3.43706
85 107 -3.43706
85 109 -2.64699
86 92 -0.705919
86 105 -10.4237
86 131 -10.3815
87 97 3.44914
87 98 1.63282
87 111 0.110553
87 124 0.491232
87 133 0.00402717
87 137 1.74468
87 144 -2.8797
87 156 0.0242185
88 107 0.0268563
88 109 0.513536
88 115 -0.0663002
88 138 -0.0365804
89 99 -0.500431
89 102 -1.25883
90 110 -18.854
90 130 -1.44559
91 105 -7.51591
91 110 0.369897
92 131 -3.57445
94 98 4.40758
95 109 0.859685
95 139 -1.29088
95 148 -0.386023
95 153 1.58183
96 104 0.352663
97 98 3.58118
97 137 3.2607
98 112 6.64964
98 120 3.67219
98 137 8.83701
98 145 0.484939
98 160 0.274963
99 102 -0.740165
99 108 -0.274059
100 136 2.71149
100 153 0.866303
100 184 0.278187
100 193 1.63839
100 209 -0.163779
102 108 -1.87126
102 126 3.20604
104 127 0.0839504
104 149 2.96914
104 150 2.21871
104 215 1.02698
104 246 0.504461
104 261 0.993156
104 274 -0.128146
105 110 -3.91844
105 119 0.588121
105 131 0.0623284
105 132 -1.41487
105 154 -2.62056
105 158 -0.0741085
105 171 0.75426
105 172 2.45053
107 109 0.134267
108 126 -2.78039
109 134 -3.90342
109 138 0.842349
109 139 -5.07419
109 148 -3.57445
109 162 -9.97346
110 130 0.635286
110 132 -6.50413
110 146 -0.402198
110 157 -11.2494
111 124 3.63333
112 120 0.387606
113 116 3.01759
113 118 2.54387
113 120 0.993564
113 121 1.39593
113 160 3.23224
113 176 0.0397763
113 187 0.118681
113 194 1.93241
113 199 0.836774
113 208 0.418851
115 161 -2.00616
115 170 -0.56723
118 128 2.87761
118 176 0.0125715
118 178 -0.00206781
118 181 0.0132728
118 182 0.0129222
118 187 0.0379779
120 137 3.30729
120 145 0.269099
120 160 5.02595
122 128 7.03427
122 152 0.054372
122 178 -0.00885444
123 124 3.31536
124 133 3.18754
124 141 8.86335
124 144 -0.0142115
124 147 3.18268
124 151 1.72077
124 173 0.584909
124 177 12.8
124 192 8.16853
125 140 0.850017
125 169 0.074394
126 140 8.52585
126 146 -0.962998
126 157 2.93164
126 166 7.61653
126 169 0.354215
126 180 1.74125
126 188 1.42058
126 196 5.29986
126 206 7.74109
127 149 0.0517862
128 152 0.0123174
128 178 -0.0216075
128 182 -0.0808999
128 191 -0.907401
129 140 3.84405
129 169 0.074394
130 146 -1.25517
131 158 -0.192403
132 154 0.0148483
132 157 3.55093
132 171 -0.0116559
132 172 -0.000116353
132 185 -0.508784
132 198 0.509323
133 142 0.189975
133 144 -0.0729666
133 156 4.09172
133 167 3.51195
133 173 9.99463
134 138 -0.867703
134 162 -2.06181
134 168 -1.00661
135 136 -3.57445
135 153 -6.1019
137 156 4.43612
137 160 3.92896
137 175 2.58645
138 168 -1.54979
139 148 -5.17074
140 150 3.17774
140 169 5.44085
140 180 4.30945
140 215 0.47674
142 144 -0.553007
143 152 0.0985394
143 155 0.0387773
144 156 -0.0231429
144 167 -0.264868
146 157 -2.02022
146 166 -3.02891
148 153 -0.905358
148 162 -0.487245
148 165 -9.46903
149 150 0.279779
150 169 0.365214
150 215 1.70622
152 155 2.3909
152 178 -0.349009
152 200 0.621431
153 165 6.23071
153 184 0.274261
154 171 -1.97253
154 172 -0.658503
154 185 -0.012603
155 170 -3.77335
155 200 0.760835
156 167 6.88945
156 173 4.51502
156 175 3.56913
156 177 4.8442
156 189 3.37533
156 204 8.1947
156 210 6.54502
156 217 4.43612
156 222 3.43706
156 227 3.43706
156 232 3.73241
156 233 0.219976
156 252 3.53682
156 258 -0.0237987
157 166 4.13232
157 185 -0.132025
157 188 12.1414
157 197 1.40021
157 198 4.36125
158 159 0.0820555
158 171 -0.103016
158 172 -0.335271
158 192 -0.0929744
158 224 -0.0784454
159 172 -0.0265418
159 192 -0.0257292
159 224 -0.0148462
160 175 0.774593
160 189 3.38526
160 199 1.75131
160 204 5.10211
160 205 1.76492
161 163 -0.150074
161 170 0.0713127
162 165 -4.43612
162 168 -4.31871
163 170 -1.85939
163 174 -1.89876
164 168 -5.231
164 174 1.85611
164 183 -1.12059
164 202 0.0252375
164 207 -1.84714
164 213 -3.99851
164 216 -0.106654
165 168 1.08187
165 179 4.58874
165 184 2.21113
165 195 -2.08353
165 203 -0.385058
165 212 -8.62697
165 214 3.76649
165 220 -1.91493
165 228 -0.0067823
165 231 0.300572
165 234 -11.6386
165 241 1.09494
165 260 0.739754
165 280 0.279417
165 282 0.0957881
168 207 -0.825504
168 214 0.949887
168 241 0.0312518
169 180 0.932998
169 215 8.05951
169 242 -0.0880916
169 244 -0.0594772
169 271 -0.380979
170 174 0.142538
170 200 -2.36822
170 201 -0.071269
171 172 3.12126
172 185 -0.00754119
172 192 0.0787869
172 198 1.23821
172 218 4.09746
172 224 1.80653
173 177 5.47406
174 201 -5.77587
174 202 0.0776911
174 216 -1.631
174 243 -3.31536
174 245 -0.943623
174 253 -3.20605
175 189 2.24003
176 181 1.36201
176 182 0.0138162
176 187 0.50185
177 186 7.3558
177 192 2.85347
177 222 3.57445
177 226 2.33587
177 240 4.53627
177 256 3.57445
178 191 -0.0700634
178 200 -9.48178
179 241 0.0204662
180 206 1.42058
180 215 0.217154
180 242 1.04445
180 244 -0.0298772
180 271 -0.0122422
181 182 0.0509873
181 187 3.37657
181 190 7.73822
181 194 2.58569
182 190 3.36287
182 191 0.136753
182 211 2.8755
184 193 0.0448637
184 219 -2.69472
184 234 -4.43612
184 236 -0.402198
184 247 -1.45182
185 198 -0.114275
187 194 3.4557
188 197 1.74254
188 198 2.03391
188 206 1.37165
188 225 1.30083
189 204 6.40216
190 194 0.740165
190 211 1.57671
190 229 0.81228
190 230 6.53625
191 200 0.0691873
191 211 0.192185
192 224 5.01401
192 239 -0.349608
192 256 3.56117
193 209 -0.740165
193 219 -0.597607
193 236 -0.163779
194 199 1.85586
194 208 5.51304
194 229 2.72832
194 230 4.14515
194 270 0.962998
194 276 1.14578
195 203 -0.0410546
195 212 0.334425
196 206 4.82752
197 198 2.12311
198 206 3.02481
198 218 5.73432
198 221 2.05137
198 224 7.00314
198 225 1.60463
198 238 1.10372
198 250 3.91844
198 256 0.704796
198 265 17.4176
198 267 4.43612
198 272 9.24362
198 278 2.02352
198 284 0.0778992
199 205 2.13884
199 208 4.15402
199 223 7.96728
199 276 0.112941
199 279 0.110028
200 201 -8.65919
200 211 11.2116
200 253 1.24717
200 254 1.268
200 266 -0.039834
201 253 -3.14566
202 216 -0.0859773
203 212 -0.859148
203 214 -0.372338
204 205 1.00316
204 217 1.18877
204 223 8.31351
204 227 1.98633
204 237 4.81219
204 252 1.80158
204 258 -0.0609793
204 259 -0.341774
204 273 0.44295
205 223 4.49493
206 221 5.79982
206 225 2.06181
206 238 2.14198
206 242 3.02006
207 213 0.660374
207 214 -2.3263
209 235 -3.20605
209 236 -0.500431
211 230 10.9763
211 254 1.0721
211 257 3.40372
211 266 -0.0895868
212 214 -7.8148
212 220 1.05472
212 228 -0.144278
212 241 -11.4445
213 214 -0.10761
213 216 -2.78866
213 248 -0.636352
213 249 0.0104387
213 264 -0.023346
214 228 0.0813497
214 231 0.267318
214 241 0.0190322
214 249 -2.7783
214 255 0.0289679
215 242 -1.3153
215 244 -0.108288
215 261 3.33528
215 271 -0.737943
215 274 0.519754
215 275 2.06878
215 292 2.85189
215 309 3.01969
215 329 2.78039
215 488 0.036966
215 505 0.00255738
215 529 0.0145416
216 243 0.0285132
216 248 0.0970753
218 224 2.47197
219 236 1.54979
221 242 0.479848
221 262 0.71729
221 277 -1.36659
221 284 0.0778992
221 292 -0.153211
221 306 -3.57445
222 232 1.88061
222 240 4.78477
223 258 -0.0324324
223 259 -5.06549
223 273 7.95712
223 276 2.18405
223 279 1.76673
223 281 5.90654
223 295 9.78274
224 239 -0.337842
224 256 2.06339
226 240 1.25517
226 256 3.92757
228 231 -0.00675654
228 241 -0.0392973
229 230 0.849093
230 263 1.99558
230 266 0.0472329
230 270 1.08303
230 287 2.36822
230 294 -1.52627
230 296 -2.77843
230 298 -0.101223
230 308 -1.72371
230 317 -0.0304051
231 241 0.561391
231 255 0.408907
231 260 -0.363371
231 282 -1.16852
232 233 0.571034
232 240 1.57696
232 252 3.35858
232 268 2.18942
233 252 0.880281
234 247 -19.8451
234 260 -0.670047
235 236 5.72099
235 283 0.81228
236 247 2.20661
236 283 2.04668
236 297 2.64843
236 299 2.29544
236 300 0.379102
236 305 2.47897
236 315 0.911278
236 323 -0.181041
236 327 0.179442
239 256 -0.361374
240 256 3.15924
240 268 5.34704
240 288 1.66027
241 255 0.0503902
241 260 0.217778
241 282 0.204677
242 244 0.077318
242 271 1.65186
242 277 -0.141881
242 292 -1.97068
243 245 -3.91019
243 248 0.0490623
243 264 -0.434708
243 269 -0.652519
244 271 0.0416723
245 253 -5.55619
245 269 -2.85347
246 261 0.496339
246 274 -1.53618
247 280 0.251294
247 297 6.85036
247 335 0.00896241
247 353 0.0146211
248 264 -2.06181
249 255 -3.72052
249 264 -2.18405
250 265 3.01573
251 256 3.10675
252 258 -0.0237988
252 268 3.20095
252 273 13.2261
252 290 7.88663
252 312 4.58106
252 322 15.1324
252 326 3.57445
252 328 0.13037
252 332 4.14515
252 342 4.43612
253 254 0.668672
253 264 0.0270106
253 269 5.12082
253 289 -2.66311
253 311 7.67732
253 313 2.60487
254 266 -0.0702943
254 289 -1.75131
255 264 -0.684241
255 282 -3.22075
256 272 2.14198
256 285 5.94737
256 288 9.53987
256 291 10.7507
256 319 2.52745
256 321 12.1067
256 326 8.79033
256 346 2.41897
256 354 2.27269
257 266 -0.000305967
258 259 0.0523976
258 273 -0.029945
259 273 -2.37561
260 280 0.449266
260 282 1.44321
261 274 5.52426
261 301 3.64434
261 303 1.16685
261 309 7.71651
261 488 0.110015
261 505 0.00506502
261 529 0.0484968
262 277 -0.289331
262 292 -0.152635
263 270 5.59329
263 286 1.15595
263 287 5.25924
263 350 0.024673
264 269 0.166357
264 282 4.8852
265 272 0.0405483
265 278 3.73241
265 284 2.77756
265 304 2.47195
265 306 0.179318
265 310 1.53851
265 316 1.81488
265 325 4.10103
265 343 0.172871
266 289 -0.740922
266 294 0.472234
266 296 -0.00787234
267 272 1.95015
268 288 2.20005
268 290 3.16385
268 326 3.18021
269 282 0.165416
269 311 0.123705
269 318 -1.21064
270 276 7.09301
270 287 2.07014
270 307 0.00446862
270 350 0.00310509
271 275 -0.546426
272 321 2.36822
272 325 3.43096
272 338 2.27269
272 340 3.841
272 380 0.020201
273 295 3.01573
273 302 3.01573
273 312 0.625218
273 322 3.10675
276 279 5.1071
276 281 5.16287
276 287 6.72174
276 293 5.54317
276 295 0.861969
276 307 2.32325
276 328 1.76693
276 330 4.54051
276 339 1.26794
276 350 0.0023563
276 383 -0.0502566
277 292 -2.51787
277 306 -0.110185
280 282 0.12832
280 297 6.32506
280 320 6.89073
280 335 0.0268872
280 353 0.0438632
281 295 1.20681
282 297 0.362765
282 311 6.86469
282 318 -0.00797489
282 320 10.9019
282 335 0.00437048
282 341 4.66537
282 349 -3.43706
282 353 0.0188873
283 300 1.23706
284 306 -0.00974189
285 291 1.32411
286 287 2.90013
286 350 0.00290928
287 307 7.51565
287 308 -3.53282
287 317 6.16006
287 330 2.31952
287 333 3.80385
287 348 4.22697
287 350 0.0557168
287 352 2.07943
287 362 0.48904
287 375 -2.19478
288 291 1.91493
288 326 5.84564
289 294 0.0918227
289 313 -4.08624
291 319 2.99317
291 326 5.29623
292 306 6.82063
292 309 0.0594795
292 324 -1.73084
292 325 0.0656248
292 329 0.597589
292 488 0.0385483
292 505 0.00256196
292 529 0.0191699
294 296 3.49969
294 313 -1.00226
294 314 2.67507
295 322 3.23003
295 328 1.84004
296 298 -0.654482
296 314 0.861845
296 317 -0.190269
297 305 1.21729
297 320 1.19727
297 323 0.0206789
297 327 0.0608655
297 335 1.57485
297 337 0.0545563
297 349 -0.434708
297 353 0.213458
298 314 -0.148121
298 317 0.719543
298 334 -4.8442
299 300 0.129181
299 323 0.076999
300 323 0.371019
300 344 -1.94972
300 374 -3.97314
303 309 5.34621
303 488 0.0709328
303 505 0.00250516
303 529 0.0280515
304 343 -0.0729461
305 327 0.0671051
305 335 0.605299
305 337 0.918794
305 353 0.13338
306 309 1.89274
306 310 -0.188657
306 316 -0.0743834
306 324 -0.222377
306 325 0.540938
306 343 5.914
306 367 6.63917
306 488 0.0345035
306 505 0.00253807
306 529 0.014257
307 350 0.00751278
308 317 -4.4357
309 329 3.35191
309 358 -4.12941
309 367 4.46621
309 369 2.44585
309 370 11.367
309 438 2.16743
309 464 2.87341
309 474 -0.982543
309 482 -0.0280422
309 483 0.80816
309 488 3.22864
309 505 -0.00184084
309 523 4.85343
309 529 1.27368
309 533 0.201412
310 316 0.00241913
310 343 -0.145354
311 313 0.295665
311 318 -0.00797489
311 341 1.23195
313 314 -2.06442
313 331 3.94179
313 341 5.9645
314 331 -1.7922
314 334 -0.775982
315 323 -1.76707
315 327 -0.00378174
316 343 -0.480965
317 334 -3.93391
317 345 -1.53466
317 350 0.44111
317 356 0.0106932
317 364 0.471297
319 326 1.88061
320 335 0.00896241
320 353 0.0146211
321 338 1.34772
321 354 5.13131
322 328 0.849735
322 342 1.84714
322 351 6.59018
323 327 0.150967
323 344 -0.0575588
323 357 -1.59189
323 374 -0.0303098
325 340 2.78936
325 343 0.329762
325 359 -0.116166
325 367 1.1373
325 380 0.543343
325 381 -0.0582756
325 420 0.0583008
326 332 7.75911
326 336 11.6887
326 346 3.31536
326 354 2.53562
326 379 1.39931
326 382 -5.09843
326 390 -0.12878
327 337 0.982979
327 357 -0.143949
327 360 -0.296279
327 361 -4.14515
328 330 0.914884
328 339 -3.97364e-08
328 351 0.116857
328 371 0.837339
329 488 0.0350483
329 505 0.00253266
329 529 0.00855907
330 339 2.79597
330 347 3.32519
330 348 4.55097
330 355 -1.32411
330 371 4.99362
330 372 0.361999
330 383 -0.699994
330 406 0.0257404
331 334 -4.8442
331 341 5.71591
331 345 2.18405
331 363 -1.63282
331 366 1.15358
331 376 3.62196
332 342 8.08864
332 351 6.78146
332 382 -3.73391
332 392 5.50109
332 398 8.35184
332 407 1.42058
332 439 0.431527
332 442 0.156361
333 350 0.00226683
334 345 -5.53733
335 337 0.0400686
335 353 1.80461
335 388 -8.14189
335 394 -0.199749
335 409 -8.07992
335 419 0.395161
335 446 -2.02352
337 353 0.0539236
337 360 -1.18015
337 361 -1.72077
337 388 -3.55471
337 396 1.85208
337 402 0.0155265
337 409 -1.81718
337 414 0.0180615
337 437 0.409545
337 443 -4.89093
337 446 -0.444966
338 340 7.32716
338 354 0.248717
340 354 0.263552
340 359 4.68154
340 378 0.0658457
340 380 -0.422534
340 381 1.25517
341 349 -6.05193
341 376 2.69189
341 377 6.72223
341 393 -0.0453675
342 351 4.21536
343 367 0.758831
345 356 -0.509779
345 363 -5.79906
347 355 -7.95095
347 383 0.0372936
347 387 -2.75742
348 352 1.16715
348 355 -5.91646
348 368 2.03969
349 353 -1.49683
349 365 -2.78039
349 373 -27.5039
349 377 -11.6834
349 416 -0.402198
350 352 0.0115859
350 362 0.025016
350 364 0.309055
351 371 5.06252
351 398 4.16929
352 368 9.93107
352 375 -0.457908
352 391 -3.72529e-09
353 365 9.58055
353 394 -0.586382
354 378 6.26313
354 379 0.503769
354 380 0.352727
354 389 4.64495
354 390 -0.0849539
354 410 5.96235
354 420 0.343717
355 368 -2.93164
355 387 -4.92129
355 395 -2.47197
355 401 -3.43706
355 403 -1.30083
356 363 -0.0106788
356 364 0.042744
357 361 -8.04277
357 374 1.09973
357 385 2.37921
357 396 2.68791
357 397 -0.0608202
357 399 -0.327403
357 402 1.36053
357 414 0.0066703
358 369 -0.584119
359 380 -4.45197
359 381 1.80708
359 420 -0.0616749
360 361 -0.337785
361 396 -3.21422
362 364 0.939425
362 375 -5.26699
363 364 -0.62724
363 366 -3.57445
363 376 -3.20605
363 384 -3.01573
364 375 -0.36023
364 384 4.21439
364 391 4.08466
364 423 -3.26676
364 427 -0.149336
364 429 -0.51429
365 373 9.00257
365 394 -0.133618
365 419 1.76428
365 426 -2.47165
365 446 -5.88529
365 473 4.48704
365 500 0.365827
365 501 3.27715
365 520 0.0898745
366 376 1.04226
367 370 2.75849
367 380 3.57346
367 386 -0.239106
367 438 1.9078
367 459 -3.73241
367 474 -1.21064
367 483 1.52957
367 488 0.00612989
367 489 -2.53955
367 495 -2.85347
367 505 -0.0279066
367 515 -4.4075
367 517 0.635286
367 524 -3.01573
367 529 -0.00486721
367 534 0.274059
367 537 4.45087
367 542 -4.8442
367 547 -5.53733
367 552 -5.53733
368 375 -0.210031
368 391 0
368 395 2.62004
369 488 0.0306459
369 529 0.0195889
370 386 -1.0422
370 488 0.144462
370 529 0.0808718
371 372 1.48284
371 383 -2.24499
371 398 6.86385
371 406 0.0868228
372 383 -2.10606
372 406 0.136712
373 416 -3.54071
373 426 -0.895004
374 397 -1.21064
374 399 -1.28113
375 391 -3.08324
375 395 -0.0172052
376 377 0.299738
376 384 2.32397
376 393 -0.0572452
376 408 3.19319
376 415 -4.27089
376 429 0.110305
376 433 0.29221
377 393 -0.287087
377 408 3.80804
377 416 -2.61696
377 433 1.45928
378 380 -0.0326493
378 381 6.86385
378 420 -0.0937074
379 382 -0.304908
379 389 0.99654
379 390 -0.140304
380 381 -0.545033
380 410 1.9508
380 420 2.39115
380 452 -6.38813
380 459 -13.1345
381 420 -0.0643127
382 389 -3.49953
382 390 0.0605754
382 392 -3.03314
382 413 -8.01058
383 387 -0.584117
383 404 -1.49413
383 406 -1.22831
384 415 -9.79311
384 429 -0.505428
387 403 -5.33675
387 404 2.66893
388 409 1.84714
389 390 -0.182973
389 410 2.16451
389 413 0.523914
389 421 1.62855
389 431 0.506219
389 432 0.0407564
391 395 0.0510177
391 405 0.0745039
391 411 -2.23624
391 422 -0.122643
391 423 -0.490653
392 407 1.95015
392 413 -0.0915724
392 432 2.5122
392 439 1.98363
392 441 2.78326
393 408 -0.226022
394 419 -0.0459804
395 401 1.33204
395 405 4.52272
395 411 0.142579
396 402 1.08856
396 414 0.0159176
396 487 -0.00398678
397 399 -0.0318238
397 400 -0.0916793
397 402 -0.230809
398 406 2.06181
398 435 0.10661
398 442 3.20678
398 492 1.24434
398 506 0.0498117
398 531 -0.455292
399 400 -0.0823689
399 402 -0.164738
399 412 -2.83329
400 402 2.18868
400 412 -3.12196
400 417 0.1461
400 424 -5.91359
401 403 -5.70254
401 405 3.64173
401 418 2.47197
401 425 3.55169
401 445 1.98633
402 414 0.126145
402 417 0.1461
402 424 -0.517023
402 437 0.986272
402 440 3.93648
402 444 2.95877
402 487 -0.629546
402 507 -2.51147
402 513 -1.00226
403 404 -0.880275
403 418 -3.91136
404 406 4.06659
404 418 3.12441
404 430 1.001
405 411 1.99417
405 445 1.78253
405 465 -1.34772
405 486 -1.69086
405 493 -0.573919
406 418 0.170346
406 430 0.00546677
406 435 2.80829
408 433 0.803929
409 446 -9.93411e-08
410 431 3.49871
410 452 -3.95099
411 422 -3.49932
411 453 -0.0368827
411 476 0.180583
411 479 -0.403773
411 493 -2.38333
412 424 -0.0592406
412 458 0.759386
412 460 -0.0509979
412 463 -0.0796174
412 481 -0.274059
413 421 0.521639
413 432 0.0407564
413 441 -0.199416
414 437 0.0258287
414 487 -0.0210722
415 429 -0.853346
416 426 0.0658395
416 433 -0.193757
416 434 -5.01808
416 457 -3.85258
416 467 -0.0453028
416 500 0.425791
416 509 3.80305
416 516 -2.54188
416 536 -0.353819
416 549 -3.01573
416 566 0.0390884
416 600 0.0147399
417 424 -1.3557
418 430 0.349587
418 435 0.0220328
418 445 2.58569
418 447 1.88455
418 455 1.63741
418 456 2.73372
418 469 -8.35456
419 446 -2.71438
421 431 5.54665
421 432 1.25967
421 470 0.78622
421 471 1.13643
421 472 -0.498861
421 475 -0.345141
421 477 0.568702
422 423 1.44151
422 453 0.184017
423 427 -0.0812245
423 436 0.303525
423 450 0.0852625
423 451 -2.9576
423 453 -0.0761928
423 454 0.161804
423 480 -0.0527108
424 440 -6.93327
424 458 -1.95475
424 460 0.0481256
426 434 -1.05139
426 473 -0.982543
426 500 -0.174141
427 428 -3.91844
427 429 -1.00226
427 436 -0.0710079
428 429 -3.43706
428 436 -0.79221
428 448 -2.22431
428 451 0.105177
428 454 0.356262
428 461 2.31073
428 508 -0.724468
429 433 0.0282387
429 448 -0.023346
429 449 -2.18405
431 452 -1.00727
431 459 -1.00321
431 468 1.16715
431 470 0.000567
431 472 -0.520481
431 484 -1.05576
432 441 0.305747
432 475 -0.56723
433 449 -0.572199
433 457 -1.11767
434 500 -0.123876
435 447 5.30731
435 478 -0.316851
435 492 0.213219
436 451 -0.402198
437 443 -5.21181
437 446 -0.32199
437 462 0.389082
437 487 -4.1413
437 507 -4.8442
437 521 5.43133
437 546 -0.0323633
438 488 0.0758775
438 529 0.0408553
439 441 3.50941
439 442 3.74929
439 475 -0.00613216
439 485 -0.266025
439 491 -1.12464
439 498 -0.0574436
439 502 0.0469081
439 506 0.393688
439 514 -1.37165
440 460 -17.4489
440 504 -2.10127
440 513 -11.8067
440 522 -4.43612
440 528 -3.32181
441 475 -0.034724
442 492 1.10332
442 506 0.207557
442 531 -0.949202
443 446 -0.0225645
443 462 -0.230017
444 487 -0.0863797
445 465 -0.0856503
445 469 -1.95015
446 462 -0.109472
446 494 -6.80347
446 501 -0.386343
446 510 -1.02499
446 520 -0.185117
446 546 0.716079
447 455 3.48404
447 478 -0.208218
448 449 -0.002801
448 461 -0.946076
448 466 1.14321
448 467 0.00560203
449 457 -0.533685
449 466 -0.0632954
449 467 -0.76137
450 453 -0.591453
450 454 0.855163
450 480 -1.86601
450 503 -0.369897
451 454 -0.478254
452 459 7.6667
453 454 -0.0663435
453 479 -0.64985
453 480 0.0780155
454 461 0.172737
454 480 -0.0517708
454 503 -2.71172
454 508 -1.56774
455 456 4.83509
455 469 -3.20605
455 478 -0.194233
455 496 -0.869869
455 497 1.12611
456 469 -3.84133
457 467 -1.34582
458 460 -0.148098
458 463 -9.49172
458 481 -0.483906
459 468 -2.60055
459 484 0.764953
459 515 0.402198
460 481 1.03056
460 504 -0.163779
461 466 -1.32375
461 490 -1.14428
461 508 -0.143612
461 516 -4.14515
461 519 0.671868
461 532 0.156402
461 535 -0.0693177
461 536 -3.76138
463 481 -6.06676
464 482 -0.0113112
464 488 1.70772
464 529 0.0391778
465 469 -7.88486
465 486 -1.38092
465 499 -10.8051
466 467 0.329469
466 490 0.359172
466 516 -0.380197
467 516 -0.263893
468 484 -10.0183
469 486 -1.4235
469 497 -4.43612
470 472 -0.0801217
470 477 0.523555
470 484 -0.00100629
471 472 -0.0952708
471 475 -2.34976
471 477 0.284549
472 477 -0.670428
472 484 0.601614
474 483 -0.101248
475 477 -8.47667
475 485 -0.532409
475 491 -8.17519
475 580 -0.0759032
475 593 -0.525553
476 479 -1.0779
476 493 -0.505397
477 484 -9.54661
477 525 0.339018
477 560 -0.206616
477 580 -0.959601
478 492 -0.601089
478 539 -1.47101
478 540 -2.52745
479 480 -0.156017
479 493 -1.18877
479 512 -4.28871
480 503 -2.93164
480 512 -4.43612
481 504 -0.563413
481 528 3.20177
481 587 0.215368
482 488 -0.0867933
482 533 -0.0257587
483 488 0.0239637
483 495 -2.14198
483 505 -0.0293546
483 529 -0.00554678
484 515 0.179457
484 525 -7.24061
484 530 -4.43612
484 550 -5.79612
484 561 -2.41897
485 491 0.532768
486 493 -3.70713
486 497 -1.69086
486 499 -14.3
486 518 -1.16715
486 526 -1.66155
486 545 -3.89715
486 553 -0.27487
486 565 -0.183828
486 572 0.905357
486 590 0.775982
486 596 -1.25517
486 601 -2.93164
486 605 -4.8442
487 507 -0.337785
488 505 -0.000683084
488 523 0.454843
488 529 0.20203
488 533 1.67396
489 537 -1.69558
490 516 -0.0359083
491 502 -14.2771
491 511 1.04226
491 580 0.0759031
491 593 5.31725
491 633 -2.36822
492 506 0.0341864
492 531 -0.351254
492 539 -4.43612
493 512 0.025531
493 518 -0.321795
493 541 0.00785601
493 543 1.33984
494 510 -4.03384
494 520 -0.178636
495 505 -0.167142
495 529 -0.0835711
496 497 -0.396532
496 526 -5.54317
496 540 -2.93164
496 557 -0.55042
496 562 -0.349956
496 581 0.116857
497 526 -5.53733
498 502 -2.20446
498 514 -14.1166
498 604 2.02143
498 613 3.3547
500 501 2.88028
500 549 -1.83164
500 554 -1.86968
500 555 4.89672
500 576 2.17867
500 660 0.0570736
501 520 1.08721
501 554 -3.78448
501 556 2.34188
501 594 0.775572
502 511 -1.42058
502 604 -3.8933
502 613 -3.43679
502 633 5.73349
502 634 -4.4581
503 508 1.60463
503 512 -0.982576
503 527 -1.7453
503 535 -5.6197
503 548 -1.99298
503 551 0.0594677
504 522 -0.179458
504 528 -0.416885
505 524 -2.93164
505 529 0.0392984
506 514 -4.18378
506 531 0.148823
506 568 0.162441
506 583 0.0356246
506 647 -0.0275152
506 651 0.0412954
506 673 -0.00345096
507 513 0.05222
507 521 -1.72077
507 544 -0.362699
508 535 -1.3225
509 549 -4.80363
509 555 4.17939
509 566 0.156525
509 573 -0.630497
509 576 1.80262
509 600 0.933766
509 630 2.03152
509 652 -0.0313219
509 677 0.0365209
510 520 -0.0329924
510 546 -0.434708
510 556 -0.0659849
510 559 -1.57696
512 527 -1.44059
512 541 1.85291
512 543 0.0322589
512 551 -0.34805
513 521 -2.22758
513 528 1.27785
513 544 -1.82774
513 574 -2.18602
514 613 -1.37165
514 634 -0.420993
514 647 2.00196
514 651 -0.0412954
514 698 -0.318653
514 761 -0.118388
514 769 1.39126
514 786 2.34714
514 810 0.351074
515 517 -2.83542
515 538 -7.83139
515 561 -1.42058
515 592 0.295257
515 606 -2.71175
516 536 -3.15014
517 538 2.71175
517 542 -0.00778178
518 543 -3.02079
518 545 -0.148121
519 532 0.647966
519 535 -0.270695
519 548 0.0279077
519 578 0.0062252
520 556 1.97449
521 544 -3.91844
521 546 1.11118
521 574 -3.31536
521 586 -2.66886
521 611 5.07309
521 617 0.00944675
521 618 2.18405
521 623 -3.43706
522 528 0.652519
523 529 3.20039
523 533 5.86248
523 567 2.41423
523 595 -5.67572
523 631 -2.78039
523 639 1.35266
523 649 -1.90145
523 650 2.10127
523 661 -2.71175
523 693 0.704796
523 697 -3.01573
524 529 -8.35456
524 534 -5.78732
525 530 0.019582
525 560 -0.296585
526 557 -1.94049
526 563 -3.67676
526 565 -1.50784
527 551 -0.258219
528 564 -0.996486
528 571 -1.75587
528 574 -1.18877
528 587 0.215368
528 591 -2.02352
529 533 0.0195889
529 534 0.13012
529 567 1.17151
529 575 0.383706
529 588 1.49534
530 550 0.0309718
530 560 -0.039164
531 539 -4.46695
531 568 2.26127
531 583 0.224182
531 651 0.0243167
532 536 0.266646
532 548 0.0309146
532 566 -1.42058
532 573 1.74216
532 578 0.0170639
532 579 2.01639
532 610 -0.704796
533 577 2.18405
533 595 -0.81228
533 597 -5.90104
533 598 -1.72077
533 614 -5.20727
534 547 -6.12248
534 552 -3.57445
534 575 2.68065
535 548 0.977048
536 566 -0.50857
537 542 -7.19888
537 552 -4.51502
537 575 6.63194
537 625 3.01573
538 542 -2.27269
538 589 1.27785
538 592 -2.80607
538 606 0.987112
538 619 -2.93164
538 625 0.652519
538 667 0.745471
538 672 3.84057
538 676 0.0124159
538 690 1.84714
539 540 -0.599751
539 562 -0.0524909
539 583 -4.8442
539 584 0.637746
539 607 -0.0380419
539 608 -1.00226
539 620 1.44821
540 562 -6.24642
540 584 -3.26225
540 607 -0.886457
541 543 0.012621
541 551 -0.257926
541 558 -0.438046
541 570 -1.24028
542 589 -0.386023
542 599 -0.849093
542 603 0.00778166
542 625 -1.00226
543 545 0.0702143
543 558 -1.83008
545 558 -1.91493
545 582 0.0233459
545 590 -2.14198
546 559 0.0184776
546 617 -0.00133695
546 618 0.704981
546 622 0.0845288
547 552 -0.427255
548 551 -0.285464
548 578 0.00854327
548 585 0.537032
548 609 -3.57445
549 576 -0.434708
550 560 1.54941
550 561 -10.3815
550 632 -0.451904
550 667 -0.673275
551 570 -1.44783
551 585 -0.164379
552 575 -11.9167
553 565 0.431889
553 572 -0.523139
554 555 -0.830175
554 594 -3.32106
554 637 -3.73241
555 576 2.85531
555 600 0.0147399
555 630 1.39563
555 637 -2.15838
555 660 0.514355
555 664 0.135679
556 559 2.17268
556 594 2.83981
556 617 -4.81029
556 627 0.905357
557 563 0.0162039
557 565 0.0309434
557 569 0.0163606
557 581 -6.93025
558 570 -3.10675
558 582 -2.85347
558 590 -0.226632
559 617 -5.55835
560 580 -0.581853
560 593 -1.72769
560 632 -3.20605
561 592 -2.10928
561 667 -4.43612
562 581 -7.65085
562 584 -0.031753
562 607 0.935145
562 620 -1.9229
562 621 -0.132481
562 658 0.195158
562 680 -6.31972
563 565 0.0488266
563 569 0.0288194
564 571 0.483906
564 587 -1.78253
565 569 0.401555
565 572 -0.466849
565 581 -0.132481
565 615 0.0687678
565 621 -0.401204
565 626 -0.116857
566 573 -0.885559
567 588 9.92704
567 650 6.10316
567 670 0.477393
567 679 3.67803
567 711 -0.742966
568 583 0.80609
568 628 2.00638
568 651 0.00961471
568 673 -0.00770686
568 694 -0.648704
569 581 -1.00226
570 585 -1.04226
570 590 -0.57627
570 609 -0.56723
570 636 2.24138
571 587 -9.98703
571 591 -2.33649
571 602 0.0518261
571 623 -0.418426
571 642 -0.194478
571 648 -0.00533392
572 605 -3.91844
572 615 -0.0862935
573 600 -4.16468
573 609 -1.44559
573 610 -1.90662
574 591 -18.8055
574 623 -3.47903
574 624 0.154332
575 588 7.84029
575 625 3.20604
575 670 0.451047
576 630 0.40583
576 660 0.0944971
577 595 -4.73719
577 598 -14.864
577 631 -5.53733
577 654 0.0613413
577 661 -2.71175
577 685 -0.027512
577 689 -2.74307
578 579 0.00816247
578 609 -0.747845
579 610 -0.83062
580 593 0.151828
581 621 -13.7914
582 590 -0.48996
583 608 -9.28032
583 628 0.13722
583 645 -11.0747
583 651 0.00110283
583 694 -1.46456
583 737 -9.91073
584 607 -0.02096
584 620 0.0127784
585 609 -0.722426
586 611 -0.023346
587 602 -0.0515769
587 635 -6.46333
587 642 0.894597
587 648 0.0107789
588 670 3.56942
588 679 1.14772
588 711 -0.573861
589 603 -0.321795
589 619 -2.31952
590 596 -9.45578
590 636 -6.11393
590 659 -1.27785
591 602 -4.88616
591 623 1.04225
591 624 -0.467445
592 667 -2.14198
593 632 2.29906
593 633 -6.66539
593 667 5.0569
593 708 -0.179458
594 616 -2.34148
594 627 1.42058
594 637 -0.221196
594 669 -1.21064
595 631 -0.386023
596 601 -4.75988
596 659 0.386346
596 725 -8.97439
597 598 -0.0856503
597 612 -1.39593
597 614 -1.27785
598 612 0.000675774
598 614 0.0140177
598 644 -2.03927
598 654 -0.0544849
599 603 -0.289934
599 625 -5.53733
600 609 -0.116353
600 630 0.0988302
600 641 -0.232705
600 652 -0.923365
600 660 -0.102589
600 665 0.317307
600 677 0.462157
600 713 -0.0938535
600 738 -0.0846284
601 605 -10.674
601 674 -0.701807
601 725 -4.14515
603 619 -0.148121
603 625 -0.722426
604 613 1.75131
605 615 -5.74978
605 674 1.81446
607 620 -0.172161
608 620 -0.440618
608 645 1.10283
609 610 -1.8933
609 629 0.573719
609 636 -0.402198
609 640 -1.69225
609 641 0.433283
609 668 0.52444
609 675 -0.52407
610 629 -0.103219
611 618 5.05308
611 623 -0.775982
611 638 -5.91317
612 614 -0.558229
613 634 2.66454
614 644 -1.51339
615 621 -1.75131
615 626 -0.305845
615 674 -1.66155
616 627 -4.01865
616 669 0.722426
617 618 0.0364628
617 622 0.0117662
617 627 -2.82158
617 666 -9.5093
618 622 0.719167
618 638 -1.32411
618 655 5.94109
618 656 -2.47197
618 666 -1.05708
619 625 -3.96355
620 645 -0.694888
620 658 -2.53151
621 626 -6.66405
621 674 -13.506
621 680 -1.30083
621 700 -1.14578
621 724 -1.49683
623 624 -0.617329
623 638 -0.395912
623 648 -2.5991
625 670 1.64471
625 671 7.04028
625 690 6.27848
625 711 -0.0439705
627 666 2.71175
627 669 -3.35572
628 651 0.000551413
628 694 -0.380948
630 660 0.0425098
630 665 0.553373
631 639 -1.44559
631 643 -3.11817
631 661 0.289994
632 667 1.43339
633 634 -2.99783
633 667 -2.09138
633 698 -0.211474
633 708 2.84541
633 721 -0.671156
633 732 1.67613
633 733 -0.433194
634 698 0.974506
635 642 -1.55389
635 691 4.25292
635 705 -3.43207
636 640 1.34321
636 646 -0.562107
636 659 -0.704796
636 695 6.34704
637 664 -1.09531
637 669 -0.116857
637 678 -2.80503
637 683 1.21064
638 648 0.213171
638 653 -0.0601192
638 656 0.0723907
638 662 -0.0209554
639 643 0.338852
639 649 -0.420772
640 668 -0.491662
640 687 0.119938
640 695 0.533685
641 652 -2.31952
642 648 0.0778223
642 663 -1.30965
642 688 0.573757
642 691 -3.74922
642 706 -1.75345
643 649 -9.36973
643 661 -0.137879
644 654 -5.06999
644 657 -1.5082
644 684 -0.928084
645 658 0.00289045
645 699 -0.0998149
645 704 1.64583
645 737 -2.96024
645 763 -1.47101
647 651 0.232446
647 762 -9.97346
647 769 1.94244
648 653 -0.00582435
648 656 0.0158325
648 662 -0.00621023
648 663 -3.91942
648 688 -0.138218
649 661 1.20058
649 686 -0.0488407
650 679 1.09902
650 697 -6.74137
650 729 -0.55042
650 748 -7.71961
650 757 -0.669846
651 673 -3.88111
651 762 -5.53733
651 769 0.084092
651 810 0.0144416
652 675 -0.669846
652 677 -0.0981365
653 656 -0.941939
653 662 1.39469
654 684 -3.43706
654 685 -1.71837
654 707 -0.0797593
654 728 -3.43706
655 656 -0.320353
655 662 0.238794
655 666 -2.59515
655 688 -4.33774
655 703 -0.18433
655 714 0.516986
656 662 -0.877866
658 680 -1.49683
658 699 -0.0328613
658 704 0.00578092
659 695 -2.36822
659 722 -1.49683
659 725 -2.06181
659 746 -1.52308
659 764 -0.274059
660 664 0.586112
660 665 -0.247622
660 682 -3.21528
660 701 -3.20605
661 686 -0.140072
661 689 -2.19103
661 692 0.107738
661 696 -0.122307
662 688 -7.07016
664 682 -7.92304
664 683 -2.75817
664 723 1.16236
665 677 0.0478736
665 701 -1.64301
665 713 -0.0354006
665 735 0.324263
665 738 -0.0714063
665 797 0.0068897
665 814 -0.0068897
666 669 -3.83639
666 703 -12.3413
666 709 -0.14625
666 717 1.29136
667 672 3.46214
667 708 -0.0700634
667 732 -0.652519
667 733 1.3163
667 742 -4.43612
667 743 3.78094
667 791 -0.939996
667 804 1.08303
667 810 0.771151
668 675 -1.0449
668 677 -9.86902
668 681 1.88808
668 687 1.20206
668 695 1.91741
668 781 2.01059
669 678 1.1344
669 683 -0.420813
669 702 -0.0213017
669 717 -0.740165
670 679 0.140376
670 690 0.13139
670 711 -5.84965
670 730 -2.93164
671 690 3.01573
672 676 0.0752483
672 712 1.42248
672 742 -9.63915
673 694 -1.94914
673 762 0.421656
674 716 -2.66796
674 724 -10.4357
674 725 -2.85347
675 677 -3.57445
675 681 -1.04165
676 690 1.95015
676 712 0.145441
677 681 -1.06254
677 713 -0.651902
677 738 -3.94835
677 781 -4.20758
677 794 -4.36996
677 824 -0.758016
677 831 0.369897
677 832 -1.39593
677 857 -2.47197
678 683 -3.21525
679 711 -4.66674
679 739 3.63442
679 757 -11.0353
680 699 -1.61322
680 700 -5.53733
682 701 -0.321795
682 723 -2.22758
683 702 0.0963269
683 723 -1.29408
683 747 -0.402198
684 728 2.57111
684 754 0.282331
684 760 1.1107
684 765 -0.0729017
685 689 -3.01497
685 692 -1.87586
685 707 -4.2514
685 719 -0.210175
686 692 -0.675811
686 696 -0.226632
687 695 5.61111
688 706 -2.18405
688 714 -2.41897
688 715 -5.06835
688 718 -4.30585
688 726 -0.132481
689 692 -0.305845
690 712 1.72077
690 720 2.37403
690 730 -0.500431
690 731 -1.31885
690 768 -0.996257
691 705 -4.8442
691 706 1.00856
691 727 8.7812
691 736 -4.28643
692 696 -0.125625
692 697 0.0168263
692 710 0.456805
692 719 0.0366636
692 728 -0.000883738
692 729 0.0308427
692 745 -0.0103502
692 765 0.0414133
693 696 -1.32411
693 697 -2.41897
693 710 -0.116857
694 737 -0.456966
694 762 -1.63923
695 722 2.40867
695 778 -0.499856
695 781 1.10976
695 813 0.0551433
696 710 -0.755277
697 710 0.0688238
697 729 1.02216
698 721 1.97251
698 743 0.0258295
698 761 -4.23696
698 786 -0.142696
698 810 0.0129148
699 700 -2.42572
699 704 -2.32185
699 724 0.132444
699 740 -0.0641572
700 724 -3.31536
701 723 -6.50413
701 735 -0.187228
702 717 -5.40486
702 747 -3.91844
703 709 0.431795
703 714 -2.14413
703 717 -0.326098
704 740 -1.13978
704 756 0.755835
704 763 -3.07667
705 736 -0.0785496
705 744 -2.91501
706 715 -2.20227
706 726 -2.71175
706 727 0.648552
706 751 -1.46461
707 719 -0.023346
707 728 -1.75131
709 714 -0.585421
709 717 -0.314226
710 728 -0.00523957
710 729 0.256965
710 745 -0.000806519
710 765 0.0702626
710 789 -0.00326405
711 730 -0.843666
711 739 -3.43706
711 749 -1.00226
711 776 -1.19209e-07
711 777 0.933694
712 742 -8.73692
712 768 -2.27269
712 780 -15.0659
712 800 2.03474
713 735 -0.0319124
713 738 0.014532
714 717 0.0139428
714 718 0.693744
714 753 5.84361
714 782 3.88574
715 726 0.907569
716 724 0.103672
716 772 0.0296206
717 747 -0.0075805
717 753 1.21028
717 766 0.0909335
717 773 0.126162
717 779 -0.250359
717 782 0.456818
718 726 1.06866
718 782 0.255043
718 783 0.943207
718 788 -0.00483778
718 802 0.0974423
718 807 -0.0172574
719 728 -0.1804
719 745 -0.178529
719 765 0.00558327
720 768 -0.737333
721 732 -0.189315
721 743 0.0782844
722 746 0.897681
722 778 -0.264931
723 735 -1.63282
723 741 -0.700018
723 747 -7.59915
724 725 -0.0405802
724 734 -1.28312
724 740 -0.126059
724 750 0.31816
724 752 3.18602
724 758 0.304437
724 771 0.794069
724 772 0.479725
725 734 0.754541
725 758 -0.102499
725 764 -1.32321
726 751 -2.11686
726 767 0.620152
726 783 0.0946104
726 788 -0.19682
727 736 -3.17125
727 751 -1.80915
727 759 -4.94139
728 745 0.556733
728 754 0.184381
728 760 7.94436
728 765 -0.825525
728 789 0.225984
728 830 6.5572
728 835 0.409415
728 840 2.64699
728 842 2.31435
728 854 10.0343
728 896 5.91054
728 938 4.43612
729 748 -1.20833
729 757 -1.95015
729 765 0.0478638
729 784 -2.40249
729 789 -3.52618
730 731 -0.0347348
730 749 -1.07156
731 749 0.138939
731 755 -6.73826
731 768 0.655154
731 774 0.0933858
731 809 -0.103659
732 733 -0.362514
732 743 -1.04422
734 758 -2.02617
734 764 -0.55042
735 738 -0.427983
735 741 0.212187
735 797 0.0916294
735 799 -0.0425098
735 814 -0.077849
736 744 0.392731
736 759 -0.713143
736 775 -7.02519
736 803 -1.14578
736 808 -2.58569
737 762 0.23094
737 763 1.30083
737 770 1.57954
737 822 -3.754
738 741 -0.145716
738 797 -0.629772
738 799 0.0425098
738 814 0.862506
738 824 -9.72042
738 845 -12.0988
738 864 0.339759
738 874 -0.16988
739 757 -0.396562
739 776 0.337785
739 785 0.0622267
739 792 0.467445
739 805 -0.470254
739 819 -13.4885
739 825 -2.58229
740 750 -0.2437
740 756 -1.06301
741 747 -1.47101
741 773 1.01489
741 787 -0.203714
741 797 0.597759
741 799 -2.59137
741 814 -2.26419
742 800 -1.01787
742 804 -2.02352
742 855 -0.704796
743 761 -5.16609
743 791 -2.69399
743 806 2.37835
743 810 1.6397
743 836 0.31689
743 846 -0.0548172
743 849 -4.43612
743 850 1.67867
743 851 -3.73241
743 867 -4.8442
744 775 -4.40529
744 808 -1.84714
745 765 -0.036262
745 789 0.152396
746 758 -2.58569
746 764 -2.34749
746 778 -0.29149
746 820 -3.03986
747 766 -0.00304383
747 773 -6.56077
748 757 -2.89153
749 755 -0.023346
749 777 -1.20541
750 756 0.000363087
750 771 0.021982
750 812 -0.00270236
751 759 2.92263
751 767 -0.0701767
751 788 -3.26014
751 795 -2.71175
752 771 2.31923
752 772 0.234516
752 798 -3.91844
752 812 -4.00786
752 829 -1.83329
752 834 -0.119855
753 779 -0.573668
753 782 1.42735
754 760 1.02289
754 765 -0.0364508
755 768 -0.0336755
755 777 -1.98457
755 809 1.84227
755 816 -4.68971
755 833 -0.00778219
756 763 -0.722426
756 771 -0.260584
756 796 -12.7218
756 811 -0.533685
756 812 -3.0253
757 784 -0.0173095
757 785 -0.972419
758 764 -8.05025
758 772 0.0224865
758 798 -4.77878
758 820 0.0544848
759 795 -2.22758
759 803 3.10675
759 823 -4.43612
759 827 -3.73241
760 765 -0.109967
760 840 0.00778166
761 786 -0.17174
761 810 -6.95302
762 769 -8.97439
762 770 3.39783
762 878 -5.53733
763 796 -1.08303
763 822 -3.48285
765 789 -0.446555
765 830 -0.0735164
765 835 -0.0735164
765 842 -0.0735164
765 854 -0.0735164
766 773 0.0308901
766 779 -0.0392059
767 783 0.00677885
767 788 -2.16416
768 774 0.639572
768 780 1.0948
768 790 6.35129
768 793 -0.082659
768 809 -0.179501
768 817 3.56204
768 828 -0.0105548
768 843 -5.074
768 847 -0.434708
769 810 0.0442228
769 868 -3.43706
769 878 1.29105
769 881 -1.44836
769 915 -9.54669
769 921 -6.71059
770 822 -3.31536
770 878 -15.5108
771 812 -0.94736
772 798 -0.886457
773 779 -0.504352
773 787 -0.053919
773 799 -5.17835
773 801 -0.731407
773 815 -0.347439
775 808 -4.14515
776 777 -0.0544849
776 816 -1.18877
776 819 -1.47101
777 816 0.351777
778 781 -2.22233
778 813 -0.0438491
778 820 -2.22758
778 837 0.0106978
778 844 -1.23277
779 782 -4.55003
779 801 -2.22758
779 815 -1.89456
779 818 -2.27269
779 838 -4.08957
779 852 -1.44559
779 856 -1.81446
779 858 -3.93846
780 793 -0.853665
780 800 -8.74437
780 817 0.722426
781 813 0.25196
781 831 -7.37287
782 783 0.029547
782 802 0.28028
782 807 -2.6728
782 818 7.76339
783 788 -0.106914
783 795 0.000444718
783 802 0.0747579
783 807 -0.0841452
783 818 0
783 826 -0.00247262
784 785 -0.0460897
784 789 -4.06164
784 805 2.04437
785 805 -0.00819397
786 810 0.836929
787 799 -1.10372
788 795 0.234245
788 807 0.0190413
788 821 -0.00812631
788 826 0.0137337
788 853 0.000731488
789 805 -0.274059
789 835 0.194435
789 842 0.488059
791 804 -0.023346
791 806 -0.168163
791 848 -2.11065
792 819 -0.669846
793 817 -0.120405
794 824 -1.02069
794 832 -0.0389131
795 807 0.0135392
795 821 -0.246035
795 823 3.75913
795 826 0.0948053
795 853 0.453002
795 875 -5.08196
795 888 -0.00135393
796 811 -3.90786
796 822 0.129662
796 883 -1.16797
796 885 -0.260154
797 814 -1.37165
798 820 -1.02855
798 834 -5.74183
799 814 0.55042
799 815 0.338543
799 845 -3.37907
799 852 1.20347
799 861 0.460934
799 916 -0.0337378
799 918 -1.02622
800 817 -0.618144
800 841 -7.43714
800 855 -1.81446
800 866 -7.4912
801 815 0.0798939
802 807 -1.11621
802 818 0.347253
803 808 0.0301273
803 827 -0.943623
803 839 -1.12464
803 862 -0.655502
804 848 -2.06181
804 855 -1.02216
805 825 1.33865
805 835 -2.55688
805 842 -1.37165
806 810 0.90958
806 846 -0.0548172
806 848 -3.20605
807 818 -2.85471
807 821 -0.00484375
807 826 3.0074
807 853 0.102651
807 924 2.36625
808 862 -0.387634
809 833 -0.00778219
809 843 -6.63019
810 836 1.25805
810 850 0.315978
810 867 -9.38958
810 868 -14.1139
810 906 -1.39593
811 812 -9.95345
811 883 -4.65816
811 898 -0.116857
811 922 -0.132481
812 829 0.040226
812 863 -0.081264
812 890 0.906121
812 898 -1.34772
813 831 -2.27269
813 837 2.37052
813 844 -5.00514
815 838 1.17685
815 852 0.457512
816 819 0.487286
816 833 -0.0856503
816 859 -0.319554
816 860 -2.71083
817 828 -0.032586
817 841 0.72689
817 847 -1.01745
817 870 -0.0160792
817 894 -0.312952
818 856 0.0208993
818 887 1.22511
818 924 -1.42058
818 932 0.779466
819 825 0.618144
819 859 -10.6356
820 834 0.0219076
820 844 0.0983
821 826 -0.00235342
821 853 -0.00987764
822 878 -0.195158
822 882 -3.32983
822 885 -1.12464
822 897 -1.47836
823 827 6.16219
823 839 -1.1511
823 862 2.49169
823 875 -1.62469
823 908 1.58911
823 913 1.76222
823 917 3.99613
824 832 -2.6511
824 857 -4.14515
824 864 -1.44559
825 842 -2.10127
825 859 -2.47197
826 853 0.165007
826 900 1.63377
826 901 -0.180617
826 924 0.119419
827 839 -2.00471
828 841 -0.00421638
829 834 -0.0039087
829 863 -0.00990552
829 890 0.039924
830 854 1.98633
831 844 1.54979
831 857 -10.7385
832 857 0.0856502
833 843 -2.06181
833 860 0.533685
834 844 0.283549
834 863 -1.45663
834 890 -0.635286
835 842 1.76003
837 844 -1.04795
838 852 0.939754
839 862 -1.13073
841 865 -0.15138
841 866 -0.00774603
841 876 -0.234415
841 894 -1.10966
842 854 3.69653
842 859 4.60071
842 892 5.78189
842 909 4.49652
842 925 4.00985
842 933 4.22988
842 954 7.33127
842 957 1.79949
842 973 2.06181
842 980 6.69528
842 1002 -2.06418
842 1023 0.355981
843 847 -3.10675
843 860 -4.13973
843 879 -2.52925
844 857 -3.46472
844 869 -7.84818
844 890 -1.91493
844 907 -3.01573
845 874 -0.740165
845 910 -2.47197
845 916 1.40927
845 923 -1.97899
846 848 -2.58569
846 849 -4.40225
846 871 -5.52461
846 872 -0.321795
846 884 -1.21064
847 870 -1.34449
847 879 1.72928
847 893 -0.0226159
847 894 -0.0275119
847 919 -0.168374
848 855 -2.84361
848 871 -8.77139
849 851 -2.52745
849 872 -2.10127
850 851 -3.63495
850 867 -4.43612
850 873 -0.164105
851 872 -3.79214
851 873 0.164105
852 856 -0.662149
852 858 -0.995333
852 861 0.620165
852 886 -0.0544878
852 899 0.220512
852 918 -0.88874
853 875 -0.149412
853 888 -0.0121219
853 901 -0.886457
853 902 -0.38416
854 909 5.54714
854 938 3.10675
855 866 -2.01939
855 871 -0.618144
855 877 0.132481
856 858 2.32155
856 887 -0.711529
856 899 2.83175
856 935 0.926126
856 947 0.115796
857 864 -0.209168
857 869 0.795695
857 891 0.519799
857 904 -2.19628
857 951 -0.148664
858 899 0.271046
858 935 0.0360736
858 947 0.0360736
859 860 -0.0037535
859 892 1.49101
860 879 1.45707
860 892 -0.0404312
860 893 -0.0466411
862 911 1.06247
862 913 0.632794
862 917 0.617371
862 948 3.02988
862 996 0.32294
862 1010 -0.235495
863 890 -0.464716
864 874 -1.38628
864 891 -0.418336
865 866 0.00134398
865 876 0.0100651
865 880 -0.0188567
866 876 0.00233561
866 877 -0.386023
866 880 -0.20922
867 873 -1.06254
867 889 -12.0984
867 906 -2.93311
867 929 0.289934
867 943 -3.13285
867 982 -0.804322
867 984 -0.849093
867 1005 -0.635286
867 1007 -0.533685
868 906 -4.67603
868 915 -3.31536
869 891 0.0435207
869 904 -3.1123
869 907 -2.66177
869 951 -4.29549
870 894 -0.0321583
871 877 -5.56522
871 884 0.0205105
871 895 -4.89948
872 873 -0.483906
872 884 -0.0367319
872 889 -0.56723
872 903 2.91588
872 912 -0.799725
872 914 -0.0294766
872 920 0.646345
873 889 0.704796
874 891 -2.78039
874 910 -2.22758
875 888 0.0142946
875 902 -0.405204
875 908 -4.12552
875 927 -0.129912
875 936 0.392305
876 880 -0.0283293
876 894 -2.71175
876 905 -0.0584038
877 880 -7.02519
877 894 -0.787755
877 895 -1.16715
877 905 -2.05251
877 912 -2.31952
877 937 1.12519
877 955 -2.20425
877 965 0.0712028
878 881 -0.511356
878 882 -9.28032
878 921 -2.4939
878 934 -0.938611
878 944 -2.85347
878 958 0.977124
878 961 -0.0205885
878 974 -2.14198
878 976 0.00581462
879 893 -0.0983822
879 894 -0.00807215
879 919 -0.317392
880 905 -0.0584038
882 897 -0.816298
882 944 -1.98633
883 885 -1.05253
883 922 -0.00383556
883 930 -0.455405
884 895 -0.0791826
884 912 0.149787
885 897 -4.67067
885 922 0.183685
885 930 -0.0430287
886 899 -7.60374
887 932 0.972004
887 935 -0.408343
888 902 -0.183007
889 914 -8.47156
889 929 -1.47101
890 898 -0.226632
890 907 2.66284
890 940 -4.96014
891 904 -0.347999
891 910 -1.18877
891 931 -1.84714
891 951 -0.011845
891 992 -0.271564
891 1008 -5.31767
892 893 6.48687
892 925 2.58569
892 954 3.76784
893 894 0.0354938
893 919 0.458675
893 925 3.22638
893 928 0.166577
894 905 -1.63282
894 919 2.51377
894 955 1.55257
895 912 -3.21159
896 938 4.06166
897 922 -4.00626
897 944 1.8612
897 956 -0.679972
898 922 -2.78039
898 940 -0.258219
899 918 -0.0322771
899 946 -5.01402
899 947 5.28387
899 967 1.69693
899 979 0.748617
899 1001 -0.451047
900 901 -0.180617
900 924 1.83699
900 927 -5.89106
901 902 -0.0544849
901 927 -0.704796
902 927 -2.41897
903 912 -2.63993
903 920 0.080212
903 926 -0.652519
903 942 -0.00109956
903 953 -5.80334
904 951 -0.348019
906 915 0.0586279
906 943 -3.68472
906 962 -0.0168208
907 922 -5.53733
907 940 -4.14515
907 951 -0.0389131
907 977 -6.13148
908 917 3.52834
908 936 -0.00230534
908 945 -2.85347
908 948 2.7279
908 969 1.54361
909 933 3.34321
909 938 2.67631
909 968 0.525612
909 978 1.00226
909 1002 -0.76174
910 923 -2.18405
910 931 -2.31952
911 948 0.789749
911 969 1.19499
911 996 -0.0521153
911 1010 1.59756
911 1013 1.57697
911 1074 0.53826
911 1084 2.06707
911 1123 0.924206
911 1155 -0.229381
912 926 0.263366
912 937 -4.8676
912 941 -3.51091
912 953 -2.78039
914 920 -1.10598
914 929 -1.20285
914 939 0.0268581
914 942 -6.45278
915 921 0.943236
915 943 -0.234538
915 962 -0.912229
915 971 -3.35488
915 989 -0.812501
916 918 2.11651
916 923 -3.17947
916 963 -4.14515
916 983 -0.0171563
916 993 -2.52854
916 994 -1.78822
916 1006 -1.94356
917 948 2.07643
918 946 -1.63282
918 947 -0.0271445
918 967 0.151009
918 975 -0.441772
918 983 0.0197791
918 994 -0.523456
918 1000 -1.81361
918 1001 -0.115596
919 928 0.855092
919 955 6.137
920 942 -0.690569
921 934 0.414462
921 950 -0.961775
921 971 -0.367702
921 1009 -0.0137892
922 930 -1.04775
922 940 -5.44598
922 956 -3.20605
922 977 -4.8442
922 985 -6.00024
922 986 -3.91844
922 991 -3.52786
922 1003 -0.451047
922 1030 -4.14515
923 931 -8.41866
923 963 -1.96785
923 966 1.08713
924 927 -6.59018
924 932 -1.37165
924 959 -0.0771778
924 964 -2.67469
925 928 2.89675
925 954 4.31638
925 955 5.0928
925 973 1.69086
925 980 0.451047
926 953 -3.20605
927 936 -3.61595
927 959 -3.97848
928 955 1.02216
929 939 -0.105623
929 970 -3.01573
929 984 -2.34628
931 966 -8.09359
931 1008 -5.53733
932 935 -0.352588
932 949 -2.40471
932 952 4.18967
932 964 -5.53733
933 957 2.16435
933 968 1.96603
933 978 8.08049
933 988 1.04299
933 1002 -2.43595
934 950 -0.643772
934 958 0.0053622
934 961 3.02872
934 971 -0.40535
934 972 -0.192925
934 976 0.0187277
934 1009 -0.0871092
935 947 0.155218
935 949 -0.0362291
936 945 -0.141362
936 959 -1.14578
936 960 0.411278
936 969 0.205639
937 941 -2.31952
937 953 0.453711
937 955 0.000965614
937 965 0.145147
938 978 9.00184
938 1033 3.31536
939 942 -0.867703
939 970 -2.14198
941 953 -2.41691
942 953 -0.110008
942 970 -0.117224
943 962 -0.0486207
943 982 0.179813
944 956 -0.679972
944 974 2.60546
944 990 5.84871
944 991 -3.10675
944 1017 -0.251126
945 960 -0.81228
945 969 -2.10127
946 967 -2.78039
947 949 -1.96132
947 979 3.47871
947 1001 -9.6375
947 1004 -0.263598
947 1040 2.47197
947 1041 2.77624
948 969 6.04393
948 996 2.91889
948 1010 -0.942268
949 952 -3.06956
949 995 -1.34772
949 1004 -0.704796
950 961 -0.21278
950 971 0.500823
950 972 -1.77367
951 977 -0.440578
951 992 -0.242716
952 964 -5.53733
952 995 -4.96445
953 965 1.8232
953 970 3.65163
953 981 2.5614
953 984 -0.265098
955 965 -0.0303097
955 980 3.69747
955 997 10.793
955 1014 3.56055
955 1042 1.91951
955 1069 -0.139681
955 1110 0.0216439
956 991 -1.34772
957 1002 -0.888148
958 961 0.0154379
958 976 0.0170851
959 960 -6.05693
959 964 0.938569
959 987 -3.59207
959 1019 -1.42058
959 1022 -4.43612
959 1032 -0.116857
960 969 0.995359
960 1013 0.509023
960 1022 0.0519164
960 1034 0.0259582
960 1049 0.15866
961 971 -0.177895
961 976 0.0930609
961 999 0.0507682
961 1009 -0.0776625
961 1016 -1.98633
962 982 -0.47239
962 989 -0.258219
963 966 -0.0697858
963 993 -2.41897
964 987 -2.20048
964 995 0.456683
965 981 13.3308
965 997 -0.00190164
965 1042 -0.0753584
965 1046 0.618144
965 1110 -0.00404418
966 993 0.492955
966 1006 0.195019
966 1008 -3.22074
966 1055 -0.162766
966 1061 -0.015258
967 1001 -0.115596
968 978 0.516059
969 996 0.118002
969 1010 1.31436
969 1013 0.773812
969 1034 -0.0512452
970 981 2.54819
970 984 -2.90332
970 1005 -4.14515
970 1007 -4.00103
970 1036 0.00872993
970 1044 -0.0166088
971 972 -0.385953
971 989 -1.28239
971 998 0.977342
971 1009 0.107565
971 1011 -1.70652
973 980 0.924411
974 976 -1.96526
974 990 0.117725
974 999 -3.57445
974 1016 0.464331
974 1017 -0.47069
975 983 -0.635286
975 994 -0.669846
976 999 0.0195904
977 986 0.450009
977 992 3.04139
977 1008 -0.155442
977 1015 3.21737
977 1025 3.93024
977 1039 0.228191
978 988 3.10675
978 1002 -0.503815
978 1020 7.78933
978 1023 3.08679
978 1033 2.18405
978 1058 3.31536
978 1060 4.20891
978 1078 -0.424917
978 1079 6.75241
978 1095 6.61712
978 1096 -0.16914
978 1109 0.0783707
978 1121 6.98876
978 1128 3.20604
980 1002 -0.191114
980 1014 2.52745
980 1020 0.16944
980 1023 6.04276
981 984 -0.162302
981 1036 2.35611
981 1037 5.79173
981 1042 -0.018631
981 1044 0.0367529
981 1046 1.08303
981 1047 3.20604
981 1052 9.71223
981 1059 -0.604983
981 1089 2.71175
982 989 -1.84714
982 1007 -0.0467033
982 1011 -1.52308
982 1021 -5.96235
982 1026 -1.33093
983 994 0.297885
983 1000 -0.0730513
983 1006 2.32308
983 1018 -0.730817
984 1005 -2.69556
985 991 2.28167
986 1003 -3.91844
986 1012 -0.185558
986 1039 0.159485
987 995 -2.76827
987 1019 -0.188743
988 1002 -1.79986
989 998 -0.083663
989 1011 -8.17006
990 991 -12.8842
990 1017 -1.13737
990 1038 0.546169
990 1043 -1.59047
991 1029 -1.47101
991 1030 -4.8442
991 1038 -1.25517
992 1008 -1.29766
992 1015 0.0725891
993 1006 0.924537
994 1006 0.218319
995 1004 -2.04806
995 1019 0.412345
996 1010 -1.79453
997 1014 1.17078
997 1035 2.43161
997 1042 2.9687
997 1069 -0.516672
997 1075 0.0275121
997 1086 2.23904
997 1110 0.25982
998 1011 -0.0856503
999 1016 -10.5615
1000 1001 -0.0700634
1000 1018 -4.14515
1001 1018 -3.46426
1001 1031 -4.51808
1001 1040 -4.43612
1002 1020 -1.27785
1002 1023 -1.88579
1003 1012 -1.16715
1003 1030 -5.53733
1003 1039 -2.41897
1004 1019 -0.265485
1004 1041 -6.13085
1005 1007 -0.584119
1006 1008 0.126985
1006 1018 -0.955416
1006 1031 2.54315
1006 1040 4.66381
1006 1055 0.154548
1006 1061 0.0678262
1006 1103 2.64699
1007 1026 -1.00226
1007 1044 -1.98633
1008 1015 0.183161
1008 1055 1.03093
1008 1061 0.0348364
1009 1011 -2.48817
1009 1016 -1.39593
1009 1028 1.04226
1009 1050 -1.49683
1009 1056 -3.45929
1011 1021 -3.57445
1011 1024 -0.226632
1011 1027 1.84787
1011 1028 -8.43644
1012 1039 -1.37338
1013 1022 2.91038e-11
1013 1034 -0.430446
1013 1049 0.15866
1013 1073 -0.270272
1013 1074 0.0724226
1013 1099 0.305997
1013 1101 3.0077
1014 1023 2.30576
1014 1069 -0.09548
1014 1086 0.292975
1015 1025 2.22839
1015 1039 0.109605
1015 1055 2.26939
1015 1088 1.88285
1015 1094 0.173166
1015 1100 -0.0134342
1015 1106 -0.194923
1016 1017 -9.86488
1016 1054 -0.402198
1016 1056 -8.46898
1017 1043 -3.14725
1017 1054 0.0712063
1017 1056 0.00831877
1017 1063 -3.91844
1017 1067 0.0834469
1017 1072 1.09926
1018 1031 -0.197521
1019 1022 -3.9158
1019 1032 0.434708
1019 1041 -2.11497
1019 1048 -2.88435
1019 1062 -1.16715
1019 1068 -0.962998
1020 1023 4.75228
1021 1024 -2.58569
1021 1026 -2.93164
1021 1027 -5.53733
1022 1032 -9.11179
1022 1034 0.112919
1022 1045 0.834748
1022 1049 -0.0250832
1022 1062 0.381094
1022 1073 -1.16654
1023 1058 2.02352
1023 1079 0.639507
1023 1086 1.38127
1023 1091 1.91818
1024 1027 -10.3234
1025 1039 0.115679
1026 1027 2.4806
1026 1044 4.46602
1027 1028 -9.62947
1027 1044 1.42058
1027 1056 2.85347
1027 1070 2.72971
1027 1071 2.78039
1028 1050 -8.41866
1028 1056 -11.0747
1029 1030 -1.42058
1029 1038 -2.68164
1030 1038 1.3124
1030 1039 1.28849
1030 1051 1.81747
1030 1053 0.110636
1030 1065 0.345998
1031 1040 2.57184
1034 1049 -1.75164
1034 1073 -0.0844892
1035 1069 -0.00637507
1036 1044 4.18646
1036 1052 0.810698
1036 1083 0.0911015
1036 1087 0.0520263
1036 1104 0.0388392
1036 1105 -0.0349407
1036 1111 -0.215104
1036 1122 -3.52981
1037 1052 1.02216
1038 1043 -6.78969
1038 1051 1.61031
1038 1053 0.050328
1038 1057 -1.29504
1038 1072 1.10462
1038 1076 -1.49223
1039 1064 -3.69256
1039 1065 0.175338
1039 1088 -0.0172134
1039 1100 1.88617
1040 1041 2.27269
1040 1055 0.594193
1040 1061 1.04449
1040 1066 2.41897
1040 1077 15.0997
1040 1103 4.43612
1040 1106 -0.0422104
1040 1115 2.18405
1040 1124 0.997052
1040 1130 3.43706
1040 1133 1.90226
1040 1146 15.7587
1041 1048 3.83803
1041 1066 6.18379
1041 1068 3.0392
1041 1077 4.57485
1042 1059 -0.0110852
1042 1069 -0.231084
1042 1075 0.13945
1042 1110 0.404964
1043 1063 -1.91493
1043 1076 -0.023346
1044 1052 4.37909
1044 1070 4.82962
1044 1083 2.73399
1044 1087 2.46498
1044 1104 1.95826
1044 1105 -0.0920355
1044 1111 -1.07607
1045 1073 -0.154118
1046 1059 -2.10127
1047 1052 1.47101
1050 1056 2.05568
1051 1053 1.6229
1051 1057 -0.233059
1051 1065 2.30567
1051 1072 0.857336
1051 1081 4.97837
1052 1059 -1.82094
1052 1089 3.37436
1052 1090 4.6109
1052 1105 -0.221285
1052 1110 0.407177
1052 1111 -3.31536
1052 1112 0.821151
1054 1056 -0.28983
1054 1067 -0.0156193
1054 1072 0.156189
1055 1061 0.0391568
1055 1088 0.173282
1055 1094 0.0386252
1055 1106 -0.476953
1056 1067 0.0477841
1056 1071 10.5902
1056 1072 0.00776365
1056 1080 1.18877
1059 1089 -1.21093
1059 1110 -2.39283
1060 1096 -0.214124
1060 1108 0.0158218
1060 1109 0.0541799
1060 1121 3.90327
1062 1068 0.982543
1062 1073 -0.712311
1063 1072 -4.8442
1063 1076 -2.58569
1064 1065 -3.31536
1064 1081 -2.16459
1064 1082 0.00387999
1064 1100 -1.18397
1065 1081 1.09851
1065 1082 -0.00390192
1066 1077 6.56213
1067 1071 0.969977
1067 1072 0.913497
1067 1085 2.69609
1067 1093 -0.70195
1067 1098 0.839866
1067 1117 0
1068 1073 -2.74293
1068 1077 6.62452
1068 1099 1.66159
1068 1101 2.78039
1068 1125 2.61902
1068 1127 2.85347
1069 1075 0.119402
1069 1086 -0.410695
1070 1071 10.1413
1070 1083 2.51016
1070 1113 1.98289
1071 1072 0.102826
1071 1080 3.43706
1071 1097 9.60966
1071 1098 8.80999
1071 1113 2.58569
1071 1120 6.31254
1071 1126 5.43469
1071 1135 10.9726
1071 1143 0.408625
1071 1151 0.254652
1071 1161 -0.000938645
1071 1177 0.179359
1071 1184 0.189437
1072 1076 -2.413
1072 1081 3.0392
1072 1085 0.0241149
1072 1093 -2.22139
1072 1098 0.799576
1072 1102 2.91835
1072 1117 0.635582
1072 1118 8.28984
1073 1099 -4.68556
1074 1084 0.740868
1074 1101 0.144845
1075 1086 4.97102
1075 1092 3.77399
1075 1110 4.06748
1075 1116 1.75012
1077 1125 2.60611
1077 1127 2.31952
1077 1146 3.31536
1079 1086 3.38873
1079 1121 6.26862
1081 1082 -0.0155638
1081 1100 2.93164
1081 1102 1.91493
1081 1107 0.533685
1081 1114 -2.58569
1081 1118 0.618144
1081 1124 5.77098
1083 1087 0.44728
1083 1113 0.436736
1083 1120 6.35073
1083 1122 0.227755
1084 1101 4.15146
1084 1123 1.29642
1084 1146 8.88737
1084 1155 -0.247063
1084 1169 0.422936
1085 1093 -0.299804
1085 1098 0.0886839
1086 1091 0.617355
1086 1116 2.07881
1086 1121 8.02858
1086 1132 3.43706
1088 1094 1.81446
1088 1100 -0.670365
1090 1105 -0.015917
1090 1112 0.381467
1093 1098 -1.30962
1093 1117 -2.44479
1094 1100 -0.867703
1094 1106 -0.16505
1096 1108 -0.0871049
1096 1109 -0.341802
1098 1117 2.09696
1098 1118 2.06271
1098 1135 2.22758
1098 1136 2.95666
1098 1143 0.479741
1098 1148 -7.4929
1099 1101 9.01225
1100 1106 -2.19237
1100 1114 -4.53171
1100 1124 11.4365
1101 1127 2.64699
1101 1134 4.43612
1101 1146 11.6517
1101 1160 3.57445
1105 1111 -0.0970793
1105 1112 -0.101751
1106 1124 -0.166475
1107 1124 0.210882
1108 1109 0.0689352
1108 1121 2.20555
1108 1137 0.046946
1108 1149 -0.846805
1108 1153 -3.20605
1109 1121 0.0745834
1110 1112 5.86146
1110 1116 4.17441
1110 1139 3.95993
1110 1166 1.56325
1111 1112 -0.387376
1111 1119 -0.386435
1111 1122 -5.53733
1112 1119 6.75341
1112 1166 1.71047
1113 1120 0.881639
1113 1122 0.0555285
1114 1124 -2.31952
1116 1121 3.43706
1116 1132 2.71175
1116 1139 0.189881
1116 1147 3.10675
1116 1159 1.2139
1116 1166 4.46882
1116 1167 3.73241
1118 1124 3.43706
1118 1136 2.36822
1118 1140 2.29424
1118 1141 3.0585
1118 1142 2.32916
1118 1144 -0.70779
1118 1157 0.195158
1119 1122 -0.714219
1119 1138 0.864214
1119 1156 5.32928
1119 1166 1.34624
1119 1168 0.0854207
1120 1122 0.0611689
1120 1129 3.40208
1120 1151 2.62766
1120 1161 0.133121
1120 1177 0.00876008
1120 1184 0.0225821
1121 1128 3.73241
1121 1131 6.45278
1121 1132 2.93164
1121 1137 5.41284
1121 1149 -0.184525
1121 1150 7.83689
1121 1164 11.6795
1121 1166 2.10127
1121 1167 7.3512
1121 1170 10.4766
1121 1178 3.31536
1121 1180 3.10675
1121 1182 1.63282
1122 1129 1.12238
1122 1138 -0.645539
1122 1154 -0.612645
1122 1156 0.00831553
1122 1163 0.011466
1122 1168 -0.089751
1122 1173 -0.0198114
1123 1155 -1.17837
1124 1133 3.62445
1124 1141 2.07808
1124 1152 1.35974
1124 1158 4.49549
1125 1127 4.70114
1127 1134 0.704796
1127 1145 4.53171
1127 1146 8.16818
1129 1151 0.0472567
1129 1154 -2.79074
1129 1161 2.09571
1129 1177 -0.0169046
1133 1146 0.0628246
1133 1158 2.01366
1133 1165 3.19718
1133 1181 -0.125649
1134 1146 1.60463
1135 1143 0.521341
1135 1148 -3.52156
1135 1151 0.0601255
1135 1176 -3.37974
1135 1177 0.0241044
1135 1184 0.252134
1136 1142 2.85347
1136 1143 7.84466
1136 1157 2.01066
1136 1162 3.31536
1136 1174 9.12113
1136 1176 -0.278262
1136 1184 5.30489
1137 1149 -2.09252
1138 1168 -0.00103385
1140 1142 6.01971
1140 1144 -2.86672
1141 1144 -1.54209
1141 1152 6.13103
1142 1144 -0.374157
1142 1152 6.4198
1142 1157 2.02663
1142 1165 3.10539
1142 1174 5.89341
1142 1183 2.22758
1142 1186 5.65487
1143 1148 -0.460866
1143 1176 -0.632355
1144 1152 -1.20503
1145 1146 6.16883
1146 1155 -0.101769
1146 1160 1.12464
1146 1169 3.64544
1146 1181 -0.290918
1146 1187 3.41555
1149 1153 0.750524
1149 1170 0.00279183
1151 1161 0.371522
1151 1175 -0.177155
1151 1176 -0.0694436
1151 1177 -0.0557655
1151 1184 -0.00921337
1152 1158 0.0440058
1152 1165 6.34726
1152 1183 2.36822
1153 1170 3.58445
1153 1171 2.11077
1154 1156 0.0660702
1154 1161 -1.26382
1154 1163 0.211251
1154 1168 0.740855
1154 1173 0.0457579
1155 1169 -3.9151
1156 1163 0.739566
1156 1166 2.01466
1156 1168 0.0689312
1156 1173 0.0156741
1157 1162 0.00778166
1158 1165 0.172478
1159 1166 0.48071
1159 1167 0.0377476
1161 1168 -0.0802964
1161 1173 1.66626
1161 1175 -2.80823
1161 1177 1.34784
1161 1184 0.576534
1161 1188 -0.0126125
1163 1166 9.91145
1163 1168 3.09067
1163 1172 4.3843
1163 1173 0.023826
1163 1179 2.05677
1163 1188 -0.122774
1165 1186 0.785869
1166 1167 3.65213
1166 1168 2.48666
1166 1172 12.6776
1166 1179 0.163779
1166 1184 1.7355
1166 1185 4.9539
1166 1188 -0.0502854
1168 1173 2.38316
1168 1184 1.40529
1168 1188 -0.125204
1170 1171 0.119205
1170 1178 1.78253
1173 1184 1.91872
1173 1188 -0.0126125
1174 1184 1.32411
1174 1186 1.08174
1175 1177 -0.56723
1176 1184 -1.78939
1177 1184 3.67511
1184 1188 -0.0253694
