MULTICUT
0 12 3.20604
0 13 7.54287
0 14 2.41897
0 54 2.64699
0 67 3.10675
0 70 9.57166
0 74 9.39513
0 87 3.29977
0 121 -0.0943434
0 139 2.71175
1 5 -4.31911
1 15 2.73277
1 16 0.924411
1 37 3.29013
2 15 -6.33133
2 16 1.06888
2 17 4.12665
2 45 -0.249521
3 7 -6.56497
3 10 -6.08807
3 26 -3.01573
3 33 -7.77415
3 35 -2.93164
4 13 2.02352
4 21 -0.0296695
4 25 2.76095
4 29 0.61646
4 32 9.88321
4 36 4.82886
4 48 3.72713
4 56 -0.0909637
4 69 1.34362
4 84 -0.124604
4 93 2.21371
4 94 1.95959
4 122 4.0456
4 142 1.58795
4 145 -0.202483
4 153 -0.0872674
5 21 0.00192079
5 34 0.000628485
5 37 -5.32899
5 39 0.310142
5 42 -0.687425
5 50 -2.31952
5 75 0.416273
5 77 2.82171
5 95 0.294535
5 125 -0.51187
5 127 0.0929987
5 165 -0.0300497
6 7 -0.427072
6 17 7.37652
6 26 5.25146
6 53 1.71179
6 65 -0.057039
6 66 0.0715628
7 26 -1.93809
8 9 -0.197539
8 11 -0.635286
8 22 -2.52477
8 27 0.0323946
9 18 -0.296293
9 27 -2.74543
9 38 -0.253466
10 11 -0.650352
10 22 -2.27269
10 33 -0.418426
11 22 -2.00962
12 30 2.85347
12 67 4.20013
12 74 3.10675
12 96 8.58285
12 130 3.37641
13 14 2.58569
13 24 1.81446
13 48 5.72941
13 54 2.31952
13 70 5.62945
13 87 3.01196
15 16 5.63375
15 37 1.83522
15 44 1.09349
15 45 -1.17381
15 50 1.57395
15 52 1.57317
15 55 -0.220978
15 77 -0.730544
16 44 0.0359135
17 45 -0.451047
17 53 0.00476031
17 65 -0.212431
17 66 0.0127426
18 19 0.0234456
18 20 8.66553
18 38 0.820089
19 20 0.317171
19 23 0.687271
19 31 2.65466
19 41 1.92006
20 28 -0.55042
20 31 0.225703
20 38 1.98001
20 49 5.12899
20 61 2.52569
20 63 1.0289
20 71 1.60463
21 29 -0.51066
21 34 0.930841
21 42 -0.00100399
21 47 -0.28083
21 84 -9.31323e-10
21 125 -0.0219178
21 165 -0.00953586
22 27 -0.382861
22 33 -8.81582
22 38 0.106138
22 40 -0.127215
22 51 0.111234
22 63 0.0252606
22 76 -1.56935
22 83 0.597399
22 86 0.623791
22 92 -1.08303
22 104 -0.369897
22 105 0.812836
23 41 6.15533
25 32 2.44942
25 56 -0.0326802
25 84 -0.00710512
26 35 1.92275
26 43 0.880703
26 53 3.50817
26 57 1.50501
27 38 0.0606091
27 40 -0.121644
27 51 -0.00263088
27 63 -0.00404451
27 83 -0.0779528
27 86 -0.0659151
27 105 -0.0921539
28 31 -0.0544849
28 49 -0.132481
29 34 -1.25448
29 46 3.73487
29 47 6.92998
29 56 -0.104319
29 58 6.41696
29 84 -0.0174295
31 41 5.78894
31 49 3.34845
31 60 0.867703
31 90 5.12886
31 124 -0.236957
32 36 3.18508
32 56 -0.150679
32 58 6.87686
32 84 -0.00856032
32 94 3.53316
32 97 9.45919
32 102 5.25896
33 35 0.846855
33 59 3.38819
33 73 -2.98139
33 76 -0.179458
33 78 -0.00407469
33 89 0.0329101
34 42 0.000590056
34 47 -10.4963
34 58 -2.22758
34 80 -2.14198
34 97 -27.5155
34 98 -1.84714
34 102 -3.73241
34 116 1.06342
34 118 2.96165
34 125 -7.42364
34 126 0.00724931
34 136 -11.0747
34 150 -1.75131
34 165 -0.411433
34 168 0.824145
34 172 -0.0190443
34 184 -0.467509
35 43 1.93456
35 59 0.354017
36 56 -0.0653604
36 84 -0.00911893
37 50 4.7596
38 40 -0.85368
38 51 3.50849
38 63 1.70758
39 42 -1.41124
39 125 -0.0235907
40 51 -0.128809
41 60 0.536775
41 90 1.82163
42 125 -0.114164
42 165 -0.0257422
43 57 4.06396
43 59 3.98694
44 52 2.52745
44 55 0.380073
44 64 0.519587
44 68 1.38167
44 77 -3.43746
45 52 -0.484011
45 65 -1.18877
46 47 3.10675
47 58 2.14198
47 80 3.31536
48 70 6.50413
48 93 3.36177
49 61 1.70474
49 79 5.14798
49 90 6.49407
49 100 -0.0233033
49 106 2.85347
49 109 4.7094
49 113 0.0264472
49 124 -0.825171
50 55 -0.501424
50 77 -5.01396
51 63 4.31725
51 83 1.84624
52 62 6.54251
52 64 2.0887
52 65 -0.515538
52 66 1.31779
52 72 2.30052
52 77 -0.923966
52 88 3.39554
52 99 0.261423
52 119 -0.121947
52 120 0.112033
52 128 -0.000437199
52 143 -0.0349171
53 57 1.69484
53 65 -0.0701202
53 66 0.839902
53 81 1.60166
55 77 -0.183387
56 58 -0.374923
56 94 -0.0591654
57 59 1.46913
57 81 2.33421
57 82 4.88143
57 89 1.27124
57 108 -3.10675
58 97 8.12255
58 98 -0.023346
59 78 -0.016317
59 89 0.10464
60 90 1.8639
61 71 1.40003
61 79 0.0297043
62 72 0.191567
62 143 -0.00419205
63 71 3.64688
63 83 2.5358
63 105 1.41976
63 110 1.00174
64 68 2.77358
64 72 0.962053
64 77 -18.5671
64 99 3.34764
64 114 3.31536
64 117 -7.57141
64 131 -0.962998
64 134 -3.59719
65 66 -0.102265
65 72 -1.99584
66 72 0.204565
66 81 0.580824
66 91 -3.05892
66 143 -0.00419205
67 74 2.52745
68 77 -3.1346
69 84 -0.00664247
70 87 0.0949018
70 93 4.46685
70 121 -0.0943434
70 133 4.63457
70 139 2.10554
70 149 0.774297
70 155 1.10372
70 158 0.905357
71 79 0.0049704
71 100 3.50346
71 110 -0.178422
71 113 -0.151015
71 115 0.0533189
72 88 0.0523571
72 91 -8.82161
72 99 0.161973
72 119 -0.376656
72 120 0.198352
72 128 0.00222621
72 134 -0.0423836
72 143 -0.00641963
73 76 -1.49683
73 78 -0.124071
74 85 2.14198
74 96 6.16377
74 130 9.63528
74 139 7.76686
74 161 0.180096
74 182 3.41837
74 193 -0.0138225
75 77 0.310442
75 125 -0.442322
75 127 0.0570768
76 78 -1.14578
76 92 -0.242411
77 95 3.86295
77 125 -0.0302877
77 127 2.76441
77 131 -1.08303
77 141 -2.78039
78 89 -0.0589375
78 92 -0.687271
79 100 0.0096379
79 109 0.108343
79 113 0.141693
81 82 1.03524
81 91 -0.949059
81 103 0.100199
81 111 6.97894
81 112 3.73241
82 108 -8.16853
82 112 1.00226
84 94 -0.0967145
84 122 -0.0155142
88 143 -0.00419205
89 92 -2.31952
89 101 -8.97439
89 108 -3.91844
90 107 2.55285
90 124 -1.92307
91 103 -3.94518
91 119 -1.14234
92 101 -2.71651
92 104 -9.47781
93 133 2.52556
93 149 4.79441
93 153 -0.0184326
94 102 6.58079
94 122 1.24927
94 136 1.16337
94 145 -1.15494
96 130 4.52621
97 98 -3.4661
97 102 13.6343
97 118 -4.43612
100 109 -0.0195537
100 113 -0.544775
101 104 -3.73241
101 108 0.333452
101 123 -4.43612
102 136 12.444
103 111 0.176269
103 119 -0.0546365
104 105 -4.84267
104 123 0.317262
104 129 -0.599507
105 110 1.33799
105 113 1.92192
105 129 0.393058
105 147 1.30382
105 151 2.37548
105 157 0.101711
106 109 2.06181
107 124 -0.122266
107 148 -8.12302
107 152 0.174762
107 164 0.772434
107 171 6.96357
107 206 3.45208
107 207 4.10764
107 218 -0.334846
108 111 -1.4012
108 112 -4.62136
108 123 -11.1173
108 132 -2.03083
108 135 -1.66715
109 113 15.6462
109 124 -2.46638
109 152 4.47838
109 154 3.57626
109 176 -0.352349
110 113 2.25597
110 115 -0.821692
111 112 1.21062
111 119 -0.665753
111 132 1.39656
111 137 -1.90716
113 115 -0.45587
113 147 5.77471
113 151 6.35876
113 154 6.35485
114 117 -3.31536
116 125 -0.694334
116 126 0.00724931
116 165 -0.364669
117 131 -0.0856503
117 134 -6.02711
117 141 -5.60141
117 146 -0.601089
118 125 -0.0194362
118 165 -0.00962659
119 128 0.0496292
119 137 4.03876
119 138 2.17396
119 143 0.207656
120 128 -0.00122745
120 143 -0.00931448
122 136 0.687271
122 145 -4.28349
123 129 -6.74913
123 135 -1.42058
123 137 5.83654
123 138 2.52745
123 143 6.45862
123 157 -3.73241
123 159 2.80226
123 167 -0.91813
123 175 9.1018
123 177 0.000430859
123 178 -0.0155585
123 181 6.9771
123 198 -0.0140621
123 203 -0.00477376
124 148 -15.0571
124 152 -2.94661
125 126 1.52982
125 127 -0.00758134
125 156 8.43235
125 160 -6.18361
125 162 1.80162
125 163 -0.90631
125 165 2.54892
125 168 -1.11643
125 172 2.58591
125 183 3.47666
125 184 6.82649
125 191 -8.0093
125 194 2.73701
125 195 8.05557
125 230 6.34419
125 238 2.58569
125 273 3.57228
125 280 3.10675
125 282 1.69086
125 293 2.39359
125 300 3.83347
125 319 -3.43706
125 323 -5.91779
126 165 0.362075
127 141 -5.0549
127 162 -0.0151627
127 163 -0.0150907
127 173 -0.924411
127 180 -11.0305
128 134 -0.00445243
128 138 0.0204094
128 143 0.063669
129 140 2.0371
129 151 0.218685
129 157 0.216991
130 161 0.270076
130 182 1.81644
130 187 2.64699
130 193 0.0230844
131 141 0.578558
132 135 -1.44559
132 137 -1.32411
134 143 3.15134
134 146 3.10675
135 137 -1.58737
136 145 -1.55256
136 150 3.57575
136 156 -2.10433
136 160 -9.28032
136 169 -1.63282
137 138 4.70689
137 159 3.57445
138 143 5.54243
138 144 2.7974
139 158 3.35327
139 182 0.501014
139 193 0.452295
140 151 0.0294693
140 157 0.0507852
141 146 7.33694
141 173 1.06254
141 174 1.75131
142 145 0.0197285
142 153 -0.0431389
143 144 3.43706
143 146 2.36284
143 166 0.0353641
143 170 -0.524135
143 175 4.85009
145 153 -0.607509
145 169 -0.929099
146 166 0.0451408
146 174 3.03822
146 175 3.38242
146 189 2.71175
146 190 5.90713
146 205 2.85347
147 151 2.41825
148 152 -0.363969
148 164 -3.74366
149 153 -0.0184326
149 155 0.83062
149 158 3.0865
149 169 0.0321749
149 179 0.573626
149 182 -0.0467952
149 193 4.10041
149 200 2.71273
149 208 -0.0148553
149 229 -2.26427
149 240 0.284823
149 242 0.402872
149 255 -0.0249104
150 160 -3.43417
150 168 -1.18877
151 154 3.20604
151 157 2.11792
151 185 10.3021
151 201 0.319689
152 154 2.91189
152 164 5.95306
152 176 -0.985228
152 186 5.94235
152 197 -0.337785
152 199 0.179457
152 207 0.866247
153 169 3.11129
154 176 -0.195601
154 185 0.669846
154 192 5.20344
154 197 -1.91493
155 158 2.04452
156 160 -2.43508
156 169 2.36822
156 183 10.3626
157 167 -7.17741
157 185 0.0296995
157 201 0.477816
157 210 1.04426
158 182 -0.133043
158 193 2.18873
158 208 -0.019498
158 229 -0.0682916
158 242 0.0682916
160 168 1.5821
160 184 -2.13463
162 163 -0.411
163 180 -3.73241
163 191 -14.3
165 168 -0.00309865
165 194 0.973217
166 170 -0.0353573
166 175 0.3729
167 177 1.60421
167 178 1.31761
167 198 0.108661
167 204 -1.18408
167 210 -1.04226
167 215 -0.000722984
168 184 -1.20964
169 179 3.75081
169 183 9.73786
170 175 -3.15032
173 174 2.29366
173 180 -4.8442
174 180 -5.53733
174 189 2.62231
174 196 5.44278
174 212 3.49104
174 216 2.07004
174 222 0.267357
175 178 -0.0286092
175 190 0.718611
175 198 -0.246727
175 203 -0.0198595
175 205 2.09618
175 213 -1.57696
175 223 4.8163
175 231 -0.146293
175 252 -0.0567177
176 197 -3.10675
177 178 3.5017
177 198 0.104463
177 215 -0.000722984
178 188 0.901163
178 198 3.32629
178 202 1.71618
178 204 -1.45651
178 210 -0.00904184
178 215 -0.0343727
178 224 -0.270465
179 183 6.69461
179 200 3.87684
179 220 3.97445
179 221 3.10111
179 237 2.92133
179 240 2.02722
179 243 1.90247
179 255 -0.0474607
179 256 -1.7193
179 270 -3.43706
180 191 4.46806
180 212 -4.8442
180 214 -13.7164
180 323 -0.0113498
182 193 -0.0372675
182 208 0.777346
182 229 1.32278
182 242 -0.832474
182 268 4.48688
182 279 3.55042
182 299 0.567571
182 347 2.70413
182 372 3.11549
182 381 2.7255
182 400 0.887171
182 407 2.68461
182 469 0.178393
182 474 0.152069
182 476 0.0154724
182 483 0.0302403
182 503 0.705983
182 596 0.275298
182 646 -0.035493
182 654 -0.00366336
182 657 -0.00380342
183 211 3.13256
183 221 4.21904
183 237 7.76993
183 238 3.31536
183 293 2.75795
185 192 4.68047
185 199 1.33757
185 201 0.0270084
185 209 5.56079
185 210 0.0323906
185 226 6.37405
185 232 1.18044
185 245 -0.0154379
185 247 1.8793
185 254 0.00801421
186 199 1.63757
186 207 5.50794
186 218 0.494634
186 219 6.63178
186 232 3.18347
186 236 -0.304505
186 257 1.73084
188 198 0.249676
188 215 -0.000722984
189 190 6.25986
189 196 4.22093
189 213 -1.4071
189 222 7.45969
189 223 7.27503
189 233 4.877
190 205 1.66385
190 213 -1.39593
191 195 -7.6246
191 214 -3.57445
191 225 1.98254
191 230 -24.0725
191 244 1.77875
191 249 -5.53733
191 258 2.84969
191 272 -3.57445
191 284 3.19743
191 294 -4.8442
191 300 -4.14515
191 312 -4.14515
191 319 4.85428
191 321 6.16383
191 323 -0.17024
191 332 -0.984062
191 358 1.66749
192 197 -2.46776
192 199 1.84537
192 209 3.44077
193 208 -0.0379034
193 229 -0.451934
193 242 0.283403
195 225 -14.8177
195 230 1.62352
196 216 2.7254
196 222 1.15659
197 199 -4.05178
198 202 0.369213
198 203 2.49618
198 215 -0.24387
198 217 0.533685
198 224 -5.24766
198 228 -0.266661
198 231 1.26654
198 235 4.05713
198 246 5.75657
198 252 0.572794
199 219 0.341249
199 232 4.52061
199 234 1.98633
199 254 0.0616813
200 240 0.193833
200 255 -0.0452959
201 210 1.41636
201 215 -0.0109455
201 226 -0.0259426
202 215 -0.0567379
204 210 -1.06228
206 207 0.178789
206 218 -3.06048
206 227 -3.6616
206 236 -0.291486
207 218 0.494634
207 236 -0.914409
210 215 1.90267
210 226 0.989933
212 214 0.735001
212 216 3.57331
213 223 -1.20956
214 216 5.03126
214 244 -4.8442
214 249 5.69897
214 250 1.57696
214 251 1.44559
214 265 1.12464
215 224 0.0806153
215 226 1.59004
215 228 2.16993
215 259 0.438725
216 222 12.1817
216 223 3.32983
216 233 2.31952
216 251 10.7459
216 290 3.6616
217 224 -1.32411
218 227 3.20604
218 236 -4.56095
218 253 1.93077
218 257 3.20604
218 267 4.14507
219 232 0.431016
219 234 0.0586945
221 237 4.23388
222 233 8.56551
223 231 -0.024111
223 233 10.2337
223 252 -1.09864
223 261 -3.43706
223 285 -3.61232
223 290 7.04738
223 298 -0.816533
223 305 -0.421302
223 329 0.125997
225 323 -0.00378328
226 228 0.0694872
226 245 -3.73241
226 247 1.62079
226 254 -4.43612
226 259 1.82286
226 262 3.91645
226 269 -1.54979
226 277 2.80484
226 281 -0.0673176
226 283 -4.23307
228 246 -0.0269665
228 259 0.140849
228 264 -4.59346
228 281 -8.15825
228 308 0.182079
228 330 0.132526
229 242 -1.21064
230 280 0.584119
230 319 -3.10675
231 235 0.387296
231 239 10.5387
231 252 8.55312
232 234 1.03412
232 241 4.61395
232 245 0.0121497
232 254 1.06353
232 257 1.08181
232 260 1.6481
232 266 0.306198
233 248 5.57426
234 254 0.300142
235 239 2.4002
235 246 5.33433
237 256 -1.71046
237 268 -3.20605
237 276 -0.0544849
237 293 0.201614
237 297 -3.01573
239 246 1.42058
239 252 6.86849
240 255 -1.29393
240 268 -7.69438
240 270 -2.72959
241 254 0.281949
242 255 0.00147191
242 268 -0.740165
243 256 -0.864073
243 270 -3.01573
244 249 -2.31952
244 250 -5.42338
244 272 -5.53733
244 323 -0.00378328
245 247 -0.0337837
245 254 1.56606
246 252 1.73919
246 274 0.211378
246 278 4.99941
246 291 5.29104
246 301 0.83062
246 306 2.14198
246 307 10.0057
246 308 -0.0496425
246 310 2.23232
246 318 0.905357
246 330 -2.65677
249 250 4.16308
249 265 6.60069
249 272 3.41866
249 288 3.81537
249 294 3.94451
249 304 2.36822
251 265 5.34624
251 290 3.98107
251 304 1.72077
252 261 0.286412
252 263 10.3005
252 274 2.36822
252 285 3.83221
252 289 6.02711
252 291 2.31952
252 298 6.14149
252 305 0.143167
252 313 9.41131
253 267 0.918538
253 295 -0.0969148
253 296 -2.68772
253 314 -1.9477
254 260 1.02424
254 269 -2.27907
254 275 -7.14787
255 268 -0.0389131
256 270 -0.0856503
256 276 -0.386023
257 260 0.0435471
257 266 3.76653
257 267 1.12464
257 295 -4.38792
257 316 -0.000244152
257 320 0.000373305
257 322 -0.116857
257 327 -5.55467
257 339 -0.687271
258 323 -0.00378328
259 262 4.17877
259 281 -0.146168
259 308 -0.0150773
260 266 0.175721
260 271 -0.0171688
260 275 -0.116857
261 263 0.327502
262 277 0.013411
262 281 1.12446
262 287 0.983099
262 302 -0.1182
262 303 -0.264391
262 308 -0.332754
265 288 5.05592
265 304 5.15164
266 271 -0.29307
266 275 5.12769
266 283 -0.571113
266 292 0.998312
266 309 -4.93389
266 311 2.97799
266 322 -2.77452
267 295 -0.888965
268 270 3.31536
268 276 -1.81446
268 279 0.929884
268 286 9.95453
268 297 4.16929
268 299 1.45658
268 328 0.434708
268 332 4.99468
268 336 1.90616
268 346 -0.0451622
268 347 4.69919
268 381 0.120941
268 400 2.23618
268 407 0.148597
268 416 1.84714
268 469 0.0294456
268 476 -0.0247663
268 483 -0.449922
269 275 -5.48886
269 283 1.39227
269 292 -1.63282
270 276 -1.91493
271 275 -2.58569
273 323 -24.2383
274 289 4.08298
274 291 0.845339
275 292 1.04226
275 309 -4.43612
277 283 -1.02859
277 287 0.0141013
277 302 0.0207562
277 303 -3.26219
279 400 0.358534
281 302 -0.712444
281 308 -3.33614
282 300 1.25517
282 323 -2.41897
283 292 -0.47735
283 302 -0.0207563
283 303 1.21821
283 311 -0.625275
284 294 -8.27967
284 312 -12.1074
284 323 -0.00756656
285 298 4.13858
285 305 0.143167
287 302 0.0578898
287 303 -0.0766681
288 304 3.31698
289 291 7.41143
290 304 2.84864
290 324 3.10675
290 326 2.94788
290 329 5.28419
291 306 1.52308
291 307 3.23504
291 313 1.16796
291 317 3.14039
291 333 0.024234
291 334 2.33631
291 353 1.42342
291 371 -8.97439
292 309 -5.79303
293 297 -8.2903
293 323 -5.53733
293 332 -3.57445
294 304 6.57769
294 312 2.33527
295 296 4.92447
295 316 -0.740041
296 314 -5.80967
296 316 -1.49141
296 340 -9.97346
296 352 1.23933
297 328 4.73593
297 332 6.42514
298 305 6.9549
298 313 2.78039
298 325 5.27526
298 329 -0.119959
299 400 0.358534
300 323 -12.536
301 307 0.386023
302 303 0.00360536
302 308 1.8686
302 315 0.214405
302 335 0.153426
303 308 0.00721072
303 311 -0.373433
303 315 0.886516
303 335 0.178744
304 312 1.42058
304 324 4.14397
304 326 0.793711
304 337 3.10675
304 355 1.88061
304 367 0.758015
305 325 2.42411
305 329 0.93579
306 307 2.45611
307 308 -2.23102
307 310 0.962998
307 317 2.18405
307 318 1.63282
307 330 -2.31952
307 334 7.90855
307 342 -2.85347
308 315 0.214405
308 330 0.508888
308 334 -3.00315
308 335 0.153426
308 342 0.635286
308 343 -3.91858
308 348 -0.00238356
308 356 1.51911
308 364 -0.113558
308 378 0.133533
308 403 -0.000332199
310 330 -1.76653
311 315 -0.33663
311 322 -1.73759
311 331 -3.94755
311 344 -0.0101413
311 350 -4.14515
311 357 -2.57868
312 321 -7.42989
312 337 1.53023
312 341 2.14021
312 349 1.07038
313 325 11.9013
313 329 0.0514887
313 333 0.0472371
313 345 7.93099
313 362 2.2262
313 365 5.71204
313 371 -10.2029
313 375 2.97268
313 390 0.241436
314 352 -0.0655002
314 360 -0.0255472
314 363 -0.852617
315 331 -2.71175
315 335 1.45956
315 343 -0.183371
315 348 1.63453
315 350 -0.0958571
316 320 -0.01726
316 327 0.000609577
316 340 -0.353819
317 334 1.32411
319 323 -0.00378328
320 327 -0.0105595
321 323 -0.0179741
321 341 -3.20605
321 349 -3.91844
321 358 1.10372
321 382 -7.36776
322 327 -1.69086
322 339 0.0313362
322 344 0.050735
322 357 -0.208371
322 366 -5.07341
323 332 0.458771
323 338 3.431
323 354 0.248199
323 358 -0.098854
323 395 -0.0487275
324 326 2.5761
324 329 9.39941
324 367 6.98622
324 369 3.96916
325 329 1.99915
325 361 0.131719
325 375 3.89784
327 339 -3.84855
327 340 -4.8442
327 352 1.75131
327 359 1.17228
327 363 -11.1567
327 366 1.78253
327 379 -4.8442
327 380 -4.8442
329 351 3.45324
329 361 0.0254637
329 369 5.07407
329 373 -3.91844
329 375 0.199603
329 377 -0.140016
329 385 -5.53733
329 401 5.18198
329 405 -4.14515
331 350 -5.53733
332 354 1.78025
332 358 -1.76178
332 395 -4.51678
332 400 7.49783
332 411 4.3503
332 415 1.57007
332 416 2.71175
332 450 4.65615
332 479 -0.731646
332 490 -0.315428
333 345 0.0460061
333 371 -3.01573
334 342 -0.775982
334 353 0.385146
334 371 -4.8442
334 378 -2.47197
335 343 -0.000460779
335 348 10.0831
335 350 0.292962
335 356 -0.000863869
335 357 6.70391
335 376 1.16715
335 403 0.0473357
336 346 -0.0451622
336 347 0.515786
337 349 8.47196
337 355 2.77178
337 367 1.40546
337 370 3.50999
337 392 1.13135
340 352 -3.73241
341 349 1.23277
343 348 -0.000184101
343 356 -2.12255
343 364 0.0619737
344 357 -2.1499
345 362 1.23277
345 368 -1.84714
345 371 -3.73241
346 347 -0.0903259
347 372 1.96821
347 381 0.508723
347 388 1.58149
347 400 1.85593
347 407 0.148824
347 469 0.0294768
347 476 -0.0245209
347 483 -0.339536
348 356 -0.0263167
348 364 0.0151095
348 374 6.23735
348 376 2.38091
348 378 -0.0443459
348 379 0.0165576
348 383 3.99697
348 386 -0.00414209
348 393 5.87287
348 398 4.8136
348 403 0.834764
348 412 -2.20096
348 413 0.00413667
348 423 -2.52745
348 428 0.331109
349 382 -2.71175
349 384 -5.1313
349 392 3.64203
350 357 4.37392
351 373 -1.63282
351 377 -3.42329
352 363 -4.43612
353 371 -5.53733
354 358 -0.231298
355 367 0.0700632
356 364 -0.670383
356 374 -0.0019704
356 378 0.696881
356 383 -0.00197038
356 393 -0.0019704
356 398 -0.0039408
357 366 0.454255
357 376 1.06196
357 379 -5.15922
357 386 3.44698
358 382 -4.8442
358 395 2.14198
358 409 4.74108
358 422 -5.53733
358 439 -3.67181
358 447 -1.27785
358 448 1.04601
358 458 -2.52745
358 471 3.10675
358 486 -7.11432
358 511 1.18266
358 515 -10.1228
358 525 -1.23277
358 529 -1.75121
358 542 2.59886
358 552 -3.73241
358 582 -3.73241
358 600 1.84714
359 363 -9.45578
360 363 3.88529
360 394 6.70651
360 399 -4.73593
360 406 2.06537
360 408 0.177698
360 429 -3.27635
360 433 0.172978
362 368 -0.434708
362 371 -2.77178
363 380 3.49631
363 389 -0.304695
363 394 3.49672
363 408 -0.138529
364 378 -0.123234
364 403 0.0062023
366 379 -11.0747
367 369 2.85347
367 370 1.83162
367 387 -5.78512
367 392 1.49283
367 402 4.40507
367 404 -1.28038
368 371 1.91493
369 373 -2.52745
369 385 -4.8442
369 387 -1.44559
369 391 -6.80434
371 378 1.70886
371 390 -2.01142
371 396 -6.5489
371 397 0.410405
371 403 -1.26545
371 442 1.14578
371 453 -6.36761
371 462 -0.988091
371 464 -0.0720885
371 481 0.797663
371 491 -1.25517
371 493 -3.43706
372 381 2.41188
372 388 0.733723
372 400 0.181393
372 407 0.18408
373 377 -0.242411
373 385 -2.85347
374 403 0.0473357
375 390 0.241436
375 396 0.429421
375 405 -0.794069
376 386 1.50979
376 413 -0.483868
377 385 -4.96216
378 403 -2.0608
379 380 -0.00778178
379 386 -4.04884
379 389 4.12063
379 408 2.71125
379 413 1.0654
379 414 3.12087
379 421 0.146545
379 428 0.789927
379 432 3.42217
380 389 -0.152222
381 388 0.437347
381 400 2.72305
381 407 7.78036
382 384 -2.24128
382 392 -1.78253
382 409 -13.1988
382 418 -3.90752
382 456 -6.35106
382 461 -2.55232
382 497 -3.10675
382 504 -4.14515
382 514 -6.66405
382 522 0.669846
383 398 1.47812
383 403 0.185967
384 392 -1.47101
385 391 1.54979
385 401 -11.0747
386 413 -0.750792
387 391 0.584119
387 402 -3.97304
388 400 3.15174
389 408 3.23872
390 397 -0.393916
391 401 -5.47873
391 402 -6.78853
391 420 -4.43612
391 424 3.20996
391 427 -1.38829
391 435 3.73241
391 436 -1.82143
391 449 -0.0404612
391 459 1.8289
391 475 0.0785766
391 477 -4.14515
392 402 2.31952
392 418 -5.09308
393 403 0.0473357
393 412 -0.618144
394 408 0.19558
394 433 0.269337
395 415 -2.72865
395 422 -5.53733
395 441 -3.43706
395 450 -3.18129
395 455 -3.06316
395 479 2.23596
395 496 -4.8788
395 501 -0.478786
395 510 2.02352
395 517 0.0487242
396 397 -0.500431
396 401 -1.56893
396 405 -2.67034
396 420 -0.369897
396 442 -2.3343
398 403 1.75505
398 412 -0.353819
398 426 1.16715
398 428 0.400367
399 406 -0.663523
399 410 -0.331761
400 407 0.471754
400 469 0.0280452
400 476 -0.0428
400 479 -0.560137
400 483 -2.95401
400 490 -0.379238
400 499 -0.0432483
400 506 -13.1988
400 508 -2.3546
401 405 -4.43612
401 420 1.63282
402 404 -0.81228
402 418 -1.54979
402 427 1.41501
402 430 -0.128516
402 431 0.055296
403 419 1.91197
403 425 0.102376
403 426 0.815672
403 457 2.4353
403 462 3.15054
406 410 1.67643
406 429 -1.18147
406 434 2.18405
408 417 4.31837
408 421 0.144441
408 433 0.397083
408 437 0.0273257
408 440 1.51148
408 444 5.7804
409 461 1.48067
409 522 -3.20605
409 529 -0.601089
412 428 -4.14515
413 423 -1.05108
413 432 1.3154
414 421 0.0249017
418 430 -3.38593
418 456 -2.71175
419 425 0.0358648
419 426 -0.000413433
420 424 -5.64734
420 435 -1.78253
420 436 0.55042
420 442 -7.85225
420 453 -0.470393
420 465 4.72248
420 472 6.36276
420 477 -0.00475957
420 482 -1.58594
421 432 0.0480556
421 437 0.0577794
422 439 -1.60463
422 441 -1.60463
422 445 -0.242411
422 446 -1.98633
422 452 0.618144
423 428 -0.148121
423 432 -0.253344
423 438 -1.63282
424 436 -0.607418
425 426 -3.32431
425 428 -0.235269
425 462 0.0341759
425 466 -0.00283092
425 467 0.168515
425 468 0.195805
426 428 1.68988
426 462 0.0429763
426 466 0.000310704
427 430 -0.149343
427 431 0.0622228
427 449 -2.54553
427 456 -2.52745
428 432 2.21354
428 438 0.83062
428 454 3.43706
428 463 5.20727
428 466 5.42786
428 487 7.65931
429 433 -5.53733
429 434 -1.52308
429 440 -4.8442
430 431 -0.124287
430 456 -3.31536
431 456 -2.47197
432 437 2.67222
432 438 3.20604
432 443 4.2847
432 454 1.59224
432 460 2.53427
432 470 11.3713
432 473 -1.39593
432 495 0.148592
433 440 7.61404
434 440 2.52745
435 436 -2.31952
435 465 -2.14198
435 477 -4.43612
437 443 0.214483
437 444 0.0641649
439 446 0.704796
439 447 -2.18405
439 458 -1.95015
440 443 3.1698
440 444 8.98936
440 470 8.22424
440 484 4.50027
440 495 0.595108
440 518 7.3555
440 526 3.73241
440 527 2.64699
440 531 6.21745
440 536 1.14578
440 541 6.83916
440 547 7.86206
440 549 4.07019
441 445 -0.386023
441 451 -3.23047
441 455 -0.0389131
442 453 -0.517023
443 444 4.44476
443 495 5.25116
445 451 0.837277
445 452 -0.722426
446 452 -2.94196
446 458 -3.73764
446 486 -4.68701
447 448 -2.78039
447 458 -0.148121
448 458 -3.43706
449 456 -4.04705
449 459 -2.05196
449 475 -0.87159
450 479 -0.851081
451 452 -0.722426
451 455 -1.75131
451 480 -5.12791
451 485 -1.18877
452 485 -3.5557
452 486 -4.43612
452 488 1.42872
452 511 -9.45578
452 520 -2.6924
452 523 -2.10127
452 524 -0.418426
453 464 3.3983
453 482 3.95651
453 493 -0.274059
454 473 -1.57696
454 487 5.54294
455 478 -0.339475
455 480 0.0719633
455 496 -0.511452
456 475 -5.94737
456 497 -0.702991
456 504 0.0893731
456 507 -2.78039
457 462 2.21657
458 486 -4.8442
459 475 3.28179
460 470 0.116857
460 473 -1.91493
461 522 -4.43612
462 466 0.921093
462 467 0.824303
462 468 -0.0112945
462 481 -3.07683
462 491 2.80076
462 494 4.84768
462 516 -0.28278
463 466 4.17038
464 493 -1.42058
465 472 4.45572
465 477 -0.0787033
465 489 2.5088
465 513 0.183724
466 467 4.60908
466 468 -0.00646484
466 487 14.8651
466 494 1.33011
466 505 3.38587
466 533 2.25035
466 546 4.37041
466 550 -1.47101
466 556 0.0186956
466 559 -2.46828
467 468 0.146463
467 494 2.87897
469 474 7.56931
469 476 0.766817
469 483 5.57851
469 503 1.89327
469 506 0.134928
469 508 0.147262
469 543 7.48186
469 596 7.20747
469 608 3.98162
469 634 0.494425
469 646 -0.369925
470 473 -2.27269
470 492 8.19715
470 495 0.594739
470 526 3.20604
470 536 1.56177
472 477 -0.0112628
472 482 -0.243411
472 489 4.98798
472 498 3.64788
472 513 0.535642
473 487 -0.533685
473 492 -2.18405
474 503 0.0866104
475 477 -1.14578
475 500 4.19979
475 507 4.56613
475 509 0.0562498
475 540 0.0874305
475 544 0.546167
476 483 3.01939
477 489 -0.0737536
477 500 -3.93648
477 513 -0.00626614
478 480 -2.07443
478 496 -2.85347
479 490 -0.0082515
479 501 -2.69088
479 510 0.151719
479 517 0.22616
480 485 -2.59565
480 496 -0.143927
480 519 -2.27269
480 520 -2.31952
481 491 -0.601089
482 493 -5.71806
482 513 -0.0465726
483 506 2.96074
483 508 1.02104
483 543 3.60846
485 520 -0.982543
486 511 -0.121525
487 492 3.55827
487 502 0.867703
487 505 1.32411
487 512 7.12269
487 533 0.808937
487 539 1.33509
487 559 -1.84603
487 560 0.0717796
487 571 -0.136855
489 498 1.95015
489 500 -9.49271
489 513 0.323716
489 530 3.03657
489 540 0.161858
490 499 0.0286635
490 501 0.125976
491 493 0.0333968
491 494 1.98633
491 513 -6.48156
491 516 -0.492699
491 546 6.78327
491 561 4.81082
491 564 -0.108464
491 565 0.888977
491 567 0.0736258
491 576 2.64699
491 577 6.10788
492 502 0.982543
492 512 3.54356
492 536 2.08419
493 513 -4.80385
494 546 1.37262
496 510 -2.80904
496 519 -6.54381
496 532 -2.85347
497 504 -0.222831
499 501 1.81147
499 506 -4.73409
500 507 0.302974
500 509 2.31415
500 530 -5.80527
500 534 2.13981
500 540 0.654409
500 544 3.48411
501 506 -3.91844
501 517 -2.28606
501 535 -2.02352
504 507 -1.25517
504 514 1.32906
504 521 -0.0886031
506 535 -15.4023
506 543 7.24883
506 566 2.54688
506 572 -0.0826774
507 521 1.27558
507 534 0.0714501
507 540 0.0717159
507 544 0.892878
509 540 0.0546977
509 544 0.320463
510 517 8.39703
510 532 -0.483906
510 545 -2.22758
510 551 -2.58569
511 523 -3.10675
511 524 -6.66405
511 525 -1.48979
511 538 0.185996
511 548 0.517023
511 558 -1.95015
511 563 -13.5466
512 536 0.818085
512 539 1.55804
513 530 -0.233239
513 540 0.711843
513 564 0.78224
513 565 -0.373332
513 576 -1.47101
513 577 -2.03518
514 521 -2.16309
514 522 -9.38667
515 525 -4.10205
515 538 -1.54979
515 552 -2.10127
515 558 -0.83062
517 535 4.2612
517 551 -2.64699
517 557 -0.019613
518 527 1.84354
518 531 1.54729
518 537 7.03691
518 549 6.16531
518 570 3.01573
518 575 0.434708
518 586 7.4912
518 591 8.20102
518 595 -1.30083
518 599 3.80989
518 601 0.138701
518 612 0.438654
519 520 -2.71175
519 528 -1.98633
519 532 -0.523777
520 523 0.305845
520 528 0.0700632
521 522 -3.20605
521 544 2.54839
521 574 -1.00876
521 585 0.974483
521 597 3.23428
521 604 0.0403373
522 529 -1.49683
522 542 -8.28126
522 574 -6.51431
523 524 -1.44643
523 528 1.26752
523 532 -4.09214
523 545 -3.91844
523 548 -3.57147
525 538 -0.185996
527 531 3.36228
527 601 0.0572519
528 532 -1.32411
529 542 -0.456878
530 540 -2.79768
531 537 1.55431
531 601 -0.546028
531 613 -1.08303
531 618 3.11016
531 655 2.52745
531 659 8.71858
532 545 -1.52308
533 559 -0.283826
534 544 2.34619
535 557 -0.0387312
535 572 -0.886457
535 578 -4.03604
535 584 -3.44281
536 539 4.24543
536 547 4.06667
536 560 0.100193
536 580 0.00430916
536 594 -0.00215456
537 595 -4.8753
537 601 0.241793
537 618 1.17547
538 558 -2.64699
539 547 3.00555
539 560 0.110796
539 562 -0.00611664
539 571 -0.0174409
539 575 3.73498
539 580 0.0431304
539 594 0.399875
540 544 1.1579
540 555 5.58685
540 565 0.471368
540 567 2.36822
541 547 0.924411
542 574 -1.34772
542 582 -3.43706
543 566 7.07636
543 590 2.47197
543 607 5.50373
543 634 3.14482
543 646 0.0340689
543 654 0.0717983
543 707 13.1546
543 718 6.44912
543 723 -0.600335
543 730 9.06955
543 758 3.11105
544 555 2.37916
544 567 1.27521
544 583 0.265423
544 585 -0.131882
544 589 -1.08303
544 597 -0.0939712
544 604 -0.0150788
544 609 0.779115
544 611 -2.17664
544 620 0.71526
544 632 -0.158824
545 548 -1.91493
545 551 -4.14515
545 553 -0.81228
545 554 -2.93164
546 550 -0.418426
546 559 -0.0102087
546 561 7.4353
547 549 0.379888
547 575 1.39257
547 594 0.192915
548 554 -1.52308
548 563 -3.73241
549 575 8.86276
550 556 -0.905358
550 561 -0.982543
551 553 -4.43612
551 557 -2.64431
552 558 -5.94267
552 581 -13.3474
552 600 -6.87411
552 604 -0.274059
552 678 -18.6628
552 689 -5.53733
552 696 -7.3555
552 734 -3.57445
552 746 -3.10675
553 554 -0.414385
553 557 -4.55227
553 563 -4.8442
553 569 -6.58826
553 573 -1.57696
553 578 -6.02577
553 588 -1.02216
554 563 -4.43612
555 567 8.71897
556 559 -0.010377
556 561 2.84879
557 578 0.392055
558 563 -4.8442
558 581 -5.29743
559 561 -0.130709
559 568 -0.607465
559 571 -3.22211
559 579 -0.0372475
559 598 -0.037342
560 562 -0.0119469
560 571 -0.082219
560 580 0.0971362
561 571 0.078875
561 577 3.88722
561 579 1.18595
561 587 5.95999
561 592 5.34706
561 598 3.11703
561 602 8.59954
562 571 -2.01993
562 580 -0.0116604
563 573 -5.46058
563 581 -5.53733
563 588 -5.53733
563 610 -7.46051
563 616 -5.53733
563 619 4.96212
563 631 -5.53733
563 637 -9.28032
564 565 -0.470595
564 577 -0.252997
565 567 6.10426
565 577 2.98108
566 572 -0.805301
566 578 -2.27269
566 584 1.51441
566 590 2.64699
566 607 1.72077
567 577 3.67719
567 583 0.0891341
567 589 -11.0747
567 630 -0.000933342
567 633 -0.500978
567 638 -1.69055
569 573 -0.132481
569 588 -3.73241
571 580 -0.0184252
571 594 0.0026335
571 598 1.34728
571 606 0.0382706
572 584 -0.0456343
573 588 -2.85347
574 582 -0.0142687
574 585 -1.43294
574 604 -0.0871353
575 594 0.379119
575 599 15.0682
575 614 2.59446
576 577 2.36822
577 592 4.31615
577 593 4.39282
577 602 3.43706
577 617 1.78253
577 627 3.31494
577 633 -0.292151
578 584 -4.34073
578 588 -5.57426
578 607 -1.55971
578 623 1.72077
580 594 -2.0655
580 598 -0.109262
580 606 -0.0497973
581 616 -3.35644
581 631 -0.0135733
581 667 1.24308
581 674 0.121078
581 689 -0.179458
582 585 2.52895
582 600 -0.443626
582 604 0.155427
583 589 -1.02216
585 597 1.4527
585 600 -1.38293
585 604 2.83277
585 620 -0.781492
585 624 0.332204
585 625 5.93269
585 632 2.07913
588 607 -3.43706
588 610 -8.30601
588 623 -0.00778178
588 631 0.167036
588 637 -0.165477
588 658 -4.95474
588 707 -6.28666
589 611 1.21963
589 630 -0.188492
589 638 -0.346082
591 595 -1.47101
591 601 -1.22742
591 603 0.111866
591 612 0.425636
591 615 2.45484
591 622 2.64831
593 605 3.76141
593 617 2.52745
593 627 5.53462
593 628 1.34772
593 633 -0.00303744
593 649 0.0210668
593 650 2.95571
593 671 0.326638
594 598 0.0139086
594 599 2.50871
594 606 6.44266
594 614 0.831875
594 636 0.30862
594 645 1.8726
594 647 0.598459
595 601 -0.123551
595 603 -0.398255
596 634 0.580591
596 646 -1.10847
596 654 0.079951
596 657 -0.0253336
597 604 0.0745472
597 620 -0.187942
598 602 2.10446
598 606 10.6408
598 629 6.33108
599 612 0.454761
599 614 2.58569
599 621 3.62992
599 636 3.41466
599 643 4.91108
599 645 0.267551
599 647 1.6369
599 651 0.19412
599 656 0.0152651
599 665 -4.5283
600 604 -0.699513
601 603 0.00158441
601 613 -4.14515
601 615 -3.90703
601 618 -3.22347
602 605 3.10675
602 617 2.69001
602 626 10.6748
602 629 1.52308
602 653 5.76259
602 677 -0.108992
602 682 3.44243
602 685 -0.233763
602 691 0.20412
603 615 0.0879891
604 624 0.0600666
604 625 1.44723
604 632 0.0301576
604 639 -2.27269
604 652 -1.27785
604 696 -3.01573
605 617 5.10958
605 650 0.0262207
605 653 3.96569
605 671 1.6969
605 679 0.303083
606 629 -0.00975388
606 642 0.399995
606 645 3.57445
607 623 -3.95381
607 707 2.06181
609 611 -0.6615
609 620 4.45349
610 637 -1.83288
611 620 -2.09839
611 630 -0.427983
611 640 -0.129336
611 648 -8.36904
611 660 -2.47197
611 669 -2.93164
612 621 1.90718
612 622 0.90095
613 618 -1.32378
615 618 5.57817
615 622 3.44363
615 644 0.423322
616 619 -3.20605
616 631 -0.618144
618 635 3.21731
618 644 2.38626
618 659 0.210724
618 664 1.81663
618 666 -0.255246
618 676 0.0707761
619 631 -4.43612
620 632 -3.36605
620 640 1.56137
621 622 4.60618
621 643 5.42035
621 644 3.45024
621 665 -2.06181
621 666 -0.305845
621 676 3.57445
622 644 2.22758
624 625 3.30811
625 632 1.0841
625 639 -1.57696
625 652 -3.41171
626 629 3.75483
626 642 -0.0516759
626 661 2.1535
626 677 0.117884
626 685 -0.299415
626 691 0.131513
627 628 1.57696
627 633 -0.0653453
629 642 -0.0948242
630 633 2.68293
630 638 -1.78359
630 641 -1.04765
630 660 5.01017
630 670 -0.180443
630 681 2.06609
631 637 -0.530266
631 658 -3.20605
631 667 -0.0353753
631 668 -7.5605
631 674 -3.08027
631 678 -0.195158
631 683 -0.420581
632 640 -1.15295
632 652 -5.06545
632 672 -1.60463
633 641 -1.01869
633 649 0.00105487
633 650 0.00280135
633 670 -1.68003
634 646 0.0502264
634 654 0.27398
634 730 0.516143
639 652 -2.14198
640 669 -0.83062
640 672 4.68002
640 675 -2.05664
642 645 4.27911
642 662 -0.223584
642 673 1.69261
644 666 -0.023346
645 647 2.18405
645 651 0.0636403
645 656 0.371417
645 662 -0.0275362
645 663 3.66327
645 673 3.02189
645 680 0.0318201
645 684 0.202827
645 690 3.61979
645 695 -3.26872
645 703 -0.132481
646 654 2.65258
646 657 9.28419
646 718 0.00785445
646 723 -0.12922
646 730 0.0787871
646 736 1.10498
646 758 0.00785445
646 769 1.06685
648 660 2.85347
648 669 3.27296
649 650 5.36216
649 670 -0.046201
649 671 -0.00283558
650 670 -0.0219827
650 671 0.0360024
650 679 0.0224414
650 681 0.0011945
651 656 0.0414652
651 665 -2.77149
651 680 0.176855
651 687 0.066967
652 672 -10.1857
652 696 1.08407
652 715 2.48972
652 728 -3.91844
653 671 1.17293
653 682 2.46898
653 691 0.0631749
653 697 2.02007
653 702 4.2545
653 706 4.20554
653 710 -2.06181
654 657 0.379178
654 723 -0.0367765
654 730 0.483994
654 736 0.0197525
654 769 0.0197525
655 659 2.58625
656 663 0.135763
656 680 0.0399797
657 723 -0.0219839
657 730 0.080794
657 736 0.0472311
657 769 0.0472311
658 668 0.20755
658 707 2.98601
659 664 5.13399
659 699 0.463243
659 709 -1.00226
659 717 0.652076
659 741 0.183821
660 669 13.413
660 681 2.05381
660 704 1.28956
660 716 0.365496
660 727 3.1324
661 662 2.40708
661 677 0.569226
662 673 0.0620515
662 677 2.80588
662 697 1.69859
662 711 -0.0620039
662 712 0.0345624
663 680 -0.0548607
663 686 -7.09315
663 690 4.49532
663 705 -0.00395182
663 713 0.798388
663 725 -1.59135
663 731 -0.00778178
663 735 1.54979
664 666 -0.255246
664 676 0.549176
664 692 4.03789
664 699 2.04687
665 676 -3.31536
665 687 -0.849093
666 676 -0.995261
667 674 1.05377
667 678 -0.16364
667 688 -0.0257193
667 689 -0.166646
668 678 -6.91625
668 707 3.01573
668 732 0.623071
669 675 -0.153253
669 716 0.18429
669 727 9.52885
670 671 1.38536
670 681 -0.0304805
671 679 2.59437
671 681 -0.121788
671 698 7.87756
671 704 5.2879
671 710 -1.2847
671 720 6.6948
671 721 0.160897
671 722 3.43706
671 724 0.651224
671 729 2.22758
672 675 -2.64699
672 694 -2.58569
672 708 -2.52745
672 714 -1.47101
672 719 -2.14198
672 728 -4.43612
673 684 0.202828
673 695 -3.48408
673 697 3.27267
673 711 -0.089346
673 712 1.28051
674 683 0.954763
674 688 -1.18711
674 693 -0.728843
675 727 -0.613013
676 687 0.861745
676 692 1.71356
676 701 4.96768
677 685 0.431194
677 691 -1.61251
677 697 2.2345
677 711 -0.0747868
678 683 1.52308
678 688 -1.45093
678 689 0.659905
678 693 -2.1331
678 700 -1.09137
678 732 -3.75187
678 734 1.91025
678 746 0.682262
678 750 0.33186
678 760 -5.62434
680 686 -0.0347526
680 687 0.101822
680 690 -0.016968
680 705 0.0270792
680 713 0.0776419
681 704 1.42585
682 691 0.156728
682 706 0.0219685
683 693 -1.00192
683 700 -0.492389
684 695 -0.811311
685 691 -0.608548
686 687 -0.709001
686 705 -0.0308529
687 701 2.93193
687 705 0.00879597
687 713 6.91697
687 726 2.95864
687 745 -0.918492
687 759 -1.5904
688 693 0.982543
690 695 -1.73423
690 703 -0.148121
690 725 -6.02747
690 733 -0.226632
691 706 0.0523778
691 711 -0.18113
692 699 3.6534
692 701 6.29138
692 717 2.00043
693 700 1.00226
694 719 2.18405
694 727 3.57445
695 703 -4.21391
695 712 -2.20974
695 733 0.337785
696 715 4.20524
696 728 -4.43612
696 734 6.72818
696 747 -9.28032
696 762 -3.01573
696 763 0.258219
697 702 8.36666
697 706 0.53445
697 711 -0.791595
697 712 0.58635
697 733 -0.189688
697 739 3.50693
697 751 3.36891
698 720 0.163779
699 717 1.72093
701 717 2.41897
701 726 2.19541
702 710 -1.61772
702 711 -0.160448
702 720 6.91835
702 721 0.851014
702 748 0.0300283
702 751 4.6068
702 757 0.855331
702 773 1.18478
704 724 0.0644409
704 727 4.02234
704 729 3.09893
704 742 4.6461
704 753 1.27785
705 713 0.0354678
706 711 -0.02142
707 732 2.57719
707 760 2.27269
707 770 3.10675
708 719 -0.210882
709 717 -5.96046e-08
710 721 -0.362464
711 712 -0.179344
711 739 -0.0896721
711 751 -0.0896722
712 733 0
713 731 -11.4338
713 745 -3.91844
714 719 -2.68982
714 728 -0.364838
715 728 -5.0569
716 727 0.879434
717 726 2.20227
717 740 5.87882
717 741 7.06635
718 730 1.28466
719 727 3.40759
719 728 5.40359
719 738 1.40263
719 747 1.26625
720 721 2.06818
720 722 6.44416
720 729 5.60881
720 743 6.74789
720 748 3.75397
720 757 0.0940741
721 757 0.00449711
723 730 -1.82772
723 736 -0.0443698
724 729 2.6477
725 733 -1.69086
725 737 -0.845956
725 744 -0.233843
725 749 -2.47197
726 740 0.719483
726 759 -6.97246
727 738 1.12464
727 742 7.19431
727 753 0.982543
728 747 0.399621
729 742 10.7892
729 748 2.21456
729 765 0.210882
730 736 0.0724621
730 758 2.43483
730 769 0.271176
731 735 -8.49652
731 737 -5.53733
731 745 1.60288
731 749 -2.47197
731 754 -1.00226
732 750 -0.790336
732 760 2.76986
733 739 -0.15644
733 744 -7.65085
733 751 -0.191149
733 755 0.30885
734 746 3.37909
734 763 1.95282
735 737 -2.65385
737 749 -2.41897
738 742 2.36822
738 747 0.273205
739 751 6.30582
739 755 1.39217
739 773 0.384385
740 741 0.117502
740 756 1.72687
740 759 -0.327893
740 766 -2.99424
740 767 1.86147
741 756 1.4815
742 747 7.76097
742 753 0.905357
742 765 7.04111
742 768 1.08303
743 748 1.70038
743 757 0.0513103
744 749 -1.98633
744 752 -0.779029
744 754 -2.47197
744 755 -2.58569
744 761 -2.03595
744 764 -1.69086
745 754 -1.78253
745 759 -14.082
747 762 -2.69289
747 768 0.583717
747 771 -0.871222
748 757 2.39619
749 754 -0.924411
751 773 0.486134
752 761 -0.353819
754 759 -0.982543
754 764 -1.00226
755 761 -3.89244
756 766 -1.08823
759 761 -2.07005
759 764 0.378442
759 772 -7.07366
760 770 0.805701
761 764 -0.378442
768 771 -0.993084
