MULTICUT
0 9 0.390478
0 11 -15.9189
0 15 -2.35336
1 12 -6.78393
1 13 -3.20605
1 14 -4.8442
1 16 -2.2857
1 23 -11.585
1 41 -0.0368265
1 42 -5.53733
2 4 0.0144421
2 8 0.143674
2 17 0.00722282
2 22 -2.3719
2 29 0.00722418
2 44 -0.00762736
2 46 -0.522377
3 12 -4.14515
3 16 -2.58569
3 18 2.47197
4 8 6.1389
4 10 -3.93336
4 22 -0.147192
4 24 -5.53733
4 26 -1.08303
5 6 -1.11003
5 9 6.16883
5 15 -1.28384
5 25 1.5212
6 9 -0.416049
6 19 -0.726184
6 25 -0.174276
7 18 1.25864
7 22 3.09882
8 17 2.50259
8 22 -0.584353
8 26 -11.979
8 29 3.09168
8 30 -5.53733
8 36 -0.327487
8 44 -0.0238873
8 46 -0.0734437
9 15 -7.18902
9 25 0.423489
9 27 0.0175928
9 28 -6.87604
9 31 0.0350593
9 34 0.012734
10 15 -17.4405
10 24 -5.53733
11 15 -0.410082
12 16 4.29621
13 14 0.240992
13 20 8.05429
13 23 -4.80722
15 24 -4.8442
15 25 -0.423489
15 27 3.8013
15 31 -0.0476717
15 34 -0.0268905
16 18 -15.2729
16 32 -1.37165
16 41 1.16444
17 22 -0.0744712
18 22 3.79778
18 32 0.0557452
18 46 2.4675
18 50 -1.4205
19 25 1.5182
19 33 -1.29694
20 21 0.962998
20 23 -4.25576
21 23 -2.36822
22 29 -0.141131
22 36 0.00131795
22 44 0.0140535
22 46 1.63701
23 42 -5.79422
24 26 3.17964
24 27 -4.8442
24 30 -0.982543
25 28 -11.0747
25 33 -4.03301
25 35 -1.14156
25 39 2.45993
25 45 0.00164567
26 30 -6.58588
27 30 -3.57445
27 31 3.03565
27 34 0.33018
27 37 -14.8177
27 40 -3.01573
28 31 -0.30656
28 34 -0.212342
28 39 -4.43612
29 30 -11.0747
29 36 -0.319493
30 36 -3.10382
30 38 -4.72767
30 40 -2.71175
30 44 -1.01039
30 47 -0.375951
30 51 -1.33985
31 34 1.25284
31 37 -4.8442
31 38 -15.2198
32 41 -1.34772
32 42 -4.8442
32 50 -0.155163
33 35 2.95033
33 43 0.278127
34 35 -0.358122
34 38 -5.53733
34 39 -0.345877
34 47 -1.21064
34 49 4.45483
34 52 7.54221
34 53 1.23842
34 64 -3.57445
35 39 0.187472
35 43 2.01045
35 45 0.017243
35 52 -3.86624
35 53 -3.43706
35 56 -5.44529
35 58 0.00640497
35 63 -0.000216596
36 44 0.0253898
37 38 6.10149
37 40 1.12464
38 40 2.65328
38 47 -0.0245978
38 48 4.66388
38 49 -1.12464
39 45 0.00961558
41 42 -5.53733
42 50 -7.3555
42 54 6.62571
43 56 -15.9189
43 65 -4.8442
43 67 -4.43612
44 46 0.269053
44 47 0.322959
44 51 1.36309
44 55 -0.31608
44 57 2.13412
44 59 0
44 61 0
44 62 -10.3815
46 50 -1.23277
46 55 -0.103022
47 48 -0.0936916
47 49 -0.619587
47 51 1.99436
47 64 -4.53171
48 49 -0.619587
50 54 -3.43706
50 55 -2.41897
50 60 0.151429
50 61 1.49683
50 68 -0.974761
51 62 -10.3815
51 64 -8.98866
51 72 -0.561343
52 53 4.40148
52 58 -0.281928
52 63 -0.00727244
52 64 -1.78253
52 69 5.63196
52 70 -0.317951
52 75 0.69524
54 60 -6.12248
55 57 -4.09637
55 59 -5.53733
55 61 -8.41866
56 58 -0.0567444
56 63 -0.567429
56 65 0.597973
57 59 1.88061
57 62 -2.06181
58 63 4.38005
58 74 0.290161
59 61 4.33009
59 62 -7.83273
59 64 -0.03321
59 66 -0.0450068
59 68 -5.53733
59 72 2.45369
59 73 0.274425
59 79 -2.52745
59 81 -0.196757
59 83 -0.0544849
59 96 -11.3454
59 108 0.00913787
60 68 -6.2862
60 72 -0.391512
60 79 -10.1781
60 81 2.17049
61 66 -0.00245329
61 68 -4.14515
61 72 0.101061
62 72 -2.52745
63 65 -3.63871
63 69 -0.0329231
63 70 2.60438
63 71 2.77247
63 74 5.26721
63 75 -2.22906
63 76 -1.42058
64 66 1.24819
64 69 -4.43612
64 72 -0.0527467
64 74 -4.8442
64 77 -4.73055
64 80 0.573422
64 82 -3.51851
64 83 0.352137
65 67 0.148121
65 74 -0.657957
65 78 -9.42722
66 72 -0.0834999
66 73 -0.00480369
66 80 0.452761
66 81 -0.00480369
66 82 0.67728
66 83 0.0445158
66 86 -0.305315
66 92 -21.0481
66 96 -8.19721
66 98 1.25913
66 108 -0.00480369
67 78 -4.07742
68 72 -14.8177
69 71 -0.0195642
69 74 5.45152
69 75 0.157015
69 76 -0.0894533
70 74 0.0967202
70 75 -1.22644
71 74 5.2368
71 75 -0.54431
71 76 -11.0747
72 73 0.0450316
72 80 -0.029259
72 81 -4.40191
72 86 -0.00975299
72 96 -0.0885948
72 98 -0.00975299
72 108 0.00307252
73 81 -0.0935584
74 75 0.0261852
74 76 -19.8817
74 77 -5.53733
74 78 0.893554
74 84 -2.37813
74 85 -15.2257
74 89 -13.6815
74 90 0.344469
75 76 -0.0894384
77 82 -3.73241
77 84 -8.35456
77 88 -0.886457
79 81 -8.76282
80 82 -9.08789
80 86 0.0621016
82 86 -0.103622
82 88 -2.10127
82 91 -0.0544849
82 92 -11.0747
82 93 1.72077
82 94 -5.53733
82 101 1.75131
82 103 -3.20605
82 109 1.88061
82 110 -20.5451
82 115 -11.0747
82 116 7.96123
82 122 -1.69086
84 85 -2.3784
84 87 5.55193
84 88 -3.73241
84 90 3.59081
85 90 -11.8271
87 88 -2.85347
87 90 4.71596
87 97 -13.6969
87 100 2.27269
87 102 -3.88353
87 104 -5.53733
87 105 -5.53733
87 106 -11.0747
88 93 -10.2965
88 97 -6.49538
88 112 -2.19083
88 135 -0.11184
89 90 -0.647503
89 95 0.606068
90 95 -3.63581
90 100 2.75848
91 93 -1.60463
91 94 -0.943623
92 98 -0.480171
92 99 -0.493936
92 101 -4.8442
92 103 -3.21878
93 94 -14.8177
93 110 -25.6014
93 112 1.03361
93 113 -1.39215
93 114 -2.6494
93 123 1.06691
93 130 -0.43806
93 140 0.687271
94 110 0.635286
95 100 -5.53733
96 98 -5.81582
96 108 -1.3617
96 111 -0.131721
97 102 -16.7189
97 127 -4.8442
97 135 0.11184
97 147 -0.0636378
98 99 4.46028
98 103 2.60219
98 108 1.56601
98 117 -0.212534
98 121 -4.10877
98 129 1.54979
98 134 -0.128338
98 145 -15.5108
98 153 -4.43612
98 160 -5.53733
99 103 1.12114
99 117 -0.847024
99 121 -5.53733
100 105 -9.97346
100 107 -2.27269
101 103 -3.20605
102 106 -8.39081
102 126 2.39691
102 127 0.0236672
102 143 -0.00317374
102 144 -0.00317374
102 149 -0.033487
103 109 -8.76201
103 121 -11.0747
103 131 -0.242411
103 153 -9.68841
104 105 -0.0787615
104 106 -7.87756
104 107 1.87722
104 149 -0.0729292
105 107 -4.08623
106 107 -5.53733
106 126 -0.943623
106 127 -11.0747
107 127 2.48793
107 142 -9.74484
107 143 -4.6441
107 144 -0.058558
107 148 -0.899681
107 149 -0.0971855
108 111 0.462794
108 132 1.30683
108 134 -1.0734
108 138 1.60658
108 141 -7.85226
108 145 -5.53733
109 115 -3.89646
109 129 -0.117124
109 131 -0.517023
110 116 -5.53733
110 137 -11.0747
110 140 -5.53733
110 152 -1.84714
112 113 -1.89775
112 123 0.677383
112 130 -4.78683
112 135 -0.0650845
112 137 -0.951999
112 140 1.44559
112 147 -0.867703
112 157 -0.307783
112 165 0.0589534
113 114 -2.51286
113 118 -6.08295
113 130 0.418426
114 118 -2.77776
114 119 -0.0316545
114 123 -0.511464
115 122 -12.4294
115 129 0.272192
115 133 -0.0461951
116 122 -3.34201
116 128 -5.90902
116 137 4.21461
117 121 -2.06181
118 119 -0.418426
118 120 -6.80297
118 123 -0.905358
118 124 0.982543
118 130 -0.740165
119 120 -0.0856503
119 123 -1.89945
119 124 -0.00526946
119 125 -0.106139
120 124 -1.06254
122 128 2.14198
122 129 -0.170631
122 133 -0.855769
122 136 0.0774433
122 137 -4.1972
122 139 -11.892
122 146 -4.43964
122 151 0.284032
122 156 -0.531452
122 165 -0.245728
123 124 -0.924411
123 125 -0.81228
123 130 -0.405175
124 125 0.0105389
126 127 0.0186123
126 143 -0.00321516
126 144 -0.00321518
126 149 -0.0121852
127 142 -0.6367
127 143 -1.94887
127 144 -0.238343
127 147 -4.8442
127 149 -0.388677
127 154 -1.12464
127 155 -5.53733
129 131 -5.67801
129 133 -0.134474
129 136 1.55719
129 139 -3.57358
129 145 -7.52166
129 150 1.143
129 153 -22.7909
129 160 -1.16715
129 167 -2.78039
129 171 -0.158687
129 178 -10.3815
131 153 -5.53733
132 134 -0.136544
133 136 -0.427728
134 138 -0.122587
134 141 -0.117913
135 147 -2.7689
136 139 -1.57696
137 140 -0.963101
137 146 1.28357
137 151 -0.21613
137 152 -3.43706
137 156 0.23695
137 165 -4.37178
137 166 4.29411
138 141 -1.11734
139 150 -3.85313
139 158 -1.23561
139 165 -4.8442
140 152 -2.71175
141 145 1.89229
141 171 0.340442
142 143 2.57955
142 148 -5.53733
142 149 1.45314
142 159 -9.97346
142 161 0.420976
143 149 0.0581824
144 149 0.0425312
145 171 1.04273
146 151 -0.141343
146 156 0
147 154 -15.8462
147 157 0.0504849
147 165 -2.69896
148 159 3.43706
148 164 -4.8442
148 173 0.24241
149 155 -18.4451
149 161 1.98143
150 158 0.599373
150 162 -4.14168
150 167 -3.92886
151 156 -0.415052
151 165 -1.01708
151 166 -0.0736477
153 160 0.471212
154 155 0.0593247
154 163 -0.384247
154 165 0.269238
155 161 -4.14515
155 163 0.407043
155 168 2.03674
156 165 -2.62318
157 165 -0.344926
158 162 -2.93164
158 165 -4.43612
158 167 -1.00933
158 170 -4.14515
158 175 0.707605
158 178 -4.557
158 183 -0.449996
158 184 0.839025
158 188 -3.91844
158 191 -0.0776594
158 193 -8.05025
158 201 -0.758016
158 202 -4.43612
159 161 -1.30083
159 164 -11.0747
161 164 -5.29093
161 168 -19.6619
161 169 -2.46479
161 172 -1.39593
161 176 0.100095
161 180 0.278417
161 181 -0.978224
161 190 -0.0333337
162 167 0.867703
163 165 -1.87805
163 168 1.44702
163 174 -1.07572
163 177 -5.53733
163 180 -4.43612
164 169 2.79951
164 172 -1.90011
164 173 -4.8442
164 176 -5.53733
165 166 -2.5836
165 170 0.933546
165 174 -0.0544849
165 177 0.0224588
165 182 -0.0791195
167 178 -11.0747
168 180 -4.43612
170 175 -0.246549
170 177 0.00623291
170 179 -10.3815
170 182 -0.0601762
170 185 5.39004
170 186 3.78843
170 189 -0.0957776
171 178 -8.31741
172 176 -4.43612
173 176 -0.533685
175 179 0.793018
175 183 -1.41857
175 185 -0.940884
176 181 -0.567799
177 180 -0.00971942
177 182 -4.86938
177 187 -8.74338
177 190 0.0399317
177 200 -11.2001
177 203 -5.53733
177 205 -10.3815
177 207 -2.13015
178 202 -3.31536
179 183 -10.7821
179 185 -11.0747
180 181 -0.341012
180 182 0
180 190 -0.152202
181 190 -2.23411
182 187 -10.3815
182 189 -1.40346
182 190 -0.0198874
183 184 2.74715
183 185 0.612444
183 192 -7.9179
183 199 -1.14578
183 209 -5.53733
183 211 1.58304
183 220 0.646696
183 224 1.44363
183 226 1.25514
183 233 0.0288647
183 241 -0.81228
183 243 -5.53733
184 188 -5.64676
184 191 -1.19841
184 193 -10.3815
184 209 -11.0747
185 186 3.00022
185 192 -10.3815
185 195 4.10092
185 196 -1.08303
185 197 0.849093
185 198 1.18877
185 199 -10.3815
185 204 0.321795
185 208 -2.10127
185 210 -2.97206
185 213 5.1485
185 218 -5.53733
185 221 -4.8442
185 222 0.25458
186 189 -0.2234
186 194 2.44232
186 195 2.70387
186 197 5.98644
187 189 4.08715
187 195 -5.89647
187 200 -3.91844
187 203 3.54171
188 191 -0.402198
189 194 -1.43044
189 195 -0.687271
191 193 -4.8442
192 196 -5.53733
192 199 -3.18769
193 201 0.0244231
193 202 -0.00136065
193 206 -0.00472112
193 209 -0.0187777
194 195 2.25342
195 197 3.01573
195 198 3.43706
195 200 1.91493
195 204 3.01573
195 210 -11.0747
196 199 -8.46898
199 208 -15.9189
199 211 -14.3
199 217 -10.3815
200 203 -13.5876
200 205 2.61014
200 210 -5.53733
200 215 1.13838
201 202 -3.10539
201 206 -2.92795
201 209 -2.63504
202 206 3.71938
202 212 -6.67694
205 207 -13.5479
205 215 0.719954
205 216 -4.8442
206 209 4.67751
206 212 -0.100645
206 214 1.9599
207 216 1.06254
208 217 -1.80714
208 221 -4.8442
208 225 -4.8442
209 212 -1.12464
209 214 2.96897
209 223 2.82871
209 241 -5.30632
209 249 0.170786
210 213 -15.5108
210 215 -5.53733
211 217 0.16735
211 220 2.45058
212 214 -1.82316
212 223 -4.14515
213 215 -8.62644
213 222 0.509128
213 228 -3.36731
213 234 3.90247
213 239 -0.0636448
214 223 2.54564
215 216 -0.963225
215 219 3.44032
215 227 0.459565
215 235 0.0659427
215 237 2.52196
215 239 -11.0747
216 219 -1.92645
216 227 -15.9189
216 235 -4.43612
217 220 0.466198
217 225 -0.0788626
218 220 -0.228676
218 221 0.310291
218 222 -11.0747
218 229 2.11953
218 230 -11.0747
218 238 -4.8442
219 227 1.07886
219 235 -0.219809
220 221 -2.55417
220 224 1.08303
220 225 -0.315447
220 229 4.14182
220 231 2.00768
220 232 -32.5309
220 236 -4.14515
220 247 5.73084
220 255 0.261829
220 257 -0.223722
221 225 0.026287
221 229 -1.05996
222 228 -0.420577
222 230 -2.10127
224 226 1.23342
224 233 0.0193886
224 236 -4.8442
225 229 -0.0525739
226 233 -6.57266
226 236 -0.558808
226 243 -8.74338
226 244 -0.73641
226 245 -0.305845
227 235 -1.95852
227 237 -1.77906
228 230 -25.3532
228 234 -1.08037
228 238 -4.43612
229 238 -4.8442
229 242 -12.2392
229 251 0.463081
229 255 0.417229
229 256 0.898688
229 257 -1.28251
230 238 2.86137
230 240 0.0870765
230 242 0.147102
232 233 -1.02216
232 236 1.19695
232 247 -7.26317
233 236 -2.20319
233 243 -2.25403
233 244 -24.7911
233 247 -0.158622
233 259 -0.793076
233 260 -0.158304
233 263 1.16478
233 270 -2.31952
233 271 -13.8336
234 237 0.775982
234 238 -4.8442
234 239 -13.7271
234 240 -16.612
234 252 -3.01972
235 237 0.0882032
235 246 -1.75569
235 250 -0.00294
237 239 -4.8442
237 246 -0.478364
237 248 -1.75419
237 250 -0.0114716
237 252 -4.13461
237 254 0.422527
237 262 -0.54716
237 264 -2.27269
237 265 -0.0575619
237 266 -0.917199
238 240 2.12765
238 242 0.169755
238 253 -0.982543
240 242 0.189293
240 252 -6.92555
240 253 -3.73409
241 243 -2.53828
241 249 -0.293577
242 251 -0.949962
242 253 -1.25517
242 261 -0.481723
243 244 0.943447
243 245 -0.421633
243 249 0.862243
243 260 -5.53733
243 263 -2.32405
244 245 0.577437
246 250 0.00884828
246 254 -0.219328
247 255 0.56351
247 257 -0.675402
247 259 5.64681
247 268 -4.49197
247 269 -0.0154309
248 252 -5.46628
249 260 -7.34977
249 263 -0.138386
250 254 -0.0183137
251 256 2.01227
251 258 0.0438973
251 261 2.14078
251 267 -5.53733
251 274 -0.971039
251 275 3.61334
252 253 0.237556
252 258 0.978444
252 261 0.0825812
252 265 -3.48524
252 267 -3.58795
253 258 0.059423
253 261 0.0411998
254 262 -0.54716
254 266 -1.75131
255 257 -17.1038
255 259 0.0236956
255 269 -3.81064
256 257 -6.14875
256 274 -0.0687683
257 269 0.0606169
258 261 0.0413814
258 267 -1.00226
259 268 -12.4598
259 269 -0.00321872
259 270 0.665878
259 276 3.96916
260 263 -0.634731
262 264 -0.179458
262 266 -1.18877
263 271 -12.4951
263 273 -5.60853
264 266 -6.92067
265 266 0.230497
265 267 1.27132
266 267 1.12641
266 272 -8.13937
266 278 -1.04686
267 272 -6.3128
267 275 -4.8442
267 277 -3.26
268 269 -1.9159
268 276 -4.8442
270 271 -11.0747
271 273 1.98633
272 277 -1.57696
272 278 -1.91493
274 275 -7.19386
275 277 -2.85362
277 278 -0.132481
