MULTICUT
0 2 6.15722
1 3 0.145433
1 5 1.67542
1 10 0.0210345
1 11 0.182966
1 12 -0.0172644
1 16 -0.105711
1 17 -0.180589
2 4 -0.001694
2 7 8.71821
2 8 2.19491
2 9 -8.35456
2 13 0.386023
2 14 -12.6852
2 15 -9.26974
2 20 -15.2257
2 21 -2.76986
2 22 -7.83689
2 28 -0.000319724
2 29 2.05451
2 32 -1.47101
2 34 -3.73241
2 35 0.209793
2 40 -5.57815
3 10 1.80546
3 11 1.76004
3 12 0.117783
3 16 2.19392
3 42 -2.18405
3 44 -1.00226
3 47 0.116607
3 49 -4.73593
3 51 -6.7805
3 55 -7.84046
4 6 -0.943623
4 7 -0.583084
4 8 -0.00761868
4 16 0.863187
4 18 0.0118529
4 19 -4.57214
4 23 0.000422242
4 25 -0.00366512
4 26 -2.11864
4 27 3.63863
4 28 0.0110381
4 65 0.00626415
5 12 -0.0136469
5 16 -0.14253
5 17 0.594526
6 7 -0.551565
7 8 2.05592
7 18 -0.00974414
7 21 -0.349677
7 25 1.98588
7 27 -0.0147261
7 28 -2.11558
7 65 -0.00269485
8 28 -0.00231083
9 13 -2.85347
10 11 0.0562789
10 12 0.0190741
10 16 0.123548
11 12 0.00364873
11 16 0.031554
12 16 0.246463
12 17 -0.0408079
13 15 -3.52056
14 15 0.0115251
14 24 0.00469701
14 32 -0.758016
15 24 3.61567
16 17 -0.780106
16 19 -6.35826
16 39 -3.31536
16 41 -5.53733
16 42 -5.66272
16 45 -2.97427
16 46 -9.28032
18 21 -0.00896262
18 23 0.000684603
18 25 -0.00217749
18 26 -0.00531
18 27 0.269535
18 28 2.27118
18 31 0.125744
18 65 0.0161876
19 26 0.523064
19 28 0.000445291
19 31 -0.000837664
19 36 -0.0966788
19 41 -0.0592445
19 43 0.547161
19 53 -0.235864
19 65 0.00136538
20 22 14.7841
20 29 -15.9189
20 30 5.90104
20 33 -11.0747
20 52 -7.65085
20 58 -12.8885
20 60 -5.53733
21 28 -0.0212087
21 29 -0.2022
22 30 7.55302
22 35 -9.97346
22 50 2.27269
22 56 -2.71302
22 60 -14.1186
22 61 2.47197
22 71 -5.86592
22 72 -1.34772
23 26 0.0254525
23 28 -0.00215818
23 31 -0.000246895
23 65 0.00157834
24 32 -2.02352
24 34 3.91349
24 37 2.91103
24 38 -3.73241
25 27 -0.00841578
25 28 -0.0130258
25 65 -0.0051255
26 28 -0.0119945
26 31 -0.0145458
26 65 -0.00784187
27 28 0.168788
27 65 0.0146607
28 29 0.0767487
28 31 5.73178
28 33 0.140865
28 43 0.00167906
28 50 -11.0747
28 53 -1.13173
28 54 -11.3148
28 58 -5.53733
28 59 2.53365
28 62 -5.72437
28 65 0.115796
28 67 0.02281
28 70 -5.53733
28 77 -5.53733
29 33 2.47095
29 65 0.012496
31 43 0.000254375
31 53 -7.84551
31 54 -0.226632
31 65 0.0152172
32 34 -2.27269
33 58 -3.10675
33 65 0.0135961
34 35 -2.93164
34 37 0.511672
34 40 0.0175254
34 48 -0.122813
34 50 -1.65849
35 40 -10.1127
35 50 -5.53733
35 56 -11.0747
36 41 2.95797
36 53 2.23595
36 65 0.00237384
36 69 0.010978
37 38 -2.02352
37 48 -0.0479789
37 50 -0.211184
38 48 -0.775982
39 42 1.09987
39 69 -0.0403386
41 46 2.92796
41 53 3.39469
41 65 0.00245283
41 69 0.0115324
42 45 -0.226632
42 46 0.74181
42 53 0.0689225
42 55 1.30824
42 64 -0.451863
42 65 -0.0021688
42 69 -0.209425
43 53 -3.42327
43 65 0.00294231
44 49 -3.87589
45 46 -4.43612
46 53 1.64577
46 65 0.00237071
46 69 -0.127235
47 55 -0.804211
48 50 1.52917
49 51 3.49994
49 55 4.43612
49 68 0.82209
49 69 -0.209607
49 75 11.107
50 56 -0.533685
50 57 3.01573
50 58 -11.0747
50 60 -15.9189
50 65 -5.53733
50 71 -5.53733
50 72 -2.64699
50 73 1.16848
50 77 -3.22984
50 78 -1.51744
50 79 -4.43612
50 81 2.58569
50 83 4.22101
50 85 -4.19678
50 87 -0.378348
50 90 2.78039
50 92 -5.53733
50 100 -8.61407
50 101 3.8426
50 104 -10.5086
50 110 -2.78039
50 112 -2.64699
50 118 -5.53733
50 123 8.26628
50 129 -4.14515
50 130 1.32411
50 134 2.27269
52 58 1.69086
53 54 5.47377
53 62 2.07596
53 65 0.0142596
53 66 0.68063
53 69 0.0237656
53 76 0.0233072
53 89 -0.0569856
54 62 1.01123
54 65 -0.000381068
55 64 -1.35535
55 68 1.47865
55 69 -0.154539
58 60 1.13411
58 63 -0.454757
58 70 -1.37165
58 77 -1.49521
59 62 -2.57731
59 65 0.00553045
60 61 -7.12449
60 63 -1.15706
60 72 -0.867703
62 65 -0.00877023
62 69 0.0233946
62 76 0.00119061
64 69 -0.0856503
65 66 0.00419645
65 67 1.25964
65 69 0.046307
65 76 0.960711
65 89 -0.0437339
65 91 -0.093842
65 101 -16.612
65 102 -2.75828
65 103 -0.0253749
65 105 -2.74945
65 107 -6.3292
65 109 -0.013576
66 69 0.00884544
68 69 -0.587638
69 75 -0.13223
69 76 0.0935324
69 80 -3.73241
69 82 -0.246601
69 86 -10.5686
69 88 -3.73241
69 89 -4.39817
69 91 -0.0106234
69 94 -4.71917
69 95 -8.87224
70 77 -0.274059
71 72 -2.58569
73 78 -0.239592
74 75 0.927145
74 84 -0.330479
74 93 -1.84714
74 97 -3.43706
74 99 -3.48275
75 80 -0.136616
75 82 0.0138869
75 84 -0.860895
76 89 -0.0150672
76 91 -0.0106234
78 79 -1.37165
78 83 -1.02216
79 83 -3.57445
79 85 0.0826679
79 87 -0.866392
80 82 -0.0880247
80 84 2.17533
80 86 10.3526
80 93 -2.85347
80 106 -5.2392
80 108 -5.75657
80 114 -0.775982
80 116 -4.14515
80 121 -1.30083
80 127 -6.58588
81 85 -2.14198
82 84 -0.0352036
83 87 -0.378348
83 92 -10.3815
83 100 -3.91844
84 93 -21.5716
84 98 -2.29636
85 87 -0.165336
86 88 4.14515
86 91 0.557633
86 94 2.09637
86 95 0.004634
86 96 7.3555
86 109 0.150864
86 113 2.05611
86 114 -2.31952
86 115 8.15071
86 119 1.98633
86 122 -5.53733
86 124 -5.53733
86 131 0.24241
86 133 -4.43612
86 138 -1.95015
87 92 -2.47197
89 91 0.654251
89 95 0.104663
90 104 -2.10127
91 95 2.21298
91 102 -0.12117
91 103 3.82363
91 105 -0.0918888
91 109 3.28298
91 113 0.224332
91 117 0.0074615
91 120 0.118823
92 100 -0.0935681
93 97 4.41412
93 98 -3.38232
93 106 -0.0801649
93 108 2.11401
95 109 0.0274676
95 113 0.153614
97 99 4.62718
97 108 2.79814
97 111 6.89173
100 104 -5.50332
100 110 0.0700632
100 112 -0.581656
101 103 -4.8442
101 107 -5.53733
101 118 -12.7218
101 126 -3.10675
101 128 -3.73241
101 129 -9.97346
101 140 -1.60463
101 152 -4.14515
102 105 -0.11019
102 109 -0.00691604
103 105 -0.140739
103 107 -0.374892
103 109 0.0801308
103 120 0.998732
103 125 -5.53733
103 128 -1.84714
104 110 -12.905
104 134 -2.85347
104 142 -0.434708
104 167 -3.73241
106 108 -0.778551
108 111 3.47584
108 116 2.06181
108 127 5.97266
108 146 8.50282
108 151 4.14515
108 164 -2.31952
108 170 2.85347
108 182 -1.85671
108 185 -0.0149276
108 186 -2.22758
108 192 -0.984878
108 195 0.971531
108 196 -1.16715
108 208 0.391178
108 215 -0.722426
109 113 3.20063
109 117 0.021449
109 120 4.89783
109 133 -11.0747
110 112 -1.55935
111 146 6.9774
113 117 0.00420062
113 120 0.254078
113 133 -11.0747
114 115 -3.10675
114 121 -1.85464
115 121 -2.52745
115 124 -10.9799
115 137 -9.28032
117 120 0.00517673
118 129 6.08405
119 122 -9.68249
119 124 -6.20437
120 125 -9.97346
120 132 -2.64699
120 133 -11.0747
120 143 -6.29053
120 149 2.14198
120 150 -14.9955
120 154 -1.21211
120 159 -3.31536
120 171 -4.8442
120 172 -1.91493
121 127 -3.91844
121 135 1.59666
121 137 -2.78039
121 144 -4.48509
121 164 0.364644
122 124 1.00226
122 131 -2.36822
122 136 1.07402
122 137 2.52312
123 129 -5.53733
123 134 2.78039
123 157 -8.87224
123 160 -4.8442
123 161 -14.5267
123 162 -14.1186
123 166 -4.43612
123 169 -5.53733
124 137 7.52643
125 128 -0.195158
125 132 -0.957081
125 139 0.0179665
125 150 1.08303
125 163 -3.31536
126 128 -2.71175
126 139 -0.467445
126 140 -0.367628
127 151 1.46242
128 139 -1.57696
129 130 -5.53733
129 141 7.66921
129 152 -3.57445
129 157 3.96875
129 165 7.87649
129 176 3.01573
129 205 5.05318
129 219 5.9066
131 136 -3.43706
131 138 -0.533685
132 150 -8.35456
133 136 2.24154
133 138 0.0711728
133 156 2.33647
133 158 1.39593
133 171 1.32411
133 179 -5.53733
133 180 -8.16853
133 181 -4.8442
133 198 -2.58569
133 200 -10.4969
134 142 -2.52745
134 166 -5.53733
134 167 -5.53733
135 137 -6.7805
135 144 -1.66155
135 147 0.386023
135 148 -0.0856503
136 137 0.717198
136 138 0.355814
136 145 0.520202
136 155 -0.498829
136 175 1.23573
136 179 -3.31536
136 188 -4.69533
136 193 -0.775982
137 145 2.46013
137 148 -3.43706
137 153 1.27785
137 178 -9.45578
137 183 -13.0127
137 187 2.2118
137 229 -2.1841
137 244 -0.0859257
139 140 -1.16715
139 163 -1.69086
140 152 -1.04226
140 163 -4.43612
140 237 -5.22957
142 167 -10.2789
143 150 -4.99546
143 154 -1.23277
144 147 -1.791
144 153 -1.59683
144 164 -1.26667
144 211 0.451047
145 155 -1.27481
145 183 -3.31536
146 182 -0.907264
146 190 -5.85304
146 191 -0.670692
146 207 -5.53733
146 210 -3.31536
146 221 -1.69086
146 228 -1.21064
146 232 -1.57696
147 148 -0.618144
147 153 0.386023
148 153 -3.46474
149 150 -2.22758
149 172 -0.962998
150 154 -4.43612
150 159 -0.023346
150 163 -5.53733
150 172 -3.57445
150 173 -3.97675
150 177 -1.18877
150 189 1.16715
150 202 -4.43612
150 209 -3.01573
150 214 -6.54459
150 234 -2.78039
150 237 -5.37717
150 246 -2.31952
150 255 -6.6726
152 176 -3.49149
152 237 -0.89316
153 178 -13.7662
153 211 -1.37165
153 226 -0.242411
154 159 -0.132481
155 183 -0.704796
155 193 -0.163779
156 181 -4.43612
156 198 -4.14515
156 201 -3.73241
157 160 4.02977
157 165 2.93164
157 169 5.71502
157 184 5.82791
158 179 -2.41897
158 180 -2.31952
160 169 2.78039
161 162 4.40806
161 168 0.643956
161 169 5.64734
161 194 3.01573
161 206 2.10519
161 220 2.18405
162 166 0.140359
162 168 1.19462
163 177 -1.72077
163 237 -2.47197
164 186 -0.652519
164 211 -3.82818
165 184 6.34104
165 219 6.41209
166 167 5.02005
166 168 0.891369
167 168 3.89345
167 174 5.00205
167 206 0.635286
167 220 0.195158
167 225 3.34397
167 242 7.11155
167 248 8.79409
167 259 1.60463
167 294 -5.53733
167 295 -5.53733
168 206 0.517023
169 184 3.20604
169 194 5.81937
169 203 5.13071
169 238 5.4538
170 196 -0.652519
170 208 0.0700632
171 172 -2.10127
171 189 -0.717946
171 200 -2.31952
172 189 -2.14763
173 177 -0.919622
173 209 -1.14578
173 237 -1.95015
175 179 -2.58569
175 183 -2.64699
175 188 -2.10127
175 193 -0.56723
175 197 -4.98853
175 245 1.32688
175 278 -3.31536
176 219 3.31536
176 237 0.0822412
176 282 -8.55306
176 288 -0.794069
176 290 0.208083
176 296 -5.53733
177 237 -3.17125
178 226 -1.91115
178 229 -1.39593
178 239 -1.75131
179 180 0.00689894
179 197 -0.242411
179 212 0.0137979
180 181 -1.37165
180 197 -6.46467
180 201 -6.83916
180 212 1.40687
180 213 -0.215844
180 262 -2.85347
180 269 -0.487039
180 278 -0.418426
181 201 0.842337
182 191 1.58185
182 215 0.258219
182 221 -0.249942
182 222 -0.93225
183 187 -4.14515
183 193 -0.704796
183 217 0.011835
183 218 0.02983
183 240 -0.242336
183 245 -1.04226
183 250 -5.72747
184 219 2.78039
184 238 3.62967
184 247 8.451
184 301 -5.53733
184 303 -4.8442
185 192 0.0686665
185 195 0.0967143
185 216 -1.44163
185 222 -0.00786996
185 223 -0.0157399
185 249 -0.000213223
186 208 -0.83062
186 211 -0.517023
187 240 -1.81446
187 244 -1.74229
188 193 0.00778166
189 200 -2.14026
189 204 -3.44231
189 231 -1.02216
189 234 -1.00589
189 236 -0.722426
190 191 0.0422508
190 221 -1.30517
191 221 -0.168221
192 195 -0.000378154
192 215 0.344911
192 222 0.102216
194 220 4.10656
194 238 1.11876
194 291 2.47197
194 314 -6.6431
194 335 -19.818
194 360 -5.53733
194 429 -5.53733
195 196 -2.13708
195 208 0.697779
195 223 -0.100478
195 249 -3.23755
196 208 -0.601089
197 212 -1.14578
197 278 -0.924411
198 199 0.0211435
198 200 0.0105717
198 201 0.451047
198 224 -0.331687
198 227 -0.642407
199 200 0.471374
199 224 -1.57696
200 224 -2.34976
200 230 -2.73078
200 231 0.943623
200 235 -2.64699
201 227 -0.924411
201 241 -2.82877
201 262 -1.05349
201 263 -0.115056
202 237 -1.60463
204 234 -0.00778178
204 236 -1.71107
204 311 -0.0389131
205 219 2.14198
206 220 1.25517
207 210 -1.12464
207 228 -5.8692
207 232 -1.54979
208 211 0.81228
208 233 -1.12464
208 249 -0.547225
209 237 -1.60463
210 232 -1.39593
211 226 -1.42058
211 233 -2.61876
211 243 1.81446
211 249 -1.84714
211 254 -3.63865
211 272 -0.0856503
211 289 -2.78039
212 213 -0.024352
214 246 -1.21064
214 255 -2.18405
214 256 -1.60463
215 222 -0.0355887
216 222 -0.147252
216 223 -0.287456
217 218 1.63301
217 240 0.28532
217 244 0.00982538
217 250 -2.68164
217 260 1.49166
217 311 -2.10127
218 250 -2.06181
219 282 -13.061
219 301 -18.2871
219 310 -5.53733
219 321 -11.0747
219 332 -5.53733
219 336 6.87987
219 339 3.20604
219 344 1.67663
219 365 3.82119
220 225 1.04109
220 277 3.93243
220 291 1.73598
220 293 2.22758
220 307 3.61774
221 222 0.604891
221 232 1.79697
221 249 2.78619
221 257 1.37629
221 265 2.28887
222 223 0.214732
222 249 0.859955
223 249 0.97217
224 227 0.655106
224 230 1.06591
224 241 3.05388
224 311 -4.098
225 242 3.40439
225 277 1.42069
225 293 0.116857
225 294 -1.66155
226 239 -3.14965
226 243 -2.36822
226 244 0.10442
226 261 -0.892311
226 266 0.318672
226 267 0.30687
227 241 2.99062
228 232 0.905357
228 251 -1.25712
228 252 0.116857
228 270 -0.0132932
228 271 0.0621026
229 239 0.00594542
229 244 0.163074
229 267 0.00704224
230 235 -0.483906
230 311 -2.60722
231 235 -0.517023
231 236 -0.0389131
231 311 -0.386023
232 252 0.574634
232 253 -0.0509413
232 257 0.157514
232 265 1.52853
232 284 -0.000747204
233 249 -0.321795
234 255 -3.91844
234 311 -1.25719
235 311 -4.14515
236 311 -1.18877
237 246 -0.386023
237 258 -4.14515
237 273 -3.31536
237 279 -5.42159
237 280 -0.0389131
237 287 -2.18405
237 290 0.0810598
237 298 -4.14515
238 247 7.01226
238 314 -7.17015
239 244 0.0343705
239 267 0.0116069
240 244 -0.0325122
241 263 0.582839
241 311 -2.61223
242 294 -15.9189
243 254 -0.023346
243 266 -4.36852
244 260 0.408445
244 267 0.155083
244 268 0.55042
244 283 -3.57445
244 311 -0.872618
245 250 -0.0479734
245 278 -7.46051
246 256 -3.4661
246 258 -3.17345
247 303 -5.53733
247 310 -5.53733
247 314 -4.8442
247 335 -5.53733
248 259 2.18405
248 292 -20.7631
248 295 -4.8442
249 265 0.393243
249 272 -0.618877
249 274 0.880636
249 276 0.0544227
249 300 -3.20605
249 311 -3.13256
250 278 -7.54305
250 311 -2.78039
251 252 -0.704796
251 264 -1.7272
251 271 -1.42058
252 253 -0.0389721
252 264 0.500431
253 264 -3.52843
253 284 0.195256
254 289 -0.305845
254 311 -1.42058
255 256 0.418426
255 281 -5.28359
255 311 -0.536586
255 319 -0.0149821
256 258 0.822226
256 281 -3.38413
258 273 -0.071269
258 275 1.91804
258 281 -1.32411
259 292 -5.53733
260 311 -7.23379
261 266 -3.15464
261 267 -2.24875
262 263 -0.0262485
262 269 -3.14689
262 278 0.337359
262 311 3.30672
262 319 0.015306
263 311 -1.26979
264 270 -0.0700634
264 271 -0.652519
264 284 -1.71824
264 304 -2.64699
264 311 -3.43706
265 284 0.236188
265 300 -2.64699
265 311 -6.66405
266 267 1.70391
266 311 0.0236434
266 319 0.00705802
267 283 -1.04677
267 311 -0.364322
267 319 0.0051173
268 283 -2.93164
268 311 -1.60463
269 278 -0.183141
269 311 -0.269159
270 271 -0.64956
272 274 -2.47973
272 289 -0.517023
272 311 -3.57445
273 275 -3.03963
273 279 -0.0492208
273 312 -0.529785
273 313 -2.21175
273 322 0.529897
274 276 0.0231794
274 311 -3.57445
275 281 -2.0506
275 285 -2.1291
275 305 -0.764678
275 312 0.14536
276 311 -7.2338
277 293 2.27269
278 311 5.10429
278 319 0.014738
279 286 -0.377679
279 287 -0.00471077
279 297 0.528703
279 302 -0.0201455
279 313 0.0984415
280 287 -12.8067
280 298 -9.07143
280 309 2.06181
281 285 -1.32411
281 305 -2.47197
281 311 -1.25517
281 317 -1.69086
282 288 -3.43706
282 290 -30.7365
282 306 -2.06181
282 320 3.31536
282 330 -9.11763
282 365 -11.0747
282 417 6.42793
283 311 0.562596
283 319 0.0109978
284 311 -0.258219
286 297 -3.22188
286 313 -8.10607
286 323 -0.83062
286 333 2.18405
287 297 -0.0112917
287 302 1.56719
287 309 -5.53733
288 296 -1.63282
288 306 1.25517
289 311 0.420224
289 319 0.00695256
290 296 -18.2871
290 298 -24.0638
290 330 0.369897
290 389 -27.6867
290 417 -11.0747
290 431 -16.612
290 474 -3.57445
290 496 -4.14515
290 499 -3.10675
290 516 -3.87732
291 307 2.82968
291 337 6.0216
291 363 0.631058
291 373 12.0532
291 429 -5.53733
292 295 0.478049
292 299 1.57494
292 308 0.523353
293 294 -21.0481
293 307 3.6486
293 327 -16.612
293 331 2.27665
293 350 0.486912
294 295 0.122949
294 308 4.37578
294 318 4.04893
294 324 2.93164
294 326 2.5388
294 327 2.58569
294 334 0.212478
294 338 0.475909
294 343 -0.0205311
295 299 0.675988
295 308 0.894039
296 306 -5.65692
296 330 -4.60491
297 302 -2.67165
297 323 1.25517
298 309 -26.5855
298 389 1.98633
299 308 0.0310813
299 318 -0.376889
299 324 -0.486679
299 325 -1.14829
300 311 3.55997
300 319 0.00695256
301 303 2.43361
301 310 0.81228
301 315 2.67588
301 321 2.77851
302 309 -16.612
302 323 -1.88061
302 329 1.75131
303 310 1.7699
304 311 1.64232
304 319 0.0080914
305 312 -0.141011
305 317 -1.47101
306 320 -7.43557
306 330 0.849093
307 331 2.16626
307 337 3.42558
307 351 3.72821
308 318 4.1283
309 329 -11.796
309 333 -15.9189
309 364 -20.5304
309 388 -3.91844
309 389 -5.53733
309 391 1.81446
309 393 -5.53733
310 315 4.1006
310 321 2.52572
310 332 5.07683
310 335 0.00829601
311 312 -0.00648468
311 316 0.117703
311 317 0.0975361
311 319 0.401305
311 322 -1.49683
311 328 -1.30083
311 342 2.90567
311 348 1.66488
311 349 -3.08881
311 364 -8.49685
311 375 5.35414
311 377 2.55971
311 383 7.16739
311 385 3.54848
311 387 12.1397
311 388 -10.691
311 392 5.59196
311 394 13.6345
311 395 4.41015
311 397 5.28067
311 398 5.07616
311 400 1.55099
311 402 6.69261
311 403 2.56718
311 405 2.5652
311 407 1.74601
311 408 11.683
311 411 1.57432
311 412 1.64569
311 413 12.3174
311 419 3.54848
311 420 4.12968
311 421 10.7206
311 422 15.373
311 425 1.62113
311 426 7.87896
311 427 6.60964
311 433 2.4517
311 434 2.68092
311 437 2.62673
311 438 3.54447
311 444 2.69067
311 454 5.35549
311 457 2.5557
312 317 -0.0348121
312 322 -4.16481
312 328 -0.132481
313 322 -15.9538
313 333 -4.62983
313 349 -1.30083
314 335 2.47197
315 321 4.3073
316 319 0.00695257
317 319 0.00753467
318 324 3.91844
318 326 5.62702
319 342 0.0125829
319 348 0.0125829
319 375 0.0162109
319 377 0.0125829
319 383 0.0162109
319 385 0.0125829
319 387 0.0296909
319 392 0.0137481
319 394 0.0327064
319 395 0.0125828
319 397 0.0156002
319 398 0.0156003
319 400 0.0125829
319 402 0.0171106
319 403 0.0135639
319 405 0.0137002
319 407 0.0144921
319 408 0.0152661
319 411 0.0142018
319 412 0.0137422
319 413 0.0152351
319 419 0.0125829
319 420 0.0137481
319 421 0.0163734
319 422 0.0340362
319 425 0.0137422
319 426 0.0322166
319 427 0.0172584
319 433 0.0137531
319 434 0.0141529
319 437 0.0137531
319 438 0.014245
319 444 0.0134511
319 454 0.0172573
319 457 0.0142417
322 328 -7.2519
322 349 -1.69086
323 329 -2.02554
323 333 -0.186966
324 325 5.79746
324 338 0.110569
324 341 -0.10864
325 341 -0.5759
325 346 -0.451047
327 334 2.67031
327 343 0.362911
327 350 -10.3815
329 333 2.41897
331 347 6.62163
331 350 4.03109
331 351 2.02352
331 353 3.50532
331 354 0.849093
331 358 2.14198
332 335 1.34974
332 336 -5.53733
333 349 -12.0183
333 364 2.27269
334 338 2.14198
334 340 1.49635
334 343 0.316977
335 336 -15.9189
335 360 2.09367
335 368 2.06181
335 374 3.07932
335 378 -4.8442
335 380 3.09147
335 384 3.18691
336 339 4.22636
336 344 3.32004
336 365 0.888458
336 368 -5.53733
336 378 3.20604
337 363 1.75131
337 366 1.15375
338 340 2.42803
338 341 1.70367
340 341 2.8159
340 343 -0.00987838
340 345 -0.265186
340 352 -0.311309
341 346 3.85478
341 352 -0.0544849
341 357 -0.386023
343 345 1.62466
343 350 -11.0747
343 355 0.00464041
343 358 -5.53733
343 367 0.0620132
343 370 2.18405
344 365 1.77801
345 352 1.01178
345 355 0.0705478
345 356 0.723715
345 367 0.0247259
346 357 -0.0856503
347 353 1.32411
347 354 1.15135
347 358 6.0283
347 361 3.96691
349 364 -3.31536
350 358 5.80513
351 354 1.66155
351 361 3.61032
351 363 1.31491
351 366 1.59623
351 381 -1.44559
352 355 0.924406
352 356 0.722426
352 357 2.90314
352 367 -0.0506185
353 358 1.14578
354 361 2.08915
355 356 0.148121
355 357 0.321795
355 359 1.37165
355 367 -1.29779
357 359 1.74312
357 362 0.885871
358 361 3.43706
358 370 -27.6867
358 371 4.27722
358 379 3.10675
359 362 3.15394
359 367 -2.87962
360 374 1.90372
360 386 2.78039
360 429 2.19183
361 379 5.73349
361 381 -7.67932
361 390 -5.53733
361 406 -5.53733
361 418 3.20604
362 369 -3.14457
362 372 -2.67574
363 366 0.687271
363 373 0.0515409
363 381 -5.53733
363 382 2.79303
364 388 2.14198
365 378 3.59737
365 384 -5.53733
365 386 -11.0747
365 396 -5.53733
365 415 2.93164
365 417 -32.5309
365 429 -14.1814
365 440 -5.53733
365 456 -5.53733
365 511 -5.53733
365 524 -5.53733
365 531 3.57445
367 369 2.36822
367 370 0.740165
369 370 0.195158
369 372 2.28899
369 376 1.82906
370 376 1.79865
370 379 -2.93164
372 376 1.01842
373 382 0.0514263
373 401 0.826529
373 428 -5.53733
373 429 -4.8442
373 440 -16.612
373 450 -5.53733
373 456 -11.0747
373 467 1.30241
373 525 1.73669
374 380 2.78039
374 384 0.169582
374 386 6.4931
375 387 2.32066
378 384 -11.0747
380 384 1.10671
380 386 0.636674
381 382 -5.53733
381 390 1.88061
382 390 -5.53733
382 401 3.41286
383 387 1.39707
384 386 0.39804
384 396 1.39902
386 396 5.73923
386 415 -5.53733
386 429 2.31952
387 405 2.85192
387 407 16.136
387 411 3.43918
387 413 9.10419
387 430 9.18596
387 439 7.3512
387 441 3.69177
387 443 4.92217
387 447 4.43612
387 455 3.43706
387 459 5.70974
387 460 6.02711
387 463 9.62833
387 466 5.86592
387 472 2.78039
388 391 -14.6418
388 399 -12.273
388 402 -3.10675
388 404 2.47197
389 393 2.10127
389 410 -2.70765
389 416 -5.02137
389 431 2.41897
390 401 -27.6867
390 406 2.85347
390 418 -22.1493
390 432 2.14198
390 467 -20.7631
390 488 3.10675
390 522 -8.41866
391 393 -9.68841
391 399 2.31952
393 399 -21.4484
393 410 -5.15149
393 414 1.72077
393 416 -1.81446
394 413 1.05052
399 404 -14.525
399 409 1.39593
399 414 -2.02352
401 467 3.23851
402 404 -5.60344
402 408 7.46051
402 409 -1.75131
402 423 6.05193
402 424 -0.56723
402 434 7.03067
402 435 -5.49915
402 438 4.14723
402 442 0.134484
402 448 11.5526
402 449 5.75657
402 452 9.2861
402 462 2.64699
403 407 4.14666
404 409 -6.6431
406 418 -5.53733
407 411 3.20818
407 463 2.10127
408 433 2.85289
408 437 2.93106
408 438 8.40643
408 451 6.02711
408 454 4.14704
408 457 2.9329
408 458 3.88412
408 462 3.91844
408 468 6.3687
408 471 10.4698
408 477 16.1544
408 494 5.13027
408 519 3.57445
408 520 2.31952
408 528 2.71175
408 532 5.87439
409 414 -10.3933
409 424 -3.01573
409 435 -1.12464
410 416 1.60463
412 413 3.40267
413 425 1.76426
413 427 3.50575
413 436 3.91844
413 441 2.06181
413 460 9.51625
413 464 7.0768
413 469 3.31536
414 416 -9.00399
414 424 1.23277
416 424 -5.53733
416 431 -11.7057
416 442 -4.14515
416 452 -1.81446
416 470 -1.10372
417 516 -4.43612
417 524 2.27269
418 432 -5.53733
418 488 -5.53733
421 422 4.14629
421 426 5.2984
421 427 10.4753
421 444 1.98064
421 445 5.48769
421 446 3.31536
421 454 4.4346
421 461 9.52909
421 465 3.80454
422 426 1.88259
424 435 -8.76265
424 442 -0.258219
427 436 14.677
427 446 2.71175
427 453 13.3115
427 461 8.72505
427 465 1.06254
427 475 14.1904
427 478 17.5304
427 479 5.17299
427 482 9.87843
427 484 8.47965
427 487 10.3587
427 490 10.844
427 509 5.93337
427 513 5.17361
427 523 7.77585
428 429 1.14578
428 440 3.76952
429 440 6.41652
431 470 -6.63072
431 474 -4.43612
436 464 8.23064
436 482 7.28959
440 450 1.91493
440 456 2.49614
440 511 4.68773
442 452 0.268967
448 449 5.54294
448 462 6.67954
449 452 7.11689
449 462 12.6587
449 471 4.14515
449 474 6.56627
449 477 7.46482
449 499 4.14515
449 505 4.24934
450 456 1.75131
452 470 1.44559
452 474 5.96235
452 476 1.60463
454 457 4.84633
454 461 18.5977
454 483 3.57445
454 492 3.91844
454 493 1.95015
454 494 5.67801
454 495 8.87224
455 463 3.08213
456 511 3.14705
459 466 8.30955
460 464 1.52308
460 466 6.85009
460 469 3.91844
460 472 3.97811
460 480 3.91844
460 481 13.2099
460 485 5.3901
460 486 2.93164
460 489 3.20604
460 491 1.60463
461 465 1.44559
461 483 2.14198
461 484 2.47197
461 490 2.53908
461 492 1.47101
462 471 3.57445
463 466 4.92121
463 473 8.0183
463 508 1.30083
464 469 1.95015
464 481 2.78039
464 482 2.78039
466 472 1.88061
466 473 3.73241
466 480 6.12706
467 522 -0.458829
467 525 2.73717
470 474 1.49683
471 477 6.23796
473 480 3.31536
473 489 3.91844
473 491 4.43612
473 497 5.97022
473 503 6.04947
473 506 6.5214
473 508 1.25517
473 512 6.15231
473 517 11.8557
473 537 2.85347
473 541 3.91844
474 476 2.52745
474 496 1.75131
474 499 14.8571
474 502 1.23277
475 478 1.81446
477 505 10.2292
477 510 5.45734
477 520 13.2849
477 521 2.58569
480 491 3.79277
480 497 4.09794
480 503 3.20604
481 482 12.7711
481 485 3.10655
481 489 2.85347
481 498 2.14198
481 500 1.66155
481 501 8.79524
481 507 9.1559
482 487 7.83689
482 489 9.28032
482 504 5.86329
482 507 9.09143
482 513 3.01573
482 518 4.8442
482 536 3.01573
482 537 1.18877
484 490 8.4196
485 486 2.06681
485 489 2.41897
485 498 3.10231
485 500 3.49286
486 489 3.31536
489 491 5.48769
489 500 6.28465
489 501 8.80084
489 507 3.67823
489 517 3.10675
489 526 6.21745
489 537 3.79729
490 492 9.07143
490 509 4.97691
490 514 5.19978
490 529 3.12675
490 530 10.0681
491 503 1.88061
492 495 8.16727
492 529 4.35728
493 495 2.36822
494 495 5.15782
494 519 4.48546
495 519 3.10675
495 528 5.03925
495 529 7.16946
496 499 1.39593
497 503 1.16715
498 500 1.08303
499 502 6.16883
499 505 5.53733
499 516 14.7861
499 521 9.45578
499 527 5.94267
501 507 4.3503
505 521 5.59798
506 508 1.983
507 536 2.71175
509 514 5.35874
509 523 7.64886
509 530 6.28666
509 539 0.722426
513 518 10.557
513 523 2.78039
514 530 3.57445
515 516 4.83019
516 524 -5.22924
516 535 3.33405
516 540 1.34772
517 526 8.29543
517 537 1.23277
518 523 3.73241
518 538 1.21064
519 528 8.69642
520 521 15.2054
520 532 6.98259
520 534 3.91844
521 534 0.369897
522 525 -4.32351
523 538 5.90477
523 539 3.01573
524 531 -10.3815
526 537 2.36822
528 532 3.73241
528 533 6.13769
529 530 5.04546
