MULTICUT
0 1 3.06319
0 7 -0.00776169
0 14 -0.315239
0 32 1.87827
0 33 0.20417
0 69 -0.0948974
1 13 -2.12138
1 14 -0.0283837
1 33 2.79139
2 5 -0.0128493
2 19 4.54621
2 31 -0.0311007
2 35 0.0610791
2 39 -0.251062
2 53 -0.0804983
2 65 -0.203263
2 72 0.046906
3 7 1.6817
3 15 -1.12328
3 30 -0.402198
3 32 -0.0130695
3 38 -0.143273
4 12 0.517023
4 22 0.197157
4 41 -3.09738
4 47 -1.61168
4 49 0.474445
5 10 -0.0120238
5 21 -2.45107
5 24 -0.173235
5 31 0.328933
5 35 -0.0917882
5 36 1.1453
5 50 0.00661546
5 53 1.09386
5 81 -0.185055
5 87 0.00814795
6 10 1.21064
6 13 -5.58535
6 29 3.28778
6 37 -1.08094
6 40 0.0892646
6 56 0.0118278
7 14 0.543811
7 30 -2.09893
7 32 -0.0560328
8 9 0.182292
8 18 -0.867703
8 19 0.0008542
8 23 -0.645189
8 26 -1.84714
8 28 -4.62685
8 42 -0.635286
8 48 -2.38498
9 19 1.3291
9 23 -0.530483
9 48 -0.703172
9 58 -4.32108
9 59 -1.42058
9 60 -2.64167
9 61 -4.33979
9 64 -0.0182687
9 78 1.56934
10 21 0.0766132
10 29 3.00125
10 36 -0.0496906
11 12 -1.39593
11 15 -3.57445
11 25 -0.321795
12 25 -9.01275
12 47 -6.50979
12 66 -0.226632
12 74 -5.19237
12 91 -3.20605
13 33 1.76498
13 37 -0.163779
13 62 0.643631
13 86 0.0504005
14 30 -0.200359
14 32 -0.0191092
14 69 -0.000190325
15 25 -1.60463
15 34 -2.71982
15 38 0.0257987
15 43 -1.63282
15 45 -0.195158
16 17 -3.02483
16 20 -0.179458
17 18 -0.374248
17 20 -3.81522
17 27 -0.527024
17 44 -0.181198
17 51 2.25747
17 83 0.187696
18 26 3.82232
18 27 2.98284
18 46 1.88341
18 52 -0.716612
18 59 -0.84196
19 23 -0.515875
19 61 -1.81886
19 64 0.519321
19 65 -0.56698
19 72 0.273564
21 36 -0.0256431
21 50 -0.00661544
22 49 3.01727
22 67 0.635286
22 75 0.438325
22 80 1.18526
24 31 -0.0742297
25 34 -0.405637
25 66 0.0680742
26 28 -0.079739
26 42 0.120864
26 55 -5.38092
26 59 -0.0786012
27 44 1.20801
27 51 -9.05035
27 52 -1.60463
27 54 1.06744
28 42 -0.0379194
29 36 2.70774
29 40 3.34612
29 56 0.595797
29 68 3.12055
29 71 -0.00492123
29 73 -0.00272306
29 76 5.51552
29 81 -0.0999477
29 94 0.511229
30 32 0.00933909
30 38 -0.491835
30 57 3.00739
30 69 -0.0357572
30 70 5.39028
30 77 0.768377
30 97 6.4653e-05
31 35 -6.4051
31 39 -0.81228
31 53 1.19119
31 89 1.04869
31 90 0.0298517
31 98 1.88061
32 33 0.289236
32 69 -8.45998
32 70 0.0054545
33 69 -4.8442
33 79 1.12514
33 86 0.242735
34 43 -0.512126
34 66 -2.33932
35 39 0
35 53 -0.870052
36 50 0.00146773
36 53 0.0905868
36 68 3.47706
36 81 -0.650711
36 87 -0.00170637
37 40 0.578848
37 56 -0.00467547
37 62 -0.584119
37 71 -4.56446
37 73 1.20894
38 45 -0.517023
38 57 -2.6395
39 65 -1.27785
39 98 -0.163779
40 56 0.00280653
40 73 -0.000464501
40 76 -0.00294438
41 47 0.286587
41 49 -2.06181
42 48 -1.30083
42 55 -2.24915
42 60 0.128374
43 45 -0.0561452
43 66 0.907725
44 51 -1.0034
45 57 -0.0953067
45 66 -0.302904
46 52 -4.43612
46 59 -0.279637
47 49 -2.10127
47 63 -0.0700408
47 74 -1.65737
48 60 -7.04777
49 63 -2.85347
49 75 2.60843
50 81 -0.00293545
51 54 -1.60463
51 83 0.437256
51 92 -1.57696
51 93 -5.84281
51 113 -8.28126
52 54 -7.01476
53 81 2.72535
53 87 0.00821014
53 89 2.47013
53 90 0.0648731
53 108 -0.982543
53 119 0.978597
54 59 -1.60463
54 82 -3.7222
54 84 1.25579
54 92 -0.011847
55 59 -1.12295
55 60 -0.27788
56 73 -0.000499219
56 76 -0.00294438
57 66 1.80318
57 77 0.230365
58 64 -0.0821705
58 78 -3.87332
59 60 -0.878686
59 78 -0.289549
59 82 -3.01573
59 88 0.131717
59 95 -5.46537
61 64 -1.34899
62 71 -0.0262135
62 85 0.837808
62 86 1.61954
62 99 0.710166
62 102 -0.70945
62 114 -1.12027
63 74 -1.00226
63 75 -1.42058
64 65 -0.294764
64 72 0.769004
64 78 0.912723
64 96 -0.635286
64 98 0.813471
64 101 -0.036411
64 103 0.144984
65 72 -0.033084
65 98 -0.0351511
66 77 4.3798
66 91 -5.61364
67 80 3.76255
68 71 -0.0148024
68 73 0.000398422
68 76 3.62064
68 81 -0.32155
68 87 0.01211
68 94 0.260498
68 100 -0.00778178
68 129 0.061063
68 137 2.14488
68 159 -0.274089
68 168 0.0429731
69 70 -0.00263364
69 79 -1.51325
69 97 -0.256142
70 77 4.8958
70 97 0.00287285
70 118 -0.302935
70 121 -1.11957
70 125 -0.000698619
71 73 -1.52599
71 76 0.341911
71 94 -0.00492123
71 99 -2.9128
71 123 0.633306
71 128 -2.39191
71 129 -0.0290682
71 144 -0.598118
72 98 0.355797
73 76 -0.0156265
73 94 0.000304446
74 75 -0.073265
74 91 1.39593
74 116 2.13298
74 122 -0.965181
74 155 -0.0570878
75 80 3.56852
75 112 3.19211
75 116 -0.236101
76 94 0.373008
76 100 -4.91968
76 123 0.225878
76 128 -0.249999
76 129 0.494352
76 144 -0.0852148
76 159 -0.0140087
76 168 0.0242108
77 91 -0.163779
77 105 -3.63715
77 115 -3.01573
77 121 -2.52745
78 88 0.455862
78 95 -0.83062
78 96 -0.669846
78 101 0.0487101
78 103 0.0721615
78 107 0.0188764
78 117 0.455653
78 127 -0.658197
78 136 -2.20521
79 86 0.514506
79 97 0.178613
79 104 1.83367
79 124 0.0192426
79 125 -0.0389131
79 139 2.85208
79 140 -0.948073
79 141 -1.39593
79 147 -1.23277
79 158 -0.321795
80 106 2.54237
80 112 2.71175
81 87 0.00170637
81 108 -0.481694
81 119 1.78412
81 137 0.000517673
81 152 0.672873
81 159 1.44331
82 84 -2.06181
82 88 -0.376896
82 92 -1.10372
82 109 -0.210882
83 93 -0.0359046
83 113 -3.39263
83 126 1.05737
83 150 0.100809
83 151 1.61821
83 167 0.49141
83 172 -0.0372082
84 92 -0.0288908
85 86 1.37371
85 102 0.0501899
86 102 1.62892
86 111 2.62584
86 124 0.0631355
88 93 -0.174881
88 95 -6.44188
88 101 0.00705544
88 109 -2.62612
88 110 -0.0876462
88 127 -0.304921
88 132 -0.0206058
88 134 -0.606764
88 135 2.56057
88 151 -3.57445
88 164 -4.8442
88 165 -3.13857
89 90 0.140324
89 98 10.9482
89 119 5.42325
89 146 -1.57696
89 152 0.268492
89 156 -0.111331
91 105 -1.30083
91 115 -6.97024
91 122 -2.31952
92 93 3.26803
92 109 -2.36822
93 109 -3.43706
93 113 0.00071364
93 126 -0.0138628
93 135 -0.0694539
93 151 -0.00519224
93 172 -0.00426672
94 100 -0.289934
95 110 -3.6601
96 101 -0.467445
96 103 -1.21064
97 125 -0.234023
98 103 1.94729
98 120 -0.649801
98 146 -1.4836
99 114 -7.71552
99 128 -0.905357
101 103 -0.152401
101 107 2.60617
101 117 0.355058
102 111 2.5329
102 114 0.546226
102 124 0.0451295
103 107 -1.5363
103 120 -3.08909
103 142 -2.58569
103 146 -6.50929
105 115 -2.64699
106 112 2.62589
106 131 0.274059
106 133 -1.06697
107 117 6.84895
107 142 0.324199
107 146 2.45175
107 160 4.20097
107 169 -0.0806777
107 170 2.42622
108 119 -0.319164
111 114 0.767015
111 124 0.0451301
111 130 0.433631
111 138 -0.0076859
111 141 -2.51743
112 116 -0.238408
112 131 4.80852
112 155 0.483089
112 163 0.173457
112 166 0.0055136
113 126 -1.7101
114 128 0.0468953
114 130 0.479059
114 138 0.00168622
114 144 1.21378
114 148 -4.43612
114 149 -7.77585
115 121 6.13603
115 122 -4.14515
115 154 -0.0712391
115 161 -2.70191
116 122 -0.858873
116 155 -0.659585
116 163 -0.28065
116 166 -0.00982244
117 136 -0.538626
117 143 -4.14625
117 162 -0.638237
117 169 -0.0359238
118 121 3.67323
118 125 -0.813228
119 152 3.51969
119 156 -0.258848
121 125 -1.69086
121 147 3.61048
121 154 0.00066486
121 161 -6.28053e-05
122 161 -0.148121
122 166 -1.66155
123 128 -2.00741
123 129 -0.00949297
123 144 -0.804487
124 141 -2.36822
125 140 -0.0289631
125 147 -1.5781
126 172 -0.00585485
127 132 -0.0297824
127 136 -1.04328
127 143 -1.78253
127 145 1.36736
127 162 -1.2541
127 182 -0.230233
128 144 0.0221508
129 144 2.04469
129 149 -0.687271
129 168 4.98032
129 201 -0.0446732
130 138 0.00180036
130 148 -2.64699
130 149 -4.43612
131 133 -12.1095
131 163 0.00643463
131 179 -4.43612
132 134 0.041714
132 145 -2.19579
132 157 -1.91493
133 179 -14.623
134 157 -0.775982
134 165 -1.25517
135 151 -0.821848
136 143 -0.849093
137 159 -0.635074
138 141 -0.0760826
138 149 -2.09269
139 140 -0.350569
139 147 -0.564701
139 153 -1.21064
140 147 0.740592
140 153 -0.154042
140 175 0.116847
141 147 0.256631
141 149 5.76784
141 158 -2.14198
141 171 -0.0698587
141 175 2.18202
141 201 -6.39287
142 146 0.0648387
143 162 -6.79215
144 149 -15.5928
144 173 -4.8818
145 157 1.88061
145 162 -0.260578
145 165 7.75269
145 182 -0.620373
146 156 1.51031
146 160 8.94346
146 176 -0.348129
147 153 -0.100146
147 154 1.50286
147 158 -1.20571
147 171 -0.0138473
147 175 3.21232
147 214 -1.62434
148 149 4.96444
149 173 2.93164
149 201 -9.17839
150 172 -0.0596459
151 164 3.51271
151 167 2.29806
151 172 -0.0305835
151 184 -0.193013
151 192 0.878421
151 199 -4.6442
152 156 -0.039489
152 159 0.80746
152 176 0.220267
152 178 -3.97889
153 175 -0.120963
154 161 3.69753
154 177 3.05575
154 185 1.94379
154 204 -0.784748
154 206 2.86034
154 214 -0.642592
154 215 3.82745
154 230 2.42578
154 235 -0.0569788
155 161 1.51346
155 163 0.910771
155 166 0.0383948
155 179 -10.5139
155 195 1.15271
156 176 3.95655
156 202 0.107554
157 165 2.14198
158 171 -0.214865
159 168 -0.370873
159 174 4.62313
159 178 -0.118076
159 187 -1.95015
159 189 2.64605
159 197 0.306049
160 170 5.52572
160 176 -1.39308
160 193 0.483906
160 194 5.00595
160 202 1.73243
161 163 0.00568474
161 166 0.0263435
161 177 1.81202
161 195 0.445566
162 169 1.07695
162 181 -4.25066
162 188 -1.82319
162 196 -4.37256
162 211 -5.58123
163 166 0.0154283
163 179 -5.53733
164 165 4.2142
164 192 0.564335
164 210 -2.71175
164 219 -1.34772
165 182 -0.63045
165 192 0.243378
165 200 2.02942
165 217 -1.02216
165 219 -2.57884
165 223 -8.28126
167 172 -0.0164397
167 184 -0.193013
168 174 -3.52185
168 183 -0.0550148
168 201 -0.0899591
168 203 5.68351
168 208 1.1476
168 228 0.103348
169 170 -0.177852
169 180 -0.00678481
169 188 -2.41897
170 180 1.5838
170 188 -1.75131
170 193 1.21064
170 194 2.63662
170 211 -1.48991
172 184 -0.886457
172 186 -5.90477
172 191 -1.05689
172 199 -2.18405
174 183 -1.39912
174 187 -2.80774
174 198 -0.00833296
174 208 -0.160296
175 201 -3.8426
175 214 -4.70379
175 235 -0.258219
176 178 -0.0700634
176 189 1.79133
176 202 2.31885
176 212 -0.330817
176 220 4.25664
176 237 0.599737
177 185 -0.0151171
177 195 4.67841
177 204 2.23227
177 227 -0.911635
177 232 1.39233
177 250 0.439336
178 189 -0.533047
179 190 18.9567
179 195 -5.15298
180 188 -1.75131
181 182 0.114804
181 196 0.304216
181 207 -0.353819
181 213 -4.86758
181 221 0.52006
181 234 0.288744
181 239 0.356324
181 249 0.0213499
182 200 -0.0973796
182 221 0.0171823
183 198 0.549282
183 203 -0.0479529
183 208 -2.0066
183 228 -0.982543
184 199 -3.31536
185 204 -0.041583
186 191 -5.25236
186 209 -3.31536
187 197 0.00132
187 198 -0.280838
188 211 0.101247
189 197 0.434601
189 212 -0.151259
189 220 10.3495
189 225 -1.23277
190 195 -2.58569
190 246 3.91187
190 251 -5.07417
190 270 5.8432
190 273 -1.32411
191 199 -0.203458
191 209 -0.56723
191 218 -2.78039
191 222 -2.35524
191 242 2.13116
191 244 0.0159377
192 199 -2.42814
192 210 -3.10675
192 216 -3.91844
192 218 -2.78039
193 194 1.82201
194 202 0.201149
194 205 0.945768
194 211 -0.0235183
194 224 -15.0794
195 227 -0.198709
195 247 1.24799
195 250 0.439336
195 270 -7.29437
195 281 -0.163544
196 207 -3.48333
196 211 0.982543
197 198 -0.0266529
197 225 -4.37655
198 225 -1.56693
198 228 -2.27088
198 229 -0.740165
199 218 -3.85614
200 217 -1.62441
200 221 -0.249805
201 203 -0.0905719
201 226 -1.91493
201 235 -1.16715
201 238 -19.251
201 243 3.58877
201 276 -4.8442
201 283 -2.91315
201 286 -2.14198
201 299 -3.91844
201 300 -2.36822
202 205 0.201149
202 224 -3.91844
202 237 3.43706
202 260 3.79477
203 208 2.64462
203 226 -2.6058
203 228 -0.400595
203 253 -1.69086
204 215 -4.04763
204 232 0.188697
205 224 -0.305845
206 214 -6.76257
206 230 0.155136
206 235 -0.172564
207 211 -3.73241
207 213 -1.52308
208 228 -1.95367
208 253 -2.93164
208 258 -0.187524
208 267 -0.687271
208 268 -3.18333
208 274 0.085915
209 222 -1.37165
210 216 -0.0651555
210 219 0.0554058
211 213 -1.47101
211 224 -5.53733
211 234 -3.74359
211 239 -2.02352
212 220 -0.201042
213 239 -2.02352
214 230 -0.734539
214 235 0.0832596
215 230 0.529945
215 232 -2.55079
216 218 2.91396
216 219 -0.637238
216 231 -0.00819358
216 236 -3.39275
216 244 -0.210579
216 261 0.0619978
217 221 0.139215
217 223 -3.01269
217 233 -5.30784
218 236 -2.48334
218 244 -2.93164
219 223 -2.22758
219 231 -9.57522
220 225 -0.321795
220 237 1.51725
220 240 5.92502
220 258 0.0313554
220 267 -0.0089605
220 274 0.20627
220 277 0.132591
220 282 -0.189111
221 233 -1.24028
221 234 0.0739389
221 249 0.0448965
222 241 -0.418426
223 231 -0.7225
223 233 -4.96445
223 248 0.278188
223 252 1.50823
223 255 0.00153453
223 256 -0.034857
223 264 -2.551
223 271 -3.6826
224 234 -10.3815
224 245 -9.63104
224 257 0.298593
224 260 -1.91493
224 277 -3.91645
224 279 -4.8442
224 280 1.55307
224 303 1.89281
224 304 1.91862
224 309 1.19823
224 322 1.25517
224 330 -0.722426
225 229 -0.0513301
225 240 -4.1763
226 238 1.19172
226 253 -1.54288
226 265 -0.399605
227 247 -0.101248
228 229 2.16381
228 240 0.0703669
228 258 0.782638
228 267 -0.00695657
228 274 -0.0429426
229 240 0.189264
229 258 0.00984529
229 267 -0.00397054
230 232 -6.6637
230 235 0.24526
230 269 -0.0544849
230 288 0.612341
230 296 -0.0653145
230 302 0.0979876
231 252 -7.13269
231 261 -0.576197
231 263 -3.57445
232 250 1.08257
232 259 -2.0508
232 269 -5.84416
233 248 -5.57426
233 249 -0.402198
233 256 -0.687271
234 239 1.14867
234 249 -0.103596
234 279 0.237002
234 291 -0.0044701
235 243 -4.9539
235 288 0.340737
236 244 1.36927
236 261 -1.31882
236 266 -2.57563
236 275 -2.92468
236 284 -2.9314
237 240 0.53272
237 260 1.88061
237 277 0.8817
238 265 -2.62063
238 276 -2.36822
239 249 -0.00255397
239 279 0.00510792
240 258 0.101781
240 267 -0.0288435
240 274 1.47631
240 277 0.409618
240 278 0.307778
240 282 -1.22799
240 293 -0.259005
240 294 0.145601
240 297 0.0864623
240 317 -1.75262
240 318 0.179868
241 242 -0.0342853
241 254 -0.143847
242 244 -0.332608
242 254 0.980056
242 266 1.32174
242 275 2.29819
242 290 0.299192
243 288 -0.0053746
243 300 -5.19597
243 316 -0.500431
244 266 -1.44717
244 275 -0.110778
245 257 -0.467445
245 262 -1.69086
245 280 -2.06096
247 250 -0.0854139
247 272 -0.0789234
247 281 -0.570569
248 255 0.00153453
248 256 0.340457
248 264 -0.707585
249 256 -9.72405
249 279 -6.00336
249 291 -2.31505
250 259 -1.00226
250 272 -1.4469
251 273 -4.8442
251 281 -2.10127
251 289 1.33793
251 292 2.2839
251 301 -0.370306
251 321 1.86405
251 343 0.744061
251 357 -3.01387
251 359 -5.82972
251 367 -1.12192
252 263 -0.722426
252 271 -2.07251
253 265 -5.53733
253 268 -1.25517
254 290 0.0742365
254 314 -1.10372
255 256 -0.171079
255 264 -0.0718957
256 264 0.378528
256 285 -4.91968
256 291 -0.867703
257 262 1.46839
257 280 -0.0202646
257 287 0.103333
257 295 -8.82307
257 303 0.0935141
257 304 0.80625
257 309 0.229538
258 267 -0.00695655
258 274 -0.0429727
258 278 0.00660443
258 293 -0.0132601
259 269 2.62453
259 272 1.41058
259 296 -1.30784
260 277 0.274059
261 263 -0.867703
261 284 -2.18405
262 280 -0.0723638
262 287 -0.0361819
263 271 0.050365
263 284 -1.17728
264 271 -1.27785
264 284 0.700813
264 285 -0.350406
265 268 2.30513
265 276 -3.20605
265 298 0.513049
265 325 1.83614
265 345 0.210185
266 275 1.17559
267 274 -2.01446
268 274 -0.800445
268 319 -9.86975
269 296 -2.0465
270 273 -0.618144
270 281 1.00427
270 292 -6.0032
270 305 0.0827007
271 284 -1.17666
272 281 0.359468
272 296 -0.352559
272 305 0.00538367
272 321 -0.0396705
272 334 -0.0881835
274 282 -0.117183
274 317 -2.71175
274 319 -11.5458
275 284 0.0952731
275 290 4.28983
275 307 -0.0476366
275 331 -7.87756
276 286 -2.47197
276 298 -4.14515
277 318 -2.82177
277 330 -0.0550107
278 282 -1.13471
278 294 2.31951
278 297 -0.101025
278 311 -1.23664
278 317 -0.962575
278 338 -1.77483
278 342 0.377892
278 344 3.44698
279 285 1.27593
279 291 -0.181579
279 303 -14.5267
279 306 -0.758016
279 335 0.210739
279 340 -0.958471
280 287 3.27129
280 295 -5.53733
280 312 -8.2903
280 322 1.18987
280 326 -2.16733
281 292 -1.14578
281 305 0.752224
281 321 -4.18224
282 293 0.609919
282 294 -3.32446
283 286 -0.00759649
283 298 -0.0453914
283 299 -1.18877
283 300 -0.116857
283 315 1.01737
283 320 0.0881407
283 327 -0.972642
283 328 0.119766
284 285 -0.946044
284 307 -0.270854
284 308 -1.37441
284 324 0.42924
285 291 -0.259913
285 306 -0.533685
285 308 0.116857
285 310 1.4602
285 340 -1.22279
286 298 0.746487
287 295 -2.71175
287 304 1.36593
287 312 -4.84221
287 332 6.18105
287 336 0.0431065
287 341 0.812146
287 387 0.865937
287 409 -0.276115
288 296 0.0356057
288 302 3.87837
288 316 -5.10749
289 292 0.257809
289 301 -0.910469
289 339 -4.34511
289 359 -4.29588
290 314 -9.91762
290 331 -4.43612
290 349 -9.97346
290 385 -0.722426
291 306 -1.06254
293 294 -1.88057
293 297 0.682283
293 318 0.0298782
294 297 -0.921342
294 311 -1.37165
294 313 -2.10127
295 304 -2.85347
295 341 -2.10127
296 302 3.05332
296 305 0.0324883
296 334 3.47696
296 372 0.00968762
297 313 0.573678
297 318 3.01425
297 333 -1.59623
297 337 -0.564707
297 348 0.00915661
297 351 0.0471152
298 325 5.65063
298 327 -0.584119
298 328 -0.533685
298 346 0.638211
299 300 -1.96056
300 316 -0.420824
300 320 -0.781362
300 329 -3.18499
302 305 0.0153242
302 316 -5.95961
302 334 2.34522
303 304 5.70881
303 309 2.36822
303 335 -12.3371
304 309 9.4885
304 335 -7.4929
304 341 3.58268
304 386 -10.3815
304 392 10.492
304 412 -5.53733
304 424 10.801
304 443 4.62035
304 465 2.10127
305 321 0.151588
305 323 0.925062
305 334 0.35295
305 356 -7.97713
305 370 -2.54152
305 372 0.0475118
307 324 -0.351494
307 331 -5.53733
308 310 1.59318
308 324 -0.317836
310 324 -1.54685
310 340 -0.818656
310 347 -1.10372
310 353 -5.40794
311 313 0.477772
311 337 -6.47093
311 338 -0.0856503
312 326 -0.3116
312 336 -4.74189
313 337 -1.90233
315 320 0.0648077
315 327 -0.289974
315 328 0.190001
316 329 1.51551
316 334 -0.716496
316 352 0.0100582
316 355 0.872695
316 373 -2.52745
316 377 0.00283903
316 397 1.32375
316 398 2.3494
316 399 1.1747
317 319 1.22162
317 342 -0.566108
318 330 2.37615
318 333 -3.1971
318 351 6.49585
318 361 4.86286
319 342 -0.287504
319 344 -1.37009
319 345 -0.59652
319 358 -8.15956
320 327 -0.0203835
320 328 5.03201
320 329 9.56388
320 365 2.94534
320 374 0.0177811
320 383 -2.83125
320 397 0.0157015
321 356 -2.27956
321 357 -1.30952
321 370 -0.93551
322 326 -0.541268
322 330 -0.321795
322 350 -1.75131
323 334 0.0333963
323 372 0.000441968
324 331 -4.12479
324 347 -0.877137
324 363 -0.558563
324 369 2.68304
325 328 -3.73241
325 345 3.90559
325 358 1.16086
325 391 -8.41866
325 400 -4.92431
326 336 0.791162
326 350 -0.369897
326 364 -0.202186
326 371 -1.12464
326 376 0.10044
327 328 -0.0706786
327 346 -3.57445
328 329 0.485497
328 346 -2.18405
328 374 -0.347819
328 391 1.01479
328 396 -0.00282644
329 352 0.0785128
329 355 0.407629
329 377 0.0024774
329 397 0.0225269
330 350 -0.402198
330 351 2.1454
330 371 -3.31536
330 381 -0.74329
331 349 1.52308
331 363 -5.53733
332 336 0.383681
332 364 1.87689
332 387 -0.0053682
332 409 -0.49685
333 351 -5.33433
334 355 -0.000496663
334 372 1.75465
334 377 -0.00283901
334 388 -3.40807
334 393 -0.21504
334 411 1.32735
334 413 0.210226
335 340 -0.612817
335 354 4.05694
335 360 2.57302
335 386 0.881825
336 364 0.0636168
337 338 -0.867703
337 344 4.14515
337 348 1.64462
337 362 0.986086
337 382 0.408112
338 344 -1.57696
339 359 1.01826
339 368 0.802228
339 378 3.36497
339 379 0.46168
340 353 0.207397
340 354 -0.195302
340 360 0.0264367
341 387 2.09643
341 392 2.78039
341 409 7.92007
342 344 4.14515
343 359 -1.33779
344 358 4.31299
344 382 2.36282
344 394 0.295381
344 400 -2.15984
345 358 1.34475
347 353 -0.775982
347 369 -0.938084
348 351 2.9216
348 362 0.224492
348 381 -0.0487135
348 382 3.45783
348 389 1.64868
348 390 2.07478
348 400 -0.201149
348 407 10.3245
348 427 -0.81228
348 433 1.08279
348 441 0.593067
348 445 -0.419185
348 451 1.31695
349 363 -6.75564
349 369 -1.29924
349 385 -2.36822
350 371 -0.943623
351 361 3.01573
351 381 -1.09974
351 389 -0.0512091
351 390 0.169898
352 355 0.0165586
352 377 0.000563388
352 397 0.0615183
353 360 0.0264367
353 366 0.020133
353 369 2.09983
353 375 -0.577437
355 373 -6.16868
355 377 0.18934
355 397 0.125601
355 399 -0.164656
356 370 5.46859
356 372 -0.0109319
357 367 -2.92516
357 370 6.07456
357 423 -0.129109
358 400 -3.65933
359 367 1.11554
359 378 3.78134
360 369 0.259567
360 375 -0.120358
360 384 0.0847904
360 386 0.166846
360 405 -0.099966
360 406 0.519133
360 432 -0.0201455
363 369 -1.21064
364 376 -1.19757
364 409 -1.45854
365 374 0.341358
365 383 -2.4965
365 397 0.00794276
366 369 0.0231192
366 375 -2.27929
366 384 -1.26274
367 370 -1.29906
367 378 1.13646
367 423 0.402198
367 439 -3.31536
367 446 -2.52745
368 379 -0.198732
369 380 3.30198
369 384 -0.0335895
369 385 0.271892
369 402 2.36963
369 403 0.176348
369 404 -2.13239
369 405 1.43561
369 406 1.63864
369 408 2.99064
369 414 2.36822
369 430 -0.942358
369 432 -0.0408159
369 435 0.258723
369 436 0.201485
370 372 -0.0769467
370 393 0.123913
370 395 3.99063
370 418 -0.437726
370 423 -1.42577
371 376 -0.962998
371 381 -5.53733
371 389 -9.26974
372 393 -1.33959
372 395 -0.0388423
373 398 -1.84714
373 399 -3.20605
374 383 -0.621661
374 396 5.84151
374 397 0.084327
375 384 0.559635
376 389 -3.10675
376 409 0.22206
376 410 -1.18726
376 420 -0.258419
377 388 -3.73241
377 398 -0.10328
377 399 -0.58645
377 401 0.0452096
377 413 -0.0532625
377 453 -0.236754
378 379 2.57255
378 419 -0.830169
378 422 -0.0872248
378 429 -0.0436124
378 439 -2.71085
379 419 -1.25106
379 422 -0.0131201
379 429 -0.00656007
380 384 -0.0851068
380 404 -0.0700634
381 389 0.15987
381 390 0.0154062
382 394 1.35294
382 400 -3.31781
383 397 -2.78131
384 404 -2.25485
384 405 -3.48476
385 402 4.4266
385 416 -2.06181
386 406 0.0617898
386 412 -0.288849
387 409 3.26266
388 401 -1.88379
388 411 -0.835174
388 413 -0.211144
389 390 0.638524
389 410 0.517023
389 417 7.60224
389 441 3.10675
391 396 0.410924
391 400 -0.704796
391 431 2.41142
391 455 -0.289934
391 459 6.99365
392 409 12.0302
392 443 2.52745
392 465 2.93015
392 497 1.95426
392 548 -0.0171821
393 395 -0.00275993
393 411 -0.0302326
393 418 0.0127928
393 421 0.0381108
393 426 0.00061829
394 400 -0.0151735
395 418 -0.141642
396 397 6.51294
396 431 10.2569
396 452 6.86001
396 459 1.42058
396 464 0.0166244
397 398 5.29961
397 415 3.66788
397 452 4.33751
397 464 0.00527183
397 492 -0.14382
398 399 5.80958
398 415 3.01573
398 453 -0.987704
398 463 -3.31536
400 425 -1.05219
400 427 -0.0856503
400 437 -3.83861
400 455 1.88096
401 413 -0.135128
402 408 3.3207
402 416 -1.10092
403 408 0.498349
404 405 -1.27785
404 414 -0.652519
406 412 -0.903771
406 430 -0.966009
406 432 -0.136263
407 427 -5.27368
407 433 2.41897
407 445 -0.869929
408 416 -2.85482
408 435 0.544416
408 440 0.371671
408 447 -0.795432
409 410 -0.613546
409 420 -0.71558
409 444 5.50147
409 449 8.03447
409 462 -0.00699366
409 494 0.72977
409 497 0.798454
409 526 -0.0696872
410 417 2.73381
410 420 4.75787
410 444 -0.0399322
410 462 -0.0517864
411 413 1.24366
411 418 -0.00443978
411 426 2.51573
411 434 1.57717
411 442 -1.38434
411 456 0.0971209
411 485 0.000928679
412 424 -5.53733
412 432 -1.80942
413 442 -8.74338
413 453 2.46555
417 420 4.11205
417 441 5.52572
418 421 0.336275
418 423 1.8831
418 426 0.176112
418 428 -1.91493
418 438 -5.44828
418 446 -0.924411
418 460 2.47197
418 461 2.10127
419 422 1.11499
419 429 -0.00054045
420 441 5.26786
420 444 -0.199759
420 457 0.857412
420 462 -0.11292
421 426 1.0052
421 428 -3.33232
422 429 0.531353
422 439 0.0996187
422 450 4.44227
422 468 4.83886
422 496 -0.0602171
423 446 -11.6993
424 432 -4.8442
424 465 2.71175
424 467 -2.36822
425 437 0.404648
425 455 2.82524
425 458 0.234722
425 473 -0.849093
425 477 2.99115
425 500 -1.26292
425 506 -0.270512
425 509 0.799719
425 512 -0.0664011
426 428 -4.78898
426 434 5.88264
426 448 -0.726316
426 456 1.12537
426 460 8.48426
426 475 -1.4471
426 485 0.153772
427 437 -0.581578
427 445 -0.49496
427 454 0.120995
427 471 -0.0154617
427 474 -0.0175697
427 506 -0.0711252
428 438 -2.46319
428 460 -3.43706
429 439 -2.65241
430 432 1.55169
430 435 -3.73241
430 436 -0.195158
430 469 -3.01573
430 472 -5.53733
430 479 -2.14198
431 459 3.20295
432 467 -11.297
432 479 -1.39593
433 445 -1.86842
434 448 -3.18149
434 456 0.184272
434 485 0.00278604
435 436 1.80777
435 440 1.76179
435 447 -0.133047
435 466 1.40849
435 469 -0.0623771
435 472 1.79453
435 479 2.53617
435 508 0.141597
437 458 -0.00334902
437 506 -0.0446074
438 460 -5.38092
439 446 -8.48003
439 450 3.32971
439 461 3.34063
439 496 -0.151589
440 447 -0.60966
441 445 -0.126151
441 451 5.42202
441 457 0
441 470 -0.52082
441 471 0.510372
442 453 -1.91493
442 456 -5.53733
444 449 6.50686
444 462 0.0236789
444 493 0.00914551
444 494 1.68799
444 526 2.68432
444 550 3.1542
444 557 4.51249
444 582 -0.111115
445 451 -0.714336
445 454 0.0701973
445 471 2.03827
445 474 0.00373429
445 506 -0.0427677
446 461 -3.73241
447 466 -0.109959
449 462 -0.0109685
449 494 4.40529
450 461 4.13965
450 468 0.000372983
450 480 0.294312
450 486 4.00569
450 488 0.0992199
450 489 -2.14708
450 496 -1.18247
451 454 -0.0204093
451 471 -0.0592378
451 474 -0.00322155
451 506 -0.00178857
452 459 4.22036
452 464 0.0385927
452 491 -0.03111
452 492 -0.135744
452 502 0.784316
452 513 -0.00561471
452 555 0.00485534
452 594 -3.72529e-09
453 456 2.29455
453 463 2.73297
453 482 -0.00957572
453 484 -0.12538
454 471 0.860483
454 474 0.0924772
454 506 -0.719465
454 544 -0.0751156
455 459 -5.72747
455 473 -4.9223
455 490 -5.57904
456 475 -0.0968888
456 482 -1.08856
456 484 -1.17785
456 485 0.630753
457 462 -10.3671
457 470 0
457 481 -7.87318
457 493 -0.125031
458 477 0.238484
458 506 -0.846356
459 473 3.15188
459 502 1.74564
459 529 -0.00326177
459 555 -0.000903762
460 461 4.88957
460 475 -0.612348
460 485 0.000928679
461 475 -1.95544
461 486 2.6441
461 487 0.0605287
461 488 0.192324
461 495 0.985092
461 496 -0.120434
461 504 -0.247111
462 493 1.29248
462 550 0.148799
463 484 -0.060821
463 492 2.3898
463 594 -0.06226
464 491 0.114742
464 492 -0.0215278
464 594 -0.00836381
465 467 -4.97039
465 479 -4.43612
465 497 1.40211
465 520 -5.53733
465 531 -4.8442
465 548 -0.0430119
466 478 4.30088
466 483 5.03495
466 508 -7.27894
466 511 3.91844
466 519 3.01573
467 479 2.63107
468 476 4.1212
468 480 0.0577964
468 489 0.058454
468 496 -0.00669698
469 472 -0.470587
470 471 -3.31536
470 481 -4.43612
471 474 2.52195
471 481 -0.0778741
471 493 -0.0136591
471 499 -3.01723
471 503 -0.298985
471 506 -0.0756056
472 479 1.72077
473 477 -4.26759
473 490 3.43706
473 500 1.55131
473 509 -0.244112
473 510 4.18306
473 529 -0.275957
473 552 3.79811
473 561 -0.353819
473 572 0.543987
473 600 -4.14515
474 499 -0.176694
474 503 -0.198301
474 506 0.531005
474 524 -0.175814
474 544 0.224409
475 485 0.146764
475 486 -0.398372
475 487 -3.4273
475 488 0.0466035
475 495 -0.16666
475 504 0.201019
475 505 -0.02902
476 480 0.0359616
476 489 0.455655
476 501 7.87756
476 523 0.939939
477 506 -1.81946
477 509 0.554493
477 512 -8.95329
477 570 -6.6637
477 571 -2.52745
477 572 -0.539846
478 483 1.08303
479 508 0.682106
479 520 1.34089
479 531 -1.10812
479 536 -0.18273
480 489 -0.969537
480 496 -0.0602171
481 493 -0.484764
482 484 6.95795
482 485 2.83546
483 511 8.27534
484 485 1.59813
484 492 -0.121642
484 513 2.21473
484 515 2.18405
484 516 2.85347
484 517 5.15329
484 527 1.72077
484 533 -5.60141
485 498 1.80741
485 504 2.59342
485 516 1.2939
486 488 1.72287
486 496 -0.180651
488 489 -0.588631
488 496 0.639648
488 501 0.771253
488 504 1.7766
488 507 -1.18676
488 514 -4.43612
488 518 -0.462762
489 496 1.15246
489 501 1.52026
491 492 9.00767
491 502 2.14218
491 513 0.0188946
491 555 0.199195
491 594 -0.18678
492 502 5.44649
492 513 3.99774
492 554 9.30771
492 555 -0.053491
492 593 4.01865
492 594 -1.91824
492 604 2.45358
492 606 -0.017506
492 621 4.84502
492 627 0.269673
492 651 0.853024
492 691 0.298514
492 716 -2.47197
492 745 -3.57445
492 756 -0.687271
493 499 0.0823523
493 503 3.89459
493 535 0.464286
493 538 0.341611
493 550 1.04483
493 563 0.318995
493 582 -0.10266
496 501 6.72976
496 518 -0.0872276
497 526 -0.244019
497 548 -0.047829
499 503 4.13873
499 524 4.08195
500 509 -0.244112
501 518 -0.236155
501 523 5.52307
501 528 2.98558
501 541 -0.181295
501 543 3.88288
501 556 -0.44074
501 562 2.72081
501 574 -2.27269
502 513 0.0164775
502 529 -0.00145434
502 554 0.0581024
502 555 1.44166
502 594 -0.12452
503 524 1.17546
503 538 2.80548
503 539 0.887879
503 547 1.99674
503 563 0.0411687
504 505 -0.02902
504 507 -0.723018
504 516 4.67528
504 521 7.11173
504 522 -0.0425827
504 530 4.45572
504 532 -4.14515
504 545 3.93536
504 560 -2.18405
504 566 -4.43612
506 544 1.94594
506 571 -0.6642
506 599 0.150721
507 514 -2.85347
507 522 0.147739
507 525 0.0456201
508 519 -5.53733
508 536 -1.27328
508 546 -1.27345
508 553 -0.689948
509 512 -0.0849767
510 529 -0.943623
511 519 8.63303
511 534 2.49341
511 549 -6.59018
511 553 -2.93164
513 517 0.944134
513 554 0.0164774
513 568 -0.18254
513 593 0.051495
513 594 -2.02692
513 604 0.051495
513 621 0.0329549
513 627 0.0416544
513 651 0.0247162
513 691 0.00823873
514 518 -1.37165
514 525 -3.73241
514 528 -3.10675
515 517 1.66155
516 517 0.163924
516 527 0.925411
516 533 -1.53245
516 537 4.38038
516 545 0.258219
516 560 -2.82156
516 588 -4.43612
516 607 2.28829
516 615 0.0233042
517 533 -1.23277
517 537 3.0254
517 542 -1.39593
517 568 -0.508674
517 578 3.58279
517 607 2.09741
517 610 -3.81496
517 632 -3.91844
518 528 -0.0857465
519 553 -18.0371
520 531 -0.474888
521 522 -1.25517
521 530 -0.00475045
521 532 -3.20605
521 540 -0.88016
522 525 -0.10597
522 528 0.441732
522 530 0.081692
522 532 -8.32945
522 540 0.0816934
522 551 1.56281
522 558 0.24285
523 541 -0.289934
524 539 1.77521
524 544 0.0210595
524 547 4.63617
525 528 -1.07843
526 548 0.517977
526 557 0.817444
527 533 -1.00913
528 543 1.10979
528 551 5.65177
528 556 -1.04846
528 558 0.844131
528 574 -0.991641
529 555 1.08993
529 561 3.05379
529 564 1.97663
529 590 0.775982
529 600 -8.73368
530 540 2.5001
530 551 0.312056
530 565 3.32087
530 566 -5.67801
530 573 -1.35033
530 583 -0.0655702
530 589 -0.754385
531 536 -1.54979
531 546 -10.8018
531 548 -7.45185
531 569 -0.237511
531 576 -8.97439
533 537 -4.1717
533 542 -1.14578
534 549 -3.57445
535 550 0.0468019
535 582 -0.0720138
536 546 3.63941
537 542 -1.18877
538 563 0.0259064
539 547 3.81835
540 551 1.1932
541 562 -0.36259
543 556 -1.28585
544 547 0.311559
544 571 -0.191434
544 599 0.628092
545 560 -4.31739
546 553 1.31477
546 569 2.15704
546 576 3.31536
547 559 4.10441
547 563 2.08948
547 577 5.64339
547 599 0.132328
547 631 -9.28032
547 638 2.8895
547 650 -3.57445
547 654 -0.666357
547 681 -1.2178
548 557 3.12037
548 576 -1.78253
549 553 3.23088
549 567 0.273694
549 579 3.11715
550 563 -0.0274247
550 582 -3.98734
550 598 1.60194
550 630 -1.32411
550 671 -7.34554
550 695 -3.73241
551 558 3.3149
551 565 3.35667
551 574 -0.274059
551 580 -2.03975
551 592 0.373698
553 576 3.91844
553 579 4.1136
553 585 5.04392
553 612 0.698855
553 628 -0.120073
554 555 -0.0170143
554 594 -0.12452
555 561 0.344657
555 564 1.07633
555 590 4.43612
555 600 -0.101248
555 606 0.410417
555 621 -0.148209
557 576 -3.91844
557 582 -0.106547
557 629 0.544654
557 633 0.0367222
557 634 -0.51843
557 640 2.42893
557 663 3.10086
557 683 -0.140568
560 566 0.0856502
560 575 -1.2922
560 586 -1.54979
560 588 -7.64217
561 600 -4.8442
562 574 -2.36822
563 598 -0.332167
563 641 -0.870115
563 654 -2.52713
563 664 -1.23637
563 681 -0.56068
565 589 -0.0213097
565 592 0.730059
565 601 0.000466258
565 605 -11.8157
565 611 1.04422
565 622 0.30437
565 649 -0.00923494
566 573 -10.3815
566 575 -3.16303
566 583 -6.3292
567 579 2.01819
568 578 -0.720287
568 594 -0.10792
569 576 1.87048
570 571 -2.74307
570 572 -9.28032
570 613 -0.722426
571 599 -0.319185
571 613 -0.0856503
571 617 -0.775982
572 600 -0.500431
572 613 -2.84924
573 583 -0.0404447
574 580 1.25517
574 584 -0.312919
574 587 0.772081
574 591 0.00785023
574 595 -0.0622993
574 596 0.918487
574 597 -0.886457
574 602 -0.243936
574 609 -0.616276
574 618 -0.526993
575 583 -1.34772
575 586 -0.0548943
576 581 3.1698
576 585 7.51389
576 616 1.95547
576 633 -1.35244
576 652 -4.43612
576 675 -7.2338
576 678 -0.000641728
576 679 -3.73241
576 687 -2.71154
578 594 -1.02583
578 610 -1.15805
579 628 -2.85828
579 645 0.742132
579 701 -0.197004
579 715 -0.0936457
580 592 -2.50761
580 595 -6.25918
582 629 -0.0830294
582 630 -1.27785
582 635 -3.31536
582 637 -0.513885
582 648 -3.20605
582 663 -0.0213128
582 673 0.670677
582 676 0.325247
582 730 0.0854935
583 586 -1.91493
583 589 0.966628
583 603 1.57696
584 587 -0.0993164
585 612 1.54906
585 616 1.50888
585 646 -2.29822
585 661 2.61561
585 678 0.22282
585 687 -0.00439122
586 588 -1.42058
586 603 -1.44559
587 591 0.00527213
587 596 0.0677817
588 608 -7.65085
588 615 -5.53733
589 603 1.36695
589 611 -1.42278
589 620 -7.47527
590 600 -1.14578
591 596 0.0207258
591 602 -0.00381552
592 595 0.048914
592 601 0.344718
592 602 -0.012219
592 605 -4.43612
593 594 -0.0625515
593 627 0.0334157
594 604 -0.420479
594 610 0.562319
594 614 -2.83337
594 621 -0.244034
594 627 2.74758
594 651 -0.276486
594 657 0.618546
594 704 -0.136916
595 601 0.0489521
595 602 -0.328735
596 602 -0.326938
596 609 -1.75369
596 618 -5.90194
597 609 1.40566
598 641 0.00736241
598 671 -3.8002
599 617 -5.29743
599 631 -3.16186
600 613 -0.105163
600 619 2.43235
600 621 -0.081697
600 624 -0.0793503
600 636 -4.8442
600 639 -0.043751
600 684 -0.0145879
600 696 0
601 602 0.353855
601 605 -7.73331
601 611 0.0110745
601 618 1.26464
601 622 0.138522
601 625 4.62852
601 647 0.854685
601 649 -0.000210257
601 667 -0.909609
601 670 -0.00977883
601 672 -0.149205
602 618 1.63613
602 625 0.141119
603 608 4.65887
603 620 -2.71175
603 642 -0.0196337
603 643 -0.618144
603 660 -1.91493
603 677 -1.27785
604 627 0.0322137
605 622 -0.361032
606 621 -0.266319
607 615 0.0693147
607 632 -1.39593
608 615 0.615566
608 642 -0.0538092
609 618 1.98633
609 644 5.14531
610 614 -0.305845
610 623 6.56402
610 632 6.46879
610 655 -0.501447
611 620 -0.560008
611 622 0.0267114
611 649 -0.952863
612 626 -0.265367
612 628 -0.564757
612 645 1.49135
612 646 -3.79349
612 678 0.0340782
612 701 -0.0926284
613 617 -4.8442
613 619 -0.0393936
613 621 0.000939026
613 624 0.0848704
613 631 -3.93487
613 639 1.76718
613 684 0.0037224
613 696 -1.6056
613 722 -4.8442
613 732 -4.8442
613 736 -3.91844
614 623 -8.04252
614 655 -0.226632
614 657 -4.2514
615 632 -2.01644
615 642 -0.051063
615 658 1.16715
615 662 -0.772095
616 678 -0.000284965
616 687 -0.364822
617 631 -5.53733
618 625 3.33823
618 644 7.63643
618 668 6.99862
618 685 2.57928
619 621 -0.0762052
619 624 -0.0344239
619 639 -0.0103656
619 684 -0.00728841
619 696 0
620 643 -2.93164
620 649 -6.08075
620 677 -2.64699
621 639 0.539349
621 656 -2.20142
621 659 -2.41897
621 669 2.57772
621 674 0.0224017
621 684 0.725991
621 689 0.0392525
621 690 -3.01573
621 691 1.12073
621 718 -1.6296
621 742 -2.58569
621 758 0.0147712
621 771 -2.02352
622 649 -0.0114659
622 670 -0.000406888
622 672 -0.00119932
623 655 -0.571469
624 636 -0.0771745
624 639 0.235377
625 647 0.426625
625 668 4.78144
625 672 -0.124672
625 693 -0.905358
626 646 -2.27269
627 651 4.55921
627 704 -1.76614
627 713 -2.99862
627 733 0.623468
627 772 -1.72077
628 645 -2.22758
629 635 -5.64339
629 640 0.0954941
629 653 -0.810835
629 663 0.145956
630 637 -1.92176
630 695 -0.321795
631 650 -0.618144
631 665 -5.13071
631 666 -2.06181
631 681 -1.39593
631 696 -1.32411
632 655 -0.501447
632 657 0.859209
632 662 3.67239
632 692 3.67082
632 726 0.179724
632 727 1.77437
632 793 -0.83062
633 634 -0.892042
633 652 0.0126453
633 663 0.135606
634 652 -0.427634
634 663 -2.36822
635 653 -1.23215
635 673 -2.31952
636 639 -0.774368
637 648 -6.28728
637 676 0.242626
637 695 -4.22568
637 706 0.0381663
637 707 0.0794463
638 650 -5.53733
638 654 -0.242376
638 681 -1.65934
639 684 0.00753388
639 696 -0.0376018
639 732 -10.658
639 742 -1.63282
640 653 -6.46585
640 663 2.00614
640 683 -0.70257
640 688 0.0656852
640 709 -0.537079
640 711 0.0570687
640 739 -2.22758
640 740 -2.25272
641 654 2.81104
641 671 -0.0254243
641 680 -0.265012
642 658 -0.367874
642 660 -3.57445
642 662 0.228469
643 677 1.69086
644 685 2.19293
644 698 1.18877
645 646 -7.46482
645 678 -0.956273
645 699 -1.71231
645 701 -3.79044
645 715 -1.71684
646 661 -0.141755
646 678 0.138298
646 737 -0.00628836
647 667 -0.302293
647 672 -0.0795131
648 676 -1.91493
649 667 -0.0924659
649 670 -0.0162753
649 672 0.402083
649 677 0.741212
649 710 0.105688
650 681 -1.34772
651 756 -1.37165
651 772 -7.88619
652 663 0.000477788
652 679 -1.32411
652 682 -2.95985
652 702 -1.69086
653 673 0.213626
653 683 -0.867703
653 700 -1.25421
653 705 -1.84714
653 719 -0.0555919
653 730 0.0284978
654 664 1.2289
654 680 -0.618285
654 681 0.293566
654 686 -4.00961
654 708 7.42091
654 721 -1.95015
655 657 1.61079
656 669 -0.7524
656 674 -0.0372897
656 689 -0.0870299
657 692 2.73345
657 704 -0.355859
658 662 -0.589416
659 669 -0.255461
660 662 -2.70107
660 677 -9.13523
660 697 -2.64699
660 714 -12.2778
660 727 -0.011039
661 678 0.26564
661 687 0.000395566
662 697 -0.0833109
662 726 0.00994897
662 727 1.72032
663 682 -3.73241
663 688 1.51922
663 709 -0.32
665 666 -0.492225
665 681 0.957451
665 703 -1.31925
665 731 -0.00592761
666 696 0.168519
666 703 -0.00630447
667 670 0.00251667
667 672 -1.35361
668 685 3.65929
668 693 -4.26153
668 729 -1.38744
668 743 -6.13623
668 769 -0.0101603
669 674 0.0693129
669 689 1.47042
669 690 -1.86468
669 718 -0.0712356
669 723 -2.78039
669 758 0.24609
670 672 -0.0730392
671 680 -0.0106833
671 695 0.375001
671 712 -0.632369
671 717 -0.0232157
672 693 -4.73789
672 710 2.60777
672 729 1.34409
672 759 -2.13626
672 765 -0.483906
672 769 0.0147062
672 794 0.0259412
673 676 6.30692
673 700 -0.262662
673 719 -0.143439
673 730 0.342571
674 689 0.185504
674 718 -0.0597451
674 758 0.0738296
675 679 -0.00187367
675 687 -0.148121
675 694 0.0111124
675 702 -0.00269215
676 695 -0.270479
676 700 -0.621187
676 706 0.274038
676 707 2.11214
676 719 -0.147673
676 720 6.68677
676 730 0.450464
676 767 1.44073
676 811 -0.0052421
677 710 3.13707
677 714 0.584119
677 728 2.48357
678 687 1.30301
678 699 1.25789
678 715 0
678 725 -1.54979
678 734 -0.489532
678 737 -0.0632047
678 744 0.00873288
678 752 -2.47197
678 770 -0.00270529
679 694 -0.0257567
679 702 0.0835108
680 686 -0.281863
680 695 0.000631703
680 712 0.0146225
680 717 0.0146388
681 703 -0.950549
681 721 -0.722426
681 731 2.13571
681 735 -2.70033
681 786 0.0135701
682 688 -2.71175
682 702 -2.94794
682 709 -3.43706
683 700 -2.93164
683 740 -0.55042
685 698 2.47197
685 743 -0.148121
685 766 -1.75131
685 814 -6.41913
686 708 -7.06395
686 717 -0.55042
686 747 -0.687271
686 754 -0.289934
687 694 -1.25611
687 702 0.220529
687 725 -0.321795
687 738 -3.63095
688 709 -0.357418
689 718 -0.427308
689 723 -5.53733
689 755 0.613664
689 758 1.96046
689 768 -0.258844
690 691 -0.353819
690 716 0
690 723 -0.53915
691 716 -0.550907
692 704 -0.0659283
692 724 -2.5491
692 726 0.0379098
692 751 1.21005
692 793 -5.3901
692 798 -1.00226
693 729 -2.93164
694 702 -0.833511
695 706 -0.18838
695 707 -0.572722
695 712 -1.20203
695 717 -0.106701
695 746 0.10237
696 703 -0.0728177
696 731 -0.255473
696 736 0.00585288
696 750 -2.68463e-05
696 764 -0.00865777
696 775 -0.00746832
696 787 -0.00493398
696 802 -0.0077778
697 727 -0.0982281
699 715 2.80152
699 737 -0.0304557
699 744 0.165668
699 749 0.295981
699 760 -0.438024
699 770 -2.46803
700 705 -0.242411
700 709 -4.04224
700 719 0.017081
700 730 0.0245165
700 740 -3.5742
700 741 0.016636
700 753 -0.0343917
700 806 -0.964579
701 715 0.663414
702 709 1.01749
702 738 -0.452922
702 761 0.589825
702 762 0.220244
702 782 -0.305845
702 789 -3.70996
703 731 0.337887
704 713 -7.70256
704 724 -6.78782
704 733 -0.0219485
704 751 -7.74981
704 778 0.362276
704 804 -0.867703
706 707 1.67162
707 720 3.72336
707 746 0.558064
707 790 0.690608
707 832 0.135544
707 852 0.00563863
707 874 0.00281931
708 721 -6.42211
708 754 -0.517023
708 763 -3.01573
709 711 -0.0554499
709 739 -0.159733
709 740 0.273408
709 762 0.344596
709 795 -0.0106059
709 806 1.62487
709 819 0.0613564
709 834 0.292967
709 851 -0.631297
710 714 0.448871
710 728 1.86904
710 765 -4.374
710 779 3.79418
710 796 0.81446
711 739 -1.57696
711 740 -0.121746
712 717 0.222146
714 727 4.64867
714 728 1.08939
714 796 0.529459
714 805 -3.01573
715 749 1.79027
715 760 -0.15648
715 773 2.90998
715 780 6.16452
716 723 0
716 745 0.12905
716 755 -0.0766515
716 756 -0.00534775
716 777 -0.041269
716 783 0.000850785
717 746 -0.512498
717 747 0.769984
717 754 -0.309971
717 763 -4.14515
717 832 -0.771647
718 758 -6.44363
718 771 -0.0298693
718 803 -0.962608
719 730 2.36021
719 741 0.0023123
719 753 -3.73831
719 767 -0.000928186
719 806 0.85519
719 810 -4.78692
719 811 0.00956433
720 767 0.944283
720 790 0.307037
721 735 -0.023346
721 757 -3.31536
721 763 1.10372
721 785 -3.39142
722 732 -0.00778178
722 736 -0.321795
722 748 -0.210882
722 750 -0.635286
723 755 -0.023346
724 751 -0.0872988
725 738 -5.50047
725 752 -3.20605
726 727 2.1931
727 793 -2.49966
727 796 0.105305
727 805 -2.35291
728 796 0.0476039
729 769 0.320066
729 794 0.230542
730 767 -0.00418078
730 807 -1.15735
730 810 -0.130451
730 811 0.0175715
731 735 -0.761843
731 764 0.0326407
731 775 0.00199444
731 786 0.0236296
731 787 1.8193
731 802 0.253227
731 817 0.00896542
731 900 -0.00614299
732 742 0.0992557
732 748 -1.05174
733 772 -2.78039
733 778 -1.90322
734 737 -0.0109892
734 752 0.0450076
734 781 -0.0444822
735 757 -0.297405
735 786 0.0448143
735 787 -0.0369887
735 791 0.0896285
736 750 0.890816
736 775 -0.045883
736 787 -0.000795151
737 744 -0.0357685
737 770 0.0350598
737 781 0.246645
737 784 0.0432054
738 752 -0.886457
738 761 -6.34332
738 774 -3.8181
739 740 -0.319467
741 753 -0.00013889
742 748 -0.215972
742 771 0.0751844
742 776 3.20295
742 803 -0.747581
743 766 1.49683
743 769 -0.483906
743 799 -4.01355
743 800 -1.76531
744 770 -0.662641
744 784 -0.0925835
745 756 -0.357726
745 777 -0.969448
745 783 0.00194298
745 809 -0.772245
746 790 0.194051
746 832 4.80486
746 852 -0.000560248
746 853 -3.58698
746 874 -0.00112047
747 754 -0.615427
748 750 1.52308
748 776 -1.58307
749 760 -0.997478
749 770 0.73691
749 773 1.01285
749 801 -0.159388
749 827 -7.65084
749 844 -2.93164
749 864 -0.81228
749 873 -0.0389131
750 764 -0.00792214
750 775 -0.0429698
750 776 -9.22143
750 788 2.36732
750 792 -1.13812
750 802 1.06884
750 830 -4.10352
750 870 -9.97346
750 875 -0.962998
751 798 -5.70097
751 804 -1.51365
751 821 -2.18599
752 774 -6.42793
752 781 -0.652415
753 806 -0.132481
754 763 -6.51705
755 768 -0.0411613
755 777 -0.0633734
756 772 -2.36822
756 783 -0.000211246
757 785 -0.0709381
757 791 -1.10117
758 768 -5.90746
758 803 0.83062
758 823 -1.60463
758 826 3.75259
758 855 -0.0389131
758 868 -5.53733
758 879 -1.60126
759 765 -4.14515
759 794 -1.10372
759 813 -6.98217
760 770 -1.35641
761 774 -0.226632
761 789 -4.22864
761 797 -0.242411
762 782 -0.228161
762 789 0.143924
762 795 -0.0739453
762 819 0.0161024
762 822 0.251522
762 824 -0.0098267
762 834 0.299526
762 842 0.0164463
763 785 -14.3888
763 825 -3.73241
763 832 -1.3728
764 775 0.0390229
764 787 0.138199
764 802 0.179277
765 779 -1.24659
765 813 -0.472043
765 848 -0.426099
766 800 -0.141202
766 814 -0.0198436
766 818 -0.0706009
767 790 0.237707
767 811 -0.0802567
768 777 -3.50535
768 809 2.43562
768 855 -1.81087
768 866 -1.24774
769 794 0.879046
769 799 2.68635
769 849 -1.44559
769 862 1.16715
769 872 -1.44487
770 781 0.201102
770 784 0.364261
770 833 -0.0250372
770 844 -1.98633
770 858 0.647865
771 803 -0.0178954
772 778 -9.944
772 783 -3.31129
772 809 0.467445
772 831 0.337785
772 840 -0.226632
773 780 0.163779
773 801 -2.99142
774 781 -3.41024
774 797 -4.79148
775 787 0.103033
775 802 0.00876856
776 788 -4.17008
776 803 -2.85347
776 823 0.618144
776 860 -6.25986
776 870 0.886457
776 877 -2.58569
777 809 -4.30977
778 804 -0.339957
778 812 0.625057
778 820 -9.59019
778 840 0.36451
778 846 -5.27862
778 861 1.02216
779 796 0.584475
779 848 0.657963
779 857 0.144135
780 801 -1.35794
781 784 1.98725
781 797 -0.023346
781 824 -0.00406982
781 833 -0.00407068
781 841 -0.113495
781 844 -0.635286
781 845 0.982109
781 858 0.0730081
781 865 0.17315
782 789 -0.012268
782 795 -0.987968
783 809 -0.210882
785 791 0.00785097
785 808 -0.0327503
785 815 -0.946719
785 816 -2.02657e-06
785 825 -3.36519
786 787 0.306921
786 791 0.690526
786 817 0.00629501
786 900 -0.00211794
787 802 3.98016
787 817 0.0104787
787 829 2.77993
787 900 -0.0320411
788 792 -0.368724
789 795 -0.018881
789 797 -0.0967016
789 822 1.19935
789 824 -0.114975
789 841 0.623021
789 842 0.0142167
790 811 2.34868
790 832 0.873193
790 836 2.17688
790 852 0.118321
790 853 0.115335
790 874 0.0591604
791 808 -0.148948
791 816 0.637945
791 817 0.131626
791 828 0.537188
791 854 -0.00241351
791 899 0.0250474
793 798 -0.528353
793 805 -6.49498
793 856 -0.512242
793 881 -0.00778178
793 883 -3.01573
794 813 -1.52715
794 849 -4.14515
795 819 -0.00536748
795 822 -0.0056081
795 824 -3.35043e-07
796 805 -17.3171
796 857 0.179261
797 824 -1.63467
798 821 -1.42058
798 847 3.92862
798 856 -0.05489
798 880 0.381091
798 889 -0.279243
798 907 -0.887506
798 915 -0.319003
799 800 4.58825
799 818 3.32775
799 872 -0.561537
799 894 0.0398927
800 818 0.699553
801 827 -2.9115
801 850 0.077647
801 864 0.0106651
801 873 1.41057
802 817 0.00279238
802 830 -1.90371
802 870 -0.54117
802 875 1.16327
802 900 -0.280997
803 823 -6.3292
804 812 -2.06783
804 821 -0.10345
805 857 -0.756892
805 883 -1.34772
805 886 1.47953
805 902 -1.10611
805 935 -0.072357
806 810 -0.962998
806 851 -0.146028
807 810 -0.55042
807 811 -0.407736
808 815 0.0316443
808 816 -0.550422
808 825 0.176504
808 828 -1.18877
808 839 -3.41176
808 859 0.512371
809 831 0.526938
809 840 -1.47772
809 866 -0.0605947
810 811 1.09402
810 836 1.04888
810 838 -0.360469
810 851 -4.8442
810 852 0.021213
810 887 -1.21064
810 909 -3.92164
810 911 -2.41897
811 836 0.467445
812 821 1.54132
812 847 -0.391862
812 861 0.567621
812 867 0.39162
812 869 0.32512
813 848 1.86321
813 849 -2.09348
814 818 -1.53377
814 835 -6.3794
815 825 0.579676
816 828 0.749544
816 854 -0.0060549
816 899 0.0279376
817 828 0.0862504
817 829 0.00295094
817 843 -0.0942179
817 900 -0.00211794
818 835 6.09034
818 891 2.10764
818 894 0.0690352
818 895 0.028817
819 834 0.0201093
820 846 -0.321795
821 847 -3.29549
822 824 -0.0098267
822 841 0.0411497
822 842 -0.0318062
823 826 -0.210882
823 837 -5.53733
823 860 -6.98619
823 878 1.03458
824 841 -0.214859
825 832 3.16129
825 859 3.58361
826 837 -1.98839
826 879 -0.0675871
827 850 -0.108443
827 864 -0.0108095
828 829 0.342417
828 839 -0.402198
828 843 -0.0942179
828 854 -0.0302063
828 863 0.550034
828 899 0.339985
829 843 1.3624
829 854 -0.0126537
829 863 0.0777419
829 899 1.83695
829 900 -0.00362754
829 910 -0.320235
829 937 0.317382
830 875 -4.40494
831 840 -3.05064
832 852 0.000797305
832 853 -2.68654
832 859 3.22797
832 874 -0.00367237
832 905 -1.88061
832 912 0.139647
833 844 -1.49683
833 858 -1.79855
834 842 0.167779
834 851 -1.30889
834 884 -2.85347
835 891 5.41411
835 894 0.016636
835 941 1.06254
836 838 -0.102542
836 852 0.495424
836 876 0.0227051
836 909 -0.0174053
837 878 -1.98633
837 879 -1.98633
839 854 -2.10127
839 859 -0.905358
840 846 -3.39906
840 866 -3.60852
840 892 -1.05587
840 893 -1.96258
840 925 -1.57696
841 842 -1.25751
841 865 -15.0315
842 865 -0.116857
842 884 -3.94755
842 897 1.17968
842 914 -1.72077
843 854 -0.00241351
843 899 0.374483
844 845 -2.10127
844 858 -10.1251
844 873 -0.924411
844 896 -4.70789
844 903 -8.31351
845 865 0.0912542
845 903 -0.905358
846 861 -0.943623
846 869 -11.2958
846 893 -4.49892
846 906 -1.34693
847 867 -0.391862
847 882 0.231748
847 888 -2.10127
847 907 -2.25301
847 915 -1.25457
848 849 -1.29363
848 857 0.330207
848 890 1.76143
848 902 2.32117
849 862 -0.517023
849 871 -0.970306
849 890 0.219252
849 894 -1.88061
850 864 0.00868389
850 873 0.0760276
851 884 -5.53733
851 887 -0.0544849
851 898 -5.53733
852 853 -1.30672
852 874 10.7199
852 876 5.56608
852 909 -0.0164891
852 943 0.237614
852 956 -1.51647
852 971 -0.0517895
853 874 -4.49955
853 904 -1.58487
853 905 0.226926
853 924 -1.9177
853 943 -0.26714
854 859 -0.943623
854 863 -0.0356612
854 899 -1.59052
855 866 -0.197176
855 868 -1.03049
856 880 0.00403953
856 881 0.704548
857 902 1.28043
859 863 0
859 899 2.07902
859 912 0.139647
859 917 -4.88955
860 877 -1.00226
860 878 -1.08303
860 885 -5.11699
861 869 0.0687023
862 872 -0.210882
862 894 2.06181
863 899 0.0950144
864 873 0.612856
865 903 -3.31536
865 914 -4.43612
865 919 -5.32901
866 868 0.518872
866 892 0.225625
867 869 0.298766
867 888 -1.10372
868 879 -0.798597
868 892 2.43516
868 939 -0.0092895
868 944 0.0675919
868 948 -0.181224
868 961 0.679636
868 972 -0.346879
868 991 -0.122005
869 888 -3.43706
869 906 -0.369897
869 913 -16.5663
870 875 -2.37958
870 877 -2.59326
870 885 -0.080586
870 900 0.115144
870 928 0.162639
871 890 1.55085
871 894 -2.21117
871 908 -3.22813
872 894 -5.4954
873 896 -2.22947
873 916 1.93607
873 918 1.8645
873 923 -0.321795
875 900 -0.185066
876 909 1.09486
876 956 -2.14198
876 977 -0.0668718
877 885 0.0229627
878 879 0.110474
878 885 -4.205
878 926 -3.07301
878 932 -1.35161
879 926 -1.63282
879 933 -1.13199
879 934 0.817967
879 939 -0.112944
879 948 -0.818764
880 881 0.0901363
880 889 -1.40637
880 907 6.94967
880 915 -2.3998
880 929 -4.176
880 989 -8.46898
881 883 -0.0104661
881 886 0.0304146
881 901 0.319191
881 920 -0.380544
881 929 -0.138224
881 945 0.331409
882 907 -0.130692
883 886 -2.4568
883 901 -0.00714115
884 897 -4.52049
884 898 0.046994
884 927 -6.94093
885 928 -0.0428264
885 931 -0.0566394
885 932 -3.43795e-05
886 901 0.0166236
886 902 -1.00393
886 920 -0.0575768
886 935 -0.338064
886 945 0.391651
886 946 -4.62906
886 969 -4.8442
887 898 -0.758016
887 911 -1.14236
888 907 -3.73241
888 913 1.18877
890 902 0.917806
890 908 -3.41909
890 921 -6.79215
890 940 2.27269
890 955 -6.54776
890 975 -0.661973
890 984 3.74297
890 1012 -0.386023
890 1036 0.532638
891 894 0.394021
891 895 4.71585
891 941 9.80406
891 962 -0.242411
891 985 2.66041
891 993 3.63877
891 1009 -1.16006
891 1032 -0.0904129
891 1054 -1.10368
892 925 -0.0247983
892 944 0.0114675
892 948 -0.0125062
893 906 0.0860961
893 925 -1.98803
893 949 -1.91493
894 895 3.13371
894 908 1.81302
894 922 -0.166035
894 955 -4.8442
894 962 -8.57661
894 982 -0.167743
895 922 -0.166035
895 962 -4.14515
896 903 -0.179867
896 923 -1.37165
896 950 0.987152
896 963 0.0391117
897 914 -2.42572
897 919 0.0112824
897 927 0.0748319
897 942 0.346076
897 951 -0.534009
897 952 -0.0642765
897 965 1.50346
897 967 0.0135949
897 976 0.0220381
898 911 -2.31952
898 927 -0.0939879
899 917 -9.68841
899 937 0.429134
899 959 3.19068
899 966 7.31487
900 910 -0.992087
900 928 0.0816052
900 937 5.7456
900 938 -0.0633815
900 957 3.42436
900 968 0.103145
901 920 -0.0526903
902 935 3.14047
902 975 -6.71783
903 919 -10.705
903 963 -3.51364
903 986 -1.07291
903 1005 -0.0901874
904 905 -2.79347
904 924 2.85347
905 912 -1.27785
905 924 -1.54979
905 930 -0.369897
905 954 0.038913
905 978 -4.43612
906 913 -6.77658
906 949 -4.43612
906 958 0.0368323
906 973 -0.279342
907 913 -12.0706
907 915 -0.226632
907 981 1.93287
907 989 -13.1795
907 996 -6.90601
908 921 -2.73019
908 955 -1.95015
909 911 0.837233
909 951 -6.95323
909 956 -3.18144
909 971 -0.226632
909 977 -0.94053
909 1010 -14.8177
909 1019 -2.17363
909 1027 -5.53733
910 937 -10.5766
911 927 -1.51085
911 951 -9.06358
911 953 0.402198
911 977 -0.0668719
912 917 -6.5214
913 973 0.00799194
913 974 -0.111152
913 980 -5.82662
913 981 -1.78253
914 919 -0.00259771
916 918 0.0544848
916 923 -6.8726
917 930 -0.201183
917 959 -2.65708
917 966 -0.230616
917 978 2.11246
917 1015 1.63002
917 1057 0.0215011
917 1071 -0.644242
917 1114 -2.07646
918 923 -2.5243
919 936 -2.87779
919 942 0.222704
919 947 -7.03162
919 1002 -0.00778178
919 1005 0.580566
919 1013 -4.09899
919 1044 -1.77638
920 945 -0.214607
921 940 -0.163779
923 950 -4.44721
923 995 -3.94755
924 943 0.579912
924 954 -0.825449
924 971 0.0095059
924 999 0.072224
924 1000 -4.43612
924 1006 -0.0234538
924 1014 -0.00291389
924 1030 -1.67064
925 944 -1.75065
925 949 -2.46776
926 932 -5.46376e-08
926 933 0.038913
926 960 -4.47035e-08
927 951 -1.71058
927 953 -0.867703
928 931 1.64296
928 968 0.636749
928 992 -0.306759
929 945 -0.125578
929 989 -0.81228
929 994 -1.69086
929 997 0.732741
929 998 0.451047
930 978 -3.27202
931 932 -0.3784
931 960 -0.803753
931 992 -0.247272
932 960 0.770032
933 948 -0.258219
933 960 -0.00501443
933 988 -1.01355
933 990 -0.0351204
934 939 -0.174289
934 948 -0.402049
935 946 -3.7728
935 970 -0.483906
935 975 -3.01573
935 983 -4.43612
936 942 -0.504076
936 947 0.00850579
937 938 -0.0246709
937 957 1.39498
937 966 0.465674
937 1001 0.623085
937 1011 -2.64699
937 1016 -3.54677
937 1020 0.452575
937 1045 -0.0696907
938 957 -0.0504784
939 948 0.034566
939 961 -0.0315177
942 947 -0.101248
942 952 -0.43164
942 964 -4.12951
943 956 -0.310737
943 971 -0.700954
943 1006 -2.93164
943 1030 -0.12787
944 949 -4.8442
944 972 -0.571509
945 969 -10.3815
945 994 -4.8442
946 969 -4.12933
946 983 -2.58569
947 964 -0.201548
947 987 0.71006
947 1002 0.689389
948 961 -4.17518
948 988 -2.41897
949 958 -8.244
949 972 -0.849093
950 963 0.0655089
950 986 -0.110271
950 995 0.924006
950 1005 0.160754
950 1018 -1.06847
950 1029 0.044732
950 1043 1.56877
950 1060 -0.212568
951 953 -4.8442
951 965 -0.181086
951 967 -0.0835449
951 976 -0.0909803
951 1024 -0.201856
951 1027 -0.18315
952 964 0.630181
952 965 -1.95334
952 967 -0.0353892
952 976 -1.79756
952 987 -2.19945
954 978 -4.8442
954 1000 -1.57696
955 962 1.21064
955 982 -11.1273
955 1012 -0.740165
955 1036 -1.01787
955 1042 -4.46949
955 1064 -2.14198
956 971 -1.81446
956 977 -0.434708
957 968 3.43706
957 1001 1.68185
957 1011 -0.470131
957 1038 6.42591
957 1045 0.567051
957 1058 0.90705
957 1068 0.171712
957 1080 0.00612338
957 1083 0.0288367
958 972 -0.799328
958 973 -2.83464
958 1007 0.336112
958 1021 0.0238132
958 1031 -0.918492
958 1051 -2.41897
959 966 1.7528
959 979 -0.294877
959 1015 -0.0474694
959 1067 -2.22758
959 1072 -2.25093
960 968 -0.185861
960 990 0.0327232
960 992 2.06806
960 1003 -4.91179
960 1025 2.55135
961 972 -1.9638
961 988 -0.337785
961 991 -2.74021
962 982 -8.64089
962 985 -3.73241
962 1023 -4.42079
962 1042 -7.65085
963 986 -0.0693435
964 987 -0.0977827
965 967 0.400261
965 976 0.052125
965 987 0.0867531
965 1024 3.52436
965 1048 -0.359937
966 978 -0.103554
966 979 -0.964509
966 1015 -0.109877
966 1016 -13.6597
966 1049 1.45194
966 1057 -0.00741425
966 1067 -1.49683
968 992 -0.0599036
968 1025 -0.0254425
968 1038 2.5595
968 1063 4.28991
969 983 -0.274059
969 994 0.940489
969 1004 0.618144
969 1034 -3.53131
970 975 -4.60913
970 983 -2.71175
970 1004 -2.52745
971 1006 -2.52745
971 1019 -1.34007
972 991 -0.00329219
972 1007 -2.22904
973 974 -0.414531
973 980 -0.175491
973 1008 -6.84725
973 1031 -1.18877
973 1051 -1.01366
973 1085 1.24827
973 1096 -0.126926
973 1100 -2.49966
973 1110 -1.75131
974 980 0.0484618
975 984 -0.638078
975 1004 0.0717282
975 1036 -0.849093
975 1041 -0.551743
978 1000 -5.19109
978 1015 0.0162362
978 1030 -1.62395
978 1057 0.0349889
978 1071 -0.73955
980 981 0.775982
980 1008 -0.205681
980 1022 -0.116857
980 1033 -2.30489
981 996 -1.12464
981 1017 -0.669846
981 1033 -8.62541
983 1004 -1.41127
985 1009 -1.73657
985 1023 -1.78253
985 1032 -0.0679007
986 1005 -0.022053
987 1002 0.977492
987 1026 0.226632
987 1037 -2.41336
987 1048 -0.315996
988 990 0.0250915
988 991 -2.64699
989 996 0.257334
989 997 -1.92181
989 1039 -0.25665
990 991 -0.652519
990 1003 -0.023346
990 1025 -3.04913
991 1007 0.182523
991 1025 -1.88061
991 1031 -1.10372
991 1046 -3.93657
991 1050 -1.93692
994 998 -1.57696
994 1034 -3.43706
994 1040 -7.49905
995 1018 -0.439904
995 1043 0.81228
995 1086 -1.25517
996 1017 -5.71728
996 1033 -0.704796
996 1039 -5.94944
996 1059 -0.321795
996 1077 -3.95935
997 998 1.84779
997 1028 -4.00795
997 1039 2.48818
997 1040 0.584119
997 1097 -3.91844
998 1028 -2.36822
998 1040 0.210882
999 1014 -0.00292316
999 1030 -2.38484
1000 1030 -1.91493
1001 1011 -0.601687
1002 1013 0.0477369
1002 1026 1.10372
1002 1037 -0.483906
1002 1044 -0.195536
1002 1047 0.237223
1003 1025 -7.3701
1004 1034 -2.22836
1004 1041 -0.143456
1005 1029 1.83493
1005 1043 0.0405389
1005 1044 -5.82239
1005 1060 -0.0798149
1005 1081 0.589725
1005 1091 -0.0641482
1005 1092 0.031895
1005 1109 0.0561467
1005 1129 -0.0036584
1005 1131 0.675328
1005 1141 0.623261
1006 1014 -0.0859069
1006 1019 0.0367059
1007 1021 0.0238132
1007 1031 -2.71175
1008 1022 -2.02232
1008 1033 -1.23277
1008 1055 -3.31536
1008 1074 -1.21064
1008 1100 -3.14566
1009 1023 0.0561804
1009 1032 2.23883
1009 1042 -0.184079
1010 1019 -0.775982
1010 1027 2.93164
1010 1052 -1.95015
1010 1056 -13.538
1011 1020 -0.55042
1011 1045 -1.3793
1012 1036 -0.669846
1013 1044 -0.038262
1014 1019 -0.0551882
1014 1030 1.11812
1014 1053 0.596443
1014 1062 -0.226632
1014 1076 -2.90275
1015 1057 0.00607348
1015 1072 -0.0544849
1015 1090 -6.62036
1015 1114 -3.91844
1016 1020 -0.522265
1016 1049 -4.07019
1017 1033 -0.669846
1018 1043 -0.101248
1019 1053 -1.07647
1019 1056 -1.08303
1019 1061 -2.44158
1020 1045 -0.348454
1020 1049 -0.305845
1021 1031 -6.88505
1022 1033 0.353819
1023 1032 0.0953116
1023 1042 -4.75488
1024 1027 -5.27126
1024 1048 0.724858
1024 1052 1.25778
1024 1075 0.00536284
1024 1082 2.63454
1024 1084 0.205055
1024 1109 -0.0553415
1024 1144 0.0181461
1025 1046 -6.80182
1025 1063 -5.21783
1025 1073 -2.47197
1026 1037 -2.29469
1027 1052 -1.60463
1029 1043 0.0438243
1029 1060 -0.0556857
1030 1053 0.0156295
1030 1062 -1.65845
1030 1071 0.435282
1031 1046 -1.49683
1031 1050 -4.66236
1031 1051 -0.418426
1031 1085 -3.23592
1031 1096 -2.4059
1032 1042 -0.238748
1032 1054 -0.707979
1032 1065 -1.30362
1032 1089 -1.85259
1032 1120 -0.586702
1032 1138 -6.56276
1033 1035 0.301455
1033 1055 -1.07329
1033 1059 -0.446974
1033 1074 -0.652519
1034 1040 -0.962998
1034 1041 -1.53281
1034 1069 -0.281601
1034 1087 -0.73126
1035 1059 -1.17305
1036 1041 -5.52556
1036 1064 -0.533685
1036 1070 -0.0466967
1036 1088 -0.44632
1037 1047 -1.02216
1037 1048 0.353043
1037 1078 -3.2393
1038 1058 0.00999896
1038 1063 2.97191
1038 1068 0.902923
1038 1083 0.0876301
1039 1077 2.02122
1039 1097 -8.64641
1039 1101 1.42403
1039 1130 -1.66155
1040 1087 0.0542405
1040 1097 -3.91844
1040 1102 -8.6582
1040 1111 -0.0147268
1040 1112 -0.00472042
1040 1134 -1.12464
1040 1140 -0.601089
1041 1069 -0.0815238
1041 1088 -8.85269
1042 1064 -0.491835
1042 1089 -0.280333
1042 1120 -1.62348
1043 1060 -1.88895
1043 1086 -5.36608
1043 1091 0.228131
1043 1115 -0.0284323
1044 1047 -0.636856
1044 1078 -1.06254
1044 1081 -3.10675
1045 1049 0.50672
1045 1079 -0.0323037
1045 1080 -0.00202384
1045 1094 1.25517
1045 1095 1.48315
1046 1050 0.195158
1046 1063 -0.0251675
1046 1073 1.30145
1046 1096 -0.058091
1046 1105 -0.627477
1046 1107 -0.0598726
1046 1118 -1.7571
1047 1078 -0.148121
1048 1075 0.0261046
1048 1078 -0.104499
1048 1098 -0.353819
1048 1109 -0.266227
1048 1144 0.0178465
1049 1066 1.01888
1049 1067 -1.18877
1049 1079 -2.18721
1049 1093 -1.04226
1049 1099 -0.38731
1052 1056 0.465497
1052 1082 0.0489504
1052 1084 0.583965
1053 1056 4.10262
1053 1061 0.709545
1053 1076 -0.248846
1053 1113 0.556753
1054 1138 3.84551
1055 1074 -1.98633
1056 1061 0.188102
1056 1084 6.12492
1056 1113 2.71175
1056 1145 2.67005
1056 1155 2.13145
1057 1071 -0.418426
1058 1068 0.0732511
1058 1080 -0.0102533
1058 1083 0.0585691
1059 1074 -0.772806
1059 1077 0.395156
1060 1091 -5.76763
1062 1071 -0.55042
1062 1076 -0.869533
1062 1103 -0.687271
1062 1104 -2.39156
1063 1068 0.315486
1063 1083 0.0587289
1063 1107 3.34946
1063 1118 0.0166888
1063 1164 -0.00522613
1064 1070 -1.8905
1064 1088 -0.298895
1064 1120 -1.11267
1064 1127 -8.9407e-08
1064 1138 6.94246
1064 1148 8.41448
1064 1153 -3.57445
1064 1183 -2.78039
1066 1079 -1.89168
1067 1072 -2.93164
1067 1093 0.0233459
1068 1083 0.102762
1068 1107 1.07922
1068 1139 0.141506
1069 1087 0.122501
1069 1088 -4.8442
1069 1106 0.0988748
1069 1112 0.586562
1069 1124 -0.271376
1069 1159 -1.57696
1070 1088 -0.165577
1071 1104 -1.00226
1071 1114 -5.13023
1072 1090 0.184861
1072 1093 -6.31386
1073 1105 -0.226696
1074 1077 -0.787951
1074 1100 -2.88993
1075 1109 0.00155501
1075 1144 0.00310999
1076 1103 -9.31933
1076 1113 -0.324007
1077 1100 0.78559
1077 1108 -3.8404
1077 1117 -0.483906
1077 1119 -0.179458
1077 1130 -1.21064
1078 1081 -0.652519
1078 1098 -1.4686
1078 1109 -1.14578
1079 1094 -2.85347
1079 1099 -3.5392
1080 1083 3.08079
1080 1095 -0.0140547
1080 1125 -7.2519
1081 1092 0.0168255
1081 1109 0.0450908
1081 1129 -0.0161053
1082 1084 2.71537
1083 1107 0.204646
1083 1125 -7.48804
1083 1139 0.109442
1084 1144 1.63988
1084 1145 0.136155
1084 1165 2.89595
1085 1096 -0.502161
1085 1110 -1.59013
1085 1121 -0.0555127
1086 1091 -0.55042
1086 1115 -2.64699
1087 1111 -0.132251
1087 1112 0.491115
1088 1124 -1.34772
1088 1148 -0.139077
1088 1159 0.63388
1088 1180 -0.842139
1089 1120 -5.2392
1090 1093 -1.10372
1090 1114 1.41469
1090 1187 0.0265171
1091 1115 -0.419475
1091 1131 -0.823718
1091 1141 -1.08817
1092 1109 1.04682
1092 1129 -1.28994
1092 1131 0.0264171
1093 1094 -1.63637
1093 1099 -6.1424
1093 1114 -2.36822
1093 1160 -13.5586
1093 1188 -0.669846
1094 1095 0.81228
1094 1099 1.14461
1094 1125 -3.33602
1094 1157 0.306937
1094 1169 -0.239013
1094 1174 3.79669e-09
1094 1188 0.47868
1095 1125 -2.04441
1096 1100 -0.0182877
1096 1105 -0.226982
1096 1110 -0.0250131
1096 1121 2.77035
1096 1122 -0.617197
1096 1133 0.107891
1096 1158 -4.02428
1097 1101 -0.0642787
1097 1102 -1.55971
1097 1123 -5.8893
1098 1109 -2.22758
1100 1110 0.0325474
1100 1116 -1.60294
1100 1117 -0.305845
1100 1122 0.0882127
1100 1133 -5.30934
1101 1123 -1.91493
1101 1130 -2.06181
1101 1136 -3.73241
1101 1137 -1.37165
1102 1123 -1.93132
1102 1134 -0.601089
1103 1104 -3.10675
1103 1113 -1.23738
1103 1132 -5.06956
1103 1156 -5.84872
1104 1114 1.17087
1104 1132 -1.03132
1104 1146 -0.512494
1105 1118 -0.0997779
1105 1121 -0.199556
1106 1112 0.0412696
1106 1124 -1.92998
1107 1118 0.333052
1107 1126 5.34708
1107 1135 0.0187287
1107 1139 3.69339
1107 1164 1.3453
1107 1166 -0.434773
1107 1182 1.03919
1107 1190 0.00750144
1108 1116 0.329769
1108 1117 0.00950773
1108 1119 -0.334878
1109 1129 -4.0399
1109 1131 0.0909349
1109 1144 2.38856
1109 1149 4.07409
1109 1154 2.81894
1110 1122 0.0391126
1111 1112 -0.189186
1111 1124 -1.42058
1111 1140 -2.47197
1112 1124 -3.23141
1113 1155 0.341663
1113 1156 2.33887
1114 1146 -0.512494
1114 1160 0.23013
1114 1173 -3.01573
1114 1187 0.0771048
1115 1128 -0.132481
1115 1131 0
1115 1141 3.4799
1116 1117 0.0190355
1116 1119 -0.196551
1116 1133 -0.402198
1116 1152 -2.52805
1116 1185 -4.43612
1118 1121 0.454622
1118 1126 0.0411171
1118 1135 0.0422129
1118 1150 -0.00797489
1118 1162 0.236714
1118 1164 -0.00886657
1118 1176 -1.93456
1119 1130 -1.15295
1119 1170 -2.94418
1119 1185 0.635286
1120 1138 -0.717971
1120 1153 2.43123
1120 1172 -0.886457
1121 1151 -3.30566
1121 1158 -1.08303
1121 1162 1.94799
1123 1134 1.18241
1123 1137 -0.943623
1123 1147 -0.929681
1123 1163 -2.52745
1123 1178 -4.75798
1123 1179 -0.886457
1124 1134 -0.982543
1124 1140 1.04226
1124 1148 -0.0333562
1124 1159 -6.02711
1124 1163 0.686301
1124 1171 0.0709755
1124 1179 -0.685963
1124 1180 -3.73849
1124 1193 0.277334
1124 1214 -0.0454496
1125 1139 -1.57696
1125 1157 -3.62197
1125 1161 -0.509804
1125 1166 -1.37454
1126 1135 0.0199127
1126 1164 -0.00411688
1128 1141 -0.518504
1129 1131 -0.0570727
1129 1141 -0.00372152
1129 1143 -0.00390592
1129 1154 -0.220468
1130 1136 -0.00778178
1130 1142 0.301087
1130 1170 0.638211
1130 1178 -3.39196
1131 1141 3.41131
1131 1143 -0.57979
1131 1154 0.0163124
1131 1168 0.141279
1131 1186 0.819791
1132 1146 -0.73105
1132 1156 -1.67706
1132 1173 -0.758016
1132 1181 -0.0116437
1133 1152 -0.453714
1133 1158 -2.74886
1133 1167 -1.52891
1134 1140 -2.19129
1134 1163 -2.71175
1135 1150 -0.00797489
1135 1164 -0.249472
1136 1137 -2.95693
1136 1142 -1.71965
1137 1142 0.275282
1137 1147 -0.438326
1137 1178 -1.87976
1138 1153 -0.402166
1138 1172 -11.336
1138 1183 -3.91844
1139 1166 -3.60853
1139 1182 1.82243
1139 1190 0.00575406
1141 1168 5.52912
1141 1186 2.09442
1141 1207 -8.35456
1141 1227 -0.400524
1142 1178 -1.3349
1144 1154 1.10372
1144 1165 1.39593
1145 1155 0.512826
1145 1165 0.272311
1146 1173 -4.14228
1147 1178 -4.81067
1148 1180 6.97472
1148 1193 -0.121611
1148 1199 -3.73241
1148 1214 2.14326
1148 1218 -1.60463
1148 1228 -1.78253
1150 1164 -0.353819
1150 1176 -0.402198
1151 1158 -0.00778178
1151 1162 -2.36822
1152 1167 -0.185413
1152 1184 0.0238132
1152 1185 -0.669846
1153 1172 -0.0700634
1153 1183 -0.242411
1154 1165 11.1918
1154 1186 7.55157
1154 1206 0.962998
1154 1207 -2.58569
1154 1220 1.63282
1154 1227 2.51994
1154 1232 5.6344
1155 1156 2.07934
1155 1165 2.02352
1155 1189 3.08484
1156 1181 0.0360117
1156 1189 0.283548
1156 1194 0.761092
1157 1161 0.442638
1157 1169 -0.988835
1157 1174 0.70477
1158 1162 -0.722094
1158 1167 -2.288
1158 1191 -1.52018
1160 1187 -0.107168
1160 1188 -1.44559
1161 1166 0.116778
1161 1174 0.367763
1161 1198 0.0114425
1162 1176 -0.862453
1162 1177 -2.6471
1162 1191 -1.81446
1162 1200 -3.36177
1163 1171 0.00297245
1163 1179 -8.78176
1164 1175 1.54979
1164 1176 3.34703
1164 1190 0.0428014
1164 1192 -0.164569
1164 1202 -0.0119167
1164 1203 -3.73241
1164 1209 1.10372
1164 1212 -1.00147
1165 1189 8.75203
1165 1194 3.66842
1165 1206 3.79062
1165 1219 0.0201241
1166 1174 0.0370411
1166 1182 -0.740695
1166 1190 0.185854
1166 1198 0.0480196
1167 1184 -0.0238132
1167 1191 -1.26207
1167 1196 -0.905358
1168 1186 3.57691
1169 1174 -1.67382
1169 1188 -0.203803
1170 1178 -10.9422
1170 1185 -2.85347
1170 1217 -2.27269
1170 1223 1.30083
1170 1225 -5.65613
1170 1230 -1.37165
1170 1233 -0.0473371
1171 1179 -0.0145985
1171 1193 0.941999
1171 1199 -3.39797
1171 1214 -0.000541099
1173 1181 -1.00226
1173 1187 -3.20605
1173 1221 -3.01573
1174 1188 0.19898
1174 1198 2.05421
1175 1190 0.0822816
1175 1192 -0.840606
1176 1200 -0.305845
1176 1203 -3.99418
1176 1212 0.924411
1177 1191 0.210145
1177 1195 -0.232959
1177 1200 -3.76091
1177 1201 -0.0223696
1177 1216 -2.18405
1178 1179 0.886457
1178 1204 -4.8442
1178 1205 -5.46424
1178 1211 -2.93164
1178 1217 1.34772
1179 1199 -6.23546
1179 1204 -1.14578
1179 1218 1.02216
1180 1193 -0.0572804
1181 1194 3.49761
1181 1219 -0.034079
1181 1221 -0.0577201
1182 1190 0.0057901
1184 1185 -2.02352
1184 1196 -1.69086
1185 1195 -0.77449
1185 1196 0.118834
1185 1201 -0.0700634
1185 1212 -0.500431
1185 1213 -7.96402
1185 1223 -5.54906
1185 1229 0.531558
1185 1231 -0.296696
1186 1197 3.45733
1186 1207 -2.22758
1186 1220 1.47101
1186 1227 2.51994
1187 1188 4.68388
1187 1221 10.1914
1188 1198 4.74624
1188 1208 2.78039
1189 1194 0.584206
1189 1219 0.0225127
1190 1192 -0.329132
1190 1198 4.02326
1190 1202 -1.40072
1190 1222 -2.41897
1190 1226 0.360418
1191 1195 -2.41045
1191 1196 -0.896737
1191 1210 -1.1766
1191 1213 -0.364978
1192 1202 -0.111907
1192 1209 -1.23588
1193 1199 -5.05765
1193 1214 -0.0287714
1193 1228 -1.53157
1194 1215 0.0110424
1194 1219 -0.00682883
1194 1221 -0.0371171
1195 1201 0.059028
1195 1213 -0.517023
1195 1216 -1.64052
1196 1213 -0.951174
1198 1208 6.45385
1198 1226 2.09031
1199 1218 -3.06201
1200 1201 -2.35444
1200 1212 -0.943623
1201 1212 -1.39593
1201 1216 -0.069584
1201 1229 -6.68721
1202 1209 1.328
1202 1222 -2.55835
1202 1226 -3.5066
1203 1212 -1.63834
1204 1205 -2.88215
1204 1218 -1.15564
1204 1224 -0.789314
1205 1211 -3.14724
1205 1224 -1.31729
1205 1225 0.0715944
1205 1233 -0.0129936
1207 1220 -3.91844
1207 1227 -3.20605
1209 1212 -0.0544849
1209 1226 -0.0621683
1209 1231 -1.12464
1210 1213 -1.15256
1211 1217 -2.74378
1211 1225 -0.734588
1212 1229 -4.23483
1212 1231 1.50743
1214 1228 -3.10675
1215 1219 3.12882
1217 1225 0.656557
1218 1224 0.878565
1219 1221 2.74706
1222 1226 -5.319
1223 1230 -1.756
1224 1225 -0.150054
1224 1233 0.557909
1225 1233 -0.0723854
