MULTICUT
0 1 1.22967
0 2 -16.0008
0 3 0.619139
0 4 -3.44284
0 5 -0.830552
0 6 2.5509
0 8 3.90772
0 9 0.492515
0 13 2.04644
0 16 -18.9687
0 23 0.670546
0 24 2.58039
0 25 0.670546
0 27 -1.21438
0 28 1.58326
0 29 3.33289
0 30 0.173412
0 32 -0.057645
0 33 3.0535
0 34 2.1526
0 35 -0.609569
0 37 1.9398
0 38 0.366867
0 40 -1.81446
0 45 -4.8442
0 46 -11.0747
0 48 -5.53733
0 49 -5.53733
0 52 -15.9189
0 53 -15.5108
0 62 -5.53733
1 2 -1.75609
1 5 -0.304434
1 34 0.13732
1 38 0.106831
2 6 -4.14515
2 7 -11.0747
2 8 -3.57445
2 10 -2.58569
2 11 -0.116857
2 16 1.98633
2 17 -6.92555
3 4 -0.0742032
3 5 -0.125714
3 34 0.0535195
3 38 0.0419072
4 5 0.0264906
5 6 -0.0815711
5 8 -0.209504
5 9 -0.081571
5 13 -0.081571
5 23 -0.081571
5 24 -0.0815711
5 25 -0.081571
5 28 -0.0815711
5 29 -0.130652
5 30 -0.0962108
5 33 -0.163186
5 34 -0.37341
5 37 -0.0815711
5 38 -0.255174
6 8 2.03217
6 34 0.0567844
6 38 0.0366052
7 8 -13.7164
7 10 -8.16853
7 12 -9.26088
8 9 1.27742
8 12 -0.386023
8 34 0.105249
8 37 2.16587
8 38 0.109267
9 34 0.0731178
9 37 0.690425
9 38 0.0453217
10 11 -2.14198
10 12 -1.84714
11 12 -2.27269
11 14 -6.3687
11 17 -1.98633
12 14 -3.89648
12 15 -4.41321
12 18 -1.72077
12 37 -4.03666
13 16 -4.43612
13 34 0.0433111
13 38 0.0358383
14 17 -12.5172
14 18 -3.91844
14 21 -3.91844
14 22 1.52308
14 37 -7.71961
15 37 3.01573
16 17 -4.43612
16 20 -9.97346
16 26 -15.2257
16 38 -7.71961
16 40 1.26542
17 19 4.59319
17 20 3.73241
17 21 4.14773
17 26 1.91493
18 37 1.88061
19 21 1.25517
20 26 6.50179
21 22 -15.7558
21 26 2.06181
22 26 -4.43612
22 31 1.57696
22 37 -16.0418
22 39 -1.02216
23 34 0.0433111
23 38 0.0358383
24 34 0.0433111
24 38 0.0358383
25 34 0.0433111
25 38 0.0358383
26 31 -15.329
26 40 -5.53733
26 41 -16.4412
26 43 7.52828
26 44 -3.01573
26 47 5.4495
26 66 5.11699
26 89 2.78039
26 107 -18.9534
26 114 2.71175
26 120 -1.88061
26 124 0.0544848
26 162 -4.43612
26 211 -1.18889
27 29 -0.89676
28 34 0.0433111
28 35 -0.304412
28 38 0.0358383
29 32 -2.43481
29 34 0.102944
29 35 -0.240969
29 38 0.0610367
30 34 0.094732
30 38 0.0358383
31 37 -3.10675
31 39 -9.95185
31 41 1.91493
33 34 0.14765
33 38 0.0610367
34 37 0.0599333
34 38 0.491294
34 48 -11.0747
34 49 -10.3815
36 37 2.78039
37 38 0.0626228
37 39 -2.98899
37 41 -3.43706
37 42 1.36705
37 44 -0.849093
37 63 -21.4562
37 64 -5.53733
37 69 -11.0747
37 70 -5.53733
37 73 -11.0747
38 40 -4.49549
40 43 -7.3555
40 47 -14.5472
40 53 -8.87224
40 62 -5.53733
40 103 0.177631
41 44 -15.5331
41 65 1.6005
41 66 -3.57445
43 47 5.56522
44 63 -11.0747
44 65 -7.91067
44 98 -11.0747
44 107 -0.251732
45 46 3.42538
45 48 2.18405
45 58 1.31276
45 61 5.99369
46 51 7.56186
46 59 4.53881
46 61 2.02352
47 89 3.06251
47 103 -0.177631
47 120 -4.14515
48 49 6.57078
48 50 1.40241
48 54 -0.0793941
48 57 2.20048
48 58 2.06181
48 67 3.78918
48 80 0.383086
49 52 1.72077
49 55 7.65581
49 57 9.82015
49 78 4.7031
49 80 0.337785
50 54 -7.94729e-08
50 58 0.312474
50 61 0.123832
50 67 6.18752
50 86 -0.6839
51 59 6.86686
51 87 1.37165
52 55 0.226632
52 56 1.32411
52 62 2.93164
52 72 1.88061
52 74 5.02376
53 60 4.16251
53 62 3.37095
54 67 -0.158788
55 56 1.02901
55 74 2.6296
55 78 0.659335
56 72 0.668602
56 74 0.196626
57 80 7.3761
58 61 2.41897
59 61 1.44559
59 75 7.92844
59 87 8.95544
59 101 1.98633
60 62 0.17046
61 75 6.48139
61 86 -0.49421
61 101 1.11124
62 74 10.2998
62 84 2.64699
62 91 2.93164
62 95 -0.0163391
62 102 1.95015
62 103 -9.28032
62 117 1.47101
63 64 2.27269
63 68 3.79555
63 70 1.72077
63 71 3.39446
63 83 4.83105
63 94 2.18405
63 98 1.82224
63 99 10.6126
67 79 5.33888
67 80 1.60463
67 86 -0.70553
67 97 8.40601
67 101 2.71175
67 105 2.27269
67 110 0.16527
67 111 0.0634838
69 70 5.67801
69 73 2.99862
69 76 0.195158
69 77 7.51129
69 88 2.10127
70 71 4.42591
70 77 0.0725428
70 81 3.57228
70 93 0.0822441
70 99 1.51736
70 106 0.255322
70 109 2.76795
71 99 5.30784
72 74 0.53327
73 76 1.20523
73 88 2.37933
73 92 -6.22145
74 78 4.6836
74 82 3.01573
74 85 1.19121
74 90 14.4874
74 91 1.47101
74 100 5.43469
74 102 2.18405
74 103 -8.55306
74 104 4.92118
74 108 3.31815
74 115 2.09709
74 117 1.91493
74 137 11.5886
74 143 5.19237
74 145 2.42844
74 166 -8.57661
74 172 -3.57445
75 101 5.85602
77 88 6.81581
77 93 0.00926078
77 109 2.37565
77 116 5.48978
77 121 1.43244
77 125 1.64198
77 144 -0.186975
78 80 6.69388
78 85 0.953173
78 96 -1.25484
78 104 1.60538
80 96 -0.618144
80 104 7.82744
80 105 3.57445
85 90 1.18877
86 101 -2.95705
87 101 4.68034
88 92 -3.73241
88 116 6.97161
88 133 0.323236
93 109 0.129306
94 98 2.02352
94 99 3.15029
96 104 -0.343626
97 105 6.7805
97 110 0.082635
97 111 3.81579
97 141 3.62377
97 154 -3.20605
98 99 5.7958
98 107 -21.4562
98 126 1.90435
98 128 0.12551
98 129 3.12317
98 132 -5.53733
98 146 6.63372
98 153 3.07667
98 182 2.52745
98 208 1.55738
98 215 0.0361529
98 216 11.3329
98 217 1.84149
98 234 0.0254567
99 106 0.354856
99 109 6.27948
99 126 1.97373
99 128 0.12551
99 129 1.75131
99 139 0.83062
99 140 3.46034
99 146 2.41897
99 161 0.83953
99 163 0.0856502
101 111 3.10675
101 113 2.52801
101 118 2.60288
101 119 5.61793
101 148 5.03752
103 120 -6.62673
103 137 -5.53733
103 142 -0.905358
103 157 -4.8126
103 164 -0.867703
103 165 1.34671
103 171 3.01573
103 176 -8.58127
103 193 -10.8586
103 209 0.81228
103 214 -3.21229
103 246 2.71175
103 247 0.0856502
103 248 -3.91844
103 249 -4.14515
104 105 8.13866
104 112 2.9172
104 131 4.27017
104 145 1.16715
104 150 2.11497
104 151 0.0259917
105 111 2.94192
105 127 2.90953
105 130 4.68696
105 131 6.55617
105 134 9.96619
105 138 0.917818
105 141 2.74595
105 150 2.51516
105 151 -0.00945607
105 154 -10.6741
105 170 6.87971
105 175 3.44345
105 178 6.06031
105 180 0.303597
105 183 1.93187
105 189 2.594
105 196 1.4256
105 198 2.39924
105 205 0.67172
105 213 1.00913
106 109 4.24137
107 114 -3.20605
107 132 -0.849093
107 173 -4.65302
107 182 -5.53733
107 211 1.45032
107 216 -4.43612
109 122 7.33902
109 123 4.89567
109 125 2.20755
109 139 1.91493
109 144 -0.187002
109 149 8.26777
109 155 6.46544
109 161 1.37165
109 167 3.44217
110 111 0.107817
111 113 1.97074
111 119 3.40846
111 135 2.25493
111 138 0.420349
111 154 -2.27269
111 198 0.217191
113 119 1.96477
116 121 1.42058
116 125 0.485214
116 133 0.323236
116 136 5.42627
116 144 -0.26704
116 152 4.6714
116 158 0.299587
116 159 5.49757
116 160 1.84714
118 148 0.386023
119 135 0.584119
119 138 8.27974
119 147 1.49584
119 148 1.72077
120 124 -17.3412
120 142 -10.3815
120 164 -1.69086
124 162 -11.8579
124 164 -1.9508
124 174 -5.53733
124 197 -0.56723
124 214 0.374542
124 218 -4.43612
124 222 0.956375
124 242 -1.78253
125 144 -0.26016
126 129 3.20646
129 140 2.36822
129 146 6.74545
131 150 0.200031
131 151 0.162548
137 165 -7.65085
137 166 -9.28032
137 171 -1.69086
138 147 9.03898
138 148 1.4135
138 170 4.2751
138 180 0.378447
138 181 -0.150021
138 185 0.0103648
138 189 1.65315
138 195 0.22348
138 198 0.250526
140 146 5.38092
141 154 -3.43706
143 145 4.17186
143 150 8.58708
143 169 8.38739
143 171 -8.41866
143 172 -2.36822
143 177 2.48911
143 178 0.0856502
143 179 2.18652
144 149 -0.495287
144 152 -0.202331
145 150 0.758015
146 161 0.176326
146 163 6.11584
146 191 1.40088
146 207 2.7756
146 208 0.414454
146 215 0.0361472
146 217 1.91827
147 148 0.932424
147 185 0.00673183
148 156 2.87779
148 181 -0.704775
148 185 0.0665511
148 189 0.353563
148 195 0.334801
149 152 3.00965
149 155 0.635286
149 160 1.32411
149 161 3.01573
149 167 3.06407
149 168 2.06181
149 186 0.038913
149 190 4.8398
150 151 -0.0477339
150 178 0.867703
152 160 3.5803
152 168 2.12528
155 161 7.00948
157 164 -0.81228
157 174 -4.8442
157 199 -0.775982
157 204 -4.14515
157 209 -2.85347
158 159 0.599174
159 160 6.22177
159 187 -0.266487
159 188 0.748325
159 192 1.67921
160 168 4.50027
160 184 7.40883
160 188 1.51085
160 190 2.49217
161 163 4.57126
161 186 1.05644
161 191 2.93862
161 207 0.561462
162 197 -2.47197
162 211 -5.53733
162 232 -1.78253
164 174 -1.63282
165 171 0.905357
165 176 -15.4904
166 171 3.24766
166 172 -0.0503292
169 171 -4.8442
169 177 3.43706
170 180 0.412675
170 198 0.303689
171 172 -0.826311
171 176 -3.91844
171 177 -10.3815
171 193 -9.68841
171 235 -6.54381
171 247 3.49482
171 248 -2.47197
171 251 2.85347
171 257 3.10675
171 277 -3.91844
171 283 -19.6506
171 284 -5.53733
171 309 -5.53733
171 341 3.4021
171 346 -0.346551
171 347 -3.91844
171 353 -1.56122
174 199 -1.12464
174 214 -1.88061
175 178 2.10127
176 193 1.48401
177 179 3.59927
177 200 2.09407
177 205 2.31952
177 230 -1.98633
177 235 1.49683
177 251 -4.43612
178 179 4.6354
178 198 1.60463
178 205 2.10127
179 200 1.7828
179 205 2.3099
179 212 0.06436
180 189 0.837676
180 198 0.0864973
181 185 -0.0261302
181 189 -0.85473
181 195 -0.0634518
183 198 0.0883095
184 188 0.704796
184 190 6.27182
184 192 3.43706
184 210 2.93164
184 224 3.56554
184 228 0.0485863
184 229 -4.2511
184 240 3.10675
184 244 6.33895
184 254 1.60185
184 270 -3.16943
184 272 0.0725744
184 273 0.110212
184 276 0.345228
184 280 4.08245
184 282 0.267864
184 287 6.05274
184 298 1.52316
184 302 0.00528296
184 307 -2.36822
184 308 0.00739694
184 312 -0.176195
184 314 -0.31333
185 189 0.013952
185 195 0.0138824
186 190 3.02334
186 191 -5.96046e-08
186 194 5.14697
187 188 -0.186142
187 192 -1.28999
188 192 1.78334
189 195 4.99634
189 198 0.140656
189 202 2.82969
189 206 -1.83427
189 213 6.60082
189 223 6.93015
189 231 2.10418
190 194 6.20933
190 201 5.15464
190 203 2.27733
190 220 -6.47417
190 229 -3.90126
190 237 5.60157
190 240 2.85347
191 194 1.90151
191 207 0.853627
191 220 -2.3581
192 210 4.23445
192 221 3.87101
192 228 2.46721
192 233 -1.18877
194 220 -6.58119
195 202 0.228545
195 206 -1.9133
195 231 0.11616
195 236 2.88299
196 198 0.191377
197 218 -1.21064
197 232 -0.451047
197 239 -0.132481
198 205 4.32842
198 213 0.34724
199 204 -0.652519
199 214 0.305845
200 205 4.54708
200 212 0.0766848
204 209 -11.0747
204 214 -10.2235
205 212 0.0348139
205 213 7.94444
205 223 3.10675
205 225 3.57664
205 227 2.10127
205 230 -11.0747
205 243 -0.0623719
205 245 0.0927507
205 250 5.781
205 252 3.04488
207 217 0.836489
207 220 -0.981427
207 237 0.315449
207 238 0.110231
207 241 0.323744
208 215 0.0361499
208 217 1.06362
209 214 -0.258219
210 224 1.30083
211 216 -5.53733
211 219 -1.43392
211 232 0.011673
213 223 4.27089
213 227 1.69086
214 222 0.490865
214 226 -21.8948
214 246 -1.27785
215 217 0.2169
216 219 -5.53733
216 234 0.12265
216 254 3.31932
217 234 0.856076
217 238 3.12675
217 241 3.17841
217 254 2.18405
218 219 -7.3555
218 239 -2.36822
218 242 -5.38607
218 256 -6.63072
219 232 -2.45114
219 239 1.57696
219 254 -5.53733
219 256 -8.22198
219 288 1.6531
219 295 -1.86304
219 296 0.452235
219 313 -22.1493
220 237 -5.22627
221 228 2.25555
221 233 -0.289934
222 226 -22.6776
222 242 -4.74906
222 246 -1.59315
222 261 -15.2257
222 278 -8.86662
222 288 -7.67842
223 231 1.63282
223 236 8.05179
223 252 2.93164
223 253 7.4929
223 264 1.95015
223 267 0.722426
223 271 1.43048
224 228 1.76768
224 244 1.65371
225 243 -1.68808
225 245 0.0318137
228 233 -2.52745
228 244 1.04659
228 262 -0.369897
228 263 -5.98756
228 269 0.0299629
228 272 0.102923
228 273 0.0326993
229 240 -1.66155
230 235 -13.3079
230 243 -1.21064
231 236 2.41897
232 239 -2.64699
234 254 0.2453
235 243 0.022217
235 245 0.57294
235 250 1.82711
235 251 -5.53733
235 259 6.99589
235 260 2.03872
235 265 3.82091
235 284 8.68722
235 293 1.52308
236 255 6.31809
236 266 2.76622
236 268 -0.111204
236 271 0.210882
236 275 8.25048
237 238 2.81196
237 240 1.08303
237 254 11.4669
238 241 1.72324
238 254 2.94935
240 254 5.73349
240 270 -6.10249
242 256 -0.962998
242 261 -2.25018
242 288 -4.43612
243 245 -0.116343
243 250 -0.0656496
244 272 0.0613789
244 273 0.0824357
245 250 1.5525
246 248 -21.9962
246 283 -7.31617
246 288 -0.023346
246 342 -3.31536
246 346 2.28174
247 248 -8.18455
247 249 -2.85347
248 249 2.85347
248 277 -0.558894
248 283 3.4769
250 252 0.195158
250 258 5.06532
250 265 2.34133
250 267 2.58048
252 258 2.02352
252 267 5.65516
253 264 3.72939
253 267 3.43706
253 271 2.44016
253 275 4.70453
253 281 4.01113
253 285 5.68052
253 292 7.63352
254 270 -2.84307
254 274 3.30228
254 279 1.90731
254 280 3.93792
254 290 0.870269
254 302 0.165494
254 308 0.00233685
254 313 3.57445
256 288 -1.81087
257 283 -3.57445
258 267 6.03145
261 278 -0.321795
262 263 -1.64171
262 269 4.21131
262 289 0.174141
262 297 -0.0439
263 269 -0.417647
265 267 4.86514
265 286 0.0856502
265 293 2.31952
266 268 -0.410955
266 275 1.13335
266 301 0.100314
266 329 0.0523098
267 285 8.84964
267 286 1.20429
267 293 2.10127
268 275 -0.102644
269 272 1.88357
269 282 2.43711
269 289 0.0863412
269 297 0.41271
269 304 -2.41897
269 305 -12.7264
269 306 -7.67932
270 280 -0.250706
271 275 0.924411
272 273 0.749827
272 276 0.0567867
272 282 0.893114
272 287 0.0605689
273 276 0.0728821
273 282 0.144409
273 287 0.0449934
274 279 5.36974
274 291 8.92477
274 313 3.43706
275 292 3.76463
275 301 5.92071
275 329 0.0880413
276 282 0.212148
276 287 1.38926
277 283 -1.10659
279 290 1.28891
279 291 1.84714
279 294 0.747282
279 299 -0.118156
279 300 -1.14578
280 302 0.0809001
280 308 0.00241861
282 287 1.84072
282 304 -3.04892
282 307 -0.0531763
282 310 0.154285
283 346 -4.8442
284 293 2.31952
284 303 8.70832
284 309 1.73438
285 292 5.86825
285 293 6.17087
285 315 4.84665
285 319 4.45986
286 293 0.618144
287 307 -3.44728
288 296 0.422495
288 313 -33.7933
288 340 -9.68841
288 342 -5.53733
289 297 -0.602815
290 300 -2.02352
290 302 0.0488021
291 299 -0.369897
291 313 5.17361
292 301 8.86092
292 315 4.56488
292 319 3.89194
292 320 3.05093
292 327 3.72513
292 330 1.42428
292 339 1.52407
293 303 3.77943
293 319 2.97677
294 299 -0.235928
294 300 -2.7074
294 302 0.22166
294 308 -0.0213921
294 313 2.1857
294 317 1.45909
294 318 -1.14578
295 296 -0.128301
296 313 -7.36776
297 306 -3.8221
298 308 -0.0263352
298 312 -0.127476
298 314 -0.502867
298 317 0.927566
299 313 -0.86467
300 302 -0.0700634
301 311 2.1162
301 327 2.53434
301 329 0.996241
301 331 0.529304
301 388 -0.00238166
302 308 0.036536
302 312 -0.0281493
302 314 -0.0265006
302 317 0.00185949
303 309 3.31536
303 319 1.34772
304 305 1.59096
304 307 0.543558
304 310 -0.152293
304 322 -2.39565
305 306 0.276847
305 322 -7.62877
305 324 -1.6498
306 321 0.988489
306 324 -1.90314
306 343 -0.258219
307 312 -0.305786
307 322 -1.65394
308 317 -0.0427842
309 319 7.80584
309 347 3.5327
311 329 0.0838962
312 314 0.0221755
312 316 2.75144
312 317 -0.234716
312 322 5.33046
312 333 0.947365
312 350 1.63634
312 352 1.2815
312 359 0.151115
313 318 -1.89298
313 323 -2.31952
313 325 0.023651
313 326 1.72683
313 328 -0.000548027
313 332 -0.00103139
313 334 -0.341474
313 338 0.266015
313 340 3.31536
313 349 3.80636
314 317 -0.641866
315 319 1.59177
317 318 -1.05968
317 323 -1.00226
317 326 3.55627
317 328 2.52745
317 332 0.108345
317 333 0.848894
317 335 7.75461
317 345 9.05086
317 351 2.41897
317 362 3.08209
317 365 8.10898
317 371 5.52556
317 373 0.722426
317 375 -1.98633
317 376 3.57445
317 383 7.89178
318 323 -0.116857
319 339 0.471464
319 347 2.22502
319 357 3.01497
319 361 2.02352
319 370 2.41897
319 377 2.80164
320 330 2.12574
321 324 -0.139664
321 343 -0.56194
322 324 0.726835
322 337 9.53315
322 343 2.92929
322 344 4.73789
322 348 2.85347
322 350 0.0550559
322 354 3.6745
322 355 0.244435
322 359 -0.0699751
323 326 -0.00778178
324 343 0.853751
325 326 0.0473019
325 328 0.05368
325 332 0.00208681
325 334 -0.00261384
326 328 0.122315
326 332 0.0365865
326 334 0.000427806
327 329 0.0854752
327 331 4.38718
327 339 1.09508
327 388 -0.00476332
328 334 -0.178775
328 338 0.0580602
328 362 1.03157
328 363 1.3056
329 331 5.53711
329 336 2.03048
329 358 0.531525
329 388 -0.00476332
331 336 0.533685
331 339 3.59118
331 357 0.348843
331 358 1.24281
331 366 2.58848
331 368 12.2047
331 382 -0.0332754
331 384 6.66132
331 388 -0.0356406
331 412 5.71741
331 414 -1.75131
333 345 0.764868
333 359 1.21871
334 338 -0.209504
334 349 -0.522123
334 363 -0.451939
336 358 6.21651
336 368 2.93164
337 344 7.85784
337 355 0.677356
337 359 0.615928
338 349 1.60947
338 363 0.188054
339 357 4.39189
339 388 0.102753
340 342 3.60095
340 346 -5.53733
340 349 3.7393
340 378 0.649859
341 346 -0.418426
341 353 0
342 346 -4.14515
343 344 2.84537
343 348 0.483906
343 354 1.18251
343 356 1.7133
343 372 3.65463
343 374 -0.0503743
344 348 6.54381
344 355 2.36822
344 367 3.10675
344 374 -0.0540276
344 381 5.86779
345 351 4.46306
345 355 3.10675
345 359 3.01573
345 369 -3.28547
345 373 4.88578
345 376 -0.0183146
345 383 -0.0542742
345 387 0.0927873
345 401 -0.370419
346 347 -11.8694
346 353 -3.22591
346 377 -3.2815
346 378 -8.76265
346 386 -4.8442
346 393 -5.53733
346 394 -4.8442
346 406 -0.385922
346 416 -0.00886059
346 422 -4.8442
346 424 -0.00354327
346 434 -2.27269
346 453 -2.06181
346 459 -5.53733
346 483 -4.43612
346 484 -5.53733
347 353 -5.53733
347 377 4.60433
349 360 4.14598
349 363 2.35501
349 371 7.53679
349 378 0.232545
349 386 1.24343
349 391 0.441987
349 393 5.40214
350 352 0.655598
350 359 -1.36665
352 359 -0.803911
355 359 3.31423
355 364 1.92337
355 367 2.85347
355 369 -1.34772
355 381 0.575462
355 385 -1.98449
355 392 3.66575
355 395 4.49793
355 401 -0.511341
357 370 8.12143
357 382 3.62184
357 388 0.145223
358 388 -0.00238166
359 364 1.36686
359 369 -5.93803
361 377 0.038913
362 363 0.404967
362 371 1.72346
363 371 2.71175
365 375 -3.51781
365 380 1.75131
365 383 10.2471
366 382 -0.0268219
366 388 -0.0646416
367 381 2.10127
367 385 -0.584119
368 384 0.369897
368 388 -0.00238166
370 377 2.78039
370 382 5.24187
370 399 1.98546
370 417 0.308448
370 424 -0.1443
371 383 6.69768
371 393 0.635286
371 396 2.30718
371 404 -0.238754
372 374 -0.0454264
372 381 3.15843
372 389 4.31451
372 390 2.29043
372 397 -8.35456
373 376 2.26015
373 379 1.82112
373 383 -0.113883
373 387 0.709465
374 381 -0.0981592
375 383 -5.75497
376 379 0.940459
376 383 8.71671
376 387 -0.19084
376 402 -0.667479
377 399 0.116673
377 406 6.28267
377 416 0.00124145
377 424 0.03754
378 386 2.36822
379 387 0.0275361
380 383 1.14578
381 385 -2.71175
381 395 3.74645
381 397 -15.1805
382 388 3.69486
382 399 0.977162
382 418 0.439238
383 387 -0.494556
383 398 8.57406
383 401 -0.0128138
383 402 -0.667479
383 403 14.4804
383 404 -0.0693573
383 409 0.176479
383 411 2.78039
383 413 5.45127
383 415 12.2686
383 423 5.10406
383 435 -3.10675
383 443 10.6959
383 446 -0.172043
383 447 1.43448
383 462 -2.78039
384 388 -0.00238166
386 393 1.7168
386 394 3.55116
388 412 -0.00470547
388 414 0.0603703
388 418 0.56004
389 390 1.87978
389 397 -4.14515
389 400 -4.24849
391 393 0.934724
393 394 10.082
393 396 2.78039
393 405 5.1891
393 407 5.32577
393 421 1.78253
393 422 10.2208
393 426 -0.677635
393 429 2.85347
395 397 -2.06181
395 401 -0.150839
395 408 3.54891
395 427 -0.200737
395 428 0.0540967
396 404 -0.47006
396 415 1.52986
396 422 0.34489
397 400 -1.82801
397 408 -1.07956
397 410 -6.10313
397 419 -2.85347
399 406 0.0904596
399 417 0.72626
399 418 2.00748
399 420 -0.16787
399 424 -0.852553
399 434 -0.000592146
400 419 -5.63006
400 430 -3.43706
401 409 -0.128754
401 413 -0.0772342
401 427 -0.13789
401 428 -0.0347629
404 415 -1.77424
405 422 1.24794
405 426 -0.338813
406 416 0.0796467
406 424 0.0365868
408 410 3.04847
408 427 -0.545944
408 433 -2.22758
409 413 4.72787
409 427 0.204403
409 428 1.60993
410 419 6.49358
410 433 -6.75241
411 413 4.59715
412 414 -1.71757
412 425 -1.19251
412 432 6.4446
412 450 -0.0354721
412 451 -0.00711437
413 428 3.15723
413 437 2.55775
413 440 0.282768
413 441 5.45909
413 446 -0.645342
413 452 0.472808
413 461 0.188577
413 465 0.190236
413 466 4.1058
414 418 2.79525
414 432 -8.2903
415 422 6.75643
415 435 -7.95095
415 436 -3.20605
416 424 1.12508
416 434 -5.49214
417 418 0.123842
417 420 -0.0507218
417 424 -0.48257
417 434 -0.00954358
417 442 -0.193069
418 432 -14.3174
418 442 -7.14899
419 430 -0.59082
419 433 -7.16946
420 424 -0.161693
421 422 0.500431
422 426 -0.338833
422 429 3.10675
422 431 0.955216
422 436 -7.58221
422 439 2.8509
422 449 -3.9807
422 453 -3.01573
422 470 0.447959
422 472 -0.81228
422 473 3.85898
424 434 -1.61968
427 428 2.90789
427 433 2.89379
427 438 0.223019
427 440 0.267981
427 448 2.17125
427 466 0.013386
427 476 0.0247554
428 437 1.72006
428 438 0.732208
430 433 2.65667
432 442 2.36822
432 445 3.26022
432 450 -1.81018
432 451 -0.0821376
432 456 3.7966
432 457 4.5321
432 460 0.4527
432 479 -2.27269
432 491 0.104288
432 494 2.21037
433 448 1.837
433 476 -5.9887
433 477 -6.16014
434 442 0.206895
434 444 0.153606
434 454 4.23244
434 455 0.0210544
434 458 3.04583
434 459 0.773575
434 464 0.890536
434 474 -0.221916
434 478 0.196113
435 436 5.79775
435 443 -3.73241
435 462 3.73241
435 463 -6.29327
435 468 -1.78885
435 469 -0.962801
435 480 1.75131
435 490 5.00465
435 495 1.60463
435 498 -3.91844
435 512 -5.71874
435 513 -16.6525
436 439 -0.242964
436 463 -5.33502
436 469 -7.29941
437 438 0.624272
437 440 1.02305
438 440 4.29962
439 449 -4.32597
439 469 -0.124857
439 480 -1.39302
440 448 1.51283
440 465 1.61868
440 466 1.14212
440 492 -0.0327769
440 501 0.052205
442 444 0.535416
442 455 0.0210612
442 456 4.56655
442 458 6.47609
443 446 0.198665
443 447 4.46059
443 461 2.18687
443 462 -2.06181
443 467 0.0391597
443 468 0.687271
443 489 -9.99656
443 495 -10.3464
444 455 0.102473
444 458 7.69417
445 450 -0.00685783
446 447 0.0965316
446 452 -0.274207
446 461 0.605137
446 466 -0.296558
446 467 0.0354788
448 466 0.170332
448 476 0.157409
448 492 -0.108879
448 501 0.00152232
448 504 0.00215233
449 473 -4.15075
449 480 1.11835
449 498 -6.44416
450 451 0.665259
450 457 -0.0379993
450 460 -0.0121841
450 491 -0.0126664
450 494 -0.0842407
451 475 0.557469
451 494 -0.142552
452 461 0.322383
452 466 1.42693
452 467 0.179897
453 470 -0.131502
453 483 -0.907228
454 464 4.36979
454 474 -0.109354
455 458 0.16722
456 457 3.04759
456 458 2.78039
456 486 -2.18405
456 493 -0.377799
457 479 -6.15164
457 491 1.59427
457 493 -0.759022
457 494 1.31274
457 502 2.44442
458 464 10.7653
458 471 2.14992
458 485 2.90717
458 486 -0.974116
458 496 3.0137
458 506 0.18234
458 508 0.855064
458 511 3.44068
459 464 0.641176
459 474 -0.0391729
459 478 0.785058
459 484 1.52308
459 487 -3.73241
459 488 0.0792274
459 500 5.27406
461 466 8.81444
461 467 0.139676
461 489 -3.57445
461 507 -5.47873
461 510 -1.08664
464 474 -0.688738
464 478 0.0566825
464 500 0.603885
464 508 1.04505
464 511 3.57445
464 515 -0.498861
465 466 0.761188
466 467 0.101042
466 481 -0.368544
466 482 -1.51778
466 492 -1.85044
466 497 8.30569
466 501 0.956302
466 504 2.31167
466 507 -2.39884
466 509 0.049254
466 510 -1.3055
468 495 -1.37165
469 480 -2.80164
470 473 0.560319
470 483 0.527349
472 473 -2.32011
473 483 4.25261
473 484 0.105434
473 498 9.601
473 499 2.67442
473 500 0.0700632
473 505 11.6908
474 478 -0.128479
475 494 -0.622891
476 477 2.91551
476 492 3.07185
476 504 -0.200976
477 492 0.950568
477 504 -4.08213
480 498 -13.8518
481 482 -0.715738
481 497 -0.0491387
481 501 -0.0355692
481 509 -0.148914
483 484 0.418334
483 505 0.922423
484 487 -2.29179
484 500 0.321795
484 505 2.78351
486 493 0.148121
486 496 -0.400378
486 502 -2.24374
486 506 -1.55232
487 488 -1.98633
487 500 -7.71961
488 500 0.632299
489 495 4.10993
489 507 5.26005
489 512 -1.00226
491 494 0.787384
491 502 0.944211
492 504 -2.37535
492 514 -0.336114
493 502 -1.72649
495 512 -3.20605
496 506 0.685612
496 511 1.95947
497 501 0.318115
498 503 -2.70921
498 513 4.43612
498 517 2.64699
500 505 1.02216
500 511 1.78253
501 504 0.0331591
501 509 0.0167972
502 506 6.65103
504 514 4.24587
506 511 0.174573
507 510 1.02216
508 511 2.07677
508 515 -0.541205
511 515 -0.665347
512 513 3.43706
512 516 -1.02216
513 516 -4.08052
513 517 2.71175
