MULTICUT
0 1 -9.73582
0 2 -1.39593
0 3 -8.03914
0 4 -3.99346
0 5 -16.0681
0 6 -4.14515
0 92 0.195158
1 3 2.57811
1 5 0.24612
2 3 -13.94
2 7 2.47197
2 8 2.85347
2 15 0.905357
2 18 -14.9931
2 20 -3.73241
2 21 -4.43612
2 22 -5.53733
3 5 0.83872
3 7 -1.72077
3 8 -16.612
3 11 -10.3815
4 5 3.91844
4 9 -3.37124
4 10 -0.353819
4 12 -6.60256
4 92 -7.87756
5 6 7.2519
5 9 -20.5551
5 11 -5.53733
8 11 1.44559
8 17 -9.45578
8 19 -6.42793
8 21 -21.4562
8 22 -4.43612
9 10 -0.0141561
9 11 -0.849093
9 12 -0.0340176
9 13 -0.629866
9 14 -0.100541
9 16 -0.0544849
9 17 -2.61682
10 12 0.958537
10 14 1.79145
10 17 3.40124
10 42 -0.0979312
10 92 -13.0174
11 17 -3.91844
12 14 0.0489237
12 17 0.0326158
12 42 -0.0163079
13 17 2.42952
13 42 -0.0979312
14 17 0.169041
14 42 -0.0845203
15 20 -6.66405
15 21 -3.91844
16 17 3.47652
16 42 -0.0979312
17 19 2.08612
17 31 -3.56791
17 34 -3.45451
17 35 0.703179
17 37 -6.5128
17 38 -3.48519
17 40 -2.86316
17 41 -2.85347
17 42 -1.70098
17 43 -4.44256
17 44 -3.91844
17 45 -3.00356
17 46 0.784223
17 47 -1.84714
17 49 0.146081
17 50 -0.948952
17 51 -16.6402
17 52 -9.97346
17 92 -4.14515
18 20 5.85188
18 21 3.30117
18 23 0.478048
18 24 4.51289
18 25 2.37444
18 26 0.104047
18 30 -6.70881
19 21 2.36822
19 27 -0.451047
19 31 -0.467445
19 39 -4.12362
19 42 -0.0979312
20 21 2.92698
20 26 0.0612447
21 22 2.14198
21 26 0.0712431
21 27 -4.20524
21 32 -8.9407e-08
21 33 -3.55765e-07
21 39 -3.43706
23 24 0.372996
23 28 -3.62435
23 29 -6.02711
24 28 -3.62892
24 30 -15.3294
25 30 -9.44629
26 30 -0.982543
26 32 -0.41553
26 33 -0.0568662
26 36 0.504977
26 39 -1.78159
27 39 -3.43706
28 29 -0.172408
28 30 0.619942
28 55 0.689635
28 58 0.0594606
28 59 -0.0490031
28 71 -3.91844
28 90 -5.3901
29 55 -1.80682
30 32 2.23014
30 57 -5.06956
30 59 -0.028694
31 37 0.0915819
31 39 -3.39274
32 33 0.41998
32 36 -0.0495165
32 57 -7.64217
32 62 -3.57445
32 75 -10.3815
34 38 -0.337785
34 48 -0.533685
34 51 -3.99471
35 42 -0.357806
35 47 -9.45578
36 39 -4.54558
36 62 -1.34772
36 63 0.158094
36 70 -6.42931
36 73 -5.87582
36 74 -2.71175
36 77 -0.0790468
36 79 -1.09222
37 38 -0.210882
37 39 -0.513684
37 48 0.83062
37 56 -0.812501
37 63 -2.93164
38 48 -5.07363
39 63 -18.9892
40 44 0.039073
40 47 -2.31588
40 51 -3.31536
41 44 -0.0856503
41 47 -1.88061
42 46 -0.19588
42 47 -3.08078
42 49 -0.146081
43 45 -0.116857
43 47 -1.63397
43 53 -4.91797
43 61 -0.148121
44 47 -0.312196
45 52 -1.79121
45 53 -3.90218
45 67 -0.386023
46 50 -14.1571
46 60 0.0279821
46 76 -0.112356
46 92 -11.6888
47 51 0.483906
47 61 -0.55042
47 65 -17.5557
47 69 -4.8442
48 51 0.886457
48 56 -2.27269
48 64 -4.8442
48 66 -4.14515
49 50 -0.331687
49 52 -1.30083
49 54 -0.230656
49 60 -5.16134
50 54 -0.245515
50 60 -2.64699
51 64 -4.14515
51 68 -18.7255
51 69 -3.73241
51 81 -3.31536
51 83 -2.47197
52 60 -4.43612
52 67 -6.03839
52 86 -8.76265
53 61 -1.69086
53 67 -7.21651
54 60 -4.17038
55 90 -4.95474
56 63 -1.44559
56 66 -2.22758
56 83 -3.31536
57 59 -1.00226
57 72 -9.68841
57 75 -1.08303
57 82 -4.14515
57 94 -4.8442
58 59 -0.00466824
58 71 -3.10675
58 72 -7.12449
59 72 -9.26974
60 76 -9.52041
60 78 -1.25517
60 86 -1.27785
61 65 -0.163779
61 67 -0.337785
61 85 -3.73241
62 74 -3.01573
62 75 -1.04226
63 77 -4.55514
63 83 -6.04622
63 95 -0.504614
64 66 -0.116857
64 83 -2.41897
65 69 -0.226632
65 81 -2.26039
65 84 -1.72077
65 85 -11.0747
65 89 -4.95743
66 83 -0.618144
67 85 -0.635286
67 86 -0.669846
67 89 -1.75131
68 80 -4.86992
68 81 -0.369897
68 83 -0.289934
69 81 -1.37545
70 73 3.07362
70 74 1.26852
70 75 1.03884
70 96 1.69479
70 102 0.281994
71 72 0.308635
71 88 -0.0584318
71 90 0.0750535
71 91 0.736759
72 82 2.3471
72 91 8.01653
73 75 0.14614
73 79 3.72348
73 96 2.21858
73 100 8.84242
73 102 4.35433
73 107 0.386585
73 115 0.711927
74 75 1.56928
75 94 0.0856502
75 96 0.213894
75 102 0.440681
75 115 4.97719
76 78 3.49413
76 86 3.01573
76 89 0.83062
76 92 3.53125
76 101 2.31952
76 112 2.81983
76 124 2.71175
77 79 7.0316
77 95 0.459942
77 103 2.47197
77 104 1.39593
77 115 3.47614
79 104 1.0045
79 107 0.772996
80 81 2.72099
80 83 2.80463
80 89 4.43493
80 109 1.4022
80 115 2.35264
80 147 -2.73915e-05
81 89 5.12424
82 91 2.03462
82 93 6.0051
82 94 0.700976
82 97 2.34062
82 105 12.5724
82 106 0.836761
82 108 1.20997
83 95 6.54984
83 110 7.90473
83 111 0.622189
83 115 4.05112
84 89 3.45286
84 147 -0.000532882
85 89 5.22957
86 89 2.78039
87 90 2.07452
88 90 -0.503464
88 91 -0.24821
89 98 2.64699
89 109 11.1592
89 112 5.29986
89 113 19.8401
89 114 9.33128
89 115 2.08182
89 117 6.47587
89 121 3.79436
89 130 2.19539
89 132 1.79795
89 135 2.41897
89 137 0.550451
89 138 1.90803
89 139 3.34624
89 144 0.337785
89 147 -0.372321
89 148 1.47481
89 150 3.46771
89 151 -0.0360136
90 91 4.20468
90 99 3.84582
90 122 5.07363
91 97 5.28388
91 122 5.66463
92 101 1.52308
92 112 0.0025939
92 116 6.70204
92 118 1.69086
92 141 0.0461576
92 149 -1.42534
92 154 -5.53733
92 226 0.451047
93 94 2.85347
94 106 4.66943
94 108 1.75336
94 115 6.2862
95 110 0.16665
95 115 3.271
96 102 0.876625
97 105 3.43706
97 122 0.517023
99 122 14.5084
100 102 0.760419
100 107 0.145072
100 115 1.14518
101 112 1.75131
102 115 1.71619
103 104 0.0599554
103 107 0.922204
103 115 1.37165
104 107 0.506322
105 106 8.60571
105 120 0.153361
105 122 3.52786
105 123 0.0899888
105 125 0.0906795
106 108 1.03061
106 115 5.57872
106 120 0.0342235
106 123 1.75415
106 131 0.83062
107 115 11.0764
107 119 1.6411
109 115 2.82981
109 121 1.14536
109 147 -0.104561
109 150 0.321898
109 151 -0.0164928
110 115 0.897958
111 115 0.875134
112 116 6.55623
112 124 0.483906
112 135 3.43706
112 141 3.10843
112 144 2.56511
112 149 -0.181114
112 152 -0.80707
112 156 4.02478
112 160 -1.72211
113 114 4.87079
113 130 3.57442
113 147 -0.00622468
113 150 0.322579
113 151 -0.0174332
114 130 1.23269
114 139 0.42009
114 144 1.47101
114 147 -0.002569
114 150 0.107485
114 151 -0.00576141
114 152 -1.66155
115 119 12.89
115 125 1.28389
115 126 15.3253
115 127 2.95368
115 128 1.78253
115 129 2.93164
115 131 7.56789
115 132 1.51091
115 133 1.00226
115 134 3.20964
115 140 8.66241
115 142 0.703789
115 146 1.48874
115 147 -0.360667
115 150 0.105631
115 151 -0.0859431
115 153 0.166471
115 159 -0.252266
115 167 -2.93504
115 168 -1.68505
116 118 2.02352
116 141 2.08811
116 149 -1.71151
117 147 -0.00365655
117 150 0.215113
117 151 -0.011696
120 122 0.205428
120 123 2.30502
120 125 1.77084
121 147 -0.00154971
121 150 0.107538
121 151 -0.00581497
122 125 1.06757
122 145 8.35456
122 161 0.206696
122 171 -0.722426
123 125 1.12697
123 131 1.08303
125 131 7.54218
125 140 1.84439
125 155 3.48761
125 158 3.38294
125 161 0.206695
125 162 -0.905358
125 164 -0.0754339
125 166 -2.41897
125 167 -5.75969
125 171 -4.96648
126 129 2.78039
126 132 4.30626
126 133 3.73241
126 136 6.01123
126 143 6.74813
126 157 7.14891
126 168 -10.0143
127 132 0.197885
128 131 0.179457
130 147 -0.00196507
130 150 0.107532
130 151 -0.00581672
132 133 2.58569
132 136 3.44739
132 147 -0.214312
132 150 0.0605993
132 151 -0.0953415
134 146 2.00889
134 167 -0.317948
136 147 2.58618
136 168 -4.43612
136 170 -9.68249
137 147 -0.000233624
137 151 -0.000871845
138 147 -0.01328
138 150 0.211582
138 151 -0.0586407
139 147 -0.00576448
139 150 1.78028
139 151 -0.0174233
139 152 -5.66464
139 156 0.0383656
140 146 0.245216
140 167 -4.8442
141 149 -1.03511
141 154 -9.68841
141 160 -0.574701
141 176 -1.08303
142 146 1.4026
142 153 0.0438339
142 159 -0.285151
144 152 -0.113838
145 171 -5.78512
146 153 0.137871
146 159 -0.303598
146 163 5.68972
146 167 -0.872923
146 168 -0.711971
146 174 2.13575
146 180 0.0682898
146 183 1.89085
146 190 -3.57445
146 193 -9.68249
146 194 -5.53733
147 148 -0.00222512
147 150 -0.00201567
147 151 2.04839
147 165 0.179457
147 169 -2.93164
147 170 -8.98936
148 150 1.82974
148 151 -0.00732301
149 154 -20.0709
150 151 -0.155868
150 156 0.458338
150 160 -1.04226
150 165 -1.69086
150 169 -14.825
152 156 -0.569809
153 159 -0.269303
154 173 -13.4105
154 175 -4.8442
154 176 -4.8442
154 226 -9.97346
156 160 -5.80527
157 168 -4.14515
158 164 -0.150847
158 171 -5.25236
159 168 -0.258219
160 169 1.80212
160 176 -15.5108
160 191 -1.95015
160 200 -11.0747
161 171 -1.76028
162 166 0.0436532
162 171 0.0218266
163 193 -11.0747
164 171 0.038913
165 169 -0.962998
166 167 -0.0556509
166 171 0.177891
166 172 2.67923
166 174 0.0724435
167 172 -0.0388585
167 174 -3.34307
167 180 -1.142
168 170 2.00715
168 177 -0.353819
168 178 -3.94335
168 183 -4.80745
168 184 0.0835251
168 186 0.460675
168 216 -4.8442
169 170 2.47197
169 181 -2.35706
169 184 -0.00720537
169 188 -0.0144107
169 191 -11.8641
169 199 -4.8442
170 178 -1.30006
170 184 -0.912109
170 185 -6.41884
171 172 1.62075
171 187 0.64149
171 189 -2.27626
171 192 -5.48086
171 195 -4.69533
171 197 -4.14515
172 174 0.782792
172 179 0.2843
172 192 -1.75131
172 194 -20.7631
173 175 -0.402198
173 182 -5.03501
173 226 -2.27269
174 179 2.33886
174 180 0.337785
174 190 -3.01573
174 194 -5.53733
175 176 -8.24908
175 182 0.970576
176 182 -10.3815
176 200 4.14515
176 212 -3.10675
176 219 -0.265178
176 229 -3.87306
176 232 0.866688
176 240 -0.765165
176 248 6.49418
177 183 0.0544848
178 184 -0.363058
178 186 -1.3806
179 194 -5.53733
181 191 -6.42245
182 198 -7.4929
182 207 -2.37589
182 212 -5.42739
182 226 -5.53733
183 193 -5.53733
183 202 -5.53733
183 209 -5.53733
183 216 -5.53733
184 185 -2.79376
184 188 0.0584083
184 206 -11.0747
184 209 -11.0747
184 216 -5.53733
187 192 -1.69086
188 199 -2.71175
188 206 -5.53733
189 192 -3.10675
189 197 -3.82987
190 194 -4.43612
191 199 3.31536
191 200 -12.2855
191 214 -5.23857
192 194 -5.53733
192 197 8.47168
192 204 -9.15079
192 217 3.91844
193 194 0.125257
193 202 1.23455
193 208 2.58172
194 196 0.691351
194 201 0.357117
194 204 1.14578
194 205 -2.85347
194 208 10.9405
194 210 -3.91844
194 211 0.274574
194 213 -1.25517
194 215 -1.72077
195 197 0.353137
195 203 3.63792
196 201 0.066412
197 203 5.16532
197 217 3.31245
197 221 5.6342
197 227 1.44559
198 207 -1.44559
199 206 -3.01573
199 209 -6.77071
199 214 -1.07129
199 220 -0.376964
199 228 -0.0851832
200 214 0.0700632
200 229 -1.11098
200 233 11.4131
200 237 -2.21681
200 257 -2.58569
201 205 -1.64888
201 208 3.91284
201 218 -0.937941
201 224 3.76915
201 225 -3.92541
202 208 3.72723
202 209 2.58569
202 222 1.63282
202 239 -6.2135
202 242 0.315571
202 245 1.94288
202 253 -2.04603
202 254 -1.12464
202 256 1.69086
203 227 4.86905
203 235 1.45163
203 252 0.0265626
204 215 -12.7805
204 217 -4.45388
204 230 -0.229417
204 236 1.88061
205 210 -2.52745
205 218 0.0370302
206 209 7.04964
207 212 -1.37165
208 211 1.73358
208 224 6.72703
208 242 1.85336
208 245 8.05163
208 246 1.64714
208 274 2.89677
208 278 10.5987
208 286 2.78182
208 292 1.52022
208 293 0.875213
208 294 -0.396508
209 216 5.63021
209 222 3.01573
209 223 3.01573
209 228 7.7842
209 231 8.28126
209 238 5.52461
209 260 3.20604
209 264 8.35456
209 280 2.52745
210 213 -1.78253
210 218 -0.618144
210 224 -3.01573
212 219 -3.20605
212 226 -0.0544849
213 215 -0.794069
213 224 -0.601089
214 220 -0.129073
214 233 1.2414
215 224 -2.85588
215 230 0.0588233
217 221 5.39328
217 236 -5.5262
217 252 0.734321
217 255 -0.389877
218 224 -0.922789
218 225 0.000387465
219 226 -4.8442
219 232 -0.530355
220 228 -0.0485915
220 233 -0.524017
220 243 -1.34772
220 244 -1.43141
221 227 6.13927
221 247 1.39449
221 252 0.244863
222 238 3.91844
222 239 -2.64699
223 238 3.91844
224 225 -9.26572
224 230 -4.40069
224 246 3.18314
224 294 -0.183409
226 232 -4.43612
226 234 -6.21745
226 240 -1.54979
226 241 -17.56
226 259 -7.16372
226 301 -7.55595
226 320 -4.99346
226 356 -6.54381
226 375 -3.73241
226 410 -4.43612
226 439 -3.73241
226 484 -8.47089
226 543 -4.14515
226 570 -9.11179
226 571 -1.02216
227 235 1.46838
227 247 2.24191
227 252 -0.126582
228 244 -1.15273
228 250 1.49686
228 270 1.43966
228 280 0.931086
228 299 0.0391154
229 237 -0.0648075
229 248 -3.27275
229 257 0.25089
230 236 -0.483906
230 246 -5.16088
232 240 -0.970594
232 248 0.195147
233 243 5.58838
233 257 -6.66405
233 268 -0.343501
233 271 2.92083
233 272 2.8432
234 241 3.33287
235 252 0.25023
235 263 1.74301
235 273 0.174373
236 246 1.6013
236 255 2.40299
236 269 -0.203312
236 277 1.64877
236 279 0.206153
236 297 -0.0345754
237 257 -0.189215
238 239 -4.14515
238 249 -4.43612
238 251 -13.2939
238 260 4.14515
238 264 2.71175
238 275 7.91813
238 287 4.76322
238 303 0.0806235
239 249 0.0240717
239 251 0.0179193
239 254 0.054593
239 258 -2.58174
240 241 6.40889
240 248 -0.33537
240 262 0.118556
241 248 -0.0396375
241 259 6.06043
241 262 0.0980444
241 265 3.37134
241 290 4.43612
241 301 4.08817
241 311 7.85141
241 320 2.09864
242 245 2.1809
243 244 -2.24853
243 250 6.87411
243 268 -0.173663
243 271 4.84607
243 276 2.4399
243 313 -0.0468423
244 250 -2.18932
245 256 2.78039
245 267 3.57147
245 278 2.14149
246 277 -0.154585
246 288 1.63282
246 294 -0.18341
246 302 -2.26644
247 252 -0.00114669
248 257 -0.974715
248 261 1.4989
248 262 -0.0701962
248 265 -0.0580706
248 281 0.856372
248 342 0.0430246
249 251 0.157601
249 258 -0.090001
250 270 2.18405
250 276 3.63112
250 299 0.0413651
251 253 -2.5159
251 254 -0.0700634
251 258 -2.43362
251 275 -4.43612
251 285 -4.64164
252 255 -0.611411
252 263 0.204338
252 266 0.799065
252 269 2.4163
253 254 -0.634733
253 256 -1.14578
253 267 -0.874539
253 282 -0.922671
253 285 -2.93164
253 289 -1.91493
254 258 -0.921466
255 269 -0.133755
255 279 -0.0995015
256 267 2.85347
257 261 2.5055
257 272 -3.11199
257 281 -0.587138
257 313 0.210882
260 264 5.30937
261 281 0.522562
261 313 2.81382
261 335 0.149039
261 342 0.0184693
261 346 -8.34854
261 360 -0.0176936
261 379 -0.0353872
261 394 -0.438877
261 415 2.58569
262 265 0.0103764
262 281 -0.00125267
262 342 -0.0111555
263 266 4.77307
263 273 2.59732
263 284 2.37671
263 291 0.0693791
264 280 9.13967
264 287 2.02352
264 305 -0.0155177
264 323 6.73509
264 340 0.299571
264 354 -0.414201
265 281 -0.00240635
265 311 0.458716
265 320 1.31726
265 342 -0.519928
265 346 0.743059
265 373 -0.0734152
266 269 7.3726
266 284 7.3069
266 296 3.43706
266 304 1.45917
266 314 7.89739
266 318 0.729587
267 278 2.79051
267 282 2.20798
267 303 2.09722
267 319 4.47414
267 329 1.78253
267 341 -0.229185
267 364 -0.775846
268 271 -0.339676
269 279 -0.0372525
269 296 7.00149
269 297 0.224341
270 276 2.28702
270 280 0.260028
270 295 -0.0298965
270 299 0.530915
271 272 5.64087
271 276 3.08946
271 306 1.07087
271 309 2.82522
271 313 -0.0585763
271 317 -0.0366854
272 313 -4.85065
272 317 -1.30083
272 325 0.030687
273 284 0.075928
273 291 0.176388
274 292 3.20346
274 293 2.2743
274 298 -0.429488
275 283 1.32489
275 285 1.4301
275 287 2.08355
275 303 1.27441
275 305 1.79885
275 316 -0.355035
275 334 0.251482
275 345 -0.0239775
276 295 -0.0660049
276 299 1.3342
276 300 1.49394
276 313 -0.164727
277 279 0.258966
277 288 -1.25517
277 297 -4.61004
277 302 0.439776
277 307 -9.24527
278 292 4.52682
278 315 -0.230564
278 319 1.41433
279 296 -0.0619295
279 297 -1.57752
280 299 2.25265
280 327 0.274059
280 340 1.24079
280 343 -1.06254
281 342 0.0334567
281 346 -0.0123064
282 285 0.0363687
282 289 0.024043
282 303 0.394899
282 341 -0.0642976
283 285 1.69408
283 316 -0.0146642
284 291 0.0496491
284 304 4.92681
285 289 0.178969
285 303 7.4478
285 316 -0.0146642
286 293 2.01206
286 294 -0.205275
287 303 0.0403118
287 305 2.14154
287 316 -0.00192172
288 302 -0.849093
289 303 0.214284
291 304 2.18507
292 298 -0.215631
292 310 3.47423
292 315 -0.115954
292 319 0.508872
292 330 -1.787
292 338 -0.242411
292 347 -4.61741
293 294 -0.0731726
293 298 -1.84222
293 310 0.163779
293 322 -3.57445
293 330 -3.20605
293 339 -13.0127
293 353 -10.3815
293 367 -4.8442
293 391 -5.53733
293 395 1.75131
293 403 -4.14515
293 405 0.751161
293 423 -0.490777
294 302 -3.06189
294 322 -0.687271
295 299 -2.13762
296 297 0.974524
296 308 1.59857
296 314 8.60027
296 336 5.21352
296 344 5.85602
296 357 1.30729
296 363 0.061991
297 307 3.57147
297 308 2.77269
297 326 1.47101
297 336 0.029447
297 337 0.660463
297 363 0.175613
298 310 -0.148121
299 300 1.82666
299 327 2.10585
299 331 0.0428465
299 333 0.378006
299 355 1.00226
299 369 -3.57527
299 374 1.34772
300 313 -5.67721
300 331 3.57445
300 333 2.55892
301 320 4.60072
302 307 -0.879552
302 312 -0.748542
302 321 -0.503144
302 322 -0.671131
303 305 0.0403118
303 316 -1.77109
303 334 1.45046
303 341 1.33182
304 314 3.08637
304 318 1.98662
304 328 4.95978
304 351 6.03557
304 357 0.432917
304 365 1.96444
305 316 -0.00192172
305 323 -0.0226349
305 345 -0.122142
305 354 0.784463
305 361 0.097441
306 309 0.0266715
306 317 -0.0569671
306 324 -1.36038
307 312 0.855752
307 326 0.262609
307 337 0.0389211
309 313 -0.847232
309 324 -0.672434
310 330 -1.59175
311 320 5.26957
312 322 5.2515
312 326 0.262609
312 337 0.0389211
313 324 -8.7142
313 325 -0.167528
313 331 -2.18718
313 335 0.310655
313 360 0.0154083
313 368 -2.47197
313 379 0.00770416
313 387 -5.27384
313 394 -3.24421
313 417 2.31952
314 318 1.07003
314 344 2.94549
314 357 0.865758
315 319 -2.78157
315 347 -0.337785
316 334 -0.173814
316 341 -3.46415
316 345 -8.25678
316 364 -0.394059
316 380 2.23624
316 397 -2.19343
316 407 -2.41897
316 419 -16.612
316 425 2.78039
316 431 -6.85009
316 456 -2.64699
316 457 -7.36776
317 324 -0.00924913
317 325 -0.650104
319 329 3.43706
319 341 -0.025858
319 347 -12.8885
319 364 -1.9359
319 370 -2.75746
320 332 5.3489
320 346 0.329645
320 350 3.73899
320 356 4.76095
320 373 -0.041316
321 322 2.33611
322 326 -0.123167
322 337 -0.0259489
322 353 -0.616217
322 366 -9.87843
323 340 1.3236
323 348 -1.18571
323 354 -2.07984
324 325 0.0744562
326 337 7.77293
326 366 -1.14578
327 343 -3.73241
327 355 2.68539
330 339 0.283759
330 347 -1.60968
330 349 1.36892
330 358 0.418426
330 372 -1.40229
330 380 -8.75229
331 333 5.83338
331 368 7.26593
331 369 -1.26762
331 387 3.57445
335 360 0.150158
335 379 0.0910091
336 337 2.37735
336 357 7.89462
336 363 0.465447
336 366 -5.53733
336 386 9.15317
336 388 7.27918
336 401 5.57864
337 352 3.70099
337 363 0.164589
337 366 -6.79215
338 347 -0.321795
339 349 0.544902
339 367 -0.182931
339 371 -3.31536
340 343 -4.8442
340 348 -5.3709
341 364 0.505412
342 346 -0.00864908
343 348 -0.407622
343 355 -5.75657
343 359 -4.19401
343 378 -8.76265
343 382 -1.91749
343 385 3.50389
343 392 -1.23176
344 357 0.534088
345 361 -0.424372
345 385 -2.10127
345 398 -3.43706
345 404 -2.41897
345 419 -0.0544849
346 373 -0.0957655
346 376 -4.43612
346 409 -9.44234
346 415 -4.63803
346 445 -2.18405
346 449 -1.88061
346 455 0.496238
347 358 -5.73164
347 370 0.0261028
347 380 2.47963
348 354 1.74115
348 359 0.513466
348 378 -0.242325
349 371 -0.533685
349 372 -1.38759
350 356 1.12464
350 373 -1.44559
350 376 -1.34772
350 381 -0.163779
351 365 1.63706
352 363 0.101127
353 366 -1.36813
353 386 -5.53733
353 391 -8.96461
354 361 0.266432
354 362 1.41779
354 377 0.505255
354 378 -0.59451
354 385 -6.849
355 374 4.78408
355 392 -5.29253
356 375 7.45293
356 381 -4.14515
356 383 2.68703
357 363 0.170761
357 365 7.31617
357 388 6.48186
358 380 -6.72951
359 378 1.44769
360 379 0.929457
360 394 -2.31952
361 385 -2.41897
362 385 -3.56577
363 366 -0.418426
364 370 -0.0276624
364 380 -0.170468
365 388 2.47197
365 389 3.36056
365 414 6.26524
365 438 8.97595
365 453 2.41897
365 494 3.88997
365 504 0.83062
366 386 -3.57445
367 371 0.794069
367 384 -0.418426
367 395 -5.53733
368 387 3.17863
369 374 -8.95979
369 387 -0.743441
369 392 -5.53733
369 393 -7.47406
369 429 0.806991
370 380 1.15399
371 372 0.740165
371 384 -2.09814
371 390 -6.10346
372 380 2.58569
372 390 -9.70892
373 376 -9.97346
374 392 -0.982543
375 376 -0.385631
375 381 -2.64699
375 383 0.896371
375 396 7.04034
375 402 0.663722
375 409 6.1422
375 410 7.26853
375 420 3.31536
375 439 0.101247
376 381 -5.53733
376 396 -6.50413
376 409 -3.56659
377 378 -0.139726
377 385 -4.57324
378 382 -0.740165
378 385 -6.05952
379 394 -12.7218
380 390 -1.72077
380 397 -3.52035
380 407 -11.8695
380 412 -2.52745
381 396 -3.23416
384 390 0.00664394
384 395 -5.53733
384 403 0.644878
384 411 0.0360942
385 392 -0.056744
385 404 3.91844
385 413 -0.897306
385 424 2.41897
385 429 -3.20605
385 432 -3.57038
385 436 -3.01573
385 437 -1.91493
385 440 -3.57445
385 443 -2.93164
385 451 -10.3815
386 391 5.66463
386 399 15.3275
386 401 2.02352
386 416 5.03612
386 421 2.46611
386 461 0.385787
387 393 -0.508767
387 408 3.45008
387 417 -0.816911
387 429 0.0109053
388 389 15.8901
388 400 2.71175
388 401 2.52745
388 406 8.75812
388 421 7.04777
388 453 2.93164
389 400 0.794069
389 414 4.14515
389 427 8.79425
389 438 7.85491
389 453 3.31536
390 403 0.34788
390 411 2.47537
390 412 -0.948773
390 418 -3.17906
390 428 0.104468
390 434 0.246721
391 399 2.78039
391 422 7.15886
392 413 -0.454027
392 429 -3.08118
393 408 -0.647812
393 429 -0.869888
394 415 -9.65194
394 417 -2.18405
394 442 0.924411
394 449 -6.54381
394 455 1.37165
394 471 2.27269
394 479 -5.35874
394 496 -1.2622
394 523 -4.8442
395 403 -5.63488
397 407 1.14578
398 404 -1.57696
398 419 -1.72077
398 426 -1.44559
399 421 0.340299
399 422 4.27722
399 433 3.31536
399 446 2.0386
399 461 3.42277
401 421 2.41897
402 410 2.87461
403 405 -1.18877
403 411 3.50802
403 422 4.67884
404 426 -8.16853
404 432 -0.56723
404 454 -2.78039
405 422 -1.03089
405 423 -0.985188
407 412 2.10127
407 425 -2.78039
407 430 2.22758
407 431 6.69884
407 435 5.49214
408 417 -0.791388
408 429 2.31037
408 452 -2.11702
409 439 6.26047
409 445 1.31351
409 449 4.15962
409 472 0.444264
409 493 -0.0445119
410 420 7.19828
410 439 2.18405
411 422 4.17038
411 434 5.12791
412 418 1.52137
412 428 0.150303
412 435 11.5367
413 429 -1.58425
415 455 -1.1272
417 442 -3.94155
417 452 -5.53733
418 428 0.436689
418 434 -0.493443
418 435 1.20297
419 426 0.343812
419 450 -0.905358
419 456 -3.31536
419 476 -0.0100061
420 439 1.84714
421 453 4.0255
421 461 1.73254
421 473 1.43359
421 475 3.81008
422 423 0.988823
422 433 4.69909
422 434 3.91844
422 446 4.43612
422 447 3.42749
422 474 2.14198
422 481 4.25984
422 498 2.49966
424 440 -1.27785
424 451 -9.28032
425 431 -7.50725
426 450 -0.289934
426 454 0.696981
426 456 -0.0960589
426 464 0.508516
426 476 -0.0851127
426 477 0.254258
426 482 -0.102283
428 434 5.73203
428 435 4.98066
429 437 1.78885
429 441 2.04075
429 444 2.78039
429 452 -0.0168055
429 459 2.93164
429 460 2.02619
429 470 1.96965
430 435 8.07263
431 435 8.9305
431 457 5.44639
431 458 6.39147
431 503 2.79299
431 521 1.54567
431 529 -0.166069
432 436 -0.0105953
432 448 -1.42792
432 451 -1.8994
432 454 -8.99804
433 446 4.98231
434 435 3.83798
434 447 0.467445
434 474 2.36822
434 485 4.67646
434 487 1.21064
435 485 3.73241
435 488 8.61371
435 489 5.94267
435 509 4.52572
435 511 3.91844
435 514 5.2908
435 521 1.14936
435 529 -0.0728942
435 535 7.29143
435 556 8.35299
435 560 4.24238
435 565 3.20604
436 451 0.0211906
437 443 0.514548
437 444 2.52745
438 453 4.14515
439 472 0.0539204
439 484 12.3133
439 493 -0.0780006
439 505 12.4405
440 443 0.132481
440 451 0.451047
442 452 -5.53733
442 460 -3.31536
442 479 -0.298872
442 491 -2.52745
442 492 -2.18405
443 444 2.76821
443 451 2.05978
443 469 4.09439
443 478 -2.60951
443 495 -1.27768
443 502 8.9407e-08
444 459 4.64564
444 463 2.47896
444 490 0.722629
444 495 -0.242411
445 449 3.45455
446 461 5.5824
446 498 6.83228
447 474 1.3499
448 451 0.56723
448 454 1.32411
448 465 0.0858136
448 466 0.0809784
448 467 0.128721
449 455 -6.72976
449 472 1.63367
449 480 8.76863
449 493 -0.357096
449 496 -3.10675
449 508 1.95015
449 519 2.25289
449 524 1.63282
449 548 3.01573
449 550 2.36822
450 456 -1.96928
451 465 1.10372
451 467 0.258219
451 468 3.7935
451 478 -4.10689
452 460 -0.518809
453 473 5.33433
453 475 5.86329
453 486 9.55471
453 494 4.43612
454 462 0.249606
454 464 3.7319
454 465 0.577838
454 466 0.16563
454 476 -0.00781496
454 483 1.29224
454 507 1.412
456 457 6.15137
456 476 2.8384
456 482 0.571172
457 476 5.1534
457 482 1.84714
457 503 3.40932
457 515 2.13846
457 529 -0.0817144
457 530 1.32023
457 546 1.23277
457 553 -0.315957
459 463 4.24822
459 470 1.91749
459 490 0.25775
459 501 2.66513
460 470 0.396916
460 491 0.892066
460 501 0.475408
461 475 2.2254
461 498 1.49683
461 513 4.09259
461 527 4.36304
461 540 4.42985
461 549 4.14515
462 465 0.126134
462 466 0.0741704
464 476 0.101881
464 477 3.23672
464 482 3.57445
464 483 3.86904
464 507 6.60413
464 531 1.47101
465 466 1.15457
465 467 1.61821
465 468 4.06035
465 499 -2.49966
465 507 0.120705
465 512 0.588318
465 522 0.234953
465 526 0.0276968
468 478 -0.432707
468 499 -0.595924
468 500 2.02742
468 512 -0.609888
469 478 -3.01701
470 491 0.0430782
470 501 2.57849
471 496 -0.101248
472 480 0.0784344
472 493 -0.63698
473 475 2.31952
474 481 2.52745
474 485 7.69918
475 486 1.14578
475 497 3.98188
475 516 2.47937
475 520 0.601089
475 532 0.982543
475 540 4.4207
475 544 3.70666
475 552 -0.982543
476 477 0.203761
476 482 5.40348
476 506 1.34812
477 482 3.52754
478 500 -0.144804
478 502 1.67319
478 512 -2.90998
478 538 -1.19891
478 539 0.111487
479 491 -0.021328
479 492 -0.213755
479 523 -0.375113
480 493 -0.646335
480 508 2.39274
480 524 0.620883
481 485 1.58346
481 498 3.38269
481 513 8.90839
481 517 1.81446
481 537 2.27269
481 569 5.20433
481 584 6.6726
482 506 1.24235
482 531 2.41897
482 546 3.1814
484 505 4.2015
484 543 3.99393
485 487 2.10127
485 488 9.82611
485 510 5.00205
485 537 2.08852
485 541 2.36822
485 545 5.64354
486 494 7.64803
486 520 9.01247
486 532 1.60463
488 511 3.17847
488 514 3.57445
488 535 4.97216
488 541 1.57696
488 545 1.44559
488 555 5.98576
488 556 3.39484
488 568 2.14198
488 572 5.40741
488 585 3.92415
488 591 1.98633
490 495 -1.56583
490 501 0.867727
490 502 0.290123
490 533 0.0544312
491 492 0.986678
491 501 3.13597
491 523 12.9044
491 554 6.23796
491 558 3.42303
491 583 8.54304
491 586 1.91493
492 523 1.97447
493 505 -0.0203937
493 508 -0.187892
494 504 4.94509
494 525 7.55016
494 532 0.863726
494 563 0.288868
494 579 0.191366
494 581 -0.021649
495 502 -0.177955
496 519 -3.38594
496 523 -4.43612
498 513 2.96871
498 517 1.11066
499 500 -0.39177
499 512 -1.39593
500 512 -0.609888
501 518 6.44199
501 533 0.0354097
501 547 5.73595
501 551 3.91844
501 558 8.59252
501 561 3.67823
501 577 2.71175
501 582 5.38394
501 583 0.337785
502 533 0.419475
502 538 -0.192012
502 539 1.30161
502 547 4.38965
502 577 1.14462
502 604 0.577689
503 515 3.99522
503 529 -0.381939
503 530 8.64727
503 567 0.144965
503 573 8.0793
504 525 5.10633
504 563 0.228915
505 508 5.93734
505 534 5.02005
505 543 7.15887
505 550 9.84402
505 578 0.207546
507 522 12.8791
507 526 0.719387
507 528 5.57426
507 531 6.78647
507 546 3.43706
507 587 5.10266
508 524 2.19658
508 534 2.64699
508 550 6.75241
509 521 0.0679702
509 529 -0.652308
509 542 -0.306049
509 557 0.0479721
509 560 0.649782
512 522 0.073985
512 526 0.0225852
512 536 -0.171729
512 538 0.514549
513 517 1.98633
513 549 8.45312
513 569 9.88422
513 584 3.27166
513 590 2.94242
515 529 -0.0530949
515 530 1.33882
519 523 2.7772
519 548 4.16914
519 554 5.72158
520 532 3.228
521 529 -0.121523
522 526 6.92971
522 528 12.4825
522 538 1.63136
522 587 9.17818
522 593 -0.242411
522 598 6.41784
522 607 1.43688
522 609 2.22758
522 617 5.03925
522 623 13.0522
522 636 1.54979
522 639 9.93688
522 644 4.03128
523 554 0.0618014
525 532 0.0494219
525 563 5.91084
525 579 2.03063
525 580 0.024711
525 581 0.00131656
525 589 3.59699
525 596 3.1109
525 630 5.04308
526 536 -0.0522292
526 538 5.46838
527 540 1.60463
527 549 0.794069
529 542 -1.22792
529 557 -0.111151
529 560 -0.222301
529 567 -3.81698
530 553 -1.2448
530 573 3.10675
530 576 1.16052
531 546 5.57872
532 544 5.65647
532 563 0.0427441
532 574 1.80705
532 579 -0.0135142
532 580 0.209289
532 581 -0.574998
533 547 0.0921536
535 556 3.19278
536 538 -0.72758
537 545 4.13398
537 568 2.10127
537 584 6.78173
538 539 -0.285071
538 562 -1.63882
538 593 -2.3252
538 604 -0.265833
539 547 0.0275984
539 562 2.05694
539 604 4.19343
540 544 0.750419
540 549 2.06181
540 559 7.0755
540 564 1.75131
540 566 4.14515
543 570 4.22863
543 571 0.467453
543 578 0.0505644
543 588 7.28959
543 608 3.20604
544 552 -3.40631
544 563 0.0162316
544 564 1.08303
544 566 3.69107
544 574 1.51065
544 581 -0.123353
545 568 3.76599
546 553 -0.179458
546 573 5.23954
546 576 0.345567
546 587 3.01573
546 607 1.54979
547 561 2.47197
547 577 4.66943
548 550 4.87819
548 554 3.04953
549 559 6.66405
549 590 3.82668
549 597 4.44249
549 613 3.20604
550 554 2.52745
550 578 0.107504
550 588 7.02068
550 594 0.103084
550 595 5.83137
550 608 11.9482
550 610 3.57445
553 576 -2.36822
554 583 5.08666
554 586 2.38067
554 595 2.27269
554 599 4.96588
554 616 11.575
554 633 7.4912
556 560 5.60789
556 565 2.93164
556 573 4.43612
556 575 7.62019
556 591 0.483906
556 601 7.83689
556 603 2.4935
556 605 9.41046
557 560 0.95805
558 583 0.0544848
559 563 7.05916
559 566 9.72035
559 597 3.23709
560 567 0.56723
560 573 2.06181
561 577 1.04226
562 604 4.93527
563 566 3.80652
563 579 6.22858
563 580 0.0501442
563 581 -0.10687
563 596 0.533685
563 597 1.37165
563 621 0.794069
563 630 2.02352
563 631 6.35485
563 649 4.40015
563 652 10.6102
564 566 2.78039
566 574 3.78214
566 579 5.12519
566 581 -0.00709402
566 621 1.7196
567 573 0.0233459
568 572 2.2356
568 584 3.26551
568 585 1.25891
569 584 1.87691
570 571 0.467453
570 600 3.01407
570 608 13.9458
572 585 12.7172
573 576 2.93164
573 592 4.1342
573 602 6.80982
573 605 5.1513
573 606 2.72162
573 607 1.15295
573 614 3.09011
573 615 3.228
573 617 2.31952
573 632 3.31536
574 581 0.00599957
577 582 5.42338
577 604 2.22326
577 618 5.19697
577 640 -2.64699
577 642 -0.601089
577 645 3.94073
578 588 0.434027
579 580 0.027594
579 581 0.048769
580 581 -1.25334
582 583 0.0864405
582 599 9.99637
582 626 2.27269
582 629 1.06254
582 645 4.76974
583 599 4.82193
584 585 4.78778
584 590 2.78331
584 612 1.88061
584 613 1.83748
584 619 10.3821
584 622 0.369897
584 624 4.36776
584 638 0.687271
584 641 2.22758
585 591 2.31952
585 603 2.00982
585 612 3.43706
585 624 4.2821
587 607 1.75131
588 608 1.44559
590 613 2.94008
591 603 0.179457
593 604 -2.94453
593 609 -1.00226
594 595 0.237124
595 608 3.31536
595 616 2.31952
595 620 0.0544848
597 613 4.09539
597 649 3.24754
599 616 4.8442
599 626 2.18393
599 629 2.22758
599 633 7.83068
599 645 5.71874
601 603 5.39379
601 605 4.45447
601 637 2.21876
601 651 0.165062
602 614 1.57696
602 628 -0.15577
602 632 0.148121
603 624 0.669838
603 646 0.438446
603 651 0.955028
604 609 3.43706
604 611 6.6431
604 623 14.5592
604 640 -1.88061
604 648 7.75148
605 606 0.660068
605 625 5.20247
605 627 6.61712
605 632 6.01516
605 637 1.27785
605 655 0.116857
605 660 4.77356
606 632 2.9273
607 617 3.33075
608 610 3.20604
608 616 7.28959
608 620 1.10372
608 647 9.60449
608 657 -2.85672
609 623 1.72077
612 624 1.78253
613 622 1.32411
613 638 2.58569
613 649 3.71561
614 615 1.47101
614 617 1.81446
614 628 -2.81695
614 634 1.72077
615 617 0.321795
616 620 0.83062
616 633 2.22758
616 647 9.52182
616 658 13.4205
617 635 0.00868597
617 639 2.8174
617 643 0.151986
618 642 -0.434708
618 645 5.79612
619 624 3.8734
619 641 3.65501
619 650 4.66306
622 638 0.905357
623 636 2.27269
623 639 2.61876
623 644 3.31536
623 648 5.48173
623 663 2.31952
624 646 3.14513
624 650 1.88944
624 651 0.496701
624 653 0.280325
625 627 5.77925
625 637 0.483906
627 637 6.97076
627 660 6.04525
628 632 -3.20311
628 634 -0.467445
628 639 -2.47197
628 643 -2.71175
629 645 6.35485
630 631 10.4328
630 661 1.88061
631 652 2.47197
631 661 3.77163
632 639 3.46108
632 643 2.19497
632 655 5.29067
634 635 1.24223
634 643 0.00647627
635 639 0.00871218
635 643 0.0174224
637 651 6.0644
637 660 0.148121
638 641 3.38569
638 649 4.38389
638 650 0.00778166
639 643 3.55063
639 662 -0.358845
639 663 1.49683
640 645 -0.867703
640 648 -0.83062
641 650 7.58499
642 645 -0.195158
643 655 0.196461
643 662 -0.839517
645 648 6.45965
645 654 5.15782
646 650 5.22169
646 651 5.24003
646 653 3.83975
648 656 2.59961
649 659 8.80519
650 653 3.31961
652 661 2.78039
655 660 5.42739
