MULTICUT
0 7 0.129175
0 8 2.44158
0 11 -1.63282
0 13 2.02352
0 15 3.20604
0 16 -5.53733
0 18 1.88061
0 19 -2.93164
0 21 -4.74346
0 24 5.09971
0 27 -0.849093
0 28 3.43706
0 30 2.58569
0 31 -3.57445
0 32 6.6272
0 34 7.2914
0 36 -2.02352
0 37 5.29399
0 39 -4.76995
0 40 1.95015
0 41 -18.2184
0 43 0.560198
0 45 1.98633
0 46 -2.0266
0 47 3.31536
0 50 -4.8442
0 51 -5.17299
0 52 -6.03839
0 53 -0.020166
0 55 -0.174219
0 62 3.64082
1 3 -7.65335
1 6 0.187826
1 9 -6.91168
2 4 0.054799
2 6 -0.56723
2 7 0.768891
2 9 -5.63387
2 12 3.27853
3 5 -1.65377
3 9 -0.687271
3 16 -3.43706
4 7 0.109598
5 16 -5.53733
6 9 -0.150826
7 8 0.495535
7 10 -5.17299
7 11 -1.5537
7 12 4.9576
7 16 -15.0721
8 11 -2.0732
9 12 -1.47101
9 14 -2.78193
9 16 -2.67334
9 17 -1.00634
10 16 -1.98633
11 16 -0.849093
11 18 -6.20696
12 14 2.06181
12 16 -8.15289
12 17 -1.29323
12 20 2.06649
12 25 -0.0347765
14 17 -0.794069
15 21 -1.18877
16 17 -0.023346
16 18 -4.43612
16 19 -1.34772
16 20 -14.9003
16 21 -3.31536
16 22 1.84714
16 23 -7.8321
16 25 -1.72077
16 26 1.78253
16 27 -3.57445
16 28 -2.64699
16 29 0.646417
16 31 -4.14515
16 32 -3.10675
16 33 -1.69086
16 34 -13.3942
16 35 2.94827
16 38 1.88061
16 41 1.34772
16 42 -3.01573
16 44 -3.28716
16 45 -4.8442
16 46 -2.78039
16 47 -14.676
16 48 1.34772
16 49 -1.70497
16 50 -0.00778178
16 51 -2.18405
16 52 0.669846
16 53 -3.20605
16 54 -1.39593
16 56 -3.31536
16 57 -2.93164
16 58 -6.14602
16 59 -6.5214
16 61 -1.53636
16 62 -10.3815
16 63 2.47197
16 64 -0.924411
16 66 -2.22758
16 67 -11.9832
16 68 -6.25986
16 69 -3.01573
16 72 -4.8442
16 73 -7.2519
16 76 -3.10675
16 81 -4.43612
16 83 -4.68773
16 84 -1.84714
16 90 -2.71175
16 91 -4.8442
16 93 -7.02519
16 95 -2.06181
16 96 -2.36822
16 98 -2.06181
16 99 -8.98936
16 101 -7.58221
16 102 -6.08405
16 104 -3.73241
16 108 -8.35456
16 109 -2.31952
16 110 -3.91844
16 116 -11.7827
16 133 -2.27269
16 134 -7.73225
16 136 -1.91493
16 142 -3.73241
16 149 -6.3794
16 152 -3.01573
16 156 -11.2862
16 157 -3.10675
16 159 -8.98936
16 163 -8.98936
16 168 -13.6969
16 186 -6.12248
16 194 -1.98633
16 201 -3.91844
16 205 -3.57445
16 214 -14.7167
16 215 -4.14515
16 230 -7.71961
16 246 -13.6009
16 250 -2.59137
17 20 -8.40295
18 19 -2.10127
19 21 -1.25517
20 23 -0.148121
20 25 -0.484372
20 26 -11.4884
20 29 -4.8442
21 24 -0.81228
21 28 -1.1923
23 29 -5.35888
24 28 0.0233459
27 28 -1.95015
30 32 1.25517
31 34 -1.52308
32 36 -2.77825
32 39 -0.288029
32 41 -8.87224
32 43 1.70129
32 48 -4.8442
33 35 -2.57928
34 47 2.34015
35 42 -2.52745
35 44 -2.49629
38 250 -1.39593
39 43 -0.559914
40 41 -2.18405
41 45 -4.14515
42 44 -2.06181
43 46 -0.533685
43 48 -1.60463
44 49 -0.81228
45 52 -5.53733
46 48 -5.56573
46 50 -1.88431
47 52 -5.53733
49 63 -0.867703
49 67 -0.886457
50 51 -1.21064
51 53 -3.32983
53 55 -0.685036
53 62 -0.480393
54 58 -0.672153
54 59 -0.452948
54 70 -2.17981
55 62 -0.601089
56 57 -0.618144
56 58 -0.296935
57 58 -0.502167
57 60 -0.247193
58 59 0.425224
58 60 2.23602
58 69 -0.517023
58 70 3.17073
58 78 2.64699
58 80 3.78894
58 88 0.125461
59 61 -1.00226
59 65 -0.0766954
59 70 0.396662
61 64 1.06919
61 65 1.88879
61 68 2.15423
61 70 -0.370336
61 74 -0.122869
61 85 0.876015
62 71 1.91493
62 84 -8.1053
62 91 0.722426
62 93 -4.8442
62 100 -1.66155
62 105 -6.42245
62 111 -3.73241
62 114 -3.91844
63 67 -5.53733
64 68 0.00778166
65 70 -0.956466
65 74 -0.270143
65 85 -0.0540363
66 72 0.0129151
66 75 0.473017
66 76 -2.76661
67 76 -1.68379
67 89 -8.38721
67 98 -3.73241
67 109 -3.20605
67 117 -0.00146488
68 77 1.53153
68 83 -0.0350177
68 85 3.23881
68 86 3.05607
68 115 0.0746912
69 73 -0.467445
69 78 -1.81862
70 74 0.191719
70 79 -1.45182
70 82 -3.24686
70 85 5.10445
70 88 10.3461
70 113 1.38971
70 115 0.039364
70 119 -0.446683
70 140 0.172055
70 204 -0.025646
72 75 0.255734
72 81 1.14106
72 83 -0.0047195
73 78 0.10488
73 80 3.5709
73 90 0.0983254
73 97 1.52524
74 85 0.642283
75 76 -7.78416
75 81 1.8932
75 83 -0.0134943
75 89 -2.06955
75 92 3.24704
75 112 -0.250988
76 89 1.39593
77 83 -0.0350177
77 86 0.750296
78 80 5.4474
79 82 -2.14198
80 88 7.04591
80 90 0.183595
80 93 0.82824
80 97 13.5757
80 103 2.47926
80 113 3.7169
80 123 4.07881
80 140 0.358134
80 204 -0.025646
81 83 -0.103813
81 85 0.928165
81 86 8.28203
81 87 2.29473
81 92 1.69663
81 94 5.88235
81 112 0.0498439
81 115 0.0544719
81 118 -0.330321
81 119 -11.8747
81 126 0.427327
81 131 -11.0747
81 147 2.94321
82 88 -0.740165
83 86 -0.14342
83 87 -0.0763317
83 92 -0.00877481
83 94 -0.0175496
83 126 -0.00877481
83 147 -0.00877482
84 91 -1.66155
85 86 11.4191
85 115 0.340327
86 87 3.47092
86 115 0.154498
88 113 4.05361
88 140 0.461231
88 204 -0.0512919
89 92 0.0642914
89 94 0.0523497
89 112 0.498672
89 117 0.0378267
89 122 -10.4099
89 135 -1.57696
90 93 0.176056
90 97 0.387785
91 93 -0.867703
91 105 -2.10127
92 94 3.77861
92 112 0.0471237
93 97 9.1914
93 99 5.12982
93 105 -0.242411
93 106 1.98633
93 111 -1.0364
93 114 6.25808
93 120 4.43612
93 121 5.25116
93 127 8.16853
93 137 7.53108
93 162 2.22758
93 172 0.533685
94 112 0.237746
94 118 -0.388017
95 96 -4.14826
95 101 -0.0409231
95 102 -3.11834
95 107 -0.484381
95 110 -0.0273224
96 101 0.0155681
96 102 3.48781
97 103 3.12326
97 106 0.937767
97 113 2.16251
97 120 7.30686
97 137 7.01151
97 140 3.63062
97 141 3.57445
97 144 2.0413
97 145 -0.031461
97 155 -5.98116
97 175 -3.88006
97 176 -0.943623
97 189 1.79989
97 197 0.14037
97 200 -0.892383
97 204 -0.025646
98 109 -1.27785
100 105 -1.27785
101 102 0.0605221
101 107 0.0229165
101 110 2.18013
102 104 -3.97665
102 107 3.71514
102 108 -0.483906
102 110 0.297588
102 125 -4.42953
102 129 3.43706
102 130 -0.601089
102 132 -9.89119
102 153 -5.53733
104 108 -3.65588
105 111 -0.83062
107 110 0.12528
108 109 -4.71418
108 117 -3.93511
108 132 -0.618144
109 117 -2.14198
110 116 3.6171
110 125 -1.40005
110 136 -0.943623
110 138 -0.560085
110 151 -5.06667
110 153 -0.926755
110 190 -5.2908
110 206 -0.0700634
111 114 -0.157453
112 118 -0.0611665
112 122 -3.10675
112 124 -5.53733
113 119 -0.269308
113 123 2.76466
113 140 1.49544
113 155 -4.2214
113 161 0.328306
113 165 1.4011
113 175 -5.53733
113 185 4.36151
113 188 -16.612
113 200 1.78007
113 204 -0.265774
113 225 -0.152892
113 264 -0.122276
115 119 -3.20605
116 133 0.0811499
116 138 -4.88928
117 132 -0.291104
117 135 -0.483906
117 143 -1.66155
117 146 -2.27269
117 148 -0.142928
117 154 -0.285857
117 160 -1.14578
118 124 -3.61914
118 131 -1.88061
119 147 -2.21407
119 161 -0.922716
119 179 -0.116857
119 185 -0.0609919
122 124 0.353819
122 128 -0.289934
122 135 -5.53733
123 140 0.210102
123 204 -0.025646
124 126 -3.57445
124 128 -3.73384
124 131 0.0544848
124 135 -2.47197
124 139 -6.6726
125 130 -1.00226
125 153 0.380836
125 206 0.134918
125 211 0.00397896
125 268 0.0058308
126 131 -12.5813
126 139 0.215516
126 143 -1.7203
126 147 0.209052
126 158 -19.6559
126 167 -5.53733
127 137 4.03825
128 135 -0.886457
129 132 -6.65866
132 146 0.556876
132 153 3.40417
132 206 0.749897
132 211 0.00550677
132 268 0.0117103
133 136 -2.71175
133 138 -1.47101
133 151 -2.93164
134 136 -0.437818
134 142 0.37837
134 150 2.79242
134 152 -1.67105
134 157 3.18017
134 169 3.10675
134 192 3.57445
135 139 -0.402198
135 143 -1.37165
136 150 -3.43873
136 151 4.72995
136 195 4.54595
136 206 -7.31017
137 162 0.289934
137 172 3.91844
137 176 -4.14515
137 213 -3.8773
138 151 -4.43612
139 143 -1.91631
140 145 -0.081015
140 155 -1.9895
140 165 0.297416
140 175 -0.0389131
140 185 0.58963
140 200 0.216597
140 204 -0.15735
142 152 -0.910015
143 148 0.0678324
143 154 0.135665
143 158 -5.53733
143 164 -5.53733
143 170 -4.43612
144 155 -2.24991
145 155 0.0176651
146 153 2.72
146 160 -2.64855
146 173 -1.02216
146 206 0.502024
146 211 0.00476867
146 268 0.00587559
147 167 -12.7952
147 179 -5.42349
147 182 -6.16014
147 187 -5.53733
147 219 -4.43612
147 220 -0.0208237
147 236 3.57445
147 248 0.393957
147 252 -2.36822
148 154 2.21219
149 156 -0.908453
149 157 1.88061
149 177 9.64865
149 191 -2.66416
149 202 -0.234733
149 210 6.10063
150 157 0.684337
150 195 -0.110493
152 157 -1.21064
152 169 -5.27555
153 157 -3.73241
153 160 -2.41897
153 173 -2.71175
153 190 3.22407
153 195 -1.1393
153 206 5.04841
153 207 -3.10675
153 211 0.0610699
153 217 0.362251
153 218 0.0146868
153 228 1.07705
153 235 -2.27269
153 256 1.0566
153 268 0.328794
153 275 3.57876
153 294 0.153451
153 338 0.0353465
154 160 2.3278
154 166 -17.8549
154 170 -3.73241
154 178 -3.22813
154 193 -0.258219
156 159 -0.0125966
156 191 -0.00373348
156 202 0.467003
157 169 4.68371
157 177 2.52745
157 183 2.10354
157 192 1.25517
157 195 -0.279169
157 217 -2.30165
157 229 -1.69792
157 235 1.4258
157 244 1.37427
157 256 -0.0950777
157 290 2.6663
158 164 -0.56723
158 167 2.16
158 171 -4.91415
159 163 5.02164
159 191 2.38047
159 202 -0.0301213
159 231 0.426278
160 173 -3.3932
160 178 -5.29931
160 180 0.235717
160 207 0.877717
161 179 -0.274059
161 188 -4.8442
162 172 0.0233459
163 168 1.31235
163 191 0.00905303
163 209 5.49155
163 231 1.81557
163 233 -0.0747068
164 170 -1.89442
164 171 -1.20941
164 174 0.0384569
165 204 -0.025646
166 178 1.91493
166 180 -5.35874
166 181 -3.89379
166 193 -0.434708
167 171 -4.13678
167 182 -1.18877
167 187 0.401878
168 186 4.65252
168 209 2.13744
168 227 0.129872
170 174 -0.0192745
170 184 -0.943623
170 193 -5.53733
171 174 -0.0191824
171 184 -1.27785
171 187 -3.57431
174 184 -1.05024
175 197 -0.810763
175 200 -2.0011
176 189 -3.57445
176 213 -0.467445
177 183 1.24959
177 210 2.10506
178 180 -7.02039
179 188 -4.43612
179 216 -0.83062
179 220 -0.305845
180 181 1.42058
180 196 -1.52961
180 198 -0.90961
180 207 0.500645
181 193 -0.289934
181 196 -3.05064
183 210 1.14334
183 229 -0.382946
184 187 0.17249
184 193 -4.43612
184 199 0.522936
184 203 -0.994317
184 208 -0.609895
184 224 0.0764309
185 204 -0.068342
186 194 -0.0868146
186 209 2.35269
186 214 0.348994
186 221 1.07478
186 226 -5.71879
186 227 0.316688
186 233 -0.0298813
186 242 0.0605363
187 203 -0.504844
187 219 1.07446
188 204 -4.8442
188 216 -16.4392
188 222 -1.54979
189 197 0.0709039
189 200 -4.34551
189 204 0.115401
189 212 -3.73241
189 213 -4.94497
189 264 -0.245905
189 299 0.262107
189 327 0.175911
190 206 0.238625
190 211 0.00397896
190 268 0.00583079
191 202 -0.0159825
191 209 0.00905342
191 210 -1.30083
191 231 0.172323
191 234 -8.39081
191 270 -5.53733
193 196 -1.39593
193 208 -5.53733
194 214 -0.303893
195 206 -5.79778
195 217 -0.312584
196 198 0.945475
196 208 -7.3512
196 223 -15.2315
196 238 -2.52745
196 251 -0.886457
196 258 -5.9645
196 329 -1.00331
196 333 -1.6976
196 339 -0.644758
196 341 -1.88061
197 200 0.212043
197 212 -0.0835021
198 207 -0.290282
198 223 -8.8115
198 238 -4.3345
198 239 -3.39518
198 251 1.14578
199 208 -4.37396
199 224 0.0118255
200 204 -2.73664
200 212 -1.57303
200 264 -6.62281
201 214 2.41897
203 219 -0.0865386
203 224 -0.955254
203 236 -21.4562
203 243 -13.1988
203 326 1.98413
203 342 -2.52745
203 346 0.107955
203 348 -1.39006
204 222 -9.60289
204 225 0.739453
204 261 -1.45533
204 264 0.188267
204 284 3.01573
204 287 1.56568
204 299 7.03781
205 214 0.886457
206 211 0.0166488
206 217 0.312665
206 218 0.0583796
206 228 0.331747
206 256 0.328441
206 268 0.0433451
207 211 -5.65834
207 239 -5.15771
207 249 -1.75131
208 224 -2.37103
208 258 -8.57661
209 227 0.220382
209 231 4.21824
209 233 -0.164861
209 242 -0.0149197
209 263 -3.52793
209 270 -5.56078
209 274 1.12195
209 276 -0.157703
209 277 -0.501594
210 229 -3.87061
210 234 -1.18877
210 262 -0.0389131
211 218 2.57841
211 228 0.00992049
211 249 -4.8442
211 257 0.00467847
211 268 -0.0201616
211 338 0.011962
214 215 1.28878
214 221 0.35073
214 226 -0.609465
214 230 -0.618144
214 232 5.559
214 247 8.58127
214 259 2.17908
216 220 -1.21064
216 222 -0.203388
216 237 1.62706
216 240 0.210659
216 241 -0.0885796
216 245 -9.97346
216 255 -5.53733
218 268 0.00570082
219 236 -4.14515
220 240 -1.00226
220 248 -0.0416473
220 254 -3.91844
221 226 -0.0852126
222 237 -0.202094
222 261 0.477905
223 238 -4.8442
224 258 -5.53733
224 339 -9.11179
224 341 -5.53733
224 342 -4.43612
226 227 -0.226632
226 232 -1.35423
226 242 -5.54149
226 247 -1.28685
226 259 -1.28832
226 265 -0.0549585
226 273 -1.97469
226 285 -0.0599313
226 306 1.42258
227 233 -0.030016
227 242 1.0551
227 263 -0.385027
228 253 2.12915
228 257 0.437833
228 268 1.81177
228 275 0.240738
228 316 -0.000288269
228 338 0.217048
229 244 -1.03792
229 262 0.076698
229 290 -9.06579
229 307 0.0188484
229 311 -0.0117186
230 246 -0.0544849
230 247 -1.64552
233 242 0.121771
233 263 -0.0817022
234 262 -0.0500711
234 270 1.46537
235 256 -0.207909
236 252 -1.31012
236 269 0.266842
236 280 -5.77726
236 321 -9.97346
236 346 -18.2638
236 357 -4.43612
236 362 -4.8442
236 366 0.402198
237 245 -13.5479
237 261 -0.0588155
237 283 -4.8442
237 292 -0.55042
237 299 -0.0856503
238 251 -7.39574
239 249 -2.44246
239 251 -6.60503
239 329 -1.04226
240 241 -0.245031
240 252 0.434708
240 254 -1.48585
240 260 -18.5175
240 267 -3.73241
240 271 -2.10127
240 282 -0.83062
241 255 -1.44559
241 267 -4.14515
242 263 -12.5555
242 265 3.39072
243 326 -9.45578
245 255 -0.0389131
245 266 -4.34836
245 283 -0.83062
246 247 0.905558
246 250 -2.02352
246 279 -1.03366
247 259 2.767
247 279 -6.33108
247 298 1.98633
247 306 -7.60956
248 252 -1.02654
248 254 -2.93164
249 268 -15.5108
249 329 -1.75287
249 332 -4.14515
249 345 -1.47101
249 347 -1.06853
251 329 -0.023346
252 254 -3.61891
252 260 -1.32411
252 269 -0.840002
252 280 0.840022
253 268 0.109735
253 338 0.0596922
255 266 -1.54979
255 267 -2.04678
256 262 1.85853
256 275 -0.848691
256 290 -0.506989
256 294 -1.60185
256 311 -0.385667
257 268 0.122805
257 338 0.0583799
258 341 -1.32411
260 271 0.101247
260 272 -12.1574
260 280 -1.32661
261 287 -0.317997
261 299 -0.248067
262 263 1.31986
262 270 -0.250258
262 275 -0.0362413
262 290 -0.952713
262 294 -0.614665
262 301 -2.41897
262 307 0.0439719
262 311 -0.542636
262 317 5.74122
262 323 -0.422036
262 336 -2.04373
263 265 -3.06429
263 274 -9.13832
263 276 0.467773
263 289 0.0243154
263 293 0.867119
263 300 0.205709
263 301 -3.10675
263 302 -1.06664
263 303 0.147845
263 307 0.0872819
263 309 -0.962998
263 311 -0.0117186
263 323 -0.0254089
264 299 0.00806299
264 327 -0.139806
265 285 0.0817848
265 289 -0.0533228
265 293 -7.04156
266 267 -0.0395185
266 278 -2.38368
266 283 -0.0278398
267 278 0.169996
267 282 -12.078
267 288 -0.0327828
267 296 -0.0930775
267 305 0.0183291
268 275 7.80005
268 291 2.17704
268 311 1.27485
268 313 3.41772
268 316 -0.00115317
268 319 -0.102358
268 322 1.00181
268 332 3.19267
268 337 0.0157597
268 338 3.04604
268 343 0.0394105
268 344 -0.200318
268 350 -8.61158
268 353 0.741421
268 376 5.11144
268 377 1.77536
268 389 7.56925
268 390 -10.5246
268 396 3.14018
268 398 -8.35873
268 405 -6.0051
268 408 2.14576
268 412 8.56139
268 413 -4.43612
268 417 3.18843
268 429 -3.57445
268 437 -1.98633
268 442 -1.54979
268 445 -2.14198
269 280 -0.867691
270 274 -4.14515
270 277 -1.32411
270 301 -5.79422
271 272 -0.369897
271 281 -0.101248
271 282 -0.274059
272 280 0.917838
272 281 0.685504
272 286 -0.328738
273 285 -0.717968
273 293 -8.20753
273 306 -2.3725
273 318 -0.199464
273 320 2.84227
273 325 -1.42244
273 328 -3.57445
273 331 6.80563
273 376 -5.53733
274 277 -5.18699
274 301 -0.83062
275 294 3.47005
275 311 1.33975
275 316 -0.00134283
275 322 2.23654
275 334 -6.32852
275 337 1.46862
275 338 0.354605
275 343 0.0525566
275 344 -0.265203
276 300 0.0064523
278 283 0.0164136
278 288 0.676349
278 297 -0.208657
278 305 0.0586753
278 308 0.492987
278 314 -11.1173
279 298 -4.46121
280 286 -1.33279
280 310 -3.47292
280 321 -0.618144
281 282 -0.001586
281 286 -0.0259197
282 286 -0.112453
282 295 -0.015906
282 296 -3.91844
283 292 -5.53733
283 297 -0.0104934
283 308 0
284 299 1.66155
285 293 -0.740165
286 295 0.836636
286 304 -7.16088
286 310 -9.25387
286 312 -4.72806
286 321 0.30044
286 361 -1.36431
286 366 -0.962998
286 371 -2.35159e-08
286 375 -9.50725e-08
287 299 2.08291
288 296 -0.316874
288 297 -0.0251662
288 305 0.511131
288 314 -14.5768
288 364 -10.3815
289 293 0.177435
289 300 0.0064523
291 313 0.0310354
291 338 0.142919
292 297 -5.53733
292 299 0.489891
292 308 -5.53733
292 330 0.244945
293 300 0.0129046
293 309 -11.3809
293 318 2.19012
293 325 2.52745
294 311 0.114593
295 296 -15.9189
295 304 -9.68841
295 361 -2.80607
295 371 2.14198
295 372 -4.45674
296 305 -1.3451
296 364 -4.43612
296 372 -4.8442
297 308 -0.0859261
298 306 -8.15406
298 328 -2.06181
299 315 5.11896
299 324 -3.14797
299 327 13.7136
299 330 4.91774
299 349 2.52745
299 356 -4.14515
299 359 -3.73241
299 364 -6.54381
300 302 -0.0285272
300 303 0.502897
302 303 6.38531
302 309 4.64942
302 323 -0.66452
302 336 -1.42007
303 307 3.31266
303 323 -0.377044
304 312 -5.53733
304 361 -2.47345
306 328 4.72767
307 323 -0.188176
308 314 -8.57661
308 330 -16.612
308 364 -5.53733
309 325 -2.80973
309 336 -18.9581
310 321 -0.775331
311 316 -0.000288269
311 317 -6.4296
311 323 0
311 336 0.960918
311 338 0.286224
311 350 -2.26698
311 376 1.29213
312 361 -2.78039
313 319 -0.524149
313 338 0.0948619
314 364 -1.00226
316 343 -0.00122077
317 336 -4.43612
318 325 2.62336
320 328 -1.97462
320 331 0.713064
320 335 0.0473725
321 366 -1.60463
322 338 0.070891
322 344 -0.0507953
323 336 2.86431
323 376 0.472765
324 327 -4.41438
325 336 0.133155
325 376 1.27158
326 342 -7.36776
326 348 -0.704796
326 352 -1.63089
327 356 -3.73241
327 364 -6.62017
328 331 -0.713064
328 335 0.0990334
329 333 -2.07019
329 345 -4.14515
330 364 -6.06894
331 335 1.92904
331 376 -8.74338
332 338 0.19121
332 347 -2.58569
332 354 -11.0747
332 363 -3.20605
333 339 0
333 340 -3.52711
333 345 -2.27269
334 337 -2.75863
334 343 -0.0477179
335 360 -0.13882
335 376 -1.72077
336 376 8.02407
336 384 2.30439
337 338 0.0184295
337 343 0.0240681
337 344 -0.0213188
338 343 0.100259
338 344 -0.0798629
338 353 0.111878
338 363 -0.669846
338 376 0.24247
338 377 0.114444
338 389 0.155691
338 396 0.155691
338 408 0.114836
338 412 0.47993
338 417 0.114836
339 340 -1.93561
339 341 0.618144
339 342 -0.274059
339 351 -6.78253
339 355 -3.10675
339 362 -3.57445
339 365 1.63282
339 367 -3.01573
339 368 -2.60766
339 370 -7.02519
339 373 0.0440387
340 345 -2.71175
340 347 -2.02352
340 351 -3.73241
340 355 -1.39593
342 352 -2.64699
342 362 -2.52745
345 347 -4.8442
346 348 -4.25317
346 357 0.0101661
346 358 -0.298925
347 354 -3.84434
347 355 -2.06181
348 352 -7.29503
348 357 0.0186191
348 358 0.2249
348 362 0.374948
349 359 -3.91844
349 364 -4.43612
350 376 -2.55288
352 362 -1.27785
354 355 -0.148121
354 363 -1.69086
354 365 -9.26974
355 365 -3.73241
356 364 3.07447
356 426 -0.0322823
357 358 0.0185683
357 362 0.0726002
358 362 0.403744
359 364 2.02953
359 426 -0.0322823
360 376 -3.73241
361 371 -3.31854
362 366 -12.4113
362 367 -0.871131
362 369 0.281429
362 374 -4.69533
362 380 -1.04226
363 365 -1.42058
363 377 -1.52308
364 366 -1.63282
364 372 4.94009
364 386 2.88605
364 387 -7.87318
364 392 -5.17299
364 393 -0.0238504
364 395 -2.15164
364 397 1.59251
364 399 -6.8569
364 414 3.42218
364 415 -1.27785
364 416 -1.78489
364 418 3.00788
364 419 -2.64699
364 423 -4.28212
364 426 -1.00032
364 427 0.116608
364 428 0.00997554
365 370 -5.4322
365 377 -9.36148
365 385 -5.78512
365 390 -18.4463
365 400 -2.02352
365 401 -2.41026
365 407 -0.95034
365 413 -3.73241
365 429 -1.98633
365 444 -2.54171
366 375 -6.19931
366 380 -10.3815
366 382 -5.53733
366 399 1.6083
366 418 -1.10372
367 368 -2.71175
367 369 -0.281429
368 369 -3.01573
368 373 -1.91155
368 383 -13.7262
368 391 -2.85143
369 374 -0.386023
369 378 -0.00778178
369 380 1.16715
369 383 -0.402198
370 373 -2.62078
370 385 -0.687271
371 372 -0.905358
371 375 0.627504
371 379 -0.148121
371 381 -2.78039
371 382 -5.00358
372 379 -0.886457
372 387 -0.242411
372 426 -0.0645647
373 385 -6.73084
373 391 -3.62845
373 402 -2.93164
373 403 -4.88749
373 406 -5.09789
373 425 -1.69187
373 440 -0.704796
374 378 -0.707637
374 380 -0.226632
375 381 -5.10721
375 382 -1.98633
376 384 0.538819
376 394 0.418426
376 421 0.483906
377 390 -1.33274
378 380 0.176489
378 388 -1.40832
379 382 -0.386023
379 387 -0.353819
380 383 -2.08175
380 388 -3.68936
380 391 -3.57445
380 404 -0.334447
380 410 -2.66787
380 418 -3.91844
380 424 1.17281
381 382 -1.99934
382 387 -0.687271
382 399 -9.97346
385 400 0.00778166
385 402 -6.03839
386 392 -1.18877
386 393 -0.116694
386 395 -1.63282
387 399 -4.14515
389 398 -4.08264
390 413 -0.386023
391 403 0.451047
391 404 -3.91844
391 411 -0.618144
392 393 -4.59269
395 397 -0.342753
397 426 -0.0322823
398 405 2.36822
398 408 -3.4241
400 401 -2.07645
400 402 -3.01573
401 402 -1.44559
401 407 -0.305845
402 406 -7.02519
402 407 -0.722426
402 409 -2.85347
403 404 -7.65085
403 411 -1.70316
403 424 -3.01573
403 433 -0.687271
403 440 -2.58569
403 442 -0.758016
404 411 -8.57661
404 424 -0.668895
405 408 -1.12464
406 409 -0.635286
406 425 -3.10675
407 409 -0.867703
407 425 -0.580196
407 444 -2.27269
409 425 -4.8442
410 418 -22.0021
410 420 -5.86421
410 422 -5.53733
410 424 -0.00778178
413 429 -1.60463
414 416 -2.81338
414 419 -1.91493
414 426 -0.18376
416 419 -4.84221
418 422 1.94647
418 424 -5.53733
418 426 -0.18376
418 427 0.240832
418 428 1.56826
418 433 0.0233459
418 435 -0.300942
418 438 0.228872
418 443 -4.14515
423 426 0.0726107
423 430 -1.60787
423 432 -4.0162
423 436 -1.00769
424 433 -4.14515
425 440 -0.187719
425 444 -1.14578
426 427 -0.161738
426 428 -0.104568
426 430 -0.0818118
426 431 0.874691
426 434 0.0424492
426 435 -0.0724014
426 436 -0.793301
427 428 0.566376
428 434 0.00590948
428 435 -0.716255
429 437 -0.101248
429 444 -1.34772
430 431 -0.163624
430 436 -0.975691
431 436 -0.859783
432 436 0.636592
432 439 -0.303579
432 441 0.0811229
433 442 -1.54979
433 443 -1.26404
434 435 -0.0407828
434 436 -0.0134903
435 436 -0.0209095
435 438 -0.275669
436 438 2.94504
436 439 -0.913157
436 441 0.0201753
437 445 -0.943623
438 441 0.00593715
438 443 -9.63345
439 441 -0.00232462
440 442 2.64922
440 444 2.68343
442 443 -7.31987
442 444 0.853775
442 445 -0.107117
442 446 -5.65765
443 446 -0.291275
444 445 -0.0535583
