MULTICUT
0 12 2.14198
0 13 2.78039
0 16 2.71175
0 26 6.08405
0 33 2.14198
0 40 7.04247
0 43 0.483906
0 113 5.54087
1 2 7.24672
1 4 3.27655
1 9 0.24241
1 32 4.44782
1 46 2.27269
1 53 0.271321
1 56 0.266695
2 3 4.812
2 7 2.82491
2 8 4.62707
2 9 3.48334
2 21 3.57445
2 22 3.20604
2 23 2.85164
2 25 2.41897
2 28 6.03789
2 35 6.2135
2 39 5.38092
2 44 14.1558
2 45 16.7978
2 46 2.11067
2 47 2.78039
2 49 8.91645
2 54 4.9688
2 59 0.345407
2 62 2.52745
2 65 2.26031
2 71 2.14198
2 72 3.43226
2 74 4.96444
2 82 2.10127
4 13 1.64914
4 29 1.56111
4 32 7.9033
4 48 0.356975
5 16 4.22328
5 24 2.18405
5 37 2.85347
5 57 9.47873
5 87 5.12982
5 104 1.84422
5 111 7.61909
6 10 -0.618144
6 15 -1.00226
6 18 -6.53739
6 19 1.58439
6 20 1.90672
7 23 0.043349
8 23 0.0886431
10 11 -5.53733
10 15 -6.35106
10 22 -11.0747
10 31 -4.8442
11 14 -5.53733
11 22 12.6484
11 38 3.3114
13 29 0.164083
13 113 3.8604
14 23 -5.47873
14 27 -4.8442
14 38 -2.78039
15 20 -9.65194
15 31 -11.0747
16 24 2.93164
16 30 2.52745
16 40 5.90006
16 64 2.06181
16 67 3.57445
16 77 2.22758
16 78 2.06181
16 80 2.85347
16 83 2.71175
16 86 12.0736
16 89 1.4749
16 98 8.33236
16 99 1.84714
16 100 0.518729
16 110 3.10675
16 113 10.5493
16 130 1.04226
17 18 -4.14515
17 34 -4.8442
18 19 -0.886891
18 34 -6.64815
18 41 -0.467445
19 20 0.604344
19 41 -1.95015
20 31 -2.14198
20 36 -0.592585
20 41 -4.36776
20 42 0.395253
22 23 1.57633
22 27 -1.14646
22 31 1.68115
22 38 2.38072
22 50 3.10691
22 58 5.94737
22 60 5.11699
22 70 4.03814
22 71 3.01573
22 73 10.5086
22 74 6.54478
22 76 2.6495
22 88 3.01573
22 91 10.63
22 107 4.23247
22 114 -2.32988
23 27 -0.632231
23 28 0.177729
23 45 0.177729
29 48 0.555585
29 113 0.462336
31 36 -13.4149
31 50 0.0966578
32 48 5.2403
32 53 0.248718
32 54 7.24663
32 56 0.521788
32 61 8.45707
32 68 0.248231
32 69 6.09435
32 84 5.15771
32 85 3.73241
32 103 0.601089
32 108 3.01573
32 113 1.07421
33 113 1.81446
34 41 1.45242
34 52 -3.31536
34 55 -1.45546
34 63 -0.0552127
36 41 -13.7059
36 42 -1.8751
36 50 -9.97346
40 113 5.57982
41 42 -3.57445
41 50 1.51623
41 51 1.60463
41 52 -9.62984
41 70 1.52308
41 75 -5.53733
41 79 -3.03669
43 113 1.78253
45 49 1.41952
46 53 1.54064
46 54 7.90927
48 113 5.30812
50 70 8.68539
51 52 -4.8442
52 55 -5.53733
52 75 -2.27269
53 54 2.02352
53 56 2.42464
54 56 4.00825
54 59 3.57555
54 65 0.827636
54 66 1.78253
54 68 4.13681
54 72 3.29867
54 90 -3.20605
54 95 -2.15831
54 97 2.79649
54 103 2.71175
54 108 8.16853
54 112 -0.678763
54 123 3.61029
54 124 3.01573
54 129 0.0483556
54 138 0.0582314
54 143 2.02856
54 156 4.83608
54 165 -5.67217
55 63 0.314134
55 75 -5.53733
56 66 2.49531
56 68 3.48716
63 75 -8.58127
63 79 -0.517023
63 92 3.96658
66 68 1.66155
67 113 3.20604
69 85 2.38853
69 113 3.52035
70 73 2.31952
70 79 -3.65634
70 81 4.29907
70 88 7.78405
70 91 3.60373
70 92 0.275646
70 93 7.46051
70 94 1.2089
70 101 2.38661
70 109 4.10098
70 117 -0.48578
70 118 1.70354
70 119 1.72242
71 74 1.53755
72 74 2.36822
72 90 -12.8919
73 88 4.98115
74 90 -3.10675
74 102 -7.2338
74 107 2.53692
74 115 -0.00778178
74 116 -9.26974
74 120 3.25113
74 139 -1.75131
74 151 -4.43612
74 155 -3.73241
75 79 -4.43612
79 92 -2.45421
83 86 1.98633
85 96 1.72077
85 108 7.69568
85 113 15.3895
85 123 3.73241
86 110 2.22758
86 113 16.3803
88 91 0.867703
89 100 0.0799755
89 113 3.5394
90 95 2.52745
90 102 -1.94512
90 106 -17.6918
90 115 0.72242
90 116 1.83086
91 114 -0.298248
91 119 0.658772
92 94 1.10093
92 101 4.28467
92 105 5.18174
92 133 0.81921
92 135 0.00236639
92 141 -0.0211277
92 166 -0.107148
94 101 1.86805
95 97 -0.0366857
95 106 -12.7764
95 112 -2.18405
96 113 2.41897
97 112 -8.06596
97 129 0.0424626
97 138 0.0467958
98 104 3.37898
98 111 0.419044
98 130 3.87605
98 131 2.04132
98 136 0.434232
99 110 2.27269
99 113 1.95015
100 113 2.8665
101 105 0.0955232
101 109 0.303609
101 117 -0.0962256
101 119 0.687258
101 128 -0.687271
101 134 -0.0104594
102 115 -3.31536
104 111 0.420333
104 131 1.05707
105 128 -0.552128
105 133 0.0536627
105 135 0.00187772
105 141 -4.97067
105 157 -3.57445
105 176 -0.652519
105 180 -0.101248
106 112 -0.0880761
106 116 -7.51478
107 114 -4.45345
107 120 0.2911
107 125 0.273646
108 123 8.53603
109 117 -0.211484
109 119 0.374104
110 113 11.2778
111 131 3.77407
111 150 1.19115
112 116 0.113772
112 129 -0.0459347
112 138 -0.0491858
113 121 8.2903
113 122 6.02518
113 123 5.23005
113 130 5.46863
113 144 9.41837
113 146 2.66712
113 149 3.38226
113 150 0.24494
113 152 0.276485
113 159 1.32951
113 168 2.70677
113 179 0.266854
113 183 8.42076
113 201 5.20795
113 205 0.103062
113 224 -0.074813
113 233 6.61446
113 238 -0.195983
114 119 -0.77171
114 120 -0.0692366
114 125 -0.870786
115 116 2.78533
116 126 3.2832
116 127 -0.26071
116 129 0.142535
116 137 -0.0769394
116 138 0.875223
116 139 1.00226
116 140 0.0636488
116 142 0.0154718
116 145 -1.70762
117 119 -0.549611
118 119 0.137575
119 125 -0.0162602
119 132 -0.731489
119 134 -1.63092
119 148 -0.00781583
119 154 1.72077
119 160 -0.661981
119 163 -12.0076
119 171 -2.93164
120 125 0.0695427
120 132 3.73166
120 155 -4.43612
120 161 2.2269
120 173 -2.34529
122 123 4.41707
122 146 0.289934
123 143 5.88078
123 146 6.83593
123 149 6.45896
123 156 0.245468
123 168 7.58267
123 174 7.07773
123 185 1.66676
123 187 -3.3029
123 194 0.0271974
123 195 0.0210139
123 197 0.100896
123 199 -0.0840428
123 201 3.20604
123 205 1.13731
123 207 -0.774086
123 225 1.354
123 232 3.10675
123 234 6.51007
123 246 2.26508
125 132 0.0372824
126 127 -0.208213
126 145 -1.788
127 137 0.147739
127 140 0.0140977
127 142 0.0070488
128 134 -5.79173
128 148 -3.10675
128 164 -3.82918
128 180 -0.32685
129 138 1.50615
130 136 0.389414
130 152 -0.506662
130 159 0.0319256
131 136 0.0862602
131 150 -0.0239379
131 152 -0.744567
131 159 -0.268089
131 162 -0.053627
132 160 -0.39598
132 173 -1.68266
132 178 -5.53733
132 190 -0.233335
132 203 0.597425
133 135 0.000629477
133 141 -0.0178426
133 147 -0.887982
133 153 -0.324747
133 157 -2.63957
133 166 -0.0428708
134 148 -0.00171113
135 141 -0.00757851
136 152 -3.59923
137 140 5.43704
137 142 0.0439418
137 145 2.43525
137 155 -0.998213
137 158 -0.118041
138 140 0.0327051
138 142 2.10862
138 156 7.5209
138 165 -3.9108
138 182 4.14515
139 145 -3.01573
139 151 -1.29673
139 155 -0.592662
140 142 1.86125
140 155 -0.0778642
140 158 -0.0663419
140 181 0.0419874
140 182 0.377592
141 153 -2.59366
141 157 -3.41712
142 182 0.942804
145 155 -0.465732
147 153 0.036227
147 157 1.20787
148 163 0.663924
148 164 7.72259
150 159 1.25321
150 162 0.124792
150 183 0.195336
151 155 0.592662
152 159 2.77455
153 157 0.630066
154 160 -0.81228
155 158 1.21932
155 161 -3.32585
155 170 0.289934
155 172 -2.8485
155 173 0.617108
155 181 -3.43706
155 192 -0.536287
156 165 -2.86344
156 182 2.85347
156 187 -0.489491
156 196 1.38703
156 200 7.96731
156 209 0.012971
156 225 2.32674
156 226 4.54812
156 236 2.66725
156 243 1.06597
156 263 2.7963
156 264 -5.53733
156 273 -0.133202
157 166 -0.202257
157 167 1.7983
157 169 2.40214
157 176 0.754095
157 184 -0.0292344
158 181 -4.15461
158 182 -1.50949
159 162 3.01426
159 175 -0.19694
159 179 1.16253
159 183 6.38127
160 163 -2.31952
160 178 -8.92327
160 186 -3.43706
161 173 -0.962283
163 164 0.101247
163 171 0.51936
163 177 6.78141
163 186 3.44623
163 191 -0.658632
163 198 1.16494
163 203 -4.8442
164 177 1.46156
164 180 10.2813
164 189 0.666215
164 202 0.178727
164 204 3.0844
166 169 0.368869
166 184 -0.624078
166 193 -0.694078
166 208 0.963392
166 211 -8.11886
166 227 0.329445
167 169 1.49683
169 176 0.796884
169 180 0.501951
169 184 -0.408873
169 206 0.00274661
169 208 3.94621
169 212 -3.44127
169 215 -0.164239
169 220 -1.02874
170 172 -1.30083
170 181 -3.04489
171 177 0.413031
172 181 0.0544848
172 188 1.54197
172 192 0.770983
173 190 0.543075
173 192 -0.470225
173 203 -0.350364
174 185 -0.00689158
174 187 -1.04305
174 194 0.867099
174 196 1.4474
174 199 0.0375085
174 207 0.0210561
175 183 -4.6028
176 180 1.02958
176 215 -0.0744207
177 189 5.28055
177 198 4.21287
177 202 -0.0457372
177 203 -2.77727
177 210 -0.0758508
177 219 2.12135
177 221 4.74171
177 228 1.25541
177 235 -1.02871
178 186 2.18507
178 203 -10.3815
180 204 0.294701
180 206 2.37354
180 215 -0.129119
180 218 2.72374
180 220 -1.9029
180 229 1.88061
181 182 6.38155
181 188 2.01732
181 209 0.762502
182 209 8.44728
184 193 -3.35222
184 208 -0.0194879
185 194 -0.0168392
185 197 -0.391069
185 199 -0.0584172
185 207 -2.00129
186 203 -5.53733
187 196 -0.720703
188 192 4.15287
188 203 0.00036293
188 209 4.02144
188 213 0.634366
188 230 0.0152913
188 249 8.30461
188 262 -0.377216
188 266 3.89419
188 271 0.0494072
188 272 0.489367
188 282 0.0394148
189 202 1.0435
189 210 -0.740165
190 192 -0.138849
190 203 -0.233965
191 198 -0.722426
192 203 0.703362
192 213 5.89601
192 230 2.70481
192 282 0.64283
194 196 2.17711
194 199 1.37047
194 200 0.056936
194 207 1.79426
194 222 0.071289
194 223 -0.059661
194 225 0.430124
195 197 0.0876558
195 205 0.237144
196 200 2.06183
196 214 0.477971
196 223 -0.0174534
196 225 0.310416
197 205 1.08294
197 207 -0.22031
197 222 0.0565535
197 225 0.245066
199 207 0.23676
200 214 5.2064
200 222 0.375413
200 223 0.00120087
200 225 3.40659
201 224 -0.0204685
201 232 7.37807
201 238 -0.0251182
202 204 0.543443
202 210 -3.57237
202 216 -0.0249946
202 217 6.01681
202 235 1.8973
202 237 2.47197
203 221 -1.78817
203 230 0.402166
203 251 2.51649
203 282 6.08141
203 306 5.29743
203 323 0.152232
203 333 -5.43397
203 358 -5.53733
203 365 -11.0747
203 374 0.0599215
203 384 2.65033
203 401 -9.26974
204 216 -0.418308
204 218 5.64866
204 235 1.55805
205 225 1.60039
206 215 -0.1094
207 222 -0.102135
207 225 -2.31367
208 211 -0.33625
208 212 -0.305845
208 227 4.03592
208 239 -0.10389
208 240 -0.0256447
208 244 0.99156
208 245 3.50099
208 255 0.499349
208 268 0.214328
209 256 -1.2053
209 262 -0.129463
209 273 -0.969565
209 282 -0.00691666
211 227 -0.417504
211 244 0.630195
211 245 -0.0185033
212 215 1.56705
212 220 0
212 239 -2.52745
213 230 2.44508
213 271 0.0300184
213 282 0.117666
214 223 0.000669521
215 220 2.46989
215 229 -0.541056
215 239 -1.3042
215 240 -0.63942
216 217 -0.399633
216 235 -3.77508
217 235 0.253319
217 237 1.2733
218 229 3.20622
218 235 3.77398
218 240 5.08666
218 241 0.890496
218 251 3.37234
218 268 -11.0747
218 284 -3.8475
218 311 -5.53733
218 329 -9.28032
219 221 2.85347
219 228 1.41686
219 235 -0.167134
220 229 -4.43612
221 228 3.96707
221 235 -0.167134
221 251 -0.916629
222 223 -0.00275708
222 225 4.01286
223 225 0.00119132
224 233 0.00204016
224 238 1.10786
224 253 3.93579
225 231 2.58569
225 234 2.47197
225 248 8.88974
225 250 6.62673
225 257 6.31809
225 259 0.758015
225 261 0.17733
225 264 -5.53733
225 274 1.7012
225 277 7.4929
225 285 -0.637141
225 289 5.75374
225 304 -4.14515
225 312 5.63734
225 324 5.01426
225 344 1.01353
227 245 0.0150759
228 235 -5.63557
228 251 -4.96034
228 265 -1.18556
229 240 2.01161
230 271 -0.0119371
230 282 1.55461
231 248 1.57696
232 238 -0.0171264
232 242 5.11479
232 246 1.69454
232 247 3.43706
232 258 -2.58569
233 238 -0.0339298
233 253 0.085458
233 276 -0.0766248
234 246 1.37616
234 248 10.4357
235 237 4.63338
235 251 1.29586
235 265 2.70381
236 243 0.487025
238 253 2.54131
238 258 -6.06321
238 260 -1.2859
239 240 0.440736
239 255 -0.179915
240 255 -0.111273
240 268 -9.32965
242 247 1.72585
242 258 -4.8442
242 267 -3.12435
242 278 0.0180523
242 293 -2.5147
242 294 -0.369897
243 263 3.1242
243 264 -1.91105
244 245 0.220154
244 254 8.54674
244 255 0.815439
244 268 2.47701
244 279 0.534963
244 295 -0.00937124
244 315 0.0114291
244 321 -0.00731339
246 247 5.39246
246 248 1.72219
246 252 2.02352
246 261 0.231931
246 269 0.861107
246 270 2.89856
247 252 1.75146
247 269 0.177852
247 278 0.0199348
247 293 -0.208393
248 259 2.07019
248 261 7.51442
248 269 0.688428
248 324 1.2147
248 382 -0.153059
249 282 -0.0138333
251 265 4.17416
251 323 7.86697
251 329 -5.53733
251 352 0.809165
251 357 -5.53733
251 392 -4.8442
251 404 0.0699801
251 411 -2.79456
251 418 -4.8442
253 258 -0.644732
253 260 -0.637635
253 275 -0.0928306
253 276 -1.25849
253 290 4.53527
253 308 2.71774
254 268 0.952807
254 286 0.906905
254 295 5.73893
254 296 -0.23122
254 297 0.806857
254 305 3.47006
254 315 -0.158145
255 268 3.42727
256 262 3.77145
256 273 0.2297
256 280 0.958735
256 283 1.87429
258 260 0.0578087
258 267 -2.11057
260 267 -0.436514
260 276 -0.270339
260 290 -0.354122
261 269 6.43913
261 324 0.632504
261 382 -0.188648
262 266 -1.35312
262 272 -8.23349
262 280 1.88057
262 282 -4.26395
262 283 1.6017
262 300 -0.678918
262 333 1.07403
262 343 4.22395
263 264 -5.42306
263 273 -0.0666256
263 288 -2.45377
263 292 -7.87318
263 302 0.177895
263 309 -2.35596
264 285 -10.3815
264 302 -2.35474
266 272 3.01513
266 282 -0.0138333
267 290 7.70625
267 294 0.574258
267 298 1.06096
267 307 -0.241696
267 310 0.236597
267 317 -0.135384
267 318 0.534184
267 326 -0.118229
268 279 2.01273
268 284 -14.5326
268 286 0.0560928
268 295 0.0162607
268 297 0.103424
268 299 1.63755
268 305 0.276938
268 311 -0.446049
268 315 0.00116807
268 321 -2.42105
268 329 3.23455
268 342 -3.04976
269 270 3.57465
269 293 0.804636
269 301 7.11271
269 307 6.27045
269 324 4.49204
269 325 2.8209
269 332 3.73241
269 338 4.86052
269 345 1.162
269 360 2.04232
269 367 -3.57445
269 382 -0.214662
269 383 0.55795
269 389 0.665105
271 272 1.06262
271 282 -0.490708
272 282 -11.0196
272 300 1.76004
273 281 -0.0693072
273 283 0.867782
273 287 0.0671235
273 292 0.0714909
274 285 -0.637141
274 303 -4.8442
274 304 -3.91844
276 290 -8.19771
278 293 -2.90312
280 283 4.38971
281 287 -2.15307
281 292 -0.993763
282 300 -0.353819
282 333 -0.415446
283 287 0.618144
283 291 3.16688
283 314 0.196888
283 322 0.54555
283 336 0.502824
283 343 1.30083
284 311 -0.295257
285 302 -0.148121
285 303 -7.35482
286 295 0.0941937
286 296 -0.115747
287 291 3.06552
287 292 3.8719
287 320 0.291423
287 322 -0.251866
287 334 -3.43706
287 335 0.288102
287 336 0.0381117
287 337 0.597155
287 366 0.0347988
288 292 0.0856502
290 298 1.51831
290 308 9.804
290 318 1.17861
290 319 -0.245818
290 326 -0.120852
290 327 1.43234
291 314 -0.160455
291 322 -0.927851
291 337 -0.125837
292 309 0.0856502
292 320 1.86312
292 328 3.72775
292 335 1.45787
292 337 0.579792
293 294 0.0151144
293 307 1.69694
294 307 -0.00402436
294 310 0.0028987
294 317 -0.00515019
295 296 -1.02242
295 297 0.304396
295 305 -0.0131216
295 315 -1.26684
295 321 0.269605
295 341 0.100978
295 349 3.43877
295 350 -0.0745355
295 356 -0.618144
295 375 -2.60974
295 387 0.203307
295 390 0
296 341 -0.230917
302 303 1.18877
302 309 -0.742013
302 328 -0.867843
302 330 -1.81473
303 304 -0.00557263
303 313 -0.0577668
303 330 -0.283755
303 348 -4.2607
304 312 -0.803637
304 313 -0.0351682
304 348 0
305 315 0.0147509
305 321 -0.0114924
307 310 -1.06315
307 317 3.15405
307 332 7.8803
308 327 2.72577
308 340 2.43953
308 347 -0.193892
308 351 -3.88027
309 328 0.763632
310 317 -0.0876787
312 313 0.241822
312 316 0.125207
312 331 -3.20605
312 344 1.00095
312 348 4.18043
313 316 1.13714
313 331 -0.225429
313 344 0.0130359
313 348 0.276214
314 322 0.0488262
315 321 -0.205268
316 331 -0.949333
316 348 0.0314548
317 326 0.0086771
317 332 5.41722
318 319 -0.0605584
318 326 -0.117991
319 326 -2.85347
319 327 -0.325047
321 342 0.0154127
321 349 -0.306709
321 350 -0.00207655
321 390 -0.00350469
322 334 -4.14515
322 335 0.212546
322 336 1.42869
322 337 1.99263
322 366 0.122024
322 399 -3.43706
323 352 1.48682
323 358 -1.06021
323 365 -8.76265
324 338 0.0194632
324 344 0.476582
324 345 0.796242
324 359 1.69767
324 361 1.87406
324 371 1.34911
324 372 0.198558
324 377 2.0368
324 382 -1.62471
324 386 -0.283988
326 327 -0.241704
326 332 0.109113
327 332 0.901112
327 346 1.19231
327 347 1.51359
327 351 0.387356
328 330 1.62669
328 335 -0.674438
329 342 -0.0340323
329 357 -0.758016
329 362 -7.87318
329 388 -3.31536
330 335 -0.329702
330 348 -1.12464
330 364 -4.57581
330 369 -1.08303
332 339 9.58123
332 346 0.994084
332 354 1.57696
332 355 0.103859
332 367 -3.91844
333 343 0.919301
333 363 0.115918
333 374 -0.195887
333 385 -0.0462508
333 396 -0.00780416
335 337 2.47113
335 353 -2.98383
335 364 3.10675
335 379 -3.10675
335 405 1.98633
336 337 0.329455
336 343 3.50831
336 366 4.71824
336 396 -0.687271
336 412 -1.25517
337 353 -1.09389
337 366 0.0438386
337 379 -5.66272
337 399 -4.43612
337 405 0.81228
337 407 4.36235
337 413 -2.76345
337 424 -3.73241
337 433 -0.845925
337 447 -0.117956
338 382 -0.0801754
338 383 0.0584544
339 346 0.445408
339 354 0.0823195
339 355 0.113806
340 351 -1.42144
341 368 -5.53733
341 375 -1.17193
342 349 -0.270798
342 350 0.582628
342 388 -5.53733
342 391 -2.93164
343 363 0.0171109
343 374 -0.00873568
343 396 -1.535
344 348 1.79366
344 361 1.42663
344 377 0.339967
345 382 -0.130804
346 347 -0.205225
346 351 -3.71921
346 355 8.26194
346 381 -0.11129
346 393 0.135455
346 400 1.57321
346 410 0.27091
347 351 1.25958
348 361 1.42707
348 369 -9.68841
348 370 3.73241
348 376 1.59496
348 380 4.84307
348 395 -0.0309771
348 397 -4.57668
348 408 -5.53733
349 350 -0.127549
349 356 -1.60003
349 387 0.476594
349 390 0.972089
349 443 0.0241985
350 390 -3.14286
350 391 -1.15392
351 381 0.258338
351 393 3.41555
351 400 -1.00746
352 365 -10.7885
352 404 0.0709473
352 428 -2.47472
352 435 2.79254
352 438 -4.70337
352 450 -4.43612
352 470 -4.8442
352 484 1.18516
352 493 -4.8442
352 494 -5.53733
352 498 -10.3815
352 499 -4.8442
352 510 -5.53733
352 511 0.184231
352 513 -5.53733
353 379 -2.10127
354 355 0.703235
354 367 -4.56293
354 373 -0.242411
354 378 -0.121729
355 378 -0.319699
355 403 0.743258
355 410 2.7699
355 417 -0.358499
355 420 0.861619
355 421 -0.0726249
355 430 0.795588
355 434 0.364557
357 362 -5.53733
357 392 -1.21064
358 365 2.10127
359 377 7.03181
359 386 1.11629
360 367 -4.99698
360 373 0.33694
360 378 -1.05192
360 389 4.57484
360 403 0.00491688
361 377 2.14335
361 394 4.85069
361 395 -0.116773
361 425 3.95191
362 388 -5.53733
362 392 -2.78039
363 374 -2.52333
363 385 -3.36905
363 396 -1.77473
364 369 5.56977
364 405 3.56841
364 442 -1.84714
365 401 2.36822
365 435 -0.845134
365 438 0.28276
366 399 -5.15922
366 412 -13.2569
367 373 -0.517023
368 375 3.13165
368 387 -2.78039
368 422 3.75662
368 505 -0.146772
369 397 -1.25517
369 408 2.22758
369 429 -8.2903
369 442 -1.66155
370 380 2.93164
370 408 -5.53733
371 372 0.00259389
371 386 -0.672819
372 382 -0.460221
372 386 -0.0367402
373 378 -0.0787412
374 384 3.40858
374 385 2.17975
374 396 0.00581965
374 427 -0.302185
375 387 -3.71545
376 380 0.331501
376 394 2.25053
376 395 -0.182
377 382 0.504394
377 386 4.03129
377 402 6.06718
377 415 6.51337
377 419 4.59715
377 425 0.918015
377 445 6.50615
377 446 0.369897
377 457 4.05037
377 463 2.85347
378 403 -0.462991
378 417 0
380 394 6.97587
380 406 0.339381
380 408 -10.3815
380 439 -4.8442
381 393 1.19415
381 400 -0.161904
382 383 -0.261475
382 386 0.601089
382 398 0.101247
382 402 2.30607
382 414 6.03111
383 389 1.26145
383 414 3.50582
384 385 0.126594
384 401 -2.97342
384 412 1.81472
384 427 -1.55719
384 435 2.49006
384 484 2.13811
384 497 0.816456
385 396 0.0240577
385 412 0.17431
386 398 1.32411
386 402 3.39046
387 422 -17.0225
387 443 4.05552
387 505 -3.73241
388 391 0.598059
388 392 -11.0747
388 418 -0.635286
388 437 -5.18322
389 403 2.96492
389 409 5.54326
389 414 2.92144
389 416 -0.517023
389 434 2.21716
390 391 1.81256
390 443 2.01962
391 437 0.0981832
391 443 2.60287
392 418 -0.962998
393 400 0.294639
393 410 1.46659
393 431 0.418426
394 395 -0.196134
394 406 2.77575
394 425 3.84216
394 436 5.68054
394 439 -5.53733
394 454 -4.55298
396 412 1.28582
397 408 -1.62469
398 402 0.721522
399 412 2.25896
399 413 -3.02829
399 432 -0.0267102
400 410 0.589278
401 427 0.02115
401 435 -1.38912
402 414 4.10207
402 446 0.635286
402 457 3.43706
403 417 -0.223038
403 434 1.34978
404 411 -0.13996
404 428 -0.354603
404 441 -3.57445
405 407 7.41951
405 442 -0.179458
405 447 -0.0601348
405 451 2.3279
407 433 -0.0123234
407 447 -0.193324
407 451 0.0964375
407 456 -0.0365271
407 482 -0.401912
408 429 -5.53733
408 436 -8.06359
408 439 3.33551
408 444 -4.86347
408 468 -3.73241
408 469 2.52745
408 491 0.761541
409 414 3.94518
409 416 -2.50164
409 434 7.32597
409 448 0.535061
410 421 -1.1665
410 430 2.70793
410 431 2.64699
410 455 -0.148121
411 418 -5.53733
411 440 -5.53733
411 441 -0.483906
412 413 -2.1783
412 423 1.27797
412 452 0.360231
412 458 2.22473
412 459 0.872515
412 497 9.39016
412 512 3.19888
413 424 -0.0183612
413 426 1.65609
413 432 0.0534204
413 452 -0.033473
413 458 -0.0124993
413 459 0.150001
413 462 0.236501
414 416 -1.57696
414 448 1.1906
414 457 3.57445
414 464 7.83603
414 479 3.58296
414 492 6.39835
417 420 -0.20615
417 430 -1.08282
417 434 -0.406605
418 437 1.60463
418 440 -0.242411
420 421 -0.669846
420 430 0.814928
421 430 -1.49683
422 480 0.00811029
422 483 0.652333
422 496 1.13396
422 505 -1.75056
422 534 0.281066
422 546 1.45838
422 551 1.73369
424 426 -0.0644392
424 433 -1.69299
425 445 3.23655
425 454 -8.74338
425 467 2.92136
425 471 2.17648
426 433 0.230045
426 447 1.88993
426 460 0.264213
426 462 0.574855
427 435 -0.273424
428 441 -0.262591
428 450 1.36025
428 486 0.130222
429 442 -6.75914
429 444 -3.05227
430 434 3.52971
430 455 -3.81798
430 461 9.08576
431 455 -4.21631
431 461 1.67716
433 447 0.438948
434 448 0.386023
434 461 6.99055
435 438 -0.564937
435 484 3.96077
435 511 0.42083
436 439 -5.53733
436 454 -2.05112
436 474 0.133446
436 491 -4.8442
437 440 -6.6431
437 443 3.29783
437 465 -3.95644
437 477 -8.1676
437 508 0.475411
437 509 2.72481
437 518 0.38075
437 523 -1.25799
437 545 2.42237
437 547 -0.0489146
440 441 -7.85993
440 450 -5.53733
440 486 -1.49683
440 508 -2.15177
441 450 -0.157749
442 444 0.46973
442 449 -3.78657
442 451 -1.37165
443 477 -0.148121
443 489 0.157548
443 502 3.98748
443 505 -7.4929
443 523 -0.0426004
443 552 2.17154
443 561 -2.42832
443 572 -0.168981
444 449 -0.94037
444 451 0.869609
444 468 -1.01807
444 473 1.95816
444 485 -0.0782845
444 491 -0.280957
445 457 0.345771
445 463 1.31523
445 467 5.32544
445 472 2.85347
445 487 -5.53733
446 457 2.22758
447 451 -0.0964375
447 453 0.529508
447 456 1.50702
447 460 1.57696
447 466 2.88326
447 476 2.14457
448 461 3.14235
448 464 5.68572
449 451 -9.7505
450 470 4.46963
450 486 2.57862
450 493 0.0154751
450 494 -0.000273537
450 498 0.0677018
450 503 0.930814
450 520 0.208014
450 535 1.5069
451 473 4.00678
451 482 -3.02433
451 501 -13.2895
451 506 -3.01573
451 507 -2.18405
452 458 1.09797
452 459 0.083677
453 456 0.997947
454 471 -1.9924
454 474 -0.263394
455 461 -1.95996
456 476 5.27398
456 482 -0.108944
456 504 0.371985
456 506 -0.561109
457 463 1.38917
457 478 4.83105
457 479 8.82093
457 487 -2.02352
457 500 0.0978213
457 515 6.19967
457 517 3.27972
457 519 2.79911
457 522 -0.0815391
457 541 0.0514478
457 549 0.0181097
458 459 1.02243
459 462 2.02271
459 475 -0.0123201
459 481 0.0263535
459 490 0.352796
459 512 2.88426
460 462 1.18883
460 466 2.80236
460 475 -0.00605862
460 476 2.82545
460 481 4.01101
460 490 1.99018
461 464 2.7499
461 488 5.15855
461 524 3.73241
461 531 1.52308
461 532 1.08303
461 533 5.41663
462 475 -0.0340443
462 481 0.0139669
464 492 3.65268
464 524 2.29069
464 528 0.212138
464 529 -0.0621395
464 530 1.83326
464 532 0.286106
464 542 1.70188
465 509 -0.924411
466 476 3.02007
467 471 4.36183
467 472 1.99777
467 487 -5.47873
467 500 0.614719
467 519 2.60347
468 469 -3.91844
468 485 -5.53733
468 491 -1.91493
469 491 4.14515
470 486 0.282184
470 493 1.78711
470 494 -0.135148
471 474 3.14129
471 519 4.43003
471 536 -8.35456
473 485 1.35314
473 501 -3.01573
473 514 -9.68249
474 491 -9.68841
474 536 -4.43612
475 481 -0.185076
475 490 -0.0200252
476 490 3.57019
476 504 4.2033
477 489 -7.60999
477 523 1.071
479 492 3.91844
479 495 6.53693
479 516 1.73374
479 517 2.99636
479 522 -0.0400838
479 526 3.04403
479 541 0.145036
480 496 0.496295
480 505 -0.0648823
481 490 0.689489
482 506 -1.44559
483 505 -0.138276
484 497 1.99887
484 511 1.65772
485 491 5.38151
485 514 -4.25292
486 493 0.0173732
486 494 -0.00612594
486 498 0.0689499
486 503 0.225492
486 508 0.517023
486 520 0.236781
486 535 4.72278
486 538 2.53915
486 560 1.3903
486 573 -1.88061
487 500 -3.57445
489 523 -2.22666
489 561 -0.331935
489 562 -0.278986
489 572 -0.369084
490 504 1.46048
490 512 0.432518
490 527 0.441847
490 540 0.435968
490 558 -0.0783105
490 565 0.00573217
491 514 -8.41866
491 521 5.11402
491 536 1.13122
491 569 -8.57661
491 570 -0.353819
492 516 0.683587
492 526 0.159368
492 528 0.0118315
492 537 0.00388418
492 542 1.13823
492 543 -0.826702
493 494 -0.489115
493 498 -0.0495471
494 498 2.7782
494 535 0.0131818
496 505 -0.409977
496 551 7.42561
497 511 1.73013
497 512 6.68135
498 499 1.37106
498 513 4.54538
498 520 4.13832
498 535 0.0441077
499 513 0.533685
500 519 0.195643
501 507 0.366859
501 514 -0.0387743
504 506 -11.7411
504 548 0.764802
504 558 -0.0783105
504 565 0.00573217
504 566 0.932392
505 534 -0.25817
505 546 -2.10339
505 551 -0.521307
505 552 -1.42058
506 507 -8.88817
506 548 -15.0878
506 558 0.0505535
506 569 0.46861
506 578 2.37105
506 588 0.0365992
506 603 -0.12693
507 514 -14.4927
507 578 -2.11244
508 518 2.75049
508 538 3.54952
508 545 7.59662
508 563 1.50401
508 572 0.573679
508 580 -0.432835
508 585 0.457621
509 523 -3.43706
510 511 -3.10675
510 513 2.12528
510 525 -3.10675
510 539 3.67002
511 512 2.52745
511 539 -15.9189
511 554 -11.0747
512 540 4.91306
512 554 -15.2257
512 558 7.01137
512 591 -3.73241
513 520 6.95046
513 525 -3.76294
513 535 0.335829
513 539 1.2111
513 553 0.92564
513 567 2.29211
513 584 0.0994671
513 597 -0.0216609
514 569 2.14329
514 578 -0.117088
514 603 -0.0867175
515 517 3.36142
515 519 9.17944
515 522 -0.0413423
515 549 0.0607548
515 555 1.71082
516 526 0.0808633
516 543 -0.0995046
517 519 0.536731
517 522 -0.185165
517 541 0.153354
517 549 0.0984675
517 555 7.7859
518 545 0.626352
518 547 -0.0296248
519 536 -6.40504
519 549 0.0333501
519 555 3.36725
519 594 -3.43706
520 535 6.15145
520 584 0.316091
521 536 -0.148423
521 569 -9.45578
523 545 0.110319
523 547 1.69492
523 561 0.154915
523 562 0.00537669
523 572 2.2439
523 577 -0.0109894
524 532 0.893324
526 541 0.0987898
526 543 -1.06537
526 550 0.122604
526 556 0.0188902
528 529 -0.0191584
528 537 0.00388502
528 542 0.118441
529 530 -0.12674
529 537 -2.02352
529 542 -1.38591
530 532 0.185441
530 542 0.902239
531 532 1.25645
531 533 1.19309
531 544 1.2783
531 557 0.196199
532 542 0.277429
532 544 1.65712
532 556 0.321792
532 571 2.12287
532 574 -0.12103
532 586 0.688268
533 544 0.676631
533 557 1.4497
533 559 3.18722
533 571 3.15489
534 546 1.0967
534 551 3.47759
535 560 2.35029
535 584 0.632376
536 569 -6.93845
536 581 -2.77514
536 582 -0.274923
536 590 -7.35179
536 594 0.993171
537 542 0.0389337
538 563 1.95258
538 573 -8.15956
539 553 0.938953
539 554 2.31952
539 568 6.44809
539 597 -0.0489736
540 558 2.42436
541 550 0.107526
541 555 3.04515
541 556 9.52997
541 579 3.91903
541 602 2.64699
542 543 -0.289934
542 556 9.23525
543 550 -2.13252
543 556 -3.35716
544 557 0.517895
544 571 3.57759
544 587 1.76632
545 547 0.079764
545 572 1.7662
545 585 0.696384
545 592 -0.42591
545 600 1.94709
545 619 0.328808
546 551 2.37916
546 552 -2.27269
546 561 -3.01573
547 572 0.159528
547 577 -0.0114531
548 558 -3.19612
548 566 1.39397
549 555 0.0673247
550 556 0.0654537
551 561 -6.08244
551 575 2.19524
551 576 13.3728
551 630 -0.138856
552 561 -1.50751
553 567 1.81446
553 568 5.22293
553 584 -0.294942
553 597 -0.107301
554 568 2.76607
554 591 2.85347
554 598 -4.60876
555 579 2.52745
555 583 8.56182
555 594 -9.26974
555 612 0.81228
556 564 2.93164
556 574 -0.0917518
556 586 1.49366
556 602 6.75507
558 565 1.26176
558 566 -0.50458
558 578 0.105016
558 588 0.67831
558 591 -14.8177
558 601 -12.2622
558 603 0.130267
558 605 -5.51029
558 611 -3.10675
559 571 4.12831
559 593 0.210882
560 573 -11.734
560 584 0.886457
561 562 0.00535763
561 572 0.231878
561 589 5.47703
561 604 0.51647
561 625 2.12088
561 630 -3.43706
561 637 -0.0204777
561 656 -0.524909
562 572 0.0103085
563 573 -0.418426
563 580 -0.395036
565 566 -0.0873491
567 584 -0.0392912
568 597 -0.12587
568 598 -2.91572
568 606 0.101249
569 570 -0.601089
569 578 -0.0535619
569 590 2.60622
569 603 -1.57935
569 640 -0.137556
571 574 -0.0917539
571 586 2.32822
571 587 3.80191
571 593 5.72885
571 599 6.21217
571 602 6.58216
571 608 0.908243
571 633 0.617065
571 636 0.209381
572 577 -0.0224425
572 589 4.68026
572 592 -0.458418
572 619 0.819475
572 625 7.86828
573 580 -4.43612
573 584 -14.176
573 585 -1.96483
573 607 -0.603642
573 609 0.533627
573 610 -0.00530349
573 614 -0.00781665
574 586 -0.729668
575 576 1.31224
575 595 0.417023
576 595 1.56583
576 621 -0.0544849
576 630 -2.79948
576 658 1.40783
576 660 -0.0784831
578 588 0.257015
578 603 0
579 583 4.43612
579 602 3.57445
580 585 -0.951625
581 590 -2.78039
582 590 -7.42989
582 594 -1.93668
582 632 -1.12464
583 602 6.21865
583 612 1.14855
583 622 4.30138
583 624 -2.71795
583 626 0.337637
584 596 -5.48987
584 597 0.306443
584 606 0.0600637
584 607 -0.111131
584 620 -0.509143
584 631 -0.795658
584 634 1.88891
584 635 0.182004
585 600 2.22913
585 609 -0.453869
585 614 0
585 618 3.49566
585 623 0.0839866
585 627 2.09165
586 602 1.01603
588 603 0.257208
588 611 -17.4968
589 625 1.30083
590 603 0.021077
590 632 -0.00669674
590 640 0.891637
590 653 -3.43706
590 659 -6.23431
590 661 -13.7059
591 598 -0.483906
591 601 1.58353
591 615 -0.3131
591 629 -2.40045
593 608 3.17857
594 612 -4.43612
594 626 -2.86556
594 632 -5.53733
595 621 -0.772245
595 658 0.171714
595 676 1.74273
595 694 0.0220256
595 702 0.00193108
596 597 -2.70146
596 606 -0.277239
596 620 0.0597206
596 638 -0.272756
597 598 0.0619376
597 606 1.4674
597 620 1.96707
597 638 1.17388
598 606 -0.0654654
598 628 -0.56723
598 629 4.14333
598 638 0.137595
599 608 0.804187
599 633 0.0107906
599 636 1.61696
599 645 0.00977414
600 618 3.49574
600 619 3.04155
600 623 0.252212
600 627 3.21153
600 671 -0.159267
600 686 0.0274802
601 605 2.65219
601 615 -0.114063
601 616 2.39783
601 629 -0.0433042
602 613 -4.81302
602 622 2.31952
602 633 2.41176
602 642 5.01026
602 654 6.1342
602 663 5.19597
602 685 -0.962998
602 693 -1.52536
602 701 2.73706
603 611 -22.1493
603 640 0.744705
603 646 -11.0747
603 653 -9.11179
605 611 1.80601
605 616 0.871108
605 617 1.39345
605 641 0.00133659
605 666 0.0071914
606 620 0.000236426
606 629 0.523711
606 638 3.11439
607 609 -0.222656
607 610 1.52355
607 614 -0.156534
607 631 0.0223161
607 643 -2.01787
607 648 -9.01709
607 657 -3.18856
607 683 -10.6405
607 684 -0.135949
607 716 -4.66691
609 610 -0.00403478
609 614 -0.136965
609 618 -0.63007
609 627 -0.727486
610 614 -0.0750141
610 627 -0.0241127
610 643 -0.0656257
610 657 -0.284874
611 617 1.68753
611 641 0.0425828
611 644 -0.223975
611 646 2.70798
611 651 0.0269152
611 652 1.27785
611 664 0.557766
611 666 0.0381521
612 622 0.117118
612 626 0.23747
614 627 1.21358
614 657 0.16304
615 616 -0.0787953
615 629 -1.36183
616 617 3.90795
616 629 -0.531297
616 639 -0.0563347
617 629 -0.0252167
617 639 -0.0287462
617 641 0.00157351
617 644 -0.211457
617 651 0.0496562
617 664 0.0718353
617 666 0.00720552
618 623 0.0840062
618 627 7.07196
619 625 1.46795
619 671 -5.45507
620 634 0.0272568
620 635 2.91952
620 638 2.2367
620 648 0.0763077
620 650 -0.138253
620 662 1.75636
621 658 -3.75066
622 624 -5.26928
622 626 1.18345
622 642 5.57426
622 647 2.74653
622 655 -4.14515
625 637 -0.0321787
625 656 -2.67205
625 671 -2.18405
625 672 -9.45578
626 632 -2.89545
626 647 1.58581
626 659 1.19753
626 667 1.90413
626 707 -0.0406874
627 657 5.09709
627 682 3.76089
627 683 0.0352555
627 686 2.95493
627 709 1.34072
627 723 -1.16903
628 629 -0.258219
628 638 -1.60463
629 638 6.1337
629 639 3.97566
629 665 -2.93164
629 674 1.95844
629 675 1.44495
629 680 -3.73241
629 690 -0.176839
629 697 5.90901
629 705 -5.53733
629 706 0.520428
629 718 1.95015
629 726 5.46675
629 739 4.98444
630 637 -2.47512
630 658 -3.24224
630 679 -0.0539435
631 634 -0.795406
631 643 0.00144244
631 648 -1.06254
632 659 -0.11974
633 636 0.757539
633 645 10.0834
633 663 4.58637
633 701 4.50686
633 724 0.163406
634 635 1.36539
634 648 -7.87422
635 648 -0.401399
635 662 0.323713
635 675 0.693834
635 684 0.779572
636 645 6.34494
637 656 0.236085
637 679 0.0598154
638 649 2.49727
638 650 -0.471764
638 675 4.71573
638 680 -2.93164
639 641 7.0462
639 651 0.0110345
639 665 -3.91844
639 668 2.64699
639 669 1.69086
639 674 4.46034
639 691 -2.22158
640 653 -11.0747
641 644 1.50128
641 646 0.0798331
641 651 0.00162488
641 664 0.231484
641 666 2.29953
641 668 3.20604
641 669 4.308
642 647 1.91493
642 654 4.13208
642 655 -4.78898
642 667 3.35806
642 673 11.4977
642 688 -0.423896
642 710 0.0791095
643 648 -0.195158
645 701 0.301676
645 715 0.109155
645 743 -0.206957
645 744 3.74415
645 745 10.314
646 651 0.00036265
646 652 1.57696
646 653 5.91314
646 664 12.0746
646 666 1.89952
646 681 2.88497
646 713 -0.133708
647 655 -2.0982
647 667 2.75072
648 684 1.17262
648 696 0.00305884
650 662 -0.635065
650 675 -0.503617
651 664 0.0268783
651 666 0.000656485
653 661 3.00354
653 666 0.568928
653 681 3.1131
653 713 -0.208015
654 673 0.612062
654 685 -1.63834
654 692 -0.775982
654 710 0.0733039
656 672 2.8813
656 679 5.37914
656 686 0.615758
657 682 0.34983
657 683 0.0837285
657 712 -0.0208482
657 716 0.0988825
658 660 -0.0928931
658 670 0.954697
658 676 -0.0160197
658 679 -4.96374
658 694 -0.277681
659 661 0.911375
659 667 7.53008
659 681 0.448793
659 707 -0.246983
659 715 0.772721
660 670 -0.014694
661 681 3.22994
662 675 0.808199
664 666 0.704644
665 674 -2.93164
666 669 1.79875
666 677 1.90151
666 678 -3.47313
666 681 0.568928
666 695 0.192219
666 699 2.64699
666 713 -0.0113276
666 717 3.1925
667 687 -6.93146
667 688 -0.210934
667 700 0.323843
667 704 1.29352
667 707 -0.237868
667 715 1.5285
669 691 -5.90902
669 695 0.943429
669 719 2.30101
670 679 -1.2585
670 694 -4.16956
670 720 0.55042
670 722 0.158834
670 731 -3.96104
671 672 -0.0222445
671 686 -0.0358812
672 679 1.1439
672 686 1.11283
673 688 -0.688089
673 692 -4.43612
673 704 3.01872
673 710 0.692915
673 734 0.0118258
673 737 -0.549365
673 740 -4.14515
674 690 -0.176839
674 691 -0.449705
674 705 -4.8442
674 718 0.97108
675 680 -0.611729
675 684 0.757846
675 696 0.0303889
675 697 0.551618
675 698 -0.0208484
675 706 0.342271
675 711 0.171544
676 694 0.207482
676 702 0.00995485
676 720 -0.00749239
676 729 -0.0154735
676 738 0.0313182
677 678 -0.292417
679 686 2.19582
679 689 2.43455
679 703 -0.225576
679 708 -6.5631
679 722 -3.01573
679 741 -0.22631
679 747 -3.57445
681 713 -0.715305
681 714 -1.75131
681 715 1.81077
681 727 0.0803122
682 712 -0.169985
682 716 2.19666
682 723 -2.4255
682 736 -0.187619
683 716 1.83793
684 696 0.123853
684 698 -0.0256056
684 716 0.0435714
684 728 0.0217857
684 751 -0.0353357
685 692 -3.10675
685 701 -2.10127
686 709 3.57445
686 723 -6.31718
686 736 -0.226632
686 741 -0.22631
686 748 -0.66134
686 758 -2.78039
686 759 -10.6273
686 760 -1.07469
687 704 -2.22758
688 704 -2.82672
689 703 -0.0509303
689 708 -0.263357
690 705 -2.41897
691 718 -1.34729
691 719 -0.89575
692 701 -0.264011
692 710 -0.580978
693 701 -4.0538
694 702 0.00995485
694 720 -3.93796
694 729 -0.767897
694 738 0.0313182
695 699 1.98633
695 713 0.51241
695 717 15.9363
695 719 4.31672
695 730 0.038913
695 743 -0.0270525
695 753 0.794069
695 754 -3.57445
695 762 4.2314
695 764 -2.79687
696 698 -2.16788
696 716 -0.0136542
696 721 1.36927
696 728 -0.445439
696 733 -5.52524
696 752 -1.04334
697 706 0.987932
697 726 4.39174
698 706 0.0445787
698 711 0.175279
698 721 -2.48431
699 717 0.962998
700 707 -0.0742459
700 715 0.924492
701 710 3.20271
701 724 0.865072
701 744 1.45516
702 729 0.117746
702 738 0.102778
703 708 2.25259
703 746 0.0121872
703 755 0.211902
704 710 0.0791095
704 715 -0.0359654
704 737 -2.27873
705 718 -10.3815
706 711 2.56467
706 726 2.37467
706 742 3.46222
707 715 -0.195961
708 722 0.0731657
708 732 0.00909302
708 746 0.063621
708 747 -0.0126606
708 755 3.82313
709 723 -0.390228
710 715 0.15431
710 734 -0.0334393
710 737 -0.460408
710 740 -5.53733
710 744 2.99366
711 721 -11.429
711 742 1.27628
711 749 0.871555
712 716 -0.151571
713 714 -9.87547
713 715 0.875096
713 717 3.83452
713 727 0.427141
713 743 2.33315
713 754 -2.51675
713 764 -0.0529733
714 715 -3.20605
715 727 0.284567
715 734 -0.0334393
715 737 0.508592
715 740 -1.37165
715 743 1.30814
715 744 0.301626
716 725 3.09069
716 728 0.0546135
716 735 4.53995
716 736 0.0991209
716 751 -0.662637
716 761 1.12694
716 763 -0.216164
717 730 2.7804
717 753 2.27269
717 754 -2.71175
718 719 2.0155
718 739 5.35004
719 739 0.223856
719 762 0.337785
720 729 1.72008
720 731 -1.10372
720 738 3.7663
721 728 -0.0554596
721 742 -4.41862
721 749 -0.586035
721 752 -11.1919
722 731 -5.92494
722 732 -0.00597168
722 738 2.1372
722 746 0.0525746
722 755 0.51165
723 736 0.0732887
725 728 0.039112
725 751 -0.139126
725 763 -0.584166
726 739 6.15137
726 742 1.60463
726 750 1.45468
726 757 0.388804
728 733 -0.00431012
728 751 -5.5018
728 752 -0.857335
728 765 -2.22758
729 738 2.09161
731 738 -9.68841
732 746 -3.1617
732 755 0.018186
734 737 -0.522655
734 740 -2.85347
735 736 -0.0189733
736 760 1.30513
736 761 1.9417
736 763 -0.0310183
737 740 -3.43706
739 757 2.31952
739 766 2.77178
741 747 -1.66155
741 756 -3.91844
742 750 1.54979
742 751 -0.210882
742 752 -0.0212564
742 757 1.63282
742 766 1.81446
743 754 -0.0600943
743 764 0.255145
746 755 0.0356965
747 755 -0.0531119
747 756 0.0555814
748 759 -1.87158
750 757 1.7827
751 763 -0.370719
751 765 -3.91844
752 765 -6.72224
754 764 -0.0156661
755 756 -0.219202
756 758 -0.939529
756 759 -0.469764
757 766 2.66551
758 759 0.539267
759 760 -1.75131
761 763 -0.0162927
