MULTICUT
0 1 -7.127661943435669
0 3 4.094105005264282
0 7 -0.38463854789733887
0 8 -2.226996421813965
0 9 -0.3427908420562744
0 12 -3.897480010986328
0 13 -1.0176256895065308
0 15 -4.562350273132324
0 16 1.4782164096832275
0 17 -6.99910843372345
0 18 -1.9172040224075317
0 19 -6.326272368431091
0 20 -0.893639326095581
0 21 -1.7860438823699951
0 22 -8.800238132476807
0 24 -0.20144438743591309
0 25 -4.97033953666687
0 26 0.3596597909927368
0 27 -2.3682169914245605
0 28 0.5397617816925049
0 29 -0.8183790445327759
0 30 0.2086338996887207
0 31 -2.3094252347946167
0 33 -0.009928464889526367
0 34 -1.3675615787506104
0 35 -3.0005627870559692
0 38 -1.8144601583480835
0 40 -2.255912661552429
0 41 -1.0296761989593506
0 42 -5.300861239433289
0 45 -2.5274486541748047
0 50 -1.5464046001434326
0 51 -0.07202255725860596
0 52 -0.4796793460845947
0 53 -0.6948777437210083
0 55 -6.04502272605896
0 56 -1.038893461227417
0 57 4.436121463775635
0 58 -1.054064154624939
0 61 -1.2778513431549072
0 62 -2.0813894271850586
0 65 2.891874313354492
0 66 0.5631885528564453
0 67 -0.686065673828125
0 70 -0.48658108711242676
0 71 -2.141984462738037
0 73 2.2275795936584473
0 75 1.2551668882369995
0 78 -0.5784804821014404
0 83 -1.9727792739868164
0 84 -1.3959338665008545
0 85 -2.78039288520813
0 86 -1.0603575706481934
0 87 -3.042899966239929
0 89 -0.11364293098449707
0 92 -0.4498715400695801
0 96 -1.4099699258804321
0 97 -1.1263915300369263
0 98 -1.1617859601974487
0 99 -1.1334190368652344
0 102 -6.800204873085022
0 103 -1.221666932106018
0 107 -6.224843144416809
0 109 -1.1743292808532715
0 111 -1.0648064613342285
0 112 -0.5232629776000977
0 117 -1.8023899793624878
0 118 0.981056809425354
0 120 -0.2859621047973633
0 121 -2.600710868835449
0 124 0.24949312210083008
0 129 -1.23770272731781
0 134 0.7729794979095459
0 137 -0.37258100509643555
0 139 0.31469881534576416
0 141 -0.7490758895874023
0 144 1.4082088470458984
0 145 -3.4370551109313965
0 146 0.25821876525878906
0 148 -4.640625596046448
0 149 0.4042236804962158
0 153 0.4839059114456177
0 155 -3.3669410943984985
0 156 -3.060295581817627
0 159 -0.13248109817504883
0 165 -5.294811129570007
0 167 1.2106354236602783
0 168 0.8490927219390869
0 183 -4.5142680406570435
0 185 4.618693232536316
0 186 -0.9041067361831665
0 190 -0.4801015853881836
0 191 -0.05448496341705322
0 193 -7.692907929420471
0 194 -0.13769257068634033
0 196 -5.782216310501099
0 197 -2.5137394666671753
0 199 -0.21088194847106934
0 208 -1.9658244848251343
0 209 0.07179450988769531
0 210 -3.8526787757873535
0 214 -0.004605770111083984
0 219 5.8376452922821045
0 221 1.2053966522216797
0 228 -0.555081844329834
0 229 0.7940690517425537
0 230 -0.1429600715637207
0 232 -0.7580152750015259
0 234 -1.8484859466552734
0 236 -3.961247682571411
0 237 0.3306732177734375
0 238 1.2364795207977295
0 241 0.10121321678161621
0 247 -1.1808786392211914
0 248 -1.52456533908844
0 251 0.40718555450439453
0 252 2.780393123626709
0 253 -1.5382847785949707
0 254 -2.141984462738037
0 259 -3.3531004190444946
0 261 -0.2772960662841797
0 262 0.5170228481292725
0 263 0.3968007564544678
0 265 -2.471965789794922
0 266 -2.949683666229248
0 273 -13.798016548156738
0 281 -4.844202518463135
0 284 -0.9284776449203491
0 289 -0.49902617931365967
0 290 -2.9677021503448486
0 291 -2.314945936203003
0 295 1.2759498357772827
0 299 -1.3959338665008545
0 301 -1.3371933698654175
0 303 3.7324085235595703
0 306 10.183672308921814
0 307 2.2182310819625854
0 311 -7.005901336669922
0 312 -3.473817467689514
0 314 8.638690710067749
0 315 -5.039249420166016
0 317 2.7341718673706055
0 319 -0.24241065979003906
0 321 3.8429203033447266
0 323 0.9379373788833618
0 331 1.367903709411621
0 333 -5.034061312675476
0 338 -0.9283608198165894
0 344 -0.19515776634216309
0 347 0.7828173637390137
0 352 -2.408760905265808
0 353 -3.089389443397522
0 354 0.36843323707580566
0 360 -0.06561160087585449
0 366 -0.7313370704650879
0 367 2.646993637084961
0 376 0.24241042137145996
0 377 -2.42481005191803
0 378 -5.908823728561401
0 380 2.7455523014068604
0 385 3.7794604301452637
0 388 -0.9855238199234009
0 402 -0.16247105598449707
0 403 -2.1723897457122803
0 413 0.775982141494751
0 424 1.8167688846588135
0 428 -6.228610515594482
0 429 -6.164038181304932
0 432 -0.8138085603713989
0 437 1.9075061082839966
0 438 1.4487491846084595
0 439 -1.68248450756073
0 440 -1.8139309883117676
0 446 -0.8879131078720093
0 447 -5.232055902481079
0 452 1.8400673866271973
0 462 4.104783058166504
0 464 -1.2475464344024658
0 466 0.8864564895629883
0 468 -0.07856404781341553
0 469 1.4455945491790771
0 471 -0.6123075485229492
0 472 0.34446048736572266
0 474 -0.6525189876556396
0 475 -7.087119936943054
0 476 -0.5590958595275879
0 479 -1.07071053981781
0 480 2.780393123626709
0 485 5.947368621826172
0 490 -2.931643009185791
0 492 -2.3682169914245605
0 494 1.3948307037353516
0 499 -10.145920515060425
0 501 -2.6697410345077515
0 503 0.4398099184036255
0 507 1.8680509328842163
0 508 1.3017642498016357
0 515 -3.492855668067932
0 517 0.3058452606201172
0 520 0.2318882942199707
0 522 -0.386022686958313
0 524 1.3716528415679932
0 525 -6.895312070846558
0 527 8.302900075912476
0 530 0.4127401113510132
0 535 -4.088897943496704
0 538 1.6692290306091309
0 539 2.1796715259552
0 540 -1.856464147567749
0 541 2.1791250705718994
0 542 2.4174888134002686
0 543 0.7224262952804565
0 544 1.9180978536605835
0 545 -1.9324276447296143
0 546 6.505728721618652
0 547 -0.14780807495117188
0 548 -3.1321061849594116
0 551 -16.94266402721405
0 553 -1.2106354236602783
0 554 0.5861110687255859
0 557 -2.167943239212036
0 558 -4.950104713439941
0 559 -1.9542368650436401
0 560 2.6651248931884766
0 561 -3.4847432374954224
0 562 -1.647615671157837
0 563 -10.129451274871826
0 564 -2.024798274040222
0 565 1.655146837234497
0 566 -0.6829049587249756
0 567 -0.982542872428894
0 568 0.6525188684463501
0 570 -3.0692503452301025
0 571 1.9149343967437744
0 572 3.206045150756836
0 573 -1.8306734561920166
0 574 0.2729266881942749
0 576 -5.324676990509033
0 578 2.0052528381347656
0 580 -2.48811137676239
0 581 1.7950972318649292
0 582 -7.727668523788452
0 583 4.077862858772278
0 585 -3.574453353881836
0 586 1.2732912302017212
0 587 1.5015699863433838
0 589 -7.433795094490051
0 590 0.015022873878479004
0 592 3.951013922691345
0 594 -2.2134504318237305
0 596 -0.13173675537109375
0 597 -1.496082067489624
0 600 -3.296839118003845
0 601 -0.7924197912216187
0 604 -0.4123342037200928
0 605 -0.7009110450744629
0 606 4.388715147972107
0 607 -0.6383552551269531
0 608 -3.9212687015533447
0 610 -2.5515968799591064
0 611 -1.7699617147445679
0 612 -1.15961492061615
0 613 -1.1598844528198242
0 614 -0.09712624549865723
1 2 2.527448892593384
1 3 -10.02362322807312
1 12 -0.6352858543395996
1 15 2.1785199642181396
1 16 -8.909850358963013
1 24 -1.9863280057907104
1 26 -2.184051752090454
1 29 -1.1671515703201294
1 30 -3.732408046722412
1 35 -1.6645760536193848
1 54 -6.521402597427368
1 55 -2.7160621881484985
1 71 -1.9863280057907104
1 75 -0.4184257984161377
1 85 -5.537334442138672
1 90 -7.527081370353699
1 105 -1.1851036548614502
1 116 -1.4710065126419067
1 118 -2.3195173740386963
1 124 -1.0374841690063477
1 138 -7.216628074645996
1 139 0.43470799922943115
1 143 0.14812123775482178
1 146 -0.46744537353515625
1 152 -4.188587784767151
1 164 -0.3377852439880371
1 165 0.6698458194732666
1 171 0.6181436777114868
1 190 -0.3217952251434326
1 191 0.5170228481292725
1 197 -0.14842891693115234
1 206 -4.310701251029968
1 231 -0.3058454990386963
1 238 -4.844202518463135
1 253 -1.3959338665008545
1 260 -2.366369843482971
1 309 -1.3008300065994263
3 16 2.2726893424987793
3 22 2.71174693107605
3 27 1.0022629499435425
3 30 -2.2726895809173584
3 36 1.2778513431549072
3 43 1.8471391201019287
3 47 3.7324085235595703
3 56 -1.9881006479263306
3 61 1.3008300065994263
3 70 3.0223857164382935
3 103 -1.7825320959091187
3 139 -1.5497854948043823
3 140 1.3168163299560547
3 148 5.732881307601929
3 209 0.758015513420105
4 7 3.106750011444092
5 7 2.8534722328186035
6 8 2.471966028213501
7 12 -5.016720294952393
7 20 -4.145151615142822
7 23 3.106750011444092
7 35 -1.5230824947357178
7 48 -0.43470799922943115
7 66 1.880614161491394
7 74 -1.2106354236602783
7 86 -5.537334442138672
7 87 -5.001470327377319
7 120 -4.436121463775635
7 121 -3.3153576850891113
7 142 -1.2778513431549072
7 199 -3.2705525159835815
8 9 -4.844202518463135
8 13 -0.1637793779373169
8 17 1.5497854948043823
8 33 -3.732408046722412
8 34 2.2275795936584473
8 40 -2.0997735261917114
8 42 -4.188587784767151
8 51 -5.537334442138672
8 102 -3.574453353881836
8 107 -2.905458927154541
8 129 -1.8144601583480835
8 130 1.6046289205551147
8 131 -1.3795104026794434
8 137 -1.7207670211791992
8 159 -2.6783597469329834
8 185 -2.061812400817871
8 301 0.3377852439880371
8 388 -1.324114441871643
9 13 -7.237592935562134
9 17 -2.931643009185791
9 31 -5.537334442138672
9 40 -0.4839059114456177
9 42 -1.324114441871643
9 51 3.4370555877685547
9 57 3.2535643577575684
9 65 2.471966028213501
9 73 2.8534722328186035
9 95 2.1012697219848633
9 117 -0.372494101524353
10 20 5.537334442138672
11 18 3.3153581619262695
12 13 -0.9747613668441772
12 20 3.206045150756836
12 35 2.646993637084961
12 38 -2.646993398666382
12 48 2.061811923980713
12 66 -2.6812384128570557
12 71 -3.732408046722412
12 74 1.0221648216247559
12 87 1.632817029953003
12 135 -2.5274486541748047
12 199 -0.05448496341705322
13 15 2.527448892593384
13 17 -0.8677034378051758
13 20 -1.632817029953003
13 29 3.106750011444092
13 38 -3.9184422492980957
13 55 -0.6872706413269043
13 71 -3.0157251358032227
13 84 -2.3785433769226074
13 116 -3.035907030105591
13 138 -2.2275800704956055
14 17 0.386022686958313
14 40 0.7940690517425537
14 42 0.19515764713287354
15 17 -0.3058454990386963
15 24 -7.638604402542114
15 29 4.436121463775635
15 54 -5.537334442138672
15 55 -1.3008300065994263
15 65 -1.5769600868225098
15 71 -7.351196527481079
15 116 -8.035328984260559
15 138 -6.191920161247253
15 153 -3.508212685585022
15 253 -4.207576036453247
16 70 2.8534722328186035
16 139 1.1246246099472046
16 209 -0.7224264144897461
17 38 -2.023524284362793
17 40 -0.7940690517425537
17 42 -0.7401649951934814
17 45 -0.6525189876556396
17 55 -1.324114441871643
17 57 -6.145557165145874
17 65 -8.852692127227783
17 72 -0.12555336952209473
17 80 -0.6010891199111938
17 84 -2.5856852531433105
17 95 -3.0157251358032227
17 109 -1.2106354236602783
17 116 -0.9436229467391968
17 117 -1.0625405311584473
17 138 -2.1012699604034424
17 151 -1.3959338665008545
17 420 -1.9863280057907104
18 83 -3.3286664485931396
18 112 -3.746613383293152
18 149 -1.9528173208236694
18 168 -1.8144601583480835
18 193 -2.7750821113586426
18 221 -5.537334442138672
18 232 -6.076967716217041
18 248 -3.926383852958679
18 255 -0.6352858543395996
18 263 -4.145151615142822
18 286 -4.436121463775635
18 311 -3.4349639415740967
18 312 -7.391831278800964
18 333 -2.2275800704956055
18 347 -4.331314921379089
18 391 -0.6872706413269043
19 40 -4.436121463775635
19 41 1.9501526355743408
19 42 -3.361667513847351
19 50 2.3682172298431396
19 58 -2.872185707092285
19 92 -0.274059534072876
19 93 -1.2778513431549072
19 107 -3.4370551109313965
19 114 -1.2327651977539062
19 125 -0.24241065979003906
19 130 1.9863277673721313
19 137 -0.2344139814376831
19 158 -0.9109703302383423
19 161 -1.2551668882369995
19 168 -1.2327651977539062
19 221 -2.3682169914245605
20 38 -2.7117466926574707
20 45 -2.646993398666382
20 62 -0.704796314239502
20 66 -1.0818041563034058
20 71 -3.9184422492980957
20 83 -1.022165060043335
20 87 3.206045150756836
20 135 -1.9149343967437744
20 141 -4.65748143196106
21 25 2.646993637084961
21 40 -2.8585811853408813
21 45 2.71174693107605
21 58 -0.4839059114456177
21 62 3.106750011444092
21 83 5.364037275314331
21 91 1.4710062742233276
21 109 -2.9636425971984863
21 122 -1.2778513431549072
21 125 -0.9629981517791748
21 141 1.9501526355743408
21 157 -1.7207670211791992
21 243 -0.2266322374343872
22 24 -1.7825320959091187
22 27 3.574453830718994
22 28 0.14812123775482178
22 30 -3.1861129999160767
22 36 1.6615500450134277
22 43 1.4205758571624756
22 47 7.319866299629211
22 56 3.3153581619262695
22 103 0.9629977941513062
22 128 -1.3716528415679932
22 148 -1.4243258237838745
22 153 -1.5769600868225098
22 155 -1.1671515703201294
22 196 -1.2778513431549072
22 253 -1.324114441871643
22 284 2.829819917678833
24 30 2.184051513671875
24 54 2.483571171760559
24 55 -3.574453353881836
24 56 -3.27503502368927
24 85 0.5944172143936157
24 127 3.7324085235595703
24 153 -4.145151615142822
24 165 -2.2275800704956055
24 253 -1.3959338665008545
25 44 3.206045150756836
25 58 -1.2778513431549072
25 83 2.780393123626709
25 109 -3.047766089439392
25 112 -4.844202518463135
25 193 -1.7825320959091187
25 259 3.574453830718994
26 29 -1.1246386766433716
26 35 -4.844202518463135
26 60 -1.69085693359375
26 66 2.471966028213501
26 75 -2.78039288520813
26 78 -4.844202518463135
26 96 -3.574453353881836
26 97 -4.6258227825164795
26 105 -6.351055860519409
26 110 -1.4455945491790771
26 142 -3.1067497730255127
27 28 -2.9052343368530273
27 30 -2.061812400817871
27 43 2.71174693107605
27 47 1.173833966255188
27 56 5.4749672412872314
27 61 -2.4996583461761475
27 103 -0.6698460578918457
27 148 1.6071934700012207
28 31 -4.029590368270874
28 56 0.9825426340103149
28 103 0.5336849689483643
28 148 4.844202518463135
29 35 -4.314674377441406
29 54 -5.537334442138672
29 71 -4.844202518463135
29 105 -0.6525189876556396
29 116 -0.8490928411483765
29 152 -2.184051752090454
29 165 0.07006323337554932
30 47 -1.7513138055801392
30 54 3.7324085235595703
30 56 -3.286207437515259
30 85 5.537334442138672
30 139 -2.8534717559814453
30 253 -0.7940690517425537
31 51 -1.0422554016113281
31 53 0.9053572416305542
31 56 3.4370555877685547
31 73 -2.3682169914245605
31 88 -2.7968177795410156
31 99 0.05448484420776367
31 129 -1.7207670211791992
31 148 2.931643486022949
31 153 -5.537334442138672
31 284 -1.4968293905258179
32 34 1.6615500450134277
32 41 2.1012697219848633
33 34 -4.74465537071228
33 51 -4.436121463775635
33 52 4.844202518463135
33 77 -0.5336850881576538
33 82 0.22730588912963867
33 102 -5.519149541854858
33 107 -6.7248170375823975
33 129 -0.07006347179412842
33 208 -0.13248109817504883
33 273 -0.7759822607040405
34 41 2.141983985900879
34 42 -5.537334442138672
34 63 2.319517135620117
34 102 -4.698925733566284
34 107 -4.844202518463135
34 130 1.69085693359375
35 37 2.527448892593384
35 38 -1.6615502834320068
35 48 1.9863277673721313
35 60 2.780393123626709
35 66 -3.039573073387146
35 71 -4.8237998485565186
35 74 1.8144598007202148
35 105 3.4370555877685547
36 47 0.9436225891113281
38 40 -0.5004308223724365
38 45 3.918442726135254
38 59 3.7324085235595703
38 68 4.436121463775635
38 69 3.918442726135254
38 71 3.574453830718994
38 84 4.1451520919799805
38 101 3.918442726135254
38 106 3.7324085235595703
38 109 -0.4839059114456177
38 141 5.168561935424805
38 157 -0.7580156326293945
39 40 0.4839059114456177
39 150 0.1794571876525879
40 41 -0.6010891199111938
40 42 1.8471391201019287
40 45 -0.9629981517791748
40 57 0.3377852439880371
40 58 -2.061812400817871
40 64 1.6615500450134277
40 68 -1.2778513431549072
40 72 -0.24241065979003906
40 80 -0.28993427753448486
40 81 0.6872706413269043
40 84 -2.034988284111023
40 93 1.880614161491394
40 95 -2.7117466926574707
40 109 2.3682172298431396
40 112 0.6181436777114868
40 117 -3.9075636863708496
40 125 -2.87096107006073
40 126 1.880614161491394
40 131 0.8083833456039429
40 150 2.0796796083450317
40 151 0.14812123775482178
40 152 0.8490927219390869
40 157 -2.023524284362793
40 158 3.8762717247009277
40 161 0.19515764713287354
40 168 -0.8677034378051758
40 173 0.40744519233703613
40 175 0.9421902894973755
40 176 -6.184255003929138
40 181 0.6098942756652832
40 202 -0.9629981517791748
40 212 -1.5230824947357178
40 216 2.8534722328186035
40 222 -0.8864568471908569
40 224 -0.6622135639190674
40 232 -1.038988471031189
40 233 -3.732408046722412
40 243 -1.1246386766433716
40 255 1.1457781791687012
40 334 -6.698835134506226
40 355 -2.931643009185791
40 364 -1.0830280780792236
40 391 -1.2724311351776123
40 395 -3.732408046722412
40 420 -2.0637115240097046
40 451 -2.764070987701416
40 466 -0.35381853580474854
41 42 -5.537334442138672
41 63 2.1012697219848633
41 93 -2.418966293334961
41 107 -4.436121463775635
41 114 0.11685729026794434
41 130 2.3682172298431396
41 137 -1.69085693359375
41 221 -1.5230824947357178
42 51 -0.8490928411483765
42 64 3.574453830718994
42 81 0.8490927219390869
42 93 2.71174693107605
42 114 -2.2275800704956055
42 117 -1.4455945491790771
42 129 -0.567230224609375
42 130 -7.278395891189575
42 131 2.5856857299804688
42 132 2.1057331562042236
42 147 0.5672299861907959
42 161 0.6872706413269043
42 173 2.141983985900879
42 175 2.5005723237991333
42 181 0.22663211822509766
42 216 1.620510458946228
42 221 -1.8144601583480835
42 250 1.4933019876480103
42 301 -1.1699209213256836
42 420 0.36989688873291016
43 47 2.8534722328186035
43 61 -0.4184257984161377
43 103 -2.977572441101074
43 148 -0.10124766826629639
44 83 3.4370555877685547
45 62 7.3357391357421875
45 68 3.0157251358032227
45 91 3.3153581619262695
45 109 -2.115440607070923
45 141 4.436121463775635
45 157 -1.5230824947357178
45 243 1.5769600868225098
46 54 2.8534722328186035
47 56 3.206045150756836
47 70 4.647691011428833
47 103 0.5170228481292725
47 128 -4.844202518463135
47 139 -4.844202518463135
47 140 -0.07006347179412842
47 148 2.319517135620117
47 166 -3.0157251358032227
47 196 -5.537334442138672
47 253 -2.3682169914245605
48 60 -1.188767671585083
48 66 -0.5841189622879028
48 71 -4.010374307632446
48 74 1.1457781791687012
49 70 3.106750011444092
50 58 -2.7935692071914673
50 92 -0.9244110584259033
50 107 -2.646993398666382
50 112 -1.3477176427841187
51 52 -4.76840615272522
51 53 -0.6010891199111938
51 73 2.490458846092224
51 102 -2.931643009185791
51 117 -0.02334606647491455
51 123 4.1451520919799805
51 129 2.1012697219848633
51 131 -0.8677034378051758
51 147 -0.4839059114456177
51 273 0.8306199312210083
51 388 -2.473830461502075
52 53 -1.3881523609161377
52 82 -0.19515776634216309
52 89 -3.252267360687256
52 98 0.7401647567749023
52 102 -1.2144802808761597
52 111 -1.3477176427841187
52 129 -1.4205758571624756
52 137 2.1012697219848633
52 185 -1.392683982849121
52 208 -1.0071475505828857
52 241 -1.7513138055801392
52 273 -0.5545141696929932
53 89 -1.632817029953003
53 98 0.24241042137145996
53 129 -1.7207670211791992
53 148 2.646993637084961
54 55 -1.103724479675293
54 85 2.184051513671875
54 90 4.294077634811401
54 118 2.2275795936584473
54 127 3.1529157161712646
54 136 -0.4839059114456177
54 143 2.184051513671875
54 146 3.024809718132019
54 165 -0.7580156326293945
54 194 1.9149343967437744
54 203 0.4184257984161377
54 231 0.5336849689483643
54 238 0.5170228481292725
54 253 -3.574453353881836
55 65 -6.535059452056885
55 95 -1.2327651977539062
55 116 -4.810673832893372
55 127 -0.704796314239502
55 138 -9.683524012565613
55 152 -3.206044912338257
55 153 -4.844202518463135
55 226 -3.9184422492980957
55 239 -3.4370551109313965
55 253 -1.4455945491790771
56 88 -3.179192066192627
56 119 -0.25821900367736816
56 128 -3.1067497730255127
56 139 -1.632817029953003
56 148 1.9863277673721313
56 153 -1.5230824947357178
56 253 -8.553059577941895
57 65 1.9501526355743408
57 73 2.527448892593384
57 76 3.3153581619262695
57 84 -4.895798444747925
57 95 3.206045150756836
57 117 0.13248097896575928
57 138 -1.3716528415679932
57 151 -0.6872706413269043
57 152 -2.3682169914245605
57 153 3.895727276802063
57 420 -0.5004308223724365
58 83 -1.9666664600372314
58 92 -3.457138180732727
58 109 -2.2275800704956055
58 112 -2.5856852531433105
58 158 -5.748216390609741
58 168 -0.4510469436645508
58 179 -1.0625405311584473
58 193 -1.103724479675293
58 221 0.4184257984161377
59 69 3.4370555877685547
60 66 -3.206044912338257
60 71 -3.206044912338257
60 74 1.188767671585083
60 105 2.319517135620117
60 110 1.5769600868225098
61 103 3.689658999443054
61 148 4.0594645738601685
61 155 -2.2726895809173584
62 83 3.3153581619262695
62 87 -3.7326849699020386
62 91 4.436121463775635
62 141 3.7324085235595703
65 73 2.931643486022949
65 76 2.471966028213501
65 84 -4.145151615142822
65 95 3.8891239166259766
65 116 -1.95015287399292
65 138 -5.537334442138672
65 152 -3.5968040227890015
65 153 2.471966028213501
65 226 2.471966028213501
65 234 -0.1637793779373169
65 283 -0.10124766826629639
66 74 -3.9184422492980957
66 75 -3.732408046722412
66 86 -7.169463157653809
66 87 -0.36989688873291016
66 96 -3.732408046722412
66 97 -3.3153576850891113
66 104 -4.145151615142822
66 105 -4.844202518463135
66 110 -4.436121463775635
66 120 -1.632817029953003
66 121 -5.537334442138672
66 142 -5.537334442138672
66 199 -4.846353650093079
67 96 -0.10124766826629639
67 97 2.2275795936584473
67 121 4.844202518463135
67 142 4.436121463775635
67 178 5.588047504425049
67 199 1.9501526355743408
67 237 -4.145151615142822
67 238 -5.555944204330444
67 247 2.71174693107605
68 69 4.1451520919799805
68 83 2.3866547346115112
68 84 5.537334442138672
68 91 1.2778513431549072
68 106 -0.4839059114456177
68 141 3.7324085235595703
68 157 0.35381853580474854
68 212 3.4370555877685547
68 233 -0.386022686958313
68 243 3.0157251358032227
69 71 4.844202518463135
69 83 1.4455945491790771
69 91 1.6046289205551147
69 101 1.7513134479522705
69 106 0.265545129776001
69 135 -0.1637793779373169
69 141 6.630189657211304
69 243 3.918442726135254
70 139 1.0681283473968506
70 140 0.32179486751556396
70 148 3.0157251358032227
70 155 -2.023524284362793
70 183 -2.3682169914245605
70 196 -0.647736668586731
70 209 -0.517022967338562
71 74 -3.0157251358032227
71 84 3.106750011444092
71 87 -2.2275800704956055
71 94 5.537334442138672
71 101 1.7513134479522705
71 105 -4.436121463775635
71 106 2.1062920093536377
71 110 -3.206044912338257
71 116 3.3153581619262695
71 126 5.537334442138672
71 135 2.931643486022949
71 138 3.1622862815856934
71 141 2.931643486022949
71 151 2.646993637084961
71 152 4.436121463775635
71 169 -4.676030993461609
71 170 0.5504196882247925
71 177 3.918442726135254
71 184 4.1451520919799805
71 206 7.071782112121582
71 212 7.752040505409241
71 224 5.537334442138672
71 233 3.918442726135254
72 80 0.2740592956542969
72 84 -2.5274486541748047
73 76 2.471966028213501
73 88 2.527448892593384
73 95 3.0157251358032227
73 117 -1.5497854948043823
73 129 -0.492576003074646
73 148 -0.8306199312210083
73 153 0.4184257984161377
73 234 -3.6445168256759644
73 283 2.3682172298431396
73 284 2.931643486022949
74 110 1.69085693359375
74 135 -3.206044912338257
74 142 0.03891301155090332
74 199 -0.1637793779373169
75 78 2.71174693107605
75 79 4.1451520919799805
75 90 -2.78039288520813
75 105 3.4370555877685547
75 146 -4.436121463775635
75 238 -3.206044912338257
76 95 3.2705291509628296
76 153 3.0157251358032227
76 234 0.5004308223724365
76 283 1.6615500450134277
77 102 -0.4839059114456177
78 97 3.206045150756836
78 105 3.3153581619262695
78 142 -0.14812123775482178
78 146 -5.537334442138672
78 238 -2.78039288520813
79 105 2.8534722328186035
80 84 -1.632817029953003
80 151 -1.8471393585205078
80 212 -1.632817029953003
81 93 0.8122800588607788
82 102 1.103724479675293
82 185 -1.1457781791687012
82 208 1.0625402927398682
82 241 -3.062509775161743
82 273 0.758015513420105
83 87 -3.732408046722412
83 91 3.918442726135254
83 109 -1.1246386766433716
83 112 -1.707059383392334
83 113 3.206045150756836
83 115 3.3153581619262695
83 120 -1.4710065126419067
83 122 2.5856857299804688
83 141 4.1451520919799805
83 145 1.3716528415679932
83 156 4.436121463775635
83 198 3.574453830718994
83 215 3.0157251358032227
83 243 2.1573352813720703
83 259 2.5856857299804688
84 94 3.3153581619262695
84 106 3.206045150756836
84 116 1.9863277673721313
84 126 3.7324085235595703
84 138 2.1012697219848633
84 151 2.931643486022949
84 212 4.1451520919799805
85 118 3.106750011444092
85 127 2.0235238075256348
85 128 -5.537334442138672
85 139 -4.145151615142822
85 165 0.007781505584716797
85 191 -4.695327281951904
85 253 -3.732408046722412
86 96 2.41896653175354
86 120 6.506097316741943
86 121 2.471966028213501
86 199 3.918442726135254
86 228 4.1451520919799805
87 120 2.646993637084961
87 135 -4.145151615142822
87 141 -4.844202518463135
87 145 -4.844202518463135
87 156 -4.436121463775635
87 199 1.0422550439834595
88 119 2.931643486022949
88 129 4.025500774383545
88 148 -3.4370551109313965
88 153 2.165721893310547
88 192 4.436121463775635
88 283 1.7513134479522705
88 284 3.4370555877685547
89 98 -4.570380210876465
89 111 -1.8052442073822021
89 186 -1.6615502834320068
89 219 -0.08565044403076172
89 241 -1.3716528415679932
89 273 -2.061812400817871
90 105 -4.436121463775635
90 136 2.8218804597854614
90 143 2.5856857299804688
90 146 3.574453830718994
90 152 -3.206044912338257
90 165 1.0422550439834595
90 231 -0.28993427753448486
90 238 3.918442726135254
91 109 -0.550419807434082
91 115 5.537334442138672
91 122 2.527448892593384
91 141 1.1671515703201294
91 243 5.462346196174622
91 259 1.1387802362442017
92 107 1.755030870437622
92 112 -1.6046289205551147
92 130 -0.5656012296676636
92 137 2.5856857299804688
92 159 0.5841188430786133
92 167 -1.4452862739562988
92 168 -0.25821900367736816
92 200 0.6698458194732666
92 221 -0.25821900367736816
92 248 2.184051513671875
92 301 -0.19515776634216309
92 344 0.2740592956542969
92 388 1.2327651977539062
93 114 0.007781505584716797
93 130 -4.048479080200195
93 158 3.206045150756836
93 161 -1.5497854948043823
93 175 1.9863277673721313
93 221 -1.173548936843872
94 106 3.918442726135254
95 117 2.319517135620117
95 129 2.3860554695129395
95 151 -2.905458927154541
95 152 -8.14021897315979
95 226 2.780393123626709
95 234 -2.5092278718948364
95 239 -1.8144601583480835
95 283 3.206045150756836
95 420 -3.3153576850891113
96 97 -1.3975579738616943
96 104 4.134606838226318
96 121 3.918442726135254
97 104 2.527448892593384
97 105 2.41896653175354
97 121 3.1814441680908203
97 142 2.3682172298431396
97 146 -5.777968645095825
97 237 -2.7117466926574707
97 238 -4.948174715042114
98 99 -2.2726895809173584
98 129 0.6010888814926147
98 186 -1.5769600868225098
98 234 -0.7224264144897461
98 236 1.3959338665008545
98 273 1.0625402927398682
98 284 0.5504196882247925
98 290 -6.8850520849227905
98 291 1.0422550439834595
98 540 -5.143266558647156
99 129 -0.8957405090332031
99 148 2.431578516960144
99 284 -1.2106354236602783
100 168 1.7513134479522705
101 106 0.24241042137145996
101 135 0.2899341583251953
102 107 3.0157251358032227
102 129 -3.448987603187561
102 130 -4.108638644218445
102 137 -0.5004308223724365
102 159 -2.023524284362793
102 185 -3.4190890789031982
102 208 0.5170228481292725
102 241 -4.844202518463135
102 273 0.6352857351303101
102 388 -0.7023367881774902
103 128 -1.8806145191192627
103 148 2.8534722328186035
103 153 -2.4628312587738037
103 155 -0.3217952251434326
103 174 -2.7117466926574707
103 196 -4.500269651412964
104 121 2.931643486022949
104 142 3.3765416145324707
105 110 4.1451520919799805
105 135 -3.1067497730255127
105 142 4.266105651855469
105 146 -5.2281739711761475
105 152 -5.098537087440491
105 169 2.3682172298431396
105 206 -1.6615502834320068
105 238 -5.537334442138672
106 126 0.9455193281173706
106 135 -0.704796314239502
106 141 0.6361204385757446
106 157 -1.2106354236602783
106 170 -0.6525189876556396
106 177 -1.95015287399292
106 212 0.8192648887634277
106 224 0.8864564895629883
106 233 -0.7940690517425537
106 243 -0.07006347179412842
107 130 -6.497933864593506
107 137 -0.567230224609375
107 159 -2.653341054916382
108 129 1.8471391201019287
109 112 -1.084253191947937
109 122 -1.0625405311584473
109 125 3.918442726135254
109 157 -3.3181458711624146
109 158 3.5297118425369263
109 168 -1.022165060043335
109 179 -3.448987603187561
109 193 3.574453830718994
109 218 4.0355600118637085
109 232 2.584004521369934
109 243 -5.295220375061035
109 254 0.08565032482147217
109 259 -1.2778513431549072
110 135 -4.436121463775635
110 142 2.646993637084961
110 169 3.6731741428375244
111 186 -1.2778513431549072
111 241 -1.7513138055801392
111 273 0.5336849689483643
112 149 3.4370555877685547
112 167 -1.8144601583480835
112 168 1.4205758571624756
112 193 -2.295100450515747
112 200 -0.5336850881576538
112 221 -1.516147255897522
112 248 -4.7278759479522705
112 259 -2.3682169914245605
112 263 0.905015230178833
113 141 3.3153581619262695
114 130 -2.771096706390381
114 221 -1.2778513431549072
114 301 -0.7940690517425537
115 122 4.07742166519165
115 141 3.206045150756836
115 243 4.6231019496917725
116 126 0.8490927219390869
116 138 2.780393123626709
116 151 3.612617254257202
116 152 6.0976715087890625
116 226 -1.7825320959091187
117 129 1.5230822563171387
117 132 0.8452088832855225
117 181 -0.704796314239502
117 420 -2.2523828744888306
118 127 2.931643486022949
118 128 -12.967222213745117
118 146 4.867578387260437
118 164 3.106750011444092
118 165 -1.7513138055801392
118 166 -4.436121463775635
118 171 -4.145151615142822
118 190 5.866367340087891
118 191 -5.537334442138672
118 195 -6.240136384963989
118 197 -4.844202518463135
118 203 3.138920307159424
118 231 -4.369564533233643
118 253 -11.041496634483337
118 319 0.10124754905700684
119 148 -0.4510469436645508
119 153 2.780393123626709
119 283 0.13248097896575928
119 284 1.880614161491394
120 135 -3.9483470916748047
120 141 -9.200541973114014
120 145 -2.7117466926574707
120 156 -5.537334442138672
120 199 2.8534722328186035
120 259 -1.4455945491790771
121 142 3.170101284980774
121 178 2.3682172298431396
121 199 5.72211217880249
121 228 3.206045150756836
121 247 2.780393123626709
122 141 2.3863003253936768
122 243 3.206045150756836
122 259 1.4710062742233276
123 129 3.574453830718994
123 147 -0.43470799922943115
124 134 3.4370555877685547
124 139 -0.7401649951934814
124 140 -0.517022967338562
124 144 2.2227725982666016
124 209 0.22663211822509766
124 214 5.173609614372253
125 150 1.69085693359375
125 157 -1.7513138055801392
125 158 -1.7909314632415771
125 161 0.40141046047210693
125 193 2.689418911933899
125 218 0.758015513420105
125 232 0.22663211822509766
125 233 -2.4914788007736206
125 243 -6.838164448738098
125 254 0.46726155281066895
125 255 -5.152983903884888
125 286 0.386022686958313
126 138 3.8487552404403687
126 151 4.844202518463135
126 152 8.983569145202637
126 170 0.9825426340103149
126 176 1.3959338665008545
126 212 5.794220447540283
126 224 4.1451520919799805
127 128 -2.3682169914245605
127 143 3.0157251358032227
127 165 -2.3195173740386963
127 203 1.1671515703201294
127 253 -3.4370551109313965
128 139 -0.5841189622879028
128 140 -1.69085693359375
128 153 -5.537334442138672
128 154 2.527448892593384
128 155 -1.3959338665008545
128 166 2.527448892593384
128 174 -0.386022686958313
128 191 2.061811923980713
128 195 3.206045150756836
128 196 5.498867511749268
128 226 -10.137712121009827
128 230 6.0957512855529785
128 253 2.41896653175354
129 131 -2.321856141090393
129 132 -0.5004308223724365
129 147 -2.269668698310852
129 148 -2.736541509628296
129 181 -0.792033314704895
129 234 -0.517022967338562
129 236 1.8631542921066284
129 273 -0.7940690517425537
129 283 0.35381853580474854
129 284 0.7224262952804565
129 291 0.5496352910995483
129 388 -2.3195173740386963
129 420 -0.550419807434082
130 131 -2.1228703260421753
130 137 -0.14812123775482178
130 159 0.6698458194732666
130 221 -1.4710065126419067
130 301 -1.5412951707839966
130 388 -1.52549147605896
131 132 -1.6453434228897095
131 147 2.141983985900879
131 161 0.18696582317352295
131 173 1.5230822563171387
131 176 -6.461745500564575
131 181 1.106994390487671
131 185 -1.4455945491790771
131 202 -1.3477176427841187
131 207 1.2327651977539062
131 216 2.061811923980713
131 221 -3.7612290382385254
131 225 2.41896653175354
131 232 1.4205758571624756
131 250 2.061811923980713
131 255 1.2106354236602783
131 277 -0.736533522605896
131 301 -3.430707097053528
131 356 0.8677033185958862
131 388 -4.676030993461609
131 391 1.1246389150619507
131 395 -6.0130815505981445
131 466 3.4441161155700684
132 147 1.7207667827606201
132 181 2.7385531663894653
132 250 1.4205758571624756
132 283 -1.103724479675293
132 420 1.3959338665008545
133 166 3.918442726135254
133 196 4.1451520919799805
134 139 -0.3217952251434326
134 140 -0.11685729026794434
134 144 0.5170228481292725
134 214 2.2726893424987793
135 141 4.844202518463135
135 142 -7.5559492111206055
135 145 3.3153581619262695
135 156 4.1451520919799805
135 169 -3.732408046722412
135 170 3.6855709552764893
135 177 5.537334442138672
135 178 -5.964503765106201
135 199 -4.97038722038269
135 206 2.780393123626709
135 212 3.3153581619262695
135 243 2.5856857299804688
136 143 0.17596304416656494
136 146 3.1048065423965454
136 194 -0.517022967338562
136 238 -0.6352858543395996
136 376 -1.4485632181167603
137 159 -1.2930052280426025
137 208 -0.5004308223724365
137 221 1.3716528415679932
137 388 1.2253165245056152
138 151 1.5769600868225098
138 152 3.3153581619262695
138 163 3.0157251358032227
138 226 -2.1012699604034424
138 239 2.3682172298431396
138 253 -4.844202518463135
139 140 1.0422550439834595
139 144 0.5672299861907959
139 171 0.05448484420776367
139 183 -0.24241065979003906
139 191 -0.46744537353515625
139 195 -1.022165060043335
139 196 0.4386521577835083
139 197 -0.6181436777114868
139 209 0.6698458194732666
139 230 0.25407707691192627
139 253 0.10124754905700684
140 144 1.4455945491790771
140 183 1.4736213684082031
140 195 -0.8122801780700684
140 196 1.7513134479522705
140 209 1.6760931015014648
140 214 -0.567230224609375
140 230 0.10124754905700684
141 145 3.106750011444092
141 156 6.620361924171448
141 170 2.471966028213501
141 243 1.69085693359375
141 259 4.844202518463135
142 146 -8.877863049507141
142 169 3.4370555877685547
142 178 3.106750011444092
142 199 1.69085693359375
142 237 -9.810904741287231
142 238 -5.537334442138672
142 247 -1.103724479675293
142 285 -3.4370551109313965
143 152 -0.8864568471908569
143 165 -0.19657397270202637
143 194 1.2551668882369995
143 203 1.7207667827606201
143 231 2.471966028213501
143 238 1.8720836639404297
143 253 -4.436121463775635
144 182 0.46744537353515625
144 183 0.15697109699249268
144 196 0.2183701992034912
144 209 2.8534722328186035
144 214 -0.10124766826629639
144 230 -0.6182706356048584
145 156 3.918442726135254
145 177 5.537334442138672
145 199 -4.844202518463135
145 206 2.71174693107605
145 210 3.106750011444092
145 212 4.7450190782547
145 228 -5.537334442138672
145 247 -3.732408046722412
145 252 4.436121463775635
145 256 4.436121463775635
145 280 10.409421682357788
145 281 6.986186504364014
145 287 7.417948603630066
146 165 1.5769600868225098
146 190 5.985906958580017
146 194 0.2740592956542969
146 237 1.7825318574905396
146 238 2.931643486022949
146 376 -0.26038408279418945
147 185 -13.04533851146698
147 250 0.9825426340103149
147 273 -3.9184422492980957
147 277 -5.537334442138672
147 283 -1.95015287399292
147 284 -7.28266453742981
147 301 -0.9629981517791748
147 326 -2.4386699199676514
147 330 -0.7940690517425537
147 337 -1.8806145191192627
147 346 -1.6615502834320068
147 351 -7.306861400604248
147 352 2.5856857299804688
147 365 -0.25821900367736816
147 368 -5.2076921463012695
147 369 -3.9184422492980957
147 388 -3.8149001598358154
147 392 -3.732408046722412
147 394 1.006604790687561
147 420 3.194948673248291
147 431 -3.2298007011413574
147 451 -0.1794576644897461
147 466 1.880614161491394
147 473 0.8490927219390869
147 490 1.9506773948669434
147 597 2.98100209236145
147 605 1.2106354236602783
148 153 -1.7819966077804565
148 155 -5.537334442138672
148 174 -2.8534717559814453
148 183 -8.448206901550293
148 196 -4.4613196849823
148 209 0.6010888814926147
148 251 -0.9817805290222168
148 284 -1.5497854948043823
149 167 -3.7439231872558594
149 168 0.6698458194732666
149 221 -1.8144601583480835
149 263 2.184051513671875
149 311 -2.418966293334961
149 312 -1.308455228805542
150 157 -1.3959338665008545
150 161 0.46744537353515625
150 212 -1.4968293905258179
150 222 -0.517022967338562
150 232 -5.87956166267395
150 233 -1.3959338665008545
150 243 -1.480966329574585
150 255 -0.07006347179412842
150 334 -0.8306199312210083
151 152 3.7324085235595703
151 176 3.574453830718994
151 212 1.7825318574905396
151 224 1.3959338665008545
151 420 -1.5769600868225098
152 163 3.106750011444092
152 176 5.537334442138672
152 197 -1.3959338665008545
152 206 2.931643486022949
152 212 2.780393123626709
152 224 1.188767671585083
152 226 -5.947926998138428
152 231 -0.3377852439880371
152 233 4.844202518463135
152 238 -5.737115979194641
152 239 3.214110493659973
152 253 -12.165297031402588
152 257 11.779464960098267
152 258 3.106750011444092
152 260 4.436121463775635
152 268 7.289593696594238
152 274 4.618865013122559
152 282 0.5504196882247925
152 283 -5.989980697631836
152 298 5.7274720668792725
152 309 4.350471019744873
152 318 6.372731685638428
152 319 -7.209600329399109
152 335 8.168529987335205
152 336 2.931643486022949
152 339 3.206045150756836
152 348 2.71174693107605
152 357 4.844202518463135
152 361 3.918442726135254
152 363 5.85669732093811
152 373 2.931643486022949
152 409 1.9501526355743408
152 415 1.8471391201019287
152 420 -3.9184422492980957
152 458 0.46744537353515625
153 155 -2.5856852531433105
153 160 3.206045150756836
153 166 -5.537334442138672
153 174 -7.877559661865234
153 196 -11.605143785476685
153 226 1.4968293905258179
153 229 6.388335347175598
153 234 -1.4968293905258179
153 253 -3.126745581626892
153 283 -1.022165060043335
153 284 0.1779029369354248
154 166 3.0157251358032227
154 196 3.7324085235595703
155 174 -0.8122801780700684
155 183 -0.7401649951934814
155 196 -1.1059997081756592
155 229 -10.105425953865051
155 251 -1.5230824947357178
155 284 -3.0157251358032227
156 170 4.844202518463135
156 177 4.844202518463135
156 198 3.0157251358032227
156 199 -3.4370551109313965
156 206 3.004469871520996
156 210 3.106750011444092
156 212 5.537334442138672
156 215 2.8534722328186035
156 228 -2.7117466926574707
156 243 4.844202518463135
156 252 4.436121463775635
156 256 5.537334442138672
156 259 7.02825403213501
156 281 1.9149343967437744
156 287 3.4398409128189087
157 170 3.106750011444092
157 212 1.3969180583953857
157 233 0.9825426340103149
157 243 0.7047960758209229
158 161 -0.21088194847106934
158 168 -2.297583818435669
158 175 1.8471391201019287
158 179 1.7513134479522705
158 193 1.3008300065994263
158 218 2.8534722328186035
158 221 -1.9863280057907104
158 232 -0.05448496341705322
158 254 0.13257110118865967
158 255 2.2275795936584473
159 208 0.21088182926177979
159 301 0.08565032482147217
159 388 -0.517022967338562
161 181 0.7047960758209229
161 216 -0.36989688873291016
161 232 0.24241042137145996
161 250 0.25821876525878906
161 255 -0.6010891199111938
161 420 0.2899341583251953
162 253 3.206045150756836
165 190 -1.7230520248413086
165 194 -1.4710065126419067
165 203 2.141983985900879
165 231 1.4205758571624756
165 238 0.1637791395187378
165 289 1.9863277673721313
165 319 2.0235238075256348
165 464 2.0235238075256348
166 195 7.624595642089844
166 196 3.106750011444092
166 217 2.2726893424987793
166 226 -7.856851816177368
166 230 4.844202518463135
166 253 3.7324085235595703
166 265 -2.3682169914245605
166 377 -2.5274486541748047
167 168 0.5170228481292725
167 200 2.780393123626709
167 221 2.527448892593384
167 248 -0.5660052299499512
167 263 -1.6615502834320068
168 179 -0.550419807434082
168 193 -0.9336780309677124
168 200 0.343489408493042
168 218 -0.274059534072876
168 221 -3.3153576850891113
168 232 -3.574453353881836
168 263 2.931643486022949
169 172 2.71174693107605
169 178 5.537334442138672
169 184 -1.324114441871643
169 188 -0.550419807434082
169 206 -8.974389553070068
169 238 -4.844202518463135
169 242 -0.21088194847106934
169 266 -0.46744537353515625
169 271 -6.838164448738098
169 281 -1.1671515703201294
169 285 -1.8144601583480835
169 294 -2.1012699604034424
169 297 -1.0422554016113281
169 323 -3.1067497730255127
169 367 -1.0422554016113281
169 371 -3.3153576850891113
170 212 3.574453830718994
170 224 0.7401647567749023
170 233 5.3390185832977295
170 243 4.844202518463135
171 191 2.445171356201172
171 197 2.445171356201172
172 178 2.8534722328186035
173 175 2.3682172298431396
173 207 2.780393123626709
173 216 -0.05448496341705322
173 221 -2.471965789794922
173 255 3.3081120252609253
173 301 -0.7401649951934814
174 183 0.7047960758209229
174 196 3.206045150756836
174 229 -5.537334442138672
174 377 -4.145151615142822
175 221 -1.4282780885696411
175 255 1.9149343967437744
176 181 -5.749560117721558
176 202 -1.3008300065994263
176 212 9.295278072357178
176 216 -4.413209915161133
176 224 5.537334442138672
176 250 -6.771914005279541
176 267 5.537334442138672
176 268 4.436121463775635
176 275 -1.8471393585205078
176 282 2.471966028213501
176 334 2.3682172298431396
176 335 4.1451520919799805
176 364 3.4370555877685547
176 395 2.319517135620117
176 420 -6.477019548416138
177 206 5.537334442138672
177 212 3.0157251358032227
177 233 0.9436225891113281
177 287 3.4370555877685547
178 199 2.5856857299804688
178 206 -7.288648247718811
178 211 2.471966028213501
178 228 2.646993637084961
178 237 -2.5274486541748047
178 238 -5.537334442138672
178 242 2.471966028213501
178 247 4.711500406265259
178 266 0.6872706413269043
178 281 -4.844202518463135
178 285 -4.145151615142822
179 218 1.69085693359375
179 221 -1.4205758571624756
179 232 1.3635016679763794
179 255 0.8306199312210083
180 221 2.780393123626709
181 202 -2.141984462738037
181 216 1.9501526355743408
181 250 1.9863277673721313
181 420 0.5336849689483643
182 214 -0.08565044403076172
183 196 2.5856857299804688
183 209 -0.07006347179412842
183 230 5.537334442138672
183 251 -1.8471393585205078
183 290 -10.533774495124817
183 306 -11.112784147262573
183 377 -5.706943511962891
184 206 4.436121463775635
185 186 10.192694187164307
185 208 -5.198021054267883
185 219 2.646993637084961
185 227 3.206045150756836
185 241 4.436121463775635
185 261 3.0157251358032227
185 270 4.1451520919799805
185 273 -2.1012699604034424
185 277 -4.948174715042114
185 288 1.7207667827606201
185 295 4.844202518463135
185 301 -8.155263781547546
185 303 3.0157251358032227
185 337 -14.539166450500488
185 388 -1.669732689857483
185 540 -2.78039288520813
186 219 3.3153581619262695
186 241 2.931643486022949
186 273 -3.85762882232666
187 200 -0.8122801780700684
187 221 1.6046289205551147
188 206 -2.3682169914245605
188 238 -3.4370551109313965
189 238 4.844202518463135
190 194 0.007781505584716797
190 197 -0.386022686958313
190 213 4.1451520919799805
190 289 4.6129233837127686
190 319 0.9683929681777954
190 377 -6.290526866912842
190 464 2.41896653175354
191 195 3.574453830718994
191 197 4.844202518463135
191 230 4.436121463775635
191 253 4.182476043701172
191 265 -2.685597062110901
192 284 3.3153581619262695
193 218 3.574453830718994
193 232 0.5039494037628174
193 243 -1.2270292043685913
193 252 0.6992713212966919
193 254 -0.0077817440032958984
193 259 -1.1246386766433716
193 263 -0.704796314239502
193 366 1.8471391201019287
194 231 0.6525188684463501
194 238 -4.676644682884216
194 244 0.08565032482147217
194 271 -3.775851607322693
194 289 1.0830274820327759
194 307 -0.982542872428894
194 319 -0.550419807434082
194 376 -0.6872706413269043
194 439 2.2726893424987793
194 464 1.8231922388076782
195 205 2.646993637084961
195 217 5.869197368621826
195 230 2.71174693107605
195 253 3.3153581619262695
195 265 -6.37454354763031
195 279 -1.8471393585205078
196 209 -0.9701416492462158
196 217 3.7324085235595703
196 226 -3.206044912338257
196 229 -8.419814705848694
196 230 0.26664698123931885
196 251 -3.4370551109313965
196 262 -2.061812400817871
196 265 -3.9184422492980957
196 284 -2.5347498655319214
196 290 -2.646993398666382
196 306 -4.844202518463135
196 310 -0.11685729026794434
196 377 -3.206044912338257
197 204 3.3153581619262695
197 230 5.537334442138672
197 231 -0.704796314239502
197 253 1.0221648216247559
197 265 -6.585181355476379
197 276 -1.6046289205551147
197 278 0.10124754905700684
197 309 -4.980982780456543
197 310 0.03891301155090332
197 319 -1.3716528415679932
197 377 -4.145151615142822
197 383 -5.808853507041931
197 415 -4.145151615142822
197 444 -1.3008300065994263
197 447 -0.46744537353515625
197 458 -5.127694487571716
197 499 -0.5004308223724365
198 210 2.71174693107605
198 215 3.3153581619262695
198 259 3.918442726135254
199 206 -3.9184422492980957
199 228 3.574453830718994
199 247 4.436121463775635
200 221 2.527448892593384
200 248 -0.4169996976852417
200 344 -0.9244110584259033
201 206 3.4370555877685547
201 212 3.106750011444092
202 216 -1.5230824947357178
202 222 -1.632817029953003
202 250 -1.3716528415679932
202 275 -1.324114441871643
202 334 -0.3377852439880371
203 231 0.007781505584716797
203 253 -5.537334442138672
203 319 -0.3377852439880371
206 212 4.844202518463135
206 233 6.6640520095825195
206 238 -5.418664336204529
206 242 -8.168529510498047
206 247 -3.9184422492980957
206 257 4.436121463775635
206 271 -5.537334442138672
206 274 5.537334442138672
206 281 3.0157251358032227
206 287 5.537334442138672
206 294 5.537334442138672
206 297 8.289360761642456
206 318 2.3682172298431396
206 348 3.918442726135254
206 458 2.8736257553100586
208 241 -3.051002860069275
208 388 1.8471391201019287
209 214 0.22123897075653076
209 230 0.32854413986206055
209 306 -1.13974928855896
209 321 -0.982542872428894
210 215 2.931643486022949
210 256 6.934167861938477
210 259 2.41896653175354
210 281 2.2275795936584473
211 247 3.574453830718994
212 222 -1.3008300065994263
212 223 3.4370555877685547
212 224 3.4370555877685547
212 233 6.3381301164627075
212 243 1.5230822563171387
212 252 1.1457781791687012
212 257 4.1451520919799805
212 280 3.0287508964538574
212 282 7.083115100860596
212 287 6.6913416385650635
212 334 5.537334442138672
212 342 5.869197368621826
212 364 2.646993637084961
215 252 3.3153581619262695
215 256 4.1451520919799805
215 259 4.436121463775635
216 250 2.931643486022949
216 275 -1.7207670211791992
217 226 -4.646546363830566
217 229 -0.7940690517425537
217 253 2.780393123626709
217 265 -3.732408046722412
217 268 -4.2500609159469604
217 276 -3.4370551109313965
217 305 -0.386022686958313
217 310 -0.40219831466674805
217 374 -0.7224264144897461
217 383 -3.9184422492980957
217 393 -2.471965789794922
217 431 -2.646993398666382
217 447 -0.46744537353515625
218 221 -1.3716528415679932
218 232 2.449928402900696
218 254 -2.418966293334961
218 255 1.8392857313156128
219 241 11.235658168792725
219 273 -1.6046289205551147
219 303 2.527448892593384
220 221 0.9244109392166138
220 248 1.4205758571624756
221 232 -5.537334442138672
221 248 1.1463217735290527
221 255 -1.8806145191192627
221 263 -4.436121463775635
221 286 -3.732408046722412
221 301 2.2275795936584473
221 311 -0.9244110584259033
221 312 -2.820604085922241
221 333 -2.2153080701828003
221 344 -1.07729172706604
221 347 -2.4180989265441895
221 356 -1.5230824947357178
221 388 -1.9647499322891235
221 391 -4.436121463775635
221 446 0.43470799922943115
222 224 -0.8306199312210083
222 233 -0.6352858543395996
222 334 -1.0830280780792236
223 233 3.4370555877685547
223 257 2.931643486022949
224 233 6.019712448120117
224 282 1.5769600868225098
224 334 5.537334442138672
225 250 0.5170228481292725
225 277 0.2740592956542969
225 301 -0.03891324996948242
225 466 0.4839059114456177
226 229 1.69085693359375
226 234 -1.103724479675293
226 239 -5.537334442138672
226 253 -5.537334442138672
226 268 -0.8122801780700684
226 283 2.223950743675232
226 305 4.844202518463135
226 316 -1.0602116584777832
228 240 4.844202518463135
228 242 3.396684169769287
228 247 2.8534722328186035
228 266 3.206045150756836
228 281 -5.537334442138672
228 315 -5.537334442138672
228 338 -8.743379354476929
228 367 2.780393123626709
228 371 -2.8534717559814453
228 403 -5.864893198013306
228 429 -7.288648247718811
228 468 -5.537334442138672
228 517 -1.4710065126419067
228 544 -4.145151615142822
228 573 -1.7570672035217285
229 234 -4.965173244476318
229 251 -1.2778513431549072
229 284 4.14168381690979
229 290 -1.8144601583480835
229 305 2.2726893424987793
229 310 -4.844202518463135
229 316 -0.43470799922943115
229 327 3.106750011444092
229 360 1.69085693359375
229 377 -0.6181436777114868
230 235 3.106750011444092
230 245 3.918442726135254
230 253 0.6010888814926147
230 265 -3.1067497730255127
230 290 -2.2726895809173584
230 306 -3.9184422492980957
230 317 -3.3153576850891113
230 321 -5.537334442138672
230 377 -8.87699818611145
231 238 -0.567230224609375
231 253 -3.9184422492980957
231 309 -0.8864568471908569
231 319 1.9863277673721313
231 363 -0.24241065979003906
232 233 -7.793268084526062
232 243 -6.869741201400757
232 252 -2.7117466926574707
232 254 -4.591682434082031
232 255 1.69085693359375
232 259 -2.3195173740386963
232 263 -4.79668915271759
232 286 2.0235238075256348
232 312 -1.6615502834320068
232 315 -4.926514029502869
232 333 -2.061812400817871
232 334 -0.8754851818084717
232 341 2.646993637084961
232 355 -1.5769600868225098
232 366 1.6802165508270264
232 385 -0.6872706413269043
232 391 1.4205758571624756
232 403 -5.137333989143372
232 448 -0.3217952251434326
232 451 1.0022629499435425
232 454 -1.7825320959091187
232 466 0.2899341583251953
232 469 -0.8490928411483765
232 491 1.132545828819275
232 503 2.9386277198791504
232 534 2.425961136817932
232 542 0.4839059114456177
232 556 -3.2961472272872925
232 563 0.5185036659240723
232 590 0.010184764862060547
232 592 1.324114441871643
232 596 -0.28249943256378174
232 607 2.35605251789093
232 613 0.9701415300369263
233 243 5.7009745836257935
233 249 3.4370555877685547
233 252 1.3477176427841187
233 257 11.074668884277344
233 258 1.0830274820327759
233 280 1.4968293905258179
233 282 3.918442726135254
233 287 3.918442726135254
233 294 6.046419858932495
233 297 7.721385955810547
233 313 5.054897785186768
233 334 5.537334442138672
233 335 4.844202518463135
233 342 5.537334442138672
233 348 7.452268838882446
233 349 2.0235238075256348
233 355 2.931643486022949
233 390 6.204374551773071
234 283 -1.6663389205932617
234 284 -3.4370551109313965
234 291 -1.632817029953003
234 305 -0.10124766826629639
234 316 -0.550419807434082
234 360 -2.688400626182556
234 452 -0.7759822607040405
236 273 0.4903881549835205
236 284 1.7825318574905396
236 291 1.7825318574905396
236 540 -1.5769600868225098
237 238 2.8534722328186035
237 242 -5.130274057388306
237 247 -5.537334442138672
237 266 -5.537334442138672
237 285 3.0157251358032227
237 307 0.24241042137145996
237 323 3.106750011444092
237 331 4.844202518463135
237 338 5.678011178970337
238 244 -0.7401649951934814
238 271 3.3153581619262695
238 274 -3.9184422492980957
238 285 5.537334442138672
238 289 1.324114441871643
238 307 -0.36989688873291016
238 319 0.7401647567749023
238 323 2.41896653175354
238 376 -1.2778513431549072
238 458 -1.95015287399292
239 253 -4.844202518463135
239 260 5.537334442138672
239 268 4.436121463775635
239 276 1.2551668882369995
239 283 -3.732408046722412
239 309 2.2275795936584473
239 420 -1.022165060043335
240 266 5.537334442138672
241 261 3.0157251358032227
241 270 8.26986014842987
241 273 -0.10124766826629639
241 277 -3.0923115015029907
241 301 -4.844202518463135
241 388 -7.275086879730225
242 247 2.2726893424987793
242 266 2.780393123626709
242 271 -5.537334442138672
242 281 -5.537334442138672
242 285 -4.145151615142822
242 297 -1.6615502834320068
242 323 -3.1067497730255127
242 367 -0.550419807434082
242 371 -3.9184422492980957
243 249 2.931643486022949
243 252 4.844202518463135
243 256 8.28125810623169
243 259 9.149092197418213
243 281 3.3153581619262695
243 313 6.997068166732788
243 315 9.51408076286316
243 342 7.861086964607239
243 355 3.918442726135254
243 366 1.103724479675293
243 403 3.3963769674301147
244 319 -0.3377852439880371
246 259 4.844202518463135
247 266 0.9748324155807495
247 281 -2.7117466926574707
247 285 -6.934167385101318
247 338 -3.3153576850891113
247 573 -1.4710065126419067
248 311 -0.7153514623641968
248 312 0.40219831466674805
248 333 -0.21088194847106934
248 344 -0.05448496341705322
248 347 0.2899341583251953
250 275 -0.9436229467391968
250 329 2.184051513671875
250 345 1.2778513431549072
250 395 -5.537334442138672
250 420 2.8879183530807495
250 466 1.103724479675293
251 262 0.7224262952804565
251 284 -6.574437737464905
251 290 2.2726893424987793
251 377 2.8534722328186035
251 452 -0.7401649951934814
252 256 5.537334442138672
252 259 4.844202518463135
252 280 4.844202518463135
252 281 2.71174693107605
252 313 4.436121463775635
252 315 2.141983985900879
252 366 -5.537334442138672
252 403 3.574453830718994
253 260 -1.9863280057907104
253 265 -17.097739577293396
253 268 -4.844202518463135
253 276 -5.537334442138672
253 278 -0.9629981517791748
253 279 -4.844202518463135
253 305 0.007781505584716797
253 309 -5.783839106559753
253 310 -1.1246386766433716
253 319 -2.3682169914245605
253 377 -9.562282800674438
254 341 0.05448484420776367
254 366 -0.4839059114456177
254 469 -3.159236431121826
254 534 -4.145151615142822
254 590 -5.537334442138672
255 286 3.106750011444092
255 301 -2.257390022277832
255 312 -0.9244110584259033
255 333 -3.542737603187561
255 356 1.103724479675293
255 391 2.2726893424987793
255 448 -0.4510469436645508
255 451 1.1671515703201294
255 477 -0.550419807434082
255 491 1.324114441871643
255 534 3.327960252761841
255 590 -1.1920928955078125e-07
255 611 2.2726893424987793
256 259 8.553059577941895
256 280 4.922377109527588
256 281 3.918442726135254
256 313 5.634198904037476
256 315 9.857188701629639
257 258 4.436121463775635
257 260 5.537334442138672
257 274 5.537334442138672
257 282 5.99152934551239
257 294 3.206045150756836
257 297 5.1713714599609375
257 298 5.537334442138672
257 318 5.537334442138672
257 335 5.537334442138672
257 348 7.373418092727661
257 350 4.926811933517456
258 260 1.4455945491790771
258 268 4.1451520919799805
258 282 2.528622031211853
258 283 -5.537334442138672
258 335 3.206045150756836
258 420 -2.5856852531433105
259 281 3.918442726135254
259 315 4.844202518463135
259 366 -6.258330345153809
259 403 6.0595173835754395
260 268 5.609299659729004
260 274 3.749817371368408
260 298 4.844202518463135
260 309 5.537334442138672
260 335 4.844202518463135
260 373 2.931643486022949
261 270 2.527448892593384
261 277 -0.7401649951934814
261 301 -3.3153576850891113
261 388 -2.338194966316223
262 290 0.5336849689483643
262 377 -0.7580156326293945
263 311 -3.5585110187530518
263 312 -1.0830280780792236
264 285 2.931643486022949
265 278 -3.1067497730255127
265 279 2.527448892593384
265 310 -3.698586583137512
265 377 1.7207667827606201
266 281 -8.168529510498047
266 285 -6.681203126907349
266 315 -3.732408046722412
266 323 -7.487487316131592
266 338 -5.537334442138672
266 367 1.8471391201019287
266 371 -3.574453353881836
266 573 -0.550419807434082
267 268 3.6892486810684204
267 275 1.3959338665008545
267 335 3.918442726135254
267 364 5.537334442138672
268 275 -0.7759822607040405
268 276 0.7047960758209229
268 282 4.405073761940002
268 283 -1.6615502834320068
268 300 3.574453830718994
268 305 -0.7401649951934814
268 309 3.7324085235595703
268 320 0.9192211627960205
268 326 -1.4122127294540405
268 335 10.381536960601807
268 336 3.2862071990966797
268 348 3.106750011444092
268 349 4.009851574897766
268 350 7.560858249664307
268 351 6.938453674316406
268 364 4.1451520919799805
268 368 1.7207667827606201
268 369 -2.686948299407959
268 383 -0.5004308223724365
268 392 4.3745880126953125
268 393 -2.2726895809173584
268 395 3.106750011444092
268 420 -5.537334442138672
268 431 -1.5497854948043823
268 447 -1.1246386766433716
269 283 3.206045150756836
270 273 -2.471965789794922
270 277 -2.184051752090454
270 288 2.471966028213501
270 292 3.206045150756836
270 295 3.4370555877685547
270 301 -6.986186981201172
270 303 0.6525188684463501
270 337 -2.061812400817871
270 359 -2.184051752090454
270 388 -0.704796314239502
270 540 -3.4061723947525024
271 274 -3.3153576850891113
271 285 2.931643486022949
271 294 -5.537334442138672
271 307 -2.7117466926574707
271 319 2.71174693107605
271 323 3.4370555877685547
271 324 2.931643486022949
271 338 1.8144598007202148
271 363 -4.857630968093872
271 367 -7.9666056632995605
271 371 -5.537334442138672
271 376 -1.3959338665008545
271 379 2.780393123626709
271 389 4.436121463775635
271 439 -2.1012699604034424
271 458 -8.578635931015015
271 489 -3.9184422492980957
272 284 2.646993637084961
273 277 -4.1195307970047
273 284 1.1896299123764038
273 291 -1.0422554016113281
273 303 -6.405037879943848
273 337 -0.24241065979003906
273 352 -2.2726895809173584
273 388 -2.656671404838562
273 428 -1.95015287399292
273 540 -2.4142996072769165
274 294 3.918442726135254
274 318 5.537334442138672
274 319 -0.982542872428894
274 363 1.8144598007202148
274 458 4.1451520919799805
275 364 3.0603832006454468
275 395 0.22663211822509766
275 420 -1.0422554016113281
276 309 3.4370555877685547
276 310 -3.1067497730255127
276 336 3.3153581619262695
276 368 4.844202518463135
276 383 2.0235238075256348
277 301 2.061811923980713
277 303 -5.036551475524902
277 330 -0.5539693832397461
277 337 3.206045150756836
277 388 -1.2106354236602783
278 279 -2.1012699604034424
278 310 0.25821876525878906
278 377 -2.5856852531433105
279 302 2.646993637084961
279 310 -6.505752801895142
279 377 4.436121463775635
279 447 -2.3682169914245605
280 281 3.918442726135254
280 287 4.844202518463135
280 297 5.959988117218018
280 313 4.844202518463135
280 342 7.587290644645691
281 287 18.41725754737854
281 294 2.833294153213501
281 297 5.537334442138672
281 313 3.918442726135254
281 315 3.206045150756836
281 342 1.6046289205551147
281 367 -3.9184422492980957
281 370 4.1451520919799805
281 371 3.106750011444092
281 403 -1.8608677387237549
281 429 6.9255452156066895
282 297 5.0025794506073
282 334 7.810023784637451
282 335 4.844202518463135
282 348 4.946106672286987
282 349 3.918442726135254
282 350 4.895798444747925
282 364 5.537334442138672
283 284 2.9348227977752686
283 305 1.5268372297286987
283 316 -1.7825320959091187
283 320 2.41896653175354
283 326 5.286509871482849
283 368 -1.7207670211791992
283 369 -1.7207670211791992
283 420 -4.52008318901062
283 431 1.4190493822097778
284 291 1.7825318574905396
284 305 0.14812123775482178
284 316 1.4710062742233276
284 326 0.3938041925430298
284 327 0.08565032482147217
284 346 2.141983985900879
284 352 -2.540547251701355
284 360 1.7513134479522705
284 431 0.4021981954574585
284 452 3.4388195276260376
284 605 -5.139774680137634
285 323 4.1451520919799805
286 312 -4.145151615142822
286 333 -0.704796314239502
286 391 -0.9244110584259033
287 294 1.7513134479522705
287 297 5.537334442138672
287 313 5.537334442138672
287 342 3.0157251358032227
288 301 -1.9863280057907104
288 303 -1.7513138055801392
289 307 0.775982141494751
289 319 0.06406331062316895
289 389 0.9053572416305542
289 439 2.6725789308547974
289 464 -0.36989688873291016
290 306 -5.1279120445251465
290 310 -1.1457781791687012
290 360 -0.386022686958313
290 374 -2.0638009309768677
290 377 3.106750011444092
290 378 -4.570961236953735
290 452 -2.5274486541748047
290 540 -10.047359466552734
291 296 4.436121463775635
291 346 -0.24241065979003906
291 352 -9.479122757911682
291 428 0.4510469436645508
291 452 2.471966028213501
291 540 -3.4448368549346924
292 295 2.646993637084961
293 306 3.7324085235595703
294 297 4.436121463775635
294 304 3.3153581619262695
294 318 5.4692665338516235
294 348 5.537334442138672
294 371 2.71174693107605
294 381 4.844202518463135
294 458 4.436121463775635
295 303 2.931643486022949
295 354 -3.2948546409606934
295 388 1.1181117296218872
295 540 -1.188767671585083
295 562 -3.4441001415252686
296 452 4.436121463775635
297 304 2.8534722328186035
297 313 5.537334442138672
297 342 7.775846004486084
297 348 11.923608541488647
297 370 8.553059577941895
297 371 4.436121463775635
297 381 3.106750011444092
297 458 3.4370555877685547
298 309 6.85689902305603
298 335 7.810023784637451
298 348 3.106750011444092
298 350 3.918442726135254
298 357 3.574453830718994
298 361 2.71174693107605
298 373 3.206045150756836
298 386 2.931643486022949
299 301 2.061811923980713
299 388 -1.4205758571624756
299 446 -1.4968293905258179
300 351 3.4370555877685547
301 303 -5.537334442138672
301 308 1.1671515703201294
301 330 0.7224262952804565
301 333 -0.8677034378051758
301 337 1.8144598007202148
301 340 3.206045150756836
301 344 -0.36989688873291016
301 356 -1.1671515703201294
301 359 2.319517135620117
301 372 2.646993637084961
301 388 -1.4968293905258179
301 391 -1.5520846843719482
301 394 1.6345969438552856
301 406 -0.9244110584259033
301 413 -0.638603925704956
301 420 -3.638772487640381
301 430 0.7940690517425537
301 440 3.7324085235595703
301 446 -0.1794576644897461
301 466 -1.6046289205551147
301 477 -2.1012699604034424
301 483 -3.574453353881836
301 490 -3.704730987548828
301 492 -1.324114441871643
301 515 2.1012697219848633
301 521 -1.4968293905258179
301 538 -0.06247091293334961
301 540 -5.537334442138672
301 559 -2.6659375429153442
301 561 -2.399597644805908
301 562 -0.9244110584259033
301 601 1.065895438194275
302 310 -2.061812400817871
302 374 -2.1012699604034424
302 377 2.931643486022949
303 337 -5.537334442138672
303 354 -3.732408046722412
303 388 -0.704796314239502
303 428 -5.537334442138672
303 440 -4.436121463775635
303 540 -3.4370551109313965
304 348 2.780393123626709
304 370 2.5856857299804688
305 310 -3.574453353881836
305 316 -0.07006347179412842
305 320 0.43470799922943115
305 326 1.4205758571624756
305 327 2.184051513671875
305 374 -3.732408046722412
305 431 4.436121463775635
306 314 3.574453830718994
306 321 3.918442726135254
306 374 -3.1067497730255127
306 377 -1.95015287399292
306 378 -4.783004999160767
306 380 2.5856857299804688
306 424 3.0157251358032227
306 437 4.414673328399658
307 323 -1.4710065126419067
307 331 -0.274059534072876
307 376 0.7405532598495483
307 439 -0.8122801780700684
309 310 -3.574453353881836
309 319 -4.145151615142822
309 335 4.844202518463135
309 336 5.537334442138672
309 368 0.9244109392166138
309 373 5.537334442138672
309 383 2.319517135620117
309 415 3.7324085235595703
309 447 -2.023524284362793
310 327 -5.516804456710815
310 360 -1.4968293905258179
310 374 2.141983985900879
310 377 -12.035268306732178
310 378 -0.43470799922943115
310 383 -3.9184422492980957
310 431 -2.931643009185791
310 447 2.527448892593384
311 312 2.061811923980713
311 333 0.1794571876525879
311 344 -0.03891324996948242
311 347 2.1012697219848633
311 385 2.931643486022949
311 596 2.3682172298431396
312 333 3.206045150756836
312 347 3.511890411376953
312 385 -0.7759822607040405
313 315 4.1451520919799805
313 342 5.537334442138672
313 370 4.436121463775635
314 321 5.537334442138672
314 322 3.574453830718994
314 380 3.7324085235595703
314 424 5.537334442138672
314 437 5.537334442138672
314 472 5.537334442138672
315 328 3.574453830718994
315 342 6.906014442443848
315 355 4.436121463775635
315 366 -4.373959541320801
315 367 -5.129817843437195
315 370 1.632817029953003
315 371 1.7513134479522705
315 390 3.3153581619262695
315 399 3.857525110244751
315 403 2.2275795936584473
315 410 4.1451520919799805
315 429 3.7324085235595703
315 433 2.8534722328186035
315 454 3.574453830718994
316 327 0.46744537353515625
316 360 -0.13248109817504883
317 321 2.0235238075256348
317 374 -2.034855008125305
317 377 -4.145151615142822
317 424 0.9436225891113281
317 447 -0.8306199312210083
318 348 3.918442726135254
318 363 4.1451520919799805
318 381 5.537334442138672
318 409 3.938458204269409
318 458 7.1988844871521
319 363 -6.933268308639526
319 376 0.5170228481292725
319 377 -3.723362684249878
319 389 4.436121463775635
319 415 -5.0666714906692505
319 439 -2.2588982582092285
319 444 -4.844202518463135
319 458 -8.414335131645203
319 464 4.436121463775635
319 489 -2.931643009185791
319 499 -6.856898307800293
319 517 -3.3153576850891113
320 326 1.632817029953003
321 322 2.8534722328186035
321 374 -5.537334442138672
321 377 -4.145151615142822
321 424 4.844202518463135
321 437 5.537334442138672
321 447 -3.1067497730255127
321 472 5.172989368438721
321 485 1.1457781791687012
321 539 3.0157251358032227
323 331 1.9501526355743408
323 338 6.8379727602005005
323 367 -4.844202518463135
323 376 -0.40219831466674805
323 379 2.41896653175354
323 389 0.8490927219390869
323 439 -0.14812123775482178
325 377 2.2275795936584473
326 369 -0.982542872428894
326 431 3.0157251358032227
326 605 0.32179486751556396
327 360 0.9053572416305542
327 374 -5.537334442138672
327 431 0.9436225891113281
327 443 -0.08565044403076172
328 403 3.3153581619262695
329 420 2.8655593395233154
330 337 -0.03891324996948242
330 365 3.106750011444092
330 394 2.2275795936584473
330 413 0.5841188430786133
330 521 0.9517308473587036
331 332 3.206045150756836
331 338 5.537334442138672
331 376 -0.6698460578918457
331 379 4.881099343299866
331 389 5.537334442138672
331 438 4.844202518463135
331 462 3.3153581619262695
331 494 5.716441750526428
331 541 3.106750011444092
331 544 5.537334442138672
332 338 3.0157251358032227
333 343 3.4370555877685547
333 344 -2.6541882753372192
333 347 2.2726893424987793
333 385 2.384394407272339
333 391 -1.0625405311584473
333 446 -0.43470799922943115
333 448 2.527448892593384
333 459 0.6010888814926147
333 477 2.1012697219848633
333 492 2.0235238075256348
333 534 -0.6525189876556396
333 535 -2.141984462738037
333 545 -0.7811088562011719
333 548 0.6010888814926147
333 552 3.0157251358032227
333 557 2.4890297651290894
333 560 -0.4184257984161377
333 582 2.160740613937378
333 596 2.7535207271575928
333 607 -2.2275800704956055
333 611 -3.050223469734192
333 614 -3.2809711694717407
334 349 15.951106905937195
334 355 6.137688636779785
334 362 5.537334442138672
334 364 4.1451520919799805
334 390 3.206045150756836
334 395 2.5856857299804688
334 450 1.2106354236602783
334 451 -0.21088194847106934
334 454 0.35381853580474854
334 466 -0.4510469436645508
334 534 -3.574453353881836
334 542 -0.8490928411483765
335 336 3.918442726135254
335 348 13.369531869888306
335 350 7.163719654083252
335 351 4.844202518463135
335 361 2.780393123626709
335 364 2.780393123626709
335 368 6.730837821960449
335 373 7.9381022453308105
335 382 5.537334442138672
335 386 3.4370555877685547
335 396 4.844202518463135
336 358 2.8534722328186035
336 368 5.537334442138672
336 373 5.537334442138672
336 382 5.537334442138672
336 383 5.537334442138672
336 384 3.0157251358032227
336 393 10.707489490509033
336 412 2.931643486022949
336 414 6.1224751472473145
336 415 5.537334442138672
336 416 3.4370555877685547
336 460 3.918442726135254
336 505 5.537334442138672
337 352 -1.7513138055801392
337 365 1.7825318574905396
337 413 0.25821876525878906
337 428 2.471966028213501
337 436 -0.8122801780700684
337 440 2.646993637084961
337 479 -1.3959338665008545
337 521 -0.6352858543395996
337 540 -1.95015287399292
337 601 2.8534722328186035
338 367 -5.537334442138672
338 379 4.436121463775635
338 389 6.221770286560059
338 438 2.780393123626709
338 462 2.931643486022949
338 494 5.537334442138672
338 508 3.7324085235595703
338 517 -3.4190890789031982
338 544 3.206045150756836
338 573 -5.537334442138672
339 357 2.319517135620117
339 363 3.0157251358032227
341 366 1.7094380855560303
341 469 -0.4839059114456177
342 348 5.537334442138672
342 355 3.918442726135254
342 370 5.537334442138672
342 390 5.537334442138672
342 399 5.537334442138672
342 403 7.103487968444824
342 429 1.8471391201019287
342 450 6.551838397979736
344 347 -0.21088194847106934
344 446 0.3058452606201172
345 420 2.2726893424987793
346 352 -5.214099407196045
346 431 0.8122800588607788
346 452 3.574453830718994
347 385 2.2275795936584473
347 596 3.4370555877685547
348 349 4.436121463775635
348 350 7.417948603630066
348 361 4.436121463775635
348 363 4.4207868576049805
348 370 5.537334442138672
348 381 5.537334442138672
348 386 2.71174693107605
348 390 3.3153581619262695
348 399 2.2275795936584473
348 400 7.719605922698975
348 408 7.1988844871521
348 409 5.537334442138672
348 418 4.844202518463135
348 450 3.106750011444092
348 458 4.943932056427002
348 482 3.7324085235595703
348 542 -1.4205758571624756
349 350 15.767131805419922
349 355 5.537334442138672
349 364 3.206045150756836
349 390 3.206045150756836
349 395 5.537334442138672
349 408 6.51336932182312
349 418 3.3153581619262695
349 450 4.844202518463135
349 451 -3.440792202949524
349 482 0.2740592956542969
349 534 -0.9436229467391968
349 542 -1.5769600868225098
350 351 5.765581846237183
350 364 2.1012697219848633
350 386 2.5856857299804688
350 395 4.844202518463135
350 396 3.574453830718994
350 400 3.3153581619262695
350 408 5.537334442138672
350 409 3.9992504119873047
350 418 3.7324085235595703
350 451 -1.8144601583480835
350 482 -0.5841189622879028
350 505 3.574453830718994
351 368 1.9149343967437744
351 382 1.0830274820327759
351 386 2.646993637084961
351 392 2.780393123626709
351 395 9.28032398223877
351 396 2.931643486022949
351 420 -2.8534717559814453
351 451 -1.1671515703201294
351 605 -0.8306199312210083
352 365 -0.3120150566101074
352 394 1.0022629499435425
352 397 2.319517135620117
352 427 3.7324085235595703
352 428 -3.4370551109313965
352 431 -1.1671515703201294
352 432 2.71174693107605
352 452 -3.5973687171936035
352 471 -4.436121463775635
352 523 1.3008300065994263
352 525 3.4647198915481567
352 540 -4.844202518463135
352 597 2.931643486022949
352 601 -0.811861515045166
352 605 2.3682172298431396
353 354 0.01569998264312744
353 388 -1.0422554016113281
353 402 -0.8306199312210083
353 440 -0.8490928411483765
353 512 3.4370555877685547
353 538 -1.1457781791687012
353 540 -7.711142897605896
353 547 -0.02334606647491455
353 561 2.471966028213501
353 562 1.1246389150619507
353 566 -2.032235026359558
353 600 -0.7759822607040405
353 601 -1.973731517791748
354 388 -0.982542872428894
354 440 -4.436121463775635
354 540 -3.574453353881836
354 562 0.6094843149185181
355 362 4.436121463775635
355 375 3.574453830718994
355 390 4.844202518463135
355 403 -0.3377852439880371
355 450 1.7207667827606201
355 451 -2.793312191963196
355 454 3.106750011444092
355 534 -3.0157251358032227
355 542 -1.2327651977539062
356 391 1.1246389150619507
356 466 0.4839059114456177
357 361 4.1451520919799805
357 363 3.918442726135254
357 373 3.3153581619262695
357 415 2.1012697219848633
357 505 4.1451520919799805
358 373 4.1451520919799805
359 388 -0.7224264144897461
360 374 -4.436121463775635
360 378 -5.537334442138672
360 431 -1.3338091373443604
360 443 -1.7207670211791992
360 452 -1.324114441871643
360 471 0.3855637311935425
360 484 -2.1012699604034424
360 540 -0.03891324996948242
361 363 4.844202518463135
361 373 3.4370555877685547
361 386 4.436121463775635
361 400 5.537334442138672
361 409 4.082515120506287
361 505 5.537334442138672
363 400 3.3153581619262695
363 409 4.844202518463135
363 415 1.9501526355743408
363 458 4.839800000190735
363 505 4.1451520919799805
364 395 4.436121463775635
365 394 1.880614161491394
365 413 0.6698458194732666
365 436 0.6352857351303101
365 521 0.4510469436645508
365 601 1.69085693359375
366 403 -5.6473424434661865
366 469 -1.0830280780792236
366 503 4.050173878669739
366 528 3.574453830718994
366 534 1.6615500450134277
366 590 1.2974411249160767
366 607 0.7224262952804565
366 613 0.7401647567749023
367 371 -4.436121463775635
367 389 -3.0157251358032227
367 429 -5.537334442138672
367 489 -3.206044912338257
367 508 -3.4370551109313965
367 517 -0.5336850881576538
367 544 -11.634196519851685
367 573 1.9501526355743408
368 369 -2.471965789794922
368 382 4.1451520919799805
368 383 3.4370555877685547
368 393 3.7324085235595703
368 396 3.206045150756836
368 412 4.360296607017517
368 416 5.537334442138672
368 420 -5.348029375076294
368 431 -3.448987603187561
368 447 -5.537334442138672
368 451 -3.981619119644165
368 460 6.726102113723755
368 478 4.844202518463135
368 507 -3.3153576850891113
368 605 -1.188767671585083
369 420 -1.7825320959091187
369 431 -5.537334442138672
369 447 -1.7825320959091187
369 507 -1.0830280780792236
369 605 -3.948663830757141
370 371 4.844202518463135
370 381 15.313291549682617
370 399 4.844202518463135
370 429 6.168675899505615
370 433 3.574453830718994
370 450 2.319517135620117
370 455 4.844202518463135
370 458 5.537334442138672
370 463 3.7324085235595703
371 429 3.4370555877685547
371 457 2.3682172298431396
371 458 7.160877227783203
371 463 5.537334442138672
371 489 5.495402812957764
373 382 4.844202518463135
373 383 3.106750011444092
373 386 3.206045150756836
373 396 5.537334442138672
373 414 4.844202518463135
373 415 2.931643486022949
373 505 5.537334442138672
374 377 -3.1067497730255127
374 378 2.2726893424987793
374 380 -4.55234432220459
374 383 -4.145151615142822
374 424 -5.537334442138672
374 431 -3.4370551109313965
374 447 1.9501526355743408
374 452 -2.035015344619751
374 472 -4.145151615142822
374 484 -2.931643009185791
374 551 1.3008300065994263
376 379 -0.7224264144897461
376 389 -0.8306199312210083
376 438 0.02334606647491455
376 439 -0.36989688873291016
376 494 1.48551607131958
377 378 -0.14812123775482178
377 387 2.41896653175354
377 424 -3.5503904819488525
377 447 -8.009300231933594
377 464 -1.8144601583480835
377 476 -1.2551668882369995
377 499 -4.844202518463135
378 380 -5.537334442138672
378 424 -3.3153576850891113
378 452 -0.8972666263580322
378 471 -2.471965789794922
378 472 -8.553059577941895
378 484 -1.632817029953003
378 551 1.3008300065994263
378 608 -0.567230224609375
379 389 1.9863277673721313
380 398 3.918442726135254
380 424 3.106750011444092
380 472 5.643390417098999
380 551 -5.537334442138672
381 400 2.8534722328186035
381 408 4.436121463775635
381 409 5.537334442138672
381 418 3.4370555877685547
381 450 5.537334442138672
381 455 3.918442726135254
381 458 8.644084453582764
381 461 5.537334442138672
381 463 3.3153581619262695
381 482 3.7324085235595703
381 489 3.4370555877685547
382 396 4.844202518463135
382 412 6.506097316741943
382 414 2.931643486022949
382 416 2.471966028213501
383 384 3.106750011444092
383 393 5.683575391769409
383 414 5.537334442138672
383 415 4.1451520919799805
383 447 -5.537334442138672
383 460 3.574453830718994
383 505 3.0157251358032227
384 393 3.574453830718994
384 460 3.0157251358032227
385 582 0.05448484420776367
385 596 2.2726893424987793
386 396 5.542937755584717
386 400 2.41896653175354
386 505 3.7324085235595703
388 446 0.32179486751556396
388 540 -1.0625405311584473
388 561 -0.35381853580474854
388 562 -1.2054088115692139
389 438 6.0090367794036865
389 439 4.971487998962402
389 444 -3.9184422492980957
389 449 4.436121463775635
389 458 -1.2778513431549072
389 464 3.3153581619262695
389 489 -5.904770255088806
389 494 2.669867992401123
389 499 -4.436121463775635
389 517 -4.518076300621033
389 530 3.206045150756836
389 544 0.11685729026794434
390 399 5.307842016220093
390 410 2.184051513671875
390 450 3.574453830718994
390 454 2.8534722328186035
391 395 -0.3377852439880371
391 411 -0.9053575992584229
391 451 1.8937244415283203
391 466 2.184051513671875
391 477 -0.26976215839385986
391 481 1.2778513431549072
391 491 1.9642747640609741
391 520 2.319517135620117
391 534 0.8677033185958862
391 535 0.8677033185958862
391 548 -4.145151615142822
391 557 -1.188767671585083
391 559 -0.567230224609375
391 611 1.0422550439834595
392 395 4.436121463775635
392 420 -2.736541509628296
392 451 -0.8490928411483765
393 414 5.565219163894653
393 415 3.106750011444092
393 416 6.0595173835754395
393 431 -1.3008300065994263
393 435 1.8144598007202148
393 447 -5.537334442138672
393 460 5.537334442138672
393 474 3.4370555877685547
393 475 2.71174693107605
393 478 4.436121463775635
394 413 0.469624400138855
394 420 2.71174693107605
394 436 0.43470799922943115
394 515 0.7940690517425537
394 521 0.43470799922943115
394 597 1.3008300065994263
394 601 0.4839059114456177
395 396 1.9149343967437744
395 401 4.1451520919799805
395 408 5.947368621826172
395 411 -1.2106354236602783
395 420 -7.198884725570679
395 422 0.47810959815979004
395 450 1.7207667827606201
395 451 -0.5082125663757324
395 466 -4.145151615142822
395 490 -2.7117466926574707
395 520 0.07006323337554932
395 534 -2.2275800704956055
395 542 -1.5497854948043823
396 400 2.471966028213501
396 412 3.7324085235595703
396 414 5.537334442138672
396 451 -3.0157251358032227
396 460 2.4953120946884155
396 505 3.0157251358032227
396 556 -1.2327651977539062
397 432 1.3008300065994263
398 472 4.436121463775635
399 403 8.063594818115234
399 410 4.436121463775635
399 417 3.0157251358032227
399 429 3.4370555877685547
399 433 4.844202518463135
399 450 6.85689902305603
399 454 4.1451520919799805
399 455 4.844202518463135
399 463 5.664109230041504
400 408 8.249081373214722
400 409 5.537334442138672
400 418 4.844202518463135
400 419 3.574453830718994
400 444 -1.8471393585205078
400 445 3.4370555877685547
400 451 -2.418966293334961
400 458 5.537334442138672
400 461 4.688241600990295
400 482 2.1012697219848633
400 500 4.436121463775635
400 505 5.916460037231445
400 556 -1.4968293905258179
400 578 -1.5497854948043823
402 440 0.24241042137145996
402 512 -0.7401649951934814
402 540 -0.4839059114456177
402 547 0.23518848419189453
402 566 -3.347638726234436
402 600 -2.1043944358825684
402 601 -0.8306199312210083
403 410 2.184051513671875
403 429 1.3431731462478638
403 433 3.7324085235595703
403 454 2.71174693107605
403 455 3.106750011444092
403 463 4.844202518463135
403 468 -1.2327651977539062
403 489 3.574453830718994
403 499 -3.584894895553589
403 503 -5.537334442138672
403 509 4.552268743515015
403 517 -0.9629981517791748
403 542 -2.061812400817871
403 556 -1.7207670211791992
403 563 -2.4860806465148926
403 574 -4.145151615142822
404 458 4.844202518463135
405 451 1.4710062742233276
405 466 2.061811923980713
406 446 -0.11685729026794434
407 409 2.527448892593384
407 458 3.206045150756836
408 409 4.844202518463135
408 418 4.436121463775635
409 419 3.206045150756836
409 458 2.71174693107605
409 461 3.7324085235595703
410 454 2.5856857299804688
411 466 -1.3959338665008545
412 414 5.537334442138672
412 416 3.7324085235595703
412 451 -2.78039288520813
412 460 4.1451520919799805
412 478 1.3716528415679932
413 436 5.856022119522095
413 440 0.32179486751556396
413 479 5.6052809953689575
413 480 5.152984380722046
413 521 4.1451520919799805
413 522 2.184051513671875
413 524 3.574453830718994
413 572 7.12448787689209
413 601 0.28321635723114014
414 415 4.436121463775635
414 416 2.646993637084961
414 435 3.918442726135254
414 460 5.537334442138672
414 474 4.844202518463135
414 475 2.646993637084961
414 505 4.844202518463135
415 435 2.527448892593384
415 447 -5.537334442138672
415 458 3.106750011444092
415 460 2.527448892593384
415 474 2.1012697219848633
415 475 2.8800984621047974
415 499 -4.844202518463135
415 505 3.4370555877685547
416 460 3.206045150756836
417 450 3.106750011444092
417 455 3.3153581619262695
418 482 3.3153581619262695
420 423 2.931643486022949
420 451 -0.6698460578918457
420 466 1.880614161491394
420 490 3.242997646331787
420 515 -1.2327651977539062
420 571 1.0830274820327759
420 597 2.2275795936584473
420 601 -2.2328004837036133
420 605 0.8490927219390869
421 457 3.106750011444092
421 458 3.206045150756836
421 461 3.0157251358032227
422 451 0.8122800588607788
422 466 0.36989688873291016
423 515 -0.5831263065338135
424 437 4.436121463775635
424 442 3.106750011444092
424 447 -19.92504358291626
424 472 3.574453830718994
424 476 -2.157516837120056
424 485 5.537334442138672
424 496 -4.844202518463135
424 497 4.1451520919799805
424 501 -5.537334442138672
424 527 4.844202518463135
424 539 3.206045150756836
424 546 11.249073028564453
424 551 -1.6615502834320068
424 554 5.565219163894653
425 429 3.206045150756836
425 463 3.0157251358032227
426 458 3.3153581619262695
426 461 3.206045150756836
428 432 -0.36989688873291016
428 436 0.35381853580474854
428 440 2.646993637084961
428 479 -3.6296017169952393
428 480 -0.7580156326293945
428 540 -9.796071171760559
428 601 -0.10124766826629639
429 433 5.537334442138672
429 463 5.537334442138672
429 468 -2.626124620437622
429 489 5.426267147064209
429 498 1.9501526355743408
429 499 -3.45792019367218
429 509 2.780393123626709
429 517 -6.032970190048218
429 563 -2.418966293334961
429 564 4.844202518463135
429 573 -4.145151615142822
429 574 -2.1071815490722656
430 492 -0.1794576644897461
431 432 -1.2106354236602783
431 443 3.574453830718994
431 447 -4.844202518463135
431 452 4.99502968788147
431 467 1.69085693359375
431 471 3.934239387512207
431 484 2.471966028213501
431 507 -4.537324666976929
431 525 -4.749062180519104
431 550 -6.2470128536224365
431 581 2.71174693107605
431 594 -1.3716528415679932
431 605 -1.4710065126419067
432 452 -2.2275800704956055
432 525 3.918442726135254
432 601 -1.7207670211791992
433 455 2.061811923980713
433 463 4.436121463775635
434 463 2.646993637084961
435 447 -4.844202518463135
435 460 2.471966028213501
435 474 3.7324085235595703
435 475 3.106750011444092
436 440 -3.3153576850891113
436 470 0.24241042137145996
436 479 2.15459144115448
436 480 3.3153581619262695
436 521 3.918442726135254
436 601 -0.19515776634216309
437 472 3.88120436668396
437 485 6.316735625267029
437 539 9.665690422058105
438 439 0.03202331066131592
438 462 2.319517135620117
438 494 4.1451520919799805
438 530 1.3959338665008545
438 541 9.922356486320496
439 449 3.106750011444092
439 464 2.283372640609741
439 494 2.3682172298431396
439 530 1.7825318574905396
440 479 -1.1246386766433716
440 540 -9.973455905914307
440 562 -0.6525189876556396
440 569 1.3716528415679932
440 601 2.3682172298431396
441 544 2.646993637084961
443 447 -3.4370551109313965
443 452 4.993455410003662
443 484 2.931643486022949
444 458 -10.544155359268188
444 464 -4.547097444534302
444 465 -3.3056145906448364
444 489 -1.95015287399292
444 499 1.188767671585083
444 517 0.5004308223724365
446 483 -0.28993427753448486
446 492 -0.4510469436645508
446 559 -3.206044912338257
446 560 -1.002263069152832
446 561 -0.704796314239502
446 614 0.6010888814926147
447 452 -5.669097423553467
447 471 -10.040174722671509
447 472 -5.537334442138672
447 474 -8.123019695281982
447 475 -11.074668884277344
447 476 -7.779456615447998
447 478 -4.844202518463135
447 484 -5.537334442138672
447 496 1.7513134479522705
447 499 1.2911710739135742
447 501 2.319517135620117
447 505 -4.844202518463135
447 507 -4.145151615142822
447 511 -4.145151615142822
447 527 -8.822427034378052
447 539 -7.07178258895874
447 551 2.41896653175354
447 554 -10.381536960601807
447 558 -5.722111701965332
447 570 0.775982141494751
447 576 2.9774746894836426
447 580 -5.537334442138672
447 583 -2.646993398666382
447 594 -6.519877314567566
447 604 3.0157251358032227
447 608 2.646993637084961
448 477 3.206045150756836
448 545 1.4205758571624756
448 582 1.880614161491394
448 596 0.24241042137145996
449 464 3.574453830718994
449 494 2.5856857299804688
449 530 3.918442726135254
450 451 -0.40219831466674805
450 454 2.527448892593384
450 455 2.5856857299804688
450 482 4.1451520919799805
450 489 3.6338688135147095
450 534 -3.632871389389038
450 542 -1.8144601583480835
450 556 -1.1246386766433716
451 460 -2.4180989265441895
451 466 1.954319715499878
451 473 0.9825426340103149
451 475 -4.330110549926758
451 478 -2.2726895809173584
451 481 2.0235238075256348
451 482 -3.9184422492980957
451 488 -1.5230824947357178
451 490 1.6909655332565308
451 491 0.6010888814926147
451 505 -6.490106105804443
451 507 1.4689406156539917
451 520 1.632817029953003
451 534 2.249167799949646
451 535 2.03369140625
451 542 -1.3959338665008545
451 543 0.9825426340103149
451 556 0.02334606647491455
451 575 1.0221648216247559
451 578 1.05121910572052
451 580 -0.7759822607040405
451 583 3.2522047758102417
451 585 2.0588455200195312
451 592 7.025476336479187
451 605 1.0830274820327759
451 606 1.8144598007202148
451 611 1.0625402927398682
452 453 3.7324085235595703
452 467 3.574453830718994
452 471 2.646993637084961
452 484 2.566361904144287
452 525 -4.722692370414734
452 551 -4.844202518463135
453 471 3.206045150756836
454 455 4.255757927894592
454 534 -2.2328004837036133
454 542 -1.5497854948043823
455 458 4.1451520919799805
455 461 6.1224751472473145
455 463 7.697674751281738
455 482 1.1002840995788574
455 489 5.307314872741699
455 509 1.8555587530136108
455 542 -1.9763981103897095
455 556 -1.0422554016113281
455 578 -1.5497854948043823
456 457 3.3153581619262695
456 486 2.780393123626709
456 489 3.106750011444092
457 458 6.42379093170166
457 461 5.537334442138672
457 463 5.796118259429932
457 486 4.436121463775635
457 489 5.537334442138672
457 500 1.632817029953003
458 461 8.418656349182129
458 463 5.537334442138672
458 465 2.931643486022949
458 486 3.915795922279358
458 489 7.130191206932068
458 499 -5.537334442138672
458 500 4.844202518463135
458 505 3.574453830718994
458 517 -7.836884498596191
458 531 3.7324085235595703
458 533 1.7513134479522705
459 477 1.1671515703201294
459 492 1.0830274820327759
459 557 1.324114441871643
460 474 4.1451520919799805
460 478 5.537334442138672
460 488 2.184051513671875
460 505 5.537334442138672
461 463 2.931643486022949
461 482 2.5856857299804688
461 486 4.844202518463135
461 489 3.7324085235595703
461 499 -2.2022727727890015
461 500 2.931643486022949
461 509 5.428321361541748
461 533 8.534579515457153
461 556 -1.9149343967437744
461 563 -2.1857595443725586
461 564 4.844202518463135
461 568 1.9863277673721313
461 578 -1.1671515703201294
461 605 0.32179486751556396
462 494 2.5856857299804688
462 508 2.141983985900879
462 541 3.7324085235595703
462 544 2.780393123626709
463 489 8.05024766921997
463 509 4.844202518463135
464 494 0.40219831466674805
464 499 -4.844202518463135
464 530 6.053688883781433
465 486 2.41896653175354
465 489 2.471966028213501
465 517 -1.95015287399292
466 477 -3.132582426071167
466 490 3.206045150756836
466 515 -1.3716528415679932
466 519 2.3682172298431396
466 520 1.3716528415679932
466 534 0.02334606647491455
466 535 3.564744710922241
466 557 -1.4205758571624756
466 559 -1.8806145191192627
466 592 0.5841188430786133
466 597 0.6181436777114868
466 611 -1.5497854948043823
467 471 1.9501526355743408
467 484 3.4370555877685547
468 517 -0.6352858543395996
468 573 -7.258101463317871
468 574 2.8534722328186035
469 534 2.1012697219848633
469 590 -0.704896092414856
470 480 1.324114441871643
470 601 0.25821876525878906
471 484 2.527448892593384
471 525 -6.101902008056641
471 550 -6.0130815505981445
471 551 -5.537334442138672
471 581 2.141983985900879
471 594 -6.459645748138428
471 608 -6.861448884010315
472 493 3.918442726135254
472 504 3.4370555877685547
472 532 3.3153581619262695
472 539 16.104594707489014
472 551 -5.537334442138672
472 608 -6.0971527099609375
473 490 0.793093204498291
473 520 0.4184257984161377
473 592 -0.2348729372024536
473 605 0.8677033185958862
474 475 3.0157251358032227
474 478 9.455777168273926
474 488 3.020513415336609
474 499 -10.766062498092651
474 505 7.099871873855591
474 506 3.7324085235595703
474 511 3.4370555877685547
474 518 4.1451520919799805
474 531 3.4370555877685547
474 537 4.436121463775635
474 553 6.724816679954529
474 570 -5.537334442138672
474 576 -3.3153576850891113
474 585 -5.537334442138672
474 605 -5.537334442138672
475 478 3.3153581619262695
475 488 3.174053907394409
475 495 3.3153581619262695
475 496 -8.852692127227783
475 499 -1.3008300065994263
475 501 -5.537334442138672
475 570 -5.537334442138672
475 576 -5.537334442138672
475 580 -1.5497854948043823
475 583 -3.206044912338257
475 585 -2.2211978435516357
476 499 -7.826517105102539
476 517 -2.703805685043335
476 530 -2.184051752090454
476 533 -0.9436229467391968
476 553 -4.844202518463135
476 554 -1.188767671585083
476 558 3.7642098665237427
476 564 -1.0625405311584473
476 576 -0.43470799922943115
476 589 2.471966028213501
476 610 0.7106211185455322
476 612 -5.626380205154419
477 492 1.880614161491394
477 535 -0.4510469436645508
477 548 4.436121463775635
477 557 2.2726893424987793
477 559 3.574453830718994
477 582 1.1246389150619507
477 611 -0.13248109817504883
478 488 2.646993637084961
478 507 -2.931643009185791
478 580 -4.226972341537476
478 585 -1.3959338665008545
479 480 5.199776649475098
479 521 2.914298415184021
479 522 1.3008300065994263
479 569 1.1246389150619507
479 572 3.918442726135254
479 601 -1.8060864210128784
480 521 7.214471697807312
480 524 4.625823259353638
480 572 3.206045150756836
480 601 -0.8162983655929565
481 491 1.8144598007202148
481 611 1.2778513431549072
482 489 2.931643486022949
482 500 0.2740592956542969
482 534 0.8677033185958862
482 542 -2.185071349143982
482 556 -1.8874092102050781
482 578 -3.5569846630096436
483 492 3.918442726135254
483 559 3.918442726135254
483 561 -5.537334442138672
484 507 -4.029847621917725
484 551 -3.8336557149887085
484 580 -3.411623954772949
484 594 -3.5650641918182373
484 608 -8.252944231033325
485 527 2.646993637084961
485 539 4.844202518463135
485 546 5.537334442138672
486 489 4.844202518463135
486 499 -3.9184422492980957
486 500 7.648535490036011
486 509 3.3153581619262695
486 510 2.646993637084961
486 517 -5.537334442138672
486 533 2.319517135620117
486 564 5.26551079750061
487 559 2.780393123626709
488 505 3.918442726135254
488 585 -3.8374814987182617
488 605 -1.2551668882369995
489 498 2.2726893424987793
489 509 5.065960168838501
489 517 -3.732408046722412
489 534 -1.4710065126419067
489 556 -2.717736840248108
489 564 3.862750768661499
489 578 -1.5769600868225098
490 515 -9.543748378753662
490 520 3.206045150756836
490 543 1.5497854948043823
490 559 -5.537334442138672
490 571 3.0157251358032227
490 587 -4.145151615142822
490 592 1.0221648216247559
490 597 2.780393123626709
490 605 2.77111554145813
491 534 0.8864564895629883
491 535 1.663629174232483
491 575 1.0625402927398682
491 592 0.46744537353515625
491 611 1.3716528415679932
492 545 2.71174693107605
492 548 0.5004308223724365
492 557 4.895798444747925
492 559 3.3153581619262695
492 560 -4.0503727197647095
492 561 -5.537334442138672
492 582 2.646993637084961
492 614 -1.464574933052063
493 539 3.206045150756836
494 499 -2.646993398666382
494 508 3.918442726135254
494 517 -3.9184422492980957
494 529 4.574239015579224
494 530 4.436121463775635
494 541 7.810023784637451
494 544 1.6046289205551147
494 612 -1.3716528415679932
496 501 1.4710062742233276
496 554 -5.537334442138672
496 604 0.08565032482147217
497 554 3.918442726135254
498 517 -2.5274486541748047
498 564 2.1012697219848633
499 500 -4.436121463775635
499 505 -5.537334442138672
499 509 -1.0422554016113281
499 511 -5.423383116722107
499 517 1.0426685810089111
499 530 -5.537334442138672
499 531 -4.436121463775635
499 533 -4.436121463775635
499 553 -5.322578310966492
499 558 -2.141984462738037
499 563 -4.145151615142822
499 564 -4.177586197853088
499 568 -0.5580480098724365
499 570 -1.380886435508728
499 574 -5.498081684112549
499 576 -1.296224594116211
499 580 -1.3008300065994263
499 583 -0.14812123775482178
499 585 -5.537334442138672
499 589 -1.8288339376449585
499 605 -4.844202518463135
499 610 -2.2728116512298584
499 612 -0.7759822607040405
500 505 4.436121463775635
500 510 3.0157251358032227
500 517 -2.3195173740386963
500 531 5.542937755584717
500 533 4.436121463775635
500 556 -1.1457781791687012
500 564 2.780393123626709
500 568 3.106750011444092
501 554 -5.537334442138672
501 558 -3.4370551109313965
501 576 2.061811923980713
502 525 -0.982542872428894
502 601 -1.7513138055801392
503 509 -2.231023073196411
503 528 4.1451520919799805
503 563 1.4205758571624756
503 574 -10.167858123779297
503 590 0.9825426340103149
503 592 0.9629977941513062
503 610 -0.8306199312210083
503 613 2.6375041007995605
504 539 3.0157251358032227
505 511 3.574453830718994
505 518 3.0157251358032227
505 526 3.106750011444092
505 531 3.574453830718994
505 533 3.918442726135254
505 537 4.844202518463135
505 553 2.71174693107605
505 556 -1.7513138055801392
505 568 2.576439619064331
505 605 -3.7433910369873047
507 523 1.6046289205551147
507 525 1.2551668882369995
507 550 3.206045150756836
507 580 3.4370555877685547
507 583 2.9693061113357544
507 585 3.4370555877685547
507 586 2.149348258972168
507 594 2.8534722328186035
507 597 1.0460100173950195
507 605 4.060531258583069
508 517 -3.574453353881836
508 530 2.0235238075256348
508 541 4.844202518463135
508 544 3.4370555877685547
508 573 -5.537334442138672
508 612 -3.574453353881836
509 517 -0.8864568471908569
509 556 -0.9629981517791748
509 563 -1.6140635013580322
509 564 1.7605582475662231
509 574 -1.4968293905258179
510 533 3.106750011444092
511 518 2.931643486022949
511 531 2.780393123626709
512 538 -1.6615502834320068
512 562 1.0221648216247559
512 566 -0.550419807434082
512 601 -0.14812123775482178
513 516 1.4710062742233276
513 539 0.8864564895629883
513 546 1.3716528415679932
514 544 3.4370555877685547
515 521 -1.3553149700164795
515 522 -2.539519786834717
515 538 -1.9358081817626953
515 559 -5.537334442138672
515 567 1.5769600868225098
515 587 -1.3477176427841187
515 597 -11.167364954948425
515 601 1.7197766304016113
516 539 1.1246389150619507
516 546 1.2327651977539062
517 530 -5.230292081832886
517 533 -5.537334442138672
517 544 -1.4710065126419067
517 564 -5.537334442138672
517 573 -0.43470799922943115
517 574 -1.7825320959091187
517 589 -2.3682169914245605
517 610 -3.732408046722412
517 612 -0.1794576644897461
518 537 2.780393123626709
519 520 1.4968293905258179
520 534 2.319517135620117
520 535 1.3716528415679932
520 543 2.0235238075256348
520 557 -0.46939194202423096
520 559 -1.1671515703201294
520 571 3.2481428384780884
520 592 2.0235238075256348
520 597 1.3959338665008545
521 522 2.2275795936584473
521 524 1.6046289205551147
521 567 -0.1637793779373169
521 601 -0.02577030658721924
522 524 2.184051513671875
522 567 0.5672299861907959
522 572 0.07006323337554932
522 601 -1.5769600868225098
523 525 1.2778513431549072
523 550 0.386022686958313
523 586 2.1012697219848633
523 594 2.9061617851257324
523 597 0.7910821437835693
523 605 0.25821876525878906
524 601 -0.9244110584259033
525 550 2.184051513671875
525 581 -2.78039288520813
525 586 1.5892574787139893
525 594 3.574453830718994
525 597 3.231112480163574
525 601 -4.725054383277893
525 605 -1.2370576858520508
527 539 3.4370555877685547
527 546 5.537334442138672
527 551 -4.436121463775635
527 554 2.646993637084961
527 604 -4.844202518463135
527 608 -4.844202518463135
529 530 3.206045150756836
530 541 4.844202518463135
530 589 -1.3008300065994263
530 612 -3.9687517881393433
531 533 3.3153581619262695
531 537 4.436121463775635
531 553 4.436121463775635
531 568 3.918442726135254
533 553 3.0157251358032227
533 564 4.844202518463135
533 568 3.574453830718994
533 610 -2.3682169914245605
534 535 3.2750744819641113
534 542 1.2892664670944214
534 556 -0.36989688873291016
534 565 1.190497636795044
534 575 2.931643486022949
534 578 1.3477176427841187
534 590 -0.7224264144897461
534 591 2.061811923980713
534 592 6.768249154090881
534 597 -0.11685729026794434
534 606 1.6615500450134277
534 607 3.0839767456054688
534 611 2.71174693107605
534 613 1.324114441871643
535 548 -5.537334442138672
535 557 -11.20406949520111
535 575 2.474196434020996
535 591 0.3058452606201172
535 592 1.5367721319198608
535 597 1.7207667827606201
535 611 -1.5627537965774536
535 613 0.5841188430786133
536 567 1.4968293905258179
536 601 1.9149343967437744
538 559 5.537334442138672
538 561 -3.9184422492980957
538 562 -5.551259279251099
538 566 4.436121463775635
538 567 -2.2275800704956055
538 587 3.106750011444092
538 601 -0.11685729026794434
539 546 1.9863277673721313
539 551 -9.68840503692627
539 608 -8.35456371307373
540 562 -1.4710065126419067
540 600 -5.537334442138672
540 601 -1.002263069152832
541 544 7.3716514110565186
541 612 -1.8471393585205078
542 556 0.8864564895629883
542 563 0.22663211822509766
542 565 3.0756351947784424
542 575 -0.9053575992584229
542 578 1.0221648216247559
542 591 0.7401647567749023
542 592 2.4584741592407227
543 571 2.527448892593384
543 592 1.8144598007202148
543 605 0.07006323337554932
543 606 -0.46744537353515625
544 573 -4.844202518463135
544 612 -1.8144601583480835
545 582 1.8471391201019287
545 614 -0.10124766826629639
546 554 1.9863277673721313
547 561 -0.6934576034545898
547 562 -0.704796314239502
547 566 -0.46921730041503906
547 588 -0.10124766826629639
547 593 -0.28993427753448486
547 600 -2.806352972984314
548 557 3.918442726135254
548 560 -2.3195173740386963
548 611 -1.8144601583480835
549 562 3.4370555877685547
550 581 -2.931643009185791
550 594 3.574453830718994
551 608 3.4370555877685547
553 556 -0.8864568471908569
553 564 -0.40219831466674805
553 568 2.8534722328186035
553 605 -2.9179667234420776
554 604 -13.866596221923828
555 565 2.646993637084961
556 563 -1.0422554016113281
556 564 -3.005435347557068
556 565 0.1637791395187378
556 568 -1.3477176427841187
556 578 0.8122800588607788
556 605 -0.2266322374343872
557 559 2.0235238075256348
557 560 -5.668886661529541
557 561 -3.206044912338257
557 611 -1.9863280057907104
558 570 -0.7940690517425537
558 576 -11.694222927093506
559 560 -5.691288352012634
559 561 -5.537334442138672
559 562 -3.732408046722412
559 587 1.9863277673721313
559 597 -6.151374340057373
559 601 0.4839059114456177
560 561 3.574453830718994
560 582 -1.9869515895843506
560 611 -2.249502658843994
560 614 -1.0830280780792236
561 562 2.2057178020477295
561 595 2.5856857299804688
561 614 -0.8306199312210083
562 566 -3.147969365119934
562 587 -5.799056768417358
562 601 -1.2106354236602783
563 564 -2.2275800704956055
563 574 -4.844202518463135
563 577 3.574453830718994
563 578 1.5497854948043823
563 592 3.0238178968429565
563 605 1.5497854948043823
563 613 3.4370555877685547
564 568 4.436121463775635
564 574 -1.4968293905258179
564 605 -1.188767671585083
564 610 -3.3153576850891113
565 575 1.0830274820327759
565 578 2.41896653175354
565 591 0.25821876525878906
565 592 1.5642039775848389
566 567 -1.632817029953003
566 587 4.436121463775635
566 600 1.5627535581588745
566 601 -1.4455945491790771
567 587 -4.145151615142822
567 601 1.9863277673721313
568 605 -0.3058454990386963
570 576 2.2726893424987793
571 592 0.9825426340103149
571 597 5.50078821182251
571 605 0.3058452606201172
571 606 0.6181436777114868
572 601 0.1794571876525879
573 574 -6.480957388877869
573 610 -1.7207670211791992
573 612 -0.46744537353515625
574 610 -5.060243606567383
574 612 -5.537334442138672
575 591 1.5497854948043823
575 592 2.956066608428955
575 597 0.7365332841873169
578 579 0.3377852439880371
578 592 2.3349756002426147
578 605 0.6872706413269043
578 606 0.8784756660461426
579 592 0.07006323337554932
579 605 0.6525188684463501
580 583 3.3153581619262695
580 585 0.8869197368621826
580 586 1.5722538232803345
580 594 4.225987672805786
581 594 -6.933268308639526
582 584 3.0157251358032227
582 596 2.3682172298431396
582 614 -0.10124766826629639
583 585 1.9501526355743408
583 594 2.646993637084961
583 597 4.479811072349548
583 605 3.6358964443206787
585 597 -0.24241065979003906
585 605 4.093886494636536
586 594 3.3153581619262695
586 597 1.69085693359375
586 605 -0.274059534072876
587 597 -4.844202518463135
587 601 -2.6748878955841064
589 610 2.319517135620117
589 612 -5.537334442138672
590 607 0.386022686958313
590 611 1.2106354236602783
590 613 1.4688541889190674
591 592 0.7047960758209229
592 597 2.3685784339904785
592 605 0.9145885705947876
592 606 1.880614161491394
592 611 0.39149558544158936
592 613 1.324114441871643
594 597 1.3959338665008545
594 608 -4.145151615142822
596 607 0.7047960758209229
596 614 -1.2240709066390991
597 601 -5.537334442138672
597 605 3.126745581626892
597 606 2.471966028213501
597 611 -2.171310544013977
598 601 2.931643486022949
599 607 0.07006323337554932
599 611 -0.2266322374343872
602 606 3.3153581619262695
603 604 2.931643486022949
604 608 4.844202518463135
605 606 1.3245118856430054
607 611 -0.1637793779373169
607 613 1.0221648216247559
609 610 3.206045150756836
610 612 -1.69085693359375
611 613 -0.0077817440032958984
